45 451000
17748 10106
8122 13514
15401 15160
21175 19823
37248 1653
13083 20740
29375 32550
29898 2798
39140 34144
35078 27932
34605 33227
21279 32129
20672 17089
9716 35812
26152 31078
1660 20653
1957 15755
37119 32514
37577 4212
22221 1755
23406 32824
39347 1792
5479 25403
23289 4722
2700 26813
6714 37265
11382 10282
27836 448
4962 23696
8798 38325
3253 11365
4389 4365
12552 37936
3214 7015
34363 5875
32129 38790
22630 13201
39268 15120
8448 1137
6754 5055
17631 5695
37526 14754
4814 9653
24240 11407
22046 10598
