45 229800
17026 14096
18841 1333
12799 10676
17827 11527
16524 5238
17725 17075
14965 13522
6044 19221
5958 9642
14533 13725
17595 19612
8561 12427
699 2021
5898 7984
16929 13851
19061 17554
19248 7677
20216 18220
1467 4138
11476 17380
5880 10421
7751 2443
14807 17500
11618 15986
17774 9558
17509 12220
6476 17090
14706 17392
17636 13985
10716 27
10962 10885
2223 17939
10033 9246
17339 9158
17149 13584
18614 13932
2331 5805
8737 6460
5644 18103
8489 4303
12157 10519
11549 10937
7193 8930
1762 3472
6490 16989
