45 4210000
84108 97600
118584 249667
218936 156152
4417 66506
285635 53899
58167 179739
304088 133215
210509 288774
212979 167555
146681 231754
344266 17298
240048 257394
299720 18418
253808 287573
256965 26912
19536 124305
4500 263748
337060 243498
109557 15806
55417 337171
32558 301852
185769 31160
285614 308878
117431 4903
210112 152383
349960 80610
26368 322560
345649 365519
8021 208810
343814 124432
292981 88508
54270 302678
268860 135444
290265 323294
75881 19173
204835 155528
189949 317910
45816 114455
205114 744
255119 123659
325100 42061
135387 229536
298903 157081
3218 25134
225611 174745
