45 384000
32102 7177
30486 9977
5622 18581
4614 18705
3970 18094
23349 22676
9146 26350
5879 6270
27127 5199
14977 26158
34078 27031
2888 29007
8431 27324
14163 10057
20506 24212
23774 22705
15790 21406
28199 17603
11732 29106
27223 31538
25056 20921
4962 24991
15037 26625
24899 24227
6688 27875
18935 7163
8143 11916
13492 20570
34052 14813
7459 29879
31620 25133
20900 13315
19287 22720
28846 10150
1611 1650
22941 17378
20107 15818
9958 14516
21935 23796
31954 2757
4191 22620
14517 3984
5380 13882
27949 1858
29918 1717
