45 438000
25564 5642
894 25144
1711 10841
25582 3986
2550 25278
2449 28745
13591 14126
1786 21558
29562 7188
9792 4060
22841 14416
14527 37733
2790 27009
29326 20143
13799 26785
12935 812
12571 2227
795 22051
4251 9447
7258 37341
19725 18399
2783 14976
22742 32349
4996 17941
15558 14528
14431 4423
20506 20024
22603 2853
36894 34156
16063 9214
38824 29225
36903 32168
20218 38166
1282 4983
9931 25830
22096 35650
12107 4184
26595 37075
22667 33500
17653 33533
32742 7005
11274 24268
7533 29886
26268 1440
27213 33080
