45 424000
29958 3516
20307 904
31263 22989
5475 35394
19843 4817
33924 14931
6796 2948
13032 34414
28144 6728
1741 12942
27380 5861
19668 35965
16217 15723
31200 17665
11984 30152
26939 16281
16338 36435
37338 9980
12347 15500
3394 21913
37626 27783
13858 1523
21009 27171
12468 32748
17691 27718
31575 16744
15101 36181
4262 8838
135 22639
11796 4258
37247 13867
29543 34483
23169 10446
21145 5526
37433 17278
1390 15673
9134 21327
14666 24327
5847 15135
231 24019
33812 938
28736 35741
1288 23030
26349 29647
6041 15577
