45 323000
13636 22603
481 28324
14977 26123
1281 9192
15986 23122
7868 7676
24686 9256
2911 23925
19945 20299
8800 4771
22245 22924
10728 26862
17926 4296
6991 20339
12185 16076
3046 19014
17126 14818
4253 22362
24117 6065
20087 3521
20139 14895
9812 21172
21740 18445
206 20791
1128 5393
15651 15800
21406 26393
11897 15354
26114 2263
9437 18617
28607 20174
11312 202
12971 26694
12343 13181
54 19478
12535 529
20760 6853
9896 4827
426 17175
17529 23307
18712 28555
22057 18606
2882 2379
5142 19891
6151 19955
