45 456000
38069 13514
26414 35206
2888 10327
13328 3557
27470 35644
24005 21251
19735 741
11193 18446
18103 7842
15818 12106
17726 27477
17218 8267
15421 31967
33642 31852
39783 711
39141 16669
33398 29292
13677 28575
24773 33225
16830 23672
1465 22006
590 40331
38201 11572
23033 29513
27011 25225
19279 39910
18101 33291
850 29512
33218 39937
10528 32937
8673 38462
29914 32992
10331 36094
33833 10896
35188 7078
8956 16870
35409 12212
1289 878
39189 7667
32171 36975
8130 6790
17924 23487
27022 26130
350 11784
35433 13560
