45 254400
1296 2035
19728 6344
21334 7869
6320 3522
9056 14535
2703 20658
2093 10608
15948 19122
19721 21824
17200 18406
16548 6137
7616 14530
3729 7918
20316 14604
9961 22089
9957 9097
5442 798
22443 21376
15775 16702
6395 11023
5334 19542
20313 6336
2120 7878
8801 16431
18248 10774
1143 6306
7985 2977
15197 16906
2119 5398
9756 9613
10665 1972
1807 21144
10783 10986
1484 2622
6892 6476
1322 12687
20612 18980
13140 8437
13780 13059
6371 6228
16355 3910
2818 7547
11843 2423
20965 17002
18429 13081
