45 3600000
305462 155672
174921 130461
138163 150052
43339 22389
121686 60881
270899 59872
313281 143034
157253 313206
101516 106669
48113 192740
294728 243131
138512 83680
305607 215360
280575 253047
98045 106467
256476 259667
88123 129696
298760 5776
230908 55740
316080 49853
222223 89249
245642 209832
306473 46892
216737 164974
205415 24432
161346 58620
139273 146204
59258 283710
264661 202517
196602 230647
244840 249279
249271 244378
233580 296646
8247 286544
95735 305606
131713 232215
262415 306727
72995 55674
114600 140679
59778 204894
138531 167916
242399 31352
69801 316707
217101 195410
124269 51705
