45 476000
33910 18511
33919 26749
18383 39316
26283 3137
33061 38561
8117 8548
29836 20315
37543 5700
40313 12442
2964 20509
19980 12567
16538 37997
41382 12459
16984 42171
37702 3875
8891 1820
23372 31094
26783 32491
14523 26133
12668 31870
27070 21297
13862 6258
8322 38353
14408 15367
34568 16796
17065 10439
7708 34494
40857 12407
2761 30779
6063 10724
33183 2279
39810 37454
36045 25084
9300 37901
32903 30317
24626 35788
24403 17547
34578 3178
40962 1024
15386 23693
26218 29967
32692 38288
15110 29920
5388 34545
7895 11609
