45 339000
14538 23713
18584 19249
10044 14755
12941 25388
11453 23342
29190 2191
8747 9779
15160 23474
218 20246
19456 6789
9603 25165
1816 5624
24460 5250
632 25340
18729 5121
19749 8862
2076 18842
7950 18228
11856 23327
17446 17504
23053 9559
25131 29849
3382 28812
13687 27917
957 29421
10689 23866
21849 28494
29735 1782
26484 497
23366 5519
7643 2391
18085 1520
23707 8271
5056 8580
16283 6884
26653 7718
9563 15831
27931 29543
1230 18897
12836 27559
11287 11930
29604 12191
20138 3138
12804 27605
132 11804
