45 3040000
220618 90296
228142 236496
102860 213083
33171 129769
91215 184949
28488 141522
130834 73843
106824 192547
23772 81815
31157 40420
97068 201793
188582 173262
88773 198741
219060 12236
206035 208916
102466 182339
88143 36594
99007 117774
57353 18975
220668 5679
194577 229147
242454 137604
190230 184932
70412 210637
219133 240216
21947 208279
258008 146335
35202 6317
229512 197329
166048 65712
125398 71731
241326 130481
173173 168555
244442 248903
124 155530
231301 239843
214562 125055
82260 264513
119618 10080
172232 196155
219969 63209
90062 161591
17866 226283
26176 258144
33894 202426
