45 415000
28942 29044
36050 27104
36226 8943
16327 34089
30259 3700
9302 29046
9425 26914
1461 36112
32248 32729
19836 33144
24680 18387
17829 28705
1246 36149
8289 24234
31120 6709
9070 15407
15664 34167
20728 13709
22858 27564
35206 7196
30576 19466
2231 757
10395 4955
22920 12864
35931 12561
26031 15037
15083 9277
7304 5987
32576 26107
21929 6192
4690 31755
28113 24540
19652 9666
1083 10501
19929 35740
22496 16939
32251 3172
3220 23554
33280 3233
16862 31265
17466 6966
25734 33326
14853 17692
4765 20353
14365 20863
