45 2580000
41201 10064
61480 130327
95992 219193
58405 135743
126401 100509
191502 84504
86710 147246
218673 37131
149510 184781
6710 211431
943 119528
22723 171531
41401 154331
117104 13893
27129 125026
125559 132074
137988 13105
57873 135028
7285 66401
190833 213759
168611 211122
4397 76346
177164 1955
30274 2630
162232 81341
225767 151631
74195 7562
222807 217498
65664 11778
29241 92729
107252 209320
197077 93498
79929 49171
184354 212469
61713 227080
24751 5006
40268 96888
53470 35686
190554 195170
207448 101018
71991 174563
101014 173094
112899 40466
11358 82060
22164 173089
