45 264600
4562 4312
5399 15472
517 14923
17571 17846
14087 9368
4856 13793
19102 18648
15493 15783
16991 5223
5679 15502
2389 13824
5605 1319
7823 22993
21326 14372
501 13996
15863 10818
17014 2650
9252 22130
6194 16421
9914 8184
7223 3695
7008 20739
18689 16404
17810 20191
22243 11876
19138 897
7725 7800
19448 14179
6756 2651
9714 19595
2451 4188
8069 1323
7443 4420
16647 14014
6706 21003
23309 1862
20791 11677
21469 17528
15753 4266
3229 10360
11956 20861
16269 8578
4063 9359
22190 11795
21425 9509
