45 4630000
149680 119972
139911 23756
61021 46581
163955 136135
45418 14446
398422 391821
390382 239970
278062 251349
108939 340639
361020 134239
324390 300995
362920 391814
69314 182645
216088 47159
97676 75997
125258 315587
31549 233062
161899 404676
215425 142546
366790 237789
120204 104556
346061 374641
139245 331767
297949 227433
26652 327648
288424 211863
339512 149107
343450 340358
161426 698
59651 809
290095 394047
96295 67893
363851 380946
115924 23184
62192 92167
44865 348889
234782 48752
64648 223023
255954 39984
131200 227648
297754 86700
360289 33136
352707 383916
294964 77219
243390 203323
