45 2350000
194099 155858
67469 122493
130324 190625
136083 180978
188387 39427
14966 94141
66643 76692
138764 204338
176611 111660
58980 127096
189117 195032
50818 122426
70206 40828
144923 82075
191774 127334
113838 183175
179565 169014
126603 177747
158003 94547
59101 88086
200214 107913
94321 106462
175472 1774
161230 41348
28095 63230
1100 52825
151864 110091
29022 158869
184451 180817
55885 200439
36857 45658
72345 44223
154681 97783
94043 30312
47162 182764
52974 137788
103111 194922
43062 136748
136803 204064
187593 78825
70894 120702
193134 66552
162302 186838
107136 26848
70589 4510
