45 4080000
83654 272391
107986 50170
101341 325320
197037 308437
29395 159026
220613 42547
324673 285290
210282 259217
173653 312457
11224 111296
203062 242442
290133 111753
353996 235203
21326 204965
229805 173577
43882 170869
317184 29897
124729 289058
108293 45372
10995 81086
127931 355178
107479 189056
153270 319842
313446 66628
15852 93698
173570 327777
343968 124153
327366 106287
143283 147483
273616 107148
273868 210298
324009 181553
71392 304829
163485 83774
16608 231824
227407 52817
65688 351423
280057 62029
258306 198242
111924 233475
215255 204605
290765 275823
199529 156063
136017 121361
65844 246988
