45 313000
26048 13967
18792 20663
20468 7029
24715 25994
5780 7351
12293 5875
25127 2356
23723 15615
4790 19113
798 22274
856 3412
20982 8437
12602 23838
24787 21947
26512 15038
13167 21521
8238 12538
11236 13226
18347 9493
9646 4454
8743 21677
1731 9038
26632 21367
26679 7667
27519 2727
5251 258
17585 26492
421 12385
24490 10335
13631 23101
13183 12607
21941 13548
10007 13989
9609 14434
27492 5050
1870 11475
26585 3391
3830 3039
7353 13926
21223 1257
26446 19084
7640 25127
1167 27138
3138 1104
1821 22300
