45 3670000
213712 61748
63531 141459
4604 244647
127379 243145
120467 317124
241969 304841
164072 88364
274889 106035
296386 240541
158836 317892
18418 163401
247776 95117
101195 31790
77382 80606
154895 149966
323865 268864
134878 300280
103335 318724
282909 65732
151294 140077
230598 48678
7440 147128
8464 223095
281092 112054
282439 100263
325055 13119
25113 201397
206854 143804
249343 5198
150670 315896
17864 32152
304216 202915
207596 63076
263123 308634
184591 53090
59860 7886
150862 62661
168038 138117
54935 28433
158667 43969
59402 294580
199570 224008
189545 271211
73860 66101
221320 302453
