45 3620000
94780 112525
257496 178428
258512 217109
308357 123422
221233 204621
281748 166822
205632 300359
269974 281512
20935 227058
8445 318925
90119 118862
2225 186528
31508 155794
139263 44393
121495 19294
69438 111772
29169 252396
172282 264421
121744 298898
144840 137923
248637 101381
108052 31190
285603 63044
107950 186858
182416 90853
293492 198677
41292 139998
34139 201564
74969 28121
288655 58139
98937 112745
194563 256810
152493 77327
113359 184150
183955 48208
240033 10433
93339 244606
202118 45089
51480 143568
44993 287874
249487 34088
314174 236591
282047 239308
144804 254584
108420 170402
