45 420000
22518 5849
34769 30194
12685 34273
26764 19888
24569 7582
16097 29588
21979 33487
36176 23230
32314 24138
36039 6883
24114 15116
31041 12654
26095 16471
8420 23644
4967 10753
1577 13258
35210 418
11517 30453
24271 36825
16390 2855
709 9888
1774 14149
27295 20839
32 6926
21473 13190
13362 8215
9442 30655
20528 18535
25977 25471
1964 15067
30315 12578
27592 13155
2852 5174
504 21833
25334 9526
33506 31047
36500 9318
15673 34504
37041 11680
2939 27628
19264 7019
7998 22638
33194 22318
29454 14323
26972 10108
