45 264000
12160 17863
6875 7238
17878 19447
6413 13875
5857 3893
14485 5470
15904 19486
16289 11688
1065 15776
18609 2678
18041 17859
22922 668
1997 4497
23079 15820
3036 9156
8734 22810
21984 21848
7278 12722
2057 7183
13720 5065
19685 11800
9665 3070
13739 10790
10700 17293
10193 2814
17560 1920
7518 7221
6051 5810
21763 14076
9600 11983
3725 10729
7653 15593
8739 15231
15303 9525
19930 958
489 11449
6486 6825
4121 17152
22189 9898
15695 12172
4444 18036
663 17583
21202 19577
12893 6649
17132 12372
