45 399000
25439 34360
15088 31971
15270 29501
12892 29966
5068 12822
11157 3240
26405 11146
24696 28913
9790 11319
577 23753
32575 25235
27279 32777
17794 3129
8869 35020
21609 34298
8449 30723
18407 5836
22578 11518
14650 11617
27421 29125
23812 27297
25248 1331
3444 17682
28446 7266
27481 26278
20584 9691
24529 24464
23072 20847
2897 27450
30465 1848
14782 15904
10753 31596
3180 25961
8564 14991
32402 17562
10170 15952
1232 32067
17392 533
800 10956
17958 26179
18632 20125
11300 13979
22687 5814
5532 340
5252 27891
