45 3860000
296 114041
41805 207787
228940 108736
208276 266197
291024 297540
243658 174228
109495 239575
342604 289472
278087 87648
295521 187266
121806 2752
117958 206947
87246 46524
219840 309719
210673 239489
246208 171569
235758 169907
317609 192888
181746 251030
332046 140988
188270 78576
281708 307520
219264 192985
312956 289331
200651 31100
309925 165525
67572 192784
178443 135431
336415 281977
162708 271858
230859 222455
10254 80157
52170 99494
164891 116562
180474 78868
337782 209711
153072 158699
196996 212998
183511 49404
201116 342497
303537 238039
137584 54877
199348 341177
66713 337232
83891 331259
