45 3540000
57458 70013
231 218768
121594 245415
60597 99301
304694 194220
133635 198248
42834 195694
218309 39061
32170 169422
151299 127284
122554 306199
91915 293896
21087 22271
13996 4509
175651 163029
99209 269772
75994 168015
158434 76856
257211 194289
276456 94896
205806 93998
310121 169321
214597 172713
263604 49367
109930 223092
300097 42331
35096 109014
268721 36177
227886 113525
55700 144341
270536 92157
127322 185862
279040 22444
240159 171150
85562 222947
125531 276441
214120 258428
228505 122651
168363 47629
8096 258981
143036 158529
138501 157649
284763 87780
249475 244944
83767 85576
