45 2700000
215555 128887
19566 131400
57457 170401
115994 53718
229631 50437
229074 178176
155991 198950
226886 219948
98062 58045
67181 114942
231167 126175
197478 82878
170508 19722
163092 45585
190865 137168
234392 132927
18628 199526
177099 111419
160584 145327
198885 75766
182883 107325
210131 50336
128604 226557
51051 195743
189725 37256
195099 21882
225512 66670
19058 70295
92909 94701
176915 72072
70924 96245
77770 122728
30698 156193
55703 74383
203976 42695
188931 79664
104388 71111
222606 115049
220902 205127
217696 214099
25599 17889
127483 80470
146422 236235
106019 81345
116012 230857
