45 260400
6784 2901
14006 13518
18486 17141
5274 16936
5400 2794
17106 13704
8229 9974
8990 22398
22945 22928
20464 5637
10577 309
20988 22682
7725 16772
7289 8902
7586 3151
7181 6600
20194 16360
12839 11703
5653 14189
6075 3776
14720 7969
6637 18471
22581 4387
20747 4361
20144 1649
8787 15162
6706 14212
12388 12587
168 164
12598 15785
10733 21326
5581 4407
4067 4829
21819 19782
3409 11615
9594 16249
15545 9937
20504 11473
20242 21810
1263 13035
12161 15608
19673 20925
15212 711
7543 13937
6914 20101
