45 397000
16956 8729
9069 22453
31382 1657
13550 13312
10803 16388
4955 33537
8618 30813
25720 20048
30139 16626
12847 29807
7127 4401
862 28957
7874 19105
19150 7314
29565 8475
2844 17393
24926 23256
15016 2739
7142 20954
26744 11427
17168 13589
15668 31464
17593 25933
16987 22314
5805 5523
19186 7171
305 7773
23378 6776
19903 7050
27372 16494
16942 13434
21191 12218
29035 25954
32456 19327
26446 27212
27691 13049
4213 14566
26759 16104
5307 7817
6145 1179
12754 28702
8867 2132
1281 22705
309 17981
14630 24648
