45 700000
53314 47037
40478 36469
38914 3856
7468 60821
20963 13072
31257 55511
5406 10593
47517 17263
4239 49948
38569 8275
58467 60828
39235 37290
43717 52595
60237 9540
30470 16548
16393 5552
58461 45956
55270 55557
47234 50755
7011 13318
13567 7239
27014 16128
5656 11991
56907 23095
42460 1616
53101 1162
46356 30553
17790 16119
37472 59254
58665 11785
34369 52734
54280 48546
40969 48642
58078 14218
36773 45095
46819 24916
38969 44773
44413 53916
24634 42983
19616 60506
22762 277
47583 47166
54556 7359
13085 28812
47390 13968
