45 2530000
132414 185251
197801 106089
14390 7037
183053 221737
211549 83800
154993 13119
18527 99651
130681 40467
66714 197839
19608 13996
166510 73786
60301 88721
182166 215172
175842 29237
29584 207367
195996 172031
5203 203680
46956 56164
72568 166617
35849 140551
792 141926
56791 50921
40883 8093
157151 91689
164904 163912
76124 40621
154377 206127
57823 147569
63051 180746
178142 75411
14945 84762
188232 23190
69111 25676
222195 5120
94636 1081
87037 3510
156998 19553
128983 4065
42421 136370
20401 65028
47686 43510
45601 154114
164972 71427
93922 104037
104827 174758
