45 245000
13057 3380
2158 3326
15525 7750
4894 21028
20263 13627
7200 2557
12550 10138
5864 11498
8267 18528
19709 19318
5989 10538
3147 21604
20417 21333
7968 19902
2901 15931
18498 647
11444 11436
14727 21456
329 13408
17796 2434
11307 19335
7449 5892
12029 6679
19536 10914
18606 13957
11618 2296
365 6910
3382 18160
8026 3346
17552 17151
14495 19894
20478 3136
18271 5824
20820 13006
10239 1104
19583 10315
19853 19855
17570 13688
9394 20123
1618 20513
2597 18099
20069 7061
13629 16777
1440 13860
21303 3098
