45 439000
28576 5666
3433 13037
17624 19700
1752 26837
31173 16553
36837 37964
27885 11316
38531 3122
23529 14280
23042 8644
38489 31370
32756 27897
32258 16672
9781 8578
18442 7297
6637 29099
2020 34769
21543 33675
36949 1863
37278 14756
463 7634
14967 25247
897 27648
6770 12699
32924 1948
33974 14160
35897 26465
22836 14706
4216 24239
446 12317
38415 33210
431 38842
31303 18475
10901 12676
4128 18652
12935 22263
8161 24361
37864 26361
3796 36088
9400 7675
35852 11866
1518 13281
32940 7756
21279 3178
16419 13704
