45 550000
20169 3926
21868 43670
4113 35749
26216 46429
22206 35252
41491 11911
13274 48577
3976 25016
11618 8993
16540 21121
7561 1797
12863 28136
39921 17578
45712 24340
19438 324
12704 4631
15179 22917
12250 46599
10689 36842
23989 4509
33200 29741
42639 24817
31709 10829
48441 46399
2109 46708
18912 30221
43223 21969
17462 10302
39976 7202
9150 4641
46688 36306
40491 8089
14298 39566
26017 48863
32856 28268
8427 29482
30888 30517
17109 9655
2061 18335
17757 39977
5188 28431
45182 28862
285 42397
21712 40444
17464 7946
