45 3460000
46768 35083
278968 274173
57002 282076
273771 246683
57556 153691
30413 215875
78207 305430
191685 187714
182032 168069
70063 282786
261450 219691
233822 190084
287959 184925
188019 171801
112136 263825
178817 278102
33457 140764
100851 46058
106482 39001
30398 261102
279840 274836
80147 241089
97737 175639
63282 195452
3575 72217
274937 286430
193496 209316
128559 198462
271941 267
99045 63432
110115 31481
173511 64091
207605 188950
220328 32205
277628 159747
257519 58521
250477 89457
302957 195527
297295 216901
118541 276082
296547 14277
260069 91519
226061 107648
239558 91439
31239 264109
