45 1390000
121610 40903
53836 36719
95863 55784
77397 83138
27783 51101
32446 42392
18178 22502
109611 123125
3967 61707
103009 42099
10564 76966
114966 79084
36160 116587
91085 53610
89749 21705
42764 116765
114723 118450
113115 6335
68692 46251
72517 62565
119536 118687
38639 75814
52041 80060
83440 87147
110528 63428
33494 72880
113688 110119
92717 84209
23425 112187
53370 106626
49243 23729
45133 25163
60938 48955
81749 49613
38570 76340
44776 17302
27211 60791
63670 49369
23386 54323
34273 33678
4510 950
36367 52688
44106 60951
102586 22849
91310 42023
