45 425000
26399 26842
31134 33850
21380 20160
15281 8252
5603 18724
30133 22094
11865 9219
8928 33082
14707 1355
25656 29916
34844 2360
24781 20353
6700 36126
14874 26030
29734 11238
25692 26682
15688 24826
18705 17197
16857 30279
5062 19785
37234 8843
1581 33319
37750 33615
32368 20063
12338 15640
34912 33124
20479 10750
1783 22534
22818 23889
26578 21066
9933 8121
24572 33662
28195 29035
12706 12006
9612 24551
32640 30608
16472 12692
29484 36659
27289 36506
1952 24340
10441 29292
24020 26113
1191 35692
9917 3478
15042 13362
