45 234000
10132 2377
13937 2589
18464 8148
13970 8262
7930 19940
10613 9513
19965 7514
17376 16296
7506 10794
16043 20285
12071 9167
2401 8290
11479 4207
18016 15532
15545 9090
20186 14611
5514 9433
2587 5535
10170 8803
17753 5973
3673 3078
3500 1133
12650 15779
1029 5243
11711 8993
2896 16235
6158 20021
13342 19853
657 5413
18987 8616
9596 2630
7676 10308
8158 15437
10659 1756
4675 4395
1616 13558
2304 3099
16728 16286
14662 10182
15249 6497
1611 15874
8914 10348
15467 13665
5774 11100
2924 531
