45 398000
22288 5034
26815 3303
12426 35111
24225 31053
30816 18527
29670 5048
29486 21032
31841 27924
11681 34106
25087 27663
4529 2325
298 27409
27293 33536
3881 24085
1004 29231
3524 16959
2997 262
8023 3793
20797 2551
13524 22323
16718 12493
25518 3125
33742 23971
3093 13168
30662 30398
264 24167
31018 13454
30856 9073
743 27940
4391 21012
27532 21179
2723 16326
26164 22034
529 281
16360 33277
18418 19492
11536 3577
12687 28512
7770 952
12456 17011
33797 2244
21185 29121
18859 7051
14304 16888
13106 22786
