45 262800
19972 22345
21948 5088
18104 17325
16348 13917
9046 2921
7881 17439
2383 18466
3004 13961
6703 861
3585 9710
9559 8868
8692 14245
7728 10959
8721 9160
17527 15507
17250 54
13117 14586
23329 7280
23250 19646
23341 4772
12547 6624
7642 11656
20610 15374
12351 18235
17505 3048
3083 1978
5251 1860
14158 21995
2587 5565
17241 10353
9842 18178
1621 7951
2297 19146
605 13461
11579 17262
12579 18027
15035 205
11654 12733
22525 11992
1200 20269
13076 17759
2372 18427
13777 13798
13333 2190
18017 5846
