45 3780000
204646 23507
332534 190408
35854 189257
16121 219319
20898 245885
165373 66070
19735 65978
47608 57288
222265 22001
206677 79917
78274 333641
271275 123863
102915 321297
14626 169063
234286 238863
216208 226405
227112 255947
300175 284175
50876 253838
83887 29109
223126 264877
59964 145346
28950 311276
275971 171407
184021 42533
90930 238260
142177 224866
260101 322238
219806 79554
62869 205105
316486 147347
54250 274091
168829 303579
155767 114748
139064 59046
318735 302444
241899 118558
23118 317674
69471 127693
83428 17420
23706 332054
216335 86952
292785 51974
126978 175390
100113 88093
