45 422000
16338 32222
21022 18072
14523 33868
19262 22980
17081 14757
30007 24621
290 36349
32249 16683
12066 4638
1643 12222
7860 1507
12571 22085
24380 31153
12167 589
37195 26313
15080 26544
4126 11186
25238 7370
34752 25446
63 16748
3444 17334
14470 35360
2230 10913
22118 21493
19104 35089
12046 33696
31249 33322
27803 9832
20693 9991
15619 26723
28809 33873
30420 3586
25557 22034
14517 22340
12883 4517
14981 5298
786 10723
19079 8564
32658 28446
16279 35480
30466 8867
9354 19015
29907 11166
12599 4065
13554 990
