45 487000
11286 37203
30303 31035
25720 25149
41356 14112
10401 39832
23393 39472
28166 37353
30812 21043
33721 39447
16197 28161
22661 39211
21511 4639
21430 14893
31070 29654
10952 5508
16937 40934
8495 18717
34611 32551
25912 2565
23683 12109
10356 2825
31049 23242
28177 24309
9282 38413
32653 42166
16419 13101
17930 15523
36069 3808
36051 13142
37449 37983
1974 27032
35055 17192
20332 23148
26931 33186
15204 14511
20490 30263
26314 28002
26827 15697
35476 17085
2511 25287
16686 24028
8886 2505
13545 37929
8543 25128
18423 16380
