45 1340000
47244 93080
55519 86294
14595 40960
25481 30436
117004 25522
62165 22826
81531 71716
99263 56848
10901 5234
51293 105641
108846 98381
119062 18569
116976 105408
103030 103944
113294 94217
34760 1842
102125 97829
72042 24939
32662 22662
113636 22165
71949 80769
94007 18490
2970 9766
78909 100942
53299 68129
23998 42604
108474 116613
54337 18361
95724 94866
84615 26843
67889 79283
25306 27691
92772 94746
72600 5035
67929 2789
19008 52141
19141 101719
85236 45667
49451 68432
115689 42175
52590 62839
66564 7677
48827 107034
99452 61569
84335 11674
