45 240000
1287 5368
5066 4454
18640 12405
376 16110
14216 13681
20654 3682
16523 5619
13588 15833
20078 21245
11278 5130
12290 13219
7856 3058
12058 8901
2063 19851
10511 10286
18335 865
14134 8816
6884 17846
10191 3266
5228 14410
20047 10191
14800 18487
20002 14626
14140 15439
9392 2042
4768 6969
2996 20957
10244 854
3323 10226
15675 16760
20559 15529
17348 7381
20552 4616
14144 18047
12529 2001
3764 18497
5621 20606
18618 14334
4425 5423
3932 3647
9998 17920
20491 14854
18368 14145
17593 1999
271 14973
