45 497000
38108 9409
17917 14935
12249 18245
14689 321
21617 16093
12094 44043
31193 19813
700 15729
30817 34756
1853 4481
24031 8229
43131 18845
12430 12686
11408 14257
15804 8245
11217 33657
17009 32799
2452 16030
7957 8473
3163 5213
13680 23744
19318 37941
8377 7251
12534 3116
30235 35368
17715 32394
40676 35404
8783 35741
27577 13858
35356 14963
18090 42683
24505 27048
39927 24438
37890 29244
35019 10916
11477 8851
19586 16931
33711 34291
3455 27394
18841 10404
35349 33424
42198 35565
36127 15409
41813 33091
20910 43319
