45 1910000
6280 41339
17661 141593
23919 69960
2275 13917
27604 12433
143040 1397
144440 119541
67840 42121
8756 122362
70213 23267
64074 77627
22941 163803
74448 86980
131496 146519
68621 105562
74284 118825
66658 59287
94282 7340
28945 137852
160299 77985
132110 156886
150436 150132
8852 69957
86716 78992
158577 32679
45305 102539
107586 70277
108825 72541
92411 3851
129403 9352
160666 131769
51751 6562
67301 25668
94189 19297
70225 6015
166040 125883
24433 34487
54201 93755
88194 124201
133226 48075
44922 137623
125778 128189
6085 122752
25452 48569
61749 38148
