45 3400000
246798 166352
150998 33129
154013 258588
33072 181591
148318 147216
149475 6128
125765 443
299823 187232
136653 219232
3374 117974
3955 291391
261498 263632
12809 221869
281865 230469
179013 276859
108477 298536
253420 26861
247042 90769
206663 146388
105978 75459
130360 135998
134695 218902
194189 16753
207480 156187
244818 63248
91033 71417
151513 141287
280061 236027
79666 300472
229399 114247
194924 153680
262002 103284
3395 47176
66205 216835
267444 284189
17811 295406
18308 209663
103026 141090
114333 273325
57242 241762
103411 14513
234687 93296
172888 109925
114074 298217
273086 287188
