45 312000
21367 26540
15146 9329
18643 14258
24566 19470
23996 17965
24434 15217
22681 7904
8676 14339
11356 5535
22090 1054
14624 22233
3674 20931
13225 10242
13236 1939
12380 22321
24452 26702
3295 12401
15334 10541
13653 26399
1631 17650
3852 800
26639 3654
17835 16725
14552 15156
26632 26300
4923 12988
18885 20573
11319 20688
16338 8439
19881 5873
10711 23938
26724 14664
18298 25412
21345 16585
6848 3842
23734 2179
24025 8611
15902 106
15706 13700
19985 7464
10829 25480
23616 7968
12130 20486
1872 9707
3296 2630
