45 1290000
14427 111553
65509 86345
114588 91982
10922 5723
98807 45107
67370 32593
9632 28451
8886 84796
16684 52141
62726 60653
53211 65401
22201 114449
111921 357
112894 1848
68891 20959
6825 54349
67410 91522
50632 75470
20198 89387
96523 58541
42223 109772
51550 61145
96032 28724
15068 85754
93819 72256
49815 10306
91464 91213
2469 16779
35278 36713
75886 45463
16813 104160
5492 90669
65691 13079
98336 106095
30594 8497
30887 3553
79754 17399
104723 111024
33284 61045
54101 41604
1211 49243
87813 100585
86900 62369
75948 105438
108582 59076
