45 292200
21709 3474
1408 11935
25250 22616
7539 7654
8133 20651
4705 1900
10183 5585
10791 2468
24354 1347
23380 5994
16672 21613
15217 25858
7728 17165
22887 3984
24274 5749
1524 14346
4864 11200
19680 10761
6476 8809
8793 16919
11480 3361
24806 15
10032 2781
6688 23813
7366 6806
3931 7728
10459 13566
14755 14235
1894 689
24436 16765
20982 10275
13125 13380
10713 24790
20188 12959
25781 19713
6087 6753
15887 7201
25546 5563
12138 2382
303 11136
25538 22239
16357 20724
8531 17134
14901 14166
411 502
