45 427000
27686 35026
27177 33526
34537 12784
19218 33238
807 30919
32695 23550
35250 35749
20301 4201
28780 3969
8838 13644
34897 32953
25105 2375
12401 2938
17589 153
16406 29218
11552 341
13504 5970
34103 30600
16190 32434
36407 33103
9446 4751
9295 37029
22723 17071
13437 11106
26259 23024
2236 8537
16189 6546
24821 27073
24081 18947
23573 5875
11408 22928
15719 13745
21694 22270
3625 28065
35925 36372
22600 29441
9777 18015
10620 8235
30502 36741
34597 7506
22143 19917
21843 2947
28856 433
4796 8241
11568 36812
