45 3690000
301971 77144
148397 184799
254774 107761
113294 124733
176120 100034
237494 136027
136278 21638
150328 75239
268507 39908
273373 310190
6977 292447
63713 90391
255941 109898
134385 127511
327001 115797
118450 135086
97837 265532
291127 319082
105405 192962
187081 102934
308083 18532
283883 222601
251613 5075
15091 101877
70967 153686
313959 300949
318548 188316
85186 230571
55956 192042
252028 103302
107974 94930
190612 104384
236864 225080
153853 320798
317040 108571
293712 326162
107123 89887
183823 252079
159272 217290
225743 27882
163506 209113
274389 7256
312185 189515
78643 157637
68142 296267
