45 258600
9713 314
11671 19362
13911 3735
11038 22509
3265 14141
6646 22626
4685 8605
5794 15388
2438 22163
17010 21619
12620 11109
5157 15571
7945 8114
4689 17103
17933 16170
14916 9862
7317 4249
2131 22541
5035 5138
20748 393
17443 2795
21550 8020
10147 15068
2102 1668
2048 15836
14636 9767
19409 13994
17578 20955
19287 9235
20331 4724
7997 22738
2251 10055
14792 11298
18156 8741
8193 19242
9082 6147
3383 10245
12060 126
13045 4191
19693 9931
15468 11582
6735 9426
19965 10618
22736 14402
8232 6213
