45 472000
24165 22490
25314 16455
24957 23085
41597 20632
31204 12389
712 19330
28408 41411
22876 22462
4397 14716
35069 19265
1422 41585
22141 1939
16655 37029
9438 25326
15627 41458
9973 2421
37955 17475
24381 34665
5385 34265
12462 468
12016 20826
5124 20417
23633 5326
8778 3766
37151 38706
11103 23514
5709 31988
1945 13596
31132 18513
32890 6225
7884 11806
19900 39417
20221 24993
41400 22253
13720 10148
38982 19697
26244 33002
21272 16961
29624 40550
30972 10791
19000 9254
7399 19458
36904 11190
11098 34679
27722 25808
