45 433000
1008 38041
230 5503
37379 30767
4081 26910
3161 11165
14169 202
5841 25820
36016 7672
36831 29710
26066 13156
32510 27880
15401 21917
33611 19241
10494 16574
8680 7112
943 15863
4831 34086
4302 31439
37706 7434
871 37716
35490 21975
3750 24591
5061 36841
23366 26679
5121 31359
13515 31597
23657 1779
38468 6760
10658 30256
9435 18958
31855 34767
16423 28818
21795 11213
18710 12198
10384 33262
26576 22865
17100 24806
14049 22232
24264 10975
15000 34453
14125 5989
26933 11659
2463 36779
11451 37234
12827 36618
