45 2610000
113752 85063
215495 154881
85393 9680
223934 214148
13891 159415
209093 165213
201781 73087
110202 158845
107794 177385
702 93478
212142 67590
42720 182429
55219 78757
130494 3888
197695 126729
113596 154887
216494 116539
150614 159834
175379 204161
131292 26632
46785 82086
131707 75410
200085 42740
71801 157445
204410 157481
131357 201479
95431 30339
148675 188998
34516 149545
100900 13396
170019 187201
201897 194904
215323 90360
125036 210486
64759 24992
120301 90884
176476 80697
181287 218482
147755 107700
203460 71676
9487 35321
1737 210102
126763 138708
33005 105678
44782 129514
