45 1960000
43803 154414
50375 88138
1238 137372
77459 173134
32621 96823
80021 124265
172503 40178
18006 125296
83716 27343
53900 12145
34297 98600
98388 378
158416 150115
74185 135740
159932 106098
96175 167446
38423 157988
145870 169612
81123 18184
69406 55327
127827 100738
163226 163935
78793 96699
72641 125849
48957 77139
30555 65365
167873 33360
132122 54745
21276 112985
125081 153074
16191 90186
135334 112903
40656 138442
107177 142384
39378 3681
158083 109505
30750 97132
106467 122311
53365 171698
102915 40913
169038 1018
131563 141263
73518 105001
104733 123716
89430 120246
