45 2190000
60923 114333
164165 47936
125315 104018
122013 103411
47653 54771
158668 98575
43455 72386
173432 96674
162272 93202
135389 100074
53559 24428
138634 82124
19337 104270
162198 149088
112038 174680
185009 44191
127689 146802
190723 108489
151591 75924
120864 171686
103187 184828
114587 67613
127528 48963
117899 137763
30127 165270
82522 14480
17375 19296
185130 42175
166442 10101
128267 132890
88494 126605
181736 64882
101185 36516
168250 81386
188737 29186
92872 172149
90896 143400
168243 66404
168893 167889
139043 131422
119934 2980
11692 113675
145163 128426
48972 166221
53413 175982
