45 1140000
76737 24683
47946 17090
17761 77189
25595 32867
94293 78059
53509 96209
66171 20686
20815 93363
92721 23463
37618 47776
49403 38669
18541 36905
26259 7522
93815 97128
50319 59836
101221 19503
86309 93610
80913 14961
84713 64288
22845 43715
11755 25834
44954 45816
94068 9618
38047 16120
69947 14467
68282 85807
74174 67862
93458 47364
11661 101044
70254 57381
51063 26600
6771 75337
39646 57429
71885 10668
9032 37276
79870 73295
18023 35426
59362 36728
60830 33781
1110 13474
79215 72281
66804 73010
72633 57724
99888 40258
26853 92119
