45 3970000
146234 24552
153280 83192
17956 106211
233013 297821
180722 54173
351059 328313
177829 76428
127021 111431
107572 92952
10320 296465
68110 105475
27124 306653
98999 158080
186507 30713
212389 287258
214389 130371
9373 281133
135517 248479
62006 290680
158643 40366
105906 296173
238868 306924
5868 162655
232250 133381
49653 95403
162993 201350
4493 15115
260799 44298
140961 203233
63489 327293
128507 258780
39190 155380
6032 304151
167091 8124
333282 260607
206300 84108
135175 262317
333503 273220
136739 54364
316364 243943
133937 114484
189917 180290
177117 39084
271546 320887
37307 176321
