45 2360000
185457 72427
28308 121467
174575 67411
134057 60938
126814 206353
185729 89927
139772 50960
183513 81369
65645 98063
85034 71024
40681 31240
59826 182875
73645 144249
95339 58110
186666 111999
67219 31530
16480 68102
59776 88273
199155 167452
8439 110123
14808 193633
2008 171590
145047 45532
6748 84186
127703 78219
48588 41964
2500 27646
10451 167627
168798 194238
120959 193493
78693 174031
87934 162147
45485 6418
18857 160591
63818 118513
106635 190062
202473 206747
59387 14099
162288 60470
7391 129845
201149 152147
191617 104782
96469 101425
193459 82235
192520 95624
