45 1880000
87184 110328
45018 25363
5148 72195
22604 20929
59093 2670
56146 57938
129377 99231
164382 109120
145362 85766
1597 139745
59302 144732
108674 14385
143382 160962
47939 128432
31117 16715
126269 17251
89020 50472
95301 41000
140939 160332
72269 40664
98795 119334
61611 80084
138867 14658
77326 88271
86393 1327
8963 48502
3897 12606
106932 118636
90041 118949
74509 6040
157286 28887
7527 7360
101972 94004
7702 102275
165521 16674
165485 22668
103833 5601
14149 144291
155199 142810
121123 97229
115537 135710
67805 3385
146268 58088
9046 58205
107232 24334
