45 2750000
150109 6358
16471 120518
83887 130723
197700 95167
226470 48418
233162 188167
115977 37650
231622 242576
183559 136836
239447 48516
206956 110159
31129 17263
109648 202184
215379 188718
224122 177259
135106 12441
213885 198504
130617 165958
232514 158557
232911 240616
230681 126599
72522 106259
709 161939
159715 196455
162342 105645
33632 51462
176681 105041
126374 189914
104837 1051
122583 130329
41213 81034
81561 179178
19604 45789
95084 201977
58973 50992
212451 20358
121092 149629
149862 4312
143363 222817
218276 125719
188342 13824
203037 220906
153982 680
106622 93735
177642 2677
