45 1550000
97426 75832
86657 26540
129095 129537
19157 59051
84698 63097
117964 26443
127716 58339
99567 124325
111261 108975
135498 67807
118105 115008
121373 131951
128967 81068
80938 62432
1034 81393
94581 26050
61141 129185
39064 109240
108028 125398
67875 5747
1581 21203
100545 16733
126938 131454
48243 128088
75694 59592
34335 33153
95270 22442
101691 40770
55676 64494
79541 123420
49459 3053
110294 132889
47831 67742
16754 126847
87913 100552
5713 59989
19716 43986
72713 61196
111231 33429
22089 21651
122653 41388
87166 51900
44106 114363
69852 38850
118522 126218
