45 297600
22669 403
3217 905
23475 17066
13395 14926
23733 2372
12864 20530
17949 3488
20711 1435
12328 13604
12914 12758
15589 5164
16208 11178
16273 3293
15864 18592
6430 14108
1538 399
2551 21501
26041 12656
12093 8909
18320 3647
19933 9194
12110 434
9783 14682
8562 3734
15256 17334
23882 16595
11764 25998
1750 19743
1049 26044
15352 19329
6934 24579
21008 2936
26352 5876
21901 6989
1395 21206
18314 17606
8321 2920
6104 13817
3199 20521
14630 20629
23214 23905
23829 8629
18293 10094
4306 11039
938 18903
