45 223000
8415 6609
14329 15790
17806 7694
3049 14232
2502 10916
13726 11905
7785 13376
7673 10166
15001 3449
1894 5166
10991 359
12176 18336
3796 8123
5639 10358
9123 1203
1920 11962
12537 76
18433 900
16989 8056
13335 1620
16013 19415
5148 9936
10940 16022
3572 19685
19442 4121
4757 10534
17658 8299
17120 10415
15657 15173
15064 1153
150 6835
8126 18988
16260 11344
17602 11515
569 17461
9846 2429
18790 1366
16841 11637
4171 15856
15690 5307
17652 7838
14355 12880
14124 9163
5202 2264
11443 16111
