45 4940000
249458 411375
414275 321926
143437 308521
415684 31535
357959 162258
172845 103247
9075 12794
93018 9405
418444 174065
186477 226354
427374 62304
367415 180220
373030 417171
307091 11659
143267 220958
120008 199257
89919 137901
411930 80832
61597 434741
160902 124885
298201 210955
133259 53906
99117 63973
160821 112084
325008 12653
6329 361552
168938 223331
270086 338660
201633 190156
238259 363202
207560 33234
97568 409967
67687 235151
239698 330550
289969 132350
152031 334405
307582 80040
33497 313461
429493 176987
84808 98155
197712 199757
407054 83763
316328 260509
154083 231337
151934 427566
