45 298000
4943 18381
26470 21454
13496 19559
16495 21349
15963 21696
354 9743
22954 13703
8792 14037
15354 3460
18246 18446
2035 10648
3111 12037
26305 13248
13423 14207
21140 13127
12083 24217
17904 24883
15488 24287
19959 25835
26447 17025
8465 14568
23673 21070
12817 10271
14136 23964
23607 20122
7704 11370
9646 19488
2465 12853
25817 7055
18797 4020
24900 19829
1727 3650
5711 24983
9915 15622
25700 9565
14296 1259
7180 19159
20074 5247
15520 15710
18653 3617
24937 4522
21602 9783
3649 18165
4836 6409
4883 9155
