45 229000
1305 18534
4795 7053
17081 17251
8078 12623
2341 15712
16953 5556
5899 10282
13687 5083
12457 12881
3434 1904
6252 18061
6233 13449
8525 18561
10598 3407
295 13915
7611 17975
12464 2394
10582 640
17812 5874
9695 6906
16884 16266
4105 4450
16376 17864
448 14475
6473 193
8975 14871
8097 7178
5481 17997
11439 5421
7107 13105
13251 20002
16987 15350
17267 1816
16896 10409
12311 12969
14807 3773
5253 17894
1038 5842
14409 13052
13150 15200
312 10759
11012 9138
855 16102
19921 3604
4649 5159
