45 291000
24661 5932
1004 7528
3266 2211
17216 16999
6669 9384
3605 25744
19491 2380
4043 25227
6333 21151
23284 16338
23508 1837
7138 12297
17219 12042
2909 2589
24374 6868
14938 20449
14876 19757
23583 14904
6725 8324
22315 1474
6311 22954
12639 14741
9464 20814
21719 21111
4000 15157
22214 10251
2109 14762
16862 9871
2659 11012
9852 7493
16304 3528
17095 5436
25055 22916
5258 24596
25516 11033
479 9769
12803 19833
7480 17429
1801 1936
4653 2177
12085 15642
12236 21655
273 3607
17325 21628
9240 9382
