45 496000
12161 20723
38977 14524
13093 43928
28062 14105
2232 26077
42242 30923
33828 9191
14131 34878
5776 18607
39865 25933
13294 12548
20019 18532
13092 18402
29121 41914
24090 16877
3416 29892
35356 40156
15859 22648
11876 14709
12910 20022
43378 42419
14233 22092
21564 28925
16460 18512
3209 35619
29445 33021
31103 25570
37110 2690
37759 23166
12298 17900
20639 36372
17324 42485
26667 879
2484 1843
37963 16824
24012 14187
12230 25891
21941 24628
40600 18929
19575 15663
36262 11794
15483 43270
19263 8257
32633 3234
12280 22571
