45 2740000
216245 201974
237669 72759
102395 18660
97855 62984
238611 52659
153452 6889
157153 92475
132611 3917
87108 214330
40652 115583
79874 133815
140389 217596
155487 99721
35456 66891
170206 56993
193365 10690
45629 200144
135560 147902
58509 63108
128965 13277
154493 221294
149242 79267
193091 175241
110834 231899
181939 40788
51635 145660
132162 15293
177357 53724
164574 29516
168650 150887
164345 168786
224847 99949
129326 146110
191299 28702
228099 17389
132801 216183
86021 89464
29955 213604
73035 71520
82668 229244
161141 5158
207273 225766
204007 158776
175202 163043
230877 44807
