45 3530000
205320 239264
114289 207984
234766 301891
228802 149887
225369 31299
45114 129356
205572 23756
71505 134176
46899 268278
11360 266153
17118 238753
190771 161125
179782 15594
51739 34891
109315 149231
6794 14224
201776 74475
199091 120351
263518 30752
18567 82425
293861 67052
260090 14669
249587 209413
10797 234559
108123 52319
11685 17483
55729 23567
247852 153757
3199 230363
274948 187032
313450 108938
288103 121391
128569 196457
178933 8171
48325 38994
234207 52996
283938 175087
82508 212648
82379 197763
63019 164845
276475 183914
56099 23481
61748 289679
85123 217740
237050 246772
