45 479000
25787 29800
36963 24717
9140 35194
30193 31077
29358 23419
4522 5787
12777 1413
36660 23552
37362 12988
39404 40479
3118 20963
15689 16332
40787 4271
30386 7476
1352 31787
35623 11539
2164 13808
22604 541
28550 23961
37692 10832
32736 37537
8432 12942
39078 36259
34023 15338
10753 23339
33004 16691
7056 37006
10010 42018
563 38978
2993 12061
28641 26335
25997 37078
13659 18640
13561 33377
38012 22512
20523 34207
27175 4087
23388 9310
29640 2708
14997 22793
14980 36174
6351 12304
11605 12935
3229 5784
26821 6460
