45 241200
16521 13487
20465 6270
3364 10988
13917 11780
19161 19558
21112 5993
17910 18839
11108 14418
13875 2895
10377 18954
14863 4476
16986 9189
14489 1753
16483 21263
16828 8472
3572 6934
2018 1489
17458 11545
20721 1615
4305 18140
4411 13751
6734 18336
6082 9603
19329 4394
15519 9945
170 12866
7357 15539
16869 18260
7423 20836
5935 9079
17293 3263
2481 13006
4214 15258
18617 6235
1992 1901
745 3581
2878 11979
17636 2209
4780 8594
12205 17889
776 2467
8627 4287
18169 10602
14567 14202
20282 18508
