45 1200000
75875 53592
103356 7547
20079 82785
4348 82037
84295 31218
12656 2597
50443 8282
58812 68511
102326 50713
14634 41935
57938 104821
36951 103052
29744 65214
97544 59997
16547 72122
38673 98478
66099 16032
22067 58982
91644 14704
16936 87029
22580 102904
63949 99165
16949 70268
25786 60837
56276 18088
19322 72919
70443 80867
39069 57351
18868 49402
16428 87297
82292 8144
35607 23137
38526 100571
40280 51107
19744 78696
91375 73097
43105 19339
34499 3650
50717 89226
65178 32289
17046 28652
44113 19403
7296 7842
46832 58264
95065 8537
