45 245500
6841 1321
14931 16581
15173 7648
5515 21604
20531 17662
15206 16360
10166 16522
3290 9233
2841 4284
3589 11016
16567 12125
18277 20564
7637 4854
20933 17484
15486 8941
5932 8794
18728 19788
9544 6699
6053 20994
21092 5827
3011 3034
207 11775
19357 14865
8796 5491
16594 7993
14169 1181
9488 20364
16967 17081
9728 3124
16211 2717
4826 21554
2329 10536
10904 182
17615 19947
7708 5842
9446 14168
17563 19925
15373 9778
12748 9423
10037 1711
19626 11716
1615 3811
8814 20201
8193 9957
6553 4754
