45 356000
27610 12461
22134 3575
614 21651
11426 12553
12180 3699
29548 30717
14837 24253
8378 102
14400 17571
17066 19546
26308 20954
18367 26979
18795 13413
2018 27863
23922 9156
15817 14188
16401 24425
12692 22700
11746 6062
8847 15124
26886 18204
29029 22205
8407 23896
20189 17504
2730 15680
2805 29679
26590 24136
8930 16746
1802 6721
6677 28507
28552 14613
3995 5586
24638 20264
12772 26778
23977 2811
31599 16222
19381 13518
6844 13068
8078 15244
9313 13206
2683 13935
22579 31169
24353 17478
28118 2425
5251 27606
