45 2400000
179493 174118
57424 97614
91328 209412
164505 135444
30537 183359
106766 64644
76454 69368
80997 68352
187917 113530
3053 7052
122826 53259
59361 22972
148188 146780
162647 91910
7039 183309
77951 17113
111994 97525
8177 13982
6855 95000
155804 197874
149341 144802
146952 139770
49628 69618
4300 86777
153362 63210
176780 122721
65698 142932
206672 180817
15645 157848
110201 103631
15594 200135
69068 182163
1806 17261
17217 14833
181423 135440
17451 49335
157778 145735
78239 194912
196174 116145
125830 79553
62895 28240
116721 89674
48800 124295
173090 2061
142274 151632
