45 4920000
134345 197576
429174 304917
37676 130532
122367 154088
79064 347398
283964 163629
378372 207814
211079 127605
129590 431489
144002 296665
282648 159148
36081 331082
338262 183344
331233 111499
403469 174045
239537 77451
238496 377077
221416 348902
388711 420623
129218 248428
324299 143769
99881 150959
417392 268023
232588 362808
113015 114018
128388 167877
33435 241329
92381 186010
161509 203227
311699 288681
90625 173207
216628 334948
157906 172687
57882 18514
311804 65927
110348 305311
214559 182041
310527 87703
26139 369339
105555 269994
74359 348265
136224 283900
270557 17459
107558 320092
318443 56883
