45 272400
21027 19654
3814 19791
8806 12444
3341 11932
18661 3620
21106 899
8850 12022
18877 17597
8409 15180
5546 6622
21134 10132
13996 8433
22412 18987
13759 5254
9227 3566
5014 12550
9930 8204
3937 9224
14950 16383
20120 695
1391 14137
23479 19232
13826 16431
18888 7345
1663 712
4045 10152
4652 19449
20591 11146
874 5119
18049 6697
22484 14147
5306 16066
23650 15794
1090 10652
13881 6631
9235 18917
19641 22146
10253 20391
21684 14306
5422 5259
16467 24153
11288 14006
20954 17431
19181 12165
6437 17877
