45 244500
2685 15750
141 3481
10568 19964
2030 13353
1652 6227
10516 11866
16440 19851
19126 6103
4504 20278
2790 5709
11708 12573
14428 21684
10259 3079
3889 20422
18858 15440
13839 5184
10097 11913
6563 9833
19145 10969
6734 11095
10664 12047
5336 7335
12895 6364
9879 13390
13832 2082
14644 14416
6410 16760
13239 15090
8891 12130
3256 18614
10725 3064
8561 14418
17489 9981
11055 12968
14405 4831
13224 1075
15939 8926
7835 14262
13764 762
18586 6296
4580 19050
3176 16416
2967 7833
21330 5154
18841 408
