45 2570000
214162 46872
27563 160117
190122 8188
152279 174946
125141 45367
66354 162040
228270 215174
227460 166759
77690 11896
61062 194761
19158 124359
44310 124032
77157 161248
106039 155130
89353 139224
83622 14422
71387 159971
226963 217230
168050 161764
113325 120595
199262 80845
95084 4729
208270 6389
184390 6636
34095 151063
38043 90331
16793 192715
125429 133562
58926 101509
27425 33802
202580 222821
88644 199397
109444 142971
1872 104160
64108 59806
150181 46718
105029 66925
220281 28515
36646 124492
10138 138164
122202 22069
120535 39082
75188 95367
194611 130816
39810 2550
