45 463000
4687 12806
12996 9954
17795 40913
38072 24122
27142 20391
26736 29305
7370 36881
38763 13750
28971 13824
20541 18834
9233 16070
17420 16704
21828 27508
22844 26839
27362 24272
41103 27145
35681 27197
31066 22539
28779 15346
34102 17336
24483 11589
1979 10262
29750 25763
5721 30329
3693 23883
19376 33208
27242 23328
10269 24531
15723 29460
16936 39766
8272 28991
10068 30072
9295 40035
13319 26897
35549 17645
30704 29363
33641 35154
23266 22506
27740 28912
24763 16728
39829 25792
19017 4645
35980 23204
1658 8325
24416 23043
