45 540000
16574 6298
4218 31606
11294 24159
9627 7207
8341 28104
40713 10197
45265 35484
43597 117
29443 14682
11165 20365
31442 14193
2453 7552
38069 38188
44054 6601
43088 47089
5087 5386
42742 26376
19602 17905
26383 17061
10248 28265
17419 45416
44760 7235
4672 40897
44077 22557
33330 41805
14300 26594
5405 7238
14398 33600
2150 30564
14844 6109
12727 39637
24284 20648
243 44914
24039 37252
3292 14645
5863 36631
43609 6112
34105 15886
20835 45652
38539 37889
29761 28077
27962 8175
33315 323
41789 47037
10982 38653
