45 1380000
86588 6009
24766 8752
34361 23978
8258 51356
33956 101256
104336 25183
59167 36154
72590 17038
59893 40958
79064 30283
7237 12668
26603 109031
116982 24351
86489 54594
111160 44669
38466 114674
91790 87101
120926 96154
42080 45711
61044 97294
15952 88996
101075 51057
20166 75605
847 115495
108539 40151
119166 109047
101532 43275
108706 100011
9578 14893
50505 84888
3920 81998
26652 24546
45195 88832
30158 31972
67298 7451
84835 88669
9376 38137
49313 70103
42651 53945
51965 110960
38887 55674
25297 11040
16564 5926
50138 109371
79270 15762
