45 227000
18015 20143
15943 15406
7150 18317
8920 2450
1943 10388
9451 141
18864 13642
8331 4794
14103 9804
14322 2791
8746 19770
8222 13214
14667 12511
8319 14415
16918 12129
258 7408
13946 9140
3450 20174
16020 16771
19414 20055
17245 3359
3852 14441
13450 16597
6418 8833
15630 7511
17132 19458
3554 18755
14185 8601
16407 1175
7645 3264
6696 15553
4352 2193
14427 17599
2789 18497
11600 6376
6043 12005
12340 1789
19756 7229
19907 3439
12467 11354
18389 7897
6191 9277
19580 8983
10795 4540
20087 19993
