45 3650000
245616 264139
298061 311833
213023 31660
317507 99797
272576 233509
318400 269405
10889 207042
179098 32785
70990 278865
50561 151314
116735 59933
25680 30644
3511 26077
59050 94023
143490 2990
247176 158131
207442 196095
41284 92204
145896 155836
76835 162653
3241 268680
98697 1535
61272 251643
159107 132940
33989 79813
304482 109665
23903 309357
20398 101310
303642 44007
271375 145665
141647 186248
233819 177194
62113 11044
56004 26191
315155 51371
19129 106808
125849 307531
178193 155962
28733 142112
82365 165934
132686 297792
4897 153651
225318 111399
198212 138016
111543 17745
