45 1320000
64491 114958
115566 101245
79671 35094
17934 53164
110912 57718
31763 30033
92641 103092
57063 100481
59926 93187
32805 13403
28948 88872
41543 52518
19176 24662
49320 81147
40230 64320
80194 43863
39635 14050
24777 5670
32024 62084
1537 18142
53557 101419
18782 65532
34659 15838
113708 59848
3327 44530
96606 85438
9943 32091
77057 97848
19063 16909
97187 88416
9915 66637
107112 87120
65230 64371
22068 62090
21700 50388
100108 2989
83055 98291
89655 7383
77219 67093
6147 109890
108046 82478
39353 26147
11830 14757
41592 72201
21653 77514
