45 193500
377 14708
15551 4493
1843 12890
12551 6675
1321 16544
16324 12221
6741 12116
9825 10229
12764 2796
6566 4881
12689 21
4725 1070
14740 11059
6255 9982
1513 2746
5779 3867
5354 1808
13274 7949
4078 10435
12331 13564
10372 14335
13619 11345
14558 14827
5106 1643
1500 3980
2067 14854
16009 10627
9741 2984
11063 12949
12578 8392
15021 13657
15226 14378
14612 10261
8455 13065
3022 2499
1062 1081
10316 483
13820 1431
8665 1688
16940 7843
16605 4997
3930 3143
14557 13617
2540 5064
16018 10698
