45 289200
10624 4923
12183 19482
16811 12371
21450 6189
15937 7440
2947 2537
17207 16401
12165 19584
12492 14755
21359 8750
12256 13668
21702 7947
64 4436
16163 2445
13985 22572
17393 19066
22134 25300
22106 23269
20063 10640
24253 19459
18546 9413
6176 9368
5300 8111
4979 16909
21927 17283
15403 25514
25456 14429
14440 2627
18807 12855
12811 23293
21477 16713
17060 10027
2448 354
2881 2911
24885 18071
15020 453
5460 15772
1943 16806
11327 4967
7480 5647
19945 2484
17133 16553
7335 7035
9978 7715
1192 18188
