45 4490000
262828 180602
390123 235148
247669 204953
177213 87657
257478 111228
94058 54998
234647 117330
31622 64504
65563 219237
221008 59728
353353 38010
182257 275100
79881 343421
390072 243022
191278 9180
143940 72542
179334 150186
185031 314771
299954 177297
95147 342977
302596 238850
269635 357062
87235 105994
229030 196268
38933 207646
258472 153355
238911 266170
115431 93822
221345 394153
156263 196126
81976 52646
102359 350786
179226 276967
173593 182482
197260 102237
232907 261145
128435 256635
103494 29464
366988 190051
8875 60461
291118 74539
374764 223053
242872 250026
140352 332355
219713 294089
