45 380000
17469 16377
27550 14533
24818 29000
31496 24178
22786 2906
25100 5436
11106 15180
26240 29865
18082 25465
11499 14485
11973 22498
10910 7887
8563 12279
10338 26781
14031 6163
33411 11756
30981 1805
32161 15356
13673 14089
4248 24576
892 31790
3961 22932
9890 28592
21560 28999
33452 14701
32657 30673
25412 15884
11075 15272
30723 30981
14215 18517
30681 32834
27721 4070
18034 30105
4822 10535
651 32143
17177 11009
29142 28078
21930 17501
10894 1389
10996 17160
108 7865
25805 14654
275 21876
7415 20661
2380 9867
