45 4430000
72148 256673
310163 246675
120326 388136
149180 335590
355301 251476
325679 385982
47289 49406
34895 354795
305147 371335
224763 323755
314757 212921
82065 82183
59431 25495
280552 162464
326018 81251
62377 319022
326286 202715
347537 245003
327869 209692
135594 183169
138412 277057
104560 238702
388326 62507
90527 321478
118003 218393
370001 222243
208743 107917
200351 267761
62901 274046
280108 271046
252514 352405
226951 386512
204955 279604
327004 196083
228161 4049
11474 294665
228189 101647
186783 201355
356001 121565
53899 331716
81868 76679
21393 194951
42886 242866
154423 9624
277618 211720
