45 3630000
63363 8823
162895 306322
166894 260741
7973 195245
57571 275091
270789 23872
80242 280100
291006 31225
14583 38960
309557 171651
211632 157811
241543 260090
95770 218347
243188 222656
280396 64743
305337 185249
162847 81704
236772 17213
147869 199332
109617 321737
91114 186847
151797 168908
57246 158220
118464 296266
932 8340
167425 259101
96185 46916
309173 43718
62934 26690
212451 189366
275556 193431
69683 183222
278225 130027
94123 138120
31817 172225
312735 83018
71134 153464
76144 208572
83046 295574
246932 217216
67609 2665
213555 8491
243783 258175
49361 186508
77447 92750
