45 970000
35865 42829
56315 55943
2531 20122
570 25049
26227 72223
65675 39492
76538 37917
40787 54769
27199 54851
16666 25277
84524 81907
73459 18805
77394 22996
17621 12550
55928 84934
19578 62408
25435 6135
56509 33867
13306 64734
72488 1497
82604 61988
60659 45330
32019 64438
62921 60543
22622 75679
2203 71646
8535 59284
4502 24937
42636 80889
27349 61543
44748 18793
58093 74746
58261 37909
974 70150
15141 2629
80161 65827
54124 40509
57703 71191
9845 38486
6182 39412
38714 33642
306 50777
40985 67160
57876 32379
67682 20732
