45 302000
6424 8780
8661 14936
8354 1532
19099 19906
4180 9671
2448 2608
23108 15794
1437 14759
25198 221
12183 9766
26503 3917
4524 7075
1215 12594
537 3659
3544 7030
11563 22371
668 11630
1596 21248
13464 18664
1161 22306
9492 19292
15958 6935
20599 6315
1739 4162
8488 6077
25975 1662
16026 19252
24204 17
11368 9652
4653 16930
14344 16659
22384 17367
5943 19099
8311 13727
23077 11675
9292 13601
23646 3600
10820 5483
7443 10109
17281 20666
5540 11471
2546 19142
14079 26826
10743 10680
22548 7828
