45 4740000
238706 25555
308784 332254
133257 80427
100376 130379
106189 137834
80110 23078
272792 301845
45440 207474
17510 293131
79828 267473
281482 366239
153578 59532
165809 10277
56992 316754
290508 63664
55618 103850
155865 207479
328243 319477
78075 29482
182424 3611
399208 130216
170559 171628
292104 26973
44634 416280
176181 172209
339258 106486
9657 154932
238315 139703
208507 74653
112164 279713
31200 140723
179407 111979
48492 411614
365646 297245
248416 320382
348478 240064
129422 45171
396844 201859
389200 121931
40783 359598
394189 323264
95611 390233
156056 47651
309610 66907
206166 141314
