45 1430000
25100 13100
25166 27405
47906 67195
50735 11999
34827 105267
90335 11738
72610 76507
106700 17037
21687 58799
5007 80489
30079 117569
67831 7646
4756 9738
112420 100183
117416 100918
106093 16682
36228 2491
113325 14627
124082 126302
53429 43181
55844 81800
72015 36611
35997 99735
126026 104907
35801 117066
114912 61183
68872 92910
66285 19466
63894 34789
61947 104838
88993 95118
43291 2969
59614 15715
2337 34460
63953 81117
126988 119870
69675 56289
124814 92665
99321 102602
74664 19821
44358 113545
60926 55065
42426 85681
25581 98970
73066 72247
