45 3660000
98582 108707
224698 42044
253186 265755
35889 277064
236699 263712
181263 300106
304595 107925
114365 157643
185413 324842
232866 260852
113934 154858
286488 37387
104510 83098
141408 129491
142879 232264
210764 261017
49835 222348
199747 10130
83541 167168
224268 195710
223121 277783
99031 196851
237472 211346
295190 272401
310437 6865
123225 59589
223458 141179
33079 195723
57229 120527
284568 53834
309006 162295
209046 100321
226253 266711
87861 308637
109386 105017
286668 9679
190931 37993
76165 89696
115325 23726
28407 310374
20968 248720
74778 128497
233114 109242
136992 319372
249343 221089
