45 3720000
108790 13075
207163 101248
84737 124890
166595 78704
93167 144401
249410 259856
214653 158646
329476 302969
263443 135832
40215 76949
86063 69774
46744 155363
169971 224172
185673 202790
196253 246623
177052 8017
17699 159889
48328 160615
302150 55610
211401 1426
151085 263267
46904 103675
307662 258454
227439 235633
9926 95551
309423 9379
56978 288439
146505 292352
126248 185492
136392 295434
282085 305539
28046 123276
167192 292060
244436 237681
123026 150075
126127 225603
292882 48020
321737 41156
148424 189730
68068 150728
151178 48548
141800 74480
18084 210828
177224 114592
243328 38488
