45 271000
23206 16965
9826 16640
18600 3970
8176 3386
10336 11063
3628 5314
8766 2127
7510 15076
4174 14170
10430 4900
8174 8090
346 1403
518 16466
15084 12695
20298 23338
18046 22609
9181 11041
8929 21850
18593 8211
2266 10038
7329 2141
22681 11492
9210 23132
23036 11457
14065 18968
14810 3524
22733 3828
20485 698
11586 16282
16342 21689
12172 11445
3543 23859
8879 6524
23616 13626
10052 261
17157 1920
22538 5601
10583 14305
24026 5098
11897 8019
21268 12533
14143 3800
2165 16543
16972 18125
11725 3440
