45 3550000
252931 37296
53964 198019
198928 231163
15010 10813
191527 236028
252466 9167
7692 212366
209489 68703
262626 270827
264514 282094
19031 11313
311166 231426
1929 237306
143693 133768
33573 89969
215017 141253
285216 312988
31527 234253
117325 125267
275021 255913
214040 219862
238668 25015
98185 88501
55201 211172
20539 308588
117883 42221
123413 178066
93452 92696
64981 253172
60880 242678
311444 81683
166990 128149
289625 206869
268188 75067
130896 144396
245512 80944
36490 245922
77683 44042
165475 71690
235609 286607
263272 148802
188047 237026
255339 286821
16234 242239
257018 213365
