45 3810000
158076 203480
193389 90513
21848 138941
11011 249869
182375 1699
329934 193190
68177 174908
167462 141322
37435 262301
23011 103732
231601 200187
63217 137155
21676 118681
44047 188258
138177 100759
113846 312974
102832 76895
168349 168894
250811 233992
227473 190339
271986 77476
12709 97984
222711 63929
207515 175382
36119 175894
120620 152371
39107 253318
241194 167918
49466 104348
114442 77740
219566 71202
103700 268607
210940 118027
76611 98321
305373 154405
120699 156097
116420 102090
218096 6309
227834 213392
240432 237641
81818 243399
3635 203083
37960 274671
92200 146250
125020 157875
