45 411000
13504 6242
14992 17876
34803 32197
568 24825
2121 3969
21914 16586
11963 28411
28303 25931
7301 4070
8664 34510
12103 10438
13859 3794
18125 19476
13702 32779
8921 7521
33559 22726
15478 13258
17219 20164
34565 13021
15295 10414
28876 27272
9478 32852
33221 7795
31853 27675
30908 33447
33971 13154
2955 31087
9401 14000
23054 36442
35383 15735
21112 33161
32236 14548
12328 9272
30258 6580
3132 28802
24374 13616
858 32543
13769 28502
27920 30509
14153 3434
35099 31972
36333 696
4607 22298
14395 34972
3763 16273
