45 414000
30180 23179
22560 29570
31945 18446
25194 26877
35110 27432
21286 8267
25444 11292
6528 29510
35216 20136
1131 6988
18958 24229
5549 3515
27586 34069
7379 20925
3053 13004
23994 113
235 20156
12511 18657
21056 2287
17064 30481
35019 21953
16989 32524
17188 29613
11826 24955
19309 16574
25676 8064
28560 23990
22160 24102
4197 19112
34526 23419
4168 20708
12229 5075
33699 4074
3333 13164
31680 9691
4174 71
18521 15156
29142 15960
30846 35272
34761 12392
5836 22870
4981 15956
17376 884
8471 7527
27510 11825
