45 2410000
13579 130600
133850 67650
116669 132846
52612 153932
213 73547
41377 176321
74550 198870
77632 58831
82025 103848
115853 104861
94104 136904
16896 127678
88448 129989
111581 40193
74618 152122
202902 72608
31966 162454
195503 99641
49863 29576
183484 12764
121569 52
142246 126178
57976 118053
42989 161279
19648 29376
50122 137930
15453 198123
49050 180789
86965 91854
43673 151772
211473 191388
115185 112723
60741 147992
182693 125167
172316 50848
145733 136264
124899 171077
101039 97405
84327 130315
195493 158795
131243 172738
91634 37822
68563 80978
179877 62321
149284 102948
