45 417000
30932 24486
23739 22822
32384 25368
28848 19210
12987 35522
15813 9235
15611 33149
22066 9608
22061 14573
17838 9814
36879 5083
35721 1264
16944 26825
31970 12318
13080 23313
14383 14596
28041 7830
22336 26028
31612 7241
10416 33489
20319 26973
29686 20345
3177 32951
18347 27194
12564 23583
29013 36776
9707 1851
3368 18168
3622 16696
12665 24303
1132 17984
28974 34331
1499 1541
23573 31552
9890 14297
9629 22674
33275 24185
30356 5424
20181 31577
10577 23316
16231 4676
19785 12487
35392 25487
1930 30490
15742 10380
