45 4160000
214498 286371
39073 217327
364094 152712
124897 99734
284838 347243
174357 211857
128208 210562
95209 340278
133609 82368
220972 71846
315648 154132
267826 199770
33750 59763
148359 344628
16670 54392
326448 108508
220180 355764
200893 321056
98349 106172
207831 85931
256716 154568
295418 309699
178589 283599
365934 69599
65389 312177
191807 71591
358360 79900
218958 316740
126864 257536
340280 258467
333552 141236
39935 193201
245592 261442
220570 110910
363122 187319
83221 242162
30070 211508
158624 28263
79845 118852
292014 19342
194058 61371
362960 327425
278697 89512
211114 211335
327571 39847
