45 2510000
15349 25664
11839 130107
171228 217123
177910 23373
126840 160781
10995 34185
42292 200615
34452 16541
106887 161917
148584 73455
15268 73562
46784 9054
161280 16429
172427 24025
66305 24592
49618 64854
114869 116844
60089 22597
50621 50913
187085 129778
134161 116964
153449 129374
109139 222937
157850 140383
53664 129790
305 202912
6035 147017
216209 218433
139468 160586
61262 161482
55450 14262
182147 210121
168678 139601
16328 183797
199051 196594
169993 143902
93509 25304
177841 172998
54138 110860
175036 188464
40216 156358
1598 188498
72588 105874
139716 39043
80213 207300
