45 4250000
1550 258450
103681 278575
331079 140392
150981 79120
213908 192245
225898 366851
148683 115387
255981 185880
330446 23558
203201 53305
250594 281508
53058 219412
209147 358279
98469 136383
24364 111460
349693 166813
141541 338398
104087 166760
90693 65428
375967 295078
226179 239911
294221 145345
287348 41399
24057 32904
228301 299418
176884 60879
54235 180712
11332 142505
195467 25817
210736 232559
62469 203016
61240 10421
159696 253306
114766 1586
134418 338534
172237 129601
111729 86881
328858 118450
14877 20633
304416 245538
328920 160631
176309 116744
4518 106421
317920 361898
53203 228557
