45 351000
7790 10334
17359 24988
4309 16917
21747 21213
733 2787
16725 28257
17882 13925
5276 25847
24879 4065
31027 17714
3239 13067
21663 3217
2044 23147
9548 6522
6509 24325
4994 30578
17773 4365
21037 13905
1352 9879
2396 29571
7011 8053
26253 2282
17024 9037
16078 25807
27973 28174
25409 22097
11477 6512
27512 1542
9756 1123
18837 20550
12608 12288
2726 1188
1764 30332
25852 29751
14417 1189
30890 14310
30909 3119
28352 11285
16662 30699
16499 11957
22598 8639
5370 3607
12642 30106
26780 4018
27308 27511
