45 2310000
104468 100299
58522 153188
56673 68082
171895 64127
70549 87617
118316 141886
194771 61671
17616 15826
99267 43548
5784 87665
57144 53290
2056 44357
91562 199279
30020 96835
78260 55761
180957 19191
42031 168745
175150 179837
33889 85022
168948 28821
20625 40104
82191 104183
131265 38727
160585 97397
57164 176618
119570 21991
106434 163309
74151 151172
140917 155015
171580 21426
12708 9846
189733 135177
108621 35412
187220 201855
159378 155625
168606 146399
184491 183504
43281 177830
62301 124008
183603 124299
46453 63827
10236 107663
14499 120471
36585 158242
144772 77990
