45 1530000
133308 16361
46764 45504
14813 57839
47455 86057
40911 133741
48057 63377
113563 123041
517 120411
77611 93316
12662 96985
86048 97133
108497 13047
128214 116513
114031 59863
68805 101838
93094 49254
127317 93144
124539 121583
24596 120470
34823 93126
102559 29530
130112 92931
39611 51654
22872 16621
55278 131020
6316 38408
20274 39740
120873 115933
21836 35578
9953 83396
12956 105149
50699 14186
65631 9275
51976 80389
37518 83693
71311 35577
130150 120645
54363 40548
119460 121769
121988 68357
22041 94453
33346 41434
88133 4545
42316 5089
64673 130316
