45 770000
59794 820
12040 27088
48919 42898
17354 31382
30597 53950
59914 68424
36593 31029
5241 21153
27207 13815
27835 57430
20224 56719
17526 65804
65083 52950
4165 18496
880 33035
16125 8718
6929 10906
2312 62484
20646 37982
27701 28750
10143 43334
16658 20611
19638 11446
62966 41856
59369 7
49762 15837
37847 45826
48850 4739
62096 57260
23605 40514
42646 32779
57779 23062
67178 58956
13858 63985
27696 61875
29917 21735
61811 46277
43388 11203
7285 62623
64874 29173
6119 41814
33812 28082
4357 56756
30319 25925
20218 6963
