45 266400
6130 17977
21819 16608
4115 23145
17426 11623
14334 16497
2140 4497
19004 21869
12812 18447
23589 142
5257 12941
17837 22487
20043 16642
17066 23368
2418 3714
20949 15643
18865 16374
20149 15853
4809 23586
16478 15381
23233 8180
23633 5491
2986 15722
659 15944
1688 18237
12159 18162
18310 22254
11744 14388
17707 4078
15834 23581
22463 11117
21527 20646
12249 13483
16724 16399
11231 15708
3387 19382
21488 8495
5318 9873
2219 17717
3976 4957
21925 12457
14058 12188
20615 23440
10131 4512
6061 22574
11963 18419
