45 1980000
37790 39590
147400 64836
78580 128784
80057 9861
158490 12116
136701 49681
95003 81294
168192 47689
19555 77142
68223 49085
115658 120008
9484 50835
8892 71104
56224 174885
154474 133416
40804 73262
80017 9081
166435 100004
50193 34559
164695 48941
29854 164320
13340 101067
63851 83442
70327 107968
141948 127535
140679 147790
43217 82750
52486 43834
124914 167009
14455 134616
2512 19136
127 60007
161148 97406
44817 46864
49289 142082
48584 155318
19130 61665
63273 76607
2635 105903
128199 70809
84202 1385
158113 100021
43686 89961
19367 94774
94891 104248
