45 485000
23408 39277
33566 6974
29382 4634
23889 14097
42512 23822
36271 23562
35713 14624
22604 17728
20416 276
17847 18871
7062 39144
16527 16024
37663 6556
31210 19493
17646 20166
14071 36716
39357 14138
25129 13787
14337 15434
16740 17800
25775 15073
10878 8663
40631 2788
40921 39415
30774 18311
38034 23031
6235 32041
13665 912
3741 5034
5051 7558
42220 16394
24646 23185
4252 30083
34959 33870
41147 29360
14410 11906
7518 21359
18650 30661
4364 24282
40062 6586
24811 8951
10101 17359
25319 28199
14952 32667
4212 21172
