45 421000
20554 36546
10777 17571
22497 6646
28714 19379
34763 13381
22399 22062
33644 32020
19640 20858
11973 35079
21716 25950
10849 35585
33666 3062
31301 30867
22310 28743
34975 32256
25769 8593
22988 22248
22367 24071
15497 15516
22767 24930
14264 12181
11586 4511
1358 8367
6799 17651
34317 2160
4707 18928
17083 17939
17374 4957
21659 10426
36846 28527
2322 19661
30404 12983
5781 27675
2166 27532
26560 13526
17382 22731
19470 4646
5762 37143
8102 21892
9774 22978
16036 16231
11939 254
12500 7561
4054 4925
26170 7526
