45 3770000
190265 98777
135879 121281
15478 251454
165397 254694
232477 332460
217414 90550
4391 75448
311283 181638
266 220451
202314 2440
193522 197837
297762 12886
282646 304709
111894 311043
29918 71518
25260 218872
155081 8851
142374 188386
25211 322917
206161 173266
20770 230694
234257 123191
241244 250287
229342 201731
146178 259881
233327 183522
292670 37245
102155 246119
203648 59703
167140 319776
57202 208180
75057 212956
103300 309493
17204 15441
318983 309545
141750 192953
324787 114862
281234 237964
91063 165533
130516 316260
227366 208097
90813 65960
100725 88241
281168 174314
68293 155674
