45 2380000
210513 111552
9707 23893
92951 164280
189859 47990
55996 9543
113532 36171
131903 125568
166620 162438
175192 148727
208300 99517
119531 123557
70024 147788
165744 148344
209638 92460
26142 27583
195701 77355
165770 1509
153737 160632
59204 21801
161659 74439
206350 96261
205627 19391
206800 26222
75318 201193
22605 145454
22341 186816
101135 7867
134379 13166
140273 123799
53565 86234
130369 104972
55517 200193
193271 154538
151242 130070
211274 56094
97415 8401
162343 126517
198031 94470
132563 30903
80932 76271
174918 66254
31810 191319
180728 163984
117635 148156
69612 206714
