45 418000
14677 22838
27091 18932
7028 31544
35082 14885
32750 11541
1470 6699
23722 34280
24754 7077
32983 26488
22480 5978
1832 22720
7365 16166
6048 27452
3184 25634
8277 29072
33023 26994
1851 6171
37064 21585
9189 23095
20796 15767
32286 1609
22028 19488
21958 5065
19475 18408
28106 21022
17486 35929
8599 3486
11661 32515
29977 15874
28946 26544
23747 23956
10660 8586
24808 11977
9247 27246
32034 24754
9696 15526
11743 35
15602 16118
753 3046
12845 29495
21934 18684
1890 10564
14398 2409
26282 27675
25320 1043
