45 229500
10664 12481
12956 4261
19794 6637
20313 1475
17432 6685
5738 1240
1174 7025
20007 10888
1647 11182
9863 19644
6734 17777
12268 9238
18712 19898
17739 550
3725 12168
1302 3525
12052 2180
5240 6820
9393 4372
8561 13528
13190 17960
1088 2457
817 16836
20358 5276
6519 15161
1855 6550
2421 6946
9455 11768
5268 14610
14894 11427
5184 12225
14536 19976
7872 6002
1611 9108
6244 18600
3285 17875
5089 19725
7614 14544
10804 16655
19205 19691
7808 18333
13253 15146
10240 7706
7430 13139
8239 18038
