45 298800
14219 24774
16342 16552
26539 1811
9344 23375
4076 5810
22775 8492
12759 8408
1142 7176
24335 15329
4367 19392
3162 7867
16108 13851
4004 16369
10361 4569
7952 2686
9387 16349
17198 14282
24652 3227
16512 23656
7692 8127
22900 12775
8676 1741
9104 2529
8547 22300
15288 19709
24923 4047
10357 19519
22083 10653
3896 817
5903 18580
13068 20726
26267 24639
6239 10009
4141 3213
3764 22214
7781 4518
9872 11547
6849 3076
17317 19627
21171 17585
22690 14298
2409 12184
13954 24102
15447 7785
12229 20406
