45 276600
1197 3971
10720 2069
23228 7925
11750 12182
18745 16537
22548 17327
13062 12806
4985 5740
13490 23456
7528 10268
17922 2301
10860 19977
10657 11495
9853 11199
4537 23163
838 12007
24091 18764
18199 9832
22269 18441
18864 18352
14555 4306
7449 19553
7987 19981
23310 17358
13061 18354
24048 21506
23295 17812
21313 4735
13082 12287
19981 11625
23178 2140
7617 8700
15996 21660
6746 18527
16141 9555
12876 5971
4819 7633
167 1182
5881 5122
22085 7779
9983 4784
23125 20928
14082 16454
1958 8994
16587 2597
