45 459000
9917 39557
37543 33746
11824 14068
19166 33067
4345 7765
18848 8111
15020 40515
20803 4822
5871 10099
20901 24440
18230 37582
11241 33386
33963 7663
25951 37988
34441 36933
28964 28496
5756 27418
31032 29399
12371 4388
22199 28829
11649 9677
25974 2220
16615 32725
37878 17449
33835 37496
23383 40469
3765 34868
24881 28782
22166 23213
7778 9689
35556 4764
33705 8028
35583 21378
19604 20630
758 31559
26845 16383
30679 23546
36001 11446
6081 36120
25143 7438
24901 21238
11077 34266
9658 29561
13520 22439
31421 17487
