45 1090000
66553 59536
93856 83781
35854 68608
90092 43879
74098 20402
57367 70270
60362 33537
59435 9474
34978 8505
70351 50745
49166 81069
70288 57471
21355 32708
52063 92764
32383 51074
25200 12981
96419 50245
91903 50392
59794 76909
6956 81230
86282 30204
41944 84221
9732 3489
59944 86711
54391 43156
74196 5712
13430 67302
77634 81637
26686 78533
44670 11658
70246 9724
52759 78267
45347 36632
30800 71425
65646 52135
26108 85200
90416 3399
90501 73482
83167 51958
49408 47628
68230 18791
85577 74212
19706 84205
71996 700
89674 48119
