45 288600
16166 523
7146 1240
15859 17573
4049 15470
1167 3391
9538 21101
13096 22068
12759 16564
12515 17152
6139 14053
21039 24965
22703 24639
16368 20443
18953 11050
8199 6495
18245 6636
7324 8575
19950 22911
18902 12262
11338 13589
11659 12878
22034 4605
3952 14342
17425 17449
8660 20922
15328 18891
5641 7954
20710 8776
10752 7331
21969 22594
25129 22064
3155 20807
5681 9924
20640 20534
19508 19506
244 3609
19487 8238
19546 3353
20136 12567
14929 10636
2960 16500
21938 14478
71 9493
5281 8175
20406 8386
