45 430000
29698 35983
13815 30996
15653 34915
29131 19880
20063 14633
23191 20699
25166 13011
30829 6985
26557 33621
26191 37862
604 37853
24464 37704
36286 10535
33122 35877
32646 12061
8857 31786
5248 23044
23436 26237
6430 25019
31582 33721
14425 25639
16457 38115
12690 11758
35695 17717
343 27336
10988 9080
29916 282
2851 31883
15438 30843
27724 38062
17998 777
21999 36069
18231 16680
7178 34791
2199 25685
28943 21751
36562 37778
26233 35647
12506 26468
1751 10019
15232 20662
9446 2567
32496 8300
22637 8050
8433 30623
