45 295000
14488 11309
26176 25797
7214 7082
20169 25509
20883 6069
3913 12642
6593 21088
22360 16001
17948 5949
22959 22380
18254 22019
16290 26016
2180 2741
2955 25435
10017 929
5298 22344
3039 3231
23502 13441
3143 20159
481 2015
23760 17934
1961 23105
9882 12245
13934 11104
3243 11351
3938 24570
12285 3251
5254 2461
19902 4402
12513 1845
23825 8604
24444 12413
20470 1962
5912 5628
9556 7588
12994 15558
7513 2656
23219 24839
6521 8316
4556 13128
12225 12470
17288 11151
23286 18231
17305 1078
11160 26014
