45 235200
7273 17713
19804 19571
17490 18709
69 3939
6378 7901
1339 19027
18054 2468
12061 20474
11904 13380
12496 5142
12007 14779
1261 2856
5725 11748
11926 1159
3857 19566
11013 3531
2815 3127
9048 12025
19396 4616
20558 11532
9164 9425
15625 242
14726 16582
19143 10820
20589 1497
20042 19009
12761 14389
14358 10644
13438 13233
9861 15823
7321 7161
6741 19805
15607 1802
7914 8960
6335 3169
7352 16046
4874 14130
938 3710
893 5000
724 7823
16554 20775
17386 5160
2616 15933
11181 11988
8620 8489
