45 3300000
124304 265602
185445 208633
43626 69290
76306 279773
103318 82778
57075 240297
48594 157258
39720 112338
102173 155832
11702 161712
257212 272945
15569 22539
182366 113680
103092 1347
225530 59792
68837 281912
137752 49409
254898 195307
215701 656
18472 84099
179698 32113
271497 107763
129532 93315
131547 187264
15023 219261
204240 16903
90764 162530
263905 64157
236847 180644
137793 271891
203016 17801
123559 97870
125567 41084
88409 183179
254368 97305
289299 266500
63611 2925
8329 131733
145088 212752
138129 140222
89325 256683
13644 160261
226943 280702
62488 181947
101066 94339
