45 3940000
109054 279331
189724 263257
310935 33091
79210 279057
321998 135020
253647 263746
147271 188384
84651 59180
230957 327236
1914 4173
69125 7136
286888 195218
188260 182696
290847 282728
234709 177015
127912 243833
52194 5663
143245 160724
737 246142
94719 333180
146426 135117
231711 11587
9928 67603
137315 185733
245780 340082
226632 259160
36262 225239
267502 10973
47237 138915
331503 259852
276794 107421
329517 17844
346369 142598
235600 151376
324632 169043
261339 182786
261544 164013
295956 238073
253339 303854
13566 122795
200825 21227
184180 219615
30374 269134
94702 159114
224258 216230
