45 291600
14711 23638
24833 13068
10952 18375
21270 18090
10831 21453
24345 20074
15450 18036
18112 7653
6350 6320
8974 22384
8130 3896
13721 10059
18619 10462
17759 5583
7211 6240
21227 14569
19938 16144
1370 2450
14159 10102
3501 8336
3298 10358
23255 23367
3677 24899
6313 20667
8867 19091
597 10549
1391 24251
6615 19397
19979 21658
15685 18843
20425 20956
18480 22145
1575 5413
22150 24059
9250 17038
19961 6681
4830 14055
22985 4914
12782 15910
20851 19415
21191 24134
11464 9366
17960 15070
11919 2397
21720 24942
