45 4150000
152939 356349
192980 312611
311944 101016
126057 217742
300216 273443
143701 110317
260022 211445
104085 145191
246675 84248
267771 252699
286897 235663
65326 26933
27332 133641
152480 234490
287446 346343
221074 210259
340633 209290
185828 53066
309832 185071
94811 138814
6885 40827
46366 95980
120451 52421
107030 249615
330474 366766
77845 192343
349105 249042
165615 206838
166082 84334
126170 39103
145188 310655
53839 318809
90993 210501
87141 225233
87087 203197
220892 88450
317924 151553
228623 194652
342134 351328
57067 243201
7846 244101
61521 197296
115597 115467
46266 204305
217826 111603
