45 660000
1882 44198
6319 28161
45164 18011
23795 44325
14168 14401
12071 19046
38758 7315
29656 47250
33836 57133
49536 41469
17303 43831
16822 6951
28254 36100
43652 47742
27147 37773
30285 46357
44520 26343
35578 13421
3593 15327
42392 21079
56768 5444
17192 28514
55391 45346
53360 23297
56643 16797
53932 31271
5708 127
29854 45098
30605 5969
30577 35586
45107 24581
54654 3452
45757 11102
22572 27723
143 48392
12213 6959
47115 4623
4956 31538
34630 44440
9805 9846
46890 7622
51343 23762
44472 50377
32911 48931
11573 30245
