45 3410000
124648 91932
246155 201613
235133 159131
102871 209268
61839 165709
297753 53982
202261 4033
120721 25156
184555 283728
51984 279537
91958 179326
9730 97864
288713 248035
206275 239930
190487 44659
256766 294871
184789 187314
76388 53932
180239 170097
258342 176120
61240 105056
23565 277013
186729 293869
59344 237396
134112 258673
100868 117130
154943 102000
301307 283512
95362 228834
183892 159949
226757 291407
187758 182463
196768 142909
25467 239114
59600 148163
21454 208145
56757 127087
142832 176909
90824 192879
294663 177925
129414 101205
31575 53909
20848 117517
85418 252477
110687 51403
