45 3160000
96096 247984
248677 8472
245189 13645
31822 77066
101383 80857
250485 250092
264527 24519
21005 889
130844 64488
244378 213492
260227 238465
68449 206103
272182 203864
259125 4196
243583 171149
113322 95318
64150 239936
169212 193774
117776 101370
185313 188247
185013 105141
266399 209388
194343 194280
193105 205458
58664 69279
128688 123728
29201 198545
107969 215744
219423 35758
185233 252453
80866 40033
189153 203580
237780 116392
96311 171356
13500 128964
254433 64223
276967 105169
197352 174930
48180 244615
236441 272348
159336 45698
214596 220389
227156 7982
109067 171903
11638 143998
