45 377000
4680 19277
23261 21839
19557 29288
26968 31853
4882 5277
11325 6808
21752 22691
33206 3517
20759 6477
20978 2823
11003 14835
23943 31541
16689 1750
5618 5202
30162 33289
2875 13194
23519 18293
13703 23502
10221 5873
29781 32069
7930 903
11863 11708
18061 23845
15566 9286
21120 30594
9297 27668
16914 32917
31446 27171
19818 1326
12042 8116
7085 6894
27066 14293
32808 30130
31193 32830
31276 3682
15204 10486
12428 24385
31393 19593
11316 1222
23583 9480
8294 17614
15722 12627
6220 19406
30147 10145
8223 17173
