45 4240000
370931 240618
71343 170474
117263 212838
240931 331700
273665 207862
20088 349797
331606 147298
286205 94648
293749 95345
25538 137214
356696 140423
374403 238078
169000 372892
111111 96040
183709 79832
155790 228502
3512 1582
114785 147996
178962 309160
63703 302444
126416 316233
128581 299281
41335 145167
94732 36390
72831 225916
365154 332178
175805 288223
13550 225966
24043 98956
337932 268036
242095 112547
501 208437
186427 229197
375328 339084
343261 65048
282888 206825
35131 284680
299758 57505
3988 18603
234322 341107
6780 106704
26101 130945
187967 313058
40519 137210
345702 222861
