45 1010000
49889 15088
42879 19365
45162 27449
33000 42926
13290 5086
36838 51930
36915 51051
85112 49511
59605 75080
40965 76030
48774 65834
51293 56511
18241 5414
89340 18241
38176 3178
9298 1244
5992 89494
15737 12251
65775 16469
30721 20145
49388 34809
71639 42332
30157 26196
10686 38489
26231 29001
9627 25003
7764 14406
23333 85897
52101 56280
88025 86598
18282 74363
38952 30322
26034 4337
6778 35363
71703 34755
78565 5173
26089 20659
41378 85578
21911 79443
2053 86584
56771 57503
63317 21327
23773 3757
78492 68508
18128 40939
