45 298200
19123 7318
11799 18435
16796 4933
1843 19244
25696 25131
24300 20378
23995 12360
25780 11431
13825 12417
6143 15282
17801 24351
9525 14765
8596 14951
22753 14129
14799 4710
25570 25537
363 22560
16490 24068
10272 21740
25578 4139
13771 4493
23195 2467
10769 6548
19558 14471
840 11317
26480 5047
5143 22394
854 1502
13978 23397
16147 21275
2846 16492
7914 886
5752 21493
17593 9237
5828 2490
19724 20002
21922 4485
1605 23176
19813 17057
20 18559
26426 4722
8287 23596
12493 11158
19245 10461
18644 16442
