45 1870000
117429 43133
86502 124221
152194 92488
63932 5057
110930 108147
55588 152837
109727 11414
79092 16429
146569 69575
3362 149512
92114 95473
69033 87954
24810 141342
36815 138558
126326 158125
91887 103932
20915 31159
153694 150099
119060 14616
73089 58901
48158 99624
132767 77574
69927 164225
70272 29760
144411 110218
17331 27060
155498 148770
91568 91955
98422 3796
141198 18009
33313 34060
82479 78569
102759 69654
94018 61041
60804 148271
21034 113074
90527 85012
78185 85486
154130 138661
28498 63610
42997 136672
47368 33215
31950 27344
144829 80728
39513 72766
