45 237000
19969 2771
8386 7552
17300 13787
11351 15562
13333 8052
20476 9961
578 13147
12829 16510
18455 12793
11292 18028
17493 5020
19518 8228
18245 7239
3414 19665
107 6850
6477 737
9553 20114
3639 14110
7245 16229
13720 16037
944 16859
17382 6620
8014 19642
4455 14424
20873 15457
16085 4152
12108 20689
15435 8221
16305 21000
4418 8480
3268 18353
9226 16811
5466 7061
10615 11453
8724 16183
11282 4849
12765 17338
8006 12482
6751 552
6538 12895
11719 774
6947 8731
25 18588
8068 11924
1615 7912
