45 630000
2292 37006
53393 51815
730 20317
7969 17488
30002 4395
53448 41483
8417 50437
23790 37211
42098 3482
24983 1423
28422 17986
22651 24948
1318 51702
47993 44426
46231 35518
6630 53123
35449 54672
25460 7603
47962 9192
39852 22840
3302 6413
22362 7376
4576 7829
14984 8011
51567 31066
39210 5936
37044 49526
13852 42957
34737 42476
23634 34835
34677 49724
53623 47377
8729 42967
9866 53090
48393 42925
20464 2700
31263 42732
43660 34201
34624 43185
13546 32602
51957 17451
19388 38760
34383 22051
39903 4397
8139 31307
