45 244800
13548 4684
17576 9964
3943 8992
6023 4371
20291 306
16613 4666
20692 12225
860 8505
19389 9185
4866 16567
21431 5445
16951 1554
16409 7882
10947 10017
18508 19829
18441 12633
18999 13014
7458 3989
8206 15107
6945 16398
20156 6009
11585 5560
1387 1492
20230 3062
16520 11582
10675 14574
12185 14090
21118 2570
7565 2159
20424 15815
11386 140
9135 19768
18636 5226
11444 13250
19186 21450
2546 10579
7241 20829
16083 6588
8471 12288
13171 3078
9309 7688
13067 10151
20581 1358
16680 14178
861 5161
