45 1540000
46235 7835
17324 128907
64903 96440
39751 86013
17905 13384
100873 33632
62893 133640
83227 60243
3965 34321
16983 122570
98036 48475
16283 118893
23872 93281
49787 129355
63791 102430
121772 60032
35536 56983
110955 115071
72781 7372
54794 85306
78107 62296
25029 5626
6500 111334
62487 97146
102674 115532
90089 106281
121403 82618
99262 95614
45075 118399
17641 124799
132852 97091
80473 53493
99436 67827
23156 123857
84758 118857
126785 67371
126596 71242
112218 5447
25449 99392
40861 136017
100958 53853
43724 128606
61484 58061
61363 3970
90803 115046
