45 236000
17857 11737
11808 11902
17731 19619
19488 18733
10210 19846
9127 14354
7526 15207
9354 5007
16274 9811
15505 3717
10932 12445
1888 442
16408 10048
1442 19047
1839 12438
4372 4203
7442 17885
1647 3165
3555 14875
20736 9044
11585 7177
17214 12000
9907 2596
19549 15559
3100 10807
12688 17501
14145 14161
14937 17971
4196 10747
7993 8215
7114 858
20010 20632
4069 1283
8194 4891
16164 12114
4514 3271
8474 15275
2649 11537
16056 19471
20735 20932
6139 9305
411 6888
17278 10520
2247 2810
19667 10510
