45 265000
9033 9836
3936 17087
17066 421
1138 20900
14221 22913
10067 18907
8988 17871
5640 21629
3806 14080
22661 20714
543 13216
3304 12826
13165 19623
17400 8538
12949 17292
2511 8353
14004 6157
46 12265
7795 22754
8312 17305
2692 11832
9983 375
476 2427
19085 7659
2137 9659
10209 19002
6795 15836
11951 2137
23315 19659
7439 12969
4612 9565
13045 18821
14690 16412
20153 20882
16992 3955
17314 20316
6636 23169
13896 5113
18862 3310
16814 19787
11964 35
6747 18886
3277 22553
5295 20023
23467 23394
