45 3020000
238749 54841
109278 264881
88673 87987
139970 230418
261582 70049
72940 236780
68900 16841
100576 9020
65378 135449
82968 206519
125259 112384
100833 171191
111368 11295
74913 208181
181800 240239
194680 81358
179900 23950
142308 171632
224370 232518
160258 133614
158190 62603
17985 101876
33416 237848
195813 259731
135749 107227
114677 35995
177093 135597
189190 121621
163942 149718
182070 232719
186369 89601
235622 73122
231334 212711
163625 153043
140825 59527
34742 265416
54548 217672
98909 99727
148411 167309
70192 23417
63568 7046
241875 200283
82846 249809
29342 229415
41517 258672
