45 194500
13143 4663
4179 13928
9848 9631
13787 11975
7575 11098
4930 1203
13423 12531
12691 10857
11395 11169
8678 15966
16769 12379
12594 2836
13693 9173
15913 6886
17283 6237
5212 15415
8335 3110
9580 10655
10620 13995
3496 3396
12089 2404
4185 13654
15202 13207
15480 1076
2309 15131
2285 6457
13679 8553
3499 6889
15868 4777
1303 6815
10698 15054
4704 8184
16859 6266
13872 5087
10390 5847
16976 6741
14673 3330
13440 323
12774 16807
15953 7285
13998 2187
13192 13898
9186 11054
13475 5323
13897 10482
