45 1360000
74698 68571
118924 84177
66497 80573
81222 28828
54723 94190
2721 114885
11938 101987
101560 101194
19877 53252
113959 33309
13312 116982
114962 3738
99248 78147
113298 55069
55662 1808
81761 58940
49366 51649
67760 318
8737 104922
1120 85207
107372 69368
107642 119698
40926 20888
98617 8182
47964 7421
73098 30240
44495 94321
3321 24711
41761 81410
54968 111752
42504 104595
20104 57289
65077 48743
104930 71470
68882 82803
108805 64913
108907 102518
118173 19197
83392 77451
81787 17671
119396 46663
77960 101132
28349 67720
9668 35401
114741 33951
