45 1210000
8238 9369
63314 10258
1496 45288
99890 56742
1964 77437
89308 47285
70844 15692
17599 42464
41074 57036
71158 18738
63884 33036
38414 33293
71840 89288
63340 28878
102165 16984
53927 91544
13724 26683
102346 76694
101969 55
52467 59113
26916 14936
67676 36746
24776 93978
19861 8186
91721 5974
12153 73567
76475 105854
86885 80753
34428 835
60723 89179
80935 84661
99502 20420
73852 16119
70682 367
45264 27314
103378 61598
61047 40508
77587 20773
44211 87881
25795 100264
32063 22355
44679 103769
72011 40898
17167 44135
37638 29288
