45 3820000
239713 315413
53524 271267
270586 332879
217627 188637
5922 292451
102204 292335
207872 257183
50841 164977
322139 105919
228843 282536
4616 303207
329644 304931
300765 196886
161219 206536
290777 262352
137806 80413
3546 376
85531 118132
158783 210190
247858 281172
42977 79458
235383 335195
203887 93229
104165 254614
130061 287329
168092 217326
324732 40362
287616 170994
336158 40317
90475 17285
321846 219173
228655 196300
133940 64946
288776 86380
129970 261871
164822 222975
40507 152274
93069 160632
220876 87177
185703 152909
39874 315965
234923 38226
133219 114408
162676 88277
337239 289457
