45 560000
19110 12761
25563 29974
46948 11650
37332 7729
17829 634
10716 28464
46734 24938
47700 3282
44189 33992
35256 6705
7099 37303
10263 46428
11307 2838
38349 1010
40857 49115
40463 2646
6284 40335
31800 3578
25437 23787
30947 10728
21457 42787
30538 41602
32520 45444
11330 29223
31180 45850
23531 44959
1818 20825
46164 14706
20122 38517
19623 39921
15857 28458
48374 39154
42576 17988
7963 22617
47385 6480
6741 29209
33147 38483
34148 8550
44747 23981
44949 46229
49485 43396
2016 40060
26660 40213
40891 26570
9491 44579
