45 2320000
28019 50251
151183 72982
69503 48443
187505 19836
52043 205714
165889 81097
36905 116546
164473 160956
176751 30343
54707 47212
186390 87553
144251 112165
112119 162447
43545 48857
132591 129378
17951 165619
62400 100801
149526 174131
58243 166897
177224 168051
151795 183377
3642 173933
107610 96550
54438 117838
131062 24455
68800 62863
205345 51630
175111 72545
151069 40838
53685 43453
137865 119739
187754 26257
134740 152659
185281 158242
47056 177138
112903 60316
35750 85544
82866 77416
151633 169342
61067 91168
79114 111087
14329 194387
32733 184643
39774 202
106361 174625
