45 287400
10148 22552
16950 18542
13296 7967
22227 22106
16818 19285
19428 17075
12129 9155
24045 11757
5066 7125
6454 16113
2375 2771
24150 17333
11746 5080
2385 8682
11924 476
8323 11683
5461 24201
21774 8255
11677 5865
17863 23898
8607 17586
5470 9747
16656 19502
6821 3570
21164 14629
19850 16601
23461 21834
20478 4928
1641 4554
20462 17705
11635 21346
18155 18115
409 22399
8185 23640
25383 14374
582 17267
17429 23615
5155 17820
11326 23056
20961 14496
12453 14851
8587 5781
24434 10793
15948 19908
11389 16973
