45 261600
16084 4906
658 15031
1127 2346
22641 11419
20224 22960
11955 341
17349 23184
13787 15389
9446 9044
5693 12147
8874 22387
22734 18385
13606 12812
8333 853
6767 18643
2603 1579
2369 18006
8125 4847
817 9343
23034 7274
20206 12228
8630 22551
18427 1111
13614 13857
21168 6984
22531 18111
9085 21912
11742 3670
12580 14820
12086 12336
16619 17660
15806 2426
15893 9580
5385 6697
20872 21826
2782 16702
6752 12497
4674 38
6829 17851
15312 6459
19278 2718
13219 12601
18097 4232
19698 21479
19403 14980
