45 4810000
381670 33154
79337 356645
99444 113744
11991 138879
171203 6976
371582 386625
347916 368988
132586 381479
122841 106173
34789 264233
206373 403622
174224 49617
258119 336072
211005 212009
415256 149089
357255 60343
101490 199106
393316 85142
202759 15070
211670 115575
253361 4972
332737 200191
108938 64944
96336 57881
178873 356476
354244 348694
156148 21099
322344 38329
412392 394128
21369 421018
92765 53418
267314 338146
102177 219138
381451 277548
74884 89605
363544 65713
5758 220167
221491 378008
368782 13451
155695 226714
156579 147551
139988 275076
104719 338812
396214 190881
89489 128942
