45 267600
17926 20106
18029 18998
10673 6794
11607 20792
22970 9709
5512 7723
16618 13165
2924 1525
7975 342
16762 23642
10466 3229
9401 10317
3113 2684
5627 12972
14943 18918
7399 14823
10219 2381
21699 17241
5404 478
2276 4503
9026 15601
15069 22860
21599 4226
18534 23598
8727 5105
16949 13984
10028 20952
9196 2372
23322 21451
6259 23198
16244 9270
18653 13546
11087 6331
20261 19888
9943 8486
18988 21441
14868 4445
23353 3689
2395 2476
18248 9922
7820 1999
22732 2486
10041 10169
20063 98
8601 19899
