45 226800
4240 2652
13923 752
6525 8002
6355 15195
6595 18522
13375 8694
17065 3026
19339 15522
14887 13697
19191 148
3354 3874
9416 7012
10230 15687
18965 11406
6378 2994
12489 8846
4416 5665
13400 8565
7550 14858
11160 6786
16870 13065
4641 18005
4929 10795
10171 1591
4202 11541
1544 20073
14174 10648
15130 16882
14831 4777
19632 11875
8129 6695
2217 1603
16593 12542
7656 6970
13351 7418
9810 11193
5401 537
14735 18623
5388 12721
15289 8034
12886 17168
1747 2204
7672 10628
20009 1239
16235 7396
