45 253200
15745 14058
6407 5594
2860 14386
18056 12792
266 19304
17079 10911
20227 1908
9839 550
7603 16523
5449 18087
320 21899
19713 15123
22375 22229
1411 19102
12377 2221
1364 151
2176 2794
2791 6430
3211 20449
2244 10007
15369 10945
6605 14126
1466 4029
284 5154
6891 15783
17572 7947
1450 16131
6137 11583
10500 5758
15747 11032
4841 20746
1269 15367
13009 10183
16669 12375
12604 2571
17896 15726
15188 16815
9534 7257
4134 5775
11581 2992
12010 7640
18651 3490
16691 6452
4930 9624
17969 10538
