45 900000
53083 63554
67711 79380
63778 71318
24369 51254
50252 75290
62356 18200
77486 13077
42565 39093
43327 7187
14935 18593
10835 29773
27469 33754
15724 58353
31853 22522
33365 19761
58679 69549
46488 56020
481 53780
46008 44343
18101 31830
20263 69079
51169 44331
35158 17691
41510 15363
38129 54615
36069 8160
966 63284
39118 74650
9363 10756
18930 2618
55811 73559
50591 13943
25044 45651
3429 2815
16101 47705
61600 71267
73124 5178
2141 15830
36431 32519
20095 29798
623 12995
59505 48245
8700 73357
75054 42063
12402 79314
