45 406000
30451 21301
34086 35717
533 6493
1023 14244
21937 5055
33084 28899
20597 23628
28860 4557
3761 34821
28796 18587
30726 3209
35462 13915
24778 5300
26730 24166
24068 24811
22647 16125
13171 14047
2515 14959
21292 4632
24247 16946
13660 1979
3432 10665
28577 6774
6444 21764
18550 18681
22864 20655
3619 20747
6016 7524
17775 1412
15044 12215
15768 26481
14077 35615
21309 18433
8439 24515
29043 13174
25708 8474
34311 1556
23210 32176
9732 24204
26124 26910
22159 10832
9905 5395
13498 5506
27215 27451
19646 6285
