45 4400000
13836 390823
38312 207589
385709 175947
315154 85322
57079 308805
89491 153022
65088 107479
251912 87169
183309 50233
72057 356177
216204 26887
143235 145091
276975 322537
176349 79202
379201 390521
183562 377584
351605 245460
316189 361057
222984 317679
304829 19013
381557 387286
33552 68986
378735 289503
289340 320733
243238 165712
89307 181366
278619 385247
143154 83331
240128 306758
325091 34053
293067 72083
85434 214565
148351 43795
7659 102088
38046 242741
184940 32242
290495 151481
189459 111836
78956 236149
44260 74969
99758 129120
354713 23806
71788 262115
27552 220522
306821 366810
