45 2680000
117810 160158
19875 191751
163281 10475
92300 202077
64675 70695
77894 204960
24083 123788
131932 142538
163435 158548
31930 166917
193444 98883
180041 159394
196455 204667
140856 178365
189545 133605
9689 167851
193741 176561
161294 8853
67862 102417
68208 92793
161928 89466
218568 108227
136617 174145
235124 153708
81608 32190
29858 155771
77000 4905
177454 59250
26726 179342
197600 125695
201212 18731
123266 215274
137708 199853
85026 9583
142973 132482
135892 204825
215628 13787
144957 30918
226074 62368
80463 110509
61100 196247
195002 76996
65492 37412
162175 232905
200612 63752
