45 3110000
85462 130150
57478 196106
273102 168859
26426 175553
92171 102204
246276 238305
209672 36788
183736 107787
183125 103559
131369 66492
143964 159615
37921 89634
151291 123127
70541 18365
145675 208904
85874 24534
276259 90888
160548 108475
155879 218311
266222 247304
121943 89147
148143 116720
268225 172504
62915 110550
25884 41508
38778 143548
249700 158856
175879 227400
77462 136329
29096 93631
213117 153284
29690 135753
183016 261689
86600 240615
170409 227462
274974 65849
178124 34157
100921 57081
266130 221494
216625 161088
43623 271667
13947 128917
193143 99498
50696 139804
52884 128831
