45 4380000
348531 98504
99575 270085
8265 195601
278791 144604
277315 154609
693 316929
222721 94403
278846 92379
17577 312851
261004 210782
350627 339510
182325 262392
180032 137571
17433 384532
33782 281289
309909 106304
323203 173791
121839 188286
10640 139673
260280 158057
335813 62504
22738 236721
156887 190977
164729 336093
168525 303598
131547 231474
22348 293488
340448 368850
98594 160176
325583 133561
304016 180210
170769 289141
278408 366241
310314 214368
72783 108991
181112 231451
47283 107759
97349 212391
130964 197723
328741 307527
280484 315852
73999 167995
75660 103515
268836 147756
56804 90410
