45 4040000
233724 297164
277949 351291
159854 350940
161152 227367
88353 79999
110777 145631
332128 43879
27556 264168
261543 150453
108828 48423
201442 829
318540 120889
64701 224694
275140 220733
62707 208961
213660 120924
131584 307215
174088 117749
6385 71446
313221 143572
348558 313625
167019 2066
1247 96500
277477 120267
342826 137028
128277 349367
50385 303800
305676 321725
126714 13821
321463 257660
275251 202139
99482 216791
145361 177167
240684 167228
146321 92315
108322 184024
105079 5900
232851 302919
26088 327230
177737 251712
213863 194201
338419 239447
73747 18082
26304 340782
35794 50836
