45 710000
18509 9349
52943 23173
21424 4424
33622 43399
24393 43927
42588 40488
17203 58705
30713 14757
26853 14722
17911 19509
23779 35423
13236 49296
12574 17801
51814 62831
48091 59244
16705 8996
47124 2549
41031 56543
40625 17734
727 3863
41568 26500
57941 24929
41251 620
22986 18683
10859 18242
43226 4371
49449 16344
16188 60266
57030 32562
19799 15800
54608 15466
6233 5263
61737 8733
11932 57603
17678 19560
37033 45302
6292 2328
1368 29327
51455 39817
12485 45989
14092 51376
27839 60573
7624 6310
14632 57712
15462 14824
