45 215500
10178 7611
396 18005
5445 4480
14208 16063
5279 15270
10913 15516
7516 12192
1498 14490
17641 9818
14042 14056
17346 18347
3384 3755
11029 11015
12423 6546
5886 1360
9397 1594
14983 18421
7740 17235
18024 1281
5538 4176
9453 7891
2901 2544
10840 17286
12974 9233
15346 4584
8176 11468
8446 2367
1473 16259
7122 13470
11603 5584
11533 13400
6219 12720
2976 16725
6013 11663
597 4805
14051 17901
11457 13535
8996 13451
4271 19082
13237 9014
11206 9051
5405 15242
559 18047
15485 3131
46 6454
