45 4350000
385649 270794
301607 42593
187232 331093
94330 14985
20498 263269
57159 379895
286020 237807
100595 50227
63162 158375
2465 256474
115330 372415
166922 380841
153641 73066
177071 15191
347327 131623
326062 26652
360794 765
371430 70355
47588 329688
30284 249219
53841 156192
57428 335937
170641 273783
131046 116477
47072 59094
273063 291976
327933 300418
359636 4841
183536 135688
71158 300283
6388 79301
245735 86329
82537 82243
337034 351034
250657 82021
241054 205656
345341 332310
52710 124571
196116 353338
194758 372260
95497 47183
107759 192826
231799 175690
242171 160292
290631 69766
