45 3010000
187767 38358
1837 77436
48141 9097
205001 4474
205702 115897
44612 176993
190467 244455
189135 187631
220276 173736
226905 218233
256165 182522
228622 69055
237566 79677
193069 194579
85873 93759
104126 232217
195416 23312
155791 194943
212798 8622
151176 34713
79092 144690
232625 123994
96772 133796
102596 64469
126156 56277
133055 201118
189575 193001
237633 169702
114621 143283
168744 207667
181736 82060
135233 145905
167807 2435
126311 106632
23751 69496
131412 107610
71496 161095
233524 114538
33768 55216
143541 55453
160709 6225
13168 259210
43049 215605
42588 3178
14056 180035
