45 4930000
425269 331812
239967 356747
265266 169574
147862 427433
122110 118074
52730 110551
16537 310181
332074 374937
301095 203059
358766 163354
351694 37689
31358 89591
237893 43694
123268 421803
121143 316831
28206 377227
429182 301018
13943 422968
235702 78453
50286 290480
91970 337293
60165 356809
433845 328016
376490 312068
182554 404958
409457 206445
316852 421669
345185 375137
324002 212771
40297 314905
306600 159102
270865 397714
379547 17055
322936 159539
339333 144237
435261 201369
149690 346324
413886 292454
397855 112109
223788 302075
69822 37118
415041 170789
141508 1999
215762 56273
249059 310097
