45 214000
16733 16435
12334 2475
16838 12172
13024 15110
12616 2485
638 975
15735 4111
2098 14354
11324 15303
18462 3465
6547 15490
16495 15507
10849 9954
3029 2114
6356 1723
5122 4872
4327 10104
6335 12832
13437 1240
4897 13543
2844 9654
7360 5684
8732 5850
7274 16412
9157 2599
1646 9640
12873 11174
17971 17530
16755 17316
14444 6540
15369 15148
1813 7996
10400 9213
17660 6380
9830 14059
7789 10386
3766 13328
17798 13092
15392 10143
1963 18866
17453 6845
13195 2100
12146 13840
14485 5648
13170 15442
