45 2100000
155370 43241
113559 44727
114387 182155
61328 185956
77647 38643
124651 38548
6712 13731
109159 120829
157301 72584
115632 76015
99253 5148
29443 104084
120404 165580
46656 132385
87212 140878
48416 125751
71022 174547
171414 12272
91954 147188
71606 104105
146769 175424
182923 163159
111118 172457
40406 82334
89890 37903
184840 104222
57893 36960
112993 24970
14432 3060
119039 166591
24297 117126
15695 185834
139616 169176
143069 3618
53255 82249
62912 51698
27583 89569
101244 39882
55039 111734
86984 14510
179574 28829
616 172595
11090 141263
100630 141677
42313 121342
