45 2170000
26007 144553
23674 152631
438 169489
187733 52255
108304 105851
62811 69852
112856 74781
45963 169326
16596 64750
69411 188502
56314 179762
132150 16959
102521 2587
104701 98262
127197 185487
139246 176613
24976 182848
105119 109931
184204 136127
25184 64631
44376 148706
148857 42761
95479 19369
134504 52742
4554 146897
5169 63590
68845 96401
17579 68483
25497 161937
88173 155030
145380 67202
108887 69676
185797 8154
53124 189672
8783 149325
122304 182179
112389 93714
116014 172391
29121 16943
151338 111222
117621 65509
60252 16284
65982 49206
126150 19440
10903 124577
