45 3130000
85896 25147
9681 170771
255536 270782
71556 171012
18076 264744
153131 82571
228518 274405
255882 227739
271044 79418
14853 249218
127566 196401
114629 218477
257481 37524
125217 80853
274685 234958
217747 223670
274487 266941
33820 245140
164622 111010
39729 86642
224670 71712
43662 184488
173158 18119
30543 135907
240883 178376
229536 80809
44546 48945
162343 194823
30697 272420
153032 90321
61894 233087
139445 236545
93429 126357
151276 197242
276112 51558
217936 241732
131874 258115
89837 195531
242911 60460
167652 151025
100024 112598
2644 188000
50808 261260
9855 72536
196165 43917
