1000 5500
85 990
894 882
772 567
793 111
341 907
687 278
888 399
271 21
778 570
96 105
608 207
799 826
626 884
936 119
644 461
699 598
26 86
833 644
991 23
95 391
222 235
411 809
483 397
160 165
959 879
4 258
260 306
880 918
971 839
788 285
630 995
149 601
313 396
932 197
478 622
125 296
90 531
377 76
400 253
436 325
415 874
133 724
114 894
469 876
711 304
957 798
616 624
371 330
899 485
228 858
361 548
202 817
296 93
159 891
278 365
867 109
515 947
264 183
348 328
831 140
231 310
504 337
652 260
962 27
798 118
733 663
862 577
805 208
704 473
743 132
298 684
172 837
621 448
241 707
938 355
911 811
34 17
180 779
634 308
67 736
77 268
408 342
979 384
777 950
949 743
362 830
429 893
136 696
19 212
969 274
734 867
968 768
322 382
677 472
832 661
860 49
999 130
33 671
514 343
318 345
146 224
990 395
857 510
913 566
13 534
672 279
481 193
995 317
744 924
600 133
614 911
225 55
91 853
703 139
866 505
774 554
428 218
186 90
951 478
749 820
472 482
419 403
712 257
489 886
803 244
98 261
587 723
599 33
929 219
111 435
739 668
8 423
257 347
624 533
944 164
886 921
388 816
23 394
300 297
517 454
311 914
276 410
847 259
272 819
931 6
592 675
51 79
375 287
557 969
934 697
395 503
345 433
122 225
775 542
572 982
72 146
692 865
939 16
732 107
344 940
420 66
622 996
627 687
46 161
476 925
646 943
649 324
130 172
385 229
185 890
169 728
823 575
998 99
470 309
854 631
808 512
369 52
203 508
137 469
992 660
579 633
459 13
577 619
102 432
235 860
681 716
560 236
719 177
404 282
454 970
240 738
464 750
323 803
376 443
340 581
852 373
485 289
447 922
86 772
965 857
466 36
842 123
897 692
7 574
326 154
433 323
670 470
336 988
94 319
520 270
583 730
0 825
611 909
193 923
720 295
912 288
754 216
914 348
337 829
22 402
513 386
295 412
690 82
729 674
479 311
921 647
14 484
604 626
437 475
874 174
759 831
942 795
500 997
210 162
654 720
198 134
496 897
89 271
48 584
605 847
785 112
104 42
165 678
562 163
320 156
822 955
930 313
827 252
21 14
762 416
645 669
84 517
615 492
814 582
332 638
327 292
961 754
726 649
801 38
356 983
262 632
267 339
550 703
682 705
752 711
868 228
378 607
349 608
498 374
47 870
379 887
871 526
895 959
37 951
383 774
816 294
966 978
88 242
892 151
901 277
791 790
553 815
810 265
653 722
917 521
535 251
389 496
528 672
403 935
308 552
519 20
245 69
223 180
660 398
623 457
956 974
382 563
619 609
492 169
381 544
935 467
147 269
280 48
174 961
458 198
118 155
925 695
552 427
167 537
465 372
575 122
263 708
455 357
453 727
915 468
463 802
538 597
927 529
248 191
509 751
55 616
291 796
252 101
527 528
229 144
135 441
484 125
11 459
302 45
756 227
124 436
224 973
843 775
74 740
887 682
850 84
238 766
706 883
495 458
747 74
184 646
366 371
569 438
20 681
548 693
467 620
393 549
873 353
536 249
365 415
503 836
856 37
230 953
789 804
945 800
783 414
973 407
123 400
879 466
875 710
397 834
502 621
960 757
325 859
758 158
173 495
585 690
310 986
391 136
693 113
316 685
317 963
183 636
189 844
254 579
157 1
220 745
543 80
490 989
650 784
545 555
780 770
924 245
456 364
217 106
487 425
964 88
539 392
1 670
16 117
761 843
558 404
581 437
450 569
259 190
920 735
142 493
62 760
625 984
256 594
368 196
315 872
906 182
386 8
606 361
49 875
715 281
99 247
208 465
825 948
882 283
618 273
889 255
809 572
607 102
669 186
647 856
666 618
442 562
877 420
213 100
309 586
486 627
958 954
947 494
531 960
567 116
610 637
524 449
212 734
713 634
158 700
955 157
668 915
985 422
970 931
75 892
237 129
321 12
45 662
12 630
918 942
266 370
765 614
246 85
132 934
402 910
177 22
745 664
446 878
708 968
156 58
281 376
66 782
757 215
678 977
755 223
413 589
727 653
9 408
984 726
451 583
57 179
589 175
602 199
3 516
239 387
80 852
576 64
643 655
196 788
78 964
287 220
723 497
50 124
813 913
651 520
632 63
972 553
384 691
69 240
59 35
497 428
443 286
512 160
694 992
440 538
549 679
282 635
488 43
689 698
742 451
680 230
954 821
427 823
194 367
893 103
804 908
709 645
705 765
468 828
750 95
996 2
613 56
612 401
117 976
533 900
431 213
839 153
134 250
601 773
387 0
306 777
399 532
923 975
286 694
673 381
92 110
797 358
216 615
818 189
640 901
398 514
370 571
462 551
153 733
753 354
493 899
175 756
126 97
474 590
17 866
657 604
591 173
728 419
342 147
529 377
746 905
64 356
150 906
410 9
253 525
595 32
790 861
405 539
741 170
710 369
795 267
343 814
334 275
416 927
116 801
285 303
676 689
946 137
878 706
396 936
541 440
849 135
565 717
716 547
751 546
858 864
522 417
424 96
885 276
178 781
372 610
273 808
905 350
301 463
63 316
898 747
314 530
571 558
499 41
390 131
639 941
421 375
438 599
767 239
870 142
815 869
406 487
665 677
740 39
32 504
299 813
354 7
516 949
148 888
546 778
737 202
41 411
584 938
54 127
748 491
907 326
261 822
471 352
417 115
511 167
195 272
279 187
845 896
207 300
204 194
211 366
112 658
39 362
561 991
288 47
738 460
840 50
828 78
983 98
596 673
508 476
227 535
636 238
53 721
963 629
675 159
40 713
6 19
891 771
714 559
863 293
494 108
697 307
294 336
590 327
155 181
131 490
707 651
244 363
702 966
324 483
542 385
908 602
461 643
233 980
129 904
559 379
76 390
835 409
347 501
876 333
674 439
255 28
598 748
44 519
526 588
510 185
418 280
335 442
593 702
367 797
977 640
978 188
638 351
530 833
242 3
784 557
648 576
293 617
950 321
355 985
824 26
884 499
110 429
36 835
304 718
922 920
872 178
42 623
926 799
786 841
730 946
394 845
802 298
473 184
940 810
725 612
439 868
107 217
685 359
357 456
609 928
138 474
360 889
329 648
457 502
671 243
568 958
919 233
796 767
902 939
864 10
249 246
736 67
422 498
2 877
83 34
588 933
214 769
190 762
787 462
941 981
247 709
771 70
374 686
658 489
547 749
81 642
506 937
834 77
698 418
82 972
188 332
691 595
305 405
554 121
297 957
883 94
181 561
127 556
346 522
170 89
364 657
199 51
105 24
243 560
274 895
910 447
655 30
289 840
161 701
869 680
532 25
764 699
143 725
475 683
164 732
103 148
769 838
35 849
350 952
139 54
578 453
29 688
409 305
73 464
120 450
501 114
829 452
663 380
782 168
18 264
187 481
661 759
507 536
312 349
154 665
265 507
330 545
696 714
97 524
101 31
290 389
564 254
24 806
800 605
338 128
28 667
192 138
735 299
480 540
855 120
909 444
982 926
275 314
686 912
819 956
358 75
100 301
218 565
414 205
776 59
781 962
980 650
916 805
109 515
205 209
701 211
812 930
477 509
79 291
250 791
505 210
31 471
820 885
52 780
976 360
953 312
807 344
993 971
667 500
434 145
71 776
836 71
221 812
975 603
731 234
445 406
30 932
662 944
768 731
718 729
352 945
333 57
351 87
717 979
106 143
848 600
986 329
770 322
407 818
900 81
163 903
151 479
779 206
763 226
628 715
582 150
851 201
43 284
841 383
635 152
270 73
251 203
563 434
56 338
448 764
721 881
268 126
27 902
988 652
580 11
859 824
166 446
551 511
176 149
830 613
629 929
319 591
688 302
679 625
806 232
525 789
432 737
943 763
145 241
664 486
586 758
641 880
236 719
846 919
359 68
449 426
534 550
121 171
794 573
115 237
258 846
555 62
328 794
974 166
339 578
70 378
620 53
65 72
937 666
861 176
209 611
373 628
928 564
853 842
232 263
5 863
637 639
896 641
206 994
25 430
292 741
128 488
556 855
566 676
168 290
518 44
460 60
191 192
544 266
837 543
444 807
113 527
594 341
182 256
401 5
695 592
573 848
10 712
152 871
570 141
597 656
215 346
15 318
441 331
904 541
179 424
981 15
491 262
989 585
811 593
234 851
435 580
865 91
58 787
61 916
633 659
412 315
642 83
933 998
683 200
881 786
684 523
521 204
68 92
617 752
144 231
38 104
283 340
760 744
948 898
93 455
826 445
952 873
363 792
108 965
903 850
766 393
307 18
967 335
380 854
87 431
631 513
430 221
353 4
60 596
140 421
838 587
821 388
773 827
226 477
219 746
603 65
162 761
197 742
426 793
523 368
890 29
171 248
200 862
452 480
817 917
119 785
574 967
792 46
423 704
659 783
303 518
722 987
277 40
269 320
540 222
284 832
656 753
844 755
537 195
482 999
997 214
425 334
331 606
141 506
700 993
201 568
987 654
724 413
392 61
994 739
