1500 6000
1016 1155
688 229
577 388
569 408
75 1074
26 1377
655 1008
1150 1235
1325 504
138 102
1121 1207
1072 84
700 250
1127 98
581 679
79 306
41 1280
14 321
144 788
102 397
1260 878
586 1053
423 949
1439 1498
164 515
977 230
800 1275
487 736
1331 45
967 58
814 1125
16 1024
1197 818
845 1242
1124 732
407 1366
1291 1004
433 375
430 164
1161 1277
428 1076
1229 467
926 362
1120 235
1442 454
453 1054
46 860
1460 873
1379 242
1450 248
211 1389
683 194
1289 516
667 165
835 1349
243 0
84 1049
1381 863
1305 96
1398 117
1352 545
1144 1256
1362 1293
364 403
1378 225
1051 357
1467 730
270 119
935 699
946 1413
1033 618
1183 281
1473 653
1369 962
1432 1448
736 420
769 633
1498 193
266 1305
1407 307
318 475
822 1309
1067 942
390 630
519 156
225 1321
803 70
329 843
48 570
1256 354
639 186
1042 587
840 522
282 436
1480 63
278 438
724 182
653 213
1416 262
1217 77
1337 50
210 1322
546 1093
841 1489
693 1143
197 1454
750 462
534 101
400 118
801 33
1282 1218
707 536
860 710
449 1266
431 1452
1175 442
93 410
780 1272
177 994
760 40
482 498
66 1300
572 1499
1070 759
907 698
643 797
1436 1226
271 1490
1382 999
748 561
422 260
1461 53
42 296
1097 283
86 214
952 1000
842 1245
272 1215
286 328
890 1446
249 172
1216 1358
879 205
367 963
1076 741
1088 1362
1316 906
1085 1384
64 700
1015 1496
1011 73
253 1192
1458 974
661 816
21 1376
1268 1249
1302 1290
1062 1385
530 891
132 1386
263 1104
344 405
662 129
675 831
611 1437
1344 628
1281 1410
1151 240
994 1286
1207 668
1014 1102
1228 890
1123 1
1178 1119
377 487
1244 335
91 173
497 390
1261 263
513 960
1359 1381
404 1449
212 920
987 448
1301 1464
685 195
440 456
1190 1474
1096 789
993 1101
175 537
846 917
1047 1175
645 625
1373 343
551 95
1006 114
312 1201
1095 1374
1297 298
656 453
1158 1237
985 1419
493 216
1427 546
96 593
315 1475
219 1172
1234 1402
917 152
806 1140
982 924
359 289
502 603
922 208
81 1212
140 540
535 844
1286 1469
973 747
620 1429
508 985
385 622
596 903
1285 709
687 382
698 128
1300 804
194 518
610 530
1086 1131
554 542
174 1281
1284 86
1251 1264
1215 232
608 1260
54 61
786 973
633 477
476 293
1223 877
202 407
11 142
923 105
458 349
1114 772
895 1141
532 1022
139 344
621 82
1046 1210
529 121
919 187
1288 1039
664 473
789 414
1364 692
158 320
628 313
848 1378
37 851
797 332
317 435
714 696
1064 1395
136 1092
247 378
299 841
462 1169
626 606
742 34
1313 30
463 1353
1280 756
751 136
666 1339
1133 976
1193 54
511 996
1340 1142
1240 879
857 39
812 494
578 832
864 1148
1354 629
787 1336
7 38
1227 1027
992 672
576 387
880 635
870 140
1156 956
746 257
1125 1391
1089 1418
1198 1002
1402 1159
18 278
526 746
227 521
343 1208
785 748
295 667
1221 1144
1118 1066
539 489
332 93
549 796
827 1228
393 8
704 1442
161 1447
605 951
51 677
949 76
809 161
876 865
1247 1239
1318 1176
181 720
260 803
772 1038
1252 964
665 655
1295 528
67 725
381 1360
618 42
900 32
369 766
854 591
832 1350
847 931
454 91
1327 892
956 1302
548 1109
455 894
1208 592
1204 755
12 1096
495 600
429 854
1044 1123
1153 471
170 908
300 765
646 1318
420 445
906 65
745 715
1363 826
128 743
1168 972
1317 459
1353 135
524 1433
716 342
445 350
131 1340
544 869
614 662
1079 1050
820 1065
1249 617
969 799
1191 539
607 1086
902 507
1007 1494
1338 1091
555 1354
103 1414
1226 813
217 284
1395 532
740 723
427 880
937 553
869 939
1205 286
129 686
402 427
838 299
856 835
411 905
447 400
556 1368
49 1375
27 219
672 664
1170 767
349 1383
287 1251
507 1248
269 1085
1456 945
496 754
472 1421
360 144
1433 955
13 666
1389 611
207 1160
663 254
528 793
235 1331
1196 384
386 524
169 1296
1066 1090
765 781
121 100
574 291
1311 109
711 1043
1447 22
817 921
593 1048
43 201
1246 103
1165 594
239 365
583 726
38 202
117 598
1426 159
291 519
289 1263
1370 1198
1077 369
166 849
201 1051
115 160
1201 411
1092 204
986 1067
475 1380
172 243
669 616
1241 764
189 78
1052 1108
909 168
196 1457
1135 424
770 72
1040 882
73 1412
1472 56
258 472
1418 49
1110 1493
936 1289
612 1078
570 775
715 1352
290 897
761 457
966 938
25 1223
533 1113
975 1014
1100 557
418 915
874 315
1486 1233
22 901
5 1284
597 1111
1137 1241
601 1009
1031 1466
1107 682
118 572
23 450
1430 1338
1306 981
1116 275
1345 444
391 64
1010 222
1414 752
561 188
28 552
757 1138
695 167
501 85
293 941
799 374
1434 1261
1357 822
710 1206
244 198
531 1438
1128 11
163 623
127 1315
1307 1287
988 398
976 482
538 762
15 301
575 326
1487 1484
191 1401
920 1196
568 1467
682 44
552 1299
878 17
826 1240
1243 970
749 303
137 900
1008 1146
763 855
277 505
57 7
522 1462
678 94
1206 946
394 937
205 1056
273 861
383 847
703 1015
208 707
60 26
111 383
415 1011
280 261
617 340
1090 47
464 562
322 90
642 379
731 287
444 1398
706 776
717 218
171 1400
1034 936
363 1444
981 1114
1061 848
147 1190
735 998
1283 271
858 413
338 638
314 196
106 1420
709 1243
1346 742
891 760
490 1025
17 511
690 1209
313 116
670 1328
1112 763
1320 1182
1446 649
417 178
649 1325
276 25
1027 983
1189 680
58 995
978 1450
629 1268
1082 773
265 452
1269 1126
1299 527
1146 867
1471 1007
264 727
1200 69
259 786
888 99
298 599
635 647
774 391
87 678
1388 689
193 476
231 1151
1420 549
850 883
145 1232
1049 488
410 565
726 690
1315 702
1102 157
759 1335
1083 1276
1119 957
807 1029
1032 1094
565 1468
584 1424
1454 104
598 657
823 277
1309 1153
927 395
705 580
160 1337
240 656
825 13
951 16
1131 583
776 1254
1470 1079
1025 460
1482 394
1462 652
1401 1225
468 644
756 673
908 36
1202 705
883 41
1048 18
471 568
53 311
1005 601
651 447
100 1463
677 256
92 659
424 1003
1406 517
1 1031
1348 737
316 345
1043 189
325 1435
438 224
595 1453
599 550
388 418
971 153
105 731
506 551
580 990
784 604
1310 1147
741 268
915 1098
632 785
469 1087
387 486
1080 227
61 1224
1375 1269
782 493
503 681
536 1432
1055 1441
766 761
959 1070
1160 541
1186 191
1266 1415
467 684
815 566
559 909
1351 925
520 92
142 1073
1068 1347
652 829
699 74
1236 769
346 10
29 265
887 212
634 1075
1115 1021
1440 927
1058 576
1176 108
2 1057
543 1204
1012 141
1210 1127
443 1058
460 169
1419 27
1087 740
582 255
459 588
116 1234
1483 9
1140 258
837 881
1069 1312
267 166
1166 62
1397 1191
1060 285
1491 612
254 508
233 1200
479 1458
573 683
904 150
1242 1229
382 1124
1429 800
321 819
657 48
930 1397
979 491
333 780
939 648
441 1129
1448 734
1000 233
184 1346
4 106
928 1411
457 1077
767 1425
728 1080
1404 239
805 389
1476 446
1267 1195
881 631
622 1194
485 605
224 609
1245 688
24 1486
808 624
351 241
373 319
419 953
1174 107
1143 1334
416 620
305 1028
274 31
739 185
680 784
916 370
357 1451
849 744
1403 779
1435 1487
108 327
251 1174
867 1332
694 1112
1113 968
810 1426
1459 131
540 112
509 1431
1212 206
1308 827
236 1382
399 1164
590 133
989 597
1326 1406
725 273
795 1282
1358 988
281 506
1054 458
924 341
871 180
1037 316
296 130
45 356
309 728
319 1273
1232 1221
863 246
648 363
456 1491
1365 466
98 1173
712 339
1466 663
368 637
33 147
1065 735
727 1167
631 358
980 1267
488 5
875 226
1139 279
623 1121
354 497
1321 1083
882 162
294 982
671 582
658 1068
1185 351
933 1110
1387 1369
1421 455
1057 1016
897 1314
545 1479
55 1247
185 60
1233 626
1366 1199
1075 768
323 815
311 875
619 317
836 864
859 499
362 145
592 192
442 146
1478 1279
510 399
19 29
88 52
1495 621
723 895
188 770
245 853
855 825
1332 1161
1444 267
1053 929
1368 1483
877 896
650 581
450 1037
1001 15
638 997
541 887
35 711
729 221
222 1099
566 1046
647 478
1192 355
790 228
1214 1439
8 852
1330 21
754 87
892 276
941 650
824 1103
1141 81
302 1020
1237 1295
758 928
68 584
204 1476
692 428
1469 640
478 1456
157 1255
327 639
1104 282
336 842
1479 1166
1274 1149
932 1244
306 574
466 1034
1367 431
1371 1186
398 757
1017 134
1457 1236
1132 484
1180 148
819 314
214 236
392 971
148 120
512 555
999 535
52 933
473 500
1105 1158
97 1197
911 1259
173 1291
594 426
1253 918
589 376
764 1317
470 977
713 1492
962 97
1164 406
1154 1183
752 1189
109 1417
613 1252
425 914
1099 272
187 1270
1126 509
1225 586
627 274
1084 1342
1312 1120
603 820
802 712
1157 1488
1211 713
773 823
250 1217
1259 468
47 952
347 563
1412 634
1477 294
94 1132
1408 310
1334 372
113 1345
674 412
1468 59
753 1304
1159 174
1134 231
525 380
1356 1059
828 138
1020 636
168 1430
1437 1253
514 154
996 923
562 932
483 1052
165 1455
1329 1371
335 1436
1030 987
1004 556
1130 1440
872 839
844 543
722 449
1377 954
1039 481
372 1116
961 322
963 1370
1425 479
1081 812
412 290
1383 1177
886 810
804 1351
1038 838
811 249
1263 323
1339 1100
866 266
679 329
421 1298
563 930
328 904
1265 538
232 364
200 745
913 1032
697 220
350 716
120 980
950 991
1449 627
1024 464
861 503
884 19
1410 885
1384 916
10 434
929 512
931 1445
960 1106
162 404
192 1171
991 253
152 1105
1496 1357
1230 1033
644 1497
74 701
1335 1341
1336 1168
209 1061
1417 1297
1349 585
1323 1271
972 1001
1117 1308
1304 1035
839 722
1342 223
330 602
292 416
216 1344
779 330
689 751
893 1422
1271 1089
285 377
356 1019
1220 409
527 366
1213 1128
195 943
283 483
521 71
1103 814
1098 615
149 270
284 1006
1374 318
783 367
1173 889
446 1355
997 1473
1262 1443
625 872
862 845
1026 694
89 280
500 1407
437 1423
831 862
1091 857
405 1470
1273 385
925 809
376 297
1003 719
1138 353
1386 958
403 1055
83 738
944 1387
537 1041
905 1185
1463 1307
1314 1227
401 211
1177 989
1036 28
124 1481
1489 75
484 548
564 199
734 3
230 123
1409 1026
1438 1081
547 801
1071 1064
1275 965
76 1134
1184 155
62 554
1063 643
1152 470
1393 247
1376 590
340 210
1380 43
34 792
275 893
1294 1135
384 1343
1222 573
180 1063
1258 926
1019 1018
1481 337
179 685
654 714
1464 12
681 859
141 787
374 1408
477 658
499 774
843 687
339 386
123 469
732 948
1022 884
434 817
686 1319
974 1036
72 1154
851 912
1203 782
896 808
436 1030
310 724
1360 1361
1394 1163
71 461
504 1013
1255 596
389 124
720 833
150 1042
63 207
885 1118
1399 200
901 1392
865 510
542 122
95 1477
1041 360
426 132
257 919
1028 1311
167 670
133 115
557 501
1278 463
154 368
1182 1313
1162 396
1250 794
439 984
813 190
1298 703
1296 513
80 158
409 1250
791 669
206 1071
380 1372
964 1219
125 325
1147 1390
1101 1274
1106 1107
918 791
518 992
155 913
630 577
1361 14
414 569
1475 619
1350 474
903 1301
762 575
1172 846
432 961
995 149
190 181
830 1222
955 264
301 790
1231 1333
237 1399
516 348
474 798
637 35
721 215
1423 1482
352 1246
489 1060
743 295
228 675
1074 163
406 978
1238 415
821 560
366 1178
1324 979
1422 402
1094 1306
873 1416
1248 251
481 520
615 589
334 492
30 1010
775 830
591 1130
1392 309
396 429
921 292
957 359
910 175
898 660
486 143
353 1162
342 1231
1209 1285
107 706
1023 1394
3 802
461 718
606 68
793 83
1341 1136
324 969
494 758
1452 693
701 523
1171 6
220 302
1145 975
153 430
1485 959
833 1095
558 1062
1272 828
1494 1211
1264 1205
1109 1202
899 37
934 80
1328 66
248 334
256 1292
1441 697
255 595
818 1139
958 110
348 305
1056 346
889 1327
1411 526
1142 336
1013 1193
852 613
435 57
451 1359
20 126
1413 934
1111 111
122 1257
375 771
609 127
1148 1405
684 1320
567 437
853 967
1199 708
119 439
942 671
85 888
112 1012
602 811
288 674
641 1117
738 661
914 1188
616 125
355 654
1155 858
505 55
834 641
1187 1179
1018 209
1235 67
560 564
1059 531
1167 495
998 1152
77 514
733 525
1287 1379
579 749
90 401
796 1480
261 911
1129 421
768 533
1492 347
99 1213
894 1459
1400 1373
1290 632
178 203
143 1495
151 695
600 1364
1149 1122
176 1072
585 1326
226 1471
953 1324
199 417
218 607
326 1082
1488 834
965 170
730 824
1319 837
1224 753
1179 986
397 1262
465 4
744 1150
56 547
1484 1356
587 177
6 805
676 1170
78 1017
146 1180
945 2
1181 151
104 1184
491 899
1035 1220
70 252
337 183
331 1472
126 850
1218 559
40 1137
1355 1097
345 806
1445 567
1396 423
691 1047
304 1005
1333 443
1021 1367
135 480
990 579
1390 610
1277 352
702 20
1322 217
1276 1181
242 234
1347 179
1385 871
32 1238
868 24
308 1230
816 245
1451 1329
413 1258
182 1303
379 393
1497 392
792 1115
1493 1283
1455 1403
948 1278
1002 778
1163 419
1257 1187
1443 642
940 1133
571 1044
943 79
668 676
1108 440
82 1045
938 840
1029 1084
268 529
234 312
1405 1316
737 1323
1391 333
794 721
65 783
1122 665
747 907
1188 571
110 558
1078 1393
970 1428
36 856
358 324
1136 1434
1239 876
279 868
604 821
186 777
114 1363
159 691
515 1040
262 1427
659 544
708 184
673 46
1292 1203
947 338
215 750
1424 425
954 1265
229 451
624 910
395 614
968 259
1169 1165
983 795
223 947
550 1145
50 1460
1490 874
246 304
0 733
1279 886
1194 1214
9 651
241 898
361 993
341 1157
101 729
156 940
297 331
1303 966
781 88
755 866
718 237
636 807
1293 433
203 646
1219 902
1465 171
480 381
198 288
719 490
221 704
778 1288
798 578
1428 1409
303 300
771 23
1254 1156
39 1396
498 870
660 113
517 1330
130 269
1431 1465
788 534
213 944
59 1088
1270 1023
912 1348
408 1216
523 496
448 371
1093 645
1372 1310
1343 1404
378 89
553 176
134 1388
252 935
696 137
370 836
452 922
588 1365
44 950
238 361
307 139
183 308
320 502
1050 1461
984 1294
1009 422
365 197
829 432
1474 1069
1045 739
1415 485
1499 717
1453 244
371 465
777 1478
640 51
69 1485
1195 441
492 608
31 373
1073 238
