1000 9500
278 397
935 964
877 244
68 214
729 585
179 815
793 891
206 904
635 15
689 736
813 575
767 554
538 359
776 935
304 734
748 282
369 522
382 186
626 363
86 154
25 612
420 70
615 308
270 930
710 4
357 39
161 345
848 462
986 480
340 556
779 117
309 670
305 597
889 134
440 139
836 818
251 757
144 733
96 13
532 25
999 492
281 84
26 735
417 215
107 983
515 652
598 653
563 762
802 616
274 251
343 403
97 533
643 641
527 125
917 394
888 581
800 986
579 623
111 918
398 715
341 142
136 497
673 2
467 281
887 396
69 675
313 603
832 938
709 934
353 684
487 64
192 662
98 258
739 28
29 608
187 20
741 310
449 970
853 905
976 305
185 356
899 690
124 577
818 811
759 537
233 990
974 506
18 150
381 642
686 228
898 110
672 830
393 334
646 240
32 358
812 255
929 350
95 135
284 646
977 819
833 421
903 720
760 948
961 151
950 695
700 254
815 548
636 469
567 843
241 636
255 800
909 505
803 24
348 931
82 232
141 181
578 731
941 489
622 287
840 654
872 737
245 252
175 121
925 648
401 685
912 295
402 249
466 54
455 382
577 353
497 724
17 651
360 95
261 383
612 714
258 499
763 780
300 853
34 415
772 989
601 752
544 873
614 542
3 323
259 273
414 897
52 883
644 234
24 753
706 607
728 493
602 704
798 386
13 926
679 584
173 664
0 655
960 284
716 848
483 540
128 209
191 976
866 711
209 530
895 484
937 405
737 637
235 659
973 782
549 772
133 701
621 36
697 438
248 38
671 809
48 513
212 263
582 459
806 874
824 174
623 635
847 274
494 985
40 482
210 77
773 448
263 576
453 952
469 442
23 37
70 168
78 435
980 485
685 467
140 525
919 404
81 881
744 317
774 5
825 771
9 190
731 176
106 29
743 617
10 314
214 666
994 340
335 517
574 788
234 816
333 68
80 315
83 169
196 18
652 55
164 776
537 741
669 434
468 413
93 702
373 674
76 836
745 124
894 599
383 829
610 227
609 572
920 319
288 183
452 673
445 357
968 40
730 516
702 975
560 796
964 371
845 233
768 991
932 821
260 53
324 574
513 850
27 901
446 870
959 739
349 748
59 191
356 906
952 178
655 770
22 558
809 118
298 508
665 100
75 963
37 942
875 988
881 710
172 10
122 514
651 994
397 137
250 260
522 52
715 939
791 167
116 391
956 324
378 342
8 85
71 224
30 294
632 197
43 419
154 325
907 416
520 529
296 93
90 272
165 799
391 865
764 805
372 909
203 543
783 758
189 173
249 149
562 483
312 887
568 204
656 645
983 302
720 161
524 380
246 147
199 785
227 555
914 74
479 393
351 823
276 326
996 619
200 211
362 97
186 431
502 841
461 541
395 766
279 309
975 171
796 160
858 677
593 500
316 504
252 953
354 370
954 519
371 861
66 26
790 6
488 579
512 301
5 189
762 783
805 372
385 206
882 807
804 961
273 583
94 426
74 813
766 845
529 863
868 882
53 220
570 464
104 322
664 266
634 903
873 159
971 682
361 148
953 940
375 615
714 478
238 269
188 57
386 41
933 207
852 629
211 750
388 747
476 479
642 797
507 472
755 705
600 113
780 672
365 349
585 73
486 699
505 131
504 451
326 679
595 535
253 42
219 683
666 162
150 501
148 971
799 144
694 792
849 406
55 132
658 34
501 570
181 759
115 852
222 945
28 896
239 835
830 409
271 917
856 913
119 341
997 19
437 933
603 474
311 491
864 718
923 754
319 534
732 140
707 450
788 885
413 279
674 966
667 414
687 316
691 306
819 864
207 692
451 261
105 418
114 879
439 808
182 388
871 236
811 381
564 810
837 950
876 355
153 716
733 192
162 365
269 307
374 944
683 366
701 795
135 509
676 669
242 429
695 129
542 245
240 650
531 639
597 498
352 631
981 779
256 806
576 876
406 246
139 475
540 732
863 551
500 875
846 276
166 794
363 27
993 849
910 203
31 561
801 998
703 520
696 461
307 889
367 188
294 709
146 329
752 293
272 769
457 923
472 523
215 103
460 667
740 259
342 401
231 898
315 402
649 605
835 563
784 937
659 399
33 51
421 432
16 545
458 993
399 590
778 219
232 740
637 471
297 288
533 749
376 846
955 390
957 725
992 50
152 72
827 844
657 69
336 745
718 656
280 156
556 481
436 995
320 694
906 313
62 949
539 920
816 487
631 565
648 890
770 678
2 839
495 855
681 61
45 290
143 126
565 858
425 59
557 45
264 11
169 628
927 602
123 697
480 977
869 172
867 208
510 407
323 99
934 609
229 539
364 781
485 449
184 812
1 626
329 518
408 430
318 746
289 89
254 719
581 610
604 425
677 578
113 907
442 96
506 122
573 908
418 392
474 987
561 550
171 544
236 22
220 347
99 362
949 671
611 332
777 877
100 744
979 60
213 503
198 914
456 582
727 521
118 661
120 569
57 915
475 925
552 223
966 257
110 802
526 364
204 194
101 138
525 221
831 360
117 511
712 871
958 765
627 63
473 155
87 502
38 496
682 886
202 330
608 428
36 230
713 899
176 336
653 164
982 789
823 398
331 764
511 71
178 47
218 439
704 972
89 270
411 601
594 706
72 649
860 900
438 837
735 458
792 828
545 327
11 892
754 344
998 727
591 921
606 182
970 153
572 687
427 83
880 713
587 136
428 546
384 761
295 133
302 185
921 552
405 465
628 9
878 120
547 999
926 790
530 625
638 101
314 368
839 866
990 201
620 895
870 379
769 265
661 218
338 606
874 528
750 21
423 919
159 311
6 298
553 566
892 331
596 165
854 588
590 751
64 658
268 217
785 320
92 238
569 400
861 738
380 88
670 157
786 587
142 239
283 512
103 237
155 410
746 589
944 847
969 286
558 968
736 444
134 831
662 202
308 660
345 335
841 618
829 571
73 437
137 463
516 910
19 457
275 321
160 361
724 452
403 703
719 688
693 199
536 834
625 108
183 33
434 339
334 722
947 947
890 116
392 936
262 928
758 856
708 696
243 92
548 494
208 441
379 226
913 851
322 992
734 488
885 894
684 840
588 621
387 292
158 65
481 712
433 32
282 158
493 141
221 86
131 250
865 557
216 490
905 268
942 412
396 958
292 243
177 784
377 965
978 247
771 94
893 433
409 35
857 803
821 594
424 49
465 822
14 663
145 16
344 58
121 114
630 726
127 869
742 495
546 486
330 827
938 730
257 184
551 787
705 573
290 466
633 549
489 680
310 997
726 46
523 328
277 454
499 351
462 23
699 634
197 229
787 793
44 352
859 946
940 107
519 804
916 267
862 31
65 411
855 373
918 924
613 668
554 420
807 470
984 676
266 456
228 773
267 225
915 756
517 559
247 143
509 510
828 941
985 707
550 596
641 423
299 389
190 187
988 105
946 614
226 377
286 200
586 708
67 927
347 967
58 179
84 743
583 102
21 166
358 408
820 916
503 1
624 817
412 693
492 777
56 213
902 453
843 833
851 67
400 256
725 620
514 929
660 564
49 854
471 128
948 980
663 774
883 984
244 932
454 424
900 354
41 231
60 884
464 193
575 996
419 826
619 532
989 7
991 90
394 248
470 978
47 778
639 8
79 893
63 112
337 477
61 547
951 689
908 515
20 698
884 956
688 647
826 960
645 763
7 981
901 170
303 633
54 562
654 98
168 446
834 801
607 862
430 387
390 343
928 443
930 75
717 723
147 346
167 455
407 304
541 959
891 212
156 146
370 56
795 300
51 568
126 62
77 860
962 235
924 12
897 969
88 278
987 880
108 957
747 376
678 333
751 283
496 922
346 130
332 531
580 760
301 127
443 109
157 657
109 111
174 476
132 600
194 296
528 536
945 395
102 643
15 962
180 638
447 0
404 878
366 586
972 767
814 299
359 291
463 686
965 337
490 303
723 422
711 66
675 911
410 974
321 640
850 460
738 82
50 106
46 591
775 30
749 982
797 786
39 632
12 728
789 755
498 145
201 832
817 205
794 180
416 374
193 973
482 275
355 867
339 627
217 312
782 943
599 624
285 593
484 177
265 838
435 842
149 253
291 280
842 123
765 553
756 152
325 285
668 611
125 17
293 196
640 198
4 955
223 791
629 427
896 721
886 14
721 43
761 242
112 163
534 348
722 902
521 825
808 375
389 527
911 729
130 367
647 87
170 76
535 814
151 798
571 241
879 91
205 567
605 526
431 613
237 507
559 417
426 595
35 598
995 691
448 681
327 857
936 80
822 104
963 768
230 622
42 436
618 560
328 3
967 216
477 630
129 44
138 717
91 195
680 820
368 859
350 775
692 954
441 538
478 592
543 119
317 297
415 524
589 868
617 48
566 222
195 175
922 369
518 468
904 440
85 604
753 264
163 445
943 277
781 872
650 81
444 644
491 912
757 262
450 78
939 384
225 979
690 210
555 473
459 665
698 79
931 115
224 378
422 824
432 318
584 951
838 289
287 385
810 700
306 888
844 447
429 742
592 338
616 580
508 271
