1000 2000
803 457
35 212
996 424
905 608
235 719
697 859
342 22
641 821
318 238
855 767
514 784
162 153
771 237
680 914
59 124
909 392
203 843
601 477
606 524
880 113
988 853
696 184
320 762
380 624
485 446
521 54
575 143
884 33
956 701
928 535
755 494
122 993
375 528
274 616
249 156
28 423
186 325
511 974
674 769
424 362
542 940
50 724
11 978
684 76
569 378
256 330
911 269
587 26
53 692
643 65
767 323
747 289
421 949
681 709
208 326
365 980
595 292
532 167
442 127
997 954
484 202
852 466
873 913
474 280
639 810
859 921
948 452
695 799
973 436
631 268
123 6
991 522
503 351
976 43
351 21
661 210
581 159
52 972
719 755
81 513
63 241
737 561
627 672
427 794
440 312
367 917
978 221
192 258
383 935
281 918
239 542
45 81
218 332
809 813
4 973
926 409
211 62
867 798
651 848
185 193
761 691
306 904
298 476
969 686
524 96
818 959
683 646
913 887
343 222
812 775
304 699
778 186
608 7
828 627
811 17
169 421
116 308
820 199
833 140
296 546
64 453
374 101
345 170
413 147
302 492
499 429
992 381
470 448
806 418
396 68
105 236
554 572
618 523
584 731
247 638
418 985
7 746
531 56
257 499
477 713
14 225
774 937
629 588
530 667
399 66
915 370
443 333
227 203
783 674
217 605
68 888
939 298
715 992
244 213
577 462
191 20
497 251
303 468
513 177
522 5
946 747
845 400
870 630
313 773
472 611
141 247
998 278
868 984
453 884
863 108
523 903
255 176
652 78
120 388
543 623
664 609
273 149
119 262
912 47
559 53
390 702
792 956
797 233
995 178
286 976
190 593
938 181
539 955
793 130
541 3
860 601
861 660
324 741
170 868
420 626
411 876
245 15
974 573
30 50
144 410
525 651
402 820
954 438
242 195
508 182
118 152
836 288
586 322
550 259
622 995
61 576
471 39
164 405
55 254
510 396
932 880
555 191
47 679
86 271
287 790
718 255
131 614
293 796
340 629
621 187
560 488
446 806
589 82
468 998
768 945
158 171
856 801
441 952
339 736
971 575
416 582
36 257
213 419
147 539
400 105
378 849
984 931
568 751
439 342
722 399
706 514
567 385
315 997
878 189
333 456
819 58
266 315
610 697
279 680
553 613
625 711
248 749
240 131
157 556
823 703
638 335
406 771
977 135
881 804
999 151
183 502
669 175
742 964
469 649
51 93
993 776
464 482
879 183
22 64
381 756
206 521
594 850
517 602
642 800
615 372
536 70
96 558
745 754
604 201
99 214
592 134
69 515
902 361
92 510
869 983
261 829
945 635
102 879
490 384
300 463
134 144
961 621
624 318
78 445
33 854
338 757
188 42
607 34
153 398
246 858
727 846
687 161
770 40
561 991
762 369
894 415
942 163
332 717
479 495
558 104
566 374
924 994
759 264
334 740
181 549
953 301
920 681
301 791
372 780
94 501
794 716
931 461
600 273
103 579
111 267
805 990
168 469
291 293
917 80
899 11
219 36
666 639
62 814
90 782
787 645
83 916
757 331
230 480
698 565
730 67
49 869
106 688
620 620
445 402
457 119
109 365
947 86
82 274
772 738
233 283
900 837
678 350
630 244
573 435
277 551
176 644
958 120
250 90
551 607
89 863
802 234
829 430
673 284
981 493
676 497
285 414
444 730
941 718
628 444
408 194
682 836
309 190
20 809
985 449
692 912
966 632
557 568
348 866
354 343
934 311
967 249
386 380
546 394
155 795
60 401
127 294
827 547
570 304
987 475
214 907
734 545
138 123
515 240
889 299
849 939
459 812
25 230
128 598
817 807
888 656
844 671
752 45
979 835
672 52
897 314
193 227
876 578
748 117
800 352
87 886
74 464
460 585
414 133
362 442
605 892
850 60
834 485
1 389
363 924
975 778
983 98
271 61
66 606
853 714
773 505
908 860
925 16
538 693
67 833
965 725
633 910
529 705
101 85
307 968
506 580
93 37
10 689
749 455
151 13
448 472
80 690
655 734
904 663
986 586
739 110
815 192
478 9
572 412
189 126
617 447
789 979
236 188
428 634
609 35
429 536
565 470
518 518
175 655
379 840
733 346
76 261
799 223
15 173
875 532
129 217
501 628
72 508
916 625
437 957
769 647
73 878
914 742
711 208
433 670
950 988
483 874
426 926
616 132
288 728
126 243
23 982
79 763
883 654
754 275
121 785
668 596
41 633
282 595
70 599
637 28
957 519
576 89
738 683
243 122
832 768
152 83
88 989
361 486
114 600
612 115
467 715
417 696
619 996
951 966
251 165
330 174
222 46
892 896
955 363
564 277
775 664
71 443
765 727
329 266
841 828
653 300
215 77
547 84
776 211
994 248
159 750
602 411
314 224
874 14
578 307
12 297
540 154
936 458
871 24
489 723
143 422
659 977
667 802
140 563
48 792
358 733
623 826
907 650
691 75
846 744
173 584
373 986
171 317
355 527
224 397
473 107
500 427
927 881
347 870
598 226
225 772
970 722
395 864
405 720
422 511
838 685
311 909
645 386
199 145
2 604
648 567
295 63
480 310
700 142
179 206
705 336
270 925
720 583
671 743
896 958
588 413
504 803
724 116
8 781
267 279
209 114
982 160
583 712
813 589
646 337
0 465
56 841
839 285
901 745
593 215
626 383
949 759
6 569
341 91
220 229
187 832
360 509
743 490
488 471
921 571
835 338
717 823
388 517
758 219
599 356
166 479
516 49
744 975
278 543
125 971
24 100
798 960
685 793
534 205
387 196
376 74
31 637
210 112
658 253
665 345
491 425
535 231
392 617
708 737
699 902
597 321
660 106
77 38
714 560
27 379
866 526
807 735
328 774
195 540
319 640
831 965
139 157
407 220
132 610
527 818
254 770
494 79
656 373
136 102
960 204
316 232
425 282
872 659
34 934
430 657
746 783
519 552
556 360
919 908
804 260
923 899
990 597
611 150
886 765
133 27
585 287
702 197
371 538
781 354
194 450
741 764
814 320
545 905
865 898
265 777
709 371
112 313
647 500
837 882
505 431
268 503
779 329
740 276
253 125
962 855
635 432
476 270
721 834
590 246
294 440
184 359
5 382
458 930
156 906
39 481
528 155
952 847
135 875
466 694
201 531
397 358
842 368
826 891
275 932
370 148
603 594
308 478
42 99
701 923
264 911
552 433
226 256
84 570
336 831
486 970
728 172
384 661
259 618
231 51
353 180
732 23
284 30
327 454
910 732
725 857
344 682
693 491
229 95
760 128
450 706
782 808
848 920
887 788
272 786
712 242
85 704
549 404
930 103
207 169
455 375
137 367
502 92
161 739
75 529
634 316
258 677
163 239
663 158
108 819
223 473
149 987
703 146
943 59
356 817
498 218
283 29
972 73
310 662
292 665
784 805
97 900
29 537
707 118
735 459
810 710
449 200
326 839
197 139
452 936
290 302
922 245
394 71
694 489
451 111
989 592
929 272
756 752
385 512
937 698
731 10
662 483
331 286
690 496
377 967
145 950
462 669
54 228
777 291
801 897
591 631
935 216
644 789
858 550
959 889
465 290
877 612
432 391
891 915
160 341
796 867
228 758
349 407
509 357
571 969
596 844
438 555
751 347
840 235
582 668
46 162
107 676
13 619
3 642
113 648
410 824
898 922
252 498
412 406
493 873
19 707
196 296
677 643
335 507
142 72
91 179
785 856
544 319
391 951
753 530
574 138
918 55
482 516
415 4
487 328
940 890
17 109
174 303
780 428
98 962
325 0
463 339
110 198
276 946
165 533
305 265
237 615
154 137
613 577
9 136
689 822
906 355
454 928
57 883
401 306
750 721
232 708
350 185
533 506
729 811
786 591
885 344
148 416
146 353
221 305
649 760
204 263
822 838
980 467
297 18
456 324
766 417
716 872
710 636
16 948
205 309
260 209
40 947
825 451
862 825
657 487
150 141
851 603
670 590
548 566
241 927
843 827
679 366
323 678
182 439
968 1
234 2
526 525
312 641
403 622
289 395
686 941
435 434
369 861
632 943
636 953
675 695
723 919
507 334
788 894
791 652
366 653
368 327
337 942
18 8
180 460
492 504
431 393
37 700
104 862
895 348
21 31
512 376
764 41
864 166
520 377
436 164
726 87
890 557
263 403
346 250
212 687
172 48
43 865
854 340
269 845
32 252
795 938
404 673
359 895
447 816
763 797
95 541
580 520
100 19
821 69
481 981
398 562
688 564
857 129
26 658
177 877
496 121
115 963
434 851
352 25
650 961
579 534
640 441
495 815
58 554
364 426
964 666
198 779
357 544
704 766
713 364
614 929
790 787
280 842
117 581
423 753
124 281
167 387
830 349
537 893
824 553
963 574
44 761
262 12
65 97
409 295
933 726
202 88
317 390
299 437
816 44
475 484
419 999
563 852
216 830
808 885
461 207
393 587
903 168
893 32
382 420
847 871
38 57
654 559
882 901
238 729
944 933
178 944
130 684
200 748
736 94
562 408
321 675
389 474
322 548
