1000 4500
817 266
437 607
750 393
12 484
61 327
979 904
762 406
94 512
597 64
42 675
422 464
82 477
568 389
32 448
318 469
897 713
951 158
539 783
362 106
259 533
656 705
373 960
574 240
944 882
704 149
969 691
258 92
232 905
794 84
103 183
429 98
697 321
423 589
766 804
694 600
236 666
146 865
330 772
283 480
149 284
611 630
251 573
518 580
842 709
882 398
684 133
123 234
168 306
354 646
906 910
939 221
342 299
815 579
603 387
516 578
514 934
829 83
699 518
667 499
272 288
25 866
101 61
112 553
767 911
937 872
753 735
929 111
495 160
479 212
35 218
814 233
322 350
883 682
507 420
757 534
176 839
269 901
696 564
553 547
501 929
264 877
917 53
248 873
723 552
708 90
355 644
676 70
877 494
14 924
311 745
200 294
469 638
46 124
859 516
524 816
386 964
282 79
167 483
260 330
490 676
459 978
439 565
922 283
449 488
95 87
254 567
980 444
250 363
308 935
689 766
72 192
230 941
348 768
382 419
147 38
546 196
45 692
48 603
650 280
602 956
642 335
921 421
834 95
886 6
323 164
336 301
741 503
924 78
554 214
666 822
613 546
598 845
338 439
620 131
424 624
229 948
0 442
911 900
826 667
213 707
786 463
156 357
912 891
504 637
141 506
51 864
161 718
988 36
93 242
864 791
366 846
670 341
227 333
378 551
700 401
467 485
790 509
675 754
368 528
327 482
457 77
499 581
949 621
569 275
888 59
478 422
53 329
879 942
204 352
819 736
157 861
736 238
837 974
494 323
489 150
206 631
599 514
159 515
964 450
379 40
812 104
506 343
17 522
129 400
281 10
84 189
164 467
1 752
850 435
483 513
537 205
691 316
841 178
720 722
344 950
895 292
63 605
233 16
226 371
589 328
706 625
353 917
519 549
910 748
203 65
595 148
239 468
41 62
383 500
151 197
872 805
971 414
797 130
635 460
907 764
207 105
43 984
485 790
477 127
28 318
688 142
660 269
304 9
998 633
184 759
585 802
329 532
523 606
764 80
533 753
831 273
630 780
186 668
965 720
474 186
580 961
701 987
18 486
10 175
385 194
853 227
682 786
832 216
807 380
139 287
614 946
596 940
863 25
117 811
644 0
345 724
870 608
840 926
587 837
56 96
55 892
389 733
154 285
680 125
938 740
521 91
293 738
306 795
731 410
846 963
728 88
77 893
955 852
651 297
466 49
862 209
435 28
86 829
716 331
505 660
547 710
169 588
536 746
307 320
669 85
442 921
242 497
673 651
215 24
822 586
513 416
297 819
436 56
29 648
273 538
191 115
770 319
575 908
52 731
754 952
784 76
532 424
681 456
80 835
793 258
237 47
967 973
525 875
552 913
192 809
732 535
824 378
75 277
520 741
313 159
212 665
852 114
612 690
267 656
989 502
271 412
871 604
583 367
540 778
68 475
985 73
769 972
889 455
136 354
739 840
371 82
333 100
113 700
931 931
893 881
884 429
500 157
830 697
418 23
410 936
633 170
717 550
481 119
915 695
69 31
942 74
622 761
511 602
440 188
110 338
657 167
372 640
586 991
310 558
535 453
347 179
636 399
844 34
496 438
549 498
756 536
356 789
412 263
526 459
120 290
279 362
135 172
33 155
289 265
749 639
880 794
187 747
360 143
109 428
946 650
13 404
788 698
243 884
984 915
448 385
976 876
707 118
592 540
430 303
561 706
920 635
621 449
763 818
995 590
174 715
143 334
874 977
890 849
695 18
441 677
825 896
19 48
570 711
197 211
693 623
60 993
836 181
309 344
346 556
431 954
445 734
856 166
134 171
541 22
866 201
674 5
21 642
678 525
405 102
300 447
285 282
776 537
894 680
400 955
219 8
952 986
493 959
2 207
122 257
234 542
542 951
918 867
556 86
476 432
584 907
178 361
473 317
170 495
719 208
78 721
196 461
413 897
106 841
607 139
220 110
510 109
7 120
130 369
194 704
37 13
20 762
572 725
626 243
923 776
404 256
857 43
38 146
795 965
387 743
898 411
740 983
610 245
703 980
142 729
331 989
677 373
702 868
420 351
108 364
747 177
957 756
358 379
111 41
199 859
62 541
563 161
838 664
905 880
87 576
328 310
970 478
249 7
725 276
751 615
104 408
425 524
450 596
820 855
4 703
609 470
919 620
321 767
65 769
618 673
978 641
787 561
744 672
858 728
752 440
380 797
172 418
945 134
581 655
502 454
827 271
444 457
933 397
182 27
257 340
8 517
531 20
419 248
280 295
107 758
165 185
367 259
975 309
781 599
661 825
606 560
662 251
222 337
290 58
722 601
783 140
85 225
849 693
67 190
818 531
780 126
810 219
189 827
509 869
34 593
49 505
351 939
914 471
119 912
480 342
940 689
809 14
131 916
299 128
195 184
534 696
11 671
427 375
210 129
298 226
745 296
315 530
641 122
324 719
148 854
415 661
982 585
384 670
208 997
798 788
388 4
498 645
173 598
845 347
44 856
398 988
158 423
96 180
885 770
265 885
150 355
800 871
92 548
515 730
590 168
608 554
127 51
153 462
88 969
294 445
393 717
291 394
402 652
488 267
934 832
639 315
851 521
370 479
679 490
30 370
718 349
909 93
645 820
193 751
133 415
948 491
24 313
994 591
270 622
887 46
671 949
876 662
305 147
454 998
550 527
275 685
455 35
66 302
190 117
987 870
363 683
573 356
484 113
6 613
715 165
663 971
228 878
409 575
802 543
896 723
805 979
349 817
746 417
761 823
861 232
447 314
137 838
359 336
734 137
672 89
175 376
960 55
512 278
821 785
555 244
464 781
562 465
804 619
166 138
981 206
125 799
492 493
738 831
647 821
544 773
958 501
579 930
986 828
843 626
224 902
27 11
401 836
983 358
768 716
181 402
623 431
803 57
567 510
460 75
326 966
873 970
577 888
801 97
869 169
118 570
729 617
758 529
737 614
391 763
855 154
277 909
316 250
733 744
692 254
593 574
616 29
591 813
615 262
625 452
690 994
632 68
472 264
99 198
816 54
604 311
503 749
538 112
588 577
284 985
76 236
925 427
114 727
977 360
163 173
339 193
144 239
458 657
932 895
902 945
245 903
256 572
453 663
865 63
438 958
414 324
223 45
927 760
276 627
432 339
452 784
517 708
421 928
782 224
913 863
582 847
878 999
394 953
808 504
543 887
396 391
643 281
105 261
177 377
162 228
179 135
968 815
140 2
145 237
847 386
833 694
188 413
665 32
730 307
600 612
711 383
171 332
47 883
848 52
58 643
152 293
619 632
124 121
288 568
433 679
301 611
813 520
22 755
334 920
654 229
357 967
652 801
828 890
428 686
594 824
904 446
755 474
364 982
352 252
941 481
292 151
180 714
943 842
325 66
121 298
956 862
217 914
390 545
974 843
638 569
527 678
629 15
799 384
247 681
772 944
868 441
972 793
789 253
759 272
426 33
89 634
263 191
155 688
628 443
966 289
9 365
320 99
839 879
268 962
709 472
278 649
403 187
71 732
57 101
990 395
854 116
991 496
266 571
713 60
578 981
637 405
559 992
221 325
992 806
901 374
545 906
314 42
225 247
183 437
434 203
959 26
392 230
218 874
811 628
138 241
648 810
406 136
374 396
335 774
634 557
528 595
565 268
530 850
456 163
312 145
411 274
936 473
340 932
640 566
564 562
54 409
996 937
891 67
465 610
303 3
566 886
377 563
601 458
773 814
375 107
962 72
522 260
954 765
369 30
993 609
742 12
50 919
79 592
950 539
214 433
408 898
760 787
785 366
397 249
73 975
900 860
395 653
705 777
491 807
443 255
160 304
529 812
296 222
655 927
302 851
743 943
560 996
40 739
497 152
416 616
399 674
205 487
475 141
486 220
963 857
908 162
791 555
860 737
777 156
319 195
90 305
698 636
83 174
875 858
252 526
999 658
463 381
91 1
100 726
627 757
116 246
98 434
381 618
961 782
935 308
471 426
23 71
930 894
407 833
571 844
926 771
551 925
262 699
735 750
198 407
81 702
806 834
835 291
132 995
892 279
446 848
3 800
70 204
286 587
727 451
417 684
235 345
201 899
26 511
115 392
724 918
295 50
97 889
796 792
576 231
482 507
558 312
202 348
685 853
470 544
238 94
508 968
823 213
461 583
337 210
687 286
867 123
15 923
653 176
881 390
659 69
255 346
102 215
128 39
775 353
216 322
712 808
774 436
771 508
903 701
185 235
631 489
253 144
714 44
244 132
664 775
343 938
231 202
341 359
332 830
31 523
274 669
240 21
721 217
468 957
39 559
126 153
953 382
997 654
646 803
317 37
16 430
710 466
59 388
605 597
261 990
246 629
668 659
241 582
5 584
365 300
361 270
947 81
748 933
899 947
779 594
74 647
973 199
64 492
649 976
209 779
778 476
916 200
287 798
350 372
686 826
36 796
548 182
211 368
765 403
376 742
451 519
658 17
557 425
683 103
487 326
617 687
792 712
726 19
462 108
624 922
928 223
