1000 3000
711 351
253 300
835 238
573 964
758 928
473 30
285 357
174 581
776 64
4 587
53 41
654 253
838 579
662 947
556 641
757 203
200 972
369 134
824 136
867 338
864 274
264 335
545 807
566 149
500 215
516 661
792 886
435 554
919 283
474 166
373 433
621 476
423 925
768 35
455 219
324 652
949 127
968 833
358 770
682 985
395 927
793 517
121 83
365 967
874 749
404 738
960 803
974 642
155 791
201 227
759 706
796 84
889 865
839 82
292 720
178 620
512 808
840 157
929 887
826 436
655 321
628 124
481 108
593 55
43 105
392 860
875 475
961 265
833 843
483 308
535 672
354 312
433 692
564 97
56 472
812 903
667 733
967 174
884 356
551 801
446 44
326 244
785 963
227 723
470 199
620 24
456 72
405 413
376 438
6 718
99 666
795 871
294 553
739 25
177 745
271 270
945 909
114 378
265 826
555 15
708 830
132 945
501 746
895 457
126 664
143 853
436 761
699 835
602 481
87 347
252 675
39 630
48 287
425 601
115 870
397 232
766 567
827 327
942 418
530 260
767 952
609 453
798 291
485 895
133 829
783 939
870 663
203 181
338 248
849 994
866 152
578 556
444 566
79 557
385 820
509 907
831 600
908 382
15 78
232 508
186 273
98 117
503 750
592 155
60 34
390 175
775 561
431 712
140 406
334 580
449 856
932 346
142 683
685 514
130 767
715 303
204 979
691 982
94 841
910 726
660 278
646 494
72 710
511 524
122 39
193 931
863 198
927 188
837 412
191 975
736 299
712 917
877 502
368 81
647 644
258 189
626 765
452 449
997 243
990 387
694 714
246 71
695 799
207 987
110 431
716 772
58 915
465 373
107 755
924 224
956 953
118 916
618 570
750 92
663 922
219 94
50 404
612 296
487 31
477 441
651 217
741 254
778 944
771 402
571 454
226 194
217 912
575 899
138 702
293 817
641 208
959 328
951 685
202 439
581 668
815 141
540 959
818 667
306 571
898 632
495 838
650 563
892 819
454 80
810 850
490 743
303 65
803 106
310 495
229 241
29 430
958 989
5 836
401 218
419 220
948 492
166 2
150 281
460 526
781 429
885 662
381 437
283 752
309 656
187 847
976 234
633 629
113 518
228 348
688 506
965 548
987 459
577 455
762 398
188 741
336 21
928 704
921 200
206 615
819 443
210 520
147 28
822 858
438 361
239 869
215 832
328 540
678 919
464 261
52 628
269 349
823 658
85 651
237 958
45 490
111 532
903 596
319 708
807 99
296 58
591 539
311 428
491 293
439 306
9 914
472 88
344 275
342 635
220 594
629 610
377 781
784 766
8 992
572 47
322 598
61 488
726 948
770 676
692 896
579 955
46 341
360 802
820 424
764 230
724 323
428 311
563 422
993 277
337 381
693 474
383 395
359 846
973 854
811 786
574 698
355 585
560 578
415 17
508 411
853 793
364 842
75 777
843 970
541 993
846 496
888 690
409 648
595 689
772 957
858 363
488 325
159 991
23 604
988 201
374 660
790 897
505 48
981 637
13 545
123 372
96 225
442 646
769 522
167 52
552 195
160 811
918 784
526 421
756 131
78 691
469 156
519 534
36 370
622 804
17 112
896 900
613 176
266 790
611 626
161 153
34 729
913 827
74 350
825 484
742 730
869 542
169 447
55 468
295 426
129 365
388 634
744 592
47 612
854 362
845 271
57 316
214 550
156 36
604 466
479 905
363 352
290 0
144 762
720 747
513 151
779 389
550 304
145 693
905 962
886 759
588 380
938 942
164 981
426 974
357 489
992 983
81 541
777 999
753 725
297 633
944 109
517 862
345 851
137 423
879 178
471 619
995 613
152 573
871 631
710 345
755 779
665 558
901 673
705 140
38 407
301 735
413 10
236 885
608 205
537 859
146 269
788 688
709 247
351 960
963 711
42 848
800 734
920 536
273 513
638 147
136 623
330 396
244 180
635 6
86 442
673 213
802 408
241 516
282 879
922 837
248 716
251 736
752 210
235 446
148 111
498 146
957 519
676 892
101 425
54 400
706 125
936 950
640 258
606 882
532 403
561 949
406 158
543 298
154 758
734 715
925 572
954 732
569 681
645 821
900 301
208 172
170 75
49 85
261 336
416 583
348 242
984 62
735 280
149 344
978 499
725 971
748 588
897 564
88 864
603 876
805 769
128 385
937 640
240 59
221 509
430 731
157 79
729 119
674 27
679 279
791 467
894 874
589 51
40 493
254 713
0 531
183 701
668 377
523 257
859 783
856 782
847 929
462 684
1 95
700 586
476 525
841 18
268 823
880 636
733 206
643 794
318 193
534 432
93 358
370 375
723 161
182 173
198 923
421 229
291 29
834 228
267 267
675 182
386 314
212 9
730 537
876 259
422 771
502 551
51 530
468 148
696 873
153 880
185 976
308 618
189 816
250 319
952 845
639 221
515 285
119 707
418 46
642 236
494 487
636 521
584 584
520 605
7 565
506 249
65 343
754 674
568 355
304 625
300 954
320 19
172 795
66 809
218 332
719 655
565 868
631 458
902 507
67 638
387 608
19 334
44 56
935 680
361 101
814 483
346 624
68 796
76 546
242 240
559 61
184 943
83 607
429 703
749 70
445 420
475 204
73 935
417 145
821 159
281 875
274 211
367 368
175 179
247 91
916 86
698 622
507 187
946 192
420 810
510 599
92 535
649 450
362 162
353 5
842 462
865 76
173 318
985 696
493 190
989 768
230 908
607 14
656 135
484 643
305 57
480 390
171 602
14 120
276 11
116 621
20 393
234 649
64 137
380 840
557 501
527 937
982 322
3 330
601 168
372 266
576 417
977 523
882 309
341 353
453 824
528 918
721 552
586 582
124 898
911 434
41 460
62 333
12 337
463 744
652 934
112 913
971 282
323 940
583 262
542 686
625 739
539 26
587 264
623 965
899 231
836 416
95 654
544 463
459 969
272 867
151 920
69 73
100 473
533 538
677 857
288 130
597 115
179 872
737 104
384 37
765 288
947 102
329 196
728 202
891 778
424 504
340 911
689 818
672 910
614 22
690 252
399 497
562 103
804 966
605 295
653 695
830 968
410 96
686 409
862 774
713 921
451 589
966 43
634 863
211 186
398 788
585 529
224 609
740 470
492 679
504 339
349 883
912 379
893 369
969 246
302 49
955 302
941 40
598 593
873 410
786 60
680 544
904 998
994 164
197 191
176 760
467 276
194 751
333 461
393 197
28 498
940 371
89 329
707 677
860 237
999 776
314 256
648 144
396 415
335 926
11 577
986 93
299 376
135 50
809 170
321 74
794 515
192 844
624 42
190 239
407 384
806 331
930 785
275 272
127 669
260 740
850 405
923 4
231 394
245 212
644 800
939 251
687 616
350 946
615 294
27 984
558 527
256 754
25 23
400 650
478 815
33 576
684 435
378 902
521 894
486 233
249 657
84 118
881 878
103 839
972 722
371 478
141 340
630 209
738 787
627 670
664 742
616 297
599 891
813 797
443 121
518 20
104 177
632 68
666 69
26 834
546 813
915 491
718 374
548 597
909 185
440 485
458 980
168 705
970 930
817 116
441 528
582 694
998 757
402 419
391 397
671 284
580 595
751 606
205 167
594 814
943 511
619 255
180 831
554 687
109 924
980 486
411 568
855 798
209 7
637 263
499 780
30 367
347 639
797 342
659 480
933 510
570 235
829 901
403 560
199 805
466 500
497 973
732 647
289 822
914 464
382 724
325 547
105 123
496 825
590 133
90 728
743 775
763 414
394 665
782 45
35 748
2 445
761 699
331 482
681 163
21 995
131 66
307 590
832 477
134 614
259 533
196 469
808 324
327 861
181 978
852 8
375 828
529 305
799 250
270 16
844 128
848 451
722 709
714 126
222 753
760 184
878 961
962 990
683 142
332 366
926 773
658 575
280 852
857 645
389 617
887 313
225 110
312 143
106 383
120 671
524 678
315 700
59 150
549 659
213 38
165 603
457 456
525 12
917 719
489 727
717 107
953 360
263 222
661 98
233 792
536 849
22 763
432 682
610 154
63 268
125 386
379 183
80 986
97 956
71 326
31 889
964 87
117 591
851 906
414 114
352 132
162 997
195 392
366 555
669 122
339 855
216 226
108 317
313 286
238 100
975 471
745 13
774 444
890 932
816 214
70 113
77 138
24 512
223 938
298 63
996 129
255 1
102 399
163 207
703 160
828 452
91 465
670 364
461 290
356 503
412 315
37 223
906 391
701 543
702 320
32 169
883 310
780 941
596 77
408 756
907 806
538 479
317 388
18 574
514 3
801 977
746 549
434 764
447 697
437 33
482 559
787 292
600 904
983 936
934 569
279 721
747 359
82 448
861 951
287 440
243 90
286 877
316 53
617 165
704 67
553 32
697 881
950 562
16 890
731 627
257 289
158 427
567 884
277 245
448 611
10 717
262 307
139 54
450 789
522 505
789 996
872 89
979 354
657 653
531 737
547 401
868 216
773 988
931 139
343 888
427 866
284 171
727 812
991 893
278 933
