1000 1500
404 502
10 752
914 179
456 106
820 472
773 727
953 661
249 788
535 787
794 914
599 908
678 89
762 562
378 128
22 458
638 928
329 610
777 679
176 314
29 544
772 96
440 995
344 902
843 963
759 782
91 537
587 735
326 424
601 361
182 958
585 216
36 167
833 315
597 463
402 268
779 327
177 308
557 286
849 570
865 561
639 43
48 378
420 595
230 290
696 213
934 639
724 979
366 802
431 519
731 539
245 184
220 581
630 122
185 468
146 982
522 780
892 313
416 20
113 281
266 628
730 623
744 770
369 220
28 530
436 203
396 919
987 330
273 817
723 692
526 775
419 139
862 49
990 141
555 416
687 238
190 947
454 199
219 622
47 162
984 295
519 144
845 217
410 273
465 350
660 769
205 554
933 7
538 529
335 697
136 931
107 492
553 961
907 441
386 657
533 993
397 479
293 702
302 630
9 451
353 37
262 701
171 767
184 352
746 442
504 825
853 828
39 77
632 798
35 305
37 666
73 3
202 197
345 83
972 854
384 571
889 856
786 490
968 86
27 267
612 269
59 231
278 851
248 425
993 342
399 548
229 257
305 485
331 73
112 604
272 636
741 248
604 730
413 403
556 578
178 0
95 899
295 886
483 513
784 309
316 97
913 808
377 307
874 813
502 783
878 518
808 19
665 204
649 207
414 864
199 401
516 627
543 911
693 668
475 379
455 481
531 558
67 557
13 939
409 776
518 990
443 996
728 303
5 875
433 178
631 103
150 388
586 271
691 438
425 747
787 760
448 983
193 762
421 347
412 687
764 345
868 422
280 475
661 333
7 208
510 258
760 794
942 4
144 685
737 486
686 629
210 774
765 608
671 81
1 607
735 634
837 56
166 598
200 116
26 198
634 252
891 888
354 956
844 847
745 673
260 196
962 174
281 505
872 341
256 377
512 696
486 363
323 221
289 5
897 42
469 642
299 389
23 430
722 729
446 340
544 848
532 163
955 346
629 950
292 649
12 469
231 659
767 832
769 609
243 411
340 376
43 264
550 74
958 618
234 237
174 846
637 955
926 520
159 733
215 55
925 599
806 57
457 471
514 46
444 797
658 906
923 804
424 317
521 971
726 503
225 382
276 306
869 509
626 743
355 853
198 218
161 893
367 169
689 560
530 360
339 650
750 45
206 704
291 648
169 912
866 829
374 889
135 834
846 563
600 778
127 18
817 320
147 325
679 511
100 464
855 282
156 758
789 671
624 543
793 573
370 429
3 151
528 721
788 364
857 278
65 716
324 104
915 365
72 244
252 189
738 304
616 772
170 435
596 691
943 126
768 957
93 349
349 381
994 871
490 311
223 738
304 410
496 470
195 968
903 8
348 720
356 669
611 940
19 368
224 710
66 499
988 130
333 462
841 240
257 987
275 493
20 119
56 984
108 131
509 962
352 235
482 335
692 185
625 942
614 310
296 569
673 707
242 739
99 121
950 125
308 883
971 152
840 822
960 110
828 923
83 785
885 68
657 193
246 337
417 585
823 621
917 449
462 921
79 819
582 366
564 504
838 354
476 181
96 194
927 551
395 444
715 566
111 446
881 790
426 872
491 494
964 236
350 214
856 53
653 896
851 227
53 799
499 69
910 932
387 112
102 517
118 30
655 879
796 156
542 488
850 150
590 426
613 155
809 755
61 334
288 225
931 946
298 714
494 206
175 582
327 80
940 146
659 555
571 910
778 619
134 915
363 201
336 47
453 355
697 145
674 292
307 478
565 885
375 874
748 261
798 183
489 385
415 284
237 532
928 391
342 654
463 884
314 625
577 865
191 986
92 643
11 344
749 127
554 460
6 191
584 572
763 157
474 763
998 842
721 935
989 280
508 678
320 255
437 522
729 495
700 6
458 483
470 50
188 433
343 575
306 253
338 686
495 9
312 565
294 552
408 348
877 821
539 456
775 591
31 177
683 632
667 534
216 300
33 589
325 857
503 792
75 898
253 547
774 409
438 943
732 245
944 576
212 966
497 715
385 277
180 369
812 617
222 266
579 63
473 75
403 816
318 717
468 826
922 154
477 10
204 748
62 265
669 459
467 684
860 909
163 331
70 466
464 645
681 107
400 949
406 670
932 989
267 723
520 705
598 293
979 296
791 100
44 65
487 954
88 251
952 927
500 232
523 140
690 602
466 991
128 882
450 138
330 299
668 587
572 92
580 322
69 1
921 728
835 374
361 656
365 321
121 901
755 807
394 457
918 242
884 742
244 431
783 759
472 789
137 124
422 482
938 903
702 421
110 953
644 477
756 926
941 386
967 637
733 731
217 418
804 596
956 998
16 108
954 373
675 540
14 279
945 681
895 577
719 688
383 667
259 453
664 860
716 514
920 719
751 480
576 967
799 867
268 937
379 135
449 680
606 132
997 440
654 24
688 626
701 952
49 209
398 210
274 200
32 751
132 95
40 693
513 526
566 891
725 98
816 353
442 999
867 568
662 332
183 781
189 387
627 357
64 761
283 613
427 34
251 187
524 936
322 800
703 510
337 918
677 153
94 837
761 44
277 574
574 99
498 766
17 862
534 646
393 247
430 703
831 948
157 192
682 114
362 753
434 319
981 263
887 836
131 765
635 725
852 223
42 316
109 658
581 580
130 523
167 297
995 496
893 452
334 133
173 115
139 461
148 423
902 549
908 894
558 786
401 541
936 559
332 159
63 291
781 605
536 195
270 283
752 895
753 39
785 745
405 969
734 79
694 84
238 48
24 844
81 474
916 351
117 343
740 611
742 367
864 180
380 660
507 60
133 16
963 160
432 254
858 396
698 129
309 28
973 71
863 827
615 61
106 222
86 869
839 164
894 287
98 393
232 170
821 448
957 917
226 849
882 439
445 101
488 274
836 484
207 644
826 838
888 408
389 615
101 375
727 833
718 695
834 635
315 239
642 136
505 708
898 818
680 165
830 383
164 326
141 567
879 920
946 764
471 143
939 536
810 744
145 190
376 336
271 205
589 395
567 224
30 741
672 713
570 553
301 371
71 535
900 972
165 432
854 454
452 13
906 105
120 870
961 168
803 66
373 638
873 726
211 579
705 959
573 905
300 858
575 711
652 771
423 406
713 724
813 779
255 640
886 977
360 830
905 757
593 712
236 754
965 445
429 256
802 732
104 202
214 147
116 339
951 633
602 900
776 583
617 36
358 118
758 324
676 234
641 359
999 709
563 525
930 682
739 498
484 512
82 584
711 259
540 82
258 653
842 944
15 318
181 887
771 62
619 938
186 15
780 356
50 134
51 941
0 641
743 777
254 749
269 985
261 521
451 597
168 397
706 992
162 997
439 489
311 294
805 508
712 102
656 506
620 455
286 415
179 301
904 358
720 616
213 614
364 675
411 840
303 690
250 338
832 158
929 674
221 877
68 907
21 29
461 988
97 117
235 25
263 172
609 542
583 142
684 328
848 592
578 407
859 22
814 863
811 420
714 631
155 175
562 491
800 841
912 27
766 90
485 497
187 14
194 698
359 94
847 272
736 796
114 500
822 148
80 970
648 897
911 773
707 606
818 768
54 276
77 873
90 226
595 67
160 414
827 215
371 831
265 964
710 904
18 960
382 412
883 487
347 974
969 916
646 736
650 436
233 285
126 655
151 85
372 672
208 975
982 556
282 392
633 323
158 31
610 450
172 58
381 600
666 405
85 443
284 230
870 647
747 801
622 810
640 527
428 370
241 250
980 59
209 76
76 166
247 298
140 501
871 384
670 880
966 270
815 23
754 929
492 815
390 362
41 288
829 612
460 550
441 173
317 52
548 965
592 994
549 922
319 120
996 149
551 380
501 588
663 845
588 722
346 93
797 111
119 11
459 171
919 806
34 437
978 533
647 795
560 564
25 586
569 973
310 467
239 676
561 87
717 275
227 123
57 803
313 651
8 473
418 427
568 72
875 32
149 78
974 417
970 12
636 852
947 706
792 603
480 188
790 26
87 855
708 925
218 868
124 211
2 70
992 740
60 756
645 35
819 734
517 814
605 249
525 531
479 699
901 398
481 113
594 54
909 390
876 109
896 664
228 40
105 329
695 546
279 784
103 662
52 302
976 945
264 933
607 137
608 289
618 980
782 593
55 750
392 91
153 791
89 835
757 528
699 212
709 809
937 689
983 465
435 624
328 41
447 866
545 21
407 447
84 700
880 233
795 694
824 64
143 38
154 545
651 620
138 876
977 2
357 476
321 434
122 594
196 892
546 51
591 400
643 219
704 394
287 88
297 428
290 590
959 683
515 241
4 878
478 812
341 246
511 737
621 161
115 229
125 811
628 677
152 850
46 17
935 978
770 930
807 981
991 913
129 820
801 538
986 312
890 934
38 260
74 746
201 793
78 859
825 665
123 413
142 663
45 516
391 524
861 890
541 924
552 186
506 823
192 33
985 805
685 402
240 843
547 515
924 372
58 262
527 243
285 718
493 404
948 824
975 507
197 839
351 176
537 182
603 228
529 861
899 601
559 881
623 951
388 399
949 652
203 976
368 419
