1500 4000
723 500
1126 548
511 600
409 352
354 480
547 593
601 944
759 1471
1385 565
553 1467
476 1350
1124 612
925 1090
1049 772
1230 508
1129 1421
1349 529
91 889
373 765
205 407
1030 268
1135 654
892 238
459 1004
109 541
480 345
1267 777
1445 1232
77 1127
1037 559
10 734
598 906
628 43
1130 883
932 1174
1005 271
743 590
327 1327
1226 492
980 994
627 1370
1481 1226
494 827
822 719
861 726
745 1418
170 886
285 1167
302 1453
191 409
127 381
1422 574
247 894
1252 131
1159 166
1234 1056
1458 1435
501 1188
195 437
1359 477
1157 996
462 113
614 1140
1489 1337
1240 1384
264 1328
175 938
225 819
1155 718
46 955
824 1062
593 163
226 1396
1399 1075
306 461
146 807
208 76
1044 256
613 783
1119 1439
490 290
23 1398
288 710
838 862
495 169
666 1166
41 661
1468 956
345 684
605 11
897 957
216 798
765 988
1185 554
585 222
278 85
238 1179
298 587
145 1220
520 1214
573 427
160 404
621 1164
1348 1239
1300 899
763 707
196 506
1310 1016
168 13
478 402
1166 626
681 602
483 196
746 423
833 1219
311 128
1109 945
17 33
972 124
546 959
1051 870
535 44
348 1177
563 1355
647 874
785 0
477 998
1001 317
128 757
1425 189
87 130
626 1266
269 1119
675 1091
3 1485
1073 592
1048 297
1289 347
262 1159
815 219
1152 1356
362 80
698 1134
1354 884
150 1002
721 1431
790 759
442 954
47 364
693 622
343 566
1180 550
571 431
725 1433
89 1334
305 1378
888 1300
1434 156
397 1442
252 556
678 597
1189 1102
1006 909
1450 245
1019 990
562 77
767 1353
889 825
130 221
1368 197
158 512
1025 1013
93 214
741 147
865 45
523 979
1218 1254
1400 776
1465 1237
508 649
322 964
1371 920
1460 534
952 136
1417 758
1298 1340
911 1487
1074 1143
1092 365
376 97
648 1314
61 1223
1312 284
101 1146
735 105
629 272
867 37
1064 713
220 1227
1347 444
1283 997
491 491
1042 1404
1271 1208
1190 526
1 414
468 514
1116 1345
1194 187
1277 795
1457 1349
737 360
943 693
641 276
1327 1000
835 1422
467 1118
989 15
575 249
177 133
1072 1305
527 1109
1332 651
682 697
781 46
783 647
570 319
849 1061
924 386
521 724
1192 562
574 1397
809 1451
301 624
248 19
662 474
754 185
455 746
855 1079
782 1490
890 878
979 161
479 729
881 1436
934 1463
1094 338
1024 536
597 1149
102 841
720 1263
588 1212
512 1105
834 206
1274 1306
578 1097
531 666
895 1128
907 1443
49 1369
1328 342
1491 635
470 1138
677 525
1384 149
1041 778
221 177
1150 148
1100 793
27 75
1011 286
229 1069
1149 1304
1411 1112
1214 1165
1342 1181
1389 369
1464 586
913 1329
650 585
514 918
758 452
1322 771
1373 309
141 395
496 779
194 692
408 764
258 1269
515 1201
509 1409
926 1094
534 490
1054 426
940 251
1097 1375
55 932
54 296
707 1036
1162 630
884 646
1281 699
1499 1313
1137 1015
137 650
947 1323
974 648
414 791
287 623
471 1010
289 190
1292 1153
86 1271
492 564
1421 201
623 610
710 972
1173 595
417 1486
1007 57
451 497
336 246
771 294
674 1106
1032 1276
1360 1045
991 1461
430 1022
51 1348
976 1360
806 563
1254 924
795 901
341 939
57 61
702 1199
922 10
45 239
1449 573
325 835
1012 1191
1174 680
390 856
320 1365
72 705
555 828
1197 941
655 907
98 744
444 1200
1172 965
969 498
878 35
1355 236
1204 846
1380 619
653 1387
864 890
532 143
315 311
542 834
742 1014
634 380
600 1445
450 903
624 63
201 641
559 627
1154 1235
319 578
1063 1151
1246 552
64 843
646 1251
1316 871
33 655
1264 733
536 549
1103 3
1288 1170
228 1372
919 400
139 561
43 324
848 1048
701 591
1118 1073
1153 1148
1170 141
392 1368
1409 657
959 494
540 1123
787 469
217 119
1115 293
481 307
777 359
340 864
516 1092
413 820
436 462
1442 1058
548 330
1438 267
380 750
259 1286
1375 513
800 543
935 195
609 1272
1131 537
318 12
198 1333
1477 518
126 1217
339 515
179 1241
502 1332
632 123
894 605
284 567
458 174
1028 808
114 1120
1040 1423
1081 1391
1485 1374
1026 1399
1091 78
669 1448
1082 769
1141 126
994 1382
281 408
370 1450
350 117
986 353
1205 1130
1358 1425
245 700
664 261
1339 1083
349 824
596 1444
446 109
426 948
694 1426
497 535
1420 349
1265 121
816 1301
1363 1070
1216 756
1183 599
579 1478
1388 752
882 118
239 687
250 305
1110 253
1206 184
1461 532
369 1412
371 1169
951 1456
222 145
464 966
1077 173
1452 114
449 263
611 830
748 749
633 1330
984 770
433 472
0 182
541 410
1307 683
123 354
254 56
1356 721
60 1427
48 1072
958 1255
1412 767
639 618
557 1441
15 1363
933 943
1390 456
1369 822
981 273
1341 98
685 295
421 313
602 542
1362 1101
673 1462
990 8
1027 800
1259 743
1416 671
312 545
1419 774
189 1160
805 1035
978 969
1378 1133
1257 1253
898 1440
526 1415
135 974
966 658
714 1424
68 660
792 299
251 976
193 6
425 389
1439 925
411 326
249 1222
1294 588
76 1299
1144 1367
1303 1452
323 209
1443 703
59 711
909 1245
689 1190
1492 1428
456 371
106 609
188 805
762 264
828 667
638 55
1128 629
1053 844
617 322
1070 1336
375 1114
1008 1342
690 1454
218 762
202 1139
852 1357
756 748
427 1194
255 601
1114 102
1069 178
1220 1406
670 1483
604 1281
1488 139
186 350
718 1175
398 90
1272 1082
697 1229
265 193
568 739
1247 280
20 669
561 191
12 1403
122 1
676 48
1374 811
1494 1473
661 895
872 164
592 519
776 516
1156 1361
125 242
1361 953
995 917
606 468
692 644
946 946
366 742
310 1074
330 339
738 1247
176 442
286 880
466 1028
1105 865
1099 887
1270 951
564 443
1311 93
552 129
518 557
410 1386
277 1037
268 933
463 1003
1121 851
1396 26
1370 471
31 1474
236 1225
157 1171
657 673
210 328
1123 192
119 1236
173 665
565 450
985 252
938 183
1273 832
1462 723
982 589
998 1111
1404 413
143 254
1219 854
764 1063
873 547
1448 368
1372 840
749 714
452 754
1085 1230
773 374
180 171
549 451
1256 773
857 493
1238 417
115 416
811 502
40 2
796 308
65 580
62 931
203 333
871 1458
400 378
636 303
50 9
937 357
659 891
107 1172
1000 712
1181 150
355 1282
736 973
38 1077
910 668
750 390
1176 433
524 963
152 235
591 1291
608 1055
987 1008
1451 937
1122 1472
544 226
587 58
317 928
912 1402
1244 1464
297 741
1084 154
620 25
1302 706
58 620
1478 1023
439 71
915 1145
1446 1407
1459 1059
52 489
184 240
920 122
81 1211
1262 1311
100 100
1428 775
16 1273
469 785
1427 980
475 960
445 1376
1365 662
942 1371
5 837
6 560
399 985
1179 194
1241 225
1047 398
358 362
1345 370
519 1041
292 1294
223 1477
271 62
810 23
299 41
921 373
438 49
457 505
1038 447
586 912
612 720
296 858
668 385
372 213
599 1158
1286 896
1269 399
929 809
361 935
199 424
1309 341
1004 1400
246 797
1003 634
977 1410
164 159
1231 1012
472 300
1015 1125
1113 1087
1108 802
1147 679
1330 22
778 94
364 603
827 690
1080 1308
970 1113
110 1129
332 320
159 872
1386 453
279 1193
233 780
207 140
432 501
2 82
1296 1246
672 1115
1480 241
836 180
219 804
335 958
183 1316
936 421
182 511
342 1484
121 467
705 1067
1321 285
1471 852
1200 952
227 460
1132 230
253 153
1329 897
1107 694
1414 923
1101 571
595 83
944 1021
663 1315
83 329
1184 936
1061 298
582 488
1201 1321
580 1218
788 1043
863 1144
423 1434
200 522
1139 950
1014 1242
843 725
1237 691
779 484
266 430
1405 32
751 29
337 653
377 379
257 677
1223 167
104 96
69 1250
334 92
818 146
1364 1416
241 448
1010 1185
786 1238
1493 1248
382 283
260 1252
770 392
930 279
454 387
329 1066
1087 1413
486 842
440 768
923 1126
960 1093
1164 1060
333 1244
485 107
1089 5
757 470
1021 425
1196 224
244 110
1078 1296
768 916
829 1176
1424 989
1331 1257
1102 1331
44 1121
622 142
1055 1344
844 1076
172 24
769 116
1060 144
896 260
1437 1460
635 397
696 152
429 747
1225 784
402 91
147 466
1067 454
1076 463
1066 302
726 266
378 1405
1098 227
293 1262
155 1284
869 1122
637 1196
713 478
1429 685
500 1358
1258 672
916 1309
554 986
1282 810
1403 987
961 20
1455 28
14 991
1056 555
874 686
530 405
1112 1469
234 73
167 432
917 608
274 288
1408 1001
465 1395
996 1283
1325 1104
1017 631
385 615
728 485
1250 1157
525 873
346 1107
1057 306
840 737
967 1414
954 1318
1495 675
1020 1302
870 258
447 1438
1290 845
211 1280
79 670
1090 1377
1088 1457
1052 1065
964 695
1406 312
231 60
1295 569
489 625
131 1155
117 481
163 788
807 1180
752 1390
905 993
1245 198
801 640
543 1135
1151 611
204 38
1338 921
1463 1366
1195 1243
1436 1108
1169 391
1035 1279
615 441
1133 1209
276 978
963 52
29 517
134 1380
821 1278
1297 47
386 160
1407 503
8 1341
351 1287
129 1343
1260 383
630 879
1318 745
699 642
953 983
879 583
899 1051
507 572
679 975
740 366
356 289
1299 332
82 984
625 847
326 208
1392 898
820 1317
30 459
791 438
1456 316
224 1470
656 17
1208 1481
420 351
22 1026
63 1047
830 101
461 715
798 1032
1466 594
165 782
1211 621
272 377
1045 510
1276 722
96 888
517 7
649 384
156 428
616 857
395 1163
731 967
1236 220
381 1182
1167 14
590 1044
761 1042
1301 318
709 204
1209 277
1104 1449
88 582
607 992
1096 727
1243 1168
900 1322
13 546
687 816
1395 1432
95 69
1203 393
683 115
594 1116
53 250
1324 645
883 310
1280 1216
853 942
640 815
1023 234
214 1053
813 372
539 913
1398 530
1146 274
1161 1285
510 335
957 292
1083 1046
1093 367
715 761
1490 1096
242 814
213 262
1215 730
308 790
717 682
1079 1068
1016 475
240 108
904 553
405 1260
1447 628
283 876
760 947
1239 1268
282 829
918 259
1441 137
965 1202
928 270
97 1098
1233 866
112 676
1143 66
1198 412
1394 1373
1127 1142
1202 455
643 30
488 1040
997 659
25 708
230 1392
1106 1297
505 287
474 926
1175 868
1221 181
658 1137
1435 930
493 892
1350 89
1251 1011
774 904
441 483
1217 86
197 1210
118 681
1482 1459
529 803
503 104
443 544
1319 1497
793 248
1136 476
700 504
804 781
1210 127
1337 736
862 1064
859 1354
1222 817
295 87
424 1161
1158 1495
161 1401
856 179
784 301
1058 1319
34 1359
1335 636
166 1275
1475 633
74 1089
567 1489
908 823
453 348
724 577
708 551
744 106
1018 838
1232 363
18 120
422 1078
328 689
1357 869
528 1479
755 486
307 531
1432 255
383 233
181 1465
1248 853
178 458
1470 188
733 1215
71 818
347 229
1242 212
704 1080
78 1110
839 799
558 51
1343 244
1285 1290
35 1468
992 598
32 375
1381 265
1353 1189
273 440
1351 1005
688 520
847 538
415 696
1227 1389
300 1049
1249 521
261 27
850 1027
1486 278
338 1259
684 1393
569 999
1284 202
868 839
1191 568
185 1429
7 1030
584 495
1291 732
1340 165
290 158
775 792
1433 401
860 435
566 499
1393 558
1177 422
90 753
280 79
368 40
1117 1408
631 36
854 1224
1469 1347
716 1394
644 282
652 1198
753 812
968 922
780 186
407 323
842 787
1304 72
1415 801
237 1381
732 982
92 1362
551 581
1095 205
1473 203
1484 940
1366 170
1346 111
999 911
80 1364
691 155
1009 575
75 971
808 81
353 1007
154 1081
26 429
365 337
962 1154
1382 604
931 607
401 334
393 789
111 70
162 1346
99 1240
331 731
522 794
1453 1231
654 570
1013 1417
437 717
1487 31
28 1447
1313 21
1163 1494
1334 704
487 42
418 103
581 449
722 223
556 970
309 643
132 1197
1188 151
939 396
1029 509
841 315
367 16
1293 1385
1410 1086
321 327
103 1430
212 157
324 905
232 439
886 1277
1367 701
484 95
550 596
144 1233
927 479
1483 1491
1333 1150
645 216
902 18
876 343
956 269
817 257
885 217
719 1095
1497 1324
314 336
394 1186
610 881
174 325
906 1195
142 215
94 172
789 1100
1431 138
1474 1131
416 1455
538 4
153 210
303 275
313 1325
1075 786
866 237
619 1270
1377 1132
1496 1152
560 382
1391 1388
1187 39
504 314
734 247
1043 403
116 67
434 434
983 664
993 74
1308 1039
730 813
1065 1057
1426 1256
1498 415
858 231
275 228
431 112
1315 576
506 1307
352 914
391 949
589 199
877 915
1062 1496
1046 961
151 1419
1213 1295
384 1018
84 606
837 446
1160 358
832 995
360 411
893 806
1326 908
1306 674
206 927
404 1482
387 826
19 539
825 168
1413 132
388 637
545 882
419 617
887 464
192 1124
1305 1184
671 65
686 1488
403 88
1125 1379
482 1009
9 1187
379 652
1454 321
1086 740
727 523
667 934
1423 134
826 84
1182 1498
1111 1312
36 340
108 394
1228 207
85 1289
618 1351
1165 1383
1263 751
1002 50
1317 64
1278 1411
187 833
1352 356
1402 1476
1430 735
169 1071
1212 1205
766 99
149 1261
711 1204
291 361
304 678
1314 1033
1068 1173
42 1038
1261 162
1145 688
729 698
190 243
1050 929
37 1420
513 1183
948 850
498 1352
263 304
583 1499
703 445
1034 1320
113 849
880 639
772 1117
642 1141
950 1147
799 1162
1186 465
803 831
148 638
1120 1221
1387 1288
1440 473
24 457
941 1192
56 968
1383 702
209 893
914 59
105 900
891 1339
802 766
1224 1213
706 125
11 1249
138 877
1479 1274
572 388
1336 1466
1287 861
499 331
270 1050
1476 1293
823 344
797 419
1320 859
412 709
39 902
603 420
949 763
1039 728
955 418
1467 1234
215 1265
812 1088
1207 656
140 436
845 487
1279 533
1229 406
901 1084
1418 507
975 1228
389 376
70 1292
66 1156
1275 663
973 524
576 53
357 1099
537 1178
846 1017
73 613
1138 1052
344 496
1059 355
945 1020
363 1303
294 821
903 1492
1036 885
243 281
359 981
1134 1264
1033 1258
1472 540
712 875
665 1103
831 135
1253 1437
235 977
448 1054
435 836
680 1206
460 218
1235 54
1031 1335
428 738
171 1480
1401 34
1148 867
1255 1267
1168 1136
267 855
1266 584
971 211
577 176
1379 1207
1376 579
124 528
316 1475
739 1493
136 175
651 1085
875 860
133 632
396 200
1323 291
473 1031
406 962
1268 1019
67 482
21 1446
814 346
1397 1298
660 1326
1071 1006
1142 1025
747 716
1178 527
1140 919
988 1338
695 1203
819 760
851 863
4 68
1344 796
1193 1029
1199 232
374 616
120 848
794 910
1022 614
256 1310
1171 755
533 1024
1444 1034
