1000 2500
673 325
909 72
913 323
142 119
391 57
698 104
164 111
77 251
672 34
139 485
199 827
12 974
262 527
710 220
137 915
245 279
451 152
49 213
209 568
866 451
326 138
919 789
936 330
453 239
402 649
482 818
984 150
918 989
661 676
201 962
917 300
926 56
273 512
832 594
492 232
82 352
320 228
720 873
979 259
270 788
33 17
641 886
896 900
389 267
790 673
498 725
769 209
284 436
438 8
427 290
791 6
723 416
874 294
110 331
212 588
455 218
466 645
633 69
485 944
699 926
877 951
88 336
244 598
865 462
3 320
683 805
863 90
439 5
213 78
787 973
428 316
179 101
375 221
639 648
965 644
792 399
818 623
316 202
16 58
701 465
51 507
50 843
38 536
456 888
824 654
39 155
716 969
474 438
405 669
94 624
352 96
734 796
577 763
921 601
659 151
660 702
678 869
749 756
180 455
802 482
826 968
314 574
714 656
154 311
10 579
596 467
587 389
972 341
548 50
973 899
473 541
510 995
317 778
876 434
104 370
364 468
399 516
36 903
813 830
185 346
545 771
183 643
588 409
552 391
786 692
461 566
562 773
327 736
933 286
820 120
321 996
6 744
123 625
692 876
801 686
653 453
243 816
240 606
873 491
538 397
546 234
951 597
146 700
522 176
564 84
84 488
159 59
28 167
298 141
759 701
260 739
584 33
937 423
40 338
862 396
924 282
985 997
429 219
542 991
763 302
89 657
966 143
837 523
540 814
728 271
821 439
191 402
810 863
220 889
953 481
162 570
144 916
95 123
628 268
543 608
236 208
850 427
432 885
967 281
869 798
422 87
66 398
68 672
845 801
889 943
861 659
332 387
323 849
362 834
525 99
783 490
330 29
544 77
20 559
140 820
397 367
475 667
754 327
512 194
17 902
318 767
912 299
277 83
338 530
383 419
762 934
307 92
993 386
844 526
645 73
752 395
580 80
333 458
145 947
721 322
609 734
462 53
961 278
730 978
872 408
736 612
48 521
805 748
334 999
794 622
37 683
14 703
418 859
830 618
390 922
746 142
481 495
468 959
556 505
765 709
200 452
7 181
709 135
230 130
777 364
157 100
425 456
369 210
871 769
133 652
882 334
385 535
743 235
853 894
403 42
357 428
817 454
868 802
444 630
339 230
306 321
782 477
693 911
992 799
315 990
657 224
856 102
329 23
255 54
489 349
379 171
784 614
267 301
365 746
106 955
358 131
56 433
758 496
470 107
554 918
605 897
336 145
535 525
223 170
950 871
952 441
486 617
883 908
977 51
686 236
356 821
713 324
93 953
5 751
311 21
725 971
764 121
624 504
225 519
964 881
59 794
521 4
419 629
685 63
599 253
203 691
467 339
664 2
760 895
90 946
413 688
669 542
363 847
149 837
452 933
646 335
910 936
956 358
880 193
625 478
691 127
13 47
735 687
501 671
22 782
662 371
941 861
976 392
986 255
708 762
293 70
911 874
450 172
795 15
635 661
169 400
463 169
167 317
558 12
208 927
968 655
503 20
915 178
2 424
448 445
340 283
995 964
935 45
57 893
928 547
705 987
454 318
215 511
69 161
287 729
696 829
259 670
304 360
742 277
310 314
944 981
211 442
182 679
172 188
192 993
445 240
632 698
416 715
892 303
380 864
258 24
398 249
621 741
533 484
565 265
630 583
289 752
388 297
867 95
109 369
726 937
903 81
113 460
118 759
946 954
796 204
785 273
91 252
31 315
325 187
703 192
611 628
460 998
119 298
173 721
900 790
987 406
441 361
184 647
839 983
527 522
614 930
644 765
618 379
617 199
410 836
570 793
744 684
447 870
161 229
551 917
303 159
927 833
616 591
350 332
487 296
319 200
727 867
342 848
819 195
150 153
186 553
76 94
78 410
781 795
855 811
300 817
206 875
532 658
640 275
120 909
280 295
458 972
906 678
849 226
235 40
905 784
457 347
395 963
35 576
424 924
591 699
302 333
268 245
472 377
360 474
11 404
719 291
671 108
435 710
747 565
55 105
848 118
205 238
846 781
893 162
130 372
148 957
925 828
478 357
519 388
613 403
812 363
717 941
349 366
231 437
64 22
27 910
634 564
392 621
376 668
722 289
602 256
970 272
377 634
477 217
788 555
731 779
189 878
471 735
843 385
151 479
851 819
218 607
706 726
642 440
739 444
674 447
761 804
29 593
116 775
980 932
930 189
695 44
187 677
41 26
194 719
297 128
232 421
242 378
102 110
204 305
864 967
344 713
337 207
70 420
351 826
433 179
256 260
272 919
575 250
373 98
345 646
54 486
895 380
400 473
592 149
654 582
998 264
638 912
778 561
578 575
174 680
219 201
901 940
857 443
247 154
500 274
878 842
684 466
620 639
506 552
771 538
780 838
707 809
71 718
963 266
24 517
627 572
656 68
899 383
507 984
193 772
250 36
299 146
518 7
597 611
608 852
60 745
282 246
488 550
724 571
249 343
195 500
960 14
898 860
631 133
127 956
292 803
372 560
681 344
166 747
776 966
112 896
753 627
382 599
34 750
393 693
994 600
712 27
689 824
53 855
493 907
322 115
823 543
269 362
529 675
615 720
479 539
103 695
99 813
773 284
530 708
430 906
700 985
626 114
408 183
704 270
147 850
526 55
799 884
809 970
281 190
409 418
999 475
135 786
582 920
655 308
346 524
560 448
25 137
885 313
676 342
221 766
412 472
887 554
929 923
581 368
505 892
697 310
571 432
603 642
85 845
374 578
957 157
217 840
751 126
83 28
496 704
610 117
559 67
838 248
21 697
828 931
348 783
117 431
499 122
354 865
128 180
523 32
557 116
42 158
938 329
852 776
434 690
568 653
694 212
504 666
981 948
550 858
858 446
490 942
459 426
271 604
741 487
359 823
114 787
290 222
222 620
252 365
18 528
978 185
573 124
251 705
658 499
86 293
228 501
920 714
368 929
841 144
253 132
517 562
386 882
854 518
733 925
515 754
772 340
670 112
541 758
555 977
974 619
881 976
469 497
4 949
566 449
47 413
833 586
914 350
943 529
98 48
916 215
125 730
480 292
738 1
983 961
188 425
888 761
988 461
750 854
955 134
0 533
423 584
131 665
648 800
67 506
394 304
370 537
440 770
331 412
508 450
652 394
308 41
803 810
934 374
79 38
288 580
202 261
278 952
740 832
932 191
158 992
285 76
774 664
177 808
675 160
143 71
446 958
842 544
569 637
178 184
58 175
61 868
176 682
643 237
355 61
465 262
9 254
622 791
387 785
800 856
766 945
637 681
126 980
170 75
74 109
73 674
879 288
234 9
808 905
155 551
210 89
579 62
46 986
484 140
190 581
502 64
606 407
343 223
464 354
275 898
1 74
163 390
834 85
97 792
122 577
601 764
111 844
491 91
649 831
574 113
954 242
160 345
134 716
860 337
401 928
101 401
680 306
989 780
43 0
908 732
26 616
168 641
197 879
421 147
415 216
859 603
586 514
294 733
665 480
152 615
264 197
407 3
907 373
600 464
196 211
449 13
971 635
335 459
969 727
607 815
629 901
831 513
63 243
121 405
768 602
214 88
100 498
108 740
105 16
198 866
378 494
958 10
668 136
237 173
361 186
62 605
822 471
224 225
520 415
513 39
296 636
132 356
171 19
797 662
539 806
443 731
263 965
136 982
313 851
959 753
770 312
384 706
266 546
687 508
248 685
442 164
891 66
141 689
650 49
807 376
216 610
814 353
87 590
406 348
702 651
32 589
718 93
755 846
353 883
940 994
663 722
636 569
890 382
948 777
827 269
945 258
511 853
825 244
52 182
990 723
604 585
595 422
767 263
619 749
497 841
835 196
651 549
534 82
8 613
729 233
301 913
254 573
897 587
815 609
233 935
494 79
44 631
847 650
553 742
561 515
516 206
15 103
590 469
75 557
129 660
947 429
265 738
295 375
366 214
583 18
524 939
536 203
92 890
347 979
229 696
514 904
677 276
816 483
30 177
567 743
688 534
748 835
949 52
996 558
690 509
789 757
312 328
257 567
537 351
593 359
923 165
840 35
572 532
81 839
509 125
732 531
679 857
623 938
757 355
80 717
124 545
417 231
404 880
261 31
589 887
531 476
982 43
305 724
576 975
886 694
367 381
238 463
922 430
107 960
942 205
884 307
811 417
19 414
411 877
426 548
547 596
528 319
246 326
779 592
156 30
483 797
756 257
682 86
975 247
23 712
227 638
563 728
286 106
476 807
328 556
804 921
991 241
414 280
436 707
667 457
962 492
836 148
745 503
902 663
431 139
939 520
274 97
894 825
585 393
324 166
666 411
341 435
291 891
226 711
207 737
715 156
549 489
175 540
737 640
371 563
279 822
875 65
437 470
598 862
309 287
45 774
283 988
138 755
396 493
594 60
711 510
65 25
829 760
165 768
420 285
115 595
239 168
775 950
381 129
181 914
647 198
276 37
806 163
870 872
798 309
72 46
495 632
997 626
612 11
931 812
904 174
793 633
241 384
96 502
153 227
