1000 8000
380 901
27 531
629 73
389 619
642 746
212 888
416 606
935 834
818 213
895 607
930 676
730 756
455 852
786 866
877 33
661 729
9 184
358 840
220 52
798 886
397 816
514 424
309 906
686 905
167 370
311 733
902 696
339 381
393 790
516 369
189 95
688 914
502 443
226 239
306 801
254 114
136 464
802 16
185 956
841 127
988 670
234 373
446 93
665 365
986 759
667 458
624 968
392 654
345 418
164 431
354 767
343 639
617 838
761 523
891 145
625 774
854 574
808 877
186 948
849 939
717 833
929 459
524 522
194 221
352 786
785 827
364 596
17 527
362 899
230 97
85 491
604 28
113 555
969 562
213 692
379 18
826 685
720 845
460 64
630 152
83 282
778 521
132 454
497 379
660 291
748 288
734 563
412 417
281 243
711 810
436 358
848 141
141 471
788 420
155 677
521 819
937 875
509 543
546 503
765 305
223 72
0 910
757 109
233 456
636 724
225 203
377 952
741 350
867 961
572 84
832 297
588 406
292 682
409 190
205 830
117 50
640 271
51 22
406 512
819 360
11 604
472 923
84 98
889 140
367 553
931 627
467 172
739 382
214 155
801 611
974 751
288 185
396 940
909 726
57 69
884 136
991 615
423 593
433 945
273 978
374 982
575 482
820 56
614 764
168 161
243 666
585 612
35 975
670 628
179 580
923 473
165 478
940 485
330 630
605 811
659 653
822 549
315 170
747 813
744 487
122 250
258 632
594 638
227 336
453 225
47 818
90 765
879 989
130 736
158 621
439 766
126 260
668 672
485 71
127 640
408 706
276 659
368 488
479 806
622 803
883 760
255 211
631 279
989 723
104 447
204 652
493 872
908 742
837 976
574 21
840 815
4 285
682 232
68 55
976 500
172 903
616 502
517 965
424 496
283 182
400 319
289 287
577 599
365 680
159 997
431 224
296 79
851 13
936 366
129 113
261 588
677 674
184 697
548 44
736 58
79 561
874 655
138 809
646 314
613 298
267 662
882 618
992 384
561 988
655 263
842 372
649 329
71 870
710 824
430 740
326 745
111 758
135 462
756 617
210 12
286 869
835 699
501 577
338 436
718 533
200 828
208 242
878 355
945 327
954 61
372 65
45 932
478 255
792 128
411 959
680 602
154 614
850 506
541 728
378 579
148 648
900 941
299 229
251 785
584 980
427 201
505 89
674 395
219 412
351 493
29 951
37 434
597 635
473 770
170 663
920 304
441 925
804 755
701 339
6 516
591 748
457 303
949 112
549 613
119 416
399 266
519 704
694 441
836 300
881 301
414 212
578 631
555 620
55 812
856 489
94 804
566 762
123 716
459 357
72 17
124 138
565 472
901 559
355 868
610 475
580 175
152 273
825 54
771 437
774 238
344 121
312 667
265 842
925 564
21 539
323 944
241 75
752 147
903 286
573 645
222 624
824 589
134 226
714 969
866 823
2 991
252 293
329 347
209 836
564 835
207 974
54 388
806 649
907 222
787 934
63 176
438 761
287 146
666 344
582 486
82 248
253 4
685 757
462 908
729 461
894 679
817 550
137 567
769 891
38 422
922 702
816 497
943 528
237 855
471 490
26 643
799 206
175 907
821 894
563 780
369 59
906 267
803 9
510 198
633 671
187 967
719 721
846 29
310 510
540 837
746 753
626 96
595 317
562 927
533 731
893 192
619 402
770 308
58 101
763 673
618 712
812 247
125 703
454 227
918 791
320 126
274 425
678 333
81 361
724 269
864 118
349 909
419 274
955 134
632 955
480 430
539 116
31 713
193 426
735 536
960 188
961 307
759 771
327 148
452 787
662 600
166 468
458 698
692 832
337 708
827 164
611 578
939 715
391 942
981 157
790 259
162 231
998 294
232 705
797 419
169 973
456 595
463 795
847 644
484 911
579 7
13 281
753 92
163 193
984 354
239 351
743 209
950 181
970 554
247 453
651 383
101 727
428 797
794 646
466 168
512 769
333 26
702 277
464 356
520 53
318 542
346 210
779 865
615 132
924 391
823 983
957 650
477 80
244 817
64 844
93 883
972 919
74 403
468 133
932 272
432 848
106 0
862 874
528 316
197 544
839 688
833 244
758 517
249 668
522 805
567 518
634 520
777 918
442 938
713 246
483 722
656 143
912 778
956 979
964 634
95 124
503 448
703 429
554 669
347 202
910 876
791 933
844 180
583 954
489 873
853 972
173 392
263 153
672 234
914 893
775 575
245 45
707 843
257 871
780 105
98 142
73 386
206 534
873 187
36 70
737 853
361 547
905 173
772 930
716 338
174 587
490 519
657 81
360 104
91 929
277 446
183 398
375 376
696 328
481 166
621 683
314 896
709 568
348 793
272 60
218 637
754 82
41 665
32 149
491 937
498 77
795 571
513 377
664 220
695 270
304 312
97 245
110 735
202 916
990 186
834 371
342 349
857 565
755 949
534 191
993 754
215 363
784 585
828 380
295 457
576 375
486 83
49 465
663 86
999 601
863 466
30 850
639 348
899 895
363 829
723 718
495 993
550 235
366 27
684 966
830 737
298 196
815 977
927 999
307 469
482 971
157 415
385 572
140 626
371 851
865 658
553 714
635 879
916 463
807 340
116 548
242 2
892 744
861 125
236 233
860 310
28 789
284 237
149 992
536 299
948 887
601 302
1 924
359 324
870 660
290 820
300 768
448 123
322 881
590 501
855 342
764 479
852 576
593 137
698 408
671 31
683 63
418 902
422 928
831 341
623 43
18 750
809 912
353 814
275 569
641 410
188 445
92 76
20 30
228 776
911 957
357 633
43 440
107 998
535 551
196 864
10 610
526 996
317 115
50 323
551 573
544 442
211 825
469 540
356 504
259 796
637 313
858 337
461 432
224 734
581 981
118 414
886 636
697 623
738 583
402 85
177 915
545 880
403 450
319 41
942 320
557 960
859 772
278 861
128 91
407 597
552 709
673 455
75 261
144 847
890 397
443 586
740 535
46 799
689 439
142 651
203 849
732 856
913 609
760 38
445 741
398 898
297 917
12 514
971 47
238 484
153 39
796 994
180 438
962 509
316 219
335 878
182 144
838 481
871 986
728 936
410 922
885 545
980 826
235 6
191 315
675 821
725 309
161 950
15 108
294 205
620 23
376 102
447 34
425 122
494 218
699 110
967 498
256 409
192 367
421 331
559 228
919 421
76 236
492 963
285 353
676 411
332 204
33 374
628 897
542 230
952 958
781 160
722 32
627 511
108 194
773 892
606 195
789 882
558 641
946 720
305 99
42 913
131 590
80 460
67 359
59 900
947 857
995 581
19 387
5 107
52 953
435 197
933 782
78 24
373 8
868 719
647 661
609 20
887 890
120 684
413 11
643 664
965 130
250 19
987 622
523 42
653 435
586 946
381 987
712 154
156 290
880 40
596 66
387 163
547 779
506 525
401 773
248 691
904 904
813 51
569 854
776 675
22 364
420 690
404 49
570 499
607 189
997 413
39 717
537 253
705 3
589 687
217 467
405 94
843 470
86 449
282 428
488 352
985 284
600 831
16 120
268 513
650 46
845 885
525 321
897 508
721 800
476 711
450 400
726 964
958 798
25 743
229 860
917 292
301 943
383 252
266 111
983 529
727 781
793 393
568 330
968 920
7 452
638 926
470 36
681 616
474 792
308 335
504 37
475 657
762 451
115 158
65 423
24 167
190 159
507 178
444 970
171 783
350 693
869 862
114 199
103 346
147 598
313 863
571 343
979 150
70 378
704 591
733 647
426 784
14 558
417 625
783 846
384 686
926 129
302 334
500 215
145 401
706 183
112 322
390 139
109 179
100 254
451 557
934 78
529 537
782 87
963 405
231 404
150 738
270 732
321 515
429 858
240 594
805 25
87 289
496 165
715 694
271 88
944 264
434 935
543 689
415 394
487 326
966 570
872 656
928 839
511 169
216 119
518 240
532 808
953 15
658 5
394 399
941 480
654 117
53 208
876 265
731 90
293 249
556 280
99 258
151 131
465 177
328 546
437 556
742 749
341 701
388 710
96 859
3 841
340 385
690 884
146 889
449 566
246 700
198 752
679 492
644 427
560 608
48 362
648 947
587 984
603 931
708 739
195 530
938 14
331 214
814 995
700 526
44 200
875 822
800 396
23 278
303 990
176 275
951 389
386 162
69 681
996 223
531 476
599 57
973 62
898 477
978 794
34 318
325 505
40 642
810 532
975 629
508 775
89 174
370 1
56 605
767 678
88 74
105 524
262 276
527 311
693 295
888 582
324 306
66 332
602 103
121 695
768 495
440 725
687 262
669 256
749 584
336 390
221 777
811 368
766 538
977 135
269 747
143 921
139 507
334 494
291 541
61 802
645 268
608 552
102 867
691 257
915 707
652 100
959 483
264 10
515 106
260 730
745 603
530 788
181 67
280 345
279 151
395 985
538 216
592 592
199 48
133 251
499 35
751 560
382 474
921 325
201 207
598 296
896 68
62 444
160 407
8 156
829 241
77 283
750 433
612 962
982 807
994 171
60 763
178 217
