1000 9000
907 363
42 255
687 911
669 707
793 327
35 721
730 794
697 743
672 622
423 101
489 784
483 774
763 823
548 105
358 534
604 802
844 998
895 36
547 642
134 497
432 761
792 781
390 906
216 390
497 940
393 28
587 234
780 892
806 94
677 816
493 330
450 742
167 577
769 908
871 113
952 867
68 20
256 658
43 738
275 212
61 586
164 250
771 962
433 929
439 572
350 397
452 937
409 745
665 426
126 592
359 217
196 856
546 857
429 490
580 422
828 963
577 52
768 375
616 758
855 420
105 200
820 479
207 31
389 726
924 472
241 487
74 427
574 695
468 84
554 357
218 896
702 182
236 947
158 691
862 853
2 820
141 40
282 965
941 395
255 448
860 459
877 855
364 675
399 616
925 299
885 909
89 118
700 123
267 325
481 649
181 476
45 811
49 519
56 13
470 837
864 133
291 753
326 670
966 305
683 207
356 723
66 876
570 795
549 423
929 632
120 204
106 809
566 821
612 783
900 966
804 897
81 503
130 913
125 371
927 59
52 469
786 244
619 332
640 748
673 968
791 630
317 733
534 512
463 326
455 315
897 98
974 759
590 687
144 491
133 504
308 292
753 606
302 660
345 713
37 263
747 71
233 870
54 910
800 242
210 333
171 980
188 638
240 322
192 848
263 580
561 303
186 452
807 450
783 368
691 171
334 343
594 194
321 953
732 973
972 788
377 922
392 167
288 647
536 88
784 514
342 869
39 969
318 401
589 304
85 516
997 825
505 674
15 247
202 568
901 495
803 923
341 894
168 173
692 21
795 56
785 141
172 269
112 135
884 944
789 190
491 60
516 393
324 633
957 185
437 389
462 351
750 172
32 645
846 834
205 563
327 888
642 900
752 245
757 328
717 267
671 685
939 175
979 261
193 961
614 564
7 176
78 341
708 80
530 215
969 253
475 682
703 824
849 545
657 873
65 569
286 977
415 272
4 505
625 4
458 453
337 749
245 919
647 591
748 131
194 191
726 716
420 417
306 203
970 501
552 884
934 148
995 657
94 451
502 518
568 921
91 924
790 391
366 412
294 381
765 273
663 37
867 160
331 546
809 196
839 156
369 316
928 75
132 875
556 818
641 561
122 208
151 970
725 872
92 229
152 810
592 309
521 615
375 558
246 92
781 402
116 767
850 845
776 865
794 608
86 237
912 668
97 786
121 369
376 711
689 155
137 502
646 628
71 421
73 331
778 741
637 766
303 128
920 574
938 772
478 763
996 301
397 48
281 17
944 266
847 252
914 336
472 692
629 441
271 664
67 458
336 639
453 566
338 571
829 298
166 284
889 724
905 435
278 918
443 640
19 145
727 554
874 623
916 905
694 712
868 43
845 443
187 796
749 822
451 446
402 157
419 659
910 396
371 926
179 860
385 265
643 81
113 221
222 760
936 899
660 874
510 688
649 882
609 99
270 62
971 161
573 703
154 58
44 990
378 374
645 6
373 681
767 373
653 39
387 513
18 463
449 23
921 991
597 64
209 817
143 478
817 132
917 83
634 952
244 752
83 627
701 544
532 169
661 912
1 515
622 97
99 993
242 496
424 957
585 382
723 775
512 931
960 550
761 715
426 9
816 665
163 236
572 648
80 750
982 507
526 531
883 702
422 614
958 230
313 575
513 663
735 3
968 347
435 737
517 677
211 730
238 985
40 805
964 740
274 734
155 399
64 288
285 467
810 607
782 699
811 673
980 462
601 471
797 283
477 705
496 14
988 901
407 466
533 676
737 866
353 193
457 377
38 270
989 732
293 386
537 907
762 764
227 976
859 785
346 828
404 179
983 125
716 379
632 570
165 979
69 902
567 95
892 437
438 799
109 978
712 843
391 136
599 629
479 832
991 543
721 102
815 295
292 635
355 903
602 111
310 473
835 806
704 86
813 915
636 117
527 300
978 548
967 578
843 480
414 593
853 844
348 38
351 188
553 696
651 690
401 494
301 415
228 954
226 830
51 736
880 535
926 935
5 641
755 65
290 216
96 851
628 108
876 949
913 73
831 619
212 126
596 198
76 916
799 499
46 728
707 842
219 710
848 667
198 889
775 72
405 847
425 787
200 26
471 782
918 436
428 210
442 199
946 773
851 142
620 679
220 468
992 454
858 684
84 349
283 361
487 353
136 983
525 251
262 776
330 958
153 946
465 777
309 429
529 652
379 115
396 287
180 96
173 202
269 612
117 278
235 352
937 130
248 672
20 248
398 814
354 996
467 636
349 264
832 547
591 693
528 841
474 567
190 116
953 321
882 338
751 323
838 829
935 227
25 449
495 746
249 380
658 671
998 868
693 950
814 938
492 891
648 611
788 604
627 708
834 598
170 474
888 384
408 110
943 225
395 425
90 223
906 620
100 63
990 285
149 55
142 344
93 294
638 936
515 2
27 735
931 404
446 226
460 757
973 54
869 661
347 164
863 528
31 228
367 78
551 329
833 893
668 410
976 939
332 106
60 34
986 121
251 47
254 589
808 662
343 262
159 755
110 768
699 414
503 318
650 51
949 653
538 605
298 342
394 583
488 286
571 461
195 387
852 930
352 11
690 122
695 378
381 523
411 112
232 49
940 186
942 455
118 447
319 475
459 625
119 177
710 700
279 147
72 69
584 53
932 302
361 791
899 220
413 57
284 77
289 50
670 790
484 233
287 553
681 107
711 522
770 7
962 195
605 762
873 941
208 850
598 974
264 89
963 722
522 765
582 524
872 104
146 533
890 827
896 960
6 281
600 686
239 885
593 312
266 706
131 337
866 91
524 405
562 308
63 22
372 127
272 152
956 666
174 934
23 307
185 424
719 317
421 925
631 587
328 683
213 355
400 595
440 579
189 432
922 484
624 643
902 862
498 445
28 143
501 562
50 928
531 209
520 129
41 618
191 644
224 932
576 66
101 988
722 41
223 778
370 517
473 334
595 184
745 729
14 651
339 403
176 219
77 613
623 153
138 249
779 488
870 511
821 975
709 597
955 470
518 439
107 812
915 917
506 803
17 709
280 945
801 149
243 90
447 460
368 240
480 992
836 694
999 600
386 898
277 29
881 498
607 920
485 276
541 864
743 406
156 319
519 585
764 82
544 150
680 134
329 259
575 609
55 205
930 385
857 584
909 565
523 35
840 335
718 697
656 360
115 986
841 340
320 413
184 714
436 526
221 881
617 510
111 527
29 241
307 138
736 943
8 358
993 603
911 678
13 846
819 192
140 257
162 68
685 180
586 754
417 409
555 654
903 114
16 119
250 624
557 626
26 271
150 214
169 951
893 365
494 492
675 440
798 698
103 277
826 213
175 557
24 859
160 279
713 590
977 520
644 560
148 166
21 861
563 719
296 797
662 12
560 549
79 717
225 85
322 388
490 8
511 232
875 16
464 433
253 542
655 42
923 556
933 0
431 339
731 601
630 183
679 350
58 727
374 434
461 27
57 151
774 290
919 477
258 235
759 538
728 483
733 878
740 780
514 997
104 914
861 617
87 289
135 120
476 815
139 238
88 769
297 486
954 959
508 879
388 994
265 93
734 33
333 306
36 704
430 25
82 30
581 313
984 10
161 493
824 808
469 456
639 634
754 807
535 532
30 933
705 887
588 555
706 576
746 984
147 174
362 596
295 46
486 751
33 197
621 345
204 61
948 408
108 158
454 137
124 995
34 886
812 5
252 801
383 224
231 159
741 720
410 956
865 428
772 852
879 955
406 836
300 581
633 442
363 972
773 701
684 689
564 656
11 222
742 835
664 76
818 890
128 650
714 67
276 201
539 800
947 296
427 170
70 819
550 718
325 398
444 880
3 15
257 831
323 838
565 500
203 256
715 457
904 364
796 144
688 416
738 540
127 989
98 187
615 124
698 346
448 725
827 967
62 274
499 246
626 770
456 655
611 779
583 999
230 243
985 669
259 18
305 74
569 680
729 489
504 268
543 168
805 275
894 551
299 981
22 260
59 536
75 599
822 826
987 376
304 258
654 324
177 552
720 739
357 804
678 32
182 320
183 756
854 747
898 70
215 482
739 506
509 792
777 537
500 356
335 840
578 45
234 139
507 419
667 239
540 109
360 392
674 508
758 366
887 530
787 218
9 163
945 103
340 854
273 948
47 982
618 411
123 987
766 509
314 431
558 383
261 291
95 372
268 877
237 444
311 539
559 1
545 162
756 631
950 863
365 254
610 602
315 833
260 407
696 849
53 559
686 87
418 178
981 394
891 883
965 573
760 485
951 771
994 927
157 789
217 146
316 206
652 354
682 871
247 529
48 464
635 400
214 293
344 858
613 465
666 541
856 438
434 793
579 310
0 280
975 19
961 430
837 367
229 24
206 582
403 362
724 525
959 481
825 140
878 942
12 44
823 359
744 282
676 100
830 964
445 621
129 311
908 798
416 211
412 731
178 297
199 646
608 370
466 231
659 637
102 813
441 521
802 839
380 594
886 744
201 904
145 610
382 154
542 895
606 79
114 189
312 314
842 348
384 971
482 418
603 165
10 181
197 588
