1000 3500
76 580
553 62
226 491
965 572
401 123
437 967
800 882
37 697
536 903
344 437
920 579
861 901
157 393
268 315
386 298
593 632
715 566
450 891
622 949
516 63
592 589
40 154
169 559
526 615
766 206
704 617
273 533
771 508
259 771
380 160
714 419
126 745
942 268
816 364
364 456
575 683
202 535
614 853
399 641
976 510
966 851
148 525
113 757
243 357
674 297
317 540
15 591
30 611
508 811
837 952
778 570
676 977
84 334
392 23
919 87
682 652
853 208
534 167
815 779
727 439
783 909
742 399
278 907
350 789
306 646
537 51
874 606
796 536
998 664
220 953
13 263
547 179
835 210
863 358
959 289
165 44
650 701
36 981
746 530
214 594
996 677
926 637
661 547
480 548
104 285
23 239
266 237
725 52
446 787
187 229
205 187
743 254
434 36
740 630
24 898
521 729
551 173
330 432
378 346
48 316
151 810
632 571
992 414
75 35
98 233
811 828
339 441
193 723
879 71
974 471
11 320
951 584
17 372
957 411
626 509
752 383
994 390
333 728
495 991
424 224
963 209
559 539
693 932
147 476
443 879
722 283
786 854
391 888
376 108
4 202
569 302
29 193
373 97
160 895
717 574
107 359
185 85
487 381
970 477
921 764
709 581
314 726
670 557
209 81
295 524
56 451
653 741
245 361
57 522
911 375
658 985
472 421
279 57
39 500
404 686
762 674
64 117
989 433
308 450
776 230
843 872
774 120
733 349
504 47
413 470
485 14
684 272
277 205
751 0
734 703
28 308
402 405
302 673
702 426
732 843
910 96
737 355
61 578
982 25
795 430
59 833
398 923
880 945
293 394
763 131
960 576
375 223
351 954
479 27
596 100
990 319
366 993
466 436
2 347
356 264
63 197
576 636
281 39
842 444
801 493
893 194
470 67
121 82
294 868
272 708
134 994
877 341
881 366
791 527
129 409
772 822
697 976
846 127
181 568
206 20
262 181
230 466
501 472
949 180
186 464
132 801
804 422
227 290
455 667
116 607
357 780
112 633
641 271
623 751
459 661
728 772
533 211
423 182
99 84
886 344
754 920
770 839
457 551
300 155
196 201
248 164
669 777
286 146
456 597
481 191
917 962
845 106
19 420
955 485
538 922
591 528
189 799
789 332
972 88
8 775
532 310
301 458
884 984
82 583
397 50
420 203
431 746
712 109
931 776
405 549
409 925
962 5
758 785
67 738
518 666
554 537
171 876
326 515
408 778
175 963
312 676
731 612
552 904
953 207
108 774
251 189
360 428
255 153
416 841
178 972
433 144
726 808
161 968
393 892
646 360
860 448
448 2
692 248
445 37
759 950
242 276
946 61
172 610
609 101
840 28
651 679
885 76
563 417
77 222
79 834
567 335
283 910
414 546
850 190
585 331
761 339
546 650
358 489
531 371
952 944
790 737
237 767
956 681
478 33
238 857
438 95
499 266
348 121
573 345
21 11
18 544
228 270
41 837
182 598
747 711
981 997
608 514
852 221
825 178
412 46
27 638
176 443
824 534
829 303
832 336
775 31
462 846
833 133
319 22
680 916
215 391
395 352
377 825
858 750
496 602
143 642
62 564
381 727
612 986
124 682
873 859
207 955
523 317
866 554
119 690
544 990
454 648
81 453
321 704
417 1
899 126
666 69
644 314
997 376
590 401
943 483
253 38
584 16
369 492
890 668
562 15
177 278
730 640
221 325
756 672
975 99
260 973
868 473
365 883
394 161
719 805
691 714
465 905
383 204
749 368
367 413
68 634
218 231
46 299
106 743
3 770
471 538
633 782
662 9
166 502
232 162
724 498
341 622
239 979
818 585
918 80
340 906
430 273
203 881
535 749
109 247
708 55
515 240
6 434
645 856
826 462
331 481
527 613
713 192
665 461
91 957
856 869
463 288
500 265
764 592
923 965
429 438
183 257
922 855
296 455
779 114
624 495
328 601
530 183
90 786
476 412
290 619
307 731
643 927
261 669
668 894
630 970
777 885
765 286
888 329
993 631
44 747
513 684
323 291
625 541
285 168
130 506
435 274
142 149
768 199
198 526
389 586
891 847
924 624
558 658
216 277
848 98
617 628
711 951
507 503
117 496
869 370
936 766
137 844
258 504
909 790
589 517
359 251
847 107
436 657
939 860
599 279
250 159
370 651
557 842
690 926
716 688
903 627
822 78
477 225
927 545
125 113
86 147
905 813
781 665
252 213
22 600
222 875
212 260
793 832
318 754
568 54
66 815
287 43
686 929
219 824
347 494
225 463
831 736
718 988
672 512
32 983
604 623
489 827
270 424
830 318
484 695
188 689
999 442
100 659
162 563
31 487
324 807
663 599
528 897
698 975
688 449
958 861
441 172
938 577
900 280
594 793
597 252
263 835
208 396
327 18
968 719
217 17
80 814
274 262
948 402
490 323
586 12
679 817
491 386
950 4
706 112
805 687
894 838
961 379
114 555
156 748
140 418
72 253
235 79
421 103
329 356
647 819
111 718
987 724
543 115
945 558
355 72
979 924
821 459
607 343
616 513
638 218
192 324
736 878
685 908
807 880
224 670
473 733
74 374
288 792
34 385
385 301
542 660
131 425
418 760
444 41
819 621
483 119
231 971
332 998
146 948
334 287
25 556
322 930
659 141
184 293
127 706
642 215
33 850
93 337
977 480
745 186
598 911
561 68
427 958
313 282
896 693
311 662
346 947
855 740
303 505
149 995
118 42
841 836
85 156
889 715
89 83
467 56
787 246
425 608
432 940
601 978
639 3
153 626
233 553
571 59
932 609
882 934
799 152
785 241
750 521
58 135
55 227
105 474
282 716
579 406
349 542
244 987
784 259
707 445
834 654
967 806
388 917
51 794
652 803
648 523
913 29
583 867
197 966
264 887
38 877
667 92
498 338
620 871
838 232
748 234
677 139
780 236
26 980
190 692
934 389
519 90
985 170
469 656
5 595
797 327
65 136
150 996
223 791
447 143
901 435
864 937
271 122
201 377
292 862
452 560
788 235
655 582
895 865
827 942
904 216
723 543
267 13
136 643
627 893
803 935
577 639
595 702
269 367
710 91
603 312
610 831
299 169
907 48
689 387
694 454
828 649
154 311
276 866
615 820
517 322
892 823
509 10
400 886
362 959
812 116
310 440
14 755
173 605
139 486
53 350
135 939
145 956
566 812
636 768
511 590
705 125
940 795
254 763
10 407
120 518
664 145
1 616
988 166
265 797
700 964
687 416
755 575
194 742
660 333
96 712
514 800
195 219
887 938
304 732
291 124
621 722
168 671
384 176
144 531
199 330
964 284
808 587
980 281
912 307
525 452
78 644
122 328
870 177
387 200
338 647
817 7
289 858
572 105
503 653
753 408
991 8
453 45
83 816
769 184
170 739
929 70
16 809
529 369
407 625
986 354
933 86
159 64
468 519
823 6
486 918
379 678
60 840
460 415
152 245
600 655
570 588
210 244
97 295
605 507
493 573
325 447
494 709
204 249
969 410
133 896
336 365
871 845
45 614
541 403
396 873
54 431
640 111
908 185
115 382
760 900
246 353
352 699
556 26
925 429
703 914
403 238
368 19
492 30
353 423
792 157
47 373
757 752
971 275
836 261
520 243
428 620
915 490
343 720
458 529
935 309
502 798
0 175
810 478
200 195
729 348
859 707
71 49
767 258
374 313
241 89
240 102
506 936
234 830
73 32
657 773
580 468
174 40
549 663
94 730
363 943
914 761
883 863
320 446
155 788
406 569
505 140
337 34
284 501
673 129
372 296
88 784
581 762
167 516
49 694
735 645
820 532
973 928
354 941
695 397
867 818
451 889
510 989
539 691
857 696
309 849
564 24
649 378
681 380
101 735
613 931
69 137
675 73
342 384
878 74
229 565
813 134
42 94
316 294
70 226
50 961
876 685
606 826
588 484
102 713
110 363
897 758
628 469
163 151
656 138
875 174
298 21
257 132
898 242
637 475
179 66
947 848
560 700
854 196
619 395
382 821
411 460
545 255
158 919
475 163
482 228
954 58
123 915
540 321
941 899
928 769
906 214
361 902
602 165
371 340
865 759
806 479
419 552
256 118
984 603
565 398
944 75
9 753
978 629
164 992
872 212
721 884
315 482
138 913
611 198
345 852
52 250
741 499
512 933
280 960
671 890
211 342
213 305
548 969
524 400
794 150
128 388
773 392
43 511
474 567
635 467
275 734
103 596
744 53
678 306
696 292
851 148
798 804
439 520
995 362
738 680
574 562
415 999
814 550
410 781
578 725
422 488
844 982
180 870
461 912
440 158
683 269
739 171
92 110
442 130
629 142
464 765
488 675
522 497
699 427
305 829
634 60
87 93
902 946
782 744
916 188
720 465
191 128
141 267
809 874
618 710
849 561
236 220
550 404
426 104
247 717
862 256
555 77
20 300
937 593
839 326
582 217
701 604
802 698
497 618
631 921
249 721
7 796
449 756
930 635
335 351
12 457
95 974
654 864
35 304
587 783
390 705
297 65
983 802
