1000 5000
556 105
40 172
162 196
452 333
45 766
537 951
806 596
315 411
807 966
446 422
897 489
462 931
547 731
950 878
841 846
661 808
660 263
678 427
499 802
598 965
830 469
159 875
437 423
550 923
854 901
414 935
888 889
389 186
570 180
293 613
267 271
430 970
747 472
517 989
329 683
10 753
368 881
838 123
852 590
662 767
215 604
686 439
25 282
552 568
99 68
435 135
707 246
642 861
37 999
932 260
745 580
312 698
313 706
438 513
921 412
600 274
413 149
148 539
772 800
428 189
610 751
276 760
862 842
884 63
319 30
13 25
235 280
535 984
487 304
408 619
822 997
220 729
217 815
883 239
571 995
118 864
986 584
357 397
74 925
447 898
26 926
108 383
726 646
383 281
635 448
649 909
245 771
24 508
492 474
815 777
385 157
616 156
114 158
170 743
421 386
151 267
97 618
136 961
450 73
386 586
911 133
840 711
470 60
569 988
128 58
497 725
658 244
729 212
291 658
104 748
795 959
123 200
758 28
317 62
337 603
398 410
823 82
64 389
604 258
192 331
93 306
443 560
110 171
243 188
218 167
347 778
122 911
928 12
153 11
474 629
309 546
930 353
895 589
66 432
924 275
60 118
352 769
785 184
999 19
509 631
326 666
965 525
833 436
264 564
679 950
734 116
870 724
722 404
783 555
286 358
767 734
613 99
191 178
716 621
543 733
975 620
704 233
310 700
970 110
135 346
918 388
154 301
860 138
226 130
829 382
592 125
163 599
510 297
839 885
451 496
8 54
669 319
31 129
869 616
233 937
933 790
913 585
632 948
130 71
700 726
579 230
501 204
283 268
538 159
914 147
279 326
542 45
987 209
771 745
292 237
526 342
32 444
776 106
676 407
455 361
603 850
751 80
174 598
727 673
429 992
196 227
817 651
300 531
764 689
131 962
188 998
116 718
333 384
581 429
47 55
30 185
837 635
941 378
320 675
392 562
733 758
739 126
71 137
717 108
756 615
206 174
881 61
145 290
454 838
201 103
241 644
599 261
908 573
665 480
311 816
762 892
402 255
782 530
958 205
461 985
917 964
482 534
789 732
809 392
621 827
361 823
575 241
287 329
41 169
714 794
390 770
757 697
289 674
22 0
197 862
533 712
519 859
225 74
668 166
518 368
828 214
507 779
272 630
467 829
770 661
35 786
949 912
553 549
981 928
711 730
954 809
508 286
69 579
472 572
85 447
963 652
912 759
521 402
754 324
246 210
137 181
801 9
439 359
350 986
257 828
65 202
457 224
345 987
1 481
372 552
573 749
899 393
68 396
183 223
253 571
143 955
799 251
224 831
394 607
198 421
964 101
768 471
857 155
602 647
265 506
935 656
321 820
404 537
885 442
493 461
203 841
33 150
102 13
89 97
980 684
638 381
755 85
673 495
607 813
236 960
816 291
132 918
391 915
593 334
904 330
988 595
477 642
303 869
221 295
945 500
316 143
101 51
628 93
971 127
178 708
872 677
735 812
540 21
480 48
409 265
184 738
307 113
182 917
442 338
732 887
250 499
608 320
584 554
995 956
793 687
797 739
147 357
209 457
400 843
418 151
478 491
545 524
242 908
640 41
70 288
916 740
417 919
595 367
910 713
288 662
657 235
425 376
5 624
900 609
708 654
9 40
273 807
296 50
284 114
127 866
811 888
813 476
125 691
531 659
141 464
247 886
475 18
955 811
301 22
691 632
81 548
909 877
985 128
549 849
713 594
784 575
48 104
426 747
968 785
752 253
126 884
362 349
574 161
19 781
377 976
993 977
207 17
633 502
403 582
38 768
681 557
370 38
867 341
152 298
202 982
946 774
275 124
3 634
674 477
560 449
495 973
648 581
75 408
20 431
494 592
87 693
597 433
626 695
406 653
889 818
109 686
920 636
666 504
410 276
397 120
166 6
992 35
124 628
134 905
957 688
219 833
290 102
249 503
88 755
983 657
388 588
580 605
179 633
416 177
818 764
78 978
944 206
431 836
582 322
766 763
506 84
978 355
750 551
256 16
644 664
335 518
675 112
614 203
46 226
516 67
297 78
412 36
939 949
982 369
348 47
2 390
843 900
625 804
190 302
107 81
906 352
339 806
354 957
577 232
703 991
902 446
111 544
161 645
820 10
619 871
371 400
491 20
863 31
760 86
844 721
318 916
468 655
194 969
667 851
697 681
530 354
558 972
990 315
445 906
769 231
193 533
6 527
953 340
120 179
449 366
133 91
285 350
340 413
228 994
164 364
609 840
878 249
384 514
892 945
893 257
583 272
710 345
842 637
138 577
631 87
189 379
923 669
334 876
688 879
998 532
458 56
877 492
105 565
969 541
84 323
268 183
150 90
812 567
62 43
513 15
260 570
723 351
896 409
546 968
695 540
434 996
185 710
423 437
997 601
514 283
356 611
459 665
363 254
308 264
401 414
155 821
922 921
43 735
937 606
240 327
332 57
281 750
27 939
594 49
738 245
874 867
222 782
814 933
351 746
693 963
415 193
612 528
559 303
11 756
515 187
57 610
341 8
903 458
943 121
282 716
139 896
167 2
83 406
763 676
399 556
489 374
232 372
653 967
471 273
12 981
936 325
578 418
712 728
685 863
905 375
706 505
875 890
436 641
56 153
73 192
79 795
200 583
775 587
765 289
588 680
876 929
856 380
331 243
672 42
169 983
96 519
460 468
728 520
956 844
353 53
465 98
90 371
836 545
699 211
263 83
737 819
322 356
144 160
819 309
659 473
381 559
67 529
349 296
29 667
719 638
277 96
901 339
555 465
4 24
358 216
645 543
715 195
601 494
831 913
696 705
989 672
791 780
683 709
343 441
254 420
864 845
171 507
623 880
157 398
591 434
61 395
718 373
165 797
804 910
647 164
49 626
709 59
736 269
927 478
948 510
827 360
790 194
810 722
359 385
444 225
63 640
748 201
115 328
973 822
146 868
51 860
634 742
382 152
702 852
366 467
441 140
777 416
314 757
778 308
338 415
845 242
586 789
419 391
824 493
565 830
306 347
720 311
420 882
208 182
563 79
853 240
34 648
846 148
859 173
98 394
850 576
947 873
36 623
646 348
503 639
548 136
684 980
238 799
119 163
261 553
483 535
344 132
524 627
269 903
176 39
926 32
177 788
566 894
868 435
50 262
387 485
511 538
919 111
742 33
18 454
251 462
336 23
234 832
512 509
488 717
463 337
237 856
677 332
551 668
0 536
100 685
629 936
94 252
871 569
479 443
527 131
787 401
692 891
952 920
498 663
375 370
484 146
433 702
664 34
655 3
972 558
746 483
834 313
299 190
821 459
798 511
641 456
724 287
794 773
996 608
611 220
656 141
80 142
940 775
262 719
473 65
367 27
216 897
486 365
835 94
891 754
54 1
725 321
687 542
252 76
961 470
967 899
258 307
160 403
490 29
422 292
21 343
792 299
931 783
378 902
848 44
324 453
72 865
590 625
890 134
239 336
898 344
705 650
158 219
485 895
534 455
379 236
627 399
587 591
17 387
520 617
561 810
140 958
393 117
204 305
650 170
663 765
808 497
749 285
180 516
643 993
951 934
907 162
894 52
730 701
759 798
529 682
199 450
55 484
223 217
741 874
800 954
502 229
832 314
464 660
86 690
214 310
187 26
873 213
396 445
505 803
576 600
211 593
360 452
304 107
938 92
826 316
229 741
59 670
690 924
994 428
407 405
880 547
942 250
786 727
744 168
803 69
456 671
802 762
654 154
355 256
323 175
617 77
106 622
887 425
522 649
934 942
780 335
624 234
694 460
440 787
195 941
210 424
327 115
753 119
781 805
915 801
302 793
959 792
346 723
205 377
779 95
7 550
91 294
562 904
855 523
991 318
448 953
557 284
42 430
77 761
405 979
652 927
788 417
305 776
796 64
861 825
528 699
39 817
979 974
227 362
380 707
805 278
16 247
847 848
248 139
172 872
615 215
230 37
960 259
103 165
181 312
731 14
364 858
369 853
432 488
213 870
168 144
682 855
330 487
496 482
274 736
411 207
121 517
231 238
325 293
651 176
689 826
564 88
773 943
606 602
129 7
589 46
630 563
278 122
280 703
117 198
858 784
271 208
740 522
865 720
671 824
585 914
525 772
879 835
554 89
173 694
849 75
15 971
639 714
636 438
698 814
244 907
373 940
53 72
504 526
544 704
395 566
977 490
175 515
149 475
95 197
44 796
670 893
851 218
156 643
680 947
469 512
572 946
622 266
825 419
255 938
427 612
466 857
701 791
620 228
523 944
500 990
295 696
23 4
605 222
28 847
481 279
532 191
721 561
374 270
58 883
14 678
761 145
298 317
567 578
186 363
774 837
866 952
142 498
596 854
541 614
294 597
342 679
539 277
476 451
618 930
637 521
925 839
976 70
376 440
929 834
212 501
974 932
962 737
453 109
882 199
886 479
112 715
568 744
270 752
76 66
966 463
52 574
536 922
984 248
424 5
113 466
82 486
266 221
92 100
743 300
365 975
328 426
259 692
