1500 8000
355 1231
751 1100
607 15
1329 842
852 273
1380 1087
673 69
569 695
13 834
647 538
1471 681
1182 404
876 48
371 296
271 173
654 942
860 607
1450 616
412 20
171 353
933 211
598 686
1124 801
169 267
107 1356
451 637
1201 811
152 1459
476 64
1229 439
1045 1364
1396 280
466 1432
119 398
1234 833
894 1251
408 719
779 534
732 366
707 303
433 1399
488 631
248 793
194 547
314 1438
1454 586
380 160
1058 1411
1463 603
1138 118
475 1209
579 503
1303 965
788 683
318 170
635 1079
1142 1128
69 676
289 451
1464 959
1483 40
1484 217
303 878
188 721
688 527
434 74
1248 918
56 668
1115 132
1266 797
679 1056
340 1130
744 157
1455 1346
444 140
547 131
835 57
1014 164
677 1387
903 121
1028 6
560 865
600 38
217 203
1456 776
726 474
1371 595
1216 645
544 594
1046 1460
807 1006
376 1118
1386 310
425 141
25 167
490 261
753 247
1095 580
1088 546
400 1441
453 780
1061 932
1063 756
17 914
722 550
1421 254
399 984
1444 765
1337 1287
359 1236
120 1360
1102 1162
160 1314
1388 1101
1261 108
28 104
1036 354
589 1350
1496 611
676 181
50 1369
397 1370
1168 342
1323 712
264 909
1364 1343
843 812
1435 1177
554 97
1040 318
906 1435
1298 1084
1359 921
262 762
580 230
1469 146
789 498
1051 1089
1445 923
87 1349
1468 874
1259 1119
350 175
1270 525
528 275
524 21
164 436
1346 871
1156 1313
208 1200
454 1103
1101 1069
112 839
398 524
11 1092
1434 853
288 1277
674 1496
187 1436
817 1000
1060 241
1321 357
241 887
1205 226
699 1125
1410 363
409 1328
552 577
1369 229
757 96
1313 1434
123 1020
1175 480
1368 714
313 414
948 18
170 585
686 266
140 1374
1015 1008
881 649
1425 37
410 1468
1279 257
437 1319
562 1363
775 979
153 1042
826 1163
231 581
369 850
358 658
163 1389
1158 691
916 152
1247 1395
808 1289
15 518
435 796
1207 1218
285 1135
801 1339
1032 556
962 774
1023 1323
175 410
1074 1067
925 489
1057 935
512 1126
1202 956
125 381
58 981
609 460
636 10
361 394
853 1490
622 598
1474 1377
326 220
967 293
987 106
491 899
202 216
1018 31
507 343
866 685
685 1403
910 421
720 647
1422 477
768 1264
1221 11
862 1253
1311 591
889 407
225 732
1011 1342
1296 866
1146 593
1185 1298
462 202
146 128
762 403
1232 103
117 1449
810 430
36 1420
1470 456
586 339
1017 1357
137 1149
1406 378
523 733
1119 1292
1472 930
655 212
1027 301
553 376
1494 513
32 736
908 750
728 792
1497 284
1343 326
257 1256
714 1194
572 83
233 102
1169 305
896 427
338 1318
1392 757
717 1409
1236 484
24 136
51 253
681 155
342 1439
1139 911
558 422
1151 995
1319 1406
404 1029
658 1216
650 1121
859 1437
27 852
189 1036
1277 396
961 1428
989 133
798 1373
157 1180
79 994
1129 1062
901 540
30 1114
1183 260
694 154
83 291
147 41
302 846
154 1032
501 569
1048 1233
1378 670
657 358
325 626
423 1132
1116 1472
239 1198
65 1283
268 393
509 903
1210 1417
502 130
863 867
383 699
591 955
101 902
670 713
1133 81
156 28
954 1445
127 246
652 957
746 806
1309 1235
1043 145
581 590
724 244
1438 1048
300 409
980 201
442 39
309 690
538 608
856 225
997 188
534 411
446 877
629 947
478 522
1056 997
374 777
710 1044
628 588
266 950
470 566
840 840
47 1124
923 991
12 58
461 237
287 55
174 1243
136 619
865 1425
662 371
736 508
183 401
1192 153
818 206
1233 294
831 946
48 150
311 742
19 99
780 553
1282 1045
284 16
697 659
223 1458
963 791
487 462
1024 545
329 205
1140 455
1135 1131
74 1260
99 368
1325 36
166 442
1408 30
1479 1338
161 271
749 1492
1333 317
972 292
145 948
206 682
1137 1071
1064 444
43 694
837 0
551 359
642 1402
1498 755
1437 148
522 531
121 680
895 572
1271 452
988 397
1193 1268
1111 1345
126 1337
37 604
1275 1433
1452 418
465 1385
267 512
794 333
110 1278
1039 958
795 845
966 516
521 434
413 1249
1128 1197
761 861
1391 843
1292 829
439 1392
426 486
218 1050
1326 1080
1052 7
630 372
394 745
1300 1427
588 509
612 1073
1241 124
182 987
1042 249
41 730
210 22
1424 210
1025 779
1473 1205
513 405
878 449
477 826
75 386
1302 872
1070 5
515 1144
891 1214
226 1034
540 614
21 634
869 952
1215 1004
1157 1127
718 825
1000 76
323 78
631 112
386 620
1377 1049
298 497
690 1123
1239 1134
770 336
34 841
1353 123
803 1274
1356 953
1096 582
525 1330
1354 248
641 1063
1409 542
421 675
1120 1463
220 289
892 558
756 213
1214 67
1118 1258
441 1486
53 978
996 1310
1250 369
1012 510
1199 1414
4 365
424 1055
1365 117
596 618
1281 951
440 144
1075 189
352 1143
251 1013
767 759
379 701
663 431
716 1381
1164 1219
661 1321
275 799
467 278
1162 1469
848 222
67 350
148 3
1067 191
1345 309
1295 195
301 600
864 1051
295 689
367 1358
481 823
1188 937
886 163
783 1028
743 664
610 1477
1094 568
193 740
1019 1332
250 1221
387 578
1123 605
665 875
98 973
883 1493
1400 250
814 963
668 287
758 924
706 1365
921 739
360 1106
319 711
944 364
931 1129
449 71
535 552
1307 1075
452 380
1235 1322
1249 818
1104 383
660 1212
29 1247
1251 311
702 786
608 847
1488 454
708 1156
368 1141
1163 161
617 236
7 495
276 962
1004 938
1165 1299
606 105
377 221
1173 329
584 127
556 1040
1189 1353
1294 228
62 986
748 464
750 1167
664 417
929 1285
1172 197
704 1161
1362 125
991 1443
651 139
828 82
86 1380
731 639
500 159
253 274
1283 1017
1226 1090
782 870
55 1220
388 575
66 1072
1099 370
964 337
526 1309
281 1105
405 91
1092 906
469 256
771 656
587 961
504 743
347 944
324 1419
242 224
1213 288
402 379
307 86
898 723
401 185
190 12
936 77
1423 725
457 1410
46 1039
294 209
1284 1269
95 44
473 345
1327 671
839 1464
712 186
646 496
92 499
618 977
1265 1306
471 1150
550 328
851 1102
172 651
1305 1448
327 252
1289 813
885 1026
913 729
969 314
427 1146
945 563
104 29
1225 800
1255 933
791 214
279 1019
1082 827
1187 1222
897 1181
805 468
734 113
778 1481
861 896
602 276
549 1462
1324 1120
60 599
847 416
719 1382
180 1201
109 429
372 934
1038 1276
1069 523
854 893
85 857
970 507
713 1078
1331 79
158 772
846 678
1170 666
738 1066
1013 476
1065 1191
920 1065
255 1366
14 23
1141 1174
438 129
1154 482
1021 621
493 485
192 1442
315 1376
1105 1195
1466 630
1446 1111
1335 1246
22 272
1083 1224
1076 505
1310 315
64 1474
429 1288
785 1022
227 13
472 919
1280 1333
1427 1466
1153 809
1312 168
1394 347
1148 836
505 1461
1383 360
601 1317
1306 1301
1358 1275
940 312
701 471
806 1157
829 571
1272 324
958 708
727 420
1035 761
59 579
346 597
1080 1499
274 475
904 147
603 549
1328 592
1385 864
1322 374
1314 1076
975 483
1350 543
1078 943
20 1213
42 969
1020 232
1304 941
599 73
468 304
1049 844
411 881
563 423
416 1226
139 1329
932 391
633 830
909 348
395 388
244 641
390 1054
1108 612
1037 890
1010 428
882 996
479 323
1432 1196
1005 75
6 223
510 837
1453 1391
1417 687
304 1160
61 1043
168 1099
483 1193
132 341
484 87
1081 440
639 752
982 738
77 1170
299 521
1044 901
1374 1158
365 980
692 385
293 1270
918 519
1332 402
571 1371
375 1367
1393 457
310 1085
978 1183
1054 107
973 814
407 1012
44 515
1439 1267
1198 551
150 1046
458 835
138 1291
696 821
615 724
1171 1244
1228 784
730 782
1136 615
144 392
1442 609
135 469
33 754
1062 282
1431 467
97 199
1079 193
1152 601
516 1257
1382 1266
1177 1154
1375 917
977 1035
115 390
902 17
1077 1423
292 904
604 1487
35 98
625 143
1237 1015
1459 1495
506 171
680 25
1317 502
84 176
675 805
576 45
198 494
1006 905
331 1335
1186 976
167 999
871 640
985 1327
1254 285
986 1153
1212 613
1034 330
232 1262
877 302
305 120
1457 1471
1209 707
31 1010
9 1494
1320 1408
784 989
1256 298
890 101
354 1241
585 998
695 1031
1132 1110
1389 1113
1178 520
566 233
1240 395
1098 660
1003 412
1114 180
385 1282
574 115
1211 399
258 557
328 824
735 1383
235 447
611 587
356 1238
812 892
1184 1018
282 319
96 672
555 1138
682 100
539 1159
78 437
436 1305
619 1331
173 677
511 544
23 1431
700 636
930 1188
1191 1060
927 667
212 281
195 642
1106 1429
1223 1280
321 1372
1492 674
213 487
1262 1223
419 1115
919 828
811 68
1447 1296
1480 1265
366 880
1243 344
739 1009
1002 445
1430 184
1443 648
1367 1001
339 802
632 85
559 669
800 1037
926 35
498 46
850 400
162 448
613 731
855 1401
1091 643
1109 1295
159 1074
666 972
1448 673
1401 286
131 178
1176 245
809 657
709 716
683 1122
1269 1397
205 1375
760 883
249 308
530 1033
1166 1088
460 530
463 583
1465 1203
1009 218
1316 1444
640 763
1398 627
1218 33
1426 1168
1121 192
392 1145
1419 983
990 710
520 1097
349 747
1460 1178
623 1248
1222 190
1342 367
90 413
698 465
533 470
417 255
177 574
106 894
1404 1290
1361 848
1376 646
684 1324
261 939
649 1030
234 548
1073 925
240 966
568 227
799 1202
872 306
1059 974
1397 1139
952 137
229 1422
199 424
1181 706
956 425
1403 1041
497 1005
105 1470
813 993
492 949
1286 1186
575 151
393 1027
1026 1484
1318 1416
802 458
1107 541
884 50
70 916
546 1281
887 1446
1149 653
1387 1497
570 1361
357 52
1493 753
348 1250
1287 1166
941 1412
420 897
1130 1279
1126 764
715 53
1352 536
201 42
529 936
1100 453
1293 964
614 14
842 727
496 832
494 1232
942 838
1379 778
659 1007
979 200
792 377
830 773
1159 408
1087 335
1085 70
353 1340
351 915
406 356
1190 1325
1047 283
1405 506
950 500
149 529
935 1093
196 1057
272 1240
1341 265
1360 1286
1290 300
594 1359
875 769
345 1368
238 700
185 1189
236 1426
1072 1023
1196 1273
246 1293
81 804
689 1137
1366 187
858 382
912 384
1451 1456
113 1252
1033 1208
946 110
73 912
754 617
1467 1465
1217 32
870 1344
755 290
937 459
1089 1316
364 313
960 1355
1174 576
832 715
804 1480
1285 490
593 88
772 149
320 387
976 885
1357 1489
845 1064
1103 886
634 432
200 817
995 19
1252 1098
1373 1485
745 1234
290 718
503 633
118 492
178 1379
653 1210
1206 1447
616 196
52 1
1090 1467
621 84
667 138
992 692
269 56
230 644
1308 277
1197 1151
40 1362
773 514
822 461
900 340
1441 794
333 1083
949 1059
595 472
1263 803
797 749
983 1107
431 1263
344 243
833 559
203 748
485 269
1485 4
1071 771
815 854
308 270
993 1021
1230 1304
114 940
823 1179
998 822
880 567
207 882
907 1003
219 1038
868 1185
1481 215
39 259
687 1230
1208 1140
1334 65
335 945
1440 1229
245 234
480 34
1336 240
1433 1165
128 570
72 862
343 855
747 406
545 95
1244 1259
133 1095
1030 49
1344 1413
1347 1430
124 114
456 535
705 346
422 1334
911 183
644 1052
703 109
0 262
1029 907
915 1488
841 831
415 1211
981 869
1338 194
103 1424
1476 1245
764 561
1449 760
974 1117
1273 873
45 1155
1267 584
499 169
1112 238
381 321
1291 1011
737 1404
1487 251
252 126
672 362
432 1255
1147 1086
1113 1173
82 1378
1490 1242
820 8
10 1152
1478 1014
827 174
561 1136
1161 573
1414 663
819 1418
1204 679
378 539
280 992
430 90
330 1175
893 1454
1301 1237
959 926
151 375
336 1091
1330 532
116 1109
316 1491
790 134
1395 361
332 768
1143 1096
824 1415
391 1336
1363 92
777 1068
838 625
1428 967
796 435
531 767
1489 554
645 703
370 1016
725 988
1491 338
1278 1326
260 928
1482 1451
648 438
1200 295
939 696
1299 790
965 1473
464 231
968 888
389 770
1413 1352
787 1475
1268 327
143 562
924 589
1355 533
938 1303
624 863
204 111
291 182
1390 895
221 334
1429 655
774 788
537 705
286 728
18 1483
638 596
49 1386
297 628
3 517
443 433
88 717
1477 443
786 1384
1399 688
917 473
508 322
834 268
1084 704
597 785
1160 662
605 1312
1495 560
994 93
256 1294
1315 610
1001 60
16 808
337 162
1053 602
1110 242
836 1440
278 1192
243 263
8 27
214 478
1274 1187
277 1393
1381 970
108 122
71 1302
94 204
211 1169
928 1407
1436 94
1257 971
1134 798
740 1172
450 177
1008 751
270 1297
334 1104
567 299
1068 985
455 158
821 264
517 1396
1420 1421
1224 1284
564 968
265 744
766 1479
283 2
914 1348
486 1476
765 889
26 1047
1288 1142
1348 623
1093 528
181 858
1415 982
543 1400
141 746
849 1388
362 142
1144 297
1351 1025
54 913
1461 632
873 1206
888 654
474 702
1253 26
191 1455
1131 781
176 235
922 493
1195 698
656 1457
1180 349
565 693
1238 722
643 990
1167 1217
669 734
68 891
1499 849
341 929
5 908
781 1320
1231 1077
867 815
1372 975
414 789
102 316
1384 116
296 652
273 1390
1246 898
1412 352
1220 697
582 856
733 810
957 819
134 537
1339 635
1486 927
542 622
620 1498
80 325
38 1207
548 1148
711 1184
1031 63
396 851
1145 775
216 1112
769 665
541 1300
259 1271
1007 1058
222 650
857 624
1117 1024
63 816
590 208
373 735
1041 1190
382 279
1260 488
532 491
1 1108
1097 479
130 156
752 426
1411 1082
306 795
723 119
514 1199
197 920
583 661
1458 24
247 446
1370 720
237 922
495 1176
209 1478
536 179
384 737
905 1405
489 198
1227 219
1203 307
953 638
518 1347
557 1311
1055 373
693 415
1122 466
428 1182
519 51
1086 1070
482 511
445 62
1155 884
578 1094
1022 351
459 565
943 879
93 960
1050 1450
527 555
91 1225
573 1254
1475 1308
254 1061
742 859
1402 766
1264 1341
1242 1147
100 1351
76 135
1150 787
228 1164
592 876
741 564
165 629
1349 389
1194 320
1179 9
825 709
322 931
879 1081
1016 860
2 1261
1066 1116
763 1315
317 165
577 726
403 43
721 1394
1416 89
224 258
215 450
1418 910
122 1227
179 807
448 526
844 504
776 606
1127 900
678 166
874 1307
626 419
816 1482
729 172
142 66
312 501
671 758
984 1215
627 1272
263 355
637 1204
971 1398
947 441
1245 1354
155 1452
1219 80
1340 1239
1297 1228
1276 207
759 61
1407 463
951 331
447 1053
1125 239
691 954
1258 332
186 481
793 820
1462 783
129 59
899 1002
111 868
184 1453
363 47
955 72
418 1171
89 684
57 741
934 1133
999 54
