1000 8500
502 83
217 840
769 52
975 580
748 966
1 908
478 319
245 537
248 915
269 313
439 382
402 862
22 338
850 279
226 974
768 246
449 131
587 306
726 620
509 970
62 860
963 958
34 686
467 492
960 397
906 920
580 218
196 46
230 181
547 301
857 356
514 713
571 594
790 125
210 130
802 352
667 275
890 213
16 581
198 455
353 332
315 710
922 936
946 27
935 853
10 95
149 868
256 740
998 22
628 819
86 76
603 444
404 412
129 65
774 554
173 214
981 20
214 896
976 446
154 707
995 474
232 604
6 187
574 508
398 331
332 205
795 894
821 159
428 179
540 24
764 211
193 816
962 852
874 889
42 494
931 161
888 654
434 676
459 831
383 579
762 307
482 178
81 716
627 25
610 796
686 931
299 480
929 922
305 619
806 632
123 991
652 8
706 617
327 751
576 826
945 888
372 148
700 147
61 59
808 432
693 928
713 618
58 31
838 192
943 484
392 674
997 648
937 848
163 221
314 548
923 217
634 35
594 505
477 838
794 237
475 180
333 577
763 790
156 768
296 949
631 649
209 39
676 732
756 774
670 172
738 89
44 728
413 917
20 327
494 168
225 964
386 396
71 504
139 450
537 132
31 533
80 429
840 945
517 837
685 961
866 365
471 517
161 176
455 199
807 629
767 86
114 245
263 203
158 565
797 878
313 445
773 142
500 38
759 575
851 289
974 77
433 349
15 609
947 644
565 197
525 282
969 589
886 405
99 981
675 433
716 524
939 596
148 88
798 441
991 799
664 939
235 262
487 934
671 29
970 865
347 101
818 954
765 523
118 818
619 242
815 664
602 808
138 462
421 293
845 239
345 611
273 563
131 952
310 40
909 919
258 263
121 700
358 625
340 228
155 425
190 473
134 191
729 591
710 394
63 898
354 955
247 100
599 466
596 322
862 978
792 752
271 115
957 124
480 489
740 576
473 334
577 127
612 588
159 467
162 495
259 402
523 231
555 258
699 543
419 539
430 528
408 636
92 486
989 965
737 718
65 967
195 764
698 410
728 252
876 193
57 912
377 140
567 96
999 487
578 830
355 828
915 635
52 236
312 962
633 126
319 461
928 704
489 453
246 742
644 434
165 979
5 866
590 183
284 532
873 216
220 362
124 128
951 57
199 544
662 817
40 642
93 440
632 26
746 534
414 290
783 407
934 745
166 975
604 679
973 498
403 807
389 195
429 167
186 832
445 98
285 297
216 350
553 399
647 845
621 631
278 135
788 872
641 666
615 709
744 464
476 512
749 268
535 48
418 842
673 304
953 311
168 251
787 918
108 71
858 457
236 456
637 689
846 247
179 520
834 630
499 384
549 359
152 650
917 61
443 953
397 49
77 481
28 92
289 602
484 42
841 522
742 265
176 154
674 743
3 855
498 963
601 300
488 672
50 108
914 477
215 427
803 69
85 230
307 229
546 420
638 463
872 261
490 551
965 786
650 703
985 177
712 691
836 335
329 158
864 240
665 47
752 510
432 330
924 4
653 17
435 935
591 680
336 858
661 760
531 756
913 758
90 478
141 196
4 503
646 121
268 133
731 694
575 564
206 677
250 109
600 749
300 542
839 536
968 595
702 294
370 93
341 627
954 798
146 989
977 789
506 162
238 184
753 600
135 658
373 287
936 546
415 921
959 248
809 701
589 202
116 502
371 882
892 998
770 344
568 891
961 773
657 655
112 299
280 244
12 511
416 603
625 910
181 281
533 371
36 272
541 43
557 592
607 364
948 210
282 175
178 2
88 987
109 291
13 942
663 980
73 314
394 64
771 725
877 708
562 419
878 390
361 198
687 435
218 317
542 924
691 458
472 665
339 996
566 414
636 754
944 260
513 561
463 80
904 938
401 79
719 557
11 138
227 155
113 555
930 353
952 509
436 785
39 778
120 41
548 137
606 585
375 696
918 616
364 923
831 351
144 102
614 257
620 529
292 590
360 829
128 208
334 994
462 149
743 835
483 340
584 437
298 122
724 141
337 413
288 185
956 448
395 10
714 312
987 90
512 426
142 521
338 14
833 877
189 119
115 622
228 144
97 772
887 227
147 582
711 990
187 443
940 643
51 424
655 930
241 271
89 940
708 562
387 376
868 863
579 44
683 526
424 607
859 792
283 781
626 861
907 325
544 66
275 460
721 339
479 824
530 527
201 395
465 264
311 5
9 731
510 698
832 62
855 626
325 387
903 451
754 75
105 827
623 623
717 859
170 946
777 32
453 408
68 374
38 74
422 763
900 881
151 360
501 584
328 56
74 361
219 411
32 566
825 550
331 812
221 302
690 357
950 515
125 33
521 60
820 559
367 516
835 6
613 937
470 310
252 834
696 568
202 479
560 45
921 637
279 597
96 535
880 573
382 875
550 392
780 152
262 777
829 926
70 415
684 320
666 750
30 103
75 656
281 814
701 893
457 189
55 336
816 899
200 105
261 733
444 165
826 398
745 465
205 421
804 714
208 436
321 18
660 106
182 601
37 675
175 849
211 890
356 323
573 572
739 270
680 794
254 401
784 488
197 843
643 321
324 670
648 164
585 9
545 560
474 153
491 23
363 673
908 418
592 757
980 295
570 519
504 959
180 762
349 343
385 583
33 638
692 134
223 976
532 136
111 729
203 567
618 795
810 470
24 645
374 587
538 366
185 303
639 347
486 156
450 805
233 779
622 706
171 660
526 493
593 439
302 400
497 277
224 452
679 657
379 570
239 471
536 94
53 992
157 907
520 1
60 678
76 727
598 671
169 684
812 610
255 166
791 813
47 948
805 114
654 55
629 372
503 914
409 973
290 647
359 145
426 652
447 518
863 514
882 775
320 370
640 803
994 73
722 540
276 788
942 28
766 723
207 324
583 358
824 416
682 363
511 558
350 753
894 869
911 30
817 715
461 857
21 874
493 851
308 501
167 549
464 825
400 739
772 215
704 118
870 468
539 373
286 730
725 553
390 873
204 697
41 326
757 50
48 767
861 403
485 538
694 833
786 280
67 104
253 793
237 784
412 19
243 856
481 368
294 87
819 530
2 547
971 929
46 985
342 7
303 960
801 491
782 256
990 482
811 72
796 194
343 207
912 724
440 507
779 916
260 112
164 811
376 447
291 879
297 531
645 235
381 318
66 804
551 950
122 170
49 663
78 513
695 146
368 669
348 738
231 273
964 284
883 209
611 755
174 292
897 613
431 699
905 688
160 685
107 120
23 223
955 911
452 782
938 612
789 932
448 67
677 472
406 111
469 428
277 386
678 746
317 736
102 286
558 769
688 810
891 846
893 759
326 995
460 947
856 224
781 283
458 904
559 722
669 957
649 380
295 253
410 449
244 375
747 744
732 720
718 204
867 276
616 37
59 599
378 608
274 222
656 288
785 574
330 766
658 776
456 897
527 905
104 556
910 393
362 593
843 765
884 454
145 34
515 12
82 430
902 823
668 54
29 605
335 867
776 269
110 110
860 78
72 151
127 0
895 569
83 157
697 892
194 337
222 761
417 886
848 250
69 476
438 469
446 117
813 984
879 173
496 169
466 802
828 839
988 219
609 783
830 705
869 233
875 201
982 951
705 16
605 266
98 259
318 475
709 735
720 315
323 662
522 499
681 578
750 988
301 712
357 586
27 809
399 417
405 667
234 354
351 107
100 906
106 615
741 633
407 822
927 58
992 902
306 871
495 206
264 171
132 249
14 459
534 748
635 267
507 389
119 123
689 844
733 719
56 309
761 968
309 850
516 3
889 982
659 702
983 900
941 225
251 956
143 624
212 711
528 85
561 305
19 483
352 341
391 497
595 971
588 381
556 329
727 13
427 129
505 174
393 641
996 406
966 695
240 367
926 51
993 841
847 646
979 683
524 200
265 490
177 943
933 854
425 442
925 815
529 423
865 887
380 160
519 885
734 880
84 969
7 378
45 485
150 391
133 737
95 734
793 993
213 377
183 186
454 254
242 143
153 355
853 342
978 941
617 541
569 11
272 797
191 801
881 747
572 226
552 220
101 690
369 634
184 895
651 113
366 621
800 21
257 308
901 70
437 614
518 545
760 687
849 379
898 628
492 741
672 91
822 328
130 901
293 692
778 997
468 190
758 927
854 345
630 983
543 438
852 431
896 243
188 212
823 241
837 385
91 717
126 771
707 348
365 639
972 150
608 836
54 409
730 770
755 116
919 388
136 369
17 525
827 232
986 787
451 234
920 606
642 653
304 598
723 296
582 821
508 255
270 721
140 986
581 139
388 383
775 285
26 278
967 693
87 404
442 298
799 422
564 870
18 182
423 820
899 847
344 651
266 944
885 188
736 500
64 681
25 884
346 82
703 506
844 238
916 68
172 661
137 496
735 571
229 552
958 53
984 63
35 876
842 909
43 864
8 640
117 913
586 659
420 806
871 333
0 84
267 163
751 903
249 682
554 800
94 15
396 925
715 780
932 791
79 81
411 97
384 883
441 99
103 346
316 726
624 999
949 977
563 274
322 933
814 668
287 972
192 36
597 316
