1500 6500
622 1454
305 651
308 991
246 670
1155 110
343 552
266 458
1417 1261
1048 1027
1420 1246
759 634
947 1425
599 273
490 396
645 305
728 278
408 784
1347 260
504 335
572 695
262 1247
1132 417
82 1033
1146 216
712 840
1428 866
876 283
768 1480
1182 170
849 1139
1065 483
1365 344
660 1496
1391 340
1483 1327
5 1435
658 398
702 256
323 279
690 604
365 246
26 1293
806 211
952 1253
783 64
436 1459
1257 389
469 1288
1015 1494
1351 849
554 289
892 1174
1349 585
299 911
304 934
786 540
1268 320
1002 1360
1399 959
522 165
302 1016
1439 445
523 624
755 265
135 1452
234 316
715 57
701 699
383 1314
352 353
824 1192
1413 793
619 646
394 1153
238 432
1271 702
1153 154
3 703
151 1302
1411 1057
31 860
159 1184
561 46
122 125
1450 361
1259 1319
668 1195
1213 1018
1455 1199
509 155
1498 690
762 142
886 1428
228 961
168 287
489 1180
115 43
895 819
1021 257
1405 457
207 1272
999 23
1011 381
8 378
867 1376
477 199
970 236
707 584
1189 742
314 220
537 880
415 791
1278 288
1400 91
1481 1079
330 948
1044 438
42 1229
1166 1178
945 281
1092 821
95 1458
132 877
918 680
43 1421
447 1481
1188 851
87 899
571 615
525 209
1051 974
505 95
80 234
156 687
258 559
267 611
1302 1497
1484 317
778 1230
1042 487
1129 1356
487 587
1147 1080
874 1098
1221 428
14 895
127 648
1054 628
863 1389
1332 221
322 1089
432 114
137 676
372 759
904 346
1363 370
483 1331
1487 39
220 709
603 479
1204 683
801 807
565 1045
888 526
417 591
871 1455
1403 325
963 1231
1379 148
1463 164
1185 231
1102 567
291 786
1209 598
1198 206
510 1333
1063 1008
817 882
1496 650
428 498
1472 453
1352 1039
686 252
362 51
155 446
367 364
1067 504
1215 1078
1165 1010
317 818
1290 418
467 891
212 1275
1414 415
405 652
478 193
756 660
40 144
800 1263
351 543
1154 997
1362 746
1064 516
1246 296
1219 99
527 1161
54 750
1061 332
1425 535
957 1140
165 823
1098 1215
1255 576
992 1058
813 89
384 971
541 466
781 414
370 912
468 1305
321 186
2 596
814 960
78 1172
118 875
902 98
997 1090
802 741
1398 464
1389 684
1086 365
1273 520
1479 795
1338 508
551 1391
1368 1399
1423 1119
167 538
1230 1173
416 873
1406 37
682 1489
960 1062
350 374
1471 1036
175 901
174 562
1049 1222
521 1409
799 45
1476 55
1196 739
150 542
883 1374
1163 356
290 449
722 1309
635 1129
617 500
791 140
374 298
1125 422
354 132
1294 1475
935 1158
519 1316
1467 644
943 518
1488 455
298 61
104 847
1117 394
378 24
575 1163
1269 502
206 109
676 127
1115 1282
906 404
954 1187
179 983
94 22
830 261
978 966
68 962
221 653
891 1094
328 423
1055 1186
1485 371
1342 271
526 496
98 1038
434 619
535 412
160 658
61 727
1337 982
1062 1491
1350 577
1354 942
1078 1205
563 153
421 1460
1447 1164
592 249
1193 738
879 212
577 1307
1041 227
216 21
984 1005
773 75
482 537
758 451
982 701
140 1344
108 1077
273 848
1131 803
21 607
640 1431
349 930
1324 253
1094 1245
494 509
427 1061
907 1364
808 976
470 100
589 328
1001 1271
675 172
1267 914
1052 120
357 1315
316 569
922 878
1243 573
390 104
568 1411
991 581
1112 950
647 1281
665 475
65 115
611 1171
1103 113
332 1203
1181 924
1120 1087
949 1433
310 284
1023 736
627 1490
657 546
726 486
542 682
923 533
812 1051
369 1110
901 686
254 348
1090 133
1025 953
540 1049
251 1041
358 761
459 558
75 1138
1305 1470
637 0
555 623
1138 1450
544 827
681 1254
659 794
1385 1162
146 1371
1306 1422
307 1104
590 1082
986 354
90 299
825 1461
28 56
1458 326
55 1269
237 633
1491 1473
1079 879
827 1213
187 842
998 163
516 776
1252 1276
495 1102
1242 270
30 1407
1114 229
1178 1212
56 594
666 1424
1448 245
823 1012
846 49
364 1176
757 1465
684 248
912 1220
1440 41
20 1109
567 198
283 698
1266 302
81 1013
1443 913
623 862
344 757
934 362
607 904
1031 656
748 630
716 566
285 330
170 586
279 1188
520 570
72 176
794 67
894 1375
869 714
975 247
113 204
851 334
753 689
820 1384
1466 1343
687 547
691 867
60 182
776 194
616 357
215 767
1301 993
1091 798
201 185
1133 963
1145 1081
226 477
1330 926
1157 1096
1203 595
88 476
651 999
102 1117
44 76
278 1255
450 723
940 181
605 147
16 1363
218 215
217 743
1 434
336 1226
196 131
683 885
452 1467
620 393
1292 519
1402 474
497 1126
149 403
1240 462
1309 1418
1470 54
1085 480
511 620
688 1150
10 1014
1315 909
731 1001
1435 674
17 1443
1348 350
977 673
1074 433
345 1006
896 1128
785 1131
124 1264
413 589
710 505
1106 1115
1331 431
1320 645
648 815
474 571
1277 907
1199 315
703 871
422 341
1409 706
745 32
1111 663
297 251
401 1295
235 1414
950 337
1176 1204
184 837
1299 213
1231 492
513 522
936 1413
112 1300
1328 956
1043 536
15 442
1249 19
809 965
37 665
334 1244
57 1151
721 802
424 903
418 407
1167 347
925 606
69 865
502 1436
282 1146
552 788
919 929
910 241
341 986
652 180
371 200
764 467
1345 1157
0 112
1171 622
503 1223
456 145
431 800
425 293
73 1037
163 152
492 1477
347 588
280 1224
793 1108
1382 1416
1356 1361
91 272
1016 874
512 367
694 1021
713 85
653 1387
1162 1392
275 524
1226 1040
277 435
239 1447
1499 1359
183 16
873 1256
732 303
897 108
1495 780
634 430
974 105
796 1499
1179 710
595 197
261 1373
1149 1402
740 1403
1386 189
587 1179
1453 790
1211 1136
1123 1239
662 906
1060 77
461 545
1258 990
147 1032
1457 12
177 366
965 649
928 134
39 138
719 1022
625 1277
385 627
1202 1335
491 654
1364 933
760 1488
393 1306
734 580
1429 1020
100 63
636 36
1119 655
985 549
50 80
1150 355
1279 940
868 777
454 659
442 336
738 28
834 799
1083 175
148 391
38 183
1388 641
327 268
169 729
697 774
377 678
1289 450
1045 814
208 728
1475 1207
754 1206
198 162
1397 349
240 664
1454 1050
451 1118
190 1434
379 1073
689 712
667 1317
1452 1185
698 1034
560 158
430 688
7 306
1036 829
269 395
189 1003
466 1240
980 775
1370 1055
679 1248
397 813
230 583
930 84
942 244
898 548
407 232
199 782
363 333
1436 900
664 402
153 345
1416 1396
878 1405
429 90
86 343
194 86
1057 82
1492 201
882 1308
1186 203
1024 785
1336 11
77 1404
1392 240
1419 1366
27 117
1113 454
761 1000
200 811
557 1329
670 753
608 792
1426 88
1300 1483
1073 1086
1232 1367
1468 810
724 342
19 116
125 523
402 716
191 495
711 561
727 809
1194 300
1077 1029
1175 944
1205 527
908 841
303 497
1200 359
914 17
921 219
602 177
1490 1357
181 973
981 1046
1480 8
420 1111
1013 760
741 1350
1341 838
23 62
779 685
1097 778
788 122
714 20
1158 1337
854 773
373 826
1489 1301
1122 915
120 599
1126 1412
52 1398
1316 1181
411 565
604 859
441 920
1127 737
1256 1290
465 1132
111 731
1134 836
488 87
412 534
245 1279
76 884
1473 50
1093 327
570 1004
951 834
1053 156
1005 159
484 910
775 1485
938 751
994 494
340 208
1058 1059
1208 1074
518 1468
1075 557
828 1262
1253 677
219 883
837 1159
161 254
396 555
1026 321
355 1441
1152 560
763 463
1128 1472
388 897
1415 1353
320 473
107 40
931 1225
596 1189
1161 1378
606 762
1184 1388
96 376
1130 441
281 1323
1168 1369
674 796
1081 187
1381 1217
973 322
725 482
34 1274
1216 1289
24 1401
739 602
462 437
1140 949
204 551
1099 1273
924 789
1245 460
473 1044
1464 304
1047 952
1284 539
769 1009
941 136
1384 427
1424 943
1359 661
1237 749
1460 987
376 672
36 764
829 210
243 1415
236 717
67 160
1072 3
46 1165
717 700
656 72
360 529
35 4
558 79
306 130
121 128
765 832
1286 1313
983 1015
993 269
114 679
131 277
692 1234
143 923
1304 1084
329 744
847 772
899 290
708 294
798 135
609 331
439 319
172 1304
840 1194
514 1349
1082 922
751 804
1456 600
1170 846
464 1169
366 150
723 401
248 439
1371 601
272 704
84 285
315 1093
382 579
1070 1280
128 617
1263 1310
292 228
460 1419
1069 1035
1297 1056
11 708
58 812
1169 763
1235 1456
858 264
64 1354
845 103
953 1466
864 499
233 1322
32 1156
1222 521
1441 1420
1214 988
856 1242
1190 609
581 631
110 1127
673 166
1282 380
1434 730
929 1430
654 1284
1017 861
1108 1463
1334 230
387 1208
1323 1347
301 169
1100 1030
576 806
1307 416
457 1101
700 1259
136 1202
211 377
423 694
1427 368
569 1154
632 59
870 868
1191 1107
89 149
293 1191
1137 1299
807 1406
903 681
1210 625
720 845
1030 1394
295 1166
209 388
650 632
747 1462
103 1457
271 1446
227 981
843 1266
296 292
289 1175
22 770
446 828
995 1233
391 387
70 1130
274 593
582 1362
139 748
130 282
45 190
784 5
1358 301
987 1492
62 324
498 969
386 616
1442 850
1326 124
1390 1142
463 488
1206 691
133 339
97 781
536 745
1032 35
485 1095
1007 1451
152 1221
915 1438
188 894
996 919
319 235
173 870
185 869
1346 352
877 18
406 705
1344 1445
1285 1385
826 724
1486 1478
597 984
182 1170
865 1114
253 178
475 243
326 1243
1462 1145
968 31
875 1031
18 958
508 967
144 843
192 1390
782 989
926 173
638 73
129 297
1474 726
1019 1152
1038 1267
631 510
937 932
257 1474
1357 638
260 718
893 1408
1265 226
790 1484
1180 643
831 53
855 1296
671 424
944 286
628 311
1156 980
629 30
231 968
419 1211
695 639
1493 1088
1355 263
1009 1286
171 65
885 1278
1136 1075
71 1482
222 1177
889 121
51 1400
832 1007
92 1312
961 1214
842 556
549 1386
1164 1439
1437 1311
639 1002
742 1210
142 1042
1494 44
1314 1393
729 478
1241 637
1018 372
1465 554
1375 844
833 224
1317 977
866 295
1469 1249
1407 517
12 1070
1380 605
443 801
1281 291
1366 515
844 312
1329 998
471 1348
255 1063
911 373
853 614
976 461
392 1432
166 970
259 1116
1333 896
1412 66
946 1198
546 574
630 58
284 29
197 191
145 1291
839 192
517 1442
643 119
93 892
1247 481
1089 863
709 1072
288 383
588 390
202 436
368 419
955 1193
1308 979
1003 553
1262 1121
579 48
1461 444
214 1251
506 1252
862 1298
25 9
1275 1487
472 385
920 864
247 925
696 937
685 420
331 1209
1274 259
1029 33
309 1410
1449 1493
528 425
805 817
9 490
1311 308
63 26
1173 1355
1438 657
1482 1427
1195 1028
821 808
621 146
13 908
195 1469
811 202
680 825
126 123
1192 978
116 1423
1310 1365
403 143
737 740
1118 1076
493 52
1012 92
804 945
593 1380
481 1464
1418 470
1244 400
1404 1440
342 360
543 876
438 1372
276 1351
1335 1395
771 94
531 1017
1148 399
1325 888
1339 941
1433 506
1217 1125
916 855
300 386
74 157
1445 872
1197 1141
1229 582
1223 722
109 693
1020 214
1233 1065
1374 323
909 47
803 493
395 1196
440 1320
311 196
1010 1167
250 1026
33 1112
361 174
1059 1340
53 452
59 392
1287 839
1174 1124
1187 1417
816 917
1361 578
1260 1144
1477 1168
1321 239
797 608
1071 1270
180 1120
205 1346
1014 525
353 1219
335 572
905 1257
610 503
1124 898
787 111
1261 715
49 787
398 512
1251 1318
501 151
380 881
646 1155
1142 1216
1376 1071
1039 1085
1033 592
1372 1325
574 96
835 1232
1066 1149
1143 42
324 222
677 129
1396 613
105 1426
410 10
1422 635
1383 13
792 1099
1360 747
186 179
733 666
1207 768
244 1023
1367 1148
818 351
1322 314
1228 309
1050 783
649 1370
41 1429
176 1190
1378 1321
85 1326
545 1236
157 93
359 1448
117 1495
573 369
287 721
1109 1106
193 928
225 938
1432 994
356 697
672 886
1497 1043
455 485
539 916
29 443
1006 1437
706 1345
600 363
1387 101
400 1100
375 905
1224 318
585 406
795 280
448 541
1084 1
1022 626
252 992
822 6
959 161
48 1268
1478 258
735 955
1451 25
927 233
486 447
967 1341
229 126
838 662
312 1143
1135 1377
857 1294
693 1200
286 735
47 1287
1280 854
1254 379
1401 262
79 692
480 642
642 141
887 856
1104 513
548 1383
948 769
860 1105
1238 1235
294 171
1096 74
553 489
476 563
154 469
564 1201
533 405
1394 1068
1431 1342
1393 1067
770 70
1408 820
445 939
437 1123
880 484
956 1379
1068 830
538 667
1318 824
6 384
1395 1183
123 779
815 1091
1151 831
1410 530
1183 575
772 440
584 1103
1225 38
232 734
1028 1052
612 27
435 1479
1353 636
381 1228
972 1260
333 1265
99 528
1201 223
780 887
1327 805
774 255
449 1303
1040 668
601 1486
962 1182
1087 14
1296 274
1446 338
224 1498
678 501
566 97
1276 671
633 603
859 765
752 1258
580 83
203 188
1088 267
1270 640
743 1097
556 1069
534 2
1312 313
1319 1471
1139 590
318 771
1377 618
861 1025
704 102
1239 207
810 752
730 550
884 1133
744 852
917 168
134 250
958 1134
750 184
1056 275
1027 853
339 1122
1295 1227
138 964
119 448
409 429
530 719
1303 1054
1008 1250
524 139
1141 1328
641 1381
1272 1476
270 610
241 413
819 471
256 1444
900 310
1212 1064
746 754
1121 1285
1313 1218
1250 106
313 1397
1236 1238
932 711
1037 756
141 511
547 816
669 465
1444 15
1172 954
841 195
532 217
162 78
615 889
1340 1324
644 531
265 218
178 1339
515 935
1459 409
964 707
1248 564
663 1019
1080 69
939 514
414 411
1288 1332
1218 1160
1107 81
1159 890
444 1024
749 629
529 797
881 1197
346 921
736 733
836 568
990 1382
1034 858
325 1336
626 597
989 675
404 1368
624 696
789 1066
1095 307
164 205
1110 1137
399 358
890 1053
1283 931
850 137
777 985
1234 71
1421 766
66 276
1105 107
1227 732
933 1297
242 266
1035 456
1116 996
1298 7
852 544
971 1135
210 1334
453 329
1177 927
101 758
458 238
348 1237
213 1338
979 459
1264 34
499 408
966 893
106 397
969 936
598 1113
1101 60
507 507
1046 1047
705 68
1430 720
655 857
586 532
699 995
591 713
766 375
1144 118
913 1358
1291 1449
337 225
848 1060
268 410
249 426
550 1352
872 621
338 1083
618 1292
264 472
718 947
988 975
578 242
83 951
583 1330
433 946
1004 167
613 822
1160 468
1000 647
263 491
479 237
1293 833
1373 669
158 972
4 918
426 1453
1076 382
559 1092
767 957
1343 1048
223 421
1220 725
594 755
661 1011
389 612
562 1241
496 835
614 1147
1369 1283
500 902
