1000 7000
795 511
903 696
422 213
491 220
626 553
759 320
312 435
316 209
746 444
68 36
787 792
805 639
507 814
824 128
360 685
283 922
601 989
13 597
982 974
391 545
35 680
82 668
302 701
448 267
404 48
36 386
969 379
664 595
825 522
159 853
336 562
519 94
936 100
234 359
158 966
356 998
338 976
829 314
511 1
156 981
564 248
240 57
464 396
18 337
276 105
451 458
466 943
690 815
710 165
38 711
729 362
388 186
235 812
96 764
70 416
162 432
520 756
239 484
228 859
201 190
172 672
433 520
17 73
62 806
377 712
607 733
993 724
844 892
617 4
209 752
169 163
211 471
954 955
262 235
47 827
389 244
135 599
893 979
927 941
472 234
949 771
126 828
485 225
730 565
124 838
808 349
497 679
364 34
985 421
244 317
527 584
52 260
939 28
613 645
711 809
248 682
461 533
925 505
381 142
644 364
705 275
365 77
756 205
114 638
202 316
245 9
119 551
72 843
973 633
241 586
230 933
480 151
87 783
780 673
921 632
573 481
405 590
631 22
492 188
346 262
634 560
727 878
76 108
97 43
477 370
665 753
611 467
67 311
905 167
462 596
521 816
924 212
578 661
74 630
680 499
735 875
284 939
655 491
95 102
600 429
167 21
629 230
123 716
811 699
911 703
618 786
136 839
199 759
208 776
51 848
633 303
802 174
554 413
766 211
869 710
781 191
231 383
224 704
741 356
908 472
777 239
865 63
194 772
394 436
495 291
12 294
872 35
659 89
78 820
894 367
20 659
429 674
50 849
761 835
53 730
499 82
508 16
371 964
5 304
866 571
899 380
163 321
881 770
100 871
447 26
832 519
255 811
225 787
367 978
127 391
483 465
980 554
922 846
418 676
117 463
827 824
579 664
851 623
625 325
868 44
370 259
219 557
536 605
438 65
776 55
712 424
498 437
506 678
26 295
546 650
435 901
471 881
637 914
606 93
103 870
327 271
884 59
955 224
226 401
755 928
260 375
623 274
55 443
378 466
298 509
589 293
584 585
534 78
803 719
645 331
713 487
959 970
563 796
838 833
456 395
743 588
427 621
113 434
503 369
250 185
155 169
61 727
504 75
958 52
850 857
699 135
819 926
706 327
516 799
602 343
858 952
593 618
900 965
282 691
415 164
597 58
692 795
815 932
482 761
722 570
186 173
586 301
977 714
666 121
39 751
793 129
486 959
428 721
313 613
691 983
305 457
745 735
32 61
189 149
555 111
997 962
774 204
675 384
562 372
686 410
512 130
582 462
762 297
863 635
879 688
280 743
75 198
118 930
191 200
570 406
945 415
446 803
630 555
553 620
271 692
325 0
612 681
177 611
800 310
243 414
218 451
904 561
614 903
689 53
889 898
261 532
906 742
813 826
539 263
764 483
215 346
0 572
105 872
892 879
864 953
286 763
192 306
157 33
981 251
514 405
754 103
505 287
488 490
478 622
90 170
423 254
595 968
419 677
789 348
835 992
697 87
620 923
303 116
775 24
24 913
724 543
3 25
329 506
317 106
523 713
604 647
693 152
337 593
19 218
552 873
333 446
913 589
909 278
489 404
709 750
719 338
930 798
871 67
849 197
989 867
646 344
45 866
147 345
649 657
961 7
6 528
363 148
443 948
605 594
372 255
840 969
799 648
44 908
974 47
28 539
556 912
590 625
362 747
785 720
806 951
214 581
883 216
810 972
718 409
57 708
658 456
71 804
758 876
917 492
8 507
444 745
395 775
854 166
463 430
702 746
661 749
151 591
108 765
414 707
673 603
535 769
565 579
183 963
84 646
778 299
314 468
469 253
198 897
847 919
550 929
220 419
15 643
566 493
285 473
907 307
398 660
120 840
599 728
439 228
140 286
345 784
176 302
650 155
134 741
484 249
307 935
603 810
992 99
531 665
390 351
445 283
200 470
272 95
205 877
247 790
204 544
950 478
677 894
559 807
731 883
468 938
91 734
818 893
943 97
323 30
596 322
549 996
557 949
49 60
223 729
281 222
814 700
537 195
412 42
769 426
877 649
300 196
870 208
725 612
353 279
43 232
636 767
137 332
434 469
929 50
687 524
25 390
459 80
34 397
931 371
651 131
896 257
964 110
376 46
27 431
501 609
421 90
174 187
738 408
960 12
104 985
275 695
450 366
855 336
696 133
432 655
168 439
393 580
639 214
339 990
823 834
848 51
638 238
116 227
1 241
164 13
93 940
257 662
154 984
320 140
968 418
914 616
102 10
742 229
424 113
493 667
330 388
987 19
351 548
30 210
335 217
268 527
436 256
139 39
145 11
374 41
828 925
873 917
723 693
632 915
85 973
397 38
704 793
242 377
470 629
63 243
301 902
161 18
890 387
791 946
934 231
951 323
833 566
822 891
23 801
319 177
465 454
541 273
359 480
653 115
207 920
842 706
916 136
249 368
551 931
290 523
963 350
938 326
416 841
543 731
454 936
293 107
643 578
841 284
940 268
965 71
932 382
737 654
430 980
926 6
857 899
988 352
569 378
574 510
449 885
657 398
995 479
256 850
768 723
229 779
592 644
560 305
437 445
715 363
576 162
760 614
767 109
9 725
109 855
773 335
332 296
577 427
983 497
999 361
572 607
792 289
175 179
652 874
991 847
517 315
528 176
83 365
580 569
912 354
809 689
349 485
853 813
970 124
672 737
279 441
817 900
171 70
60 496
928 549
306 766
299 698
996 309
11 292
110 904
331 5
920 261
366 157
641 631
7 780
967 558
585 181
707 341
94 159
408 448
197 412
399 861
839 999
227 407
717 997
196 223
417 937
425 636
642 738
474 598
251 270
662 403
180 83
490 402
46 513
591 851
184 8
526 189
266 774
310 829
532 797
923 697
41 373
122 453
845 634
487 653
846 202
21 882
341 76
998 852
132 355
326 459
647 14
193 642
187 906
898 86
891 515
304 957
812 272
138 576
29 567
150 112
670 171
558 482
79 606
296 79
369 141
350 961
720 206
264 134
355 956
413 92
392 583
784 252
295 486
502 20
88 29
258 438
836 226
149 869
420 777
143 158
328 147
861 651
525 393
387 825
678 219
953 2
173 126
915 587
834 907
80 45
431 330
786 987
935 40
73 830
146 333
188 802
386 215
875 702
352 556
457 247
656 328
195 758
101 541
856 66
708 280
510 960
765 918
309 475
895 944
837 502
315 686
357 514
878 880
467 425
663 601
734 146
494 687
203 245
540 300
820 837
941 242
358 800
216 417
880 288
628 194
289 31
529 577
779 101
859 329
547 755
81 715
986 500
860 172
794 890
40 608
538 860
142 347
733 663
685 844
615 452
311 474
396 277
411 150
902 15
867 455
267 781
782 582
598 832
277 282
153 921
684 114
608 768
263 934
210 394
383 23
16 464
340 988
441 958
752 240
232 994
107 318
732 744
379 559
683 993
627 971
481 785
716 17
294 199
343 118
270 264
542 592
479 529
976 428
682 120
830 203
131 422
54 950
679 489
654 357
401 221
966 954
747 495
770 49
897 442
384 604
763 967
515 530
796 694
807 602
790 144
984 910
695 845
509 905
739 178
544 821
882 794
440 856
771 123
385 666
160 909
86 624
862 504
886 535
937 552
182 125
681 62
181 617
121 298
581 831
957 757
788 628
852 69
128 819
473 995
668 671
667 709
322 517
4 722
688 281
744 423
166 574
141 760
222 54
237 160
77 440
933 153
548 447
545 564
348 236
42 868
48 889
533 138
975 865
736 207
402 762
212 842
406 156
621 477
453 888
757 460
524 233
66 818
254 550
361 353
400 319
334 690
407 512
660 717
269 37
89 740
952 537
676 927
801 313
583 180
442 411
129 568
165 531
888 192
671 627
347 285
616 540
703 640
816 494
273 265
144 942
274 675
170 420
59 385
721 542
253 817
700 896
99 143
65 788
728 342
948 88
994 85
567 433
622 324
901 137
648 117
751 805
821 573
575 399
342 836
876 104
278 3
292 139
804 334
37 132
874 525
321 476
10 308
130 74
217 982
221 683
373 498
831 360
669 748
475 521
22 91
956 449
772 615
797 619
753 508
297 575
125 670
133 945
252 991
610 791
382 381
33 773
624 924
530 250
287 339
246 534
826 563
115 823
518 184
750 96
513 312
112 84
714 732
185 536
344 340
635 168
918 154
971 547
92 637
726 862
409 374
291 986
458 290
238 977
375 488
701 916
152 739
58 754
368 389
972 358
910 652
236 269
522 822
179 461
946 64
265 400
749 98
674 887
979 884
213 246
308 684
942 656
56 503
587 119
962 526
69 975
740 808
568 201
640 538
190 895
561 183
619 81
318 778
2 789
947 782
887 193
748 182
410 864
496 718
594 32
106 610
148 175
206 122
98 276
455 392
324 858
354 516
288 736
476 266
14 258
403 947
64 376
944 863
259 726
698 145
500 72
380 450
843 854
178 886
571 911
233 705
783 669
426 546
990 27
885 600
978 237
694 127
452 501
460 518
31 161
919 68
798 658
609 56
588 641
111 626
