2500 2000
1938 1454
1974 1646
2153 2165
1193 2002
2192 1146
1908 1152
1734 794
2275 887
1547 1964
1901 1333
2069 2170
84 1041
2460 125
1214 1706
175 435
596 1452
607 2010
1224 2405
1795 212
1799 1941
1443 1962
2026 949
1341 245
2102 747
703 2441
351 1175
2345 1777
2081 372
2437 1985
576 882
1502 525
1975 1181
1534 1080
861 582
55 901
2408 793
1926 701
169 2471
19 1714
1978 1004
615 1741
403 1109
1867 2299
1819 2073
1081 1878
520 38
1049 7
217 1459
290 555
1452 558
1546 2189
2226 2373
117 2172
2072 574
197 1976
695 2046
513 94
2471 1065
2018 865
626 1379
1348 2498
872 505
1988 2092
830 1750
301 2250
547 1193
1467 112
1960 1499
87 611
1372 1636
720 348
2171 796
1621 616
2118 731
406 815
1213 774
68 552
94 1557
2436 1526
1017 1616
821 153
1626 1126
2392 1715
485 2404
621 353
184 376
2377 475
1402 1997
2045 2317
300 832
254 0
471 1279
678 1488
1514 1705
891 1118
1572 1252
2356 874
1024 1746
1233 2322
2432 2374
187 2023
865 247
1283 1019
2210 2239
1574 1038
1068 448
99 1073
529 1390
1395 2360
1508 50
659 744
465 2331
1849 454
200 921
2154 149
30 858
1117 2337
538 410
1412 689
2099 714
2336 291
1898 1298
2354 704
1097 729
32 236
1991 5
1339 953
713 542
1167 1537
1971 1849
885 286
2160 1930
1070 672
67 2316
2252 1664
1654 1369
883 422
2119 822
1152 2483
990 1240
989 993
1749 1698
118 438
259 614
295 772
1892 2453
1062 2162
1686 105
2201 1744
1115 92
1780 1482
1628 25
78 33
2293 503
1637 2336
1363 2326
442 455
152 485
959 556
932 434
1061 1314
215 2234
706 910
2227 1480
1853 617
316 117
1145 674
219 39
42 1165
2067 950
1632 304
2134 1756
1177 1282
1989 347
751 859
1584 1092
2429 1142
1132 1391
993 124
2170 2088
1103 1719
2443 260
429 1833
686 1745
1696 246
2351 378
1798 190
943 431
107 1686
2106 1787
1668 1151
1204 1583
1108 1947
1045 705
1163 2287
2340 1796
72 309
1923 1631
1493 1802
1590 341
459 2473
1735 2151
1765 2280
524 2208
1307 427
901 932
972 1208
1540 2462
142 1813
1565 1097
2478 1610
1155 764
2077 1103
1519 445
848 757
784 1340
2200 1673
1829 1408
1429 1613
1173 2338
2319 283
2020 917
1246 2056
963 570
1101 2139
845 36
2452 2265
1593 1828
2424 523
279 1807
1817 805
903 632
1114 739
1801 462
2463 736
2285 1425
382 1089
49 1783
2092 1001
855 763
874 1496
1296 196
1158 1366
777 691
1491 2110
882 1241
1842 1913
2317 2311
36 2115
1506 2377
2114 1897
2199 263
1510 102
1131 1908
1026 1293
997 2236
1944 2099
960 305
1905 466
756 2211
910 1876
1523 2206
251 325
934 349
50 1840
820 565
526 1571
1388 484
38 2371
1185 997
1446 2369
1304 1805
794 1651
1559 785
1259 831
811 2362
1019 2060
400 2389
281 1788
1367 1394
1476 127
1053 2366
1256 1076
1273 1879
693 1628
390 365
2177 490
2061 295
154 517
15 1925
1235 1171
1669 1834
319 1450
43 412
2078 298
475 706
2456 1661
1727 238
1071 463
1505 984
2055 2306
419 2390
1191 275
1475 2196
645 1995
2095 1590
269 716
1667 399
664 885
452 1329
1868 2047
826 1030
660 156
2283 24
622 1671
108 1609
258 1153
315 217
297 684
2458 967
1677 2352
1378 1942
917 2397
160 152
900 1420
171 1737
956 1685
1962 896
922 250
635 447
618 1588
207 222
369 881
1004 1122
1127 223
318 541
1085 1691
445 1743
70 237
313 1851
829 2018
2394 169
1653 1232
507 1405
346 1560
1318 1838
1640 2156
2193 2194
1549 1529
2104 1161
608 405
486 1759
1764 2324
598 312
765 1056
2255 1261
813 1854
267 1903
2216 2340
2159 489
2063 658
37 863
996 211
2375 2207
1877 1345
2211 146
886 884
1791 880
786 2406
1739 2232
1255 1011
655 1472
247 1811
1996 1709
2000 2199
2311 819
479 842
1417 754
1517 1521
2060 171
336 1518
1608 47
2050 1839
367 1205
2042 1461
1578 1525
950 1721
1352 2482
1633 806
1847 1239
2236 2435
1418 472
2361 1799
544 288
1414 1224
1232 116
109 666
1794 2391
1238 577
2422 315
2093 133
2123 2120
243 1026
1005 496
1833 2124
404 1022
1206 1376
1748 627
1216 1865
749 1540
1700 510
1753 1014
2297 1299
1251 32
305 355
1731 916
835 1099
1119 1647
395 837
1268 4
580 367
988 27
2372 1292
771 1506
2335 385
2124 436
1387 1283
331 629
322 1331
1203 1794
103 2481
1606 2279
1680 1898
1761 1960
815 526
2136 2496
1168 1760
202 1174
457 419
1046 437
2086 482
2491 344
1684 968
2341 1944
1813 2395
191 860
563 1263
1897 159
288 1528
293 1894
2249 2147
1321 2454
1775 2031
869 272
1784 2214
495 2043
1857 1222
1839 1972
1212 2205
2206 1857
1910 1708
80 2072
206 75
176 1404
386 927
174 1967
249 1952
1176 960
1277 2300
892 2070
2131 2011
2230 2067
501 2393
1480 478
649 869
1022 889
1940 626
953 2298
1648 1785
2250 1291
1917 91
818 181
494 2334
233 893
735 178
2065 2006
733 1083
532 2489
222 1154
1078 1229
177 2355
2305 395
286 2225
569 985
2036 939
1805 2224
1094 1844
2024 2320
1526 866
1878 1057
1924 1769
1374 912
434 342
1871 1332
285 549
2268 2267
2169 2278
1184 1307
767 1443
469 2411
1126 2245
1655 1547
2080 1172
1028 680
265 933
284 334
2103 1081
762 1615
721 1541
705 1280
1479 924
983 1845
422 417
1918 955
614 313
671 813
724 621
1875 1368
257 1278
394 2448
1577 1551
2246 1044
665 1578
2148 795
1704 26
484 1344
405 2000
272 1072
2220 814
2109 1458
2023 1297
11 1393
1725 166
954 1432
565 1271
833 1127
522 1213
699 1594
2421 1778
1058 1850
648 679
2321 2364
255 1412
220 73
1420 694
1518 589
1507 2091
2034 1427
896 1475
2190 812
941 1545
2374 17
2222 2353
276 151
1425 101
416 387
1346 1102
1896 1723
1102 845
2315 1066
1929 1593
492 468
2416 1082
609 1392
335 942
1142 470
2277 10
1299 1439
2299 1203
2223 2132
640 2117
1455 2252
1711 449
1025 303
1147 974
2113 37
384 961
850 2488
1239 1502
270 902
120 2447
244 899
718 1986
1671 1356
1834 2054
2366 1934
1955 512
1622 615
21 2388
2350 2021
201 566
2143 1961
527 2022
224 1500
700 550
1531 2283
1301 1162
2485 43
388 1173
525 3
804 168
750 1342
1919 1077
208 97
992 1363
2316 1861
1390 840
2010 2084
884 11
754 1435
2333 331
779 2210
984 280
298 1853
1852 2219
971 1653
1712 230
1688 1406
537 1438
761 1348
349 1277
2457 1440
234 1776
1956 1798
1495 2094
1471 1971
1528 404
104 206
2474 563
1697 140
2130 2335
2490 636
1787 2183
1275 1063
2265 53
1811 1209
1732 2106
439 1000
137 384
586 1335
148 1370
1845 1751
1563 1762
1438 253
1091 1445
1230 2169
1999 2020
634 598
1448 2029
1201 1189
1180 1309
1891 1327
2089 2321
91 100
380 1710
1876 208
1618 2443
1027 929
323 740
355 52
2439 1163
549 703
1060 71
292 1919
768 728
2156 227
1790 1716
424 660
1066 1650
995 1010
448 2097
1603 2030
1441 1032
1183 1347
1983 892
730 142
2112 2304
1215 1386
496 1527
14 1398
1403 1160
1716 981
1601 877
1656 838
918 1358
878 1346
1175 688
723 922
1553 548
1573 765
2425 2458
1616 1228
474 1199
1254 155
1948 228
482 2451
679 1441
1048 2235
744 76
540 1113
2232 941
2292 1817
631 944
426 1911
26 2108
1383 502
1100 460
1907 1649
1172 1603
1537 1422
498 55
2128 958
2473 2248
2306 1978
579 730
1802 591
194 1273
620 1784
1248 79
1404 74
981 483
2021 1133
823 2090
1302 1469
491 564
1150 2413
1310 271
2279 791
1930 2155
1498 1768
840 2484
746 2268
1465 1564
1439 126
341 1921
539 1166
1548 2262
1743 1328
2165 2439
895 1890
1580 1852
408 368
1411 1975
2161 1157
2032 1620
253 2365
2056 2241
2328 409
717 1373
2262 2140
1312 2163
119 2328
1440 2426
1295 144
1003 98
2492 1905
2483 870
2344 2083
2359 61
304 2159
2196 1409
1957 507
911 1725
921 1029
2213 1421
1166 1733
1660 1559
1646 618
2079 745
1288 1351
737 2215
280 2302
1134 64
1776 2486
2195 2119
2438 2096
1135 2290
587 1830
2202 1
1266 1388
863 888
1690 163
499 2033
508 861
379 625
1641 1031
1198 2130
1205 2396
2231 2244
1745 157
17 2004
356 2358
822 1530
2237 1713
592 1909
1481 2301
849 121
1557 1040
1778 913
209 1079
1474 1407
2497 1185
82 487
1171 456
125 161
61 1533
1090 1284
1724 1136
2294 2420
428 1507
919 509
2037 1140
1997 2052
1828 1801
935 1217
126 1426
1612 451
2495 2059
1477 2144
1740 907
1993 2479
1672 657
1513 2164
1291 1084
64 2222
2197 504
1714 1519
2263 177
2174 330
582 635
2475 1086
2410 1479
2464 513
1298 2066
2138 114
512 1200
2402 2394
189 2372
1699 1929
1963 945
1463 1605
29 678
778 1320
2287 1717
1069 1720
1934 319
361 188
1242 2198
1874 85
2365 2240
1106 544
2149 2259
847 1188
658 1549
1020 1512
1504 486
86 415
1525 2463
1079 1670
957 597
2338 976
1340 2258
1659 1862
2493 1932
2477 89
1272 1561
602 370
1832 501
1568 164
1067 1648
1747 746
1583 1477
157 1324
1985 1795
757 1410
1598 1999
2404 394
641 182
2111 361
1809 2427
413 12
1209 362
1837 1503
1685 1087
2389 2238
2219 244
2427 568
1187 1168
1281 2001
770 2143
1265 2437
1880 1873
2346 1190
897 1712
294 2269
1591 741
763 138
193 634
583 1311
961 2203
1545 1895
2393 2158
2144 1023
637 2076
1322 779
493 1990
396 1949
716 519
1064 531
480 299
101 256
2046 1257
577 402
216 1117
931 1258
662 584
881 111
2205 1742
2256 2417
2322 2080
566 1336
333 1859
1487 2272
1466 1998
2274 1051
567 459
1042 476
1625 350
949 145
2267 756
585 1958
1698 1699
1786 1486
1763 453
661 1431
1708 581
675 1028
385 2107
856 1682
1544 700
518 1731
1575 1170
24 1738
2325 1969
461 15
143 308
2245 1418
141 801
242 19
1631 1753
2323 458
1841 1139
1870 1052
1385 2296
2259 1374
531 1259
1234 1991
542 508
748 1968
1773 823
681 318
2434 803
1054 2032
1088 1618
1597 969
1249 1114
783 810
2096 2
2451 836
920 329
636 1424
2355 1586
2395 1100
127 1543
1107 702
2327 495
430 1020
1990 1553
965 798
325 201
1599 619
2461 65
1435 2446
2043 982
1368 605
20 1303
2007 824
2486 1914
2467 989
2087 1623
1952 2227
928 1508
2386 276
1567 1832
2494 1684
1237 583
166 2356
2352 1856
1543 167
1459 2102
2090 1361
205 2134
808 2017
2324 1515
831 383
2398 2192
1260 109
1936 766
1008 113
347 2089
1500 2008
2442 1325
45 1007
858 760
1715 2136
1803 2111
1104 209
372 1860
1468 1447
203 129
2235 179
536 1607
774 1675
1524 2036
25 2329
1977 373
1541 2449
805 781
2003 1655
122 2312
1516 1641
79 551
1087 578
899 1505
619 56
2496 2392
435 1704
199 1059
2363 856
1 219
230 553
1652 655
1872 1129
2411 205
2313 281
1890 520
348 697
1244 648
1906 1546
2418 2113
638 1027
1161 2095
1916 2125
1470 2191
1146 1823
2353 2400
680 1317
1300 1887
930 1134
906 1627
437 686
1354 914
913 292
1006 2005
241 511
1285 587
10 306
1333 1935
460 1722
350 1281
261 1821
196 2261
2145 2285
1360 1665
1012 66
1437 433
797 2412
853 444
2449 192
1489 2057
588 1923
2295 1924
945 1804
2286 1728
629 643
2291 257
1772 599
926 241
2180 2161
487 2274
1482 2230
864 1793
1334 1360
378 919
2348 1194
1797 723
574 1470
773 165
1964 1694
1987 2275
877 668
1261 936
156 338
1582 710
2011 326
59 743
1311 2204
1804 1449
1074 1337
2107 977
2296 2297
2172 799
838 1662
92 1183
1178 751
1278 120
1309 633
110 294
1755 322
85 1825
1702 2342
172 1101
1116 1906
1208 2455
1442 1198
1512 2028
1197 1169
7 1782
2207 1957
976 947
0 951
742 2019
1762 1323
2142 1770
551 1352
1359 48
2088 682
670 665
2133 847
2168 681
173 1555
966 1727
100 131
9 1180
473 2146
2162 2068
819 1230
5 1423
383 29
373 416
1939 2438
1649 1912
393 1926
521 1055
164 1244
1424 2410
1377 471
427 1048
23 719
1770 1308
1807 2179
167 194
1225 2387
839 1383
340 13
1356 809
1376 218
65 825
1496 2118
2233 1467
262 590
1959 543
238 1755
2027 2220
2217 641
165 2065
1159 2127
898 335
1308 359
1369 2370
1095 143
1810 1843
698 1286
1562 1150
2152 1510
69 1237
365 2229
1228 2026
1269 1354
1086 2038
2364 1953
1059 1062
2385 2425
714 775
1118 1492
1879 1111
2270 1885
228 1253
239 400
95 948
1409 215
964 1231
1263 1645
623 2100
1357 1981
697 1740
1436 2310
1615 2256
506 1064
170 1395
1855 1570
942 1090
1644 1211
546 1096
2358 1538
2307 1569
438 1772
2053 1009
397 2103
2278 1808
150 1214
250 1718
1330 1992
2243 202
2164 2457
1783 906
1499 1465
1342 2176
1294 34
1581 786
1982 1687
2248 1780
1894 1131
2029 2049
2004 1355
2484 1098
2198 873
867 1108
2261 176
775 1296
57 759
504 1399
1451 2351
58 265
2047 1589
1973 316
1162 579
183 2152
764 1667
1503 1977
113 1965
2371 853
2002 707
1241 1996
296 357
2288 289
1431 42
1636 1556
2301 1226
451 1542
1851 21
2488 423
2453 646
2025 1597
76 310
1984 1201
2414 1378
1169 585
1789 557
1121 274
612 1387
472 293
90 1138
2187 290
2041 834
317 86
2465 2015
1623 1158
1951 464
246 1608
1366 1085
1458 1495
940 2295
570 1069
1406 1572
13 1300
505 875
342 1848
359 2432
138 762
1709 2086
2048 1078
639 1763
2480 154
1596 1797
687 358
1375 2467
2381 1937
218 1417
1966 363
1760 300
31 891
2444 1218
944 1195
1252 1907
1461 708
71 1236
666 1614
1271 2499
973 2126
548 141
1137 631
753 603
134 1539
415 862
1673 1575
2390 1598
1089 1730
1080 2178
1679 807
1782 1970
1665 1680
2173 187
1432 99
2266 1254
1202 1255
905 72
535 254
1391 1490
2440 1822
2059 1599
624 1042
2188 1901
1965 2081
1029 1095
1800 1792
967 1940
198 2378
722 1270
1032 450
958 937
1928 545
314 1626
1560 1544
432 2200
1343 1362
916 528
1031 1008
1949 136
729 90
1153 2308
1744 1167
1969 6
162 1012
1207 753
1607 2145
375 2428
1148 381
982 493
575 2375
136 2263
2379 1824
2186 1164
1447 54
553 609
1666 135
1077 963
1223 894
2150 198
1450 1596
6 2188
1884 518
715 536
2470 229
1361 278
2383 1460
1196 530
368 452
1110 1875
1710 1758
1190 1110
962 2419
1627 524
1529 1523
2181 1123
564 1581
1274 1866
1044 2460
1866 1891
1925 2045
2 1357
1253 1524
192 771
817 2276
1125 2398
1453 1672
223 1565
2163 83
2244 911
552 777
1912 1657
357 2367
81 2444
929 2485
326 560
2022 1485
1953 2477
1522 1973
663 1006
2224 2012
489 1520
88 1585
2234 132
1650 2197
389 1786
2498 8
2012 1951
1007 1816
1009 971
801 174
870 1313
144 1045
1365 386
632 830
1160 418
938 1216
362 115
1098 122
646 789
433 2368
1530 601
398 432
1658 1771
1314 103
1124 340
533 189
1236 820
212 2319
2391 1384
1946 876
128 640
1257 782
1970 1074
263 1656
1737 1910
1808 261
606 2343
603 1430
1848 1697
364 930
1647 59
360 1819
787 1290
1536 943
685 988
221 311
1264 1790
1768 2270
1893 1625
1033 1827
933 147
572 93
56 784
399 1863
1624 2307
1335 1696
1961 800
601 1413
2091 905
2146 197
1182 327
1579 2003
1899 737
1788 2361
1586 425
1605 1993
345 848
704 128
2064 2330
593 200
130 1295
2367 1116
27 2149
1883 1043
271 1726
149 428
2459 1178
688 2141
2135 14
2085 2476
1105 1869
2238 1622
969 332
2314 2434
851 1864
725 1330
1186 1803
2362 1893
999 1630
1034 96
1456 82
2073 2217
709 1105
1932 186
1293 699
2158 2495
879 1039
1043 1582
370 588
312 1642
75 938
605 1904
1858 573
707 1037
1793 258
1092 983
1245 2180
181 46
54 613
2329 239
1968 770
1980 1288
2058 1227
321 397
732 172
1280 1634
955 401
344 2064
2035 607
1181 1892
1139 733
970 2382
890 2242
1752 2452
741 2048
2116 2403
2304 1984
2271 2292
1211 1689
1188 1889
1397 285
1821 302
1327 2223
1682 1736
35 1881
210 1535
1527 534
2417 2490
2441 529
12 1945
402 1729
264 776
1428 297
1902 808
1050 137
147 1437
1287 1202
1746 185
252 2386
2308 849
2302 150
425 180
1370 1385
816 748
2194 1341
63 2271
782 22
824 554
2240 1262
558 1442
2413 1272
2331 49
105 2436
2303 1453
859 1654
712 1989
710 2063
738 2363
195 1034
1693 277
1218 649
843 2384
256 647
1013 1584
1979 1474
225 284
2121 1414
1336 369
1015 620
2272 923
1250 2051
2482 839
2479 2487
1823 267
616 2354
211 2347
952 1246
672 2061
1816 828
772 1749
40 783
1820 324
1835 1416
1844 653
481 233
1460 742
2369 1676
2038 986
726 1789
1082 1223
1576 2247
1492 533
483 1343
2280 1058
802 67
1556 235
1501 1434
743 596
387 465
951 1604
2229 41
2006 429
1084 966
2075 106
796 1752
633 2218
2014 424
1282 1248
16 1375
168 1071
530 1466
674 995
2101 268
2455 1612
1258 108
2476 2085
977 104
4 2114
299 2228
52 695
2406 2195
2269 592
2185 375
683 978
1859 2233
1942 1402
1555 364
1840 1644
1030 1289
975 1326
1189 408
1726 1155
159 1573
2179 1882
2347 1367
1328 2493
2071 1456
278 1959
1730 1504
1602 1013
358 273
226 773
135 1365
1355 2456
371 561
1331 382
2176 722
1947 1249
1850 1679
2472 897
595 622
836 339
1179 692
1521 1242
1812 195
1128 2418
1909 2318
2426 1419
1539 216
116 2414
186 392
2076 664
401 612
2137 480
511 715
236 1494
1143 1916
689 1411
1192 1144
1533 1381
927 778
353 2174
1415 667
979 2055
2212 683
411 2212
309 2286
747 474
1694 1501
668 1659
1538 2079
814 1446
458 732
2446 1088
1836 1516
1722 69
516 1640
111 270
1219 1112
1856 1145
677 1053
1154 1987
1484 852
1511 802
1380 928
1157 107
523 1380
1638 915
1911 1451
2062 506
792 572
1093 816
22 1204
320 1024
1018 1428
381 500
946 1955
1585 1814
1073 1514
330 1182
758 2309
1344 909
1483 1132
2140 221
1056 2492
893 575
1986 642
2419 1025
657 1264
694 1956
1717 749
1569 2422
500 1389
8 1884
2013 491
1473 162
1885 2175
2466 1371
719 1966
245 380
2357 1574
728 2416
2276 2472
302 1464
1854 1334
1229 2131
2127 249
994 414
2420 1433
1279 457
780 1702
2447 1948
1156 562
97 903
1040 1489
155 1974
287 576
1683 752
1149 351
2433 2013
909 1994
178 787
791 1858
2117 2105
190 1107
1038 818
444 170
1151 1312
1023 758
2251 317
1881 1350
912 226
642 1754
407 213
1613 80
151 2213
1542 2069
115 999
1398 44
2360 307
2370 1491
1144 1403
2052 2121
1913 2380
1554 1135
2209 1285
41 1318
594 925
2380 1493
600 207
374 2277
1713 1484
902 630
803 1509
2044 1554
2334 569
578 118
841 499
795 768
2407 1247
915 2431
682 792
1814 40
51 675
1220 1104
2445 2133
2310 602
1552 1820
1262 2333
145 2478
1931 1321
1587 1920
810 232
1592 644
1164 677
1678 160
1247 1400
232 81
2157 420
240 1629
1657 488
1561 440
2147 957
467 1125
1485 1061
799 600
1319 1267
1558 1638
1037 2098
1399 1663
1614 1566
291 1315
96 30
510 1683
328 35
352 2129
591 920
1430 389
2208 654
1289 996
1320 60
1055 2181
1317 252
925 934
2247 243
2397 2480
613 333
800 1212
1195 1184
711 1473
1478 1130
862 2226
556 538
1701 1377
1759 2101
1751 2357
889 9
1433 1757
554 1652
409 396
1634 547
412 1918
1426 2409
1882 1980
1140 461
2189 354
1620 1233
237 2154
627 481
329 1121
1386 328
1915 320
1350 1338
986 1900
1994 1382
34 193
338 1137
1589 1846
98 767
93 2190
2017 2450
277 1349
1992 992
332 321
1645 1666
2409 2281
1642 199
1509 18
2396 2166
414 2035
420 1532
2094 661
1243 1124
987 1305
1464 2344
2401 1562
497 1457
667 1988
2054 242
502 406
860 2254
1662 158
450 88
2066 2323
1401 2007
673 826
1651 1243
503 296
1741 1707
948 2445
1756 1046
1551 1415
1903 2429
2448 1256
734 2282
628 403
2167 1196
213 477
2499 45
1954 871
541 970
28 673
2281 1602
131 1938
809 890
739 1896
2175 360
2005 1179
1691 1950
1824 1567
1733 393
1270 1033
1413 345
857 2332
273 1732
1639 2442
1566 1871
1736 1979
630 337
1384 713
1958 1835
2343 2193
1588 604
571 1735
589 231
2254 1563
1423 374
2057 234
1629 426
1313 336
1600 266
2184 761
1267 2034
1305 2071
1806 1471
1286 442
289 2339
1358 559
2039 2082
2468 2421
650 850
1723 2293
985 1669
47 191
653 2253
2412 669
1550 1695
1379 1724
2300 1867
1434 225
391 1035
2070 738
846 1591
354 1558
2204 1054
561 1809
991 711
1457 1587
2435 2187
1136 2327
1895 2313
449 2041
60 2123
669 1632
842 51
1818 2116
1937 1550
2382 2044
2183 1511
1705 952
1047 1238
121 2237
227 1880
477 1210
1112 1837
2155 148
2132 717
1488 95
1692 1316
2337 2255
1774 1149
740 980
1707 580
1950 1739
188 2461
2423 407
1862 1922
1382 1600
590 2093
1663 63
310 497
1861 1700
1865 2150
1222 110
1462 994
1210 1301
2115 2408
1595 959
1689 2260
515 2415
1609 594
470 608
2330 817
1141 2346
266 2494
334 1954
1036 2345
33 264
2074 1601
1338 2182
625 1734
1001 712
868 1619
1329 1487
327 323
1758 1176
1792 829
468 173
1827 662
776 2078
2100 2381
1138 1829
436 1468
1345 696
978 1836
2068 123
785 1637
1889 1677
2431 851
1610 886
1967 240
692 2058
2019 390
2264 203
1400 1611
1421 867
2318 2040
1276 690
873 441
2489 2273
2126 1946
1815 516
447 2148
1240 1498
1981 77
1706 780
755 1091
2253 2350
77 2087
581 2264
2016 1886
53 2470
2428 788
1920 595
1972 2497
1520 1274
248 1070
2239 709
2309 1812
1111 2027
812 769
3 314
129 204
656 2315
2139 1548
1075 1767
1347 356
46 687
366 259
74 1306
745 494
2320 248
2430 1841
1630 797
343 1674
684 1197
1010 2074
1445 255
1785 1462
1349 398
1123 1643
2469 652
1674 1681
1217 1476
904 900
464 1775
1284 1119
871 1187
806 84
1337 1319
2349 624
1292 1701
827 2402
1065 379
528 2186
1661 1003
2290 1552
1830 1177
2273 2251
18 1522
2122 2294
1063 833
1619 2157
2203 1106
133 446
1396 698
2108 139
392 586
39 1624
1416 1266
462 1268
1323 430
1687 755
1170 1765
1410 1576
2257 1016
1231 1617
727 1917
44 1302
2105 2466
423 2385
2415 1060
2312 62
1570 1251
1767 990
534 1322
2033 377
1174 1068
1771 1364
106 1304
837 2257
476 931
1681 1872
1900 546
1486 1275
83 1017
1720 2243
2289 1294
2388 908
1315 639
1750 183
790 1781
691 1931
643 371
1777 1287
1822 623
204 1579
644 343
1676 2209
875 411
1781 1883
1914 443
1921 1219
140 645
1408 1018
2400 2266
1935 1436
2083 2173
283 514
1324 2468
1718 184
1604 1147
2241 57
456 1826
1407 610
647 1050
1831 1192
2384 2305
112 651
752 58
2403 868
1014 2009
1427 469
1129 1448
1594 1791
2450 1036
562 975
48 2401
2051 854
2225 1002
1825 2399
421 718
2120 1831
1392 1463
376 2423
1035 571
455 1899
825 346
1449 2104
2098 301
1886 1773
1494 2185
2028 1481
568 1870
431 1215
573 846
924 1902
260 676
701 685
441 1815
880 2168
834 879
2326 1847
1532 637
968 1983
545 521
1695 1021
2221 1005
939 119
2454 220
214 1774
652 1455
1904 638
876 2491
1721 1093
1976 1094
696 2112
1011 727
268 439
557 391
517 1678
998 1483
1039 593
1226 964
153 946
1381 790
102 262
114 1265
274 1186
1297 2474
180 282
235 1779
766 1047
854 1359
2125 1191
478 2303
936 724
2368 515
2110 68
844 1639
1072 2407
377 352
866 954
1670 1874
509 656
1843 693
2260 2171
1353 251
1405 473
132 2142
788 1234
604 498
1364 16
1664 1444
2097 366
2215 720
231 926
1096 421
1373 898
2399 1939
488 2201
179 2075
1444 70
2084 2289
463 2475
363 1075
1635 2246
793 287
1021 2014
453 2433
2373 1531
307 855
2049 1120
736 1156
1419 1748
66 210
887 2042
1873 1658
1766 269
1371 2137
1535 1766
1945 1115
560 1690
2178 1339
1864 540
1113 1764
1099 2184
1888 134
1133 821
555 734
1469 1635
690 527
1472 130
708 835
2298 2109
1221 539
2405 2430
2182 1372
980 1842
229 1592
1497 1810
158 1536
1742 388
2487 811
1515 467
798 725
914 1818
2151 1633
807 2349
1454 1276
73 2050
1941 1800
443 31
124 2037
654 671
89 2459
1227 1049
410 1963
610 1888
2008 1761
1200 2153
519 628
417 864
1490 20
1846 918
2258 1206
2040 1517
308 2062
2009 2025
1199 2314
1796 956
163 2291
1041 872
1754 479
2129 537
1351 1353
1611 1606
1933 2341
550 2202
1325 224
2342 1397
1306 878
1729 844
139 1943
1728 940
1719 1534
2031 1148
1389 1513
311 279
275 1310
182 535
597 1688
760 1235
1051 979
1002 2167
1943 2424
1076 532
1863 28
2166 2325
2462 1692
514 721
908 1877
306 973
1564 1928
2282 857
888 1207
974 1703
2141 1221
146 1668
1000 1933
282 1747
1052 2216
1779 413
1194 663
123 2464
1703 78
2001 804
490 175
1922 1015
466 998
1083 2024
1016 1577
1316 87
1393 1269
1332 1220
185 2016
611 1141
62 883
1394 1245
947 1260
1122 1711
907 2469
1998 1067
2481 2359
303 2383
1643 1250
937 2039
1769 2249
894 735
832 935
2191 1401
337 650
2242 991
2030 2348
852 2053
651 2160
339 1982
1120 1580
1303 750
769 2128
1109 1568
2387 1927
1290 567
324 1595
1326 1621
2376 2379
1675 1225
2339 2221
2015 23
789 2288
1887 962
759 843
446 1396
2218 1855
161 2177
702 1915
1165 1936
1995 214
2332 1159
2284 1478
454 522
543 606
1057 670
559 1868
828 1660
2082 2231
1860 2440
584 2077
676 2465
1826 2138
1362 2376
1571 492
418 2135
440 904
923 1143
781 965
617 987
731 1497
2214 972
1757 841
1422 1429
1927 659
2378 895
1130 2122
1838 1128
1617 1693
599 1806
1869 726
2228 2284
1738 827
