2500 8500
105 1626
1931 1303
2116 1852
1199 797
250 654
901 293
426 137
44 1424
2348 689
1947 1680
777 1666
1837 2034
413 733
1482 472
453 1980
1598 666
908 717
1333 1148
2065 2448
997 1844
580 2447
963 1117
2404 920
348 1346
1354 1551
1344 1207
1697 705
88 1343
1499 2019
657 537
1699 0
1892 2438
2024 2419
587 681
497 762
80 737
954 2149
1501 1909
1242 1943
640 837
1922 499
1117 287
83 1592
2426 31
1798 426
2027 2097
1652 2480
1176 513
2335 1481
531 127
225 2475
2155 1318
2147 521
2466 1425
1345 422
1041 1867
2088 745
1249 338
2397 313
1064 1665
1224 2495
1215 384
438 2123
210 327
1495 389
1548 806
469 177
1546 1662
606 439
109 1155
108 1600
1336 1074
1784 1169
671 728
1953 1392
2224 574
716 347
314 1211
700 2222
1281 600
1438 1306
637 263
1676 2334
625 1613
1444 1899
2239 956
14 985
748 926
1692 17
1783 930
1098 2394
132 2254
987 2443
2201 39
2288 524
1795 1279
2293 632
731 1031
1815 413
2410 1631
703 189
788 617
1679 951
613 2349
466 279
1613 1821
2353 561
1920 1020
1809 206
2043 1296
2314 1591
1298 1109
2002 1887
224 33
1574 2061
164 1618
627 2046
2028 343
780 2344
2256 2100
847 469
1115 576
149 1416
1897 870
1475 229
1826 2330
1726 450
414 1221
1803 678
165 1290
949 2437
1510 1414
866 748
498 1417
974 1062
945 955
2333 715
1455 1001
598 1736
72 1664
1602 1495
1432 796
895 208
770 381
591 101
1914 454
1891 1596
2115 1737
514 2199
2451 2269
1399 1228
472 135
1315 1084
951 1527
1270 701
57 1684
1766 1115
828 833
2228 2433
1113 1008
2345 1574
846 2280
1547 1018
1498 625
721 939
101 1506
2052 1683
1970 712
1463 636
217 1877
1388 1774
417 1249
1799 2071
1906 979
254 889
1977 1738
1364 1206
2121 2178
1647 1063
741 1354
139 1645
125 2481
301 908
2323 333
47 2401
1343 1833
236 828
1743 669
2435 2272
2070 2270
2401 345
1694 161
2105 533
2062 2452
1883 1072
1021 1534
1119 1353
253 1145
1721 2399
163 821
1788 132
437 449
2095 1849
998 784
2098 128
1031 261
1173 1373
552 707
1979 1893
158 1168
941 2327
2425 2127
2195 1966
1980 764
1130 1327
883 2040
1036 359
1535 367
440 492
104 2183
1309 1535
1780 736
1621 1447
1280 1817
157 2424
1983 2125
1678 40
1326 752
1472 531
2385 2473
1740 786
1406 1379
2054 1497
897 610
69 996
2156 843
450 886
1156 746
891 680
1163 370
597 2236
2076 2185
307 236
1227 284
1213 2212
982 1480
296 1703
362 66
2172 1293
1000 656
1295 633
955 2489
2166 687
2118 1657
141 363
1902 336
1937 2110
653 207
380 506
2324 211
1578 2146
798 2142
993 667
1011 441
205 62
1024 1430
510 2413
1151 204
695 2066
1302 2405
967 2202
302 729
46 1019
720 980
1967 32
771 629
180 959
1558 1135
1340 1219
1099 1611
1200 2059
2190 2147
1973 1915
1223 1760
775 2492
1987 183
129 1394
1245 1200
913 758
1318 2276
2266 1975
389 94
477 785
1138 97
2030 900
447 829
2014 711
349 984
2355 1309
433 1389
1804 662
32 2087
708 337
26 1830
2311 1235
1433 593
443 1612
1188 1955
1575 2353
1453 1283
2422 2333
758 269
1669 252
2177 924
2246 2002
2468 257
2376 558
1754 2377
367 1708
347 1210
516 55
193 1925
202 970
1190 1439
384 1518
754 1351
2305 1067
1664 579
2040 1261
1207 159
312 674
31 1055
1415 1834
2289 793
378 534
252 751
1301 166
2168 2179
2193 136
2486 484
1855 1526
1908 1716
1644 918
292 2023
2261 1563
1998 307
2214 1465
22 2292
196 1349
2048 2378
1689 102
1807 411
1256 312
331 586
1690 394
1373 1509
2153 2069
860 1619
790 1755
2259 1587
896 1907
1279 2245
1135 1504
1219 1241
1238 1039
624 1431
2238 433
1033 467
899 653
2204 96
898 857
2137 2021
1400 2304
1272 436
1360 1014
1821 1998
2380 1988
1675 420
37 388
130 887
159 2465
1850 1668
133 1566
1760 1811
70 2157
848 659
727 1858
8 169
428 1704
1355 100
1562 344
11 975
508 323
1654 479
2087 1412
328 111
2398 352
960 299
699 1674
1110 1489
1300 885
1094 1331
1474 825
533 332
480 553
1267 964
1539 1633
78 1492
1876 1079
188 2407
2497 1894
1393 1880
729 2420
74 515
156 811
757 2418
2241 2391
875 1700
2220 1771
1954 2494
2285 1862
1593 808
752 1505
1848 478
178 466
1715 391
420 172
491 46
2431 1295
482 300
1347 471
322 685
2102 1174
1846 1321
1901 2128
2103 2082
1189 81
509 1183
67 2235
810 301
263 1259
478 1533
371 1598
2316 822
858 564
2338 1288
527 526
1481 505
621 688
1486 27
1625 1422
1668 1726
1649 2364
529 1066
144 1137
610 415
2252 1681
2428 830
1154 1757
1882 1130
2279 435
421 483
2192 155
291 1275
43 1780
1727 2084
1014 2300
279 1656
1262 2191
972 68
2196 2380
1018 498
2429 1632
185 1564
2267 779
590 2252
2441 1488
1797 2340
2124 1921
1375 2323
515 1136
641 1847
1442 2195
2446 1053
2271 1287
86 1798
1043 1744
1591 2055
2406 931
1611 2068
342 1255
315 2164
2205 1448
1884 194
817 2038
666 2004
644 2186
1506 432
576 2428
930 1445
923 1848
2470 544
646 2165
215 1882
134 1069
1319 879
502 760
1448 621
753 2255
1758 1427
2237 2386
1608 1043
493 1007
1289 1972
2243 623
1378 1799
1515 349
975 440
2056 90
49 727
612 238
919 2184
2072 2014
786 2499
1894 2106
2384 2357
524 1326
2358 1672
1940 2081
2063 151
1781 1983
1437 1990
2247 1773
662 2231
1756 606
1640 932
800 851
952 838
2292 2173
1609 928
1913 178
1642 826
871 480
1653 1884
2499 691
2064 703
1348 1458
869 1857
1291 1126
537 61
946 5
1171 1706
2480 1395
387 2404
119 545
1126 726
2427 1027
379 743
1217 1945
300 718
814 643
534 1604
1881 278
1410 264
2149 1163
404 957
990 23
2383 390
77 622
1134 1401
1044 2312
1687 2062
2402 1086
1852 1068
679 1919
174 1080
723 444
138 2291
1231 732
1520 474
2142 2464
586 2241
2392 1435
368 2201
2055 1217
1830 1096
1900 1739
1889 529
1624 1961
1496 1248
526 769
1097 1320
1101 876
607 2172
1633 2041
1917 350
683 1405
861 2496
1962 1123
1733 461
2011 1935
1773 463
774 522
1932 1795
317 1345
2294 2321
2099 49
1943 1986
1233 1578
1443 572
2074 2126
929 35
2221 2478
197 677
1885 70
1258 294
2203 1501
2208 761
2130 766
220 2374
1221 706
920 233
2479 1573
512 2440
1080 2260
1841 771
1538 2204
2436 1793
1457 1464
1925 2454
1484 2103
1862 2243
2231 1976
739 542
467 901
218 2203
1552 888
2381 73
2318 1366
1369 1356
2140 1951
1288 640
983 146
2351 986
730 2322
1305 80
1948 248
122 1496
2306 1588
618 1707
1296 1734
1241 113
784 765
1543 200
680 2159
2296 2227
1767 1120
339 37
1397 2325
1376 2365
971 2329
801 1620
1255 482
2330 348
479 1910
264 1539
1866 1517
712 639
1540 1467
1730 1752
1049 2296
1068 646
416 2396
557 2174
2033 1900
1923 2470
544 1745
1835 2229
1811 2479
1070 815
1183 274
1681 1334
1427 2171
240 993
530 911
1181 679
68 2486
2360 1212
1459 1859
2164 546
2012 165
581 2459
2093 597
369 2215
1069 182
1056 1741
1565 1108
1638 1094
1741 2129
698 271
1240 1958
836 392
1526 2153
1720 2226
2006 1051
2452 504
550 2115
1287 1302
2110 1101
1563 174
1573 967
559 923
1268 311
1965 2151
1512 2345
489 2132
1278 1357
2073 487
2123 1530
24 2246
1493 1234
726 863
1386 543
825 2257
999 2341
747 724
451 58
1762 292
2291 1049
398 686
837 1682
1431 1473
1813 2393
1377 1276
584 1580
90 1304
2286 1111
638 105
1404 1479
507 79
1091 1339
833 475
1382 270
1089 2308
60 318
880 1485
2160 2370
868 2282
246 1816
964 383
979 2161
907 2238
2154 2359
2165 910
1198 353
1413 1466
298 142
2248 2025
305 2136
2173 803
1450 1749
2255 93
231 103
1263 1264
2051 2283
230 2088
2242 2326
1554 1714
2312 1134
594 1636
725 1455
171 1375
1663 366
1974 1701
1078 1099
605 1037
1411 1274
1129 2414
555 1482
1549 259
1658 1863
2458 317
1084 2369
1446 725
2463 860
938 2274
965 1365
562 1807
1205 1783
2423 246
1582 267
1351 637
697 922
714 1227
429 1358
1368 56
468 1868
293 460
1564 260
968 1808
92 1073
1054 1542
1703 1732
1191 2271
1723 1561
424 1410
175 2094
693 1930
2191 839
1136 978
2298 335
262 2264
2025 1815
1106 1446
1577 2016
1027 1390
2399 2085
96 2188
2158 2141
2304 44
1214 581
2331 1614
845 981
2134 2397
1294 1748
2349 1766
940 2313
2148 1478
1417 1571
1685 1143
1297 520
143 704
1451 2273
13 1142
538 1342
1771 1779
1628 1476
1968 517
1887 1415
1956 43
1008 1017
766 2303
1195 2306
2337 1033
1752 268
2322 1670
275 2472
286 2337
969 557
38 59
432 697
1125 1444
1635 1240
1312 1360
1226 3
1003 2102
1248 1904
1143 1713
2332 849
267 198
1534 1285
470 212
1810 835
166 156
892 2107
259 1453
568 958
1732 995
991 626
1162 895
179 1615
844 974
821 990
1059 320
820 2262
1700 1195
517 1813
961 1024
1513 1477
226 1170
1636 2169
1579 2277
978 1599
1290 2311
412 982
1896 2469
1102 1171
1790 235
1324 1266
2194 708
2117 952
325 1514
436 2013
1087 2460
1483 953
571 234
277 2118
1419 1316
536 1237
1202 1340
313 683
1912 1777
656 402
855 1350
1148 1507
740 1819
1452 1059
405 850
1555 935
1682 1873
487 1883
422 38
1265 1469
1111 29
1634 175
842 2011
1904 1547
1114 944
1037 120
728 577
684 2350
734 2442
1978 1800
1915 2389
409 2035
2129 47
1035 2096
2454 647
1026 992
285 1503
1545 1244
261 787
2082 409
1874 925
1505 1532
2496 1028
689 445
2125 794
1702 341
2047 1823
959 1839
2287 167
2107 1603
732 1822
1581 2075
1750 2275
1744 377
1277 991
1631 559
2114 1070
549 664
1076 2233
843 1851
1088 470
1971 288
1747 1213
1192 2362
1139 832
685 355
763 1432
2412 199
326 437
678 548
1170 473
1820 1820
23 1172
566 1312
334 187
851 971
2377 1157
760 2456
99 2360
2037 989
2175 1050
879 1973
1731 1078
338 1767
2135 1463
1801 191
1939 326
425 2406
1789 1000
343 2030
556 2476
320 477
1990 2366
299 1133
1165 1160
1995 1594
1479 1721
152 2372
1620 108
135 2491
2357 149
2347 239
1570 2022
1306 1398
1600 1560
169 1608
2300 1281
1327 1382
1274 2457
1610 258
1748 2211
445 747
705 281
297 1041
822 1154
1794 385
1383 919
71 2078
2136 2484
255 795
1352 1118
1062 1923
1065 1781
1096 1898
1672 532
1387 1487
2005 1878
567 1661
364 1660
885 203
1763 221
718 395
694 2432
2162 1196
1461 171
1 24
745 2145
1836 1175
1121 1363
462 2383
192 1203
41 541
2414 2074
448 618
751 2384
2280 1742
1010 1047
411 2050
609 291
1651 255
2139 1500
2001 1205
632 305
655 2265
1264 1905
793 14
336 2033
1211 1642
1053 1391
1273 2166
792 871
1514 84
2066 627
1234 588
2471 914
2180 841
2440 1957
1903 1364
393 406
40 1638
207 921
1761 1709
1394 2398
676 575
1693 1959
1071 735
199 244
1588 2449
1385 2411
271 324
54 698
1660 4
1985 414
2493 1926
1992 210
1997 759
2420 1689
25 1888
2303 378
1398 2150
2379 2363
910 1230
1187 2020
1350 1110
2144 658
808 2488
915 1673
223 1397
554 909
1286 961
1832 1629
1401 427
816 1177
107 2015
794 1609
311 2007
1057 1013
518 1871
1086 1691
1105 2048
608 1209
1441 154
124 2320
1869 2111
419 672
710 1409
2185 1260
1738 1622
1742 1550
2250 1639
2364 452
2042 865
2146 123
361 2208
460 1044
1918 2338
1818 1164
1994 1139
1317 1647
2145 1541
1395 710
221 1727
270 2042
431 1502
1704 1650
2264 665
243 1280
2086 612
1206 1194
145 306
1434 1718
1346 1924
1253 1075
830 1220
1073 1697
504 1374
457 76
2477 2218
783 2124
599 1208
1230 1730
2448 2247
55 1876
1603 86
918 408
903 907
340 1960
1890 1216
1746 1064
1606 2000
341 7
1342 682
444 2190
206 1843
2206 50
383 965
1737 1052
932 1077
18 1989
1847 2010
1403 1236
2119 1929
1833 1333
2212 963
521 915
2363 1470
681 2098
2334 2348
201 1648
266 2073
2438 356
358 615
1996 197
50 1854
2309 2049
717 518
890 2422
495 842
2277 608
865 2240
933 124
1521 310
2457 913
3 1667
818 977
686 1468
1075 321
1580 2108
893 1789
162 2144
1022 772
346 150
198 290
2378 276
1670 1449
2490 1782
2308 1147
219 346
2265 2086
2419 853
1976 655
2474 847
2083 1555
1020 2121
1601 1065
170 1974
1559 852
839 2408
1551 1981
370 2368
330 1087
2050 1753
2178 1946
761 1814
764 340
1006 1456
112 560
673 1991
1845 1710
1157 2194
1082 890
1735 1841
1867 568
1284 1402
620 364
956 272
4 315
269 742
2167 1408
186 2482
1966 53
82 1272
696 296
100 2425
403 219
573 650
216 507
1421 1522
749 1095
21 1940
1860 1308
1711 2446
1657 1908
2365 376
1861 2445
1392 1011
1590 692
2407 1201
645 380
1504 2302
643 379
1959 410
396 1042
2254 52
1370 1690
118 547
1612 1284
1122 1091
2184 65
2097 1093
1888 2451
1688 303
2488 455
1529 1565
973 116
809 192
324 462
1025 1023
189 933
7 2342
1957 580
126 331
249 2410
2375 1270
1849 739
388 934
1476 585
1323 1257
1928 1376
1320 185
2326 1654
602 1553
6 1996
1719 2027
1465 1590
2127 2180
151 1616
128 649
1910 721
1208 1572
2411 1161
1329 642
1734 2072
2283 209
1712 145
2459 289
1569 1676
2341 1610
611 904
658 2455
42 716
852 2119
616 2228
1361 162
889 896
1541 1733
1257 1233
114 202
1229 231
1128 869
2424 407
10 168
677 1088
1661 2390
570 2427
707 1418
1778 1537
1365 2285
542 2251
1843 635
1371 2219
485 512
1005 1462
805 1252
1408 2403
1184 1092
2350 421
1614 285
943 496
9 2039
636 1695
635 1720
16 152
690 329
520 884
2188 1338
2393 373
1254 2070
551 2373
459 1769
34 1454
1271 668
759 1711
1090 2371
1093 2043
939 1071
1471 2213
1648 387
2388 1987
603 777
1886 2248
2319 339
19 1384
1164 695
850 878
2373 2206
204 158
418 2163
948 628
1868 2375
513 819
2067 1045
1641 245
1228 550
61 1540
2370 2177
1334 983
1422 309
1381 1954
62 1036
733 2135
260 1567
630 2156
1132 1536
329 1006
2222 83
756 1801
553 403
1175 1778
672 225
1236 2162
2151 1313
2085 283
79 968
935 262
2275 638
2077 63
1307 429
2442 2031
1040 224
2202 431
2120 2182
237 599
996 1319
2445 1305
2084 308
742 1947
2456 1128
540 361
282 763
840 2436
1566 443
492 1796
862 2352
1757 490
203 866
1617 2471
1131 969
1645 844
278 1963
912 1605
2344 1576
1751 1419
430 1475
1177 1659
439 874
1875 1523
400 882
1615 404
1235 1191
604 1772
2356 141
352 2037
1042 2207
1316 1669
1898 1058
153 594
1895 2441
427 1967
1353 1188
2263 2134
1522 10
484 1332
569 651
2354 196
2273 2122
1100 613
345 824
2253 2133
561 1298
2179 2331
434 1089
280 2225
593 1529
1150 1032
2174 941
1009 2385
2460 115
1981 905
1335 1911
1524 1370
2132 590
1067 1399
2213 1226
455 603
1759 1722
93 2109
1467 816
2371 1184
1445 2130
735 2077
1058 2232
928 2170
1460 51
1356 1589
1239 1258
2346 190
376 1428
1061 1997
2101 1103
2476 1486
1145 539
762 1581
449 249
1001 1864
1462 54
667 1438
1155 1165
953 1385
2409 1243
273 894
1930 950
56 222
545 282
1622 624
115 91
1863 21
505 1846
2031 2347
921 2117
1197 2080
45 1719
1055 1361
1141 1688
2327 148
2432 684
1725 1831
650 1452
1921 798
2015 468
826 1461
2450 1890
1777 523
110 1538
1856 1617
116 2210
2270 503
410 1307
241 1520
53 2316
2274 903
1416 448
2299 1512
878 1277
1708 2409
391 1969
1718 2205
854 2168
1722 823
1707 6
1616 1729
823 1245
1109 251
1607 1193
94 509
227 2421
1508 1879
35 399
244 1238
1523 2279
592 1809
392 1582
1412 2307
2416 2309
1081 2223
1774 1273
2100 2220
799 1623
2207 1928
2251 2167
214 1322
319 2387
1275 619
767 230
546 1651
160 778
812 1885
1686 2395
245 1268
1390 1198
575 1827
2491 1434
397 948
914 1451
2328 604
2020 2112
665 401
2366 549
29 298
327 1317
864 365
184 510
52 95
2200 2113
1829 396
2276 1602
563 1791
1951 563
595 817
1147 1950
1842 1634
859 514
1103 1380
1116 583
1858 393
2013 1
813 1649
1332 827
120 1214
1542 2036
1782 1104
1366 1218
65 1186
1454 1297
2244 2009
1525 788
664 960
1015 2209
1304 2439
1671 1524
1425 1167
2229 1098
1050 1927
1755 1643
1149 398
1999 1886
2138 1140
2218 749
944 1278
486 949
663 1944
838 1229
977 2067
2396 1585
989 119
744 999
1285 1597
615 1472
1988 738
819 2435
1765 868
877 2217
1630 573
1330 1182
228 714
1677 1289
1776 2429
415 855
904 530
344 731
1201 799
233 1483
711 781
1604 565
2197 1939
1666 1970
490 1516
633 1202
2483 800
1247 570
937 1132
589 671
1480 247
2367 1949
981 1460
642 138
807 1764
381 117
194 36
565 1875
916 675
168 1426
372 358
1357 1806
1871 2287
2245 42
2235 614
750 1267
2390 1187
2469 1968
2039 1810
395 442
281 1215
1984 325
1293 657
155 2187
2112 2060
2362 121
994 943
2494 2328
2170 2054
1772 902
2187 1344
1629 1717
365 962
1851 1586
172 1406
390 1329
631 601
2018 757
394 1437
366 2430
648 99
1322 988
1518 536
623 1794
2104 109
2453 502
629 131
1314 578
1137 1057
402 1644
1769 1508
1893 2079
1367 41
867 184
385 1521
1517 768
356 1775
142 458
1167 1671
1052 1105
1587 2230
1269 1335
1926 1549
1468 1179
1492 1920
2113 1450
654 592
769 11
628 1754
2418 2216
1013 1490
265 1995
59 1607
161 1223
1060 1824
2233 1750
2226 1474
2272 2381
1793 1575
2023 1107
36 1420
66 2065
2310 2301
1724 1494
724 1054
701 273
150 371
1632 1012
2336 2450
2143 223
136 1818
2059 1038
886 1035
1185 316
2171 319
958 57
121 942
1646 813
20 2200
2302 587
1557 1484
1012 2244
1532 295
89 1377
1430 98
882 416
321 1010
272 696
1572 302
1172 1768
304 342
1374 1747
1791 368
2079 946
1519 862
2004 1740
746 71
176 412
2472 630
1589 641
927 1231
1159 1040
926 1545
947 2045
2219 1150
2481 1579
2359 1513
113 2284
1655 493
547 2286
2430 1239
1429 18
222 1246
970 652
2433 1131
942 2047
1034 1637
1823 1224
1210 1311
1259 1324
722 465
1092 937
452 1784
1941 1758
702 16
363 1407
182 2461
1877 2143
1266 2091
357 2181
374 1850
211 893
2230 180
2325 476
2478 1544
1066 464
995 936
522 2139
1701 22
1567 584
1120 790
1384 1932
1473 741
1104 1786
1745 2018
1853 1906
1595 1429
661 60
2058 240
1717 516
183 1457
28 1515
986 566
1166 2140
1428 820
2150 2490
2290 2044
779 1185
458 1829
1605 2063
936 2083
1840 1699
2057 1953
1123 598
1958 1787
1627 2335
1225 1702
1182 730
1179 2101
588 1102
1824 1568
488 1870
373 1646
2434 861
2262 814
713 227
1420 112
1489 129
2075 2336
442 1628
1509 2095
2234 13
2307 2356
33 877
84 1897
1107 1569
496 322
1960 1491
1556 2290
2313 1937
1986 500
1768 2076
2443 755
2199 1301
2321 304
2111 330
776 2402
500 596
804 2400
30 872
2183 947
1695 1129
709 237
1934 1269
2016 218
2386 2261
1905 1763
1946 419
2320 130
399 1015
318 1918
1924 818
454 1106
660 644
76 1022
539 1046
0 2196
1585 528
140 551
905 34
2036 1251
778 457
1919 418
177 2221
2315 775
601 1835
2080 2175
306 591
1030 1510
276 456
1775 446
1749 369
284 1548
1124 2467
2408 2434
2010 232
1477 2005
2009 858
888 215
1449 2354
906 1570
1391 140
401 1836
1969 1423
146 1372
1705 1180
2297 425
2181 2193
2227 1802
2021 1663
1961 945
1665 997
1325 1083
1372 1314
98 153
876 2463
579 253
2278 144
1909 2278
283 661
1667 1687
2455 1005
446 2266
64 1323
2282 451
1072 2415
669 2155
1993 1869
1831 1383
2225 488
2339 854
2495 2058
872 2293
1308 508
238 556
1396 840
323 1113
1405 104
2061 1146
1792 673
2257 89
815 2093
494 789
535 1621
1949 1294
1945 1964
1728 2051
743 1994
1586 30
1991 602
1095 1845
1527 2474
2198 1271
1938 2361
1112 2154
1178 1247
622 859
1716 690
1379 663
1440 713
2106 1250
675 1797
1816 1197
257 170
190 883
704 2477
1880 1291
1146 2426
1659 243
2045 1984
980 28
2081 1640
691 1411
1038 2239
674 929
423 1263
1260 25
2462 1956
2369 676
1531 1138
27 1528
582 2468
2169 8
1243 453
1002 972
1424 845
2361 1577
1511 2256
988 1942
2465 386
1389 1931
614 2466
1643 917
1180 2497
985 2099
39 805
131 1436
2109 700
465 2485
234 1559
1456 555
316 1368
2395 891
310 400
2368 2029
692 1977
1127 1352
501 1751
1311 134
2485 1723
473 2242
2034 1828
1220 1652
737 1743
719 595
1160 265
1828 1152
1074 2392
1982 1189
2343 2032
1216 2001
1436 2176
335 1090
2133 1119
1729 527
1032 756
649 1728
806 1891
2340 2295
2163 118
1528 280
1251 605
1292 1715
917 791
525 1413
600 163
1246 188
682 491
1491 892
2487 1192
1409 2339
1359 2332
1133 773
1497 1034
984 1122
870 1765
2403 2267
2444 228
1362 2120
1337 831
572 1826
1023 2092
909 1557
1619 1982
1844 511
2038 417
1029 2288
1402 92
2091 1962
1039 702
2258 45
789 1442
1338 226
619 1299
2019 2116
2342 2024
564 1861
1785 1860
1952 1347
1108 2294
111 750
2071 434
2078 670
242 1082
962 2250
1004 792
1684 1181
1209 1724
232 1842
2007 125
355 1874
574 987
1418 954
117 1300
1500 1141
1502 143
577 424
1363 783
294 1085
2089 242
1696 1016
308 75
765 1725
1989 2114
1321 938
1194 2249
75 567
1218 1026
1283 2026
1597 1254
1639 486
1927 873
1944 1677
1800 607
2068 998
639 1979
2128 447
1618 927
1814 881
2157 67
1470 497
1599 1762
1879 753
894 126
1380 2305
1963 1156
1942 26
1046 1583
715 744
548 1441
1859 2012
829 1367
191 1149
2464 328
1140 2003
1203 1856
471 2462
992 2298
1827 1805
626 2138
1878 1792
659 1601
1252 1916
2035 634
87 525
1975 1061
1650 1421
1873 362
1596 2148
1503 916
1857 1190
1594 1232
287 1225
2049 1242
1485 699
2017 880
824 201
2352 1803
377 1896
85 1872
881 1965
1916 1127
1464 2453
2161 589
97 538
1303 375
2152 1901
2186 2299
251 1386
303 220
2489 562
2492 459
1710 1178
2484 256
884 2160
1808 88
1806 1443
5 1790
1544 266
797 1499
1423 1948
1691 64
506 1378
1507 1624
1626 856
229 2376
1414 802
1819 2053
1358 485
212 1021
782 540
922 1097
1196 1978
863 2259
1571 1003
1204 1403
841 1081
787 1002
106 966
456 12
2415 552
1955 181
309 1387
2159 1282
1222 1678
1753 1635
235 1993
2096 1009
48 122
2374 1770
887 2458
528 48
1168 694
668 1393
670 1337
2210 1625
543 1593
1568 1913
2447 157
1576 1459
1550 1362
541 2268
706 1837
200 1866
173 2197
1561 1675
2211 1696
1469 1855
1516 2028
2260 1341
2223 2281
2413 2318
354 160
827 85
1161 767
2400 110
1045 1912
2003 1336
290 1543
1870 277
2295 372
1786 2263
2284 1756
796 489
1158 1546
464 2234
1152 2008
2394 1705
874 2224
634 1917
2461 217
957 1903
2122 1693
1085 1315
803 719
2189 2487
811 809
1929 495
2498 2324
1174 1655
167 423
2131 1325
274 1938
2301 430
1232 78
51 1698
596 569
1349 241
560 1158
1706 740
258 77
1796 1359
966 2
2421 2131
2141 1199
2176 720
2417 1630
1822 709
2449 334
474 2214
2060 2498
1825 2314
1331 213
332 1759
476 782
902 1694
617 2064
2281 374
687 1173
2090 2253
1426 1584
289 898
2232 723
2053 1971
795 722
2029 1025
772 1558
1478 1256
2482 87
1673 1992
2032 582
736 1498
523 1176
1736 2493
2268 1653
2405 940
63 2189
2437 205
2000 186
1019 2423
1739 1166
1051 1595
208 864
652 179
181 976
1007 1761
406 836
873 1838
781 804
857 810
1017 2192
1488 2017
2240 1812
213 1388
934 1048
1787 2379
831 438
2094 2431
353 973
1237 1060
900 2417
1812 297
1698 1511
802 107
2182 1881
1447 1124
295 848
2046 1552
2391 15
1282 1641
209 2057
435 554
102 1125
1244 2351
1935 2105
1680 2289
2209 734
1838 354
931 1627
359 1519
1250 2319
1047 2346
17 1865
1779 2358
1212 360
911 2416
2387 1116
1537 1606
268 1922
583 1658
578 1933
127 1286
1817 1253
1310 754
2382 834
1466 2315
2269 616
187 770
12 611
2069 2382
1016 139
2108 1776
2008 254
1533 1934
768 1004
1764 1493
475 2137
2317 1902
2217 1112
1972 1895
856 1941
2041 897
2 1204
1299 19
1048 875
688 106
382 631
481 1840
773 275
1142 1914
1341 609
1713 1076
1144 1825
1169 2158
375 780
2389 1440
1656 1396
1683 1853
103 1686
461 351
1028 1153
2329 1144
519 69
1077 1162
511 1151
1276 2052
925 2152
1662 382
1560 912
483 1804
91 1832
738 2056
2473 1692
1536 1679
15 1788
147 405
1328 1400
1313 133
123 1100
360 72
2026 1292
1153 1562
1864 535
2092 2104
148 82
1933 2006
154 1554
1911 2198
2126 195
239 2355
1193 1999
1261 2297
785 1029
351 2089
755 906
350 648
1805 1889
1584 501
1530 2258
1079 1985
195 1936
2236 173
248 1355
853 1056
2215 357
288 1531
1592 2412
2044 1262
386 660
1834 846
1435 1471
1118 1348
1490 2444
532 867
1458 1114
1553 250
1583 9
791 1328
924 1785
1083 620
651 807
333 114
2022 2367
1674 1712
1964 2343
2467 1735
647 314
256 2310
1907 1525
1186 1159
1439 1121
832 193
1714 519
407 214
2216 286
2439 1556
2249 812
1839 801
1770 1731
558 2483
950 1433
137 693
976 774
1494 2388
585 1404
1950 1310
1623 147
73 1369
463 2237
834 176
503 1892
1709 1685
1802 994
849 397
1899 645
441 74
1872 1746
1854 1222
1487 571
2372 899
408 494
95 1952
1865 428
58 1330
1339 1381
499 1371
2475 2317
835 2090
1936 1030
337 216
81 20
1637 776
1063 481
1407 1265
247 164
