2000 7500
63 1206
437 595
216 1418
1747 1515
1937 279
222 1386
1807 416
1141 1489
445 1127
642 987
698 1516
1116 1346
1294 1699
224 1711
1267 1595
1238 253
1482 356
511 0
991 485
193 1585
1612 1427
1089 299
665 1683
1650 1116
435 782
1010 756
1097 1064
843 1349
1239 1417
1295 53
1061 144
145 1339
247 1466
377 1121
1730 1615
1750 1816
1551 844
1579 587
773 1225
494 1890
1654 824
1132 1986
792 1939
923 1145
1355 1228
448 164
1266 114
1099 1430
24 1061
260 228
728 842
208 739
245 284
575 1793
1327 1868
1848 1001
741 993
995 403
1745 141
77 1568
1175 1451
483 1996
1534 357
1016 740
1907 1529
217 934
1587 1215
273 522
1472 599
611 785
1749 762
1897 504
1844 1604
1446 239
97 353
654 1409
1212 40
1931 1411
1485 923
1651 967
583 896
798 509
1146 1781
1151 908
1589 448
1278 783
1892 1970
327 260
1583 1863
211 1096
1833 904
899 847
1865 171
231 1245
259 1562
1068 1537
1053 1044
1932 882
342 970
1968 486
672 1592
1411 180
1159 945
1187 1389
1124 451
1333 55
122 658
1028 246
1401 1821
929 922
915 1302
900 13
1205 943
1342 713
572 1771
1680 483
349 1399
14 187
1271 694
1149 123
440 963
1698 1600
873 1258
1759 206
1367 734
1885 1149
1356 1134
1478 1695
1635 1635
890 846
1974 157
1477 1563
1486 646
495 1977
1105 1473
312 1925
1198 1978
720 162
1732 330
661 726
414 552
1451 282
1254 1297
825 1255
725 437
1723 225
1648 686
603 1059
1547 410
1741 360
1669 235
706 795
1381 944
1586 1131
13 881
1126 535
1406 1476
959 675
15 1963
1550 439
436 1163
1679 1296
1018 1314
709 773
676 1776
95 1655
1837 243
565 861
1692 1727
147 644
1243 113
1092 1221
500 669
1041 753
1211 1638
1090 976
375 857
387 1811
1378 759
49 1589
88 656
1617 492
126 77
406 1129
980 1201
1851 1612
1919 1498
1921 1268
1340 105
131 1800
1317 379
80 380
100 935
886 938
1349 1124
733 1594
1615 449
1710 1719
1131 1938
1531 655
1108 1211
1112 674
1079 524
1196 244
697 107
707 1393
304 1497
113 719
1584 1218
1232 1991
701 837
317 1857
634 1906
209 1989
1471 1275
394 1216
777 1803
1279 1387
558 546
424 447
1582 1056
1552 1161
912 816
1713 249
1309 747
118 464
272 1122
584 378
1102 494
1560 1620
1987 302
1657 746
337 218
1488 1677
582 1586
1000 998
1044 169
981 1492
809 1397
0 1072
293 796
399 79
310 678
690 1753
857 102
1272 560
703 1475
743 819
1565 23
169 915
457 939
1030 58
1142 1897
633 502
1520 1135
119 1457
383 212
1546 236
1662 874
549 328
140 208
967 72
805 513
1458 1278
130 520
1078 1834
453 1169
1964 1469
1815 534
821 559
1886 928
1879 1797
1953 387
276 1355
1218 1042
491 875
1640 733
270 1949
542 770
1798 1458
525 517
1113 1363
1 83
1817 75
627 324
1567 1259
1420 1313
1857 200
420 61
1072 715
1499 696
1714 1023
110 213
985 1995
772 347
297 784
1861 119
116 195
797 388
1716 1807
515 593
1064 1194
729 545
249 1075
907 1744
751 84
523 238
998 1732
1581 1878
1672 1812
1036 1831
338 1375
1326 397
429 217
737 868
1543 479
768 1298
7 500
1008 152
516 1279
319 768
1873 727
1986 1631
1671 1672
771 10
3 317
1436 1195
1999 1125
748 1542
1390 1775
470 1252
518 1029
1020 170
69 29
686 1558
954 128
1492 110
875 1284
1573 1940
1437 339
1890 867
1334 843
1037 590
1139 1792
1630 942
1838 854
1501 544
1511 1889
1831 203
1059 1880
1154 87
1048 1967
1448 433
1729 900
1127 986
381 404
1539 1434
1368 907
1516 109
1179 1203
547 1083
1852 65
48 695
757 1066
649 287
1445 1140
1985 866
279 304
1561 921
1241 1591
530 1528
934 398
1076 1262
1245 830
779 1270
1789 1392
509 1788
191 1761
1603 391
816 1373
478 1806
619 1237
9 1303
385 506
1823 512
502 125
513 1299
1521 1481
357 1997
104 1824
1056 1518
931 721
1404 1538
278 1136
127 90
874 1153
129 1197
1933 1484
408 1904
92 577
265 704
844 274
476 985
1724 120
795 1277
324 116
1979 1305
1336 323
1606 1170
563 717
514 393
1629 633
1718 1514
421 1189
1093 1487
96 1011
90 1579
1656 370
784 949
1009 270
1803 1554
662 741
18 1852
1339 912
1464 883
749 1736
1726 377
1283 1745
1795 1980
747 63
384 1350
626 1351
62 1902
1358 267
419 1550
479 258
992 526
1661 737
1666 338
17 1319
1165 1429
1563 135
1136 24
125 1750
914 1087
851 1433
1693 779
1888 708
879 989
920 1491
294 1088
1054 763
1797 801
1133 774
1137 92
1707 1691
1973 1640
1163 906
1915 1654
61 1891
1889 969
1523 1107
861 1912
623 1545
1622 340
1735 313
74 720
715 1869
1875 585
89 885
1103 1757
1685 751
870 728
1975 1607
1743 345
1871 1371
1590 1022
1989 364
548 305
1441 489
185 748
34 981
54 289
280 9
1274 44
815 310
710 636
1447 1191
800 711
660 457
1688 185
1704 1701
1363 849
1460 1291
444 840
763 754
1242 477
251 1885
589 1219
359 281
1945 268
21 817
292 465
953 276
711 1526
677 392
443 730
1396 1769
1674 1293
475 232
459 11
1006 52
1830 554
1033 1875
498 681
974 752
86 1002
926 688
1894 1616
1354 1480
529 650
1510 1094
1780 186
1533 679
595 699
1230 1858
1802 1826
376 334
355 1975
487 1336
1976 596
1557 1936
351 738
1489 1610
1087 231
1988 1460
239 623
804 189
1217 974
1169 1965
546 1162
894 909
1619 714
1473 731
412 878
393 845
1645 471
492 468
1315 1618
187 295
732 103
360 1021
994 166
756 670
1429 1709
1779 1571
296 1190
1430 1165
346 176
1518 1969
1405 564
1359 1390
664 1622
552 1287
1776 100
670 1937
601 1263
997 630
1282 373
1421 758
1080 952
161 648
286 1045
1655 1472
865 917
1394 1150
1161 1669
1012 1583
1425 891
1183 1510
1457 1398
964 1957
105 1556
345 1041
396 73
1631 1823
320 1233
175 924
932 411
1903 1756
1469 1115
252 443
60 1809
1686 1874
362 280
1375 833
1402 1799
240 1785
1913 259
682 1493
881 1801
314 718
1958 1559
402 32
1719 1972
867 1956
450 1507
766 234
786 85
1442 1357
1526 1050
19 454
807 386
1908 1580
428 1105
977 1269
1423 1682
788 936
1032 1283
1715 725
1592 1264
22 1362
93 273
1107 1378
205 897
1636 1048
1350 1619
148 1495
939 1207
183 1740
862 205
290 930
467 604
447 1548
221 42
172 542
1424 805
315 1945
901 1766
1566 701
397 589
282 1337
1512 1185
220 872
1450 931
625 1704
1084 1814
1628 1685
598 1309
1484 333
1377 1881
1754 1930
1306 1144
1702 1734
854 1859
497 1985
313 1917
990 1440
85 1054
361 368
847 1446
121 1508
144 307
253 1759
503 869
1178 1895
1762 1543
1765 635
1812 1462
916 1731
474 1864
577 618
1237 74
536 689
1632 1835
25 1345
1677 1095
1660 422
336 1177
581 536
162 574
564 131
767 1684
938 1377
446 614
1936 292
157 1553
1599 365
213 860
1764 498
1153 1230
79 1914
1514 1887
666 1560
441 1381
40 950
469 458
1876 905
365 966
691 1223
1351 1082
810 6
207 616
1783 1248
835 382
526 362
1751 318
647 1999
1024 1244
1601 622
1125 1854
833 1443
888 1047
1772 1584
801 1408
1305 501
739 1798
1491 233
668 1609
689 1085
1135 555
1814 1587
1162 807
1322 647
1500 769
1120 1060
1942 683
1781 1437
499 1343
635 57
416 1924
1269 1130
1810 1051
1172 314
570 1903
1845 194
422 1742
1195 1686
1247 99
1049 1236
641 266
673 825
1337 1651
1043 1643
780 435
759 69
700 95
212 1674
1998 1323
52 1379
694 399
789 579
1371 1841
1576 1081
1415 56
578 197
1681 199
1706 958
836 1354
1898 1052
1906 1179
1258 1139
1836 1465
198 17
1058 366
908 975
1094 301
1369 1488
1376 1512
1347 803
340 1918
921 1625
143 1833
219 298
896 143
1670 1246
1825 1588
1182 1496
1955 179
268 94
1413 455
1853 319
1536 322
328 241
675 634
1535 1675
1260 1810
643 673
1785 1420
1946 1331
606 548
1956 384
1480 852
1057 877
1766 532
1826 957
325 1726
409 1265
75 1406
1200 250
242 1
576 1033
194 1707
614 1783
215 1648
782 1547
693 1567
501 325
1597 744
524 1224
1304 781
587 1318
531 1210
303 1564
46 1251
302 1031
417 1432
1288 1188
681 687
1261 137
1222 1637
1130 1009
1082 427
78 1646
1860 1067
629 1310
824 1449
1594 1007
32 1261
1244 1748
1753 45
1668 995
622 80
1770 1341
430 1459
561 1909
1591 43
1728 261
726 1665
1575 1166
1627 1627
1731 372
1925 1813
1086 1391
1948 941
1023 33
1307 649
1866 1419
56 841
702 306
933 1276
1840 1400
1379 984
1618 791
727 990
1555 643
1290 336
1422 1872
166 853
1399 1692
367 537
1341 184
366 1899
1855 1590
1292 1968
1880 1557
669 389
1605 1920
391 621
663 226
1323 440
190 1172
1595 1888
1568 1923
1374 1455
555 515
1689 771
462 1196
165 1159
1476 251
65 1767
1454 175
156 1464
400 1168
275 503
255 612
645 1180
41 1948
1580 858
168 1882
1330 1035
624 826
831 1605
658 778
1431 262
887 736
486 1092
1819 1576
1255 1143
657 286
182 1877
128 452
968 1549
36 1673
1799 1843
51 229
1164 1531
199 1786
1091 1468
1699 1288
1829 680
1248 481
1352 822
982 327
605 1883
142 426
1259 1796
951 1639
468 482
1074 1123
1782 962
1114 1178
1623 994
1927 1634
1332 538
685 1866
859 1274
1909 1347
42 394
352 543
1204 806
1524 1032
378 50
533 1317
1604 354
1777 1478
534 1822
318 780
321 1532
1185 1282
930 149
1213 597
527 1311
55 996
1639 1982
882 442
1824 1908
1197 59
1168 1102
291 1947
1109 16
1184 1661
1642 1071
652 1146
1502 563
969 412
1047 1439
855 1266
1220 1235
1034 1485
679 191
306 1482
1138 764
1508 459
1893 1539
1621 582
1276 1723
1174 799
1118 591
257 519
1924 1405
369 1142
1348 1720
38 224
963 979
76 1896
163 35
808 613
1811 1836
1914 1396
1667 1100
616 558
840 167
1637 1964
1620 209
410 1097
696 358
551 1016
164 525
1748 625
1784 1330
1312 760
373 1243
1444 1987
11 1301
699 505
1435 36
597 1361
1548 1572
615 78
1822 789
1207 1325
368 1402
401 1447
1287 871
1916 1944
418 1128
1042 937
45 396
33 641
721 331
783 971
713 472
631 499
1070 978
23 836
1407 1382
1240 1426
1930 48
1647 227
1774 1552
1950 1901
452 576
1972 1423
350 1410
343 697
1828 1840
139 1049
1427 215
1357 1084
1939 1829
828 1217
1262 815
423 553
1834 1737
333 1394
1862 275
454 997
1481 342
1846 667
928 174
1678 1499
473 1815
112 1431
814 550
1902 400
132 1971
1697 1043
289 1086
218 1578
1479 1884
740 1174
1787 1490
288 407
885 1445
1801 1034
919 1295
973 1688
1542 409
1176 1103
723 787
465 1687
87 1752
99 797
1417 390
770 429
704 1784
2 802
540 1739
1050 703
1740 1663
1646 297
1867 129
1990 964
996 1395
432 408
1530 1787
1157 1988
1813 329
1393 122
287 510
59 1463
1104 561
102 982
774 1860
150 1898
1910 632
364 889
1383 96
895 495
758 745
1293 1570
898 1565
1256 1199
1345 1772
53 1187
167 1817
322 1017
596 1844
490 1922
203 470
1841 1777
1408 1603
644 1830
508 1626
812 1911
1574 1065
1691 572
1874 288
225 855
1400 766
975 1240
171 1214
1035 1623
750 1202
1302 607
1456 671
617 661
1014 26
769 566
281 706
1967 1551
1117 1388
793 956
197 1523
455 615
1868 1598
1462 820
433 1114
1683 973
6 1524
1160 12
152 600
1951 54
438 1352
1019 219
1192 1372
1221 1229
1443 70
234 1500
1344 1670
600 578
299 1320
238 848
818 1428
765 496
1607 1120
618 831
20 1333
567 1281
460 367
1060 413
819 1502
841 884
539 527
1949 207
1544 1118
16 1698
263 182
1734 445
1558 415
1129 1681
1015 640
1941 1322
101 627
1966 1931
1720 1289
174 1326
936 124
114 126
1143 39
57 1795
1943 556
103 1544
517 1000
940 15
461 1013
323 792
1409 1862
580 786
1051 1413
1554 1231
1308 557
411 1018
871 1892
1268 283
1960 1730
1005 698
1571 514
1884 111
426 664
1600 22
1264 153
1414 118
1504 1101
1387 1250
1503 64
731 573
1426 1671
67 193
852 1253
73 82
160 1063
1644 1519
29 1155
906 248
1522 722
1487 425
1701 117
987 487
1977 20
488 903
81 308
813 1666
1596 533
1769 1953
1088 1755
913 1751
776 142
1588 1754
298 1747
972 1024
1682 1981
1233 91
1738 914
1602 473
1991 1535
109 1658
1022 1838
1296 1873
1252 106
718 1501
26 1039
354 887
1981 139
232 316
1186 300
1373 1204
610 1647
1225 476
1440 1718
1562 1667
1052 1693
960 1438
1320 1660
1370 1070
1757 1994
1066 1238
905 1569
1870 1030
1003 1520
1201 255
554 1879
1577 1749
50 530
730 1448
1708 1678
1310 829
1467 1316
244 1566
1507 76
1808 1894
790 586
889 285
562 1504
1177 691
1929 71
1705 222
1515 1613
961 1315
884 588
1439 252
612 460
71 290
753 1093
1403 516
858 1073
72 1992
1800 1959
1228 724
794 581
1506 890
761 1112
1119 1928
628 1104
334 1452
1611 1483
58 1697
837 1735
68 46
1901 359
1712 1962
339 293
1878 19
604 272
380 592
1805 660
1763 606
188 851
1410 67
1303 567
1209 351
1199 1778
1081 430
586 81
316 1076
463 794
957 1706
592 1517
545 1424
925 757
507 1366
671 638
806 668
849 1827
262 441
136 66
332 1689
579 497
510 237
1453 348
1993 418
602 1958
569 278
8 321
1899 18
1733 1765
1385 518
1725 1611
1911 611
1570 1486
1995 311
646 654
966 1847
880 25
585 1867
590 735
226 1886
1944 814
811 1856
1736 230
566 1527
1189 1292
201 1401
1839 1633
1495 28
838 1160
656 1511
300 1328
799 1109
522 980
571 93
1970 1025
1095 531
1643 1694
1664 873
331 832
778 60
1372 1680
1328 1359
640 929
1564 491
803 1617
43 682
236 1780
764 856
688 1690
305 972
358 927
1593 1280
149 462
177 98
639 1471
1996 1110
82 925
1528 926
820 1450
608 1804
1920 89
106 709
724 1040
823 1068
1380 1453
1997 1425
1270 605
1215 1348
1856 1385
1978 899
1311 1555
1790 8
390 1113
958 1256
1775 645
283 901
1001 652
1983 528
947 705
1859 1416
1314 772
638 839
897 603
1465 461
1321 127
1353 1961
1687 1976
1123 1900
560 1370
1190 5
983 723
1900 1905
1982 132
1792 1358
791 1173
1121 1329
1737 902
1040 168
946 463
917 965
37 790
1904 1541
1752 309
1883 1111
176 346
204 406
866 1915
442 27
178 1929
256 344
1364 294
66 1364
1002 369
120 659
550 1853
760 684
5 1010
1231 1367
1155 834
243 147
989 1422
1882 158
648 549
1170 920
1827 863
1505 1005
1709 876
1638 888
223 1324
261 1332
1556 51
678 835
1300 1649
1224 617
202 521
1585 86
1569 1384
1624 1722
752 1334
1011 1715
472 1808
1148 1312
1461 1632
1384 161
1110 1913
1497 1036
762 335
1821 1837
330 1138
123 692
154 1239
878 1055
856 1306
1809 933
398 1721
512 750
1634 1454
1156 181
431 221
1820 256
1525 140
1673 38
636 242
965 88
1475 1774
1226 1630
591 570
1085 1974
988 1260
1926 575
1676 507
12 1713
1026 115
736 677
918 663
1767 1575
181 637
976 315
1325 146
1100 1205
335 1158
1331 898
1206 1208
621 1599
246 1300
344 1506
1690 1629
607 1133
1134 693
146 254
1449 363
775 1764
196 1080
971 1845
1194 804
1386 1241
1017 755
506 1192
269 827
1227 1760
1069 34
1398 1226
883 948
653 1954
1388 1294
1101 707
173 1321
1329 992
1537 1271
1483 823
922 653
1452 1728
1299 1714
1625 1186
1959 101
1418 1479
1498 1403
839 1074
712 1147
1366 163
1152 1154
1144 1919
544 911
395 1805
456 1407
326 1871
83 1340
1249 47
1540 1242
1459 702
481 1353
1291 1079
1768 700
180 159
632 1943
528 1717
1025 1181
574 1540
98 1412
1250 401
1641 1725
1934 1851
1923 475
1234 1733
695 960
301 1053
650 862
356 1546
389 247
948 685
137 642
1954 1942
1203 138
1229 1006
1608 1062
1275 214
1128 828
1771 1108
388 14
1744 62
593 1645
392 478
266 145
714 1990
860 628
568 375
1694 761
943 1365
1280 30
999 991
848 456
1722 1327
44 1335
1756 511
307 424
1695 1470
308 1710
573 788
1965 150
1433 1249
909 112
1881 598
609 1220
1994 343
557 263
64 565
1253 1004
944 196
1905 665
1598 1513
295 1494
559 1652
1796 423
1896 1832
1761 838
1529 1234
620 1952
924 1184
186 1374
407 1789
159 1304
1223 1763
1877 210
285 1212
822 1344
850 1950
1609 1657
341 417
877 1436
347 821
1739 1380
1957 1267
1493 864
594 1356
1251 951
538 1126
70 1577
893 395
1863 134
1324 1865
1847 1182
1553 432
115 1069
427 1232
734 1089
1098 453
1277 469
832 1574
1984 1213
1313 813
1265 569
493 1078
708 1461
372 893
267 1820
1257 1474
274 1148
1167 777
1538 580
415 211
630 133
692 1521
4 1414
135 374
30 1705
230 1307
738 1614
535 326
1509 450
505 1200
434 809
200 959
484 767
1096 1601
108 1360
1246 1662
158 1442
189 1156
1365 629
1545 7
1891 1582
1013 508
227 1782
254 245
1541 1850
1703 204
1316 743
1392 1933
1147 610
1173 1141
464 1644
374 601
1572 1642
744 1846
910 488
543 349
1849 716
1746 428
1077 1659
1962 977
195 165
945 240
1301 1171
1208 151
1468 1183
1490 1561
904 988
371 1934
1007 568
755 2
1912 1152
477 1290
379 620
956 1338
745 1132
655 1738
235 1746
1063 1979
863 1581
1432 1254
206 376
111 402
902 1819
683 121
1963 1839
1969 1525
1626 749
1786 800
537 1653
124 1534
404 1404
309 968
496 419
1038 798
962 1696
184 155
250 1368
891 662
1578 1038
1031 541
1614 932
1115 1057
458 1602
553 865
1158 1157
1191 1106
1887 1209
903 1342
722 1222
1816 1008
1918 420
1434 910
1806 1849
796 1927
1412 1910
466 1509
1389 584
935 178
842 1636
1285 269
1216 1966
91 1028
1952 1855
742 1198
830 1606
1466 1676
1343 265
1397 257
869 320
1659 177
1794 21
651 547
228 1876
1122 1773
386 1951
138 1058
311 190
521 1802
10 1941
1864 332
1171 130
210 68
1940 953
1027 1444
1111 626
1938 383
1895 1003
1755 913
1835 631
911 1273
1067 765
151 1247
482 712
1700 666
1181 529
785 31
846 341
746 1522
233 381
1335 154
892 303
1788 1285
485 1768
1928 216
719 1098
1284 639
1455 523
1658 1164
781 710
519 608
986 446
1428 810
229 1176
952 1993
170 296
84 1046
864 1729
1021 624
1549 1650
133 742
1338 1099
258 1530
1029 1119
588 1712
1854 1668
1004 41
134 1014
1869 1641
1193 312
471 474
192 1825
248 49
363 1770
241 916
1616 870
1210 892
680 886
941 156
955 1272
826 1848
1075 1628
1362 690
1917 291
520 438
1438 271
1773 1907
1804 350
1711 1779
754 818
1046 583
834 947
829 183
153 1741
348 1724
667 594
532 1286
1289 619
1297 880
1391 651
1872 431
1062 202
1818 1467
1360 946
853 1791
717 776
599 1573
1470 894
1517 1828
613 1932
1613 1593
705 1794
449 1441
413 484
329 355
489 811
1065 1091
1778 1656
1832 540
1721 1597
1298 136
687 1702
39 1020
1519 1536
827 1935
27 480
1145 539
1319 672
876 1608
1494 1679
541 467
1219 859
1236 1383
1513 434
1559 1015
1742 1621
284 602
504 1703
94 1664
1696 954
1850 1193
1318 1762
984 955
1793 1421
405 1077
674 264
1281 1477
556 37
117 1842
1610 1946
1760 1984
1633 1955
31 1019
1858 173
1947 385
1055 609
1140 277
214 1983
735 337
1527 148
107 1926
937 1415
868 361
1532 493
978 1916
451 1921
1106 1257
271 1960
927 1175
1361 220
1214 1743
716 999
993 808
480 1037
1073 1624
1419 1893
1416 1870
425 676
35 1090
1346 775
1675 201
637 879
1382 466
1395 983
1665 1027
1202 812
1980 1790
1039 940
1496 1435
141 1505
47 1716
1649 97
1474 1503
1791 1369
353 1700
403 850
370 108
1463 1117
659 421
970 223
949 1151
1663 104
1150 172
942 961
1727 436
1273 918
1717 793
845 188
1263 1861
950 1973
277 551
1842 1137
1922 371
1684 192
1083 729
237 1456
439 1012
1652 732
1045 1998
155 1533
872 562
1166 1026
1071 405
802 1167
1653 1227
1180 919
787 895
264 490
1758 1308
1992 198
28 1376
817 414
1971 160
1961 1758
1286 1818
979 657
1188 444
1843 571
1235 1596
382 3
179 352
684 1708
1935 4
