2000 4000
643 1348
1834 1539
926 1521
676 681
276 1774
1451 1927
60 1274
1038 1613
764 1981
1432 25
1274 1082
715 432
1395 207
808 1537
1519 784
1099 937
1583 1397
516 243
1746 1240
1513 1510
442 1152
17 917
1044 459
1706 319
585 1138
1886 558
364 919
1412 823
1248 1891
164 1778
1306 348
1444 1555
923 1634
1547 1505
978 1785
350 161
270 609
566 489
632 416
1856 664
1521 119
368 622
1906 1164
255 276
1343 169
1074 1394
1467 550
752 1696
703 1283
1848 809
790 1277
1962 438
1977 635
1625 1904
400 865
1314 341
1121 1139
542 1672
506 1856
1416 540
1138 1991
958 764
804 500
1186 533
1950 1421
71 1253
47 766
1096 370
916 1586
668 1575
929 1268
1010 944
1835 1496
796 618
365 1482
1124 1440
552 910
463 646
1120 417
1072 1910
1085 1824
818 526
1384 570
253 1249
837 389
377 127
1615 194
872 1051
856 556
279 302
974 98
1369 525
521 1966
773 1317
1032 1275
554 881
1073 1315
1423 294
613 1957
1075 904
1762 296
1821 626
874 356
1828 692
742 1653
1860 627
334 433
774 954
1693 634
1612 1643
283 377
1735 1650
1289 1232
1516 1107
46 19
1237 1830
717 1156
690 1872
39 1719
1514 1949
359 230
1591 81
590 621
895 1828
1093 292
571 1700
1324 1758
1733 1323
22 652
1221 1350
277 1671
1434 857
729 966
1677 675
1823 1385
1235 1667
262 1940
674 142
851 1043
251 1599
1163 584
1956 656
1647 238
381 747
310 974
1293 337
278 1309
77 1432
969 1682
777 1712
166 1151
548 1513
776 1799
782 1079
1031 598
1382 141
1843 1041
1990 1887
421 424
1125 870
19 1349
1534 1839
349 739
351 1767
1014 434
1008 151
1483 782
1309 1818
1855 1609
229 231
614 1104
1323 1267
839 1644
99 102
1578 990
1694 1464
848 1773
211 1558
1780 595
1917 893
817 138
1089 1401
946 422
1565 117
755 588
353 386
653 1377
1537 423
940 1395
1425 734
201 463
44 269
443 1371
1963 1110
909 1422
1435 702
424 1465
1871 1738
723 1675
1875 771
944 955
574 1734
1874 1047
501 1257
1899 1657
1344 310
1269 290
741 1224
1231 49
1581 196
1756 1662
483 1951
1198 1935
1452 878
529 939
1897 515
1813 315
1004 1766
147 104
40 1679
1026 1169
1288 465
240 698
436 340
550 392
1318 1354
1561 962
1505 1566
1036 167
85 791
1603 457
1301 1965
1182 1209
1939 1862
572 426
388 842
1765 1747
507 210
304 1014
1060 46
1192 1154
1201 1530
1333 254
1569 838
1076 58
1103 1045
59 1030
891 762
325 1057
151 43
74 1652
1003 475
1589 1316
1613 353
747 236
955 1126
1061 535
1208 415
1101 608
123 714
591 1789
1129 1890
754 59
1042 162
146 1787
221 267
1330 585
688 638
1717 1050
1787 580
1930 1559
1743 22
1493 14
1151 1136
1126 1072
163 684
951 396
1058 62
1253 797
1753 1570
425 24
1438 1591
94 1263
1097 496
1662 303
1174 68
1955 814
399 1318
1686 1046
1948 615
1997 843
960 225
1799 136
1515 873
495 1182
1545 610
1328 1326
1242 1615
1810 1962
1439 1461
320 1423
1904 1239
945 284
156 724
798 1324
1420 399
1311 1598
534 1468
181 27
197 1265
954 1037
1782 938
96 1688
991 853
458 906
227 729
1479 932
210 1222
862 300
122 1912
1891 1183
1719 395
1210 4
766 1504
1759 1651
1987 907
76 833
1223 1346
746 1287
866 720
1267 1750
1350 1248
354 1801
734 366
1109 1036
1000 637
90 735
977 1950
1869 1580
446 541
1020 819
137 1297
1699 325
1761 414
942 1874
1447 1149
617 1226
1599 877
8 800
16 1780
1321 26
45 884
1258 65
1272 1647
963 204
115 1814
1700 1569
302 827
1926 788
1256 1063
702 1096
1567 697
503 667
785 706
948 1012
1646 1511
1734 1002
1179 1800
403 611
102 1751
1550 1470
949 1162
1777 1898
1644 478
832 327
906 132
1356 1854
447 455
285 742
1132 1832
1838 1519
850 94
397 1793
888 1059
496 193
825 1683
1367 1158
1457 672
1861 590
83 825
1629 1515
781 343
288 653
802 484
1918 1897
1673 1420
1932 412
1340 213
1710 1478
135 1936
829 374
267 1681
225 989
1108 839
1399 1808
1833 1553
367 995
1541 1670
870 123
730 529
587 689
680 51
158 1085
185 172
1685 662
80 1022
1857 1347
78 1172
1730 70
584 41
1111 87
57 338
1245 744
664 666
193 826
889 31
696 1280
1196 1216
877 1356
1862 1777
347 470
462 466
1804 304
300 1527
1069 1024
1172 1941
1991 1597
1486 1756
70 1221
1160 1376
5 181
1510 1171
1643 709
1807 331
450 1908
243 150
1068 1056
1972 1755
789 690
602 385
686 1622
1903 1005
148 1585
1820 1498
1215 1895
733 597
1358 85
1863 1479
1470 1190
131 1925
801 1238
508 680
675 1514
1354 1119
1626 313
1084 1305
184 1372
875 345
1604 1538
64 575
1390 1762
192 1053
1232 1909
61 1111
640 1094
1936 486
281 1406
707 1197
924 1954
938 1641
477 445
523 1473
641 1596
440 240
1400 1834
1850 1155
678 874
301 1708
256 1144
1951 1095
73 648
20 1920
1720 1103
1758 509
1772 1322
750 1857
1867 1108
318 1237
714 947
1982 168
294 1034
710 1617
1022 1541
1161 1632
374 1381
933 1017
603 357
1884 1361
807 1148
1017 1441
784 242
233 1516
438 1846
1668 1921
25 1386
1117 295
394 208
297 330
1512 1536
1518 1163
1742 283
1745 1788
1380 1794
677 1807
694 1659
469 1289
1709 908
532 730
178 1327
597 810
1094 363
649 1389
1357 705
89 950
290 11
396 980
1105 964
992 589
1090 1730
372 158
419 1319
309 1797
965 1474
843 1926
1883 537
1957 803
854 879
1916 512
809 120
1475 1285
879 1378
1275 394
1217 494
1797 731
1960 799
155 501
1027 717
1454 1146
153 1200
599 1759
1660 48
1924 1066
1351 1485
869 773
237 1805
465 711
414 1736
395 145
1278 969
252 1113
1067 1992
505 73
1642 1790
732 1452
1770 1153
539 322
1749 1230
348 548
1418 759
1968 1711
1287 1369
1200 1761
1783 437
1558 1147
363 829
1300 1737
65 614
1864 1194
55 429
799 639
1952 1418
988 44
902 398
865 490
1683 401
1313 1993
1852 1368
1143 1528
1539 1686
317 1427
34 1611
339 1337
56 368
775 192
855 78
1522 1352
659 1021
416 1945
235 960
751 1419
487 1630
331 278
973 552
1492 582
1334 1409
1971 467
488 1963
639 1254
411 1557
473 1049
1829 66
226 1550
273 45
1600 61
1282 234
553 1556
1244 1363
1501 1336
1226 1561
545 1105
1442 405
1929 1191
1635 1953
1134 654
824 1092
1594 1487
1428 390
36 1666
636 16
382 1364
12 668
1611 1701
578 219
1979 1055
857 927
1316 1360
537 112
1497 217
1624 1608
492 756
1796 224
1176 1023
152 774
451 1040
1494 905
1725 1562
1893 63
293 444
863 301
749 1743
48 1294
887 1407
1005 488
1446 920
666 993
246 1264
121 229
1621 892
1769 983
1252 1531
727 1809
464 1029
409 957
724 305
1339 1748
1243 1565
967 1135
456 265
452 1663
744 491
437 64
1276 1684
1832 1074
1035 1161
106 20
1978 1707
366 1883
663 1577
1670 1157
1070 272
230 1231
1053 778
9 1605
756 115
1824 750
1028 96
628 1250
950 57
592 349
725 834
930 257
1064 946
417 849
313 1885
893 1744
1187 1934
1195 92
291 1150
1691 1383
968 1979
1254 446
1156 1469
116 1654
1251 613
196 1896
1118 511
286 1463
626 1601
1751 440
701 411
418 1115
1460 226
1803 460
692 1861
1152 285
1081 1417
1778 418
1713 1091
1535 1334
1445 8
1654 1578
588 551
576 1332
705 909
1898 1281
1650 451
665 1343
1915 1838
859 757
1757 342
1266 563
722 179
684 1321
332 1903
1579 79
1165 578
1570 77
471 738
1928 872
337 35
216 1677
1319 522
58 381
321 1203
915 1426
1530 1307
1164 1185
1379 1339
1925 1007
1018 1124
1205 1412
1827 1726
1969 1431
1414 1387
261 244
772 1380
191 1678
914 1855
180 228
1588 7
319 562
114 1456
1260 332
306 574
1598 1568
997 1090
1959 1526
1690 306
899 719
1046 458
1342 1798
1262 1083
183 1241
87 1314
1397 1852
1623 1702
232 1532
356 248
1277 740
1373 268
1401 232
598 1286
1249 536
1568 1186
1285 275
1938 1129
1115 1167
512 86
1304 628
932 1477
1065 869
1672 1273
1553 745
1234 1413
1708 876
1148 1867
1280 847
1995 1877
511 1520
341 1448
136 768
656 852
1001 1145
633 271
783 749
485 1603
569 21
549 297
1063 1065
373 67
1731 1587
972 871
957 553
1449 1827
1372 781
499 1212
1222 530
1184 651
1279 1302
1050 795
1674 948
1370 524
993 818
1616 247
1697 1392
1043 1853
82 856
1102 1335
1424 1948
1130 999
619 1931
1349 1434
1299 1173
322 549
312 1202
1649 846
26 333
654 831
30 447
1405 291
1422 746
205 593
190 565
561 835
925 987
1818 1791
564 427
1631 262
176 1279
920 1195
1472 1000
1136 758
11 1506
1779 1140
1878 1255
1976 998
737 1782
1230 1942
426 977
1329 1746
1039 1741
1023 40
1788 1011
1150 1544
1199 1429
1638 1880
54 402
335 538
1876 953
846 973
1371 143
1910 1720
1110 1447
1204 824
655 902
457 1131
7 1915
1540 532
169 373
361 376
1082 106
81 249
819 17
748 1415
303 134
1696 1722
490 36
215 1646
658 443
50 182
1240 403
1517 858
117 1967
1658 29
239 1792
1481 215
1487 1457
615 1911
876 211
698 1969
422 1375
1315 15
1489 1851
1411 6
544 89
956 1261
514 1227
959 994
604 1016
199 5
1768 1344
1433 1500
108 1990
922 1518
1586 1687
1984 383
1495 1304
1614 203
1792 864
254 1
704 1709
1437 641
1162 1132
449 42
468 1889
1793 1069
1106 599
69 320
1771 645
1295 1551
769 101
814 867
1721 859
1812 926
1760 1997
445 1810
1985 400
476 619
448 1166
1996 543
1506 13
573 671
1675 47
1584 982
282 1884
570 1020
1815 421
1905 789
1890 1973
1931 1724
110 806
383 1292
1386 1033
528 187
390 1266
236 963
1551 605
812 559
481 1733
1633 309
525 299
1404 1529
486 1763
1840 508
831 1610
3 1772
990 642
1480 1031
402 1220
1562 1576
827 793
1619 583
982 1003
1055 644
735 351
326 1933
1261 663
1348 314
1128 587
689 1693
1508 1399
1892 1365
1228 307
88 1062
1214 769
212 1075
1922 1181
1641 186
1259 1437
112 1906
1993 996
1463 1009
266 359
1724 1308
805 1668
1364 1560
268 1983
172 620
1385 1396
803 958
1681 1133
214 1077
311 1972
1511 1860
718 1486
834 38
72 198
931 1462
1015 1032
816 388
515 69
836 387
1740 542
165 273
795 579
1983 1618
271 1886
1909 252
961 935
1607 1211
127 629
1034 1358
494 1717
986 971
738 480
605 1236
1766 866
631 1543
1526 1637
428 1128
1139 1831
1785 1458
953 650
844 110
1336 1757
62 751
1655 277
1601 1388
343 1829
1011 513
1456 1540
439 183
936 152
1443 1175
563 1633
1498 682
1669 1661
160 1845
248 1642
126 1260
1554 573
821 130
620 190
1870 1984
897 293
1292 1293
1188 176
1246 251
682 1970
1033 1986
1587 1893
1894 1493
13 1013
1419 1786
1440 1492
667 1362
1006 1228
852 796
1689 1929
757 1871
691 1638
1575 23
1157 1564
1802 334
124 477
95 83
1458 1353
1291 504
1255 657
103 1180
1476 736
1853 404
800 1841
780 1086
1247 633
1396 1019
1153 3
1805 209
1750 659
1786 430
206 569
693 1270
167 1955
976 1296
187 1571
1789 407
1831 1071
1576 832
475 1982
630 1272
1648 956
1381 75
198 647
142 544
1520 862
1958 1201
1337 175
1791 184
398 103
1322 694
1945 502
760 790
519 131
1944 1370
1429 1592
375 171
333 221
1866 1977
292 665
1175 1093
1738 875
1507 1545
432 772
842 612
1573 1089
1203 837
833 741
611 1664
1695 1373
568 1673
1555 722
1729 39
1104 10
1413 518
257 360
175 1218
357 850
1826 1960
249 1718
1687 1120
1994 1847
1029 1130
1901 1374
1923 1944
1361 1849
1123 1952
1264 531
883 33
1571 1494
524 461
101 943
1542 617
1353 1705
551 125
1453 1689
880 185
1341 1958
177 914
546 624
1079 712
596 367
1684 1848
1054 503
853 521
1047 1804
1366 623
1171 355
1858 1844
1865 1753
105 1976
890 1475
1213 1134
1332 1288
788 1295
430 677
1019 1177
736 1438
1656 1312
565 1914
453 1366
645 318
479 18
1716 600
1531 1052
1885 1160
52 1159
314 968
1100 165
427 382
1317 1359
1218 913
885 218
1896 603
623 1620
1605 752
1270 830
125 1916
1145 851
1755 1821
1016 1367
250 1106
581 572
1077 1769
431 261
29 1676
607 1507
1092 1026
886 1442
1142 1999
1798 237
621 961
763 1018
1326 1865
873 1864
1308 1549
637 1330
1736 361
1239 770
1181 144
543 520
1473 911
1911 695
971 378
1206 1006
1536 147
1666 160
719 419
296 1198
1817 1621
1388 1602
1764 787
1680 323
1193 1600
1889 1690
370 1178
671 1299
835 216
910 178
1747 95
218 1876
743 80
1947 1870
1902 1715
700 1076
1618 934
939 571
1312 1098
912 861
1144 1964
894 1060
1417 900
222 1579
1664 468
68 1333
1712 1067
1608 1835
66 1428
1610 1567
964 97
1178 1656
263 775
1066 945
1953 1102
1484 897
830 606
650 703
697 76
1346 1535
1908 364
762 1685
1795 118
231 1229
535 1509
1847 986
1393 256
616 1042
898 890
1609 616
1585 760
1149 923
1790 1907
728 279
1112 354
881 785
1140 916
1543 699
1763 1025
1462 99
896 1863
1465 718
601 1704
726 1636
1271 1455
43 1836
943 1450
595 713
759 1771
806 528
1566 347
952 481
1131 90
1387 1894
493 786
864 1208
709 1803
1632 507
1744 1754
1303 241
500 607
1933 636
582 1303
484 836
634 436
1459 733
410 1806
460 1859
984 817
627 805
622 140
1170 1010
219 732
0 886
144 201
1509 1480
985 1842
1048 1882
31 807
42 1301
778 678
1406 235
635 126
1552 1584
679 260
1320 200
162 1291
173 1235
202 922
981 189
1154 1234
1107 970
369 918
868 471
1651 88
1410 519
1450 1081
811 1044
1098 1502
660 1008
1671 581
1375 880
1135 1640
1496 1247
882 1590
983 727
1819 266
522 976
745 602
662 567
275 792
638 1259
1087 952
1774 1583
238 9
1191 1087
1219 133
1059 255
822 1416
1310 992
1572 128
1981 941
1622 391
919 1533
1088 808
1250 1027
712 591
1801 505
787 1985
1057 931
995 561
716 1271
1975 406
1166 286
224 1858
1052 497
1224 1692
344 754
1714 1015
1532 450
1281 410
1409 55
154 1573
371 324
720 1484
1999 122
1548 156
1998 1937
1185 514
1013 270
1091 116
1873 1946
1640 1424
1284 425
1752 352
673 710
260 462
1888 1723
721 889
401 1054
1194 148
28 592
1577 1196
84 369
884 1223
1421 1501
1965 1932
272 1924
1273 1594
1363 1764
1427 1039
713 1341
1665 1313
1986 855
161 1947
1229 1959
687 780
1503 1112
1657 1868
947 1745
1398 1246
1133 1873
1830 1004
2 1812
1327 1244
1283 798
435 841
1546 516
209 1483
1937 1310
207 566
1970 1554
459 1581
1305 1731
434 1815
213 1276
444 975
1225 845
1663 1338
1265 716
1806 1109
509 596
1556 56
1183 895
1775 1038
1041 135
624 1899
861 942
1692 1068
1298 492
1488 188
259 940
186 1433
1842 1435
1973 928
1703 660
556 1242
1464 379
758 816
1202 365
194 12
474 289
315 1563
1851 344
1095 630
1137 1503
1051 469
1002 748
1702 828
329 1411
1158 1710
1705 670
672 991
217 1328
295 1604
1302 1796
792 1623
461 0
433 1728
1596 1703
1159 1258
975 34
1378 1524
384 1922
404 474
610 517
41 329
1211 1331
1808 1449
1637 883
753 1881
786 1382
1499 1414
478 30
711 594
1368 1243
761 157
27 454
1528 37
1307 1048
133 1215
739 28
1582 233
1173 173
921 1251
1037 499
518 413
1900 164
1967 726
1294 222
1523 1919
1441 951
420 1837
4 456
987 1783
934 1508
1345 1495
1628 100
1071 936
646 1956
1653 1445
140 674
1040 1035
1564 170
562 679
567 166
907 676
328 1892
1992 137
1538 925
1715 1121
1408 1192
815 1306
1376 1439
706 1405
1919 1298
1595 984
1062 1729
1630 393
75 409
1961 804
149 725
589 1994
1606 767
1544 191
91 523
1078 1974
1809 308
37 1206
470 688
208 1460
1338 483
1529 1290
858 1058
441 473
1741 1669
220 498
132 1499
1912 1749
903 339
1718 1727
1431 949
482 113
1698 350
1155 1822
1942 1635
92 661
1394 1390
119 1795
1127 1070
1490 1866
274 346
652 1695
1645 1214
129 978
994 1624
1146 1101
1872 1606
810 1233
299 755
1737 1205
1238 1099
18 1823
1236 1454
1634 155
510 1189
1407 1732
526 915
138 472
134 212
113 114
141 479
345 287
1592 783
670 1649
1935 1968
1177 1481
794 1813
826 1165
342 245
280 1117
685 1713
1776 1490
406 1425
1845 1278
1189 1217
1946 1225
413 1084
415 1770
504 280
547 1476
1854 281
813 163
386 1466
1374 1988
1482 577
63 1619
1045 899
1989 449
1877 1357
497 1453
15 420
779 700
1941 844
1574 1739
242 1403
346 903
594 658
651 1765
269 1088
1748 1616
24 1648
579 482
1732 794
130 1282
767 643
1383 1174
393 1923
1754 84
847 1391
1882 202
380 640
1116 206
234 812
1021 1901
265 933
338 1917
1461 959
23 691
14 1325
1355 1833
1620 586
1678 1446
1012 891
657 129
109 199
1500 1913
517 801
644 1552
708 1989
669 205
1639 1776
352 1928
683 1213
840 1547
904 1471
536 1187
376 912
1849 1300
1880 326
1661 1489
1811 1802
195 1320
823 882
1841 972
1347 105
527 1716
606 737
1009 431
612 1699
498 60
559 1995
849 371
1086 1816
1466 1488
327 1408
908 673
1197 802
731 108
308 707
1839 91
1707 901
387 1843
284 1971
1 779
1704 1355
1701 763
629 1645
1533 854
340 765
1268 439
618 428
860 1840
1485 358
1907 493
316 1674
1921 1582
200 223
695 1534
1627 1930
1227 777
1966 868
1954 274
379 441
1415 214
533 384
171 1125
1557 253
150 380
845 282
1590 464
580 1760
1652 888
1711 728
10 453
139 1269
996 554
1113 250
1846 1404
223 924
1331 1625
1560 1430
1241 107
540 259
1781 821
625 930
513 1680
1049 263
1767 121
241 655
1602 72
1478 1588
1949 139
935 1311
1377 1819
111 246
1024 1188
1141 1245
93 776
179 264
1524 93
454 1204
647 435
423 696
489 1879
6 686
1220 52
298 1626
1773 372
323 1961
120 813
307 1410
1056 1393
530 1342
867 693
577 1574
1913 753
797 1572
1216 1061
157 74
1080 1100
385 1028
699 981
143 708
203 1525
1934 288
104 71
245 195
429 1444
491 1811
407 1210
1455 761
1491 885
118 1614
168 146
1940 1379
1263 124
560 568
1988 1436
53 896
531 1193
1974 860
1122 1775
1682 601
520 1207
1430 1176
1403 1996
661 1740
1636 1123
768 1262
189 1784
1119 220
264 820
79 298
128 1607
67 1918
1844 408
182 1742
1180 1137
1559 1655
1723 159
1392 1639
557 985
305 1888
1168 82
244 54
1167 1612
1879 1781
1325 335
1563 1219
1676 545
1359 1142
1895 476
1597 174
1881 1593
86 1064
1007 153
360 894
1822 1698
1207 1078
828 685
1436 631
330 317
1296 1975
1527 312
378 1517
1335 1400
1468 197
1233 649
289 1694
247 887
820 1522
917 506
1471 564
1739 1725
1209 1779
1389 321
1297 1627
841 375
608 109
391 669
609 1080
1469 1850
1391 743
1549 1170
1617 1691
258 1978
287 1384
765 1660
1887 111
174 1817
204 1199
355 448
1727 177
472 557
1448 967
1360 1398
989 336
648 840
362 1472
555 50
541 1179
575 1252
389 715
97 1658
913 1631
1114 1825
35 154
1477 863
770 701
871 534
408 929
558 239
159 311
1980 1752
98 1980
928 811
1943 1714
1920 1900
791 485
1859 32
188 362
1147 1143
1257 625
1868 1902
937 1939
49 1497
1502 452
1688 576
1593 1706
642 1443
1816 1629
892 979
1362 316
51 1820
32 848
1728 555
502 2
33 721
1722 1116
998 687
467 1491
480 1905
1025 1141
1290 487
228 1878
1402 510
970 604
1580 822
358 1168
966 1826
38 1073
1927 1127
1190 1329
145 988
681 1512
1794 1256
324 632
1784 1122
586 1451
1836 1118
1825 723
771 1340
412 1869
1800 704
1726 997
583 527
455 1284
1474 53
979 965
1814 1467
405 1523
1837 1001
1030 1589
905 227
1352 1697
999 1875
1365 495
793 1402
1286 546
1964 539
900 149
901 1768
336 1548
538 1351
980 1595
1504 328
1426 1114
1525 1628
838 1097
878 442
1083 1998
1212 547
1659 1987
962 898
918 258
170 1542
1169 1184
107 1938
100 1943
593 815
1667 180
941 1345
600 1459
911 1735
740 397
1914 1665
927 1546
466 1721
21 921
1679 560
392 683
