2500 1500
1443 487
1988 1510
1495 2111
2221 2212
1274 2338
2339 1016
1312 1198
883 482
1761 1988
418 2468
986 1187
1884 106
1031 570
1193 1323
636 183
2257 999
532 316
595 865
633 1874
1707 105
1270 1297
1624 1449
2278 682
1908 367
2211 112
2471 919
1449 2191
2157 1846
206 1311
1432 1605
2115 535
178 101
1052 681
706 2124
34 1078
1188 1132
731 1945
2246 503
537 946
580 674
0 342
1549 2173
768 787
2367 1879
1315 1769
1956 584
1917 551
2435 1540
735 1712
2179 1727
252 273
945 1305
2113 1942
1321 1811
1308 615
161 2114
574 871
824 903
700 1535
1584 708
75 1263
550 115
1694 1917
1277 1484
273 156
400 1320
2169 703
589 1844
2070 1996
1061 144
671 514
1659 747
1540 1292
2358 1573
1310 33
2259 1835
981 231
2465 2055
155 1723
457 2300
1028 1774
805 2485
2451 547
2329 258
357 2492
491 463
2293 1034
979 645
984 627
1329 1413
2327 1878
2424 728
866 429
1157 1440
46 34
1921 1966
1213 474
113 1233
750 1288
863 2266
2160 2362
1237 1782
2057 1013
279 57
1425 1277
2426 2477
2178 720
1327 441
1172 722
1148 226
1488 1873
688 2368
818 2332
900 301
197 1370
71 1746
2409 1599
328 1734
628 1663
293 2192
2488 357
481 1373
2214 1580
1941 1608
962 2195
2078 62
2418 1534
196 2007
2049 1882
354 1953
1929 19
1533 282
267 1466
1574 1232
1281 1492
606 1072
1830 496
1054 1674
845 2392
2334 1971
2195 2134
199 840
1628 2478
2391 1845
603 166
1766 1214
1962 1131
1965 1160
737 472
1174 1392
1257 2116
1007 927
1902 242
901 442
2065 1268
1065 939
703 1158
2031 348
1738 1659
1331 2117
55 1824
62 568
1756 657
833 2200
372 833
2144 1638
1351 1588
2046 1666
1623 1213
309 1525
1723 2161
2005 1445
1453 2140
2168 1696
15 2230
1757 292
1553 2010
2459 2000
2183 261
1688 1127
2119 1684
1827 580
970 1469
1482 5
1838 17
57 269
1081 1393
524 1046
2153 217
1094 2304
1511 676
2017 1982
1262 1957
1289 414
655 608
1346 1688
1486 1417
2363 1615
1324 1455
1583 642
2066 1719
1337 204
989 239
775 85
1740 855
1370 941
1117 1509
2411 1624
1505 2101
2056 1820
233 366
1267 1733
222 2407
2476 1493
1204 1351
1711 1264
884 1460
696 1068
2483 1116
2401 203
471 793
828 2181
1655 265
2059 447
691 49
256 1453
602 1345
2220 280
1762 2427
335 724
2462 618
2493 322
1845 1771
355 11
1759 573
729 1258
363 824
65 819
725 1675
204 669
738 1096
1907 1109
1638 2220
1775 1700
269 1142
2085 1680
498 1479
2227 1669
367 1293
618 2318
1607 475
1815 2048
2454 1110
1108 2394
1577 2376
483 637
1298 1089
2332 2387
251 2296
1905 1091
710 2476
601 1852
88 1749
1142 1611
1994 982
741 1745
1673 2472
1136 1708
937 1613
1645 998
1887 2405
468 2481
1066 2217
2093 594
79 1887
1468 1538
1697 1561
1955 1830
1002 1225
2072 148
661 2052
861 2327
1640 495
236 249
1341 2197
431 2344
492 238
755 1172
2404 1753
1011 172
1904 658
2224 2458
487 270
195 461
1664 1572
463 16
1654 2176
1698 2033
2149 1349
546 1301
276 935
1558 1636
1306 42
583 152
2310 1184
656 2104
2190 921
1212 1927
1922 1871
953 1378
1843 2029
526 1405
2284 1281
1280 1507
421 726
968 200
1484 1000
1147 816
1932 1356
2103 2209
1842 822
1033 1849
2197 2398
627 1474
1701 978
1005 913
383 2083
1710 1468
527 37
2385 516
2076 2040
1582 422
2128 540
94 213
1167 1817
36 1326
1097 1124
446 2102
278 2198
387 1284
851 1429
749 477
1372 1403
2083 874
68 1093
2006 2118
781 532
639 1162
2333 275
2419 744
2146 585
134 1991
969 117
1491 826
2249 198
2079 1234
1807 1401
2 671
2090 130
1552 507
1198 2283
86 2366
1479 337
1273 687
1272 1391
1090 364
676 1199
1824 1618
2444 767
2274 2277
1256 1965
2137 1900
2340 1304
2000 569
156 1709
554 603
906 693
961 2008
258 173
561 1550
949 1151
847 1536
593 2424
1657 1614
308 1182
364 2309
2315 821
2412 2328
1311 1673
2336 932
889 1610
2298 600
343 39
2399 131
1933 1950
1649 221
7 1591
612 480
1087 2188
1300 2069
686 2418
168 2314
2280 2112
1961 1843
234 586
2348 1751
152 2345
83 2030
2253 351
238 974
2034 779
878 1926
1990 1379
740 1910
265 395
2203 602
1078 391
2080 2264
247 510
130 1858
2043 1570
1234 667
2116 971
185 1079
447 737
58 308
1348 2375
322 1092
424 2002
1747 1804
1778 1790
2162 763
1942 854
2225 789
259 186
1441 2009
2400 923
1639 1111
1245 1621
1020 2222
924 1459
1570 412
164 1266
35 266
1949 812
1154 78
2452 1728
1661 2213
1844 77
567 564
1601 304
1302 709
1739 1524
2028 1372
22 1664
1423 1165
232 2370
1376 149
1195 157
1197 2251
894 1586
2490 1569
361 1245
1475 1204
1806 464
1159 1974
2200 1670
985 377
1695 1956
1625 1106
644 1408
1599 295
2325 2315
1534 1377
1612 729
1287 517
1802 1273
553 1101
215 1203
490 132
2130 1541
60 1962
324 493
1928 562
1689 870
1320 1038
158 2480
791 2148
2107 1152
283 2016
1254 1228
2100 1371
2024 911
530 1582
1326 559
1162 612
2479 1358
2299 2171
1043 2406
669 2274
1137 1365
2236 917
1676 777
1039 1705
1881 293
1166 661
1072 1144
443 1788
1579 2262
187 972
1758 595
1960 1941
2147 841
832 723
1850 1907
1687 753
2060 1556
877 310
1402 299
1885 2349
1293 1173
1748 1913
510 7
2045 1912
1733 1590
1768 1925
1083 2474
409 636
2376 2350
1171 409
126 1194
1653 491
1013 716
2369 81
1536 1866
995 1113
2317 2003
707 1948
1282 1545
2053 1229
2354 1506
604 1329
38 2097
2098 216
2136 285
1937 543
1363 361
1145 1418
2374 673
1489 1587
25 1115
921 1801
2461 274
428 1676
1674 1702
1175 858
281 713
1130 344
588 1253
555 2020
217 1164
403 28
2052 1565
287 684
1464 1411
800 2051
2281 1596
1647 2326
581 2175
473 1969
81 522
61 2298
1498 1854
1435 424
485 279
1873 2303
523 290
1027 1442
2194 376
1190 1630
1494 1977
2397 1876
1403 1267
1769 1366
1377 1097
584 1446
382 2153
1492 2346
2016 1287
297 1564
1465 2454
125 109
414 1964
766 1606
2206 690
888 766
2269 2374
1243 1222
314 44
1853 957
663 961
1567 1850
782 2457
998 276
225 1631
1686 531
684 1791
208 1416
2138 2165
943 851
1795 1515
903 91
43 859
2422 1990
1613 1861
1344 6
522 2471
2207 1715
202 794
394 1642
1684 937
1646 230
1620 1462
419 2404
2023 2246
1951 2488
1556 1766
972 1181
865 1120
2362 1881
1047 1662
477 419
1215 526
1368 1149
1736 2408
1585 1307
1226 509
2458 1196
1400 207
1622 634
2174 1053
2109 2068
814 2282
857 2248
2467 876
119 88
1535 1816
90 918
1690 2105
2469 176
1125 867
1389 1051
2019 2270
1185 2372
1594 218
241 438
1284 635
1263 2390
858 1336
108 2414
2175 2462
827 1360
240 1084
983 481
2202 727
683 2354
1957 497
1461 1692
2134 1439
1459 881
1729 783
1777 2355
651 1028
1959 1473
1765 1785
2015 2240
724 1512
957 70
698 505
1076 2308
184 143
2048 1867
1868 23
2428 1208
2319 452
1010 1671
302 757
739 90
2403 1346
1727 1125
963 1432
1772 2084
842 2108
1168 1467
224 1064
115 123
1205 751
911 158
1508 754
608 1080
2364 1376
1178 530
2395 2395
640 1456
1399 931
1207 629
2177 485
198 1441
1012 468
722 356
318 278
2264 2075
1444 1731
846 2194
734 1584
592 291
2030 167
2357 2039
425 983
917 959
954 965
49 1767
339 271
876 651
138 991
1233 1424
210 228
2035 1921
1801 2193
625 1450
358 597
2381 922
660 778
1288 53
1358 696
1831 2021
1434 2378
2438 1169
1767 437
1784 769
104 1333
1973 694
1526 46
1598 449
30 515
1627 545
2429 1146
971 1786
1749 1522
564 1436
1480 1272
1878 2086
1989 1521
230 1914
64 880
623 1983
1837 2027
880 1760
95 2361
1652 1247
21 2470
875 641
2337 1793
1290 68
2474 223
1106 454
1367 14
509 1730
874 135
1214 511
1015 2015
103 2172
1704 814
657 1029
1841 1236
53 415
1478 1332
2111 933
674 1088
205 2275
2033 125
2184 2459
1846 1318
882 1065
1833 1355
2491 2210
100 345
1643 2004
575 1916
2192 1833
907 1892
556 2006
599 735
20 1518
1693 1397
1713 1954
93 607
938 2190
1355 1895
455 2466
2495 21
2276 628
1266 1829
1155 1736
807 456
378 113
410 973
1001 1412
1614 2226
437 1623
2252 1209
2425 428
573 83
85 2433
1633 2381
853 1464
2390 1657
436 2162
868 1256
859 1206
1979 1905
1920 1259
404 1735
1264 2291
1874 341
1121 469
2378 346
249 954
442 1889
793 2064
1404 1721
1428 2263
1963 1324
897 1627
720 1306
142 281
2307 1135
960 2223
1231 2426
1835 379
146 1963
708 2183
1954 2265
1985 746
1364 2307
1447 853
137 1275
1936 244
1953 243
33 488
1984 29
1770 1269
3 360
690 976
2484 1150
2234 1729
1339 1560
317 755
458 318
1265 1949
1906 1327
1151 1049
117 402
1 907
24 1805
870 805
2398 555
2101 1601
2089 1157
2423 529
91 1661
1731 26
1120 398
257 1989
1750 349
1709 528
1297 1795
1870 1888
1211 643
2188 1920
270 1693
2311 1161
2297 384
2262 2255
852 1930
220 1343
596 644
377 839
495 1361
209 1193
147 253
111 581
1260 3
374 1554
2355 1465
1101 1780
2431 1799
1679 2203
2002 397
1485 2331
1305 1153
2058 458
466 407
1964 2284
390 1448
173 1931
1521 100
1754 893
1319 1477
282 382
2318 760
59 2080
1383 504
1636 948
1840 901
1548 725
2434 139
2375 193
2394 717
165 557
670 1363
435 1743
1387 371
1809 990
488 387
1225 67
1760 1643
1663 103
2086 1155
1595 1764
1238 1117
2344 1035
785 863
2071 801
885 2050
2308 2061
255 953
787 1367
1050 1822
1454 72
188 659
313 313
2482 993
2120 1784
23 1380
496 910
1737 565
2105 1231
1675 240
2164 1557
1677 206
1057 1067
1637 714
597 2087
1596 837
1049 140
423 1007
1538 1848
2021 443
930 1359
1712 670
2148 1679
1743 1855
223 1018
808 677
1455 124
1240 1571
1825 2377
1821 665
244 35
905 2136
52 1976
1219 59
727 920
332 1139
713 1014
1191 1765
320 235
1222 623
626 108
2405 882
780 1739
96 1385
1255 2234
958 688
929 1130
1527 2244
14 343
855 683
867 129
502 1019
2156 120
1110 1375
654 455
1563 1137
544 181
1926 520
1361 2206
506 1344
1862 2335
1100 1552
904 151
154 554
515 1600
997 2312
1018 2045
1122 1704
432 1594
2373 1501
531 466
2430 1828
2095 52
728 1296
664 2166
736 1249
687 1433
1947 685
415 1082
534 1147
2388 947
1096 1041
1507 1406
412 214
1982 1528
2380 1819
1490 1639
1056 775
1618 2299
102 2231
578 134
1008 2169
642 1499
2248 649
2044 87
310 326
47 210
1602 598
1726 1112
2254 2302
572 1952
1924 354
2455 1884
427 2475
1407 501
1107 1170
2155 1655
936 2041
1055 147
2450 69
2091 1911
2361 2100
1896 388
1857 373
1411 2159
569 698
1930 2091
359 1129
925 1357
1529 2072
912 1100
1790 2138
1642 470
2250 1197
1070 898
398 96
2171 1813
2050 583
2396 2444
689 715
2449 1362
1138 2096
823 599
2096 211
438 860
1286 966
922 1868
2328 1186
704 369
1216 986
2189 502
681 2281
692 1997
486 2385
2232 1280
817 2259
388 2434
973 925
695 1006
1128 1121
2159 1496
67 1070
754 1762
1085 303
123 2271
2038 1384
430 1686
1897 1574
2453 820
762 2047
416 1145
1793 1419
2068 1423
1876 1984
747 1458
2342 2057
1334 1404
1350 630
285 1017
1304 446
1044 114
940 578
2289 550
408 692
2075 1946
1980 1062
2013 2340
1133 707
1401 445
160 909
439 838
2271 1090
340 1443
1764 2135
1851 2371
433 589
482 1959
862 1697
350 2483
1032 84
201 31
405 1348
2244 1994
120 1341
1925 980
2235 1992
1309 355
1621 967
1782 48
2241 1414
1141 2024
991 2028
1415 1388
913 332
1104 1555
1433 662
371 2443
1774 2143
2199 869
312 2202
193 250
1051 1546
658 1489
448 2290
1515 1775
1026 1257
1184 1865
1514 2348
1934 222
1064 1891
1131 2416
110 1098
1307 2081
391 672
216 32
1811 1383
890 1394
744 1812
2487 2228
2062 2046
228 1592
1927 730
1728 1322
1776 862
1998 2113
934 1480
2198 1381
1866 1519
1665 544
1426 2
450 1902
2092 1044
1783 22
2219 1250
1199 1085
1244 1486
163 1430
920 2237
39 283
1867 2092
790 1523
1525 764
1446 2043
908 944
543 1691
1971 2436
1452 1012
32 1533
2003 1002
122 577
17 1482
621 930
464 60
843 2365
1839 1386
927 1934
497 2428
820 2279
1559 1148
624 1201
835 1073
1098 2447
1342 380
1116 399
1903 1796
177 1647
1852 2402
1779 2035
539 423
2152 1312
761 702
45 1251
1506 1126
2296 650
1592 490
2191 1
645 315
1296 1637
508 450
1883 1286
1058 2225
2270 2179
2131 1634
1203 2182
1798 1508
1591 460
1861 549
92 277
1442 943
2477 2419
1719 1185
1396 1706
1356 1218
959 1531
1408 439
2142 1114
2466 582
2295 2440
1409 950
1808 797
1972 2155
1431 2089
1285 626
1983 1488
2282 1724
1241 192
186 2215
2265 196
786 426
298 1814
1353 1530
548 700
1457 1690
598 1542
1473 1217
1560 1328
994 834
2125 471
591 1154
1113 1646
1349 1141
2040 1527
1006 1134
1089 1021
180 417
2007 552
1886 864
2163 1539
1938 202
812 347
346 4
344 968
2439 868
622 199
579 65
533 1551
321 1045
190 1699
2261 1678
2129 1549
470 2227
629 736
2481 2294
1268 317
611 699
1909 1980
679 1755
518 1026
1895 765
128 18
153 2019
379 2423
1616 2356
1669 353
1517 2261
1149 1752
1417 1246
2291 574
1192 2397
915 1382
1362 815
1589 1195
2029 1303
29 56
274 1032
2263 225
1084 1138
78 1924
650 2079
1093 1695
2255 2036
806 1529
1127 2054
1330 133
441 420
849 352
1025 1317
2018 1483
1366 1216
751 2098
1208 2174
1313 306
54 1400
426 208
300 2272
2414 513
1322 268
2204 2482
2145 2341
2272 1255
716 1276
337 2146
319 2157
1522 126
291 825
2360 396
1091 1754
166 1242
586 411
1810 1274
1617 537
840 2099
831 2330
1518 294
440 169
1991 1609
1118 2379
1029 205
2185 191
1371 2241
429 1314
1182 969
2382 1003
803 942
1516 2260
2243 336
453 2487
2427 546
271 2316
411 958
1819 1960
40 989
1911 1993
1918 2168
788 1856
9 945
2420 1928
702 427
993 121
680 1010
796 1407
1143 284
616 97
946 1922
1882 1579
1189 1471
902 2305
1067 1955
620 1425
590 846
772 393
783 478
260 1559
1804 2236
844 8
2187 255
1088 1061
2216 64
1248 774
1999 1238
545 394
2054 2243
1069 1056
2294 2496
368 54
677 73
563 2147
1381 1221
1670 2486
1395 875
493 263
2365 631
1139 1665
1593 521
1858 1103
1683 1612
1773 2321
767 256
1587 534
1542 1901
1299 2429
98 272
756 2058
1235 416
2324 51
1470 1495
1888 689
1177 1975
2099 827
229 2295
1251 2389
2447 164
1977 254
1681 2214
1278 1224
365 1490
1539 1105
1803 2071
221 1437
105 877
1429 807
72 1387
774 2106
2478 1081
1040 201
562 2110
207 1995
352 1683
445 1543
2316 209
1374 2037
434 1701
2445 604
967 2460
189 566
802 1075
871 2115
838 1241
5 1656
822 781
811 297
1201 873
2172 1898
8 610
351 1568
521 2129
480 2141
63 1020
2181 2121
784 2322
2393 804
2341 533
1910 897
2154 996
1129 591
1332 576
1082 2062
392 1099
2349 234
2407 1205
856 2311
135 1981
2064 1759
1604 127
397 1279
56 1315
1722 1547
1732 741
1899 1602
869 660
380 1797
748 2439
977 995
1416 788
1261 2207
2496 175
1382 719
672 2413
369 1427
2283 1122
1301 732
1576 654
1239 1350
1564 1832
2165 288
662 1087
1828 518
1849 705
2004 182
643 327
347 1619
1543 1737
1196 1758
305 1716
1405 378
28 2078
2141 358
1880 180
673 639
402 2353
1422 286
148 1052
1510 138
1365 1617
1176 847
451 663
476 320
1715 647
1818 188
1336 1347
879 1310
2470 335
609 1498
758 1294
84 1262
1872 1648
1223 1632
1014 563
1246 711
635 2177
1869 247
666 740
218 1060
1706 2254
570 178
1283 652
2371 621
1658 844
150 2396
2437 212
1799 964
1053 955
617 1399
1581 572
942 1282
1605 1815
773 525
1995 251
157 2449
893 499
127 1511
1816 321
395 1781
653 2066
1692 2142
2473 1714
2229 2455
253 758
2097 1732
1717 560
1021 365
254 625
315 2060
2108 1909
1791 806
797 2090
1228 2107
1386 742
801 63
1916 405
1915 107
2480 1285
910 43
2275 1223
1939 2324
2173 926
541 1567
2245 892
106 160
1721 979
2320 462
2279 418
10 1958
2416 605
1700 161
2314 975
2330 938
174 1726
1236 1827
507 987
2347 1123
107 1058
557 823
1476 1260
1746 1652
386 1261
829 1457
632 668
2132 592
1562 1772
191 2144
1588 2235
594 2158
1900 116
393 1491
697 224
1871 473
172 1641
2008 314
1075 2336
1232 1226
262 856
1068 638
764 1254
525 2352
1343 558
132 50
1879 2320
2139 215
2140 1023
2222 538
1463 1936
685 914
101 1929
462 2441
1891 2256
2061 1607
26 430
1163 2095
2025 1050
675 2369
2182 2185
1705 1581
1944 772
325 150
2161 1694
895 1689
348 1478
246 2293
648 75
931 1577
467 389
2201 385
2074 1883
2421 330
1123 25
763 1265
520 785
1325 1870
179 162
2209 872
27 467
1388 2400
1424 890
2242 1094
839 1319
712 2229
1135 457
795 1837
1179 2167
1398 2380
665 2410
1111 20
799 1986
116 1192
1919 891
1863 1968
1347 155
1691 1893
721 1944
830 1428
2122 1189
2386 655
1357 2018
1316 2497
2205 498
2285 27
1294 2437
2133 1163
641 298
1460 2221
19 2347
1183 1410
746 1923
1648 406
1158 187
2475 2367
652 691
714 333
250 1703
568 1313
1144 795
988 2074
1981 2139
1848 2017
1436 1629
311 817
1781 553
2413 2125
2051 2001
2463 1792
1890 1578
2353 1140
1095 1798
1030 1961
2087 2137
933 492
1672 1295
2300 1789
1813 1603
771 2233
711 1015
1340 924
1496 1748
1420 1409
11 1086
2301 1787
2494 1851
1836 328
2226 1713
70 1321
1685 2232
631 2325
1016 1339
2127 163
1969 1451
1338 1240
444 408
1448 2287
2446 896
1667 588
1369 1011
898 170
1132 1886
97 2257
501 916
1210 2401
1555 2013
841 977
1725 1640
194 36
1140 1374
810 262
819 1839
678 1711
465 141
1042 1513
1023 311
2011 1340
559 41
2384 45
2309 1794
2251 142
1393 229
192 1107
2237 792
743 1650
1074 1598
1968 889
1786 512
1276 2077
1173 1985
576 712
719 1998
1019 1562
693 879
1724 2132
923 1005
2151 1076
1788 908
615 2056
1537 749
2331 2242
1656 1744
2287 1039
2292 1291
1854 1047
503 2211
1571 829
2368 2238
2223 55
1752 2038
1528 2128
1009 237
1814 484
1126 2133
944 2126
694 15
1258 632
732 302
1471 2160
1615 2280
1418 883
813 479
263 734
1943 1398
1503 13
1734 1271
1573 906
1359 1800
1467 1066
1000 1298
2027 2042
2448 1202
1160 453
770 1717
399 1563
2273 165
345 884
407 232
2032 895
2345 2067
2014 2187
1394 850
956 857
1035 2453
2442 2417
647 500
1948 338
2387 1420
1119 2297
237 451
13 2011
566 1583
1318 2145
975 1906
2415 2288
1561 82
776 1776
2443 1972
1889 1825
500 542
2036 145
294 1179
1462 1951
1718 1514
2042 1270
1439 952
136 403
384 1823
1859 476
1678 653
1209 1947
2215 1933
715 2119
1501 2170
982 680
1720 401
2196 1027
2041 536
1469 1818
976 1290
475 1667
1046 2333
286 1095
1062 1001
338 1707
705 119
1022 1595
266 2313
2312 2149
141 1243
1392 852
2498 1463
333 1903
1531 1415
1847 350
1271 2178
1931 861
2073 614
1170 329
316 800
2026 1548
299 104
129 2205
1780 656
1820 899
1630 1104
1502 184
2247 622
1660 2452
114 94
2170 1227
1958 2384
2094 289
327 339
538 2334
1079 190
535 66
667 885
2233 2245
1566 1742
1024 259
1373 1566
1708 1747
1541 888
469 2201
1487 2103
1152 1500
1509 2014
2266 1777
990 61
955 601
551 433
2267 2085
1165 1248
2088 1004
219 1183
1220 1978
1986 2208
2402 2463
494 721
1546 886
349 1043
2240 704
577 2386
413 1369
519 233
1102 2456
558 1847
547 171
1391 539
479 1597
2069 128
854 1472
848 76
980 2495
376 102
992 1826
1073 640
242 1331
1650 1516
668 2446
2379 1283
1512 1653
420 619
1206 2399
2389 710
1269 887
605 739
1609 40
306 494
1898 928
175 832
1493 2425
1730 1133
613 2464
1156 448
1742 845
1545 2292
171 2465
6 1517
472 2249
366 1807
1826 849
2288 2070
542 1426
759 2357
752 2199
1378 465
16 2224
121 813
301 1036
2217 1077
765 587
926 38
296 340
1109 334
1060 2415
1662 93
76 2034
2372 410
571 1180
2180 227
2350 267
1572 1761
2370 2493
1224 2479
214 319
1550 1904
268 30
941 71
2464 768
552 248
1229 9
1187 1722
264 431
456 1461
474 1352
2121 1918
1530 2489
1092 1063
1413 2196
1703 331
1631 2073
89 1316
82 1302
1771 1840
1217 2127
422 1235
1865 1831
1610 434
1333 1834
329 738
873 2239
1513 92
2012 1024
1390 2421
389 936
730 1773
277 1877
607 803
124 2012
1071 1654
2486 146
1397 362
211 2088
999 1308
1520 799
2258 2005
248 1803
212 1368
1500 153
630 2267
1230 776
2112 99
2238 994
401 1364
753 828
996 1022
1427 842
2351 2189
1103 784
151 2250
288 1337
2186 1899
1569 2063
528 1862
517 136
789 1880
1580 1190
634 1191
1597 811
2456 2484
919 1668
1608 2343
504 929
1037 912
1519 2164
2497 12
1038 436
1112 1757
1045 1687
1161 2329
1279 1544
860 47
1832 2363
1499 1740
718 1857
499 2360
1680 252
2118 963
2114 363
1099 1156
449 1042
1787 1025
323 1625
131 1338
1483 1575
1952 374
2323 831
360 695
1901 400
1437 1219
1474 1210
1940 666
2193 2317
1247 1698
326 2023
2313 177
140 616
1611 168
2408 1763
2167 970
2286 780
1805 2498
1855 2123
2055 189
950 2109
1834 404
1894 179
1547 836
638 997
370 664
1194 245
2352 257
231 1809
2410 2273
951 1128
1864 2258
2010 1967
1744 2094
2009 706
1221 1494
2306 1938
837 159
1967 1454
512 2382
245 915
170 1720
1992 2059
2277 900
1384 1725
952 1779
1987 1167
2302 1444
454 1299
1892 1919
2208 1558
872 567
723 1973
560 1660
1227 1943
682 24
1440 1645
582 2337
825 1502
1202 370
1789 519
2441 748
66 260
484 1593
1578 98
1735 718
834 951
1451 1897
1063 413
1702 2285
2489 1033
1554 1935
699 381
1004 359
2303 904
1817 2184
1822 902
2460 1212
307 2289
726 1853
881 307
821 762
1974 1438
1600 818
74 956
381 459
760 2359
1497 1658
1445 1402
804 1176
2433 1859
964 2152
610 697
1034 1836
2150 220
1856 809
2290 1503
1635 1055
2218 2393
112 111
44 633
2124 2445
1456 2490
2377 1353
2305 2268
159 1334
1466 2319
275 2154
928 2364
2468 678
2383 392
896 2430
565 524
587 1863
243 2448
1557 246
41 981
2082 2031
745 1211
1249 1915
1914 1576
145 556
489 1626
1755 1325
1352 1177
619 648
356 2026
2440 1485
330 1102
1603 962
478 86
987 1808
1606 1136
2231 731
1975 1354
1250 264
778 1175
886 2120
514 1778
2338 2218
549 1810
1797 1718
203 770
529 386
1253 197
1753 1119
1328 940
373 1999
948 58
1419 1939
513 1553
1150 2082
2304 489
826 1143
77 773
2102 1616
1360 486
31 506
2392 2301
1946 0
974 1620
459 523
162 2450
1860 1970
295 761
1575 1896
1699 1487
701 1069
1295 2269
2321 830
2022 675
169 1009
887 848
1048 1059
1696 1768
1077 296
757 949
304 1869
452 383
1651 312
12 1864
1568 1526
1345 985
1080 1166
2239 323
460 988
965 2411
353 80
2081 743
864 2044
2001 174
2417 1159
2346 2467
809 1841
182 791
2084 2216
1829 2131
966 2025
375 74
2366 2383
516 609
118 2065
280 2204
1877 375
891 435
1105 2391
50 2358
1532 1447
290 305
1181 796
769 745
1169 2150
2485 2093
1036 2022
1354 2420
1823 241
1523 444
417 2438
1741 195
48 2163
181 617
1180 786
1275 1342
1317 1431
2212 1220
37 2032
1626 1200
2126 1875
144 771
892 1677
1716 1842
2123 95
227 798
794 1937
909 960
1242 1741
143 1651
2158 1770
1997 1979
1323 432
1913 646
1472 1252
1481 118
461 1940
1668 1452
18 1520
2020 1470
1586 934
1218 575
2256 1756
200 1894
2436 185
272 579
99 1074
659 1244
69 1497
1945 1168
1800 2053
505 2461
1565 2323
292 2253
1375 1649
2047 325
939 2076
1950 571
932 2180
1629 1806
2326 2491
284 1987
1134 1481
1412 759
2268 1932
1751 1908
1875 1390
261 1178
1524 611
149 2278
798 1396
1421 1685
139 300
235 2130
536 483
109 1532
385 1585
1976 1537
1632 508
2037 1681
1303 1054
1644 1710
133 613
1314 236
1763 752
850 878
2210 2388
836 2435
1792 2499
303 866
406 79
2230 1108
2472 2412
1671 1434
717 1389
1041 1422
1259 10
1912 1802
1590 1750
2104 2252
1893 1738
4 440
2143 624
2106 219
1458 561
918 1475
1124 1682
1385 1872
709 2219
336 1309
2406 548
2356 1505
167 1057
1544 1421
1292 122
2213 309
1996 1635
2110 541
815 1207
341 287
649 1083
1477 1037
916 1435
2492 1628
1379 1890
176 590
1714 2494
978 2156
816 1838
899 89
646 372
226 1040
42 782
511 324
1504 686
2063 756
733 1188
1993 2276
1634 2247
1414 527
2499 2122
1551 1783
1086 733
342 1622
1146 2473
362 606
777 810
73 835
2228 368
935 1633
1115 1237
614 992
779 1604
1003 194
1794 1330
213 1821
1200 1215
2067 2186
1335 390
2457 2422
914 984
1812 421
2343 1230
1186 110
2322 2351
334 750
1114 808
1153 1289
1410 2442
1682 425
183 2469
1935 1174
1785 2151
80 790
1641 1071
1966 2310
1291 701
792 2432
1017 1476
1059 620
2039 2306
1252 1048
1745 2339
585 1278
947 1885
600 843
1796 1300
2166 154
1978 1335
2335 1239
2077 894
2117 137
1970 1171
1619 593
2260 2342
1380 2409
742 1031
331 1860
51 2403
1164 679
1430 1644
637 802
87 905
540 1504
289 2049
1450 2431
2432 1395
239 1589
1406 2286
2135 1008
1666 2451
2176 2373
1438 1030
396 596
2359 1118
1923 1672
