2000 6500
1057 75
1026 1168
1327 986
328 1439
1176 812
1399 565
523 1769
1790 815
128 444
138 465
291 874
277 1018
1093 516
50 274
1755 102
620 1846
1769 356
870 832
914 238
1727 486
1109 1591
1350 1259
1284 22
76 1198
1183 1262
1633 1677
145 1804
225 448
334 1550
1845 1745
368 732
1965 1218
462 1235
1073 672
1797 992
1632 578
968 1290
1678 428
1130 870
1876 1386
1721 495
1169 568
508 432
697 918
1742 940
1686 475
1061 1014
491 322
573 363
1853 216
1264 1758
272 1352
1473 1510
532 624
1259 1928
1629 1200
273 85
1149 98
916 748
1889 833
440 929
82 696
707 68
1675 208
1221 1891
1749 958
39 212
859 504
1873 1825
616 1009
214 1719
1643 24
1652 744
411 491
1218 858
383 1540
1328 386
398 1990
1329 1286
1462 1271
461 851
1287 1727
1217 55
1986 956
1209 928
1461 1806
1460 1112
1250 1834
231 1389
1760 786
881 10
915 1751
1071 429
1697 406
1820 756
53 1172
1645 1440
548 1270
784 1560
1405 1390
1032 1095
1029 505
1141 368
497 658
514 113
1556 1733
1030 1756
849 980
1940 1363
1662 1823
371 1665
1609 1794
526 177
1596 463
706 1936
238 552
1455 142
572 1299
40 1496
647 345
119 933
152 911
274 1355
1874 414
1125 1225
449 1340
1758 1182
930 1880
406 699
357 1711
88 1821
1098 1767
1560 903
1672 782
143 247
577 192
97 1297
1878 1233
1058 753
842 1354
49 623
765 805
940 1678
509 970
1631 158
1383 135
1208 835
1588 789
1824 1111
1422 1385
1663 1094
198 161
933 1372
252 1785
1728 1938
593 1441
1434 147
907 148
820 1975
693 1088
267 1581
1444 657
1053 223
26 1578
1122 1816
1165 1704
1730 136
587 35
1150 614
226 1292
900 1196
847 952
1378 1501
934 1158
741 1
805 695
542 775
711 1437
262 1248
1542 1030
1401 119
804 337
546 1264
825 1242
99 107
1476 831
1346 1606
1192 335
617 281
1680 1045
504 222
30 288
450 1213
1358 1599
493 78
1173 2
1772 1701
751 1247
73 315
738 1315
1429 139
1502 1358
528 1327
1998 1232
1277 743
1537 1395
1140 1894
672 1016
1126 141
1145 596
669 130
1129 675
822 1304
625 37
779 1491
74 1335
321 1398
203 1376
792 660
563 483
218 745
292 508
70 1346
856 1875
525 348
978 772
1626 1504
1005 538
1549 909
594 450
1297 1443
1160 1338
183 1205
503 282
1989 41
1501 684
1598 128
1605 1605
1981 1673
1438 1734
204 451
1780 91
1242 239
904 1532
633 1167
821 994
623 67
1743 971
466 438
549 497
185 1211
1493 1413
215 1403
981 822
626 1596
109 1831
643 1753
496 767
86 1287
1842 1966
1451 542
1914 1920
701 1580
880 1023
1644 1686
1647 1890
818 650
744 1941
899 1658
403 989
495 1040
486 1688
1474 253
1305 310
394 1227
911 1267
192 42
35 1729
760 373
1927 1933
906 1396
1341 1116
1251 1383
1144 957
1200 364
684 105
193 673
970 38
350 1764
1370 717
1649 1183
98 262
1295 1638
1147 1456
229 968
1391 1188
1271 388
240 1674
1900 1489
1317 190
302 499
325 729
1956 600
945 690
852 14
1084 470
427 927
1777 1691
417 1019
1449 1272
1312 471
220 975
1855 1738
1055 1061
114 176
596 519
609 405
826 656
1320 1522
687 347
1737 413
753 645
749 1505
1880 1102
584 1832
995 189
1707 1853
710 1705
1379 439
1891 813
832 976
1939 1317
253 300
1260 168
841 106
18 1780
1090 207
1993 398
1498 137
351 1222
1864 1963
251 979
197 885
471 1344
954 850
1639 1715
1555 396
235 1121
304 1017
1371 1725
134 1057
560 1653
1526 754
1936 546
1207 442
1124 1810
1532 1629
1985 371
67 697
1945 437
1567 7
500 620
148 1453
631 959
1954 447
1635 1637
445 566
1332 1230
806 29
748 202
728 1490
601 574
432 332
1105 513
1527 939
656 1478
96 58
4 1707
943 436
186 529
604 1012
1339 93
1400 1250
1538 196
1008 811
861 245
1348 1237
236 151
327 1579
1673 389
1512 1138
1074 1382
1489 709
431 1423
1076 530
975 1676
16 355
583 126
1436 1805
873 1006
1082 563
1285 1852
993 482
166 981
1704 526
221 1672
1445 685
712 329
1621 1812
482 1779
1289 1972
1693 915
1482 1008
1114 1912
1681 169
1226 1546
1960 836
828 1946
1080 533
692 1252
1714 1392
1761 17
1803 840
1575 559
424 1362
1545 1790
1420 1860
176 211
998 127
423 1584
715 1507
280 1574
611 403
1039 1989
246 1154
829 1370
559 43
63 1732
194 1797
1585 101
1190 977
1472 385
887 503
1477 1155
452 1952
154 217
771 1459
552 1763
324 187
164 268
1897 1967
122 11
453 1529
1594 87
1363 1609
588 182
926 154
1507 48
1522 1888
127 1848
173 1622
1837 1631
1359 1568
45 1536
590 682
95 301
739 859
1794 183
1591 270
810 1063
1776 737
1442 1387
212 1472
1402 1503
268 13
359 598
1110 123
1863 680
124 425
1674 921
366 710
736 1078
1804 1405
1006 306
762 1137
1322 1180
144 1535
932 1981
34 1801
1356 562
283 109
600 781
255 47
1595 1059
1283 20
1210 1896
1917 1274
1953 999
1286 794
232 891
136 1034
1859 19
356 1298
1709 735
851 293
1806 1409
1079 1589
505 234
1025 455
228 1668
91 1650
1912 938
1452 1001
1457 553
1088 0
179 581
990 287
921 346
1669 1202
1241 1566
470 1994
1045 1128
355 1212
1817 59
1744 896
1802 1106
891 1837
670 1145
1245 1336
531 1844
1343 387
300 380
1441 1305
1698 1093
834 1813
42 381
747 577
589 1931
860 522
1869 716
1340 1962
513 1021
1086 1141
1411 1236
373 824
537 295
659 350
142 1013
1484 173
1300 1838
663 648
1825 1447
219 397
454 714
72 1741
1937 1229
982 787
1898 1808
1597 655
1822 1561
1896 1718
722 378
1418 1982
66 1438
1944 1969
755 383
864 1836
284 1324
233 1870
1789 765
1593 1748
140 1861
1515 1594
159 1586
477 868
817 61
381 663
879 935
1166 1044
522 218
293 117
592 285
210 1526
1231 1368
1850 1724
1801 589
545 1571
1570 478
475 228
1505 1537
443 1651
429 543
967 1179
188 194
464 1414
1525 1400
1827 951
1712 703
31 1954
694 800
1781 1421
200 1002
718 862
1829 6
1700 514
1559 1486
46 1081
1352 382
869 286
1372 1147
358 399
1534 84
872 1998
77 678
1301 668
1590 1465
1072 985
1952 1865
524 1775
1972 723
1637 1477
1583 1598
1075 1151
1033 1518
1431 1360
1924 1892
1815 964
1738 1284
15 200
1773 790
1044 303
917 359
1374 258
936 601
1566 1600
939 1826
333 443
52 1772
1486 1889
310 358
1765 584
1572 1899
47 417
1215 1585
1293 1150
428 937
346 1835
1630 1664
83 372
1427 1716
207 829
666 195
369 823
407 1592
1113 481
494 1010
1368 1655
94 430
125 96
786 894
1557 1330
436 1072
1413 4
222 410
1719 1986
391 586
1870 619
1202 1759
1671 1765
1881 1136
1701 1618
561 1418
997 1760
1813 1965
1610 1697
1882 582
789 12
938 1497
876 1904
1600 186
682 1124
1552 654
455 1220
624 1176
1509 1961
1884 145
1170 888
1504 1942
1724 1062
1331 1281
988 1323
959 46
1915 536
1288 1690
1750 16
1408 1640
237 1968
1888 1410
1573 464
1799 1278
972 426
415 1369
257 307
269 637
413 1717
151 524
85 27
1491 510
1268 1067
1536 279
983 642
1618 1886
627 52
803 1043
1349 653
586 625
295 1762
635 967
1256 627
239 1728
1506 738
1314 838
649 191
201 1131
5 841
1539 1462
1263 707
1182 877
28 551
414 1548
241 1619
1273 914
1390 1265
1764 1520
650 947
469 1706
1164 314
1220 1786
55 461
1949 1531
1660 783
1094 326
1711 156
665 1482
1440 49
905 349
1508 166
797 104
1387 998
1838 1313
174 923
317 1268
1849 367
757 1659
374 354
1365 1915
761 560
833 1153
1153 740
844 1461
1904 506
1235 1517
1607 1165
551 18
848 174
726 1028
1395 830
942 1228
1762 1189
38 32
1722 1647
1104 908
750 118
769 1296
952 1311
1324 866
1292 1471
1013 852
772 204
306 801
1142 249
1325 591
1679 1621
1433 1932
516 71
969 416
87 556
770 1469
819 1347
1627 688
1795 683
141 341
344 1483
340 1110
112 1987
1099 1318
1180 1157
1211 616
1717 1466
281 265
1592 779
929 806
37 1291
662 1944
216 1076
1194 133
230 1199
1702 1866
1947 1562
652 1276
602 144
439 548
129 726
103 1394
1426 861
305 1320
831 1588
1118 401
1983 206
89 1135
1398 1325
360 213
1872 1401
1353 1768
1793 296
116 1294
1262 233
1279 1696
9 997
1466 1251
628 590
1447 226
1041 1048
2 214
1101 763
1925 453
705 1269
689 665
862 1642
444 88
1935 40
1184 1083
459 63
1703 181
492 1130
1910 1258
957 1547
1833 1636
316 402
181 241
202 1226
1159 339
918 572
195 1573
320 1559
1982 1985
540 1118
117 215
1740 1129
1060 422
1298 60
1513 1454
1253 886
1683 1973
1685 1959
345 1207
1928 1730
297 966
1893 1950
1131 1073
676 138
1518 807
1163 1173
1216 424
1688 201
1676 659
732 1152
1658 501
217 1983
1068 1449
1800 613
1921 224
645 493
1517 902
337 185
1831 1577
1414 1720
1665 1940
279 872
1996 1463
343 1446
341 1108
1196 129
671 1342
1754 273
567 500
1695 163
1392 549
390 1620
1021 1186
178 1046
782 948
1642 1452
1404 1049
387 816
1608 1231
1077 905
146 1689
299 736
1771 1527
927 1885
1459 1830
555 1314
895 1633
708 849
425 711
1641 404
1001 1849
1011 488
814 1134
1668 633
1951 827
485 1420
1684 1142
1739 419
830 1047
296 778
1667 116
1514 1117
1834 1773
68 1123
716 1458
1865 1495
1146 1351
399 962
1624 518
190 77
1651 1628
1854 1384
868 564
724 165
101 796
974 170
372 361
1548 255
1625 528
1725 1884
989 1367
1616 256
1808 8
1615 1219
1577 266
41 1164
1919 755
227 784
1871 853
554 1569
1729 954
1270 205
1258 1543
1821 316
353 1161
840 1433
1767 1796
1111 1442
613 1887
1034 628
646 1084
867 1097
1946 570
1419 308
430 1488
1550 1862
1977 922
571 1221
1412 639
1670 1054
1580 1184
655 1100
1623 269
615 991
498 871
157 1556
1213 458
576 1845
780 1572
1424 532
1128 1087
58 777
634 750
1748 1357
1589 1464
250 1321
863 1500
132 969
247 290
877 1663
380 1115
326 1399
441 615
1435 66
632 197
171 531
866 1407
182 1557
1980 449
1344 924
314 540
319 1253
1699 588
595 803
196 722
311 1245
1342 1379
1500 555
81 1329
1654 649
150 1004
1181 1722
971 44
393 1119
1028 394
1227 984
1942 1833
1716 1793
884 1737
902 1139
384 818
479 1035
298 899
1613 178
1811 1905
698 826
1458 1425
172 730
1347 1162
1723 641
1510 1747
1690 28
745 1582
106 1178
382 810
1018 941
211 1261
59 1312
1753 847
740 1934
709 21
949 1303
688 1038
1564 712
699 608
766 1098
630 1945
126 1927
1002 377
6 541
962 544
973 390
1788 780
1861 317
1361 1976
1214 1847
502 291
1858 760
1338 484
1807 1166
1092 1906
1860 793
1931 1519
162 621
648 1415
734 1444
1384 1310
667 728
365 1817
288 881
177 1750
941 159
1132 1364
1875 1301
1531 1864
730 1977
54 943
20 1181
1563 1476
1551 1473
1274 863
1244 1101
1713 1685
282 366
375 1958
1316 1971
756 974
1117 1481
1186 1712
1848 175
1841 960
1009 1842
1354 1803
1856 647
1225 400
118 1840
1768 1811
991 848
1035 734
1689 94
719 309
191 124
1234 1475
790 946
1569 1356
1266 1343
1062 1721
1185 776
1666 1922
60 920
56 1610
566 1809
619 184
507 1900
1908 1787
999 325
986 74
1602 1726
928 583
1107 278
1851 1802
1969 1513
481 193
1047 1417
1586 1818
1706 392
22 1159
642 509
1976 797
815 945
544 472
180 1249
1916 305
1446 741
1818 1604
1857 1027
839 882
385 1798
1195 1545
389 1430
889 1611
1836 856
1059 1627
924 1974
265 108
1862 1792
8 768
446 271
329 1597
1735 283
901 879
1710 1754
1421 1953
1933 725
1499 340
1784 80
517 511
412 242
1394 1254
1360 1060
1385 125
793 883
1193 1373
476 334
963 1607
1496 798
920 1171
147 1333
580 1687
1796 1025
1119 1684
781 828
570 912
892 1277
1656 251
1601 319
984 1388
1497 936
1705 791
110 746
1746 686
51 1612
426 887
1330 250
434 1331
1895 1206
557 1873
1902 1783
680 855
402 704
636 81
1243 523
575 587
308 1429
1095 1877
1179 1778
1488 1371
510 179
404 1361
1677 1279
130 698
270 1916
1640 1024
1892 1359
931 276
1546 1776
1966 1096
1278 708
457 1187
1127 73
1967 395
1883 1079
1310 1590
1775 415
1879 973
397 1910
966 990
1918 1970
1175 304
987 1402
408 1863
1162 770
175 1070
777 1125
564 1570
1133 1893
1529 996
1747 773
1480 384
958 1898
1188 515
1428 434
490 661
1050 23
1731 1015
727 229
763 632
746 1448
1224 263
1453 427
1096 593
1786 1683
313 1240
433 817
209 875
1019 490
518 5
474 1195
802 1564
1321 1411
808 788
1726 1243
1425 477
1691 1648
1219 860
1066 1003
1847 694
438 719
764 575
1265 576
1650 1593
1533 1107
603 934
1782 1565
1382 379
266 1909
1692 646
392 1170
1785 631
758 1587
578 1260
1052 275
1364 731
90 1412
1333 454
1584 1524
1906 236
787 1661
565 1991
506 440
674 895
1161 1052
1043 1708
339 521
799 889
775 299
637 1426
599 445
1204 1282
1479 1902
276 664
1138 459
640 95
1901 1085
855 237
923 1033
1016 987
809 33
550 1770
259 1824
420 1374
1787 330
312 351
985 597
1661 1901
1042 1345
335 629
1308 1255
937 1781
1155 700
1524 1643
1628 1700
184 1051
773 1654
468 1066
767 1494
1369 157
1239 739
1718 344
1530 1992
1805 978
568 1436
992 554
1963 76
79 1090
1254 1042
1814 720
1890 435
243 1625
1373 1698
837 931
536 1308
824 604
100 1365
1464 357
131 1541
1478 1334
1456 1203
1410 691
816 759
1389 1175
1465 1988
1432 913
338 652
1757 1156
651 1617
690 441
1483 1406
1280 272
1294 353
1547 1814
1581 1499
244 336
1734 252
1736 297
713 57
69 1208
478 1216
163 172
1964 702
1296 1474
362 1234
953 1026
1257 83
330 1053
1553 292
1909 171
161 1819
696 1032
704 1879
1307 1432
33 1339
581 1105
1979 418
723 635
1603 520
1877 232
678 321
1249 1774
653 949
400 845
1375 689
1974 1381
720 1978
700 1551
965 352
1638 1502
731 1615
702 1431
1816 261
556 752
681 715
61 534
1233 1914
1619 774
1417 571
342 906
1756 1828
896 1185
447 1246
1172 993
768 1702
955 1841
322 843
622 1306
1733 1757
1948 751
539 876
484 1404
1381 1960
307 409
1017 1603
1554 1908
798 1957
367 718
913 867
675 36
1156 1075
1067 1280
169 512
1198 1326
19 1530
1063 1460
846 132
388 1332
1229 864
1839 1815
1751 110
1323 1645
898 1682
1832 188
1988 961
668 446
1031 248
1463 30
318 1319
1115 1451
1069 837
1070 1539
742 121
155 360
1783 1919
1646 1508
501 1515
1036 842
1913 1681
1357 1470
1687 802
364 1656
1056 1160
1830 634
105 764
1494 1935
1991 494
376 420
1511 1926
1205 209
64 1197
1798 1169
857 640
621 595
1236 1956
1763 476
1064 1337
1103 1771
1994 679
1992 644
1423 1739
1997 701
1003 473
1135 1143
1791 1881
529 1523
1759 280
610 898
352 1850
885 343
1351 1080
1528 50
187 1827
1318 603
223 1601
1485 1140
606 1300
1406 1307
62 146
1886 1114
638 982
894 1050
401 585
1010 1917
1313 1120
1970 573
1049 1964
361 1695
1097 79
1561 1092
1282 391
737 1911
883 1795
1523 1288
395 9
75 1882
1810 324
721 630
733 90
1828 809
845 579
1439 693
527 1923
418 231
1007 1007
108 320
1990 369
1614 65
641 1616
1664 1511
752 873
1335 1506
796 527
1659 636
472 1256
875 1755
1752 167
379 1867
1470 758
115 1839
890 1744
473 15
538 1630
893 602
1089 1302
488 1514
158 433
1304 567
515 318
331 423
1792 1419
1574 676
1741 1713
14 771
960 1743
107 267
1779 742
1085 995
1311 1652
442 761
1291 1993
608 221
1362 1241
558 1736
1355 374
512 468
10 1692
1065 323
858 1576
448 820
354 1878
242 618
1541 34
1887 1144
1868 152
1694 762
1520 25
1809 671
1604 1029
1248 1223
139 1263
1199 1103
835 907
788 254
1178 1127
961 375
285 1309
451 86
1565 983
683 365
1582 988
32 839
458 1903
409 1450
199 457
1228 1239
1840 1445
121 1516
1819 1857
922 1177
1024 1316
271 298
582 474
416 1149
84 120
1975 1595
1023 1020
1386 312
245 131
785 164
878 612
1201 421
1920 507
909 51
363 370
1448 264
1187 713
12 492
639 792
1377 626
1720 1238
836 687
1223 880
25 545
120 681
541 892
1407 1349
1388 1639
1315 89
1237 1146
1157 1542
1345 821
21 1740
1941 1273
1519 257
499 1487
1636 669
1336 1929
1091 1680
1152 92
264 606
935 766
1454 342
703 963
1745 149
1 667
289 724
1004 1509
1148 411
1177 1575
1571 452
480 547
1255 1800
661 313
657 259
290 155
135 550
1306 1163
543 1069
1823 1293
1846 1666
1958 431
591 277
1468 99
1622 311
1393 1132
882 535
29 1563
104 1641
370 70
483 1348
7 1822
1054 225
332 1660
336 569
1367 1113
1100 122
465 674
871 1485
1843 1528
1929 1275
1978 1538
679 1498
208 210
1038 1289
1281 1322
1027 1979
511 1193
1240 1669
1599 1854
1334 1742
1309 82
1222 942
801 1378
1867 1996
189 1855
754 846
93 498
1535 1925
774 1353
275 609
1708 1907
1081 302
258 1948
1020 1723
421 294
167 901
1469 111
294 1341
1272 56
315 1694
1269 965
377 220
976 1735
1238 1868
137 338
3 580
1578 469
1040 467
111 1210
1046 3
78 757
585 100
520 1435
1959 944
1987 112
1544 897
778 1558
850 487
1376 1058
1290 814
1366 1295
903 1468
654 670
807 1055
1120 1924
1521 1858
1087 1224
776 869
1430 1667
1844 1856
1261 1553
886 1788
1326 1876
1396 599
1943 1626
812 705
1275 1533
249 150
994 1999
562 1479
467 1949
1495 143
1492 1709
1926 747
800 617
695 1215
1000 1671
435 1022
71 1283
944 955
956 1749
1409 1951
160 1634
386 557
1587 39
1276 1918
979 260
677 854
301 1056
1337 884
1158 1091
1903 1874
1134 1635
153 1039
1487 1005
1984 1544
1922 1455
521 651
1015 1350
256 479
133 460
1516 115
912 235
1907 1777
410 1746
827 1257
1247 1930
605 919
660 834
1866 1457
156 910
1606 1602
1490 1791
487 795
1168 198
437 1011
378 496
1894 1467
1267 1675
1962 1434
1416 134
1403 1766
1612 1190
43 1937
1732 1174
598 1391
534 1583
23 638
1934 333
977 1947
597 1644
1655 1955
92 1148
717 1649
396 31
263 677
36 893
309 289
1191 721
908 1883
489 1194
1437 1492
1634 1480
1232 69
685 230
948 1133
149 517
569 1209
1568 799
224 594
795 243
102 1074
1037 1784
865 1552
44 1851
946 1086
996 244
1139 103
1611 592
1230 1041
1774 844
1174 1807
27 1201
1380 1608
422 160
1543 1109
1397 219
1475 227
964 1921
1212 1995
823 916
1014 1328
725 1397
574 1731
1123 199
287 1997
17 376
1999 327
1415 1843
1143 1525
618 1710
854 900
735 1192
1968 1428
759 64
286 97
323 1820
1657 72
1471 1266
673 485
0 1377
607 53
1467 393
123 1082
1653 904
170 622
1923 1217
248 558
664 1244
1558 1939
419 62
1961 804
1299 662
1899 1031
347 1521
658 1380
794 240
1617 857
13 825
1303 1366
1206 284
612 808
897 114
1715 1943
1950 1829
1826 1869
1766 1065
1682 480
261 930
951 537
1189 1613
1022 328
1078 1037
1246 54
1083 890
1048 1871
1136 1679
1971 727
1503 1493
629 561
1203 466
1562 1214
1197 819
743 972
1106 1752
1252 865
714 1984
811 412
113 153
405 1567
579 162
1957 1089
260 1662
1812 407
1579 953
925 1614
535 1424
533 925
530 926
234 1484
547 950
24 1104
1973 1000
980 1416
1151 1761
1696 1126
80 878
349 785
1171 1534
205 1191
1116 1782
1121 1375
1102 1799
519 408
213 1703
691 456
874 1859
1319 610
888 1632
11 1657
463 489
791 1099
1137 1393
1930 692
1995 1699
1648 611
1835 1623
614 706
1112 1670
1955 1122
1778 203
278 331
1167 733
65 749
1620 246
1852 1071
1481 1077
1770 1646
1302 1427
168 26
1938 1693
843 932
1051 607
838 539
1905 1549
783 605
686 140
348 462
1450 1285
1012 1872
57 45
1932 1555
813 666
456 1064
165 1980
1540 1714
1911 1789
460 1408
303 1422
947 1204
254 362
729 525
553 1512
644 1036
1885 643
950 1068
853 1895
48 1554
910 1624
1154 1897
1576 180
1108 917
919 769
1443 1913
206 502
