2000 8500
1037 722
1781 224
663 1562
1703 989
1217 1776
674 1478
1709 461
221 941
801 1273
254 735
1296 1994
834 280
935 791
724 994
1420 1437
1675 52
1186 940
504 525
1001 1460
1309 1577
740 1708
1434 626
1893 1090
1081 1794
1182 374
855 1230
1012 1080
1345 530
1035 943
130 1164
85 85
1593 858
355 1469
133 1072
849 1432
1302 1718
1033 599
1447 1003
954 1233
716 1323
1525 1829
1591 1746
205 957
844 216
679 1634
1740 1322
638 273
1043 543
304 1773
762 887
264 1386
809 1498
883 535
1083 1
183 1184
1791 1766
807 391
640 1112
898 1944
1409 1024
1010 213
1944 408
1158 1004
1261 932
129 1897
1474 292
316 590
1738 317
1103 181
119 985
1456 1098
1594 0
1375 1539
1770 491
1109 956
657 1104
1988 1360
1071 1739
1518 1672
50 960
19 1403
500 450
1263 580
1120 615
427 479
1435 110
1979 1911
1200 1287
1477 958
1135 1038
158 1768
964 173
83 643
1658 407
1795 627
712 837
825 320
390 1767
872 1317
161 998
478 137
1030 552
1479 226
713 625
251 641
1247 908
1221 548
1989 1977
617 191
961 770
1374 392
1333 905
1471 1798
1295 1747
415 1835
955 396
490 577
1487 1074
400 820
533 1063
1265 67
984 1406
771 285
431 948
193 1888
524 665
1545 1567
1089 582
194 153
804 237
548 709
507 1649
467 368
1972 1558
1573 1731
991 863
1853 1522
430 1497
1098 1716
277 267
772 1904
1503 324
1519 1034
1941 1703
207 1178
995 1961
573 1606
1779 1092
1427 1242
503 1057
745 916
1856 1015
637 814
1539 1554
888 1022
760 1025
710 139
1980 1881
1572 1009
1946 1402
601 438
1819 1934
180 917
1541 301
753 1066
46 1720
1947 1419
715 1840
913 341
349 939
1669 4
1760 1723
112 1089
1907 1834
270 769
244 1048
1275 1535
836 964
1903 1536
687 705
1914 885
1152 847
1150 707
372 352
593 249
291 509
980 598
1592 882
1468 753
197 651
1873 743
550 355
763 752
839 782
102 1458
24 15
1069 1231
537 1839
1764 555
1162 1780
1129 842
1674 174
1461 787
170 274
8 731
319 603
301 3
1955 12
1598 210
273 1035
78 222
547 163
1577 1172
783 824
549 1316
1743 1340
1543 1454
1079 124
1349 190
1638 44
634 245
1864 1407
543 9
1502 1190
242 528
526 1836
1546 1157
179 872
68 784
911 697
697 336
125 64
595 427
1717 1510
776 1542
1293 747
1400 1570
1765 855
1724 1001
1822 182
629 687
896 1800
1382 992
260 834
854 1960
1112 1492
1088 962
331 517
1668 77
1839 1883
203 891
308 1696
408 1566
1677 927
298 1086
525 1256
1524 1514
743 126
705 1869
327 1929
199 1648
831 1369
1578 1890
949 487
607 639
313 334
592 1552
141 680
941 194
1324 1021
1509 1677
1062 644
728 1639
275 475
542 293
1442 415
1901 899
404 1783
124 544
1557 423
1767 350
903 1712
1563 934
1381 1748
591 303
927 693
1523 347
748 1584
940 1854
300 256
1927 1044
1074 218
943 1645
1191 682
1670 634
23 1205
1388 1592
814 278
654 227
1777 1847
80 1700
1755 1331
44 1609
993 201
1376 1975
1048 827
1313 605
1874 1216
310 1965
1206 933
142 1879
614 1968
1274 1760
137 1656
1246 281
659 26
295 706
1184 329
1428 1019
529 1523
1092 656
139 844
1009 540
1788 1695
1823 62
1976 684
1647 1651
1367 567
967 1253
1008 1108
520 1729
1992 1989
1812 1813
1405 1631
1460 721
1346 217
1064 1594
757 1333
325 1326
1798 429
222 1363
1745 1296
1445 848
341 287
1719 749
739 1390
165 1396
678 207
978 846
1330 1358
1347 1923
1188 1428
1723 921
1821 970
1167 694
1804 325
329 1365
1908 1715
1917 1400
176 100
1087 1418
272 1344
1691 1225
1116 1814
551 1229
185 878
1877 353
496 1352
1201 1042
623 1309
485 1165
1021 1527
1093 1414
787 904
1807 738
1959 424
818 1258
1892 613
857 1264
350 1496
1722 1027
554 86
671 622
1397 840
676 1785
460 288
688 1298
1441 772
754 21
656 257
1122 527
1045 910
928 1181
1336 797
1404 1801
727 1180
775 265
865 744
120 1046
523 41
1104 1749
1077 1495
1813 650
1814 1501
1267 587
250 362
1497 1885
1983 1568
985 549
1433 1196
878 1118
1614 1491
367 1156
337 1210
354 1124
1567 967
1114 1307
1555 1397
1280 1557
1371 51
615 394
152 1983
1968 404
1954 1613
107 1474
916 1902
156 974
981 1329
653 1359
1981 879
1372 496
1292 785
558 860
39 1818
958 1318
522 1105
103 1658
1389 1737
126 726
1090 169
237 1488
1063 1182
1257 718
59 269
950 263
1562 1254
1772 659
38 485
1718 1451
932 271
1603 425
1527 568
495 638
1845 793
426 513
812 786
53 1719
832 893
1084 1142
1587 1683
1841 789
132 1779
1340 938
1775 403
1061 266
1619 1964
1528 1047
1131 832
692 466
1286 566
877 308
1615 1223
1692 55
633 193
1145 864
1466 1013
1797 1563
1575 1815
1283 881
1848 922
190 1334
391 1878
1284 354
1214 1147
1455 1094
269 1061
919 592
1242 1603
1643 1500
299 775
552 771
380 557
1627 1722
2 253
1748 608
1628 223
187 667
1323 143
1317 839
1961 754
371 1384
417 1096
1016 766
1899 1410
482 618
534 195
934 1842
470 16
284 1453
1222 602
1360 127
936 662
1505 657
1559 857
433 1202
1910 1325
561 1248
403 1243
987 13
1276 1984
1220 22
1801 1037
101 1863
383 1008
921 589
505 829
1716 1540
1998 488
952 138
60 1669
1316 367
1142 452
1054 1985
98 1405
1452 1572
1648 564
109 1235
419 1898
1478 1290
1373 1602
64 445
587 595
729 1661
1836 685
744 1375
1369 1997
96 478
937 1525
33 991
389 1635
803 1076
1314 11
384 628
580 629
599 1186
735 698
1027 660
368 942
1747 987
1223 1793
786 774
645 316
6 1169
463 1313
1194 225
1198 1817
219 1151
1936 1752
939 192
1952 806
820 776
1581 388
1942 76
1499 1368
791 923
1161 140
151 1745
1608 696
1411 737
1900 61
1547 204
12 412
330 671
25 116
307 812
889 56
1432 1391
94 1724
1139 1291
749 836
1339 1054
1 1541
1134 1875
790 736
1731 1175
396 1467
828 229
683 238
1417 1990
1003 756
318 1841
616 597
1549 283
565 1531
1579 1207
202 536
1564 258
1842 1876
90 532
1489 713
1749 581
1714 277
1341 1623
1401 472
43 534
1256 1349
343 359
1207 1466
1939 1543
568 896
1357 1741
1168 1324
966 1240
511 410
1682 1830
1036 1727
223 1889
1837 1790
191 1852
240 1674
810 538
1042 1053
114 1620
924 68
907 1676
1852 1039
225 1515
348 381
1343 859
483 1907
1653 1819
1383 1031
1196 1873
1987 529
972 1920
471 32
182 152
541 1449
1666 1512
1422 1987
1529 23
1430 646
1642 1481
982 148
1377 1508
1537 1530
901 883
1530 1250
635 1988
1344 703
1679 1555
613 802
559 658
948 946
196 1882
817 616
1606 1775
1185 212
830 1152
399 1177
1540 1941
766 1070
1205 1459
570 440
1535 175
370 1654
761 1806
1825 1673
1028 1710
1945 295
1066 1666
1890 42
145 1823
1753 390
1245 1626
1656 128
953 895
1398 670
378 1493
1911 436
906 833
1164 1077
342 298
1271 198
138 1853
74 924
1082 340
577 73
393 583
704 591
27 220
154 501
815 1690
229 187
40 1821
1108 442
497 290
1312 1462
1484 1167
636 1148
1657 1062
626 434
1895 1274
847 1509
670 1608
1294 1238
135 1279
209 232
201 562
317 526
1189 1280
798 1350
621 49
1359 708
1370 136
51 1208
1170 1125
853 1553
795 1422
1298 623
893 1502
287 870
1898 1304
586 235
1101 1283
292 291
106 1320
21 719
509 1204
1780 1457
647 33
1888 45
86 1176
1817 1966
36 862
1258 1912
957 465
902 162
546 661
189 1476
1964 1075
1364 1285
1742 339
323 1373
1544 1263
1580 503
1597 384
1561 1257
17 612
703 541
457 596
1629 537
1953 414
1025 645
136 144
973 1026
444 1218
143 1271
345 10
462 1227
1697 1857
257 1607
1713 242
1436 1346
860 1163
1208 241
1493 1081
1705 1127
971 95
1438 1734
1202 1949
188 493
455 398
81 553
1254 50
1305 1978
1329 1998
512 949
1492 1986
1230 688
1429 1548
1379 1860
1034 1796
923 663
1905 255
1696 331
1706 1475
768 1079
521 727
332 506
1729 1995
639 1383
358 314
11 382
491 346
778 716
664 979
377 1420
1463 969
1473 335
1472 1999
166 993
1147 1772
1391 1947
206 342
1940 642
228 1103
892 1680
211 1758
969 147
1623 689
1446 790
1232 965
346 1286
1882 1921
453 1160
879 451
880 777
1902 1171
268 876
792 1374
576 459
1536 272
1368 691
15 975
374 36
1193 677
1655 326
338 1067
469 565
305 1366
1151 1144
71 1820
1253 606
1342 1217
667 762
1414 982
1394 1805
213 323
968 1894
1299 664
266 1668
117 988
1179 172
1483 282
596 1269
1750 1633
685 230
734 498
843 1487
353 880
1965 105
1862 800
22 321
1237 1832
1337 294
366 1564
402 1619
1115 510
492 550
652 630
150 579
1166 1213
373 167
262 1996
900 72
1595 831
216 1686
128 841
382 915
917 1804
47 1408
1876 90
247 87
122 1087
658 31
1880 1423
1132 559
340 920
365 1670
1735 758
669 554
737 1596
508 109
1973 1247
852 668
1576 1059
681 1064
1829 261
1702 1788
1406 1399
1148 364
1551 1616
875 1694
1818 1436
1928 1310
538 1763
217 1895
115 454
1922 818
62 236
1464 1956
334 1050
1800 348
45 1872
398 69
481 1452
1465 1265
79 1302
359 637
1138 1647
1926 750
899 871
1124 1435
694 624
1260 1611
440 997
1495 1837
619 115
1181 60
13 1433
1566 420
1331 1900
1163 929
1169 1268
1799 1413
1172 1179
1396 1489
752 633
10 1659
777 803
1618 1311
155 1764
885 1174
1806 1241
95 1438
279 1636
528 586
1470 1855
424 264
1204 399
1736 428
1538 1848
929 1215
1517 387
838 188
780 1762
1215 1928
1067 1477
231 1412
1659 307
1399 1573
1023 39
1751 389
946 254
649 1364
385 1170
1413 686
1793 1404
333 773
1288 1052
1857 1195
730 760
841 418
1024 888
1975 1486
1358 796
328 811
682 692
1943 1559
134 1551
1534 24
54 1822
1904 531
996 54
1894 2
1602 512
157 114
167 1915
627 1699
1018 854
1640 1770
1860 93
499 1252
915 1198
168 7
379 482
1650 1905
693 233
1695 1621
1308 189
1113 260
947 1443
1178 1628
1849 161
1601 1281
1554 494
764 1774
564 183
1631 1395
733 990
1934 1339
992 511
1380 1532
914 490
1419 345
278 1936
1974 1051
1676 1689
1235 1040
1467 1617
1699 305
1826 1305
1197 165
1570 1337
1526 1321
1210 80
1678 560
501 1865
198 607
1645 952
1241 732
246 1931
30 1755
1584 1787
1171 925
835 1906
1154 757
451 1652
1683 1162
1550 977
1866 1168
1153 1957
1756 409
887 653
259 406
1662 141
1014 1136
363 808
1794 397
18 1884
1513 1808
1190 1082
1291 310
360 1850
555 196
1808 458
1255 1630
37 1546
1929 935
912 1574
1252 821
1977 112
1854 1272
144 593
87 978
609 724
1771 778
642 268
0 1017
709 1982
677 219
747 1922
1117 604
1326 865
840 338
7 417
458 524
665 601
1266 1020
589 1757
1809 1129
1667 1769
1721 1120
290 1442
286 483
116 763
931 1071
758 91
800 911
429 1266
784 484
628 1940
582 168
1457 446
245 240
1421 1899
1881 545
432 1091
418 1600
871 1849
1078 159
886 1717
1006 1827
1792 728
905 422
1412 47
1281 892
1757 134
868 1595
311 57
799 1544
731 1662
805 1702
195 1393
618 1143
1451 1569
1644 714
819 1464
1044 1825
1005 966
904 1950
532 74
1234 1580
813 270
1053 177
186 1917
335 1784
1758 1781
1123 132
578 947
1635 1421
34 1158
863 720
1599 807
84 184
530 435
153 1809
212 1060
545 1201
1840 1937
1708 1314
1300 712
214 1030
1588 1528
1304 1660
1571 1624
1835 1049
736 1812
1950 1301
1759 70
149 669
606 1345
357 1362
1782 1590
1140 1505
1969 1036
1378 1687
1610 822
401 764
289 1826
571 1697
1287 1789
1289 426
581 104
944 71
220 678
200 1461
1301 679
1469 89
1688 1448
477 1197
1737 1282
689 499
1867 1754
253 1976
306 289
773 1519
1957 1688
1962 1100
751 203
1982 1261
394 448
610 655
397 421
28 1470
173 1657
99 470
979 1725
1450 286
769 1203
594 950
283 363
1424 17
823 1520
1199 1275
1228 1765
406 1234
1609 1276
1356 681
1810 695
1249 1910
1366 1886
1542 377
779 632
1065 617
1355 419
644 1328
1136 1547
339 205
352 572
1915 250
556 449
861 733
434 1381
1783 1426
869 1211
1994 1593
829 1641
1080 823
1846 380
1768 1644
475 700
1264 88
662 1893
1761 1851
673 243
1320 734
1515 1185
945 563
1569 869
864 1684
1415 500
249 1085
519 1561
806 1682
1851 411
1211 102
1111 117
920 539
774 906
1004 1979
1439 151
439 704
1480 1862
1183 1431
172 302
1850 1376
1040 1126
732 1868
1475 1214
1431 1137
147 963
208 82
1307 65
965 1513
666 383
557 1744
793 1786
1773 1002
1693 755
742 1194
1127 1468
714 1484
1633 29
1231 868
770 1663
1180 1726
1843 469
1392 375
1913 1970
1870 514
486 740
258 1877
1844 1006
498 861
611 521
1863 621
1763 46
540 131
441 495
1741 1236
177 1861
1532 313
1531 1952
1007 1193
1086 142
884 1482
70 1974
1011 968
1240 1586
721 309
1130 853
1363 710
567 1598
856 386
1990 1919
448 1472
569 914
1637 1113
1350 1377
604 1456
412 533
75 1485
1583 1721
1522 648
57 154
42 395
1173 343
1225 497
1072 81
450 1444
20 58
1303 27
16 1249
702 1445
1039 1811
1393 1245
1059 248
1680 1110
1685 1946
1047 919
381 1521
695 1629
544 1971
1038 588
239 874
597 1981
1390 1342
1049 1516
1125 1943
782 284
436 180
1146 890
1233 246
502 1055
303 805
1574 113
159 866
701 912
527 1959
575 1012
1686 1372
69 1016
31 1589
1684 473
63 1294
1784 401
77 234
1671 877
811 574
1790 1582
983 794
808 1005
1060 1224
765 202
850 84
862 551
265 1033
322 1939
1778 1867
1107 1023
347 1068
1068 108
162 886
296 1918
867 1610
276 1640
1026 160
539 94
1985 221
461 1150
910 894
146 981
1641 1348
722 1429
1099 1732
897 1128
1796 1319
65 1471
1689 1807
700 311
410 297
1865 129
1338 631
1175 672
909 318
466 1797
821 1518
1734 1494
997 361
1847 211
1816 453
235 1073
494 620
472 907
1000 570
999 745
1335 372
988 1678
364 1791
281 1933
41 1526
1774 1550
1612 1506
876 1831
1403 635
1408 259
1270 953
111 547
1786 1583
1827 788
1726 209
1521 1336
435 385
1828 1041
846 1446
285 262
1395 900
1948 1901
1991 972
562 1795
1896 1533
781 1969
1560 1131
1203 1642
600 63
661 157
118 1704
293 121
76 1107
1118 843
1871 1679
1624 1357
1931 520
1687 1130
848 480
1365 416
624 1277
1762 856
1076 799
1511 1262
1732 1864
1630 1065
1332 1122
1636 1293
750 1220
1707 130
572 400
708 1206
1582 1824
651 1228
1310 898
1616 828
646 66
1055 1701
956 804
620 1587
1883 351
1244 739
1243 1473
510 1424
976 1029
256 1114
14 768
1239 166
309 1102
29 5
536 1232
926 675
851 430
1754 1575
1769 1355
252 1972
1306 676
1192 1909
1625 867
718 146
516 1341
314 135
622 1958
174 561
263 481
970 150
93 741
1385 1411
1885 519
1861 300
1268 1529
1229 1394
1996 1032
1785 1297
480 1097
267 1056
1156 1891
1815 666
1448 1632
1462 1625
110 1927
1454 1538
1704 1139
421 826
1621 276
218 1597
1589 156
1050 1585
369 1792
518 1140
816 1093
707 1880
488 1084
1859 809
362 197
922 1007
1144 673
648 251
1141 6
672 1465
1041 652
1833 402
227 849
1501 14
344 1299
796 1058
487 971
918 1896
655 711
1752 1713
822 817
1766 1706
356 53
1651 1942
1176 231
1958 1612
1273 376
767 1153
1878 1667
1259 984
1920 158
1924 1289
1250 954
255 1916
123 1434
1891 884
1491 437
1605 1777
1216 1173
755 600
1995 748
1057 508
1937 111
302 1693
738 1571
1960 1614
1949 1378
1278 1490
89 170
1604 1327
797 961
181 275
1494 897
1459 1371
1984 1730
1811 1425
1165 931
1354 1504
1803 556
1548 365
560 215
1321 610
1386 1398
175 1159
583 576
294 1980
588 38
414 97
1776 1300
163 1638
1507 486
1875 122
1787 873
454 1565
1097 523
261 986
1710 575
66 1664
1362 25
1585 333
1935 1292
425 1578
73 767
1351 1935
1889 1908
1384 1685
1002 1347
464 928
1105 1389
1269 1441
1440 1219
566 332
515 1560
833 1637
1022 926
726 464
1805 522
959 1930
974 614
1665 1576
392 171
986 901
585 164
1425 1802
977 1503
1744 918
870 1099
1159 1738
531 759
446 125
407 476
5 1751
1887 1953
858 1967
873 185
1297 1226
574 1761
1426 1447
1070 8
405 1871
1622 801
100 1549
908 378
1282 1367
1508 393
243 1743
1226 702
1143 296
1730 1675
428 1537
169 1155
315 1187
55 1135
1485 1887
990 816
1334 119
1884 328
1444 96
1512 1288
204 1483
215 1903
1613 1622
1322 1146
1496 1380
1095 783
1967 1095
1311 569
1032 1499
164 902
416 360
459 208
484 751
35 1045
324 1018
1017 252
1128 1014
236 1392
680 1892
1013 103
1824 75
320 1507
1327 1480
1654 413
476 1463
1660 463
1449 178
1918 1078
942 830
590 1601
1251 370
474 1692
1407 1963
794 1200
1416 1511
725 1382
845 92
1236 546
3 179
351 330
1029 1244
632 447
1802 1733
447 1838
925 59
192 304
641 358
1218 1671
1328 1735
696 1771
131 913
789 1627
465 1858
698 405
56 746
282 441
603 356
1227 1308
608 852
230 239
1869 1973
388 1145
866 1653
1160 1191
598 37
1410 186
1361 1387
874 1251
234 851
48 1260
881 1353
58 699
233 34
563 798
1498 1759
960 43
1277 1925
612 369
1746 1109
49 1338
108 1409
280 1932
1831 1088
97 875
1019 1106
675 649
1789 1134
1921 20
1951 1239
113 1913
445 247
1490 1295
226 145
602 909
975 1270
1102 850
1187 951
1830 1343
1418 1370
938 795
1701 176
514 1753
1423 344
52 1246
631 1119
668 1440
1177 815
506 1259
1533 1189
1694 1209
1834 1534
1971 654
691 118
26 1430
1617 1524
579 1782
1720 206
241 79
1600 106
1611 1312
759 1379
1500 1740
756 1116
1348 1599
1681 149
1195 431
842 1123
1262 825
962 507
1916 489
998 995
788 813
1015 99
420 723
1238 1681
625 779
456 1643
711 1843
1520 1416
1091 729
82 1330
1458 1278
438 1833
386 1479
746 1306
1832 1101
1437 1132
895 28
184 1646
951 1517
891 765
1096 936
1661 319
933 315
1986 1938
690 457
1031 1756
1970 594
1978 30
423 1415
1318 279
32 609
1488 889
1353 1691
72 502
422 810
1504 1385
1094 647
827 439
1085 1945
630 1199
1886 1705
994 1778
1565 1591
1319 492
271 1166
1510 433
930 1188
326 1315
1690 999
1909 959
1712 1750
1727 780
1933 1859
699 742
1212 1615
1733 1351
105 1267
376 516
1506 1154
452 244
1106 996
104 976
723 690
1963 584
489 1870
837 373
1213 1138
859 19
92 1192
160 1011
706 578
882 1212
1516 1926
1073 1335
584 1711
232 366
1020 1401
963 462
1649 1924
643 1828
1121 337
684 683
785 98
1290 1255
1673 228
1514 1866
1739 1579
1590 1427
1279 1709
224 640
449 1069
297 1117
1966 945
1672 518
411 312
1879 327
1620 1161
1596 467
127 1556
1315 504
442 505
140 460
894 1450
1486 349
1634 573
1820 1303
88 48
1137 1581
1993 1728
1897 1816
1925 955
210 471
274 1618
1663 1736
409 1742
1586 1332
1453 456
1715 1354
387 443
1698 1183
1219 835
1868 973
1919 1803
437 1655
148 1948
1056 299
1126 781
375 432
395 40
413 944
9 730
1157 1141
248 18
336 1000
535 845
1051 1545
1075 937
61 1221
686 1222
1930 379
1482 715
1652 838
91 1133
238 1121
1956 1388
1923 819
493 1846
1149 611
826 123
717 78
517 1874
989 455
121 200
1999 107
1209 1650
660 1111
312 1439
1639 1361
361 371
1997 542
1938 903
1285 101
1476 1417
1272 1356
1387 636
720 1083
178 1237
1626 1991
719 1993
1553 980
321 477
1552 674
1855 1115
4 1955
1119 1010
1725 120
1133 725
890 1954
1838 468
1402 792
1632 35
1155 306
1248 322
1481 83
1100 571
553 1605
1568 357
1607 1604
1352 214
605 133
1052 1844
1664 515
1711 717
1046 1455
1872 1810
1556 1028
741 558
1443 1799
171 199
1912 1962
1700 1284
802 155
650 1992
1932 444
1728 619
1058 585
473 1149
468 761
824 1588
443 1951
1325 983
1224 1714
288 1698
1110 701
1174 930
513 1845
1646 1707
479 1665
1906 1043
1558 1856
67 1914
1858 474
