2500 4000
2221 2208
958 1084
920 1369
1772 7
1988 1465
2136 2408
1328 1636
758 1782
293 1962
59 1434
925 1973
1019 647
2274 1078
1367 1102
264 572
1590 51
150 879
817 280
649 1045
169 2224
1687 2000
1449 295
1522 644
1441 1304
928 1821
2395 318
2374 113
1710 386
2271 1176
2349 996
2125 1141
508 959
504 1382
2259 1196
1334 387
2053 594
1333 2480
971 2348
2436 27
2146 2174
235 182
667 2383
244 2056
1864 1265
991 1282
1634 355
1265 2222
2460 589
1949 1570
751 417
1419 2460
249 1549
1613 2158
2093 134
213 2288
2244 2437
612 771
756 301
105 892
26 1931
1361 814
956 164
2102 1655
999 2081
945 58
476 1230
2495 1225
2035 1320
1926 1188
1320 18
1413 306
1115 658
1020 0
2130 791
2313 1208
856 1428
1998 257
1873 2415
302 1289
814 669
1070 1073
2143 1164
2145 36
1008 1887
110 2382
850 2421
1959 482
158 2058
2452 738
1209 624
994 2271
1851 760
1853 895
1779 2343
743 1738
1764 708
1304 2370
1211 2199
1796 1353
288 747
2018 863
2207 2018
630 96
1476 377
1128 1652
824 1210
325 1920
1709 1412
298 2052
1541 1114
81 1158
1360 1667
1176 1542
2041 824
1763 405
402 1848
2386 1858
525 2014
1108 574
2499 596
970 1005
727 1580
1644 275
2494 2356
2066 2402
1711 552
2449 1012
1078 1339
554 2458
4 1985
1630 1749
1860 1612
33 2339
2422 1875
275 1367
1488 643
744 1149
558 343
435 1914
1480 1255
404 2368
955 2387
2456 227
1908 550
838 651
183 153
1609 1443
1034 2340
1746 1245
619 10
1847 820
239 1583
1315 1641
54 2384
214 2438
1041 1929
270 1765
1172 518
1989 826
1005 510
460 1383
1281 2218
2303 1417
1443 516
2060 2246
66 2108
1553 223
1136 875
333 131
38 1118
2129 1530
786 2259
1060 214
1827 115
997 1181
477 2110
1200 654
1820 88
2412 627
1784 2215
221 1438
2026 1907
2328 1784
1645 1972
1999 265
2440 2041
1564 1989
28 290
2396 348
438 730
563 1947
1653 1598
1516 1098
1121 2258
1892 403
1409 1183
1220 881
679 1424
2407 2106
1721 2152
1185 2073
2002 762
254 259
1453 1695
2236 818
1448 2239
518 284
597 425
1339 1846
140 1574
1267 1593
148 960
1776 42
556 1546
1935 1031
1130 2050
1830 513
712 2249
428 1722
946 489
1173 2466
1654 521
802 1015
261 1978
1675 739
608 984
171 1774
2109 1994
2397 2330
1788 1587
1036 1520
1994 1886
791 410
1015 178
1722 1506
1570 1523
1869 35
1056 1202
1294 935
85 1711
341 963
1770 1936
685 1175
1750 2412
618 1579
459 776
224 62
939 320
602 147
79 1716
2390 1825
1478 2257
223 1177
1650 758
1383 2253
1054 1827
1881 368
2428 154
919 1040
311 1857
277 1687
313 2444
629 851
695 11
1651 515
1103 1268
317 1453
2363 1314
2239 1237
1118 1943
2381 1413
2267 2375
2279 1500
351 30
130 2311
1695 2360
1597 754
1642 1217
1676 2261
370 429
888 31
1990 484
2443 383
2091 896
316 1220
894 975
167 503
700 2177
380 1235
1601 1777
1713 1958
864 1473
482 1503
1168 161
2085 853
1197 584
1332 434
1085 354
120 272
889 384
669 2285
1093 270
1485 2010
1623 1864
492 1882
1556 604
406 287
1438 309
2163 1793
46 1743
816 2138
768 2453
1631 332
1800 222
1169 130
1380 690
290 761
1181 1277
2211 911
334 626
2058 2378
1141 1893
222 823
470 212
1470 1954
17 108
252 2008
1279 598
417 983
210 2205
480 2459
1057 2301
1862 356
2380 653
31 1721
1189 55
256 2011
487 1952
676 2057
144 1708
155 1870
2031 541
1282 967
2230 496
260 250
2471 1142
1511 1868
1223 2228
414 341
42 605
762 1684
489 1993
1647 1357
2175 1171
2034 1426
1131 1575
2047 97
1870 512
1159 2124
1552 109
1584 490
1557 699
1089 715
1588 288
934 639
1808 635
1544 2341
1922 1003
2179 2395
1382 1621
1064 1145
623 1656
1381 132
1143 2049
1113 2400
1979 1136
1883 876
2304 1109
904 1651
1145 962
1549 553
198 1406
308 907
1598 1679
318 1613
559 1248
488 514
803 1909
886 638
2199 774
2014 1631
1144 1461
929 910
1581 640
1158 593
1428 1273
799 1147
1464 1828
553 1591
1520 2211
1987 1817
379 1337
1395 1872
2001 1276
1874 461
1462 1746
2339 944
1834 397
869 951
1705 650
1495 671
1866 1509
544 1468
246 606
1073 460
2431 837
1157 1997
922 2264
710 1097
1573 1338
1982 1207
1204 1047
2348 220
1533 702
1582 675
833 1561
782 480
1728 611
1238 1057
1427 1214
1958 1824
794 685
2169 1915
2344 850
1737 1524
1726 2195
2011 2128
931 291
1816 2202
473 2297
2042 815
1727 1918
1325 746
1355 2310
662 1363
2272 697
996 2494
234 1190
1819 536
2049 2443
2084 276
823 464
356 858
2080 2203
403 1499
2082 1213
1482 1030
646 943
1807 1197
114 2238
2115 1734
1353 1153
1867 923
760 381
588 2059
2360 196
21 1349
1344 778
124 300
2336 2411
2061 795
49 1563
327 1548
579 2247
1402 2473
1543 1512
238 1527
2033 1381
915 1139
1897 189
295 2284
1299 100
1254 2083
1858 563
1178 2278
1925 636
1052 2190
1566 104
299 1998
1662 350
1850 2276
1571 2422
703 2461
1256 1130
1700 898
807 2303
2310 805
1460 1996
1326 2457
320 470
935 2149
1444 413
577 575
1237 2095
19 203
1393 652
1155 274
2201 1281
2124 1922
207 174
2399 519
2224 1328
523 392
785 427
2113 579
454 794
2450 2201
133 1833
746 1515
378 855
1340 118
788 556
1740 1324
1649 44
924 1099
2361 242
2337 1370
1208 726
452 1814
592 832
1602 72
1610 21
142 1362
655 2306
297 1033
40 70
465 1081
2101 1650
962 1229
1182 2144
1327 657
2273 1204
754 1771
1576 1664
91 33
2254 806
2383 1286
2340 2064
2089 1519
65 1482
1517 80
634 1632
2100 1421
226 1034
1134 2269
2300 748
755 478
2086 1401
495 1184
731 681
2435 2487
448 1143
1151 1788
1861 1562
1906 1693
393 1400
1417 1397
519 2266
1166 2080
603 916
1280 22
1523 926
2255 1705
1044 1335
615 311
617 1288
1098 509
2290 741
1023 1014
858 1390
2118 981
2219 1582
2419 2251
272 2234
2341 2324
1165 2096
1977 1908
2464 2053
1888 800
697 969
2480 2335
818 2020
2048 138
41 520
74 2241
522 1087
2074 1498
1058 1706
1537 1296
437 1008
80 2118
1963 2035
1072 1720
2263 2185
195 1191
1308 243
2477 2022
870 2192
2043 181
2375 924
1348 770
1345 314
1447 1800
1024 843
1718 2329
689 1343
1313 1316
215 216
2217 1163
366 2060
876 451
1583 701
72 1986
1739 1002
190 1329
2206 231
30 908
1684 1137
0 1055
2262 1275
1101 2319
1201 757
1983 1321
2479 41
2019 2472
420 693
507 1508
2165 1096
913 530
1274 476
1812 1963
796 1522
1689 334
385 337
1046 901
147 1690
419 2454
1951 2113
780 1689
485 2009
139 1732
1855 2123
732 2245
1161 336
323 632
2459 2479
793 729
927 15
1666 2212
2442 1609
627 1945
2426 511
1934 2424
505 2448
800 1873
1924 661
650 1698
267 1388
502 2225
101 339
1270 1433
1459 1485
2346 268
1614 2133
635 158
1309 2233
409 810
2012 2289
109 616
882 2127
1972 2486
192 1834
2052 1331
1468 2166
71 1167
2190 400
1252 1082
530 1686
47 1006
440 2406
2234 1808
1685 989
636 1831
1965 1399
1506 445
2039 2483
846 999
444 1476
161 1437
1045 1029
1755 1384
1150 2308
280 561
714 2345
154 2455
1760 1420
1230 1393
1810 1604
1075 571
1474 213
581 1818
2200 258
960 208
1956 1049
283 90
90 1576
2159 1355
117 2154
2029 1123
1758 1628
1946 2317
750 909
1657 1170
2430 2445
276 1440
1106 1901
1734 2294
2269 2099
1868 842
413 2465
386 75
1156 869
594 2275
1940 631
2288 793
269 2492
2376 1246
1535 2067
1783 549
2455 1744
166 2469
1911 1995
705 1896
24 327
2289 1526
845 1
1088 2003
450 1283
1625 1510
184 756
583 799
1975 1488
1401 505
219 903
268 1186
1440 185
2312 395
1112 1133
988 1627
1790 143
1152 659
2277 859
2384 244
943 1009
973 1555
312 1984
2213 364
2203 1272
1358 1459
1857 1131
153 1726
449 1677
1455 1385
1542 1374
808 1301
211 848
1942 2390
340 1713
451 450
2243 102
1068 453
2377 1020
2463 905
2065 664
430 634
976 24
1227 57
2409 2397
478 700
271 1856
433 71
1255 1308
405 2263
398 1776
253 390
392 486
188 1974
2432 325
1303 2346
418 420
1578 1697
2357 1643
292 1479
1986 68
7 2280
1941 176
1515 2262
2438 93
1529 689
926 2355
1338 2328
860 475
127 305
1424 296
1105 201
1392 608
2024 1802
944 745
2265 1620
2127 263
1364 2220
2220 1948
1394 1266
1551 1554
1414 78
687 1470
1838 1391
509 1965
1090 986
937 1584
859 1411
1420 1436
2006 379
769 1064
464 1380
735 987
917 232
668 1375
1342 1451
1877 2048
1932 871
1929 1106
1373 1000
918 76
2000 1059
23 2337
2167 255
1216 448
423 65
1699 678
263 16
580 1799
813 938
330 1653
724 2132
1146 452
1463 817
1534 1394
2321 312
1475 808
515 668
481 956
738 468
282 2015
390 2101
538 1478
415 885
1756 1372
1944 2291
2467 1917
141 1258
2368 1543
2218 1326
593 1333
1688 1457
2444 294
496 2160
1154 326
821 558
1454 2019
189 1644
941 1718
2355 2296
2110 727
1241 1192
604 2107
3 1681
321 225
1775 2236
122 2147
2128 906
2020 1113
2421 946
1791 972
2081 367
644 1484
844 1416
1970 2129
242 1174
1423 2165
296 13
546 302
2056 2151
1980 1853
2195 1622
1035 1302
2331 2021
1027 2186
479 1940
874 204
718 551
1729 2272
143 2237
196 399
1009 1944
1704 588
350 2418
1885 1923
82 1514
938 1495
1029 439
875 1178
1733 330
1766 1274
474 1617
343 215
2183 1611
2017 2265
1856 488
748 1737
1406 2439
628 524
2139 1763
484 2410
97 1199
1422 945
639 1297
1284 1187
1691 2171
1365 1531
360 1890
493 167
2405 2226
2434 1647
123 1502
1426 1728
2387 958
1574 1060
501 1185
44 1291
93 1839
766 919
303 1022
721 1836
108 595
661 66
698 2338
948 1348
1842 1278
690 483
765 1541
1021 2159
600 1533
764 2287
1188 532
289 1838
1264 912
176 1061
445 1474
694 1773
1368 752
835 1988
1876 766
1247 1595
1100 645
2404 116
349 1956
2453 29
2358 122
233 917
1626 714
2250 2119
1880 2115
1894 2293
92 1253
2021 2170
2005 328
491 1376
734 2143
1829 599
1205 1966
462 1036
2144 47
84 1232
1006 1110
684 1816
1624 666
797 728
512 733
2270 1491
572 1637
1087 698
132 494
688 1830
1991 1745
407 1629
2297 210
1706 2371
1840 2100
180 1835
1503 1239
1283 628
1048 841
2114 742
94 1460
1378 1260
1110 2229
401 1063
557 1759
2401 173
160 1332
67 1219
1302 2112
855 235
1762 1979
1258 1517
2393 303
1781 414
560 831
2036 1878
1186 2435
1212 1132
1627 2313
1960 921
2186 992
1387 1445
1362 2252
1852 867
2334 145
1592 2182
2108 1566
2170 184
1822 2467
1848 1766
1170 1198
251 1618
439 416
43 705
2316 691
88 732
1912 1483
371 1128
274 1180
638 372
1938 219
1260 2235
1660 2163
1271 170
1795 1152
566 630
1224 602
884 1783
2240 1310
2372 786
551 834
2050 1285
12 2155
2319 2377
757 2407
514 1264
1656 388
2062 2024
1927 1605
2073 2312
1063 175
434 713
1671 2393
2278 1608
1530 502
550 922
209 1757
1697 2449
651 1832
1754 751
1400 2322
539 2219
115 1902
987 363
1967 247
1343 1481
506 861
1806 2491
2333 889
784 2137
1097 773
2454 142
1606 2242
1292 111
248 682
2311 382
2098 649
693 1648
1905 526
891 2391
168 2456
2037 40
1976 1107
1599 2210
240 1949
394 1467
348 2309
562 4
1661 1803
362 492
1635 2325
540 322
1669 2164
2466 207
933 1571
1641 186
187 128
1486 422
1528 948
1690 1303
2347 1121
2366 2295
1111 200
1198 1075
954 2482
747 932
68 1105
2196 2389
1352 1140
720 2441
871 985
25 224
1278 1717
1648 528
2345 844
574 1874
51 2409
2468 1905
9 233
1682 1840
369 437
306 81
2153 845
1545 1182
1012 1787
1231 335
10 471
2070 1116
1337 1742
200 2214
1493 816
1289 1780
1259 1119
606 585
795 2462
1768 61
1404 110
2301 1233
2209 1638
1120 719
673 454
291 2043
469 978
1011 2084
1538 1019
358 1867
1410 329
245 2315
1138 1904
1102 1423
932 1860
503 188
2069 1120
322 1671
1504 2055
537 236
1673 1934
569 251
1658 1572
599 1306
483 319
1043 2431
1547 2347
863 456
865 759
2307 498
1191 1319
1778 254
2096 609
1473 1294
1579 2433
2461 2274
1051 426
1628 1189
342 597
1192 401
2385 1926
1412 2270
1971 753
1814 1250
1491 1410
463 491
2281 2414
2245 1429
1329 144
2353 583
1865 872
363 440
981 1115
1774 114
431 527
2150 2490
2351 2352
586 2282
1801 1042
1251 1599
1995 724
2470 672
895 779
1218 736
2296 194
1179 856
1507 785
660 2217
1918 1018
1324 1442
2491 811
457 1735
2343 1699
1562 1418
56 245
1799 1435
1107 1845
11 1932
1349 1888
998 577
319 2417
1030 2079
1804 880
1083 920
1002 567
1074 121
2097 2072
2198 2464
2298 1256
716 38
680 877
2188 2189
1568 1815
2441 49
1950 2078
1371 1053
1985 2256
611 2419
2420 957
1431 821
1091 1062
2095 2244
98 508
76 447
1872 1449
2487 463
2394 297
901 2089
400 560
729 1967
14 2342
2451 1709
1620 1842
761 674
1900 655
411 2283
590 1938
986 409
497 1323
1025 127
2215 82
573 559
1930 971
658 455
601 1472
1296 299
2476 990
1521 1525
672 1021
1603 1703
208 2139
412 1212
2223 2148
951 2273
2025 171
146 14
995 1939
983 168
1354 2231
1563 1004
637 2450
1442 2188
1059 1755
2308 582
2030 428
711 2116
287 2092
851 1933
1290 704
709 1193
993 1707
1996 1111
2202 2351
2429 1970
1554 531
1561 1124
1678 580
1142 1427
614 1910
2149 1913
1595 1654
883 517
1633 882
441 2334
1374 619
1245 1602
752 1536
2496 915
713 838
1133 1028
1859 2025
1759 1762
1196 281
1846 345
1815 988
257 2209
2410 2172
982 246
828 73
32 1534
2067 665
1069 1797
513 140
1923 720
116 991
1202 1462
2164 2063
1518 1696
355 177
2105 1545
2437 415
2008 749
1124 2373
805 136
136 614
2248 2200
173 419
1305 2105
310 264
1887 2367
2015 1733
2092 1852
174 1971
170 2054
770 2045
2166 2496
1686 2001
48 688
374 1960
633 1805
1457 1431
259 1414
2094 2361
2228 1657
1193 317
2458 2204
985 1614
2268 1211
2472 1236
1741 2030
2251 783
1665 340
930 1528
641 792
1236 2013
1471 1751
53 1772
62 2427
652 1865
1771 1942
779 1345
1889 731
595 1215
772 1673
861 1419
682 2028
1465 1169
1899 1317
2235 1144
1632 1871
1878 253
1013 1661
2106 148
1184 1892
1914 1851
674 849
2275 2036
126 1739
2054 2426
2134 769
1832 418
972 1551
728 1610
520 1379
621 1156
1086 1877
1708 1999
39 50
2492 2087
2413 2304
78 927
2051 1271
952 262
2152 2044
152 1969
1663 1811
499 1731
1306 1624
305 2167
199 54
657 1146
1210 2254
2023 2489
1031 472
281 1252
902 2130
466 623
921 441
516 613
607 525
1496 241
1331 1666
1129 1553
367 2495
61 2120
2485 2320
1954 45
2323 2350
2158 966
1233 2321
337 139
2322 2477
989 269
1235 2142
2171 974
681 964
848 2416
2151 370
2232 1603
1608 1881
1550 1727
723 1919
857 1162
1062 1161
2469 435
605 1104
2079 1950
2007 784
2388 1855
1203 1227
2212 1023
2028 211
1272 1422
1948 581
897 1257
2362 95
2294 1741
1786 1201
1408 1038
1909 2243
1945 890
2046 446
2481 89
1126 835
2249 1597
1456 2102
236 1244
575 1240
60 2075
1823 293
6 1206
446 2447
2493 85
2295 239
900 2027
135 813
220 1740
145 673
301 1072
205 646
940 2187
1743 20
2059 64
2116 2194
1769 477
829 622
1375 862
2253 1928
247 1544
37 662
1 1441
377 2221
1286 1166
1509 2305
853 238
885 2039
1902 1134
1767 1100
1316 230
1372 897
1818 1879
2032 1660
1175 12
1717 1991
912 1756
2022 1108
2083 819
165 1300
893 854
1751 578
1243 129
961 1041
475 444
2403 865
665 2399
1937 1642
1295 315
849 351
2044 1592
2076 1557
1330 954
1898 1990
103 2365
822 1112
1183 1792
719 717
1540 2198
2172 777
113 133
1214 1263
1683 914
2071 1781
1920 2104
1947 1154
1429 2175
905 1701
309 2394
201 1447
2003 1573
1761 1359
2111 2446
1421 2358
1492 1992
610 98
2465 1957
2483 1820
1854 2248
1502 562
1681 2403
1300 1430
854 1347
567 2354
1640 894
773 711
725 125
1639 157
1915 1668
887 940
178 2481
279 2193
2155 1823
775 2333
1831 271
1835 565
29 790
1955 1753
2178 2250
384 2169
456 39
702 360
13 1568
717 942
1010 1218
1731 740
99 1764
1275 1829
1385 1016
2227 2376
576 1640
1437 555
867 1694
2416 2173
2040 267
1190 1538
1805 1961
1038 1504
1589 1466
1490 1903
2103 936
715 2357
1399 1311
131 679
361 361
2408 1103
1489 2213
1261 117
1510 523
1288 2121
388 743
1803 1403
1055 17
73 887
1677 1794
2104 1313
737 2386
1895 2385
2400 2004
1257 1450
840 1490
2142 1516
2161 172
307 1088
1884 827
543 547
2332 393
1966 1455
1612 1330
1789 1976
2156 321
1749 2381
1242 286
121 1959
324 1924
64 442
218 2135
852 1025
2055 2196
1207 1122
1826 28
1357 1432
1546 69
35 893
87 1723
950 1155
1833 1977
670 1669
1291 1849
2414 2191
1646 707
1524 1588
896 1026
529 2077
353 1368
916 1719
2314 1010
354 1691
258 37
1672 248
2010 789
134 706
1246 43
1724 63
2148 1779
643 19
1215 1725
2292 1101
880 765
911 1295
1618 198
138 1710
1558 234
749 1791
229 873
789 1165
442 830
726 1243
1575 947
1017 1242
1694 380
1514 92
1065 576
1757 2326
1239 1446
471 1444
1910 1398
1162 74
589 2344
1137 103
2064 829
1720 2363
1049 1251
1525 1284
2038 2362
1723 591
2282 1981
2242 1578
77 569
1992 846
2320 1826
1973 629
2072 398
1116 180
1913 1293
2293 2452
741 308
517 566
1341 797
1171 298
596 2474
227 1342
1356 1194
1425 2493
2154 2388
2484 1607
561 1649
285 1589
798 316
620 2223
1253 2267
708 465
1403 2440
1050 34
1500 91
2488 2146
2208 772
2371 1039
1001 933
273 205
1655 995
1702 1556
1968 1068
2112 2392
1904 1900
843 160
498 2396
975 358
228 1982
500 289
777 722
15 1682
847 101
1346 692
1213 2091
1586 159
1936 2401
1875 1625
2330 163
666 1035
812 1238
304 1386
645 261
1707 1911
1600 1262
1701 1392
872 338
1809 1261
397 362
564 1796
2302 1983
966 412
1484 1806
908 1249
1519 190
461 1415
722 2349
2120 2300
156 2432
1782 1007
1127 1866
2132 2179
104 273
1526 2093
2247 1325
1837 949
839 2485
455 900
2027 1223
1637 366
1993 407
1225 83
1298 105
1249 2184
675 1458
1377 324
2231 1507
391 433
1439 1125
1139 2240
2402 1497
1066 1869
1498 953
424 1623
102 1387
373 1692
1336 1891
1217 1619
1836 734
1033 1377
194 1091
1773 2002
119 1676
1719 755
255 607
2305 998
528 2470
2162 421
1092 2134
1577 1129
5 2114
231 1334
2189 2379
1939 1396
1240 9
1797 2026
2256 1077
862 1032
2088 192
1643 1298
686 438
2280 1151
1317 1511
163 1094
1149 1095
1388 847
1596 973
2068 94
1411 112
1745 162
1483 982
1845 1688
2141 141
1363 809
2180 603
2373 545
774 2206
1813 1895
1077 1906
2117 26
1619 1951
2315 1987
237 931
1125 621
2423 229
1014 2183
879 1770
2411 648
265 537
776 852
368 976
1828 929
898 1658
1307 538
1555 1539
2370 1714
1319 1798
1219 1452
1285 183
1469 590
2126 1748
1886 79
1921 2069
1615 1670
806 279
241 1752
753 2374
345 1685
1841 1786
531 1968
1322 431
364 2425
2087 1475
1177 1665
2306 1537
664 1880
20 2302
1593 1529
2057 378
866 802
1026 1804
739 663
555 1017
2099 2478
315 941
2391 2255
106 206
1957 1521
429 928
809 285
1539 1200
1736 1358
1160 2122
1369 1801
648 123
1621 1287
1250 1927
1748 347
1007 601
52 2097
810 735
1499 389
1716 1159
326 1863
2016 283
1536 2141
1028 1371
329 1173
1061 1635
1311 1090
626 904
2462 256
842 408
27 151
1863 1565
1000 533
1604 763
622 2111
2317 342
2131 2286
432 822
1798 1352
1318 2062
1067 1267
2197 768
1004 402
1513 1280
381 501
2309 1209
1693 798
2382 1558
1497 1761
336 2463
1084 1079
2356 497
1384 825
965 677
262 2162
909 925
1194 2180
1735 84
1396 385
1119 1785
2121 1964
447 2038
2291 618
1882 1270
1997 1051
2063 2034
2182 2451
977 617
781 1600
2318 2434
1652 352
1794 1760
653 660
1079 1354
1472 394
1567 375
923 458
2365 1395
2326 1351
1268 937
534 155
1096 968
2439 1269
963 467
1698 2331
1266 1645
1703 423
2283 218
1714 1340
624 240
1572 878
2486 1724
584 2016
1445 864
1715 1847
1436 46
372 1921
2352 1307
790 723
984 2336
1277 169
2160 840
1379 586
570 1046
2490 656
472 1941
399 1540
1585 1148
964 1843
1195 2429
1479 2442
2205 2178
1569 2488
549 1048
783 1299
1565 353
375 1092
827 557
149 993
1226 1639
825 146
2135 1409
1901 1953
831 592
383 56
903 282
678 404
2107 612
70 1456
2119 1601
953 2040
266 86
2204 568
36 1606
2398 1659
1039 191
1099 120
1527 1925
1350 457
63 152
1458 804
1276 2353
526 396
395 694
1928 2150
50 331
2354 1074
1114 107
1076 994
2284 6
1003 1778
458 1373
1081 1560
1765 2281
1095 166
1433 2475
1891 307
1386 2033
1262 1027
2238 709
2446 1937
75 1569
2147 1492
640 1702
177 2468
2457 1195
111 1489
346 1365
2210 2318
565 620
613 1044
1248 687
1228 292
959 750
1293 1980
969 1552
339 1935
1037 1672
1287 209
2075 764
536 1862
2473 52
107 1085
892 1247
1467 1581
1435 2436
2266 2430
763 1080
949 2086
2184 1897
1931 860
511 1700
2193 744
1793 1150
541 1912
2137 2082
873 952
1301 59
344 1615
45 1955
616 2227
1893 918
1071 980
89 369
2497 2207
278 221
1269 1378
1434 801
1559 902
2168 1646
1042 1585
1466 474
1187 2260
1335 371
427 277
352 1259
906 1822
1234 775
2045 2197
1347 683
1461 2074
585 23
181 1203
494 493
1053 1135
792 1228
1153 2423
1016 2232
2350 888
83 313
1907 1305
2342 965
877 1341
1508 2046
436 124
1450 1086
1135 939
815 391
1969 686
164 1070
18 534
2285 522
1738 2012
212 1480
2174 1315
578 812
1752 357
396 1469
548 150
151 1231
992 696
1080 2161
2260 934
2090 193
2246 539
801 2031
778 1736
1933 1501
16 436
217 1850
2359 137
426 2037
331 432
1297 2061
736 1768
631 1037
1310 641
733 1127
490 2413
787 725
347 1065
2498 1712
1174 333
2222 1493
2237 1290
683 633
740 1013
2276 249
300 1361
1594 349
34 2065
2185 2070
1229 2405
69 2153
425 857
2433 836
1817 2157
591 106
1415 2042
389 529
632 1898
1263 1876
2225 2307
1917 1577
357 780
2009 1043
1712 1819
1978 466
186 1730
1787 374
1953 2094
1843 2023
811 610
1792 2471
2194 1408
980 2314
2264 1066
8 828
819 2006
656 1312
587 1439
881 1389
1587 406
486 2176
1180 2140
2369 507
408 712
1022 487
2417 1567
2078 1405
294 32
1839 1160
335 782
230 1157
2176 226
1123 670
510 1224
1871 1464
1314 1807
696 1769
2379 1518
2241 1916
1505 1011
1222 2
2173 2109
609 1425
659 1083
692 977
2258 1513
974 1680
914 1889
1548 564
1629 5
328 252
1273 781
2257 344
878 542
535 135
125 874
1416 884
2325 1179
2216 1899
2252 237
1984 2298
1916 2117
1147 1861
1730 1715
1446 2499
967 2145
112 462
2287 2420
1811 1054
957 767
547 1463
2229 1616
86 67
1617 2484
832 376
2191 1496
467 1975
284 548
2013 1279
767 930
533 2369
2415 2156
1725 950
1981 625
2 1024
1667 411
910 99
1747 680
742 1634
175 970
1611 424
1680 1093
1232 2125
118 1069
332 1767
1964 1058
663 1844
159 1854
365 2327
2447 1454
2482 1052
625 2366
1753 504
771 179
524 1747
468 87
1785 2007
1512 430
1487 1630
868 1884
1040 485
387 1674
2286 540
1659 2068
1140 2497
1397 1346
899 473
2335 1172
250 2290
598 2299
1532 1535
1692 535
1132 1729
2392 637
1376 1758
22 684
100 1663
204 495
947 323
1148 2090
1844 260
2389 2066
1974 1222
376 1596
1616 1241
804 1795
2418 1067
1407 304
162 2230
2475 3
1321 1076
197 217
2425 1318
1167 716
128 2131
1605 642
1018 2268
1824 2126
2181 1894
96 2428
1580 197
654 866
57 2136
1366 1360
2427 1089
286 1550
1670 2359
1082 1350
2378 60
1664 1754
1432 1594
979 2332
1418 2380
647 1126
701 195
1962 544
2177 1364
2214 2071
225 883
1780 676
1696 2085
2192 310
1094 1117
1952 156
1389 891
232 2316
1117 1216
2299 2277
1104 373
2140 2323
157 1001
243 2051
2474 1071
2478 1309
1919 1226
707 1402
206 554
978 202
532 481
545 228
202 149
1531 2017
2138 506
1032 886
521 721
172 807
730 1841
1679 543
2226 126
568 1946
1636 961
942 899
2327 2103
2445 2005
2004 1678
1501 1559
706 1662
704 1327
1370 499
759 788
552 913
642 1404
990 1494
1451 1837
1221 469
1244 2088
699 839
1821 1812
416 955
422 1813
1825 1344
1943 546
2448 703
1312 2047
1452 737
1391 1448
1674 1471
2364 1356
936 1322
1622 1056
2133 53
837 500
1732 2498
1638 278
1430 1775
2077 787
359 346
745 2292
382 1626
582 667
443 1366
338 1234
203 1885
2324 710
826 2181
2261 1790
1199 2168
1849 2364
1961 600
137 479
314 1138
820 1859
58 1050
129 1564
1323 615
1405 868
1477 1750
836 1254
1890 803
1777 2404
1494 2076
410 48
2424 1487
1122 365
834 1205
1879 1704
2123 199
1481 695
1802 870
1398 266
2122 459
182 1809
841 449
1164 8
193 1547
1359 1683
95 2398
185 1477
542 2216
968 573
2329 2476
453 119
55 718
421 587
1206 1407
2406 1586
1047 796
1896 1883
2367 1292
1591 2279
890 2372
1742 1675
1744 1930
571 2029
179 1532
2157 1336
527 1789
691 979
2489 359
1607 1486
2338 1221
1560 1633
677 570
2233 443
216 1590
1109 1810
2187 187
671 1168
1390 833
1903 165
1163 2032
1668 2098
191 1505
907 77
1351 997
830 25
