3500 4500
202 1718
725 799
3373 3123
3006 1169
2087 1116
2966 1874
2579 2179
857 2794
2096 1879
2825 2242
3440 183
1221 2028
933 3257
1623 3230
3024 2021
685 2149
294 617
721 1644
1656 3001
1311 1895
1592 1498
356 2036
2077 49
1768 1248
710 3002
3196 3015
3343 3054
605 3158
773 446
542 1421
1906 2562
906 1425
2988 2615
2838 1043
1204 2425
2420 2044
3477 1590
915 1997
2369 1562
843 3412
2347 2742
2626 3385
2383 3200
3099 582
3447 679
1169 2477
3121 207
2112 2332
2436 2386
2333 2541
1782 1075
3179 3100
2099 1917
3242 299
1298 46
248 3351
98 1781
563 1385
1070 1127
3120 1697
2327 3242
533 2552
1040 3232
315 2858
2800 1544
3494 2842
663 1437
1698 3286
73 419
2719 576
3310 834
1606 887
244 3061
3129 1850
3335 950
2480 1858
1160 1305
2881 1986
835 389
1154 2496
1710 2824
873 1728
2839 2883
3000 3150
3194 32
1559 3107
1240 840
1094 249
1669 1403
1564 927
58 2790
3465 1556
2367 3141
2516 200
2677 2917
3072 1280
1544 2865
1810 330
335 342
3227 1279
2240 1555
3294 2280
366 1642
114 977
3462 3162
28 2500
268 1987
1734 2065
549 1593
1591 725
427 2394
311 2598
2293 1802
1929 2747
678 1992
1266 1785
449 1941
1830 2471
2414 2622
414 2923
179 2158
2666 1027
85 3330
539 1105
569 3217
1424 1702
2882 479
221 308
3396 572
903 793
3 202
1161 2011
2179 2943
2506 2967
153 650
2849 1979
2683 827
3364 1024
2448 973
2551 1430
1127 3055
189 1911
2101 817
1658 466
779 552
2778 199
1381 3176
276 846
1706 1973
1288 1275
2657 3060
2277 3427
2261 3485
2457 3280
112 2498
601 2371
1328 2813
3487 943
61 84
1411 1739
704 1447
2812 31
689 164
762 444
3439 3264
557 2995
2811 753
548 970
2498 1965
3104 2323
1646 1511
3468 892
1212 2040
1558 2806
572 2283
768 1564
135 620
2451 437
2569 1066
3339 568
3124 1799
2059 1798
424 1164
376 2775
3007 1402
1711 739
2537 630
1104 2868
984 1946
2354 1293
2278 1191
3280 655
3356 2229
723 2580
1987 1197
2581 656
3386 2004
2667 145
2787 2875
1661 38
555 618
1915 1668
2656 1230
2062 578
582 3418
1631 1336
257 266
1731 2316
2593 474
575 1477
2029 2027
1529 344
1645 3086
1208 1420
668 559
2596 2228
475 2010
1700 2739
714 2240
1060 3180
1999 545
3371 3236
2007 3011
1284 1330
2599 949
3263 2419
1612 917
423 33
174 2714
1518 2049
834 2289
1928 1242
750 469
2474 2325
519 1752
2664 2911
2619 557
1233 56
429 2108
2968 1514
337 209
1109 1091
1506 513
325 3402
2158 538
2481 862
3026 423
2042 2173
2999 1624
2472 1428
198 801
1346 1770
1227 2263
394 2459
2909 2060
3191 996
1189 1384
408 2764
675 1448
2990 1152
1193 791
777 1914
846 2635
1509 1773
290 1525
3354 894
8 3493
241 1483
804 2909
3337 2357
2214 502
501 194
323 2619
2863 8
3332 3095
1765 2136
1259 143
2061 3284
199 2213
1812 253
342 1507
2114 637
208 1128
1962 565
286 4
1120 62
1405 300
3256 1960
1026 275
65 1439
237 3308
603 1713
3185 3259
1229 2725
1539 1195
2237 2588
3312 2051
1404 2383
1839 3202
1849 940
3442 1288
1490 1259
640 2563
1972 1760
3358 2487
346 1877
2717 1033
3430 1260
3481 3290
868 1634
1833 2792
3267 3113
110 1314
215 2426
2727 2080
2760 1079
1416 1205
1207 1813
1098 119
70 759
3032 1470
2070 1905
3112 1860
1802 2032
222 245
2930 1401
1682 382
1028 2250
3215 2344
3157 699
3154 976
1601 696
1660 3140
2896 3398
897 2178
3258 1646
3424 1703
3499 2159
351 972
3463 1893
1081 2954
3393 130
1402 335
2411 2564
2358 36
234 674
2149 2074
1770 68
1653 1178
1616 3111
642 195
1417 711
3158 1708
920 969
465 357
1397 365
2762 2284
3411 1304
3321 1285
946 2860
2803 3216
1699 2592
1310 3334
2902 1435
1850 1062
538 3411
3018 1800
269 3164
2376 2087
3330 2872
562 1952
3252 3133
1032 3138
1960 1710
3114 2079
1854 1976
1287 1321
2196 1310
2266 1363
291 3464
2427 2835
232 1391
1351 1137
3079 1927
2922 2220
2018 2224
1862 2851
17 1390
1385 2738
1877 1587
1834 1059
3352 686
1315 1865
258 1982
3164 2566
680 2081
3080 2134
259 2362
1313 460
3308 3491
2816 2536
2291 602
3366 2863
536 1729
71 3018
252 213
1114 535
3314 2921
2996 2822
514 338
2153 2147
1866 575
1250 3400
1639 3238
1547 1828
2022 2106
2654 2501
2890 868
813 1621
3010 17
67 2005
2731 2277
299 2715
108 315
2824 1543
634 1050
2725 227
2085 2609
922 1611
2186 167
469 1868
1736 2379
30 2266
2710 2983
2653 1789
2757 3026
383 3251
111 1863
2162 3160
3190 2416
2780 1575
260 660
1870 34
2634 2518
2372 3077
154 1231
1198 589
1196 1977
2228 2583
422 2878
2526 1454
2524 1352
1546 2578
2125 1506
2763 1282
3063 2053
264 1203
253 57
1841 393
2643 1950
2687 11
3103 2148
717 1286
2782 2406
1398 1924
2911 2740
288 1072
1519 1955
1138 1962
2975 2814
1575 318
3041 1029
2900 1101
1226 1655
625 2475
145 540
1469 3090
3441 1761
418 657
1526 3355
877 40
2251 129
561 1456
204 340
2690 441
2736 0
3201 1237
1087 1582
163 1316
2008 154
255 1545
2035 1723
2907 3041
587 758
434 2961
2972 3469
1305 1216
1811 1565
2418 1251
2641 2916
566 1111
3094 1413
2165 1299
826 3459
698 2291
1476 2195
1271 2139
2363 1504
2402 1647
2967 522
2269 671
908 2412
1946 2647
891 494
86 2110
772 1998
1436 991
2772 2449
1809 2701
503 2464
2384 2458
1532 591
1444 2850
2342 2246
1745 390
2400 2731
1500 39
765 326
2111 658
2775 3009
1540 1289
1348 456
856 1350
2093 1777
3219 1831
2104 3222
1668 2769
1125 1597
2938 779
2740 401
1978 673
2945 626
969 181
2328 123
3495 1825
2595 2696
1916 3118
2843 714
2642 2521
802 2938
1116 903
1716 2599
1350 998
2057 3324
1464 814
923 3273
214 2618
3415 2705
529 428
1172 114
3031 3082
1846 1351
3200 418
2997 2710
1268 1853
1347 1432
139 2674
2119 1844
2670 1082
2084 3407
863 374
3351 1579
68 2761
1505 2478
312 2670
2521 1272
2694 3446
1723 2906
1312 1092
2607 3468
2233 2433
604 519
1878 2574
2155 2176
2311 3396
191 571
2144 51
2767 1341
1553 3321
395 2331
146 2818
2217 547
1166 918
1515 3437
330 1983
1897 1287
2083 733
2225 237
3060 3094
3030 2513
1567 2841
2295 839
1927 2734
470 302
386 1803
2877 3021
3038 2526
1334 1970
1361 185
656 20
2576 2164
2445 3128
737 2367
14 101
2234 945
1323 1666
766 66
2365 955
22 3463
1965 2960
1061 2555
224 2955
1317 2227
805 881
3247 2447
278 1174
20 247
2697 2245
2841 2827
355 1442
1688 2881
1374 290
1652 2388
3444 2523
1365 2942
3023 80
3193 1947
2672 1112
3180 3387
558 844
3106 478
3230 3151
1020 3322
3382 112
2640 1117
451 2469
2984 853
1926 2123
3192 2994
1609 821
2836 16
2655 2807
2834 1782
1865 2808
1887 9
2433 2183
1126 353
1410 1612
2191 2257
2957 2002
776 1771
1757 1451
913 2209
251 2299
614 2856
810 2594
2126 987
1752 2802
2795 993
2490 2759
683 2847
1918 2772
1038 3353
1705 61
1438 2099
245 974
1651 1994
134 363
1380 1160
2412 504
730 2652
2681 2719
3058 1572
3206 239
718 115
2039 2314
3017 2727
1528 2417
951 2360
905 2672
2635 2654
13 1168
1206 481
2663 37
522 219
115 2411
3034 280
1951 2587
2507 3191
1838 952
2243 1939
46 1619
2925 3071
1383 497
2971 2470
228 2928
2604 1652
2462 1104
1445 486
2623 1008
2761 1499
1541 3171
80 2683
2718 1717
2512 1586
2000 1845
1943 2660
60 2198
331 621
2580 1735
2205 2641
1822 1047
3130 3421
669 2986
894 1256
3302 622
1158 3422
2591 2511
3093 1712
2060 2840
293 3227
1415 424
1797 3457
1285 2819
2211 907
705 2546
2970 3362
3374 211
881 1535
1340 2737
373 611
432 1909
727 2773
3375 2632
2539 2968
165 1431
406 1503
3159 1622
1608 2997
1301 2836
130 2515
1958 1598
45 2492
551 3470
1274 2648
415 899
2081 1107
990 2203
188 2058
2371 3147
1218 2395
1789 975
2554 2373
1713 1573
719 303
1867 378
2509 1186
1971 2901
573 2702
622 2033
2097 3438
1133 743
1671 2830
2522 415
670 1313
2728 765
3287 1121
2095 2184
444 1520
2422 1416
1758 2448
3397 3371
792 1184
783 2620
1538 2988
2853 794
1338 2979
2859 1566
12 1450
926 1486
1952 746
2458 1704
3118 863
1292 2486
3148 2656
1753 1522
3455 1938
2207 2888
2025 3117
438 1348
2476 77
59 1636
782 2686
2726 1787
819 3104
77 3047
2429 3339
2765 756
688 676
2386 2414
1048 2688
320 1446
1525 807
513 1353
1495 719
1492 837
1831 953
338 3454
160 23
1463 170
116 1592
407 192
2461 3350
3170 1833
40 204
2051 2981
479 797
937 2135
1304 3210
3456 3170
1636 189
1192 924
50 2653
2314 2017
3136 1125
2303 457
2113 146
3376 785
1678 216
1044 1115
1186 1758
3262 2922
3181 1434
858 717
954 47
2647 615
2374 2629
2602 3154
3326 690
1270 282
1387 1870
1359 2077
626 141
1771 1132
2872 2434
898 2320
3221 2745
2160 2930
1594 2657
350 934
2109 2381
175 2086
1582 3097
431 135
1880 1568
492 1901
1909 2369
1095 1270
1998 1692
3404 914
2041 407
1899 2343
1475 2189
3437 3173
117 2239
2606 1734
1763 1383
377 1458
1573 1915
1276 163
3133 3263
2894 3046
1075 1022
1740 1020
2493 2050
2182 322
1676 1291
3176 926
3276 2744
296 74
1372 1842
2624 1981
1321 773
1694 55
1103 2859
2088 1887
219 90
1816 106
3066 1971
2865 2037
1217 1843
1419 715
2282 1757
1512 3473
3479 1217
399 889
1859 1588
2662 3053
1774 1124
3300 297
455 1721
2180 812
553 104
1837 570
2279 3332
2034 2073
119 3115
3301 293
1821 1090
3338 1600
1602 2112
2923 329
2016 159
3061 2351
1513 3270
1767 2993
999 484
3234 148
621 3313
180 2474
1320 592
1052 2117
1247 2823
2934 490
2713 2544
1732 1198
2608 2876
2455 48
1297 251
2171 2422
808 1379
565 891
576 2009
445 1108
2753 1662
763 3498
508 1698
2366 468
866 438
978 3186
1640 2662
3054 1232
3235 210
2746 2779
3281 1215
1860 320
2313 235
2318 1707
2884 1665
803 3449
1370 1361
411 1474
1973 3235
1942 832
3040 1491
2572 2825
220 2296
752 3373
2033 841
526 1278
1231 3462
2937 1360
1953 1558
1876 642
2265 884
2145 3425
313 1473
2659 3318
3151 3490
1642 3450
1455 2089
3298 1908
2991 634
1808 1635
400 2182
1921 2927
696 233
2799 1508
2460 2276
1989 343
1242 3063
52 890
818 1881
2733 508
43 1627
3268 2890
2874 3102
2377 1204
143 2378
426 3224
3288 2440
2709 2298
2750 994
2617 1019
1869 1733
3323 1052
3248 1882
1968 1903
2627 2120
2739 501
686 250
1171 1364
2979 741
2336 882
1251 1693
2325 931
2075 1629
2755 2327
1352 2006
3249 2167
1057 3079
955 906
2552 1151
1633 1144
2701 580
1228 2522
303 948
1107 789
3349 3020
2978 1786
934 2551
3086 1212
2738 1603
673 2003
743 632
2613 2770
192 613
2089 1035
2625 3177
1902 965
1648 1869
2926 1766
3039 1617
217 406
1478 231
124 1921
2454 1679
1119 2844
1335 1519
2854 2409
2523 1145
2793 573
2573 3229
3043 1996
817 1378
3290 3069
532 73
1269 1053
1006 1539
1576 1423
2696 1922
870 2780
2053 512
1195 3110
1908 1719
1139 1354
1102 3004
2456 1804
1471 372
2284 3346
1800 1054
852 3040
3090 1358
1343 2946
1224 1589
1545 12
1390 2783
3394 2497
1798 3310
735 492
282 369
235 2258
2964 1542
150 1009
3259 867
3426 2090
289 2692
1690 2913
1045 2756
2584 431
973 1774
3225 379
2534 921
2417 3262
2706 1455
1254 1794
1766 1118
3329 2285
1222 2056
2879 1157
297 3440
1938 259
1326 3271
1643 3052
504 3000
867 1345
1783 1134
1110 666
2686 1253
187 1370
1578 3068
699 3475
1959 463
2141 985
780 1004
1200 3460
530 585
2869 1933
1715 2604
2434 144
1933 2456
2614 3221
2316 2375
32 174
477 963
2944 243
1924 3272
410 2829
1557 2231
39 2639
2609 2625
3403 2687
1583 2698
3035 2545
328 2826
2337 1095
816 700
1115 405
3369 359
2910 1581
2676 595
2729 1424
1407 3294
2820 712
1536 610
3346 2353
2387 2693
2408 1414
545 923
2469 989
2489 2948
2253 849
1543 2558
31 3093
2766 2270
3062 2626
552 3499
2004 3126
1449 1068
2364 2152
1460 333
446 2307
1121 2237
352 1129
1290 845
1099 212
2306 2199
1703 2038
1664 1199
2618 1234
599 1618
1672 2385
893 2519
2547 2796
421 1339
940 3012
1738 1684
2520 2956
1015 2581
3452 956
298 2766
3391 3488
122 774
2871 1512
869 3231
648 732
511 287
1786 3074
1309 2489
2781 1394
889 2324
800 3363
1524 1776
2255 1333
2577 1139
2592 3335
494 816
1955 3255
473 5
925 3466
2590 1306
2712 3365
3496 984
1170 560
2531 2854
1355 2188
121 1236
1775 3091
1278 1109
2220 1607
2168 1252
824 2579
2404 2677
2668 597
168 3392
2684 1065
1180 1201
2935 3114
396 1173
37 1408
865 761
854 1143
156 2205
270 1489
1813 362
1726 3096
729 136
2115 2750
2805 1377
3246 2439
965 843
589 3275
2661 910
176 2196
1689 41
3015 314
1904 951
2038 1106
677 957
3119 1298
161 205
715 2193
1748 2034
2636 2567
1618 1214
1369 639
535 2809
1749 496
1183 2612
1893 482
2139 2697
2936 2359
2637 1569
756 2899
2156 3059
1033 2349
1507 321
2272 563
2921 3340
1718 2903
1523 310
1806 1595
90 332
2080 3448
3213 2150
528 1714
419 1222
657 1136
265 1741
3253 1810
531 1007
2952 2726
2983 685
738 530
1147 2886
230 1808
1134 3106
2791 1688
1900 3252
895 859
2236 2843
1555 1784
3363 1837
525 2091
2338 1727
2356 413
1214 2816
1085 2713
2200 811
9 729
1068 2568
1071 883
1650 636
2078 2709
1995 2206
3395 533
2271 861
1069 1541
94 2548
1150 1055
838 268
454 3027
1400 3056
1603 2920
2917 710
200 1085
3311 2312
1051 896
357 98
3305 1943
3282 898
3153 2571
26 577
3186 1536
2423 2269
2837 1838
1912 1097
1386 2402
2045 1827
3218 2575
3243 1812
1185 3367
2133 3234
2484 3303
3408 2788
1560 3132
2492 2606
2906 3155
75 1902
1498 2442
2413 3254
2232 2527
997 2047
2446 2339
708 838
2487 1388
2193 138
1741 2204
1014 2114
851 2584
1010 1369
579 539
862 2124
1674 480
1796 3013
1141 1725
1581 1738
2550 2130
2517 3024
2809 1988
618 1711
732 2753
2646 735
2416 1335
412 2233
798 1674
1534 2621
360 3428
3493 160
2605 2161
2724 2023
3348 2083
2993 133
753 2787
1585 612
664 1731
611 661
1969 2212
300 2951
1190 1904
1035 2070
2571 264
2741 2254
3345 3212
193 1399
1496 295
2715 1308
1562 1493
1059 2251
754 3356
904 1685
93 223
1457 2151
250 619
1635 3447
2394 1620
3128 3366
1145 2174
480 462
1047 2187
3416 2978
171 3495
2065 3042
848 1754
1223 2723
1981 1086
2227 1461
697 1890
1937 3181
850 1839
702 208
3299 590
1957 2984
273 2301
1277 2225
1332 925
1194 1594
608 503
2895 394
2389 782
1080 2127
1747 2048
3484 2333
413 356
1399 360
3317 1245
2230 810
2960 1349
81 2582
3449 744
3011 2039
2250 1690
2851 173
96 70
1762 1500
3342 2707
2405 1241
1595 1459
3264 3034
681 1630
64 1326
2169 2596
2533 2624
442 375
2705 1069
1593 1300
736 1163
3138 2078
380 3300
606 1894
1681 1334
1683 724
1237 2392
1755 1676
211 2980
2443 2610
3413 3357
2744 2607
2594 3386
3166 449
1751 2350
970 2503
2612 281
3067 1730
1655 1381
2866 908
1162 3161
1345 134
440 3014
1947 2272
709 1534
755 2665
3406 2838
2503 76
2027 3277
1911 2736
3045 3397
89 2611
3333 2939
24 1763
88 2457
2473 2424
1479 529
1805 548
29 409
3053 731
1289 941
2745 2958
2218 364
1022 2281
194 54
570 1429
3425 1949
2464 745
304 2926
556 2812
1079 2
636 2668
2006 1445
2770 3452
3471 713
682 81
226 614
1333 2630
1579 2974
2790 1042
2835 2363
831 3416
1925 473
1197 1609
861 2902
1041 383
3269 3134
1814 225
1373 2638
2939 1671
692 3066
499 1510
3472 1658
2898 2428
559 2001
929 465
1184 420
295 334
952 718
2730 2749
3205 2356
1493 214
2309 919
876 706
775 2659
2929 809
841 3379
1709 3266
2 64
3004 2321
2752 224
2410 2889
1072 2992
118 2905
262 1857
1447 968
3291 3405
989 3078
2353 3343
471 3137
2615 125
2821 1954
2830 391
2582 3292
1872 3203
2989 947
3223 587
961 2274
53 930
2185 2509
2074 1615
2889 1462
1725 485
761 1441
1308 3183
2444 752
3097 2105
2270 2013
1815 3329
2479 2384
617 1147
2570 748
1257 2540
1484 516
1729 1233
1322 3064
517 2505
1412 255
44 1161
371 954
1089 2479
2962 2282
1548 1963
1021 3489
123 3287
2090 1362
1967 851
1647 922
2426 3347
1982 3240
137 2042
1596 877
1949 2898
2707 2778
1828 3157
2758 2678
2734 2111
218 91
243 695
1155 3445
2777 962
3355 2125
2714 920
1067 1225
348 451
1440 850
231 3152
979 2833
662 644
964 1188
2320 2113
1487 1934
3208 2849
2698 579
1777 1516
1294 1659
781 1328
667 1509
1441 1527
2540 1126
888 1643
2206 215
2221 2534
2585 2451
660 1935
3087 2097
392 319
2955 151
1118 1110
3491 1931
2818 1926
3443 2380
1392 3223
623 3057
389 2008
3107 2908
3407 1325
612 2313
2049 2418
229 2597
3251 1775
425 870
2621 384
1584 1366
1530 422
2108 1479
2878 217
1801 1158
2951 1530
788 454
2833 201
655 2463
821 2441
901 179
3316 3121
1742 2319
3448 2084
1743 2366
3423 2341
2177 72
3399 1746
159 878
279 2675
2776 1638
3254 242
1366 2605
2212 2936
3052 2716
2189 2817
170 3435
216 596
213 35
950 1848
691 2755
2100 1078
1826 2752
2986 2308
2319 3406
2032 1899
2914 1436
3232 416
157 2271
76 2533
892 395
1303 707
1803 2472
2502 417
2026 2869
3318 3122
2998 1365
166 2052
3385 400
2407 3483
2555 190
1996 246
3182 2144
2764 1553
2092 2793
2601 2234
2134 2931
1836 14
2194 2481
2050 3073
247 2640
638 1010
3286 2116
1829 2703
2505 305
2036 581
2300 3031
1667 1013
2543 3243
887 2400
2916 1003
2071 1444
1282 122
1300 3323
2961 458
2339 270
2031 1515
1083 607
1053 852
987 1465
3211 1518
2541 2941
728 3131
1391 770
3427 780
1360 339
1097 1797
3327 702
619 1549
2768 1505
2037 2443
381 1867
2332 2797
2280 186
2597 2311
2190 206
402 1307
2335 107
953 3165
1944 2403
2749 624
2005 2845
3309 1529
1597 425
1550 767
2274 1726
2542 2577
2788 1146
2588 45
1610 1141
3400 938
1408 2754
1129 2059
1164 1166
2453 2724
811 1311
2128 3225
1714 1807
1535 2490
2055 760
1891 3148
2260 2651
2743 312
3152 2335
2268 3213
301 902
2888 1011
596 828
974 2019
941 1680
2117 777
1735 311
2188 3395
1477 1578
2047 3360
1885 3135
1702 1656
1203 1386
2616 605
334 289
416 3297
746 3293
1452 3376
281 298
2345 110
287 1639
2307 15
2450 2991
201 1694
588 2720
1619 769
236 177
1264 2834
1273 3441
2905 1563
91 755
1339 464
1630 2066
2574 2944
2380 3443
2477 3394
1739 273
2324 980
3056 1467
62 3453
2518 260
1527 2278
310 2217
374 3417
104 2861
2289 2722
1895 188
1124 1460
2887 2676
1481 1822
367 997
3421 1974
2107 387
1167 292
125 2156
3372 2390
2948 2873
466 1393
3359 2370
2514 544
3255 3374
2981 798
2415 2293
3274 2262
1721 1063
1510 1392
1975 2133
2545 2628
142 3237
2846 3182
2786 272
523 1551
1136 140
609 28
3260 2455
2904 3467
815 1395
1423 830
2562 2103
2094 2177
1466 2666
3037 2862
2827 2016
183 936
3002 3184
2150 1273
2721 3420
3417 2304
1884 2119
550 2334
149 1017
172 1073
2779 2138
2565 2244
1823 2767
2040 641
814 651
627 3206
2840 3120
2340 2317
3168 3006
3228 826
369 3156
2817 1254
1393 1404
280 1469
385 2155
254 2952
825 1747
2773 1249
1722 2064
1064 2663
769 1847
3473 2361
976 1332
458 2777
3306 2706
2488 2694
2600 2805
2748 1037
437 1120
1641 455
223 942
2103 1051
1907 3429
1662 684
716 3244
450 601
3065 1606
650 2483
1248 1724
2530 1683
2263 1153
1256 709
2014 1323
849 1267
2147 2786
1684 3099
928 252
641 3174
1720 2810
173 2261
2264 1601
2317 866
2810 1816
3005 3233
2673 1878
671 3342
3145 511
370 2465
1401 257
2546 3419
2648 916
1983 30
613 625
3420 1372
3149 1701
1337 355
2586 2565
726 913
69 3403
3414 1171
672 1264
3077 2572
378 2655
3388 1274
502 1667
1448 2907
1367 1531
2438 1900
994 2488
1501 653
2815 1422
1773 2211
333 2645
3016 806
1677 2391
885 1478
16 3370
2382 1883
3229 277
2631 2222
3410 2848
2428 900
2819 2586
3146 2461
97 1340
2442 2589
242 1476
1693 1296
2285 3075
3209 1440
875 1811
652 822
105 128
695 1492
801 531
1966 370
3344 3434
3098 2590
103 606
1666 2897
1882 50
2899 2435
3324 751
132 551
1012 1297
1888 3361
2832 1956
1275 2473
1936 2267
690 3050
3459 1067
3188 157
541 723
275 3022
284 2846
1216 1084
2120 2410
3257 736
1473 3471
1293 2355
3169 3215
543 433
703 1851
720 2733
1941 2404
527 2690
1007 3268
240 1716
390 24
460 2043
793 337
1232 472
1376 1706
2425 3352
3125 3377
3245 824
3325 2415
2152 3008
827 262
2501 979
79 3325
2146 3482
2385 1823
2202 402
233 3426
1261 1814
3078 3083
1871 2437
164 609
2349 1056
744 2175
2136 855
731 3481
2216 1805
1692 1229
2880 1830
1092 3315
2689 2855
2346 778
2030 1778
1864 1244
2529 1742
2110 762
3353 1705
2148 2232
2845 2877
3313 2024
2844 1040
1919 341
1832 2012
2432 1913
1488 25
391 2256
3307 1547
49 645
3279 3344
2140 598
2708 3408
2209 82
1142 3320
2855 1449
560 599
2028 1772
2421 234
812 59
2011 1046
2804 1196
1954 3105
912 915
169 3142
1634 2030
2629 1567
461 79
2362 85
2633 1382
2558 819
972 1699
3199 2454
959 3159
694 1885
2583 78
2379 772
1514 638
1990 2781
1055 1990
2478 366
3051 687
2622 1302
249 1165
983 1380
1465 3038
3250 142
3025 117
2932 2340
645 1100
1363 1523
2310 1315
759 1769
302 1371
1106 2953
1920 328
2167 1494
957 2550
261 1984
590 348
3275 3423
2974 3185
2941 1788
1780 2305
347 669
2892 1135
1622 2896
1165 2957
3020 2549
911 2990
6 2102
138 361
2001 594
2219 3285
591 2538
109 2573
653 1208
1108 1453
1429 2495
2858 2634
2864 2062
102 912
2024 120
855 1585
1565 1060
397 2924
1794 2971
832 3474
1673 3250
2294 2561
2352 550
319 1207
2452 172
1173 2295
1456 2795
2403 2644
1874 2679
758 2347
41 22
1235 3349
1913 2699
56 1682
700 3302
3102 2453
1091 2554
3070 3028
1023 1571
2399 1376
2355 1824
2702 2782
742 3465
2953 2721
1377 1290
2373 2398
2172 3005
1368 1026
340 491
1537 3309
2483 2570
2980 1243
474 2520
2241 238
2132 847
1627 193
1825 2035
958 1745
1148 1645
939 2427
1065 3372
3283 3383
879 649
2010 1016
1701 3442
1265 2306
2797 176
687 2867
57 331
1252 3269
3050 2253
935 2735
2401 2543
3231 1623
3467 1496
786 3295
2933 2800
2485 633
2048 3218
238 688
791 654
2796 1920
3222 775
441 1631
3292 453
2393 555
659 2940
2553 2700
985 3256
3304 2811
1728 2202
2867 1015
1213 1041
1342 2045
701 1540
1325 3087
1502 944
2842 156
1375 2238
345 3072
3478 3193
186 2247
3389 2396
1238 1762
900 442
3453 893
1432 1180
3434 978
3289 1162
3019 2181
2671 63
981 301
496 813
2560 2729
3100 1355
1799 1154
1724 1320
1707 1102
2187 2649
3183 1720
2091 3044
1551 1862
120 3484
1188 377
3147 1737
1817 89
1144 3399
3261 2131
2885 3032
225 2765
770 230
2106 118
1993 165
2439 2092
329 2614
1427 803
2891 3194
1793 2268
1364 2741
2660 1852
2919 153
1486 3261
354 196
1371 1765
1004 265
101 131
2759 3306
2700 3080
932 2223
968 3404
2123 593
95 2243
2651 574
1384 2115
510 1070
3233 487
988 2132
3474 87
924 3146
521 1919
2519 3304
2052 1219
1454 2874
155 2646
1467 1886
1037 740
2928 2517
2129 1347
1205 325
484 1218
3122 1651
2691 2029
277 2633
1855 800
439 1487
1128 1604
2021 528
3081 2096
1013 1406
3187 510
2348 2853
3428 2364
1883 523
1556 2504
1708 1080
3175 285
1756 1049
3022 2576
2918 1948
540 992
1016 430
1580 1829
2375 737
1719 2088
568 3088
343 2623
3197 2172
2848 2226
602 1247
1626 2420
1844 1034
2901 229
872 795
481 2075
515 2166
131 2031
3387 631
2298 226
1970 1809
1577 704
1886 2446
1629 546
1522 376
107 467
2184 2480
476 3274
3140 3030
1785 734
2159 2168
3001 2613
789 439
2213 1560
1533 147
764 1190
3328 2757
1019 2985
914 171
520 2933
1784 2864
1086 1660
2940 990
1605 677
2587 1182
3210 286
3049 549
1358 2352
2568 2438
829 102
1843 3112
1341 823
1764 2287
485 88
2331 309
595 1640
1568 3037
1858 1133
3390 1678
1327 1265
2644 3316
2645 1322
3198 1552
1394 3081
1566 367
1820 3127
2350 627
151 786
836 3246
447 880
577 708
2756 97
635 69
2679 2192
3464 2717
3073 3472
2124 1148
3115 2636
36 2337
3377 1748
379 1374
128 3451
1324 3196
178 2221
3101 3478
666 452
1025 2460
2409 1373
1036 1006
2695 2157
372 3282
3076 1945
2254 2681
1776 1223
2224 1318
778 1576
1819 1625
3336 668
1624 1000
2630 1790
2447 1081
506 1928
2544 542
902 3281
2737 3207
2915 3136
1027 58
2973 716
822 1131
896 517
144 2932
2785 833
620 307
1009 1985
362 2297
246 2101
462 296
2290 860
409 1580
2559 1854
1437 1832
196 1319
452 2095
349 911
516 553
1249 2508
2063 1691
1574 2055
2305 1283
2535 2493
2861 1093
2122 1999
2658 1012
3315 3109
3113 790
136 2372
2388 2207
1531 1488
2330 3439
643 412
1480 2530
2003 18
1163 750
942 169
3498 693
3111 274
1379 1616
741 2892
2538 1930
1644 3189
2131 2839
1253 2491
365 2336
1262 3393
3319 178
209 3092
1210 2832
1260 2273
1840 2937
487 1193
859 967
2549 392
2847 1005
203 1918
1422 1959
1220 1338
332 2591
1425 1696
2431 1281
54 2345
368 1951
518 429
3379 2141
839 871
806 1866
2912 3288
2287 3125
3184 662
1043 2537
1209 2870
1984 3241
1101 2791
457 470
1649 3479
3362 802
2638 1944
488 1342
2222 3265
2813 2560
878 3168
1939 448
3241 421
3361 556
1153 2421
326 1427
2500 603
2203 2109
2924 1480
483 2803
1329 680
401 440
3167 1266
679 3492
2976 1426
1769 240
1861 1932
2876 317
1225 1968
907 2450
387 1346
2794 288
1319 721
1434 2368
1491 2452
1483 1276
2296 2900
1258 3139
2802 2798
324 397
486 2265
2742 1648
3446 2925
597 53
1686 1032
2965 1463
339 3049
712 909
1291 2784
2956 1255
3014 2230
1504 3410
10 2539
1792 2542
3085 410
2513 65
2064 749
1406 3016
1073 1397
693 10
767 764
3068 152
1353 646
1314 664
1737 3317
2987 1077
3009 1246
1418 648
271 3384
2076 7
206 2585
2398 1961
3237 283
2161 2963
2391 3369
949 3163
1914 1817
2685 1736
404 792
1779 1669
947 1076
1135 829
938 3477
796 2153
2801 1057
884 2529
3110 1793
3088 1083
632 2186
1076 83
1011 2602
2288 3119
3059 3253
3116 1087
1246 236
910 1846
3285 683
417 1740
2527 3414
2002 2831
1443 403
2308 1964
1241 1929
127 2852
2511 2732
3134 351
1977 1501
3105 2063
3450 1750
860 2506
1963 3070
2054 3089
23 352
3296 2512
375 1856
2678 2046
2067 2338
3174 541
584 371
1005 2374
3091 2879
2675 324
3069 652
1046 3085
880 524
916 1673
2239 1071
2798 1753
1470 1732
1712 2300
2674 3389
2963 966
3071 3390
3433 1405
83 1743
2985 2054
1395 1969
1336 1410
436 1058
74 1257
126 3245
1450 2658
1637 2535
3457 1975
3347 3247
1974 3258
1151 726
283 2389
1461 261
3438 3311
3172 3260
630 3058
388 854
1234 336
3297 3444
2528 3116
586 1980
1730 2718
1100 1526
509 2989
2151 162
1685 71
1894 1840
564 3432
2229 2191
2893 1464
322 3129
3165 566
1000 694
507 543
263 3380
3273 3298
1903 483
2275 2682
3418 1966
167 109
327 842
1096 1343
616 166
1430 667
2245 2524
205 1337
18 358
33 1864
1857 1228
2632 701
3095 1209
1931 675
3244 3209
1130 2768
899 2671
2525 981
1670 554
1587 2996
2927 1602
1302 385
2015 678
99 1412
1604 1375
1494 3103
600 1194
1131 477
2297 1407
1236 781
1873 1554
152 2468
2361 3029
1472 3424
2931 1324
3012 3167
1215 2216
745 3220
1433 161
2903 1524
837 2322
2486 29
2578 3007
771 2163
2769 2431
1733 2082
2178 1888
3217 1608
467 1628
1054 3166
2098 1200
554 647
2019 831
2302 1185
1113 1210
1687 2121
2056 873
1552 2785
1985 180
2563 2728
1082 2000
2326 526
1787 386
2722 3144
1727 3076
2262 2326
1428 269
197 3341
3003 635
3454 2072
1499 2405
1267 1443
2620 1767
2589 2467
1795 1284
807 3436
3451 2069
1031 982
185 1681
844 562
948 2970
1746 232
722 149
2995 2882
2649 1768
733 1025
1744 1400
3008 19
1263 1389
1665 3494
2508 3338
1202 904
489 254
2449 2601
2771 895
3278 1993
534 1709
1176 1123
1245 2947
2166 2170
3092 1873
3483 3019
353 1417
646 2569
1453 93
3055 2789
871 2528
314 964
1976 534
2378 2593
1296 1649
592 3003
2249 2801
2130 2704
1182 126
1852 1240
1244 2160
27 628
3126 885
2856 3458
1199 703
890 294
274 1045
34 2397
428 2884
654 1
1935 43
11 2516
996 495
1964 2085
498 2950
5 888
2392 2020
3195 3319
1788 445
1917 1532
2118 959
1950 742
2603 2871
1696 901
2121 1687
724 3204
3216 1176
403 1925
3178 2910
3074 1472
1157 1637
2711 2015
1378 3368
3293 3198
3486 2126
3108 3108
2943 1177
2639 857
993 2346
2650 1632
393 1088
3239 228
2105 1044
239 96
546 670
3042 681
190 2194
711 886
344 113
1695 2484
3033 2348
2086 27
684 2820
1474 3172
991 2143
1219 1039
3142 937
1159 1155
2992 427
497 2445
1948 2413
1281 2532
2312 958
2381 1751
3322 500
3365 459
2532 3301
2969 692
2023 1820
1613 3153
580 3331
2079 682
2958 3354
1617 897
980 1906
1932 1159
3150 175
1520 3067
931 3065
2170 697
3117 2965
2561 1664
3236 3
1896 1002
420 629
177 380
886 1836
3409 1367
2920 1896
1791 3248
2459 3192
757 1103
1439 2342
140 3175
3405 2637
2471 1855
1211 184
944 2975
1572 1897
1451 509
3238 2354
1049 836
828 404
2499 2799
1848 3388
2157 1653
3284 2525
2396 2201
2292 3433
2732 2288
2913 2962
1778 763
3492 3480
148 2929
3162 2476
3383 1419
2950 3145
637 158
1554 447
1842 2180
2680 2466
3460 488
882 2309
1143 2915
1018 1610
19 2482
1137 2895
1571 2987
1503 1818
2977 2122
1979 2762
3224 1036
842 935
2862 2973
2669 1916
2235 3409
840 3190
1435 2067
2370 1418
2281 1910
2897 3476
998 2026
1910 278
210 168
3384 2252
38 1880
2949 2436
1588 1517
1679 1471
2102 600
2954 2603
2751 2260
2556 505
1879 3179
2823 2774
2343 1331
874 2145
1178 1211
1845 2290
2665 2507
2814 768
182 1633
1442 2328
1181 3283
141 525
3381 1481
3488 2401
3340 1859
463 971
48 2330
2258 983
748 1689
359 1138
3177 44
2873 2617
2020 805
2137 2377
975 691
615 2959
2142 92
3476 2408
1029 1591
1922 1357
2437 476
2548 2711
574 3239
1759 2976
2703 271
2173 2007
184 3487
133 2746
1517 1756
1239 3276
47 1559
1149 276
3156 3084
3204 197
651 3188
1426 1826
1657 1796
472 279
212 507
3212 2214
2163 3017
2238 1206
1901 1238
1420 766
1923 2912
3378 3299
1344 399
1063 2684
21 1202
986 2919
3490 1396
3036 2264
1863 1686
267 3305
3141 995
1299 2215
578 1261
382 640
1090 1537
7 1764
2267 116
1599 398
1187 2185
308 489
272 929
453 2142
1272 698
1804 1221
195 1183
847 1570
361 1038
1856 776
785 506
92 3045
2204 933
1625 2018
633 1018
1638 1972
1039 835
2276 1806
2567 2485
1600 2804
147 1356
610 2200
1898 3333
1717 1937
1934 2249
1570 2429
963 3486
3320 932
649 2914
3096 1821
2982 2685
2072 788
3270 939
1875 3228
713 2650
2870 2828
2482 52
3436 2292
1349 2329
1175 1538
2198 705
2322 60
1 2432
2359 2758
2693 2616
676 527
1318 2982
1497 2866
3144 1577
1489 1409
1306 3401
2201 2964
1316 2712
3466 94
795 1014
760 623
1663 150
1790 3039
256 1835
2515 1130
3082 815
505 2259
55 1179
594 3455
1362 2387
571 2444
3431 346
2329 1783
1105 1907
3370 95
1074 537
3240 1227
435 1695
491 222
2226 1528
674 3249
51 1175
583 2358
1111 2208
66 2462
1654 1327
2716 2218
1077 727
1008 132
1956 905
72 2098
1279 567
3226 1415
2299 3211
2682 1189
3155 349
740 3178
1117 2893
42 1561
1382 730
2183 2972
1549 2146
1152 3124
433 1271
4 2190
2244 848
2154 1061
629 1181
2875 808
1892 26
181 248
3368 2945
3027 2608
1122 2771
3266 3267
982 67
1243 2154
1283 2303
598 121
2181 3375
1853 3378
2143 2821
1156 874
448 1021
1521 1220
631 2760
2252 1599
2435 426
2009 2904
2495 747
1431 2977
1890 1791
1589 754
3137 1613
1607 2171
739 1064
468 1156
1881 2998
0 1755
2611 3358
129 3101
15 2934
1994 2093
1851 2279
443 1876
3475 435
316 443
3127 2595
1286 373
3295 1715
3485 616
1847 1872
2175 1277
2321 1657
1628 2642
2468 2169
927 532
1659 986
1750 1149
2334 323
1330 2318
1056 3415
1569 659
3131 1533
3214 241
364 75
2231 1001
1824 2553
2344 796
2475 432
784 221
384 396
845 1094
2831 436
3497 2743
749 1650
1179 1028
1088 2068
2808 3169
2883 1239
1140 1192
1354 1433
945 461
1191 2689
2273 1923
3046 3497
977 111
1889 1641
1403 3033
1084 1884
2419 1978
2908 327
285 1262
1123 1497
3075 3226
3482 220
3331 1875
966 1317
1356 2691
1132 1936
405 127
1112 2128
1255 3025
1586 1661
3161 2631
3203 3337
493 2667
1357 1605
2510 2547
2441 604
2491 1513
2058 493
799 588
1331 2219
2857 1140
3048 804
1563 2310
967 1841
1042 2241
1414 586
3350 203
113 2165
3084 2627
2652 1892
306 3326
1905 865
2536 1749
1146 345
567 3345
2082 3328
2826 3062
3419 1268
2575 2556
3360 1224
1389 2248
3163 1466
918 1989
794 1546
2789 1958
2994 182
790 1912
1462 2137
2044 2887
1697 1614
2242 2730
305 2763
2390 313
2868 1626
482 1187
774 3327
585 787
3135 3197
1093 471
158 858
2012 1344
490 1871
3392 1490
2283 1226
500 3149
1980 475
3402 2880
3171 536
3461 1550
1066 1213
2246 350
2806 2776
266 1122
3412 2014
1818 1457
665 2837
2774 3279
2783 1991
2735 2499
1615 2600
317 2025
2470 3289
3202 1142
1945 1150
2463 1482
1482 864
478 499
1988 521
3480 198
639 3359
84 2918
1174 411
363 1167
3469 3187
2504 2118
864 2365
1940 3278
2043 2302
2395 876
1761 1023
3123 3219
3207 1235
3047 1744
1508 304
2942 1312
2828 244
309 2423
1468 42
644 1502
956 720
1459 1172
2116 414
1992 1269
547 1387
1002 1295
820 1596
512 6
321 1940
809 1475
1621 1759
3013 2748
2069 108
936 2966
3470 3130
2397 2935
2566 2891
2852 2857
930 1849
1177 672
2692 1722
2564 1819
1034 564
2557 1700
2497 771
647 2286
1024 1485
2073 1795
1590 3035
1827 2894
2301 124
1230 2071
1620 2197
2747 643
1201 1663
2248 1521
1409 267
341 187
2135 2294
1675 1953
1680 354
2807 1452
833 738
1078 1677
2017 408
2315 1889
2784 583
2341 2100
2947 3010
2406 3314
2886 2510
1280 13
2628 1779
1388 514
358 155
2192 558
78 1438
2164 105
3272 347
624 3208
3265 2708
3445 3364
25 3214
1062 1801
2424 2559
100 137
1030 381
992 757
318 3291
3422 21
919 518
3341 218
207 1089
787 86
1516 1468
2430 820
971 3413
2946 3391
2176 784
747 2129
35 2673
3160 608
3489 1098
706 3456
3398 258
2850 1834
3021 1301
607 1048
3429 1675
995 434
1991 2430
909 3431
661 722
628 2041
1542 1258
3064 946
962 1359
2440 1942
797 561
1396 1792
524 2061
581 783
2822 3043
3367 3048
1598 3296
2210 1309
921 2502
1017 450
2704 3195
63 99
2610 1584
3189 1368
751 1495
3357 879
1485 3381
2466 3051
3143 2669
1458 103
3220 2315
162 1119
2467 1583
82 872
3380 1411
2496 1250
537 999
1868 3461
2598 498
459 3098
3109 3201
3334 2076
2247 2643
917 663
1997 2022
2256 256
1050 1292
1835 3036
830 3496
336 2057
456 3307
1760 1099
2360 569
2068 191
227 1031
1511 1303
292 856
2792 3430
1421 2236
883 1898
1295 2751
3057 961
544 988
2368 263
1754 2107
2259 2140
1807 1398
2357 2494
2257 1113
1003 1329
307 1294
853 2210
2195 388
2199 2999
3139 1114
1611 2382
3028 869
2351 1891
87 1654
1986 1030
1001 2680
823 2393
2723 3312
2013 2255
2215 1574
2174 1096
2465 584
3435 875
1961 3348
398 3336
464 306
2959 689
2860 2969
1781 2695
3089 2557
2138 2531
2688 2235
3277 928
3401 1074
1704 2949
3303 1548
1168 3143
707 818
1691 2664
1632 291
593 520
2223 665
2494 100
1614 2885
1772 2275
734 1995
2127 2815
1446 1780
2323 3382
1561 728
2286 2094
2208 1670
2066 1957
3132 1170
2754 1557
960 3205
430 960
3029 1484
2197 2162
1058 825
1307 515
3458 2399
2699 316
495 139
3044 1967
658 368
2046 1815
2720 2104
943 1861
3271 3199
1930 3023
3173 2514
106 1263
1413 2661
3083 284
2304 2407
2829 1672
3432 2376
