3500 1000
2188 1776
2229 740
1287 3461
2726 239
223 2975
3318 2276
2136 1803
378 2254
2566 62
3176 1633
2781 1501
3047 2599
2745 2407
3104 2515
2030 560
2166 161
3366 2479
876 1964
3309 3020
4 597
233 2265
1621 1369
1876 2903
2211 1460
2965 894
2334 1438
2557 1935
328 2622
3491 1556
3085 2698
901 2967
3217 3487
1775 690
3132 3120
2601 1098
1148 1813
3364 1371
3134 879
1781 2199
1128 2339
1362 3141
179 2453
1546 3319
1567 1942
3442 3485
638 1040
1493 80
2849 675
3208 2709
2787 640
346 32
86 1082
2985 2133
1098 909
1723 2202
79 3464
919 1281
1135 963
3477 443
1312 529
2768 2180
3254 1395
1080 2143
2294 1326
2695 639
1858 363
1127 1574
1752 1361
2791 22
3329 1241
3427 1635
184 2312
1897 2586
1705 1590
1295 2676
584 1950
2104 3147
435 3258
1461 2717
1384 1276
1352 393
1377 466
2191 455
267 1414
1558 737
1204 2116
1163 2656
2707 272
1550 425
1958 1622
1790 55
1499 1496
2112 741
236 1420
429 2131
1056 185
529 2092
2661 1325
1360 2081
2314 728
1033 941
2744 469
1977 2457
2338 442
1157 1404
897 315
1872 951
1699 1733
385 467
1171 2703
3463 1979
3229 759
717 2290
1917 1027
3270 1851
172 652
2434 232
3141 2322
422 572
3142 1662
1785 3280
161 2671
550 713
375 3419
1202 3373
494 437
3322 785
3344 2097
1057 1881
904 2356
2032 2494
993 2253
1172 2992
2090 3119
1659 198
3484 124
415 1794
1527 2332
657 2094
537 1351
634 2749
348 3170
2281 2125
1664 872
2365 2983
2373 2998
1783 1985
1765 2746
1587 2487
508 292
2528 2432
1520 3429
562 3370
1039 1147
1722 51
10 2450
2013 2436
134 1126
923 1349
325 3273
2361 1223
1393 1873
245 2667
2342 2223
958 2150
160 1233
1218 1620
2973 1761
57 816
2260 1500
1241 1375
3455 512
2659 199
690 2005
2484 1944
1562 3227
549 1891
302 2911
113 857
2737 1170
1386 1353
1792 3242
974 452
650 3459
3030 2344
1064 2250
31 320
2580 2299
504 1448
834 783
1417 3029
815 2753
449 249
154 1412
3136 1797
1512 229
3407 2715
2577 71
2934 944
3186 2361
1583 655
1554 1311
1702 2183
1901 1340
3414 546
3108 2041
1097 1216
967 2944
2421 763
2393 423
1577 2875
1331 366
243 1130
883 1898
1794 2488
1724 1280
1234 855
46 1937
996 349
3051 2945
260 203
472 307
3202 699
998 1015
1635 81
1763 2546
89 98
416 2988
2187 2819
1425 1675
232 1573
3367 2208
3471 565
3189 2692
2755 934
516 499
331 1634
354 1050
1346 1581
3487 2159
1498 2142
2182 3354
1197 961
1908 3408
2110 2776
912 2373
2293 285
1070 14
218 358
750 1667
1814 2646
682 56
914 1433
3420 2227
1575 1297
2296 1058
1375 2
906 3075
3114 2539
417 2105
2613 1054
137 838
2359 1969
3151 3211
1676 180
3211 2949
1697 1338
189 2257
2715 3482
984 2517
2513 511
3117 2572
711 1364
733 1739
3124 351
2467 422
18 482
1693 1708
1887 2978
702 2648
994 3212
701 2830
1859 2186
555 106
2382 509
363 2441
3280 1709
705 1856
1158 2179
671 1585
420 2555
1196 2957
1941 2493
891 2792
3279 3113
2948 1547
2161 2472
1104 1557
2909 2054
2150 2197
1561 2638
673 541
1123 2505
2190 2958
1658 1426
3248 1309
1933 1299
1746 353
3179 1391
2961 2341
577 254
2091 450
333 892
1117 1078
2904 3067
2291 647
1398 3027
3061 1101
2822 291
3474 1926
2336 537
2463 2767
1338 2310
2871 1762
1431 629
2962 2789
609 364
365 1521
591 1290
1016 1958
2469 1350
2081 1307
50 3116
486 2738
1091 557
176 2297
745 3034
411 918
636 1826
2731 3106
1367 378
2425 2104
1103 3375
2494 274
1591 2408
915 2188
1040 2044
1491 3476
2114 256
814 824
810 2689
2860 582
1851 2781
3091 110
1339 2070
3413 3145
3489 2700
2784 172
1935 1653
853 2135
3431 2302
822 2194
3371 431
890 3099
684 2508
725 1894
2604 1060
1164 3474
3055 2294
1194 800
3021 340
1382 391
1579 1342
2663 1539
2383 0
3046 1895
2943 2106
1404 704
80 418
1703 1986
566 41
2530 3195
3440 3111
947 2796
1654 242
1354 1772
3408 1374
98 2860
144 2718
1954 1866
3195 1107
665 590
2026 794
758 1274
848 2769
2865 3093
580 244
3165 3297
259 1182
740 1423
2197 3131
3396 820
2128 1738
2678 618
2680 3496
2330 2953
1540 471
2514 2382
714 1836
3370 3497
678 472
1315 787
2129 42
664 1867
3264 2164
3391 2146
436 636
2802 2035
2149 416
485 420
1964 16
2780 792
390 3293
2063 634
165 3416
2840 632
450 2381
2550 2719
1428 1749
1866 539
2595 2582
2210 1628
1440 2148
1105 1330
895 2184
1776 2814
3237 424
3492 2219
21 664
1353 3311
1296 2240
463 2519
607 3036
1086 2323
543 2475
1716 682
2452 2315
2214 1952
2488 66
2812 2921
1853 2225
1392 1919
601 638
3238 2343
1937 2893
778 519
3359 2384
809 1490
2681 1446
2288 548
158 270
2772 1372
1279 1877
25 1753
412 3073
8 3247
1627 1051
811 3347
1615 3042
2404 1289
2523 2844
1250 1592
531 86
2941 2764
3123 2989
1304 1506
3001 2507
2379 1698
2265 3287
1495 3165
2963 3372
1739 2707
1383 1893
371 1670
3473 1028
3479 700
3149 2448
2396 1946
3289 2311
617 454
1548 1515
2476 449
600 1148
3457 3219
1430 3468
191 928
2377 308
1141 3440
599 3004
1075 3292
523 3398
3347 2530
1416 3118
2640 2426
458 8
1803 411
1121 1030
2076 1171
1483 865
3321 654
19 438
775 2984
2688 1874
790 3377
3092 1611
3242 1600
3077 2693
469 3035
2547 489
208 58
767 3006
2065 234
3312 1799
3493 1238
1062 2029
1209 371
2414 2277
2102 2520
995 1497
3305 518
3498 3104
3390 921
1754 861
2747 1049
2842 2853
1956 1513
2316 2464
1130 3492
239 1261
534 1047
2438 3385
2621 2660
3215 3163
3066 383
957 3101
2770 882
338 194
1510 1702
2398 3252
405 146
3392 1013
1448 694
3074 1495
1473 2504
2517 300
3006 1393
482 1077
1455 290
394 1674
2679 2217
1881 2708
1159 250
2612 3197
1988 841
130 1252
3032 1198
1830 3108
1142 2696
3235 2196
520 612
3261 2878
2318 3040
1566 2964
1359 3047
3389 2872
305 743
1590 3367
1116 2161
1274 575
366 1587
2139 721
2290 2682
706 718
753 405
1893 457
454 2822
1216 3008
1322 1483
2181 1849
2828 1462
1047 2272
392 2835
506 2585
316 2996
187 1816
1701 1684
1238 1465
3466 1537
106 1334
1975 2541
560 1478
2384 2681
483 3175
2243 962
2728 1570
2944 2965
1976 1266
749 342
666 2176
3190 953
3372 1154
1516 2210
1206 265
2417 2305
384 1491
3317 13
2885 2657
48 2008
1861 3054
1242 1864
1630 1300
567 3112
1813 1903
559 1388
1048 791
362 1062
776 1407
764 149
287 2149
1115 1571
1789 563
3310 2705
56 1730
1462 869
3028 3090
1729 1658
2829 2644
2070 645
1708 3428
2785 11
1507 448
2203 1214
1904 609
2103 28
322 1883
1744 396
467 762
1330 2430
1911 2544
425 123
728 2760
20 2492
253 2068
464 2770
1162 2393
111 920
3432 1245
1730 3140
1999 2447
1799 3484
2322 2434
2775 2014
1051 1034
564 2232
1190 1663
3323 2091
3003 2280
1195 2330
3188 1690
2083 2938
2614 929
2935 107
1442 168
621 2790
2304 1185
3127 480
1151 301
1474 142
1031 2532
1414 3380
326 2870
2486 2335
2863 2026
2460 1855
1683 2462
2087 844
1219 1553
2269 1970
500 357
2886 3318
2756 3210
970 1164
1511 2388
2376 676
3499 905
3447 1854
2025 688
2639 1700
1768 2329
655 380
948 666
1427 1113
3121 1415
1227 2170
826 2995
123 1100
1259 1202
3416 2594
913 1020
1531 1639
1622 2064
1513 1936
1731 2812
13 2028
820 2258
431 2904
2864 3471
1870 2974
2692 2417
2116 2046
426 730
1113 2877
481 863
1463 3391
908 580
2298 2612
1916 2982
1584 1801
2575 2817
2480 3156
279 3064
2641 696
716 365
2912 1806
1571 2635
382 1737
1252 2836
3405 1312
1449 1616
2805 2881
3251 686
324 3441
1200 1358
3131 1552
1272 297
1678 1659
222 586
2675 3200
2375 1843
3259 1768
1052 29
2835 2729
1599 2833
860 3298
2096 1275
2843 78
2861 748
755 621
2259 130
1411 1094
3095 2249
2066 2237
1225 2066
3007 3026
1189 2986
2887 2678
2062 2697
779 3473
3185 1631
965 2177
215 2267
2038 517
1597 1219
1282 321
1391 3336
207 1121
1203 3488
1580 1643
654 3239
1281 2152
1110 2574
653 3249
352 1726
1547 2788
513 293
250 3171
976 50
2257 122
869 867
940 1190
2754 3338
2446 2973
1050 2810
2098 2588
276 1270
1612 2627
1166 1868
3481 989
1668 2658
1264 447
1644 1377
732 2122
2202 786
190 492
2362 551
3172 1514
579 2545
2075 950
1750 79
2324 2236
1480 1036
3246 2899
2328 2913
1690 1863
1856 1177
202 2377
1848 3390
1211 3386
932 2701
845 1244
1001 2021
2620 830
1176 3401
2727 2226
544 2010
2339 1838
2392 2971
3010 801
2857 2942
2033 2107
1890 2369
1068 971
28 2380
3433 3052
900 2665
1254 1645
936 3454
1980 1064
3125 568
125 61
1013 2744
3071 2256
49 1511
3137 2663
1930 2653
329 667
3156 2193
2895 3479
2807 1953
88 1111
480 567
3468 2603
3110 3096
133 2296
2967 273
628 915
3118 2684
1915 1508
153 653
1684 2421
241 165
1341 3181
451 2366
879 772
2097 3127
1035 1758
1310 2248
519 2220
2369 3283
1092 1264
1649 2396
1429 2346
2085 2512
1361 708
861 986
2947 2379
1399 2915
1137 501
2289 811
593 311
2258 1484
2170 2873
1235 280
2099 415
283 1857
3262 189
2821 979
2551 7
2643 1396
2608 1755
784 3129
3336 784
1021 3306
632 370
3478 3381
69 3257
206 18
1633 3
440 594
2510 2834
2380 1122
2721 2435
2052 1907
2625 3162
3341 2458
2497 922
3063 102
3446 97
3482 1116
2431 1976
3157 49
0 553
1401 712
3331 1966
1045 1162
3168 851
3363 774
551 1260
603 2412
1168 2596
54 1906
1883 1594
2196 1224
471 1649
2475 719
3381 3272
1819 658
1766 70
1344 1660
514 1735
2493 2011
1343 2602
2558 1192
2813 3281
2788 1605
3258 558
610 1390
2884 1648
2856 3447
1297 2340
3373 2856
383 3409
1761 1127
2832 1442
1061 2139
2697 2286
3034 1306
2371 2456
2034 3053
2836 1487
1387 487
443 1589
942 463
3299 2213
1832 827
473 1019
1689 2130
2740 2666
2981 1872
3005 3216
2360 310
866 3169
205 706
460 1602
2576 2262
1335 23
2531 1623
188 2534
2458 1880
2084 3314
2156 2245
3402 459
1485 3458
3143 2828
2809 2926
2142 348
2808 3275
1836 1865
1088 1067
2589 3382
639 899
1544 2963
1674 1021
3423 1626
1843 2584
1647 2321
2991 125
1046 2480
2684 533
1030 2331
2014 969
1124 976
3027 735
496 59
1426 445
289 2587
735 1819
1149 2308
3067 2364
2270 3374
359 2907
1469 2751
1749 1555
1727 1910
1795 1411
2751 1181
2972 228
396 2053
2141 345
2519 2625
1651 26
2524 1921
2846 2355
3326 3089
2669 3254
3170 2619
5 859
762 796
1880 2318
3004 1480
42 1805
1244 93
2516 3037
2387 2300
642 1694
719 2531
844 3436
1770 3434
3 1314
1981 1939
170 1282
695 2623
128 2787
104 2771
2445 74
3239 2542
45 2067
1636 3407
413 2211
2171 1974
1233 2616
3349 3277
477 3360
1334 1493
3072 1328
2900 2371
1475 1550
1875 2416
817 573
1451 2993
210 491
23 710
2858 1195
1412 2956
608 1747
3167 1253
402 862
1927 388
1320 1291
742 1197
2966 3376
539 2059
356 1683
812 2784
2276 806
2016 1695
156 2242
1026 2843
1185 978
2184 3457
3393 2056
2250 1968
374 1728
2155 1499
2683 3431
3313 1682
1217 3130
2252 1419
162 2269
2615 2807
2073 304
2405 1146
1500 271
3410 1956
3428 711
2306 1732
2650 2779
1942 2101
1300 1467
2908 223
843 1661
1261 2636
2815 2231
1528 2778
1067 1536
1518 2065
1389 1582
1865 2279
2905 1529
3130 3051
1085 3033
2050 63
70 559
265 3399
497 3439
3152 767
2598 30
862 57
1089 2461
1256 642
1422 2852
2035 2032
119 3095
3201 1595
3029 532
1257 1774
2931 1319
612 343
2915 1303
493 856
2994 847
2320 1621
1631 1714
2111 2087
3374 2365
2599 1210
3297 108
954 3309
643 126
17 2376
286 2353
669 1746
221 524
1071 167
1503 2061
357 3150
2958 1884
225 2631
2315 3079
646 1519
1433 2772
963 1445
350 1256
2442 404
1484 1249
1800 484
1318 1924
3080 2935
1665 742
1406 2569
2051 935
204 3114
294 2160
3220 196
487 1138
2105 3180
1669 1763
501 1862
2652 2127
2960 2990
1998 729
2774 2385
2174 295
3135 2325
3282 2367
1983 2444
570 3463
2230 2141
2046 2173
2635 25
1719 1905
3206 2549
712 2289
1741 2876
2811 494
787 2818
978 1821
2701 1527
2327 1800
3430 758
1655 368
3333 1503
495 2547
1607 2799
1435 860
2870 3490
1709 224
2555 803
640 1450
794 3392
606 2702
3187 754
2400 1125
3111 3138
2285 2212
2893 2423
1118 19
1522 3274
55 478
850 2411
2720 1933
1418 931
3424 3499
946 329
3399 389
626 2782
2655 868
2408 1346
455 1624
619 878
3146 1394
78 2306
3171 1259
1501 2908
145 2095
1617 3002
927 3237
1003 2747
2209 2754
2280 2773
1524 1961
2605 3032
802 1736
2042 984
2677 399
1072 1625
195 670
1993 1247
1074 3349
1170 2999
1535 2168
2752 2298
2611 3467
2093 527
2767 1959
751 1696
2242 313
2498 1948
1065 3268
703 1561
2529 2902
71 3231
1681 2215
1260 3187
1931 1473
2474 1567
2804 429
1900 3324
572 1528
2619 613
738 1909
3065 1638
2000 765
2662 2043
808 225
1878 1771
2248 2966
2638 104
2 3158
770 3299
360 959
1246 1422
2060 2015
553 376
1446 1775
1798 3186
819 1532
2623 1236
1812 336
1108 1360
2898 2573
590 1052
2358 2354
2971 3342
576 1782
2391 43
2406 603
1541 1104
951 2078
899 912
112 657
2222 1751
2671 3420
1726 496
773 2115
2992 202
1280 406
1808 1081
387 1440
1757 369
3332 344
676 1965
851 1354
688 3164
648 12
1302 3445
2660 720
2282 2732
2240 1722
211 2006
3037 1180
1841 910
1267 2800
2946 544
911 782
949 884
1165 2352
41 2897
3228 2525
736 2001
2560 2645
2023 1962
255 3304
147 2621
2343 1152
3002 2124
858 1540
2903 3278
1747 2968
2792 903
173 1791
2646 1071
3183 716
916 2429
1497 2055
2251 2620
2984 3207
1371 2886
3400 1584
1042 795
67 2925
2924 2036
2559 798
2079 153
1721 2567
433 375
2867 3449
507 2060
1959 354
2789 1510
12 2108
1952 3369
3286 2445
1205 147
921 281
2648 1869
2153 131
2088 3078
2390 1474
91 605
2693 2470
64 1760
1835 2200
2272 2433
1991 1227
2823 705
2632 3412
884 1530
2602 677
939 1822
24 2610
3058 1296
720 155
1645 103
3093 930
3227 2743
1543 136
1961 1331
1008 3453
865 876
1182 2079
3174 877
1379 1900
596 3329
1324 1579
3069 2662
101 3452
492 764
2228 2936
1982 2077
950 1618
1605 2027
377 2474
620 1373
3243 1632
2954 1766
827 1012
1374 1889
345 849
349 1213
1186 1102
3245 995
1569 1681
2572 3415
2851 926
2212 607
768 296
2779 1189
278 683
1857 1922
3388 569
2419 1734
2126 162
1471 1575
2573 3022
1854 1802
2028 3251
1652 3344
82 1272
2932 200
2899 819
502 1871
341 2214
1077 3005
2561 1215
2656 2319
2264 3030
2323 2889
910 1294
2950 2357
1357 808
1642 2375
1578 673
1962 3255
212 3229
1938 669
2817 500
2261 483
334 1754
2284 493
169 2284
351 2057
953 1129
517 1560
3088 212
2053 3174
2481 1870
1523 2074
525 1153
37 476
2876 1509
2283 1614
2518 1687
3294 587
1771 545
1156 1982
2906 1452
1827 2994
2068 866
548 648
2763 987
902 1200
2624 2952
446 318
983 932
2131 942
92 2347
1444 936
2690 1558
2942 1044
1192 1875
388 534
3147 221
1445 1302
2975 2959
1817 3115
1488 804
1409 1123
2005 2134
268 127
3425 205
2999 3161
934 608
863 337
1306 2571
1465 282
1685 175
220 2724
1519 1322
3488 581
1797 400
1294 3388
3464 2209
3337 1043
1022 672
623 45
1436 907
1028 3087
1801 1317
1606 3152
1198 2234
3346 2362
674 1701
2540 83
641 3326
763 3417
1815 3437
1005 1061
1506 1387
270 2604
1018 1808
75 2552
1285 1688
3291 615
1421 2521
336 523
1492 1402
1101 413
2274 20
432 1441
1628 434
2783 3491
527 925
105 3469
1 2013
3253 1472
1924 3168
2186 2157
2546 1636
3328 2503
2311 1591
476 2854
230 2723
1114 1327
2268 1892
3475 2348
68 3325
2317 3148
2628 1593
3343 770
1821 2563
563 2694
1994 3260
1486 1717
90 3086
2326 1191
1632 2794
491 3204
175 832
1332 2946
803 606
262 1545
1395 3041
2435 2004
38 2633
1055 1779
2325 1470
1298 473
833 1458
143 739
1740 2937
1095 3080
3106 2169
2651 3282
2725 287
3437 347
873 3418
1990 3424
1760 3357
3265 2933
2758 2824
2430 335
2482 1878
475 2175
2449 1335
1601 1630
2227 319
1728 1812
77 2847
3038 2699
1974 2597
1020 937
1468 1765
307 76
2472 462
726 1179
2938 616
2800 3012
3023 1268
2299 1999
554 2795
1376 251
2839 279
1369 377
2987 3225
766 2292
166 428
644 1410
3383 1457
2158 3124
1614 305
857 927
310 276
159 2970
3163 384
3173 2846
146 1132
2234 822
1143 2955
797 408
2786 3084
1043 1269
2507 598
2866 1597
2818 2737
1756 3327
2778 614
110 3363
457 3400
3339 3432
1125 3264
2049 1975
2872 1250
2119 2683
1405 1689
3155 2752
235 1525
3429 1090
2552 1076
2782 3206
2989 1378
1476 1947
448 174
2115 1406
1340 874
118 385
196 1564
2348 72
3494 2553
624 1401
2140 1741
3045 2034
1949 2167
2897 156
1134 2869
418 1940
2852 1831
1032 2801
799 1524
605 515
3018 3244
1920 2451
3345 2282
347 777
439 974
1293 2140
1620 2327
3348 2207
3398 528
987 2896
2130 441
3443 2263
34 2961
358 2894
2040 1745
1373 67
2239 3265
209 3166
922 1916
1167 1945
1634 680
1637 1781
277 610
1076 1928
1879 1477
931 2359
2743 1220
1283 35
3357 2459
2526 817
30 1363
228 980
3338 561
2194 3135
2607 736
2705 2884
2044 1673
1560 1531
1229 547
1178 1619
2313 1168
1313 3351
2616 1601
3438 1833
226 2511
2223 2630
2583 2031
924 695
2536 972
3256 109
2732 21
1692 409
903 1186
2584 3333
2952 94
1643 3284
1804 2338
2703 1744
1265 2905
2041 1139
2907 749
61 2345
2477 2748
2036 1721
2901 2023
3022 2941
670 264
2489 1655
627 3100
1863 1298
509 1576
2213 2495
541 3194
2793 2252
3411 6
3267 263
3472 2083
604 2901
3025 2349
769 2466
1356 733
2764 504
1532 3063
2508 773
2502 839
182 1533
3122 47
1945 3470
3153 2730
3205 1283
3461 873
1791 2579
3417 2618
3198 829
2351 2909
73 625
3120 685
1314 3294
3387 150
1458 3451
1816 1022
32 502
3224 2561
804 2756
407 3315
2353 1840
2859 659
14 2206
852 1413
569 1308
453 977
825 2543
1066 3017
847 73
699 1389
2562 1824
2287 781
1470 3050
3199 813
437 957
786 181
1525 1454
1183 419
1773 2490
2824 2136
2267 3480
2372 2827
2226 2735
1842 1729
880 2017
1828 914
2433 2293
2022 3321
867 1443
2024 2654
2980 805
3382 1453
2803 1787
3483 2704
892 1436
282 314
1957 2734
1266 3094
2571 1750
1610 531
355 1815
933 3039
3240 1676
1670 2244
1073 3025
3448 3253
1950 554
1153 2576
2914 1807
1081 3013
1160 395
1572 973
3073 1980
889 3303
2939 555
1099 583
765 2632
718 100
3293 453
3304 1706
115 3466
1275 2548
177 3259
399 2647
1006 2972
3164 275
2423 178
2135 2977
592 1504
796 2688
975 1381
2862 1899
756 3098
2006 993
1585 1520
430 1784
2979 1004
1059 3486
256 2589
2180 2042
1301 3444
856 1208
1177 3478
342 160
2231 956
231 1230
2735 2314
2071 2969
2629 3045
1054 643
3234 769
3000 1987
2056 538
2969 3337
65 77
1240 2113
888 3049
1408 208
2403 2628
2345 2985
2506 3176
1594 1075
2645 2786
3325 88
2574 2406
1000 1908
587 3102
3203 3068
1905 326
2002 788
1899 2816
1191 2960
2533 1834
1390 1293
47 2072
1563 904
552 2898
2386 627
1106 2651
925 622
2058 890
3097 1538
237 118
2117 1583
1323 1347
2759 1316
3435 1212
675 623
2587 2892
1574 260
240 2018
138 2261
1616 1160
164 552
2133 407
3266 3477
1173 3316
3062 2342
661 1105
1940 2404
1299 101
2581 2679
1504 2720
2847 1144
518 3074
982 593
2064 1951
129 722
2018 1341
959 226
663 1206
2310 968
2995 1507
1592 2758
3441 1544
157 1447
1083 1798
964 2745
1570 1712
308 1943
2544 1563
2100 2132
871 451
578 2775
2762 2862
722 549
261 85
1517 3426
1152 2791
896 3072
121 1468
3035 2063
1437 303
2072 2529
2723 771
2617 2829
2154 2489
1102 3092
194 3056
2634 3203
2563 2370
1220 2736
311 2320
2185 2857
1862 1644
2974 159
2582 3446
2499 1679
3496 543
3197 361
1208 1609
3159 2418
986 1055
2644 1329
1951 2806
1292 3343
969 2420
795 949
1239 681
1529 2557
1355 3443
2439 1359
266 1637
1753 3159
2700 470
2246 1861
2799 1254
1793 134
2167 2768
2109 1568
1472 1476
2144 1562
3324 591
3075 138
1626 1209
1598 1887
400 724
2089 2483
474 1271
3369 1829
2286 2845
1663 997
3160 522
2537 562
148 1392
2806 1348
2427 210
2704 1193
1017 3269
2347 550
1038 761
1581 1292
781 3339
1831 913
2505 1376
3210 3223
1539 1417
2450 1133
917 1366
66 2940
2986 886
1844 821
2500 3433
3214 3172
1892 435
715 756
2045 2780
2658 2670
1682 2084
3301 2138
759 1790
193 1070
1869 2888
2820 427
2957 2030
2473 576
1992 1099
3057 2932
2459 3146
124 362
2003 64
1657 1166
2730 171
2048 2233
498 902
114 1486
645 1549
353 1356
3209 479
3355 954
2917 3009
1809 1204
127 1380
1094 2513
1230 850
2696 401
3276 253
2357 1641
3362 458
2204 1428
1037 911
2716 556
1333 831
2249 211
181 1321
174 3410
2021 82
3384 1757
988 1083
2080 2652
1027 1607
3087 891
573 836
1284 3191
2165 439
1069 3462
2927 2486
2341 3271
2055 1313
1207 1783
1278 526
2120 1262
1839 1697
1715 182
629 2522
3236 3021
2206 631
1686 2867
168 1222
870 2218
103 2535
2134 1719
36 2851
87 1016
3397 2826
585 1918
955 2976
2168 1915
838 2861
2113 2114
272 2583
3295 2864
76 2722
1370 461
3119 2777
1269 955
370 2387
234 2962
74 3082
3288 2672
3115 2917
1347 2934
94 2607
1874 757
2515 1796
782 966
2350 3379
789 633
2630 726
3230 2386
1023 2611
929 474
1132 3065
2609 506
2618 2121
2426 2271
1345 2840
2163 1042
167 3340
3307 2991
275 356
2428 190
3083 1941
380 505
1873 2615
2590 2811
878 738
2412 151
2145 2929
2207 2372
386 3358
1987 1009
1745 684
662 3423
887 1541
3059 2363
2370 207
990 1990
772 1693
989 143
2224 3465
575 2024
2193 398
2411 255
1490 3157
1423 1288
2389 355
3290 1097
117 2422
3460 2016
163 3202
1090 1035
2127 2239
3296 3134
1555 1548
2200 3066
1434 1352
1024 1110
1228 1431
882 697
2596 3217
2147 3322
3138 2761
192 2137
1910 3332
1058 2686
1150 173
3133 3007
1402 1598
748 3406
2067 1226
898 1025
318 2558
1380 2690
2437 2591
3020 2425
2549 3425
547 1091
1613 1117
2487 386
466 2924
1552 325
1521 1211
3233 1385
2945 1368
729 1010
836 1603
2933 826
828 1647
1397 2979
3334 1134
2668 611
53 116
2997 323
1970 1103
2491 889
583 1183
2757 2454
2001 3193
197 206
952 1106
2896 2413
2451 129
1396 2334
1818 2181
3064 3221
2077 1586
816 2626
2101 1485
447 1115
1995 1161
2277 2038
280 2174
299 2337
2910 965
2254 2496
2913 3341
1514 2554
300 2502
652 2680
2495 1502
1537 3394
909 246
872 2110
2273 999
801 144
2833 3411
783 2118
2468 119
1161 2409
155 520
771 436
1126 2316
2399 1777
2554 1073
249 566
3300 1902
2440 513
594 747
2953 1072
367 2399
244 1141
2009 2235
199 2301
741 881
2143 1408
72 2090
3200 1740
746 858
3454 2832
1014 1983
6 2270
709 3263
3144 3302
1305 36
1568 2390
3096 2556
3213 1136
428 1135
2420 2687
343 1382
3311 2733
535 440
2761 1232
631 1963
961 2606
1888 1024
3139 1337
647 3389
3017 1418
1700 916
2160 679
1368 84
1199 219
271 1535
997 1187
1623 2166
1755 1565
200 1551
2010 3334
2247 3348
3368 2850
470 1920
456 1832
1805 2285
2349 2274
298 2117
3434 1174
2724 1188
1487 834
1698 334
3260 510
2106 2098
2845 780
2685 1481
710 317
2627 105
2401 2172
1236 352
3050 278
2545 1672
274 1804
1947 2863
452 1608
806 1656
545 2089
381 2378
521 1839
2556 1142
1679 2837
3070 60
2831 237
532 1263
2012 2045
3244 848
1985 1089
1694 875
186 266
1212 1237
108 1088
730 2570
510 1901
140 1026
368 2580
2047 701
2919 1108
2164 1727
2151 1323
1762 717
2676 1221
2509 2540
217 595
3406 1572
2218 574
2955 1828
681 1357
2553 382
2578 2820
824 2565
2854 2109
3031 46
2626 2793
1972 410
1394 2930
3365 3110
1534 1992
2689 2324
379 2987
854 333
2148 992
3011 1793
2916 243
3053 3132
1826 267
3109 24
33 2333
1586 3043
1155 217
512 1569
2535 646
3376 2802
2825 3160
2691 2144
1918 2033
1953 1599
1767 1002
1688 222
875 3301
1011 2805
2600 3201
1912 1080
1732 626
1477 3235
120 3155
1530 2750
414 2742
2750 3179
1885 2100
2686 579
2706 3184
1452 3295
1464 1251
1453 1518
1509 1435
1824 731
1253 158
3377 1846
713 2009
263 1365
224 1640
2344 52
992 1610
2238 252
2092 1017
2710 2947
397 919
3112 1997
2221 2398
999 1008
2278 1678
3252 2943
1934 468
2402 818
721 2052
1867 1184
3194 2578
1545 241
1646 807
3060 2389
1944 2481
1625 1466
2748 2119
185 1140
1245 3083
2977 1720
323 54
2271 1172
1029 825
3107 3250
1482 2360
687 3205
3469 2088
2749 1285
3041 163
2422 3060
981 2402
1460 481
2237 1934
2996 2002
2453 1703
2838 2048
697 1156
686 939
3078 779
3105 752
1968 3234
1780 1167
2637 887
2123 2351
1845 1456
635 2910
1608 111
679 1835
1459 2757
538 1424
3192 261
1895 797
683 1295
2795 231
2479 998
1706 1482
1714 3296
2956 1439
540 3312
1479 521
2335 3018
2443 3238
3476 2039
2739 1
1258 983
1131 2514
2082 1278
3008 1114
3315 3154
2407 1163
216 766
3193 39
2796 900
885 2428
2930 309
3204 888
2827 1400
3458 2468
2875 1742
2585 1770
2225 1580
625 3402
1677 1769
2503 1914
727 1830
315 3442
1886 2085
2424 3151
3103 1196
1549 1384
1624 2259
1174 1859
96 3331
1772 2187
2921 1546
99 1718
1811 2906
3218 387
788 367
3016 2128
2734 95
93 3133
478 2163
905 1606
319 1343
2409 3153
3113 412
444 446
51 2550
3068 1118
597 750
1109 845
2496 692
1122 2559
837 897
2432 1629
1144 901
571 213
1255 823
1898 1929
840 121
2542 799
1034 1748
295 1029
2673 3069
3089 734
2736 1666
3285 327
813 2912
372 3384
3450 1494
3426 3276
238 985
2712 233
2232 1814
2606 2147
3394 2410
692 1023
2039 2506
685 924
2059 1707
203 2774
1619 40
2307 2526
1536 3103
1226 1773
731 373
423 2405
313 946
1311 2918
462 2634
1372 3355
1984 2593
2594 3085
1456 96
2564 1668
2381 338
3340 2928
1251 3226
1290 571
248 113
461 486
2591 268
941 1074
1276 3456
1454 235
1222 3345
373 330
490 1995
2333 3438
656 2427
7 350
269 530
1388 644
1467 3397
288 617
1309 2643
29 3286
3385 169
807 880
2020 3177
2455 753
2548 1650
2456 1430
1680 2216
3036 656
2122 2931
1786 1217
3100 2527
107 1003
3272 3185
1538 1014
3449 417
2568 191
2054 154
213 2613
1640 1277
465 2661
1381 1310
141 1972
3278 1039
398 2600
2444 15
2520 2785
524 218
484 48
659 2221
2881 1063
1639 975
1648 2711
3453 1853
2850 2691
2462 257
2094 1604
11 3218
761 1109
2830 298
1129 3178
2993 2838
1864 2126
1457 1001
1661 3117
1711 1879
2765 602
2998 2501
2017 2883
3039 689
3283 2477
2292 2577
1738 38
1407 2759
100 535
2834 883
1695 3450
743 815
3445 2449
3184 1320
2124 2948
1002 1810
2610 1432
893 1710
2086 703
3360 1566
2902 91
737 2203
2352 1886
744 2040
1111 755
3495 3003
877 2165
2810 2551
2262 3142
2256 2498
2653 1379
1820 1087
214 248
530 1332
3219 814
2366 1145
1852 1767
747 433
1833 2855
1526 1362
3040 982
2233 1596
1909 2093
2027 2192
1420 170
1896 2491
3223 1370
2354 3213
2367 1725
395 1229
1735 1523
611 2151
595 1068
1963 2075
841 1231
2771 2022
966 341
3098 828
1079 2460
2346 908
649 1756
1413 2123
1496 1882
122 359
1777 564
2911 31
3320 3413
677 2096
1733 283
1179 3230
1751 1665
2007 2731
1877 1534
2332 1991
1884 2866
2235 1128
823 44
2308 1239
2826 885
602 2162
3444 624
1734 1998
2848 1764
1838 164
97 1841
2159 3435
3351 3405
1556 2809
1136 1785
2061 508
694 2275
1542 1752
2988 312
1618 1554
1424 1809
1291 1165
962 2637
832 284
2029 3422
2586 1932
1565 588
281 3126
1609 2808
3052 2326
1215 1897
723 2473
1650 34
1321 2673
930 2727
1903 768
2882 2510
2777 3044
1971 3396
441 3383
1450 1844
2297 635
2527 2649
3140 1505
1365 1664
1850 1911
1595 299
1891 1759
630 3192
136 1048
956 1149
971 230
2773 3137
2936 843
1337 1248
2636 3483
2923 698
614 3139
364 2383
2565 1201
2869 3300
3216 1994
503 2313
83 2695
152 2668
1328 2765
337 1543
1515 2848
1720 2712
793 1339
1508 3190
3196 2815
3419 2440
1044 960
2485 2195
1268 1651
2521 1960
1349 2617
920 2391
3422 306
2195 3460
1943 381
320 2273
938 4
3281 187
1231 87
2733 1032
918 2624
515 2082
403 3198
1100 3262
2798 628
2711 2020
2057 1344
3403 120
1806 3077
2922 240
1273 215
2465 2871
309 37
1119 3088
393 1559
2074 1257
1270 1715
2108 2171
2413 540
2301 2155
1184 641
792 3330
533 2874
1807 2478
2622 477
1505 3015
667 3481
1036 332
1919 1405
1410 604
1666 2880
3439 1492
171 1823
3379 324
2567 485
1154 2154
637 970
3094 3285
1889 871
409 392
1638 1434
1400 10
760 148
2951 140
2305 906
689 2073
2511 702
3043 2839
2355 2251
1403 2401
1351 379
3465 1685
2714 1386
2633 661
1902 1336
1326 3455
2015 2304
1237 1988
1758 2919
1319 3290
835 1059
598 1041
3480 578
2378 1885
3048 3011
1201 1463
1600 3038
2959 2499
821 727
1271 1066
3497 90
1363 2601
303 943
2631 1005
330 1315
2394 1112
1936 893
59 1716
3015 1173
1629 2439
2337 2264
2647 488
2883 2484
3162 3233
672 2509
935 302
1834 967
2199 3097
2192 596
1996 2446
1660 1890
1871 1792
391 996
427 1093
1829 776
3395 2086
1041 195
777 507
2043 2538
2245 2463
2279 1286
3415 1033
2157 536
1687 3048
2990 2392
242 2823
3275 3214
588 3346
2501 3307
1443 991
1603 1240
968 1304
3485 678
2205 3222
2331 2025
3084 2328
3404 247
2302 227
3298 630
2873 1038
339 790
2175 1850
651 1825
1146 2677
1120 2395
369 3024
1180 2675
3247 1912
1009 2111
3418 3356
739 3123
708 1811
1289 3228
839 402
1894 2865
2920 846
3090 1612
296 3395
1774 1065
658 2725
2107 671
3308 3256
977 1938
1019 2469
1350 1345
3081 1657
3486 3136
1060 1120
321 465
2541 592
859 176
2137 2797
2769 3308
1308 707
2968 3188
1736 1037
568 3010
410 3144
830 1437
2699 3266
1837 3393
1882 3058
3226 27
800 1876
2429 3387
1779 3209
2388 2868
511 1652
1965 842
2466 2716
102 152
536 112
2138 3189
693 3241
943 2590
3386 2198
980 1006
3335 188
2532 1324
557 1471
419 456
2983 2452
1696 1155
1325 2317
1922 2566
1576 2303
2374 1788
522 1258
3232 1680
1010 1403
3436 1778
1573 3291
1015 1124
2814 3183
1494 1045
615 328
2078 2076
291 1927
304 220
3409 201
1710 444
622 1786
528 1917
183 3366
1221 723
3076 3128
2649 1613
3191 649
2816 1848
2790 2922
2255 236
1939 2178
2219 346
752 495
2447 3076
3175 3105
2729 209
142 3028
43 75
1759 1526
1928 192
2179 99
1860 3109
2189 3001
2312 3493
2125 204
2717 2394
1582 895
1286 1383
1979 197
1327 2891
3150 139
1778 2641
3148 810
2454 277
3277 1243
1533 3057
926 2309
668 1615
589 2112
1478 2281
3099 2222
3169 2564
2891 1724
1224 1704
1932 2821
2588 2890
81 2368
489 2642
62 1699
2183 746
2670 542
2819 990
3462 1397
1145 1949
2356 2204
1604 674
344 2071
1329 1178
445 69
985 3245
2478 262
139 286
2978 2485
3221 1287
937 1429
247 3208
2665 2813
3161 3364
332 1255
1140 2842
126 1488
565 898
1358 854
2340 1279
2738 3448
2543 184
135 2482
3467 2007
3126 2766
1551 3323
109 2783
1989 2524
284 1522
1913 793
1997 1225
1232 3167
2132 2900
1825 1007
3049 1057
1855 1086
198 2659
1673 1194
864 2598
2448 665
1737 1996
2471 498
3154 2950
301 514
3101 1692
2011 1723
2173 2145
1641 1711
704 3365
2925 3328
438 725
2970 1305
3456 1842
2841 2614
2176 988
3054 1416
991 2415
1082 145
3263 2455
3306 1967
2853 3046
2216 1930
1611 3421
805 3430
2949 2575
3158 2804
2300 3070
2162 2879
561 294
754 3125
1439 2102
285 1084
2368 1079
3274 760
1025 2664
2397 3404
972 3350
2121 3224
442 2841
1307 1577
2719 2721
376 497
1385 1199
2522 2605
151 1516
2597 2740
3207 1713
35 2278
1725 1318
2879 2437
1213 2191
3056 837
27 864
1288 1092
3361 2050
558 360
406 133
2244 691
3255 3353
2019 2224
2415 789
2008 372
2569 2887
1316 2954
3354 775
1364 2927
1602 2537
1969 3236
3086 2397
2395 68
3421 2523
2889 3371
2329 3288
1868 2049
2837 3310
2241 1119
1262 214
2461 1977
2309 2255
1263 2650
3412 744
1049 3019
314 1931
3358 3362
3019 2714
3033 2201
1978 289
2095 1671
3044 1993
613 1845
2364 2037
1419 601
945 3107
2490 2885
3271 2980
1589 3055
2926 3494
3231 1973
2208 1627
3470 1158
3268 179
292 135
1810 2158
1277 599
180 1923
1187 414
1466 1011
3129 1817
3452 3279
1847 1031
1748 1858
3319 2739
785 2895
1653 2608
1769 2706
542 2560
1948 1273
26 2438
2797 2156
1303 2414
3459 3232
1691 3248
3178 193
1087 751
1925 1235
586 177
944 1731
868 1150
1559 981
2929 2350
3352 852
2874 668
2766 2981
1712 1461
3284 577
2177 2465
63 322
408 2182
39 3243
401 1399
2363 2291
1147 2803
846 1517
1704 2295
1593 1588
1946 3199
44 2951
258 1860
2918 802
2844 1904
1441 3061
2674 288
3212 952
798 812
928 1954
1596 2047
1656 651
2940 1669
2263 1242
252 421
1967 65
1966 1284
2534 2762
1907 3014
1348 2283
855 2189
979 1827
774 3414
421 3475
1247 2528
2890 2581
1822 17
2657 397
2004 258
1796 2655
3314 662
3013 2713
22 1137
818 1789
404 2205
16 2103
335 1469
2321 3071
1787 1743
1553 994
960 584
831 3000
1193 1578
582 1427
3116 430
3181 1971
1707 585
1926 3122
2464 1000
2976 637
1557 2247
9 3059
894 745
52 92
2894 2568
2664 2012
3378 3173
2220 1159
2868 1246
116 1265
1489 2099
780 2516
2776 460
2708 940
1718 2307
1929 1512
2937 2755
2982 589
2504 3081
633 2241
2069 1957
680 3240
3401 5
60 1421
3375 620
1973 1301
2539 1267
1788 1646
2593 1489
257 2287
618 3149
881 269
698 3143
874 1888
2512 1847
264 3427
479 1018
1007 516
2436 89
2892 896
1432 2443
3327 933
178 650
2592 1542
2794 1218
2801 1818
2198 33
3225 1176
3079 947
700 128
1248 3023
842 3403
1802 1852
1921 2243
2694 1617
3273 1913
2492 2229
3009 137
2201 663
201 2710
1342 3495
1078 3317
1764 3498
3257 2374
2667 1157
2570 1095
3342 339
317 2424
2118 2467
2146 3220
149 2419
505 2920
3302 2400
1138 1498
1415 1425
84 157
2741 2562
227 1355
2303 778
1742 2358
2215 2726
3356 259
459 1955
1133 2669
2410 117
3026 1464
886 316
1960 2003
1438 2431
1849 1451
2295 833
3269 2685
1223 3270
907 923
1502 3261
3012 2741
3451 186
2266 687
3380 2260
58 3182
2877 1143
2682 475
1823 2228
2275 3196
2538 3359
293 2629
340 426
1366 870
2169 3062
2964 1475
707 964
1662 2639
219 1780
1181 1677
1447 714
1012 3289
254 2858
1782 374
526 945
1214 2939
150 1131
2855 1459
273 1053
434 1096
3292 3313
724 1978
297 1409
2718 3246
3241 715
2416 3305
3024 2442
1175 1654
327 600
3303 3335
2878 3361
2672 1175
1188 1056
574 1705
2385 1820
499 1205
3316 2403
15 1984
2217 840
3330 1925
3102 938
246 2080
1169 2882
556 3320
1846 1069
1667 2533
973 2831
1986 2609
3490 2238
2579 1795
3014 2914
3166 709
2687 3016
2470 2825
3353 114
1906 619
696 2476
2525 3267
1053 2058
2753 2268
132 2062
1713 238
251 9
468 2536
3287 1151
1107 2120
229 53
1955 1479
2152 693
791 1444
2880 1896
691 3378
40 1642
2418 3215
1564 183
361 1989
312 2497
1675 2288
2654 331
1004 2674
1243 2246
660 464
3082 1169
1096 1398
1249 2763
1481 403
131 2997
2178 2916
3250 390
2713 132
2760 3352
290 141
2441 809
734 1333
424 3472
2888 2000
1139 2518
3182 3368
2483 2500
1840 1837
2253 3091
2666 394
1093 2592
1914 1203
1923 2185
3222 660
581 1455
546 503
1588 490
1671 958
3177 835
1784 570
3180 2849
1672 245
2722 2923
2236 3489
3145 1367
1084 2640
1112 1046
1717 2595
829 948
1743 1981
2031 432
2709 525
3042 2798
85 2266
2746 2230
306 166
1317 1449
95 216
2037 1085
616 2019
849 853
2702 3031
3249 1691
389 2153
488 917
2457 2859
2742 2336
3350 2051
1336 732
1210 2129
2603 3121
1378 1686
3128 1234
2642 2069
2698 2190
757 2728
1063 115
2172 1228
2319 1207
2928 2471
