3500 5500
2155 19
3478 701
3294 1651
182 1815
317 3052
3223 3457
3185 1582
1248 3392
2261 2276
1569 1937
2474 2302
1562 1347
2441 2133
3449 769
1472 3381
1711 2996
713 1063
426 2400
1237 1809
2399 1388
2670 2790
433 2930
3069 1970
46 2131
2787 1354
1921 3064
40 1722
1950 3331
2321 2541
2253 1337
1752 2912
2195 200
918 495
1000 821
794 284
3497 1513
2674 2241
2797 522
2880 3298
1924 996
2056 1738
1463 3240
56 1049
1902 2668
2502 295
493 2002
1677 1243
2618 2732
3374 2902
1216 1250
2714 2948
546 910
2636 1536
1509 1924
827 610
703 3478
962 1576
1065 2594
2717 609
679 2353
2450 1356
1225 3325
1339 987
974 3372
3333 375
255 1914
2900 882
1844 976
834 2531
340 329
1241 2644
1833 398
1094 1813
642 889
1428 355
2117 1938
3231 161
1436 3339
1482 2048
2373 2921
2591 3097
3101 2117
287 3170
1434 380
2912 3103
1044 681
2824 1278
298 2582
2942 2513
1240 1793
3181 25
523 1949
2819 2983
3201 972
661 2900
439 3094
3176 1730
2107 3397
202 392
3143 2111
2167 1403
3312 254
2394 1272
1273 57
3457 1134
420 1781
434 2163
2540 2147
653 705
2490 959
577 1742
1203 2172
1144 1496
120 2680
1410 820
1363 3335
1898 652
1153 3243
54 944
2135 1799
1610 1361
2918 1084
2903 3095
1997 742
2100 2625
3356 1852
248 66
1145 1264
108 3382
741 2521
1187 979
2248 2707
162 1413
3485 1875
2885 1112
1320 1013
440 951
858 2840
437 67
2588 1066
2268 737
1795 3293
2283 3330
1773 1211
633 2557
3334 409
1606 1589
1351 1095
611 3482
1683 1766
405 2890
85 715
2612 1381
1964 2886
2569 1358
26 3361
2178 571
2171 2738
1372 594
2543 2502
748 266
97 1634
2818 548
1179 2389
2534 2144
2593 1471
2372 2299
1403 2651
1188 2627
2604 3202
3409 1343
931 1348
154 725
1783 958
2389 592
1080 2424
2873 83
5 2079
531 3425
3119 1953
2292 1285
403 2956
639 747
860 1003
1401 3373
835 1301
2084 790
787 3360
3436 699
2266 1151
492 591
2574 1319
1535 2209
20 1229
501 310
3075 3151
3138 1643
3372 619
1524 3211
2575 1071
2736 723
2259 875
700 2355
589 3419
2559 2649
3400 3332
3152 1351
1742 621
1122 1265
1827 1070
1592 463
2616 499
2829 1330
472 3159
1867 1181
1025 2853
1888 2001
2128 1378
2007 2891
2952 3082
1836 2006
749 796
3114 144
1373 1001
3183 1437
1239 3129
2353 2186
2274 2988
1195 2516
730 452
949 832
2669 2158
1294 1826
3230 3496
3284 538
3327 2564
2986 1368
2844 1400
1036 1120
67 322
1459 842
112 496
2914 2689
1692 1867
2500 3435
2208 2551
1580 2741
956 3467
1565 1844
3037 437
431 390
3060 215
2727 514
2814 2422
2109 2357
1925 2511
1156 1706
2385 411
1642 1394
843 2070
34 566
2071 1956
2173 1463
2702 654
78 563
1243 3481
3408 873
1597 168
3012 1830
2299 320
6 1980
1290 2916
402 366
1999 1716
73 968
708 3207
1607 1429
2697 3077
1911 986
1275 2503
2302 1117
1416 1731
676 167
893 2149
1019 2423
1909 1067
276 1692
480 335
3373 3220
2549 1311
2332 3313
817 743
353 1046
2826 1239
3420 2962
2422 2623
2197 3367
48 3099
2634 3081
1893 3090
1885 812
3252 2183
2673 2430
1608 1831
80 1929
2804 1732
1545 1026
2917 257
1532 258
86 3262
2585 3479
1499 883
389 573
12 759
2668 3396
3190 523
2809 3126
2270 12
1656 1100
158 225
565 3000
3309 1169
3323 1546
2897 2705
1192 2816
1853 3469
339 1865
399 3130
514 1089
3022 1607
1194 1759
153 230
2503 1014
2597 3025
2407 3161
3205 2958
1334 2842
1004 1466
960 2860
1763 3418
2928 1364
2556 18
2104 2459
2489 115
1407 352
2869 2566
2519 2552
411 2437
313 634
2310 132
3104 2072
909 137
1667 2085
1115 89
36 2694
432 2939
42 2010
45 3284
1006 151
1016 1648
1257 159
3250 63
719 2157
2582 601
888 1094
1134 2687
2566 2971
1200 1587
2293 207
795 372
1471 2802
1784 1638
2315 774
1494 1598
1235 954
1839 2246
356 3303
1831 371
3460 3458
76 1753
348 801
766 2007
655 3201
830 2076
2894 907
2239 377
2857 1717
2136 1639
3289 2543
3357 1733
1806 1219
2690 1504
409 1122
155 789
3224 1045
2091 3144
70 1491
1443 802
2219 590
1577 1209
2224 432
2847 2555
2789 2764
1522 1926
1433 1131
903 2515
3108 42
1470 2875
907 2161
454 2227
2993 2901
3089 614
1957 2390
1583 1365
2262 153
3057 1415
3107 2808
1055 2666
2198 169
1725 2356
2081 274
2638 350
510 2196
2848 427
2822 552
152 1473
1374 2043
1384 899
648 33
1268 40
3109 2713
3280 62
1367 2733
3110 2667
2074 2966
2877 459
295 860
1838 3376
3472 345
3428 3409
218 2295
2758 3359
193 1035
482 1615
2533 629
3100 768
1821 1870
3030 1833
2193 1930
846 2407
261 1533
750 2404
3095 1426
1733 1158
532 2647
1780 710
1938 2905
3341 3179
1834 2645
1166 1280
1894 3007
229 1874
1197 2212
1440 2214
259 2773
1371 1212
147 2220
2317 778
731 775
2716 3027
2108 584
119 1679
346 1760
2651 3237
2374 88
89 253
2172 2367
2601 1259
951 2660
194 2385
3258 2597
3386 2849
2068 2812
310 833
2878 2661
783 7
838 3450
3074 408
3105 3463
39 2945
1978 1995
597 2628
3395 3442
2891 734
1858 2256
852 1487
228 3086
2442 248
3260 2887
3340 1599
1147 844
2277 1526
1295 2490
1931 1323
2127 749
2255 2813
2832 1522
183 100
1595 1091
87 2005
2464 1547
2471 1142
2365 2731
2984 2527
2257 110
3169 644
2476 1551
1063 2862
2842 2882
1289 722
3328 173
3387 2108
1903 273
1988 941
1570 1847
484 1521
1771 938
534 2425
1085 3021
1934 441
900 3048
2443 1827
2590 2855
779 1355
2816 2128
490 49
754 1707
1696 2115
2833 2792
603 1948
2935 2546
1948 2174
1453 2439
821 1106
2387 1201
3137 1978
2953 3038
1255 2135
3346 277
950 2235
1260 1703
1878 1713
2324 3003
1936 597
2644 316
215 127
2486 293
2778 3239
3462 2919
3418 1841
1280 1876
123 762
2345 353
315 2672
1425 3389
444 3340
3016 2809
268 475
2187 1226
1941 3139
1500 262
1630 1374
2243 3368
3339 271
1963 1721
1800 491
2094 2975
254 2496
2252 2039
1343 1237
2360 2037
1516 671
1655 1336
425 3460
1968 1391
1361 777
508 2465
3481 3232
3303 1898
2368 2000
1636 2819
1190 2599
2915 751
1749 2897
2564 142
3414 1269
1890 2113
3377 643
1695 528
2539 2749
1789 299
1325 1462
1879 3371
2876 216
789 298
961 752
3296 581
913 2678
752 154
1650 3264
2475 1921
2659 2034
2545 44
505 1745
3009 2288
1230 30
2344 1780
1389 177
2348 3398
396 1754
3350 1816
1303 483
1146 351
141 2026
1972 1370
2284 2954
1716 445
1206 2230
839 1696
74 512
1874 757
1074 2078
2965 3254
876 2029
2322 1999
3178 2685
3351 877
2973 1372
148 2383
2741 3423
1918 3182
2554 424
2414 675
1261 1446
2992 1556
3146 731
883 1303
208 2050
2557 2372
345 2804
1660 2789
2456 3062
675 813
2148 76
2364 328
1998 1483
2247 1855
994 2368
379 1126
1027 750
2309 1384
1567 912
735 2638
1202 2662
3301 24
2767 1927
1046 2328
57 898
1668 3459
3032 1163
2635 2835
188 2248
2526 3223
3141 90
3159 2726
1832 617
3041 1690
1713 3171
3496 2202
2520 2198
993 3017
1229 1520
600 1650
2547 3213
1624 278
1901 2460
2650 1260
47 1913
1995 3117
3019 2711
3474 1714
55 2267
3292 2761
2980 428
2425 494
1048 657
2498 2715
2419 3356
168 2848
617 2961
3434 2562
3492 438
2706 2298
921 2474
729 561
3189 2596
416 963
2045 360
2201 1144
3135 849
1960 909
580 622
308 2022
2723 2699
2246 3474
2307 1010
1955 805
801 1787
2192 1207
1687 379
1850 1252
324 1228
1050 3160
2654 99
1370 735
2242 1060
2311 504
2110 3379
2700 1994
1052 1801
848 2696
2149 2155
2776 1699
1466 1900
720 3225
1561 664
816 1326
83 753
1236 180
673 1568
3366 1472
438 1396
1819 519
981 3354
3254 2850
1707 612
2850 893
2294 340
2512 118
3094 1842
836 865
3398 2866
1352 1610
2712 2904
1596 2801
707 3253
1426 1984
1435 1789
1726 2408
1873 1747
541 1883
2409 2501
1068 164
725 1622
3257 811
3090 1617
418 1647
3304 1170
2999 356
2567 1540
914 481
3330 1503
2225 48
2679 562
2817 3193
2906 540
2352 1308
2096 227
799 1387
1895 2485
722 510
1222 2405
895 765
143 1081
2032 444
2235 1002
1098 3104
1811 3385
3175 2941
622 319
1599 1804
891 365
3153 2403
2154 1630
100 2587
2548 2481
2258 1444
2264 1110
18 2719
1622 1205
1129 637
1176 656
684 1385
1854 1794
307 2443
567 1455
2845 2810
1603 896
2420 930
1552 1464
1993 596
1 991
1672 2595
614 1040
3393 727
28 3198
1246 1693
2710 3106
1939 102
1609 384
864 2312
1140 543
1492 780
3431 542
2837 2093
1270 2673
3158 1596
1447 1805
736 2394
3403 165
1705 74
226 3282
2524 2162
1158 3349
2775 2030
1815 1167
3459 544
2504 386
103 3470
3068 3192
674 795
2335 881
1825 1341
1082 1923
2276 2931
2792 808
240 3374
3493 3315
3371 1824
2181 1838
3453 2067
2380 1964
2675 31
2497 2684
1678 1453
1252 575
911 1737
792 3184
2037 2659
1008 2822
518 2455
992 623
1465 3439
1135 1087
1503 323
3055 1406
2159 532
1182 1514
1108 160
524 2105
2067 3416
2769 95
570 624
2740 344
1591 3023
2735 1839
2384 1418
1823 2825
1364 415
2971 275
289 961
3010 547
2458 1043
291 1594
2836 2247
3162 955
1450 1712
2777 2136
2296 2753
793 890
2014 146
694 1859
1954 887
2800 2693
2793 902
1582 1468
270 579
996 2574
859 1864
1864 1580
760 3163
1132 2894
1704 550
1014 3015
1518 3177
1540 2472
3120 2991
1481 3285
267 1474
1400 851
3419 3022
107 2806
2288 828
1777 2132
1057 1254
2839 1454
2312 822
239 1340
683 1458
2805 17
2005 3108
236 1777
810 1640
953 1911
2652 2176
2340 2038
2070 270
767 1231
2006 1896
2326 435
2440 2717
945 3030
1917 1667
804 2639
1958 1981
1037 2428
3128 911
387 3302
2434 2783
2660 962
3410 305
1084 3234
1394 3429
371 1025
901 2778
2052 1825
2676 1507
487 1893
3218 1481
22 2360
1525 470
2241 1623
1069 928
2521 1333
380 3388
1059 2464
1310 772
320 2544
902 2197
3148 1892
2801 1603
808 1465
2478 3334
2970 615
1840 1891
3202 376
2864 2630
959 1398
2916 1644
3020 1618
1774 2903
330 3377
178 1772
1390 3140
2931 3427
644 3056
2457 41
2316 1515
2376 846
1116 1976
2830 2770
2663 333
3149 2843
3383 2233
1452 259
1491 1204
1409 176
230 1430
3124 838
693 2046
3317 487
3025 2658
1058 2471
3130 978
2212 3447
3151 1511
3352 2271
2076 122
934 14
502 3092
2509 3235
233 55
466 2419
1218 3395
1782 696
519 1191
3086 1078
3384 2817
3490 1743
591 598
3051 3040
1077 1725
3302 791
1322 3314
1778 27
1884 1555
3486 975
1564 3138
1096 3445
2102 1573
1448 686
825 2393
2415 1247
2196 3420
991 1399
1737 3333
2624 1942
769 2826
2558 1673
2948 1567
347 2698
621 1538
1910 1528
135 527
2426 2922
3407 1602
1994 2224
77 1395
2125 238
2808 3216
574 2995
759 1149
920 1302
2336 917
2430 2671
43 2567
1209 1501
764 2763
2786 3083
304 2675
1015 1039
1614 1162
2251 3164
429 1346
2516 2992
873 2873
2908 558
777 2337
1061 697
283 1475
4 2024
824 2468
3253 2526
840 313
497 711
198 264
1615 3493
1178 1965
2696 1344
2437 971
634 1409
238 3494
445 1086
1386 3462
3456 373
2691 2097
2318 2856
1490 2851
3063 2884
2021 1895
1548 2586
3102 2296
2400 2760
2978 2257
2501 2807
2678 2610
2121 2181
476 1539
2403 2453
3173 468
2339 2854
701 107
2798 3128
2275 1769
841 15
3167 2101
586 1137
2453 479
1536 3087
601 1935
2025 3034
573 131
1327 1255
2923 1098
2290 2263
404 1318
282 3049
1429 2592
3234 2150
2439 589
1296 3196
1962 1957
1165 2080
2846 1746
2265 1423
398 1597
3079 86
616 2885
1940 1508
1300 1345
2825 96
217 1017
479 1329
1765 2980
2026 797
778 2096
3013 2487
1519 156
1929 798
1417 1018
3193 3287
3062 3311
457 3304
904 1632
662 3415
2881 1534
3200 363
3270 1570
351 2499
1576 2697
1791 647
2505 1694
1855 21
1089 921
2768 803
3036 3105
761 1476
1691 182
1551 1380
3088 2938
16 2736
2889 830
924 2871
1916 799
1330 949
394 2484
1904 1283
3191 2194
645 1828
3470 2742
2879 3465
2962 148
1150 2716
1214 2187
1961 2739
1517 2137
2427 289
1028 3256
2114 1262
1406 2722
2922 2331
1269 2154
2661 3246
1932 2310
2629 3072
613 503
1790 719
2347 3276
1318 1686
243 1736
1362 1585
179 2082
2378 602
3243 3316
1804 3029
1637 2553
2701 400
609 2495
1219 3312
1266 1477
2273 2023
360 1527
138 449
410 1190
1419 3145
985 3393
2682 3490
1973 2110
2131 2701
813 457
768 2336
1226 2663
1807 2690
797 1941
786 2249
952 2338
3484 3127
1142 3026
1663 3401
1808 2519
721 1478
575 2976
2708 1677
1646 2152
910 2369
1727 2265
2538 2534
928 26
2641 395
2890 321
1728 1034
3045 3183
2677 520
3413 105
1866 2415
2280 3197
473 2740
3154 2573
3196 2791
1264 191
406 3185
892 3468
1956 183
3368 3451
3476 1543
1701 91
2413 1393
1106 1020
1510 312
3450 3016
17 1065
1766 3120
247 2858
3345 1993
300 2344
1845 1032
3174 2251
1555 1966
2228 1700
2631 726
880 3318
1786 2350
2640 766
467 1744
1914 3011
2485 3362
657 1375
491 1624
1468 3327
145 1234
2705 2025
686 2633
716 2920
3266 2681
220 2781
1984 3059
219 1357
2983 993
2112 135
1375 1055
1724 348
2572 288
561 599
995 2491
1976 1
2868 2964
2721 2343
1799 3279
1865 265
2232 2657
806 1652
2408 59
378 2319
623 2112
2116 2786
382 2089
2245 2264
1030 71
2806 1968
2791 876
3240 901
37 2040
2334 783
2863 1840
1568 1940
1556 1960
2055 933
917 668
2866 1517
3216 1213
279 855
2729 2530
3209 1408
1809 1537
272 3449
3465 761
3207 2550
214 2306
1244 1313
393 1085
1311 1036
1124 2188
2905 1482
1107 2081
1843 631
2190 2457
982 754
173 1184
2369 2514
364 2347
932 1171
1234 1193
2732 136
938 2794
2988 2003
1670 3446
81 837
2707 3432
1757 2339
747 892
1549 1670
2494 2434
2911 1369
1191 1221
3279 713
1511 2281
1754 841
2553 97
509 1309
2998 1919
1376 2166
1761 1277
2063 1590
1071 2993
770 2602
576 1907
3249 670
2481 1798
2390 65
1173 2416
1802 3236
790 2642
171 1983
3184 158
1919 2185
2003 645
448 879
1128 419
2188 2987
3208 1023
1697 443
1632 555
1489 1851
744 2182
2989 2674
3033 1591
3238 3148
784 2646
197 541
263 3238
2522 92
3285 3454
2303 38
2017 1185
2077 630
1477 2103
823 708
1971 2944
881 1518
414 1600
3187 981
1149 2650
2231 2758
205 1299
566 2751
2671 1869
1515 35
1708 2984
2337 212
1281 2997
187 1803
658 2379
2510 2913
176 2033
2043 854
1690 2611
2105 1220
1272 1274
125 3380
2271 1177
281 69
2238 2910
332 287
3338 556
2737 1849
1478 2106
470 2371
3315 1499
322 3230
2532 123
35 915
984 2119
2608 474
1812 1939
1571 2036
2034 1246
2934 233
2910 1975
1523 1861
1141 425
2333 825
3246 1659
1923 1362
1356 678
1738 1450
3053 1249
1816 947
3127 730
2620 3066
118 1342
3438 661
150 1157
1073 2374
2435 2314
1502 2444
2956 140
2672 455
539 2852
1619 2814
1210 1480
2578 511
3389 1688
2587 2863
776 2322
2901 2702
578 3100
925 2320
1944 1495
2950 211
2470 357
1168 2981
1743 1950
1970 3352
1180 521
101 545
195 1457
2527 1720
2749 2279
1137 3341
327 3018
2009 1890
1613 2456
897 245
1703 3186
2568 1771
2300 2846
1852 1877
2720 2470
1882 204
1114 660
2642 423
2230 1836
1012 992
3065 2688
2803 1180
2282 318
408 303
2888 2686
1437 1101
2169 3050
2357 1811
3281 953
2035 3166
1032 2234
887 755
3440 1210
1424 940
329 2091
2947 970
2657 2270
2183 2838
341 3441
2617 2216
916 3178
1110 53
160 1566
1125 2656
553 1007
1544 1778
1317 2969
2438 155
2210 2800
3320 694
3259 1168
1731 3366
1755 1837
2751 578
2785 1038
687 1244
528 1932
2552 2195
946 1208
572 1031
2788 2463
1263 2177
1391 2989
652 3047
1665 3405
1422 3424
2421 2933
1138 1486
2589 1350
515 2229
1841 3438
2020 2893
837 2206
1345 1292
968 2746
1276 3320
1464 524
2429 1118
368 3338
2898 2616
216 34
1359 3110
2750 1952
1846 2171
2872 1037
278 2695
1659 1906
486 2349
1530 3448
2289 1383
854 1338
2904 3137
1342 2250
2423 2928
654 338
2095 704
3444 2049
2488 324
2726 3357
2301 2329
1170 2421
253 430
2460 2571
142 2418
2092 2479
498 1160
131 2895
199 2362
2531 2767
2030 2287
1673 2950
3212 1428
1560 2752
1336 2175
474 2074
1483 3071
506 1016
3277 2823
1848 1436
3244 3342
2493 3280
598 616
2771 2055
3059 3199
1154 3175
2119 3328
2565 1763
2401 477
1750 294
1734 758
2495 1672
1087 1947
1987 1258
1913 1910
763 2775
50 741
2072 633
2794 549
312 1203
939 567
2790 1629
3399 1854
1467 2199
2416 2366
958 1214
803 2273
1347 3364
294 576
274 498
167 2448
599 486
129 1183
2166 236
1649 2974
2142 505
2730 1132
3228 1821
3265 45
1862 2556
723 1048
1054 113
3145 2957
1017 1510
671 178
156 2232
3017 2982
1684 3168
728 2359
3311 618
865 476
2930 1812
2981 332
2487 1130
1415 1460
122 1998
3437 551
1886 525
109 1416
2835 163
3287 300
1680 3150
2132 939
3415 1687
2713 1904
2057 3053
2194 1857
1983 2820
1863 3329
1788 3084
367 2109
2069 2450
3305 3141
1676 1404
890 2071
1868 1710
2584 3006
2314 1818
251 389
2381 1958
1721 1523
999 2042
2473 1251
1498 249
1487 3057
2827 638
1488 703
1101 1959
3188 2999
38 1115
2226 1954
2058 518
1892 1783
361 2677
2220 2027
391 2315
3050 1858
504 2047
844 983
3264 1029
889 613
641 279
3361 1571
1221 2547
2555 2497
606 1389
1172 728
1996 3088
373 2016
2508 2280
2382 1996
1152 473
3331 2291
2759 2864
2859 1661
29 1279
2647 1681
2689 426
2313 1189
756 1245
3002 1593
1445 2598
542 2326
2600 1756
1747 2461
1769 1286
1675 1024
1829 2104
196 2837
1355 301
2772 1317
1305 2793
1484 2934
181 2880
1341 1563
1628 3274
462 193
3206 20
2774 2618
3006 2143
544 2099
469 716
3288 840
3081 2952
1685 314
850 405
1528 2743
788 3037
3192 2134
442 3307
2214 718
1946 2533
1041 3365
1706 2218
2623 2978
2090 2068
1593 2334
2725 1141
1574 87
831 526
1042 863
52 1417
2982 1797
2630 2210
3170 3271
2229 3165
1127 272
1951 1114
3136 904
1053 306
568 867
1262 1461
293 256
899 2510
2028 2815
59 707
2065 50
333 2619
11 3417
151 1853
1986 1179
1331 2539
1959 2998
2979 1227
1974 1655
861 736
2951 2352
2204 2839
2598 1186
1563 85
3363 760
244 903
189 782
3380 1972
743 3476
381 3411
3348 3471
435 2095
2756 1069
1623 1352
343 1505
461 1363
678 966
1507 2283
569 3111
3313 2827
773 1325
2625 1015
989 1962
2742 1879
2963 733
521 2289
1271 2777
3392 1334
1772 3358
2595 3
319 537
2975 682
451 51
2960 103
2563 2577
3322 1977
2015 1172
612 2286
868 2640
1439 2805
664 1702
3021 1412
1418 482
2523 2266
1277 413
2461 2375
3078 3208
1302 2429
552 343
2802 1963
3232 1310
2576 1637
1368 2107
1340 3149
2821 1312
1123 3194
1321 3273
1762 1987
1899 460
2765 3309
2338 702
1319 239
2346 141
710 1289
815 2881
1247 3267
2841 785
667 2554
1011 2098
1441 2413
1797 1322
2686 2486
2306 464
1380 2122
1315 3109
2605 2494
475 3209
3064 2451
1620 3039
1612 2676
738 3079
757 834
309 1096
1251 847
392 985
2535 325
704 2051
84 2729
906 3345
2451 2236
697 2243
1365 1152
3299 2570
1635 2528
2530 1635
3300 2396
41 1042
3381 2540
2537 283
677 3324
1735 2019
2162 2308
1474 3477
3058 403
427 2324
2637 2634
796 2340
690 2411
3446 1143
3156 3384
2179 2925
2097 3488
1231 46
2359 1749
496 3498
1979 1359
3035 1819
2371 3116
2688 1099
1991 2153
1835 1187
2560 3404
1796 831
1402 2727
3349 2621
1870 2615
3390 721
2411 1920
3256 2142
2287 421
2994 1439
3166 2013
1109 2593
1093 1379
3031 770
3241 945
682 228
113 1989
1049 1199
2871 819
1504 1433
1875 1683
1915 2476
3204 3301
8 583
1538 1062
2855 2723
2633 1293
608 1519
3084 3455
3269 824
855 611
3067 3054
1091 143
1455 3250
96 3292
234 900
2571 874
132 866
3172 317
363 2189
1060 1689
375 3214
663 3456
3359 3475
2662 1509
2815 2262
2892 2028
2073 2548
2853 2914
1304 2432
62 1724
2581 268
237 767
499 1682
1935 788
2184 78
2330 2626
3144 1767
1328 839
1265 1256
2349 1524
2320 1431
1554 2580
421 1658
1758 2756
1810 1586
755 382
1081 197
3429 126
3070 3070
550 1790
1003 2744
1253 1664
785 2438
3087 2321
3203 2064
587 1321
1208 1268
726 3119
3003 337
1184 586
2580 1263
689 2083
1414 2056
3129 1933
424 2965
478 1030
3111 3270
2433 1612
739 2508
2594 2865
252 3255
1026 2102
1408 3113
2012 2325
1213 2292
988 2665
3121 3370
3488 2869
1360 2932
980 1843
1385 3121
3066 3326
449 2859
2161 632
2079 2874
3092 2365
3001 1119
1891 2525
666 536
271 2691
1779 1401
2362 2004
1431 2274
1299 2473
30 451
2050 1752
139 1971
2883 133
2611 2392
1907 2669
126 2454
1293 2417
2796 2972
791 3461
1759 247
2933 604
1768 1235
2211 1675
2078 3433
853 465
536 712
3267 804
2018 1197
2698 1467
3163 3306
1814 870
3116 120
879 744
1099 2381
2838 926
1306 1447
927 364
1513 2620
2926 2118
2996 2285
2603 3032
1553 1757
807 1961
1278 2537
2029 3012
669 2606
1699 809
3179 3098
2484 2373
286 2632
3406 826
1344 472
423 639
3337 2868
3290 2240
3261 818
1977 1765
1588 807
136 2092
1877 1136
2165 2261
714 181
2206 843
625 3080
1430 2917
3326 1785
1801 692
2692 2652
1746 687
2331 3019
870 1410
117 2517
1604 2017
3139 1414
3245 2498
1338 3336
2022 234
321 3231
3043 1899
2924 2585
3433 1140
3235 58
2562 3387
2929 1646
3097 1432
1710 2018
1732 396
2152 2888
2711 3308
1313 3174
257 2363
383 2990
190 1420
344 507
130 1775
2867 1434
430 410
1420 2084
2482 2200
3227 1377
2770 1405
526 2776
2795 605
1539 1740
1897 2127
225 534
1382 450
2783 2178
170 3321
1698 861
3487 251
110 280
649 77
1969 1305
3164 2654
1324 2959
2528 2382
2517 1856
1118 3489
635 1225
3083 546
1666 2268
1136 3069
3464 3132
477 1443
2319 2844
1501 3191
2004 359
811 93
2596 1287
2570 886
842 2125
2579 3265
3443 1051
698 387
2724 620
1449 2861
2106 1701
867 2433
912 698
2895 147
3077 1027
2479 810
1830 1165
2513 3043
3319 1206
407 607
3495 997
456 1663
1520 1588
1633 3123
2042 1392
594 2341
3274 282
1682 1728
2279 580
2886 1257
1070 3347
2626 2911
2237 1866
3416 3204
1462 531
3046 2545
2041 1574
495 3154
3085 2073
2854 1748
1589 1306
2213 1174
874 3436
1164 2446
1285 3147
1627 1997
3469 2755
2180 1901
2454 3422
1288 957
2525 3014
1817 1506
2397 2190
2138 1657
1130 2294
637 2709
3370 3188
1602 1561
23 1982
1639 412
1387 1238
1337 1605
3015 603
1900 1729
1505 2480
2515 222
1575 3176
191 1627
184 2087
2613 3297
715 2818
157 2094
3028 2260
1090 3344
105 572
1534 1222
1348 1011
1189 2139
1908 2907
186 1411
2766 806
2157 1871
2431 3263
2027 3157
972 2565
397 1822
1967 1248
659 1484
1171 1873
3382 2836
1851 2636
656 1053
2938 829
2462 1159
929 1715
61 2086
1075 931
966 3290
1100 2509
2909 919
3388 1698
937 3245
2377 497
1254 3215
2130 1494
1162 1282
388 3063
3080 2799
969 2483
2507 1061
2327 3378
1314 1076
2087 2332
3123 779
1694 3406
3454 98
1034 937
712 3217
1298 673
1906 2735
3375 2237
1842 3430
2745 1052
92 2883
2291 1584
2851 2724
2665 1224
1086 784
1174 1860
305 1882
610 848
604 3363
2444 2447
3248 3210
459 1934
3044 3187
2695 1909
933 3045
1709 1267
963 595
2807 1595
2446 897
2927 640
1442 2066
3329 2909
185 2402
1965 2384
1381 3002
774 3068
481 2009
2852 208
857 1613
3004 1761
2480 1422
90 2406
1392 2605
2699 3443
2666 2841
2757 3294
2734 2488
798 1316
1201 2703
905 1373
2936 68
1009 2398
2046 1796
990 1823
2156 3486
2693 485
1896 1665
3042 1979
2954 3390
563 1945
2893 242
149 3005
1942 2538
1397 1985
628 2307
1537 219
1121 3041
3336 2704
527 1951
1662 1674
2203 1625
2199 3355
2607 206
292 2968
2602 13
464 1298
2747 2466
3157 3233
428 226
2328 2561
3160 2985
2472 814
643 1050
894 2942
2974 2579
2760 920
3423 3251
3316 1123
3362 3181
2448 3055
1456 3492
1861 2617
940 884
2744 2440
2492 3473
582 2208
3014 1242
3283 166
800 149
2541 3491
2402 1708
1558 693
2896 509
3220 2730
2215 130
1159 416
1702 1146
1250 946
2039 3085
1139 2401
1051 1704
1837 192
3171 1845
2731 2239
377 641
2655 1198
987 1232
1645 1800
3307 706
2653 557
1681 1755
1718 2955
458 2762
2250 964
1105 198
3131 3219
2295 3408
2233 1331
3358 29
1169 1988
2298 2824
668 2927
2754 3283
2080 2146
1473 22
1585 835
1793 2788
2643 2301
1292 2388
545 94
1686 869
2013 1075
1543 677
538 1726
64 406
2061 420
1183 1666
3197 2532
1542 628
2656 2896
2755 1386
2424 81
753 1614
2038 436
2685 2077
1990 2973
915 2558
875 680
986 2293
1688 1583
829 977
2146 72
203 2512
1279 2670
758 2255
212 150
2086 3480
3451 175
1117 2507
2033 361
2218 3383
419 720
31 1535
2323 895
365 125
3113 354
443 1000
692 684
3122 240
3343 2342
711 269
1001 47
2940 667
1405 2828
1648 2304
775 3155
3445 2469
2491 773
762 2333
1486 593
1828 1908
2799 2282
2031 1516
3306 1662
2985 117
802 3244
556 347
1220 1928
695 1795
134 3031
2118 2391
1479 1261
1186 994
1458 229
1160 1807
516 627
1223 817
2972 606
1095 1485
2147 3453
3199 3252
3401 1360
562 1490
331 174
1729 368
1869 56
326 2088
3325 243
180 2720
1332 1068
2722 1327
1035 2165
1018 1107
724 1727
1625 3369
1357 3241
2959 3351
2234 331
1546 3278
447 3146
3498 2348
2976 2114
2101 388
1756 3172
771 1967
3168 1606
250 508
3222 188
624 1074
2059 948
525 3065
284 466
2137 2857
3112 1148
1573 3394
1033 3346
2354 3484
1651 1872
2010 80
1228 1315
172 3067
1181 852
328 513
2044 2782
3115 309
548 2044
2191 195
1493 980
359 2581
832 2899
441 1776
1671 1498
137 2303
2144 2277
3421 651
1531 2614
192 179
1496 1300
3324 145
3275 462
2614 2201
2610 2204
2341 608
2687 3281
3405 3101
3038 1502
3276 1751
2392 665
1722 241
2053 1083
1193 1552
2709 2560
1224 724
745 128
2997 1407
2122 3152
372 367
781 3078
3424 1773
1421 1886
3233 3035
1748 2754
1113 1125
2185 1579
2860 1138
2477 290
2831 404
3217 2664
3355 1581
1346 1912
288 2489
3226 1230
354 3289
2544 3305
3048 845
1495 764
1586 393
732 231
2297 106
21 2120
3442 1192
688 2272
3273 1291
1849 1991
1010 448
2812 2290
2649 2714
2648 84
1930 2504
2773 1223
737 1073
2862 3051
3295 1366
1822 2563
1079 1887
211 2591
415 2259
2529 1549
3 2951
2840 75
273 1367
390 932
941 1111
872 330
607 3222
685 3162
1876 3028
1007 1969
935 23
2202 334
3047 2090
1717 585
2884 2145
3262 2575
1798 1276
818 2420
1657 2892
2089 3258
3310 655
733 3102
3061 1531
3441 2908
1605 1915
2355 1684
3482 1881
1259 984
2899 471
1207 54
2639 1592
3229 129
1238 109
334 3004
2082 3259
908 70
3367 381
3422 516
2410 187
2153 3195
871 339
2823 2821
1937 1834
2124 2679
885 792
227 9
1740 2244
2151 1575
2120 1973
2715 250
833 1488
1654 8
1040 1072
2752 853
1242 1562
1943 1806
2573 327
269 1217
3271 729
115 202
2286 2203
1883 28
7 3317
647 2395
2244 823
3335 500
560 3167
2592 3205
2177 2377
2308 2313
660 1564
3106 260
2941 484
1232 79
2123 3226
1369 2311
765 3413
559 1762
335 261
1043 1438
3466 988
1787 1489
1989 1288
2405 1532
3213 3434
3427 3118
3448 453
3491 3046
2263 391
2728 2221
2514 683
2222 2535
3263 2692
3040 1633
1601 1705
2143 906
898 2588
1953 2603
699 2387
1760 685
1286 2148
3308 2493
2546 2796
3140 2728
2609 1553
638 2700
1088 152
1217 2140
680 119
896 3124
849 223
2379 1680
955 908
2093 3414
557 2297
1047 1441
2586 2979
3054 2877
3272 999
2939 1974
2780 3350
1715 2052
374 672
260 506
1399 1734
93 529
1393 1758
1785 553
530 2655
2140 3058
1730 1124
2361 2734
1163 1054
2356 600
2047 1449
2176 2977
3468 205
2386 2254
2683 2607
3391 1500
2240 1897
2217 2845
1212 1739
342 2399
1444 3440
1521 1390
1661 1695
246 2889
53 2478
231 1649
2398 488
2200 868
369 64
2358 1028
1880 2121
2186 2721
2763 1427
533 493
2865 2225
102 2747
812 2549
2269 748
780 1955
845 2872
3027 2164
877 648
1952 3033
75 3437
1335 927
2098 60
175 73
1629 1791
2083 1986
558 2708
3314 3091
626 3268
2085 224
3378 1820
401 447
3342 918
620 61
2436 1529
3467 1750
362 1021
503 872
2111 2414
133 1382
1529 1626
1119 650
584 2637
1714 1105
856 2505
2506 315
814 3275
1640 894
3455 2569
1497 2205
455 1992
1413 515
1475 880
3321 914
2209 2063
549 3300
280 666
91 1990
3076 1080
1572 1445
1980 2947
1871 3227
450 2207
3034 134
2561 2590
619 433
863 1233
3091 2600
3458 3452
370 2712
2205 37
2150 588
2141 990
3479 2536
2536 1558
646 658
1064 1817
465 2797
296 2613
717 121
1404 2830
463 2759
453 201
301 1735
1151 1121
275 114
2784 397
3011 2219
2739 3008
3412 213
1559 2608
146 1079
2126 1641
2856 2641
1751 3323
2088 771
535 2252
511 2643
3255 3075
3007 378
2995 850
2221 1273
2958 3257
2499 2075
1022 1324
1287 2215
1284 2351
702 1560
2404 1880
1157 2943
1594 10
299 1008
1643 286
2023 210
1887 2129
2622 2766
1411 2231
1644 2769
2325 1878
3073 3206
3475 3499
3344 1116
1872 3114
2418 2242
3376 888
2902 1004
2680 1275
537 1448
1326 2970
2496 3343
2 1616
1541 2779
3432 139
1775 3096
632 291
2955 554
3215 2492
2236 1918
1457 2436
3225 3200
1719 800
2667 763
68 2718
1547 1711
1881 669
1062 2173
384 3428
1056 11
828 559
957 1059
2748 1559
1148 1452
206 1653
547 3229
727 2926
128 3261
943 1723
412 2159
1776 3131
512 2184
1860 1697
3126 2061
140 1565
1307 1554
734 1156
3417 2168
1333 663
2001 490
2599 2053
1652 2217
636 362
3072 3024
1598 577
1126 2380
245 2427
866 864
1792 407
1378 3093
303 2
258 401
221 1631
1161 924
2719 1868
316 189
2468 1057
1626 709
395 1542
2987 308
2115 3076
2329 1176
164 1145
1753 2211
847 1147
709 2100
1966 237
529 1572
116 385
1199 2682
65 1082
1912 2768
2024 1931
1674 2994
1794 196
826 3142
942 429
1857 1019
2278 1332
72 568
306 1129
2646 1492
1258 3009
223 3431
2615 2745
1323 2589
2957 1139
522 929
1803 3115
1985 3074
1092 281
3354 1296
1616 1442
2828 3296
51 349
1781 2069
1297 700
1512 1328
629 2354
1446 3133
1945 304
1975 2915
1097 1685
58 916
3242 1097
3165 1175
3286 2015
1745 3061
998 695
718 370
2781 3156
3150 626
264 2358
2946 1290
1689 2116
3426 2725
2743 2258
2874 794
494 1609
3096 2584
1693 3224
1926 2170
2943 1676
1045 3260
2175 1922
3082 587
3298 2141
2417 952
82 1033
174 2179
947 232
551 2378
2459 1188
163 3444
2207 862
2305 969
2054 2832
965 3042
2367 923
650 676
66 3044
2396 3410
3439 2431
201 646
1856 1056
3134 1512
2718 2935
571 138
2913 402
583 1469
3161 1240
3347 209
1438 1810
2463 1133
1133 827
485 3228
1211 3299
2550 2245
1249 1154
2267 3375
1764 3487
1072 3266
1167 246
1354 2054
2002 871
1366 16
1309 467
1283 1371
977 2784
3452 2222
318 199
13 1764
3318 3466
1038 297
124 2032
1566 574
978 3426
104 1497
517 1660
2779 2223
751 170
1847 2518
3461 1628
2040 967
60 116
2304 1266
2870 3399
3052 1557
3480 582
1992 489
2628 1108
3293 717
1928 1173
2158 2138
1618 478
2075 3288
1282 296
926 1435
1460 2330
1669 3036
1533 480
3198 454
204 2442
311 263
3402 688
1215 1936
3132 2559
413 2467
1739 285
1508 530
944 190
436 3337
886 1182
1291 3353
1617 2568
2164 1128
88 857
3499 2795
200 1335
2391 439
3237 311
3005 745
49 1642
24 3125
1485 1862
554 3464
2813 2898
2542 2506
166 1621
3463 1459
177 276
2619 1153
2049 1320
1267 2238
1308 5
349 2193
262 1741
2375 2035
1396 112
3353 394
1480 2829
1350 3400
2019 2317
1039 2953
2925 659
3026 2635
1526 1253
1104 982
1741 649
1155 1832
213 1814
1398 3421
862 2986
0 1894
973 3249
3268 1005
540 458
967 446
3125 2008
1889 3295
1720 2253
2967 3412
1590 2346
1451 374
1013 2771
222 2876
352 1784
161 3242
691 1884
2145 1645
2366 2376
2395 194
3404 517
2393 653
2011 3286
2518 2772
851 2386
1020 2449
2704 3203
3411 965
3447 101
2227 2520
9 1109
1029 3190
665 1135
483 1601
2969 1709
3430 2441
706 756
1584 1850
640 2523
593 1270
948 1669
3364 3248
1175 1678
2455 399
2762 2057
2447 1889
277 691
1927 973
1981 1944
3186 417
302 2653
964 267
1078 2426
2703 214
2907 1215
1233 185
297 1451
923 2045
3211 1093
2753 2361
3056 2228
3239 1103
209 2462
3133 0
3039 1885
596 2011
169 2445
2016 642
3008 569
2129 217
983 2604
471 3247
1767 3013
2051 1604
1023 1719
337 3386
3099 2683
2761 1424
1131 1779
2820 1161
3291 2834
1581 1782
2551 255
2174 2918
2445 3218
564 560
1274 2191
2810 2021
1700 104
1021 1284
1469 3189
1824 336
1982 2601
2412 2924
1905 3135
746 690
1621 186
2764 1611
2937 292
314 3497
350 2130
822 998
2469 1863
2920 1294
422 1620
1143 740
2738 746
2627 2477
14 32
1301 39
1557 1402
1550 2878
79 3495
615 2960
2189 2412
159 1578
336 786
1454 1419
2949 793
1947 878
386 4
970 1397
256 2867
782 3153
1826 2785
592 2397
1476 1905
1379 2275
265 235
285 3169
2834 2765
2343 414
2964 1808
98 3020
1664 1691
884 1202
2449 3402
385 570
2363 956
33 2041
2099 2831
1813 1376
2139 564
602 3277
266 341
2811 2278
2249 383
489 1619
63 461
19 1425
2511 3310
10 2737
71 2524
3247 1946
3182 1092
488 3269
3394 859
513 3073
1920 2583
2932 2576
1349 2923
3477 221
3489 2169
2968 3010
290 2629
2887 1200
460 252
2256 218
975 2946
44 3112
3332 2706
1641 1006
595 157
2000 2226
1638 662
3029 2949
1102 2748
590 1339
2168 2458
106 1545
3221 2160
1820 220
2351 1530
2048 2906
819 2967
2466 1041
3093 995
1427 2847
417 2213
997 3212
1256 1194
2260 1829
1587 172
809 1044
1600 2435
1933 1802
400 3180
114 989
2645 2622
742 1088
3142 2012
1103 342
3369 2409
232 776
376 2803
631 111
1227 925
3282 3122
2577 1104
99 1297
3098 2060
878 2345
2223 1668
1744 3391
976 689
3219 1470
696 1440
2254 171
2782 781
452 1548
1949 1903
338 1917
2961 1047
820 442
1423 2031
670 1902
3018 2870
325 3483
323 2364
772 456
224 2305
3024 2475
954 2059
585 535
1245 2798
2370 1090
144 1848
2991 1943
588 1281
2452 431
2064 815
2843 856
805 1788
2681 2757
3117 636
1024 1654
3278 1768
2281 905
1358 501
1634 492
366 2578
94 1102
681 3291
581 1012
500 1888
1611 346
618 6
543 1295
2882 2316
32 3089
1432 434
1818 2780
3396 1195
2467 913
2658 2811
1461 1166
2875 1493
355 3060
2632 891
3251 3136
672 1479
2606 2937
1111 1064
2103 1349
1647 1456
2694 2940
520 1421
1204 2062
3360 162
2350 635
1083 738
25 2572
922 2284
241 2624
3214 3403
1383 2065
121 1113
446 184
2060 942
3177 1307
2170 2410
1198 2151
2977 2058
3494 1718
357 1164
705 936
242 1314
1388 2774
1312 3407
3210 2335
2664 2167
27 2879
2182 302
3180 1786
740 2269
2483 440
1377 2370
2428 950
1578 1271
2921 43
1120 2612
2133 1304
2406 935
1723 2300
3071 418
2858 2180
579 422
936 934
971 732
1514 1569
1067 625
3483 2529
2216 1077
3118 739
1329 3322
1412 1022
3155 2710
3297 1550
2160 2750
1506 1241
2861 3143
2583 203
2990 2327
95 2318
2036 1178
2919 2482
2432 2156
2388 2123
2621 1608
210 2963
3397 974
249 3001
3385 1770
1395 922
2062 1671
2945 679
3236 2542
627 3348
555 2500
2849 1216
1196 108
2684 2192
869 369
3000 1058
1066 2609
127 82
358 539
1712 960
605 1541
2733 1150
1177 943
165 1846
630 3272
2465 3485
1653 2929
2008 3158
235 836
3473 3319
1770 2631
2944 1218
3471 2124
1005 2309
882 1196
1579 1916
2285 1774
3103 1009
2163 36
1076 1792
2746 2522
1002 2936
1205 533
207 1835
2066 1636
3425 244
1631 3173
979 52
3023 358
651 1544
2113 2648
1527 674
1922 469
3049 1525
1859 858
3195 1656
1031 3472
1805 1236
2966 2126
3194 1155
1679 714
2272 3134
3435 1127
1112 2323
1185 2020
1658 787
930 2833
3147 1925
2383 2452
2342 1353
1316 502
3379 816
507 2787
468 3107
3365 2014
2134 565
1736 124
111 1577
1353 307
15 326
69 3221
919 885
