3000 1500
1129 524
110 1461
536 1515
2336 1801
2422 978
2443 100
2717 1601
2989 2793
1005 211
1147 1766
2978 2365
184 2028
1337 1764
616 218
1011 585
1368 1599
425 1993
476 1944
2817 1394
2430 911
117 2099
362 1277
1282 2649
1588 2622
1387 2751
2327 1384
1183 2723
1220 2064
2498 2880
47 91
1657 1242
1644 2263
1253 409
825 291
227 1627
88 610
1151 534
736 2131
657 2500
2623 1386
842 2128
1877 319
2770 1254
1835 2060
1578 1968
52 1754
2673 259
337 2288
1836 1044
788 2697
1142 777
1851 1117
832 2242
1483 1122
2423 1759
469 1853
1304 406
356 2699
830 2590
1728 1727
2825 2181
681 2260
288 231
2910 536
1933 1600
2302 2287
2337 2245
348 582
1108 408
1811 1267
2220 1537
2838 2814
588 2746
415 2927
1827 2283
731 1992
2763 2375
1597 1050
2362 2305
1660 1943
2382 2029
2511 883
1437 655
919 1736
444 2001
2377 682
785 979
1582 1822
452 1228
1795 2194
878 85
1638 2195
1639 88
760 851
2557 600
2162 2338
807 372
465 20
438 1755
707 1462
954 353
2022 708
2421 2374
1850 1055
1509 2921
797 888
2358 420
2087 1676
1904 1167
2406 712
1145 1886
131 2472
1550 1845
2216 512
1963 2627
2548 638
826 1985
858 1809
2368 160
2782 1762
1846 1816
2964 1516
908 840
2463 359
1072 2210
1988 1180
613 2312
20 1151
2869 270
601 1910
2135 886
2004 2850
2124 1469
226 1145
2556 251
583 1381
1360 2493
1484 1514
460 2769
2008 2474
192 223
1149 1131
390 1072
2854 2032
1335 2901
1090 2642
2995 26
1119 2420
603 99
2952 1618
1986 1003
1475 1595
757 1630
2108 1234
2631 245
1632 1840
1496 1792
373 830
2310 1932
25 665
1990 2772
217 170
2256 2004
2775 1333
521 2115
2440 1223
1358 135
2627 1963
2391 61
114 891
480 1858
2602 294
2259 641
2781 2830
386 1306
1625 614
1233 230
956 2689
2988 1947
976 1946
1415 2437
1221 552
422 281
43 2631
1332 1710
1013 1287
1093 1360
2577 1646
1779 2415
2129 331
345 449
2385 2294
530 1702
1180 2726
1816 715
2642 1815
2192 1731
201 631
1068 775
2843 799
2707 1309
1581 1580
944 256
126 1684
179 1327
1413 898
1726 2517
2575 252
1806 796
1315 126
1922 2841
936 1574
2507 1213
2449 184
2856 2778
410 2957
394 72
661 924
1325 2432
30 2988
1410 113
1743 2763
2408 2776
664 2065
658 1980
1126 2569
1534 778
1784 383
2109 2396
2226 808
1553 661
1516 1240
697 2876
1433 1132
2587 2145
6 1594
520 1453
76 707
2267 2588
2292 315
74 220
1891 849
2754 1633
1056 1751
1029 1591
383 1786
2757 354
472 344
342 731
2439 2041
2059 1794
927 897
1758 1027
513 1422
1732 1695
1428 404
1023 2561
1408 2812
1765 2495
865 559
848 2491
413 2468
952 2712
575 2485
1939 1283
2373 2162
2082 647
2580 995
347 1848
2303 971
1402 527
623 573
2324 2186
687 1824
2214 510
941 349
1400 2679
2969 1391
1791 2678
1288 2406
170 482
2963 2501
1527 2903
548 531
2153 2621
1479 2920
1297 1455
2167 1273
2727 652
447 501
1226 2556
2278 2104
2102 759
1427 969
1722 583
2461 440
1173 737
1897 271
19 1864
2651 313
48 119
674 2045
329 2532
2476 1019
1789 1729
363 1011
1845 1481
1295 2923
1369 691
2091 2091
1927 666
2740 1435
371 2051
2332 1874
507 980
2472 2220
277 2049
2522 2299
2319 2006
2334 1032
1968 817
1879 2490
284 669
250 1555
1385 1211
947 2629
2605 860
1271 1922
2030 2473
2483 2659
604 2184
1611 2665
2991 1668
351 1609
626 2852
1104 592
109 63
756 437
1047 373
186 227
2619 2401
1341 2797
2343 1396
1228 272
187 1976
408 1554
2450 1380
679 1492
967 1436
2558 2866
1313 1156
1861 893
2887 504
2213 1464
2063 323
262 917
1197 1616
1354 1674
1434 2875
375 2720
1449 1321
1892 107
453 148
2064 2084
1872 2410
2902 364
2669 2511
1979 1202
978 927
918 1029
2859 39
1940 1179
2152 2666
2054 625
2047 1429
558 1159
538 556
446 763
2698 203
2294 2037
1905 442
2955 597
2199 1064
840 2066
503 1096
2392 2462
2699 279
739 1610
774 2408
1064 1689
2824 1827
437 1054
276 2168
2254 2913
751 870
2315 2357
1967 2080
1001 1804
2920 2787
1359 238
327 1439
617 1079
898 247
1296 321
2966 2328
149 1891
2067 756
1076 1389
123 812
1971 56
79 2533
456 2270
2789 1654
1121 2350
336 2785
1327 2030
1299 207
2834 42
236 2991
851 838
648 1653
1022 1863
1247 2825
1053 2944
624 1428
2459 1233
2525 269
101 1880
1069 1990
2345 2075
1176 1672
2537 2140
2502 2928
2250 1155
2467 622
940 2169
1542 2358
1720 2353
2257 1115
1523 902
1319 2650
983 1148
1832 2483
1117 656
132 1164
973 307
1793 2531
1984 2050
1419 1507
353 274
2898 1938
1935 2710
1561 823
2175 2990
1775 954
1798 387
669 1456
1114 2702
2261 2717
1084 829
2933 154
1760 1564
2147 1974
0 2510
953 1895
2454 93
2074 2802
1172 216
2928 2980
1549 606
843 1311
2737 858
2588 770
2960 202
1929 845
1364 2597
897 1465
95 388
1944 287
433 2477
281 101
307 1965
1908 2521
1694 208
1571 859
1893 403
1497 1722
564 2668
138 2067
519 2413
955 751
283 2558
115 679
63 445
1324 481
1600 2284
2288 1246
2956 1378
2828 866
2805 2801
1314 575
1466 2234
44 1607
2646 934
823 2373
1167 1411
1949 813
81 2948
2949 503
792 2580
627 293
1444 1569
1189 1795
1983 743
1987 1458
2301 2177
2888 646
2189 2007
134 964
2979 2123
1100 1823
26 2534
2653 706
2356 122
2832 2994
1783 725
1569 936
1322 2887
1617 2083
33 2645
1035 1524
2026 2675
1916 2208
2917 2393
2761 2688
314 2829
105 683
2308 2163
489 985
1880 1345
605 1088
2154 278
406 165
483 169
1191 1589
1503 2101
518 1299
96 480
369 2583
1476 2010
1689 5
2148 668
737 1966
2136 2714
1768 2630
1139 2258
2098 1127
224 2744
1481 2252
625 1039
1821 1650
1305 1448
1168 2449
1320 1613
228 221
2115 2361
312 2122
1111 35
1048 2896
2532 215
1982 1877
1049 1419
2169 1900
857 2137
2721 900
1556 1447
2774 623
2095 1701
2941 1656
924 131
2916 2635
1154 2027
2831 832
2441 2215
1436 2808
849 2103
2648 456
2012 1410
2269 1502
2745 2771
2741 2800
2846 735
2197 899
1041 2883
374 2844
2179 47
2399 2867
1157 2229
271 1969
734 938
395 807
1814 145
1447 2657
862 253
724 1670
2654 584
2810 2735
628 687
1489 612
1870 1368
280 1688
2300 2546
2264 749
2164 1639
1595 1431
1164 984
2146 2848
2566 896
1102 1544
2161 876
864 2623
1950 2813
1826 1037
668 1416
1362 1743
1429 1772
2800 931
633 561
2974 1114
50 1768
49 2673
874 1229
1696 1403
2510 1149
295 1527
2375 1624
1284 2482
932 2293
2201 1232
2426 2250
646 179
1186 1379
2349 602
1507 1805
2914 842
2388 2346
1787 1997
2724 1483
1792 1319
957 2959
470 624
1766 2713
2437 720
1014 1675
1991 650
528 1398
2321 2881
1849 841
1474 1193
702 2446
2998 2332
1778 789
54 2638
680 633
2640 434
1866 2273
1531 1536
729 525
1260 2513
1560 2343
1384 649
419 1440
630 2046
29 2286
1301 1971
2633 2711
222 496
90 2026
2143 414
2658 1597
2546 2579
2726 1879
2528 2430
844 874
2006 1817
979 1847
975 1347
1667 341
1144 2271
2616 854
541 2311
2038 689
1246 0
1912 717
2342 164
1238 2095
1309 981
942 692
1500 826
510 2404
326 634
766 1860
1911 2915
1913 1069
994 695
1201 84
2405 6
511 43
1647 690
1276 1370
2826 2565
909 171
2329 73
2922 570
1031 2440
638 1178
1279 1635
1684 1085
2040 2391
380 639
2996 2972
2586 2824
1731 175
2946 59
2240 2570
885 74
2462 2889
1607 2524
1450 2224
2639 1912
2999 2936
2281 1100
2031 724
2694 2092
535 1437
569 2031
2395 741
2925 289
582 1901
1665 2514
1622 1934
24 1466
2478 40
1800 2161
1969 167
949 2932
1469 1741
190 967
1774 441
2 60
914 2253
2889 33
275 1421
1132 716
920 2942
833 355
635 1248
2275 1355
2512 982
1394 1641
1555 2677
1289 2466
256 1935
1490 2503
2099 2973
251 2412
391 2874
847 1365
2621 1073
1300 219
1567 1541
2634 2203
1499 2594
1079 2698
2367 419
265 1068
2053 2606
197 130
728 2071
1740 110
717 644
2010 1645
1316 1590
129 590
1790 1343
663 2314
2636 827
2823 1819
861 1987
1513 1325
1140 618
36 2671
330 2189
782 471
1623 2575
1994 2977
631 2853
35 864
2444 863
850 1392
2779 961
317 2386
103 673
2524 709
684 2380
2496 783
364 159
2160 2436
817 15
2733 2425
1707 2497
2604 2088
779 1870
733 2741
1032 1865
290 1617
1917 338
424 667
1750 1696
2603 2780
1700 2758
1046 2370
2801 632
273 14
2997 2061
2864 2807
2090 1400
692 1631
2428 2618
1227 2021
1685 1752
1125 1067
1609 2674
60 910
2591 1110
2585 2971
2861 2280
1179 1449
1952 1521
450 918
2540 328
310 401
1544 1975
1082 2082
248 1362
2881 1251
2224 2499
754 1784
1340 1493
2328 2074
1106 1503
522 1637
167 1703
2596 959
1390 2967
915 2925
2384 2826
1420 1349
2411 1788
2265 1084
2229 923
904 2895
2137 545
325 578
237 1295
484 1397
1317 1854
485 922
2081 367
2314 2834
94 322
585 1669
1673 2690
1546 1372
2981 1300
2739 939
2206 1793
2400 1304
2822 2819
969 2750
407 960
1025 209
499 1697
891 1405
1086 368
1540 2249
1881 2617
2079 767
417 2204
2415 1002
1704 2842
2926 2470
42 366
40 2538
998 1188
607 1272
802 458
346 889
1311 1460
2866 1284
703 1134
400 2978
912 1623
777 2795
568 935
53 797
1464 1821
2803 947
770 1135
2573 258
598 2197
2567 2044
2433 2951
2840 1128
2903 2125
140 1377
1526 76
1077 1584
2734 2969
557 805
2894 2646
2953 2073
2670 782
175 104
1345 1102
2772 1498
1781 1404
127 438
87 1790
2836 1878
1405 1444
875 882
1985 304
2381 1988
1379 2716
2541 2429
767 2133
1652 177
2850 2888
84 1118
2227 2809
1831 2943
1277 1575
926 2599
2931 988
987 2774
2738 1025
2728 2963
1997 1771
2899 1457
570 574
1262 1351
789 933
2736 339
2659 1857
1374 1746
1663 718
2795 2636
1430 758
1712 1767
2364 2821
2865 1952
1269 762
1769 345
693 54
811 2707
1615 828
1065 2708
1486 2701
740 115
573 1517
1010 2146
937 932
2518 1314
1488 2143
77 2519
1213 1678
82 1239
2708 1279
2366 2859
2132 1785
905 2254
436 844
2470 809
2686 1105
282 616
1418 2397
2361 1375
1959 2760
1206 1257
258 2144
1249 2996
2279 1658
1350 2230
2107 1438
2517 305
2244 2894
135 1550
531 2709
143 1165
1493 1150
2042 2549
1903 2096
1852 1604
795 1534
2815 1652
659 529
2798 2118
239 451
1245 2861
2011 1144
401 1906
2693 1797
164 1126
2935 983
559 997
500 2239
2188 630
370 2930
1824 1087
2492 2782
2397 2000
2852 2156
1794 2379
321 1210
349 1000
352 102
2812 992
1563 1296
393 1120
1136 465
2211 1638
1442 2176
1633 1031
529 1265
360 2356
2025 2902
2150 2330
641 794
1067 2400
2570 1474
2592 1800
2248 1253
775 111
331 1424
673 887
1957 71
1055 1080
527 28
873 242
2452 2552
896 2165
1423 1775
220 1715
2595 1682
793 1420
232 32
2198 1511
1192 2148
608 1187
2776 1489
1501 1560
1755 1452
2258 2295
551 1086
943 2766
1417 1902
2251 298
1631 878
2209 1931
2848 2526
2564 2395
17 166
1805 2317
1455 1252
1342 847
1854 1996
1181 2427
1675 2775
1598 2541
471 2262
1459 363
2986 2100
2730 2571
2194 2225
1537 2344
2219 653
2521 2764
2120 2422
300 1921
1587 2052
899 2522
287 2869
2353 1158
2041 1866
882 2656
1796 2725
829 2805
948 1561
934 197
2743 2540
916 1442
999 1563
344 913
2515 1326
1799 1476
1241 2992
989 2878
152 2632
1318 1636
744 890
1725 1261
7 1016
2863 892
1610 1214
4 2691
2080 2706
2773 2935
1504 55
1306 2836
1650 1076
1693 1549
2752 801
1094 2922
340 2329
1034 2119
1942 1176
2872 1022
516 418
306 1799
2806 2154
2598 1885
790 609
86 2255
769 2654
423 1812
2606 1693
1004 447
2877 448
2363 1504
632 2278
112 619
762 1949
714 1220
2084 1010
735 1451
1235 1664
2386 311
2457 1644
1116 454
2768 2535
750 569
1074 787
1767 795
474 1346
1608 470
1251 1057
2456 2411
10 136
960 241
2921 1884
1059 1679
1240 1174
1355 2441
2794 303
2014 1659
2568 2882
2980 1889
780 2322
1372 1017
501 1578
318 1374
713 2637
2474 2749
835 664
1416 2313
266 2703
1757 2459
493 1542
2222 872
2140 2525
2704 1577
1378 643
743 507
2890 2975
1898 1473
463 629
1782 746
1577 684
1057 1972
614 141
209 2114
1873 1892
1876 607
1230 2076
2632 342
1421 1883
863 1236
1606 1292
1966 1443
1043 1810
2829 2291
1338 1981
1837 2855
153 1244
1445 75
781 142
1281 1603
2205 1905
1616 1061
2756 225
2994 1756
1554 802
2529 2223
930 2107
2234 288
296 2419
93 2222
454 350
2976 850
479 1565
2876 662
120 2743
241 2053
160 2886
2904 1950
1477 156
496 317
1803 1747
690 1337
1081 1796
725 155
1124 1665
2819 70
1923 903
416 1494
984 2098
1042 1409
879 128
388 495
2086 1104
1557 571
2333 1916
404 2443
742 64
730 2696
1674 1359
1995 2209
214 377
2610 1112
1162 617
1713 2663
182 2448
2896 17
381 1192
812 18
1383 1956
482 2138
355 2460
796 1471
387 781
2844 2149
2060 788
443 1177
2600 2516
634 243
1662 2240
1195 2005
2325 2246
439 2847
2906 2781
1559 1060
1761 196
1817 2651
2235 2523
1211 2327
2494 904
405 236
2718 865
1254 2759
1843 2693
221 244
921 2748
1522 2602
996 2196
1409 2017
824 1491
2635 2639
981 1401
457 1407
2241 657
495 2854
1403 779
799 1868
618 2326
1584 1417
834 2790
1120 611
2539 52
900 839
1668 2662
2480 374
753 700
1626 1035
2354 1657
2672 2672
867 1119
1212 1576
1033 1520
1788 2919
2005 2447
704 178
2811 112
2924 1532
389 2134
2376 394
80 2567
845 2069
1078 396
2937 1832
2954 356
1308 66
1099 1018
683 1776
2159 768
2945 1528
2652 1942
98 1728
1331 2424
1028 285
889 1225
2262 498
1432 790
2913 1042
260 2890
2425 2868
1629 2970
169 2216
2530 1467
2097 2180
549 1547
1661 991
856 2399
1118 2199
2714 577
972 1348
820 800
1575 1340
643 2450
1256 2620
2968 1366
1207 734
1492 989
2000 1518
1682 195
2020 1725
158 733
304 1945
2905 1317
1838 1994
2420 732
2936 2804
1443 2946
880 80
1000 1358
297 1687
378 2838
2536 2157
361 2837
1548 1953
2178 324
1974 2226
2100 861
667 1313
1127 2463
168 152
2114 81
1612 2682
2453 1342
2101 1271
2304 723
102 1173
1198 2818
2469 1175
791 1681
650 1203
2176 2644
1160 1263
448 1774
1199 1183
1389 962
2506 1551
615 1829
1996 2461
1218 1856
1756 604
1321 2731
2048 476
2689 1335
2590 273
2134 1704
2543 1490
1343 1662
2501 120
2813 548
1252 2383
230 2822
2589 818
1425 1059
2488 2020
211 2320
644 1505
1924 2987
72 1558
611 2843
2723 953
2141 2505
2330 300
595 1769
577 329
931 2381
1188 1834
2018 1137
1367 163
1677 2984
1834 421
995 2308
122 172
2028 543
1204 1478
1702 1290
532 77
2535 769
1363 2362
2371 645
2618 1634
741 2369
2629 635
2410 161
159 1967
2755 2153
546 467
2117 310
119 1285
579 719
2820 1250
2943 2170
2309 2442
200 1978
2508 2545
1467 1048
776 2578
1365 2730
2716 2884
1422 1745
2827 2363
1257 1004
1953 2331
1505 1166
2236 2274
2119 963
2156 502
418 761
2218 1106
509 1432
1185 229
1973 1941
2650 463
1050 2784
11 1888
591 2277
234 1197
1012 1023
1886 2997
368 283
458 2172
2436 2877
2538 2219
971 2142
2173 754
2874 1826
749 31
2531 1803
2513 2268
2061 2660
2287 174
1664 375
1659 1488
235 2431
686 490
292 2378
2177 2600
1351 2931
1721 837
2720 2530
2123 424
2957 2377
2918 2147
121 347
1643 766
2855 2528
2911 392
1642 140
1066 2700
2649 1171
1075 1562
2215 857
279 2754
1401 2002
58 1983
1382 2643
576 2124
2477 816
1495 1097
2908 1459
97 523
459 2684
434 2174
64 764
555 1970
997 810
1960 804
2601 1480
263 2788
2088 2150
1103 248
2276 346
1636 1111
2722 2835
441 1559
524 1685
2665 2779
142 1806
2504 1508
2396 1078
2312 563
2085 2715
587 955
2697 685
445 2655
768 1414
1823 977
194 1205
2200 824
2380 1426
1749 2306
1105 2279
594 2993
193 551
15 1194
946 1526
2663 2664
32 755
2393 2389
289 1628
69 487
1264 1984
320 2612
1630 765
2620 2342
671 1977
816 1168
181 327
270 1338
2930 705
1738 1066
771 1045
2116 415
1718 299
1705 1161
426 402
2112 1475
2263 2247
1645 275
1857 747
547 2777
2915 1738
1395 398
827 2724
1830 1226
2050 1310
1361 13
2597 1960
1003 2767
1948 1625
1848 2014
2181 2159
1457 1208
883 1643
2383 2616
645 1184
1538 2839
473 57
1635 791
253 65
1678 640
165 266
2972 1207
1874 1093
1869 1221
1435 222
1347 1373
822 147
1894 1125
2622 1303
1303 1136
1564 1356
2401 2102
2289 276
379 831
586 1871
637 2387
685 146
1517 1648
719 698
1131 2171
2695 1839
533 1224
2719 1098
2191 2121
299 1406
2446 711
1641 358
639 1720
1671 1330
55 2964
269 919
1187 1241
2909 376
1900 1040
2335 535
2486 2013
2072 1732
1514 1546
1087 1719
118 2947
431 2949
2835 1433
315 514
1202 335
2196 1113
1062 1698
887 2910
2875 2512
1473 1030
399 674
562 930
133 2872
2682 729
809 205
1294 2539
1566 1835
2599 2205
1244 1160
1535 2999
440 2105
2002 2292
991 701
99 987
1465 1323
895 27
2071 1677
2766 1998
1146 2405
2245 2409
1719 1712
1978 721
1248 393
316 517
676 2582
2901 1620
1519 2979
2940 1497
1510 2345
31 2753
204 508
945 1195
2661 332
2951 483
1471 554
154 1683
2243 555
1091 2310
2656 365
1951 1256
1487 1108
1307 2068
2024 2718
1745 516
2676 2669
2549 484
2929 2976
2389 628
2624 453
1698 1468
993 2652
1710 49
1573 1757
1190 1222
1224 2063
1937 1957
2886 1487
651 2661
2893 1791
1273 2015
783 519
2705 351
695 8
1634 951
1853 138
264 2732
196 2043
2617 1227
884 714
2166 1186
2885 834
2505 560
189 399
1683 1843
1931 1071
384 2354
2614 255
2331 213
402 1933
805 1339
1889 1139
1583 2603
2268 1354
1222 494
1926 1744
1229 2591
1283 2191
1134 564
722 730
2184 2554
2359 846
243 2914
2674 86
715 2296
1780 825
113 2417
2711 1875
1452 908
939 2011
1326 292
2417 906
2709 187
1411 2704
672 873
1729 1388
2919 2798
382 2564
1691 875
2696 379
1458 1353
977 1412
965 7
466 199
732 2817
974 1782
324 572
461 267
2497 2382
584 2438
815 1395
1695 362
1515 722
139 2228
272 2598
2412 2302
2759 435
1040 206
2830 2905
249 2504
1676 444
1092 2008
543 2282
612 478
2369 594
257 1778
2760 2116
808 1116
2700 2445
675 246
1098 296
403 1247
1148 235
2458 1716
233 423
837 1869
1752 591
711 30
691 162
1762 1991
2526 261
1170 943
328 181
2500 660
2569 371
2104 2871
1899 1495
1618 361
1478 1841
1976 581
566 2385
688 2496
1506 1867
1605 369
216 2179
869 446
1596 2232
298 2547
2233 2201
1699 2336
1681 1315
13 771
814 736
1947 2937
2503 1109
1902 139
1261 2685
662 819
1620 83
2581 2641
68 2537
39 430
933 1999
723 1293
2212 2139
2484 949
786 774
2149 1181
2013 2132
2713 2059
2791 1402
1019 1450
1272 1329
1943 2653
1692 835
2168 2025
597 3
2106 1033
2784 370
2491 1415
515 2324
2927 2136
2404 509
1349 1390
810 428
177 2368
2092 1318
1472 488
2544 1486
649 2604
2065 1260
2203 309
798 2390
2155 1190
1734 776
913 431
1981 1571
1468 157
1259 513
1438 1925
1748 422
2867 357
18 693
763 1918
1842 2455
1007 2557
571 2276
656 265
1039 894
2692 1235
322 36
333 295
477 116
890 297
1375 2414
372 123
229 2983
2221 1129
350 2108
2992 2476
1809 1101
45 224
2398 613
2055 2457
2808 1813
778 1861
2402 1081
1002 9
1594 1477
2407 565
1744 2087
2984 1130
2879 1552
986 2828
1946 2078
1993 2341
2612 1959
2029 1291
2645 1500
2435 2164
2019 2207
1603 557
2021 2737
1138 1053
1214 2367
319 1700
341 2899
2195 1522
1746 1245
526 1876
2777 1890
278 586
1813 492
1205 1367
261 2955
2448 1666
2246 2548
1130 2863
116 2323
838 1567
12 2039
2594 2768
1152 539
254 2218
772 2285
818 1598
2347 740
2882 2873
1604 461
1133 2596
2851 929
2253 132
578 2648
1234 1651
886 567
2750 2823
2706 603
61 996
1928 144
2280 1611
2066 1352
2228 68
1585 95
183 2592
2202 550
2305 1089
2044 1077
1097 1955
1096 2857
1576 814
2655 2587
1095 1301
1255 757
1875 1671
1887 2747
309 2687
872 457
2611 2515
2260 1124
207 806
147 973
806 833
2193 2683
2608 1274
1733 1612
1602 1070
2842 1777
1812 915
397 234
2394 124
1646 337
2111 1454
2625 452
1215 1686
876 2259
1825 748
1137 2434
1741 1783
1724 697
935 23
2438 1761
475 416
1785 2418
1829 2609
1628 400
111 348
1357 2298
1918 2968
2208 2227
962 491
1651 2745
27 2791
208 2676
144 2435
354 974
620 2085
901 1324
2561 1830
2932 2909
992 2318
747 1733
1727 2376
2207 426
951 1509
210 2647
2093 1238
157 290
2934 1851
2551 1028
1839 518
141 133
293 1825
161 2269
1063 993
1863 726
1717 2054
2873 1914
2078 1904
2295 78
938 1872
1166 562
2900 2188
1804 1163
1366 2658
773 1780
694 1201
1715 1200
910 952
488 2536
517 676
2793 2786
1083 2421
145 2486
2339 129
1941 2110
540 2256
1670 1962
1739 772
301 1951
1371 1264
2688 1692
2554 2359
893 2453
2983 1596
1819 412
2884 1781
2958 728
71 325
2348 2833
1915 425
1196 2264
188 2846
1088 2752
821 2572
1964 2238
706 968
2416 2487
2923 1036
2912 1249
1589 2070
1169 1198
1015 621
2878 2667
396 1182
1934 37
1572 1147
1334 1927
252 1302
2046 2879
2578 2113
1801 1708
2780 1608
2282 1434
2962 2433
958 2934
1907 1364
2509 1837
866 1209
2043 62
497 1964
246 1545
622 1482
1828 798
21 1583
1242 1958
240 576
1052 2601
1258 1038
2742 1463
1552 2481
592 1737
2210 330
2424 1579
1533 1855
2527 198
545 1276
2681 957
1323 2633
922 2290
1073 1893
2283 2740
1511 2719
1178 1015
2657 1838
2016 106
2547 1808
238 2670
420 2155
1890 2904
303 2126
961 2058
1009 2900
1679 2507
636 2728
2003 2423
2938 1831
215 694
2306 532
712 2484
78 2394
2555 945
660 2911
2490 217
982 46
2947 316
2818 2553
2703 158
677 2304
721 2272
92 2444
2431 1262
2702 464
174 2337
1666 1930
1895 390
2151 2261
1470 1995
412 2958
1751 473
2372 678
2070 2796
698 2257
2519 937
2542 727
1936 2794
2271 29
89 2480
2710 821
2316 1811
560 1850
1135 702
2118 1441
2180 2858
1439 24
2355 210
2680 263
2961 680
1570 2585
1182 2595
854 468
2217 1281
2299 2183
1508 1083
784 2916
2868 1663
1672 784
1882 1842
1128 2235
1568 384
959 2111
574 2518
498 688
2647 4
925 2217
67 1718
130 2806
332 2360
2083 2202
2891 1344
709 378
1016 1172
1494 186
335 1820
2296 436
801 1212
1210 2281
1871 1103
2089 1334
1621 237
666 541
565 2831
2297 928
2495 2845
853 1525
2274 2960
1958 867
146 1312
46 240
1558 537
589 149
1541 2508
1860 1913
689 780
1970 2048
1648 264
2142 183
70 2488
2185 1770
1878 1807
1649 914
2883 1185
2520 1572
1747 268
65 1512
2419 589
2307 1519
2465 2862
268 2187
2971 2371
1184 1647
1112 2738
2133 1661
449 2898
1687 2626
1336 1501
2418 249
1462 439
1020 2198
1998 2097
1906 1717
195 67
108 1748
2942 2321
2499 2897
1175 1009
2550 752
2122 1393
2641 1231
311 2610
91 786
1153 2543
599 871
2786 601
563 1258
839 1660
1711 58
917 121
1528 340
642 2680
759 1690
907 820
2023 2072
2959 318
2534 1699
136 1051
435 1141
106 1
1328 1859
2187 663
1388 1043
305 2762
647 2018
1113 1713
701 262
2579 855
377 2152
1026 912
1044 1619
1141 1586
1237 1289
2139 885
1085 1218
1424 343
1624 2141
1520 1215
852 1908
2225 2023
1407 1887
606 1750
1291 2392
2993 744
359 1341
1426 956
2895 2982
1006 2686
619 500
572 2364
1461 2586
2103 1091
1686 686
162 2243
1018 2301
150 1146
2847 2608
794 2619
2685 580
1286 1385
2858 2303
1344 2340
166 1237
1690 82
542 986
1381 1749
1431 648
1451 433
1376 901
552 2624
2765 2200
1123 1709
1203 1316
859 45
2350 2589
2471 41
1703 1530
2174 598
1110 1430
1579 320
678 2965
505 739
34 2
502 2233
2447 190
1865 2953
442 450
1818 125
206 2527
1265 1587
286 2550
1274 1063
1454 108
1370 1533
2668 1907
581 474
2849 965
1290 1531
2732 1582
1627 2773
1155 1095
928 1121
1448 2192
1406 192
906 44
2751 2175
888 1592
2190 1361
225 1833
2073 853
1463 413
985 443
1398 397
2045 469
2725 1714
1008 506
2758 2856
2128 1191
285 2135
2748 710
2445 2469
478 1588
2787 2563
2033 2428
752 2009
376 2820
2049 2056
1491 2471
929 1270
1060 2566
2764 1649
1263 2974
2442 1986
59 2865
1174 1852
1266 1014
2821 1919
2691 1556
2687 1199
1310 1680
1089 1298
1965 2498
23 185
1209 596
385 1336
2583 280
1163 118
267 427
1453 127
2807 1099
700 2692
1216 970
1412 2439
1107 1092
205 942
37 2870
2170 2241
2113 69
1193 1090
2017 944
313 151
57 2917
1709 533
1551 880
1697 522
544 1523
1888 1898
2427 1573
1177 1724
1855 1585
2163 530
2390 1152
2571 636
610 385
2121 1707
2762 1760
745 1691
1236 1926
2735 699
308 1936
1547 1371
2340 2811
2001 905
1239 1204
409 696
2493 105
213 2962
2230 1320
1267 588
1654 150
2660 1328
1773 2120
1348 182
2239 2297
2062 1605
2075 1294
2293 2810
1580 1513
85 466
537 226
1054 1034
467 2827
22 1802
504 417
1914 2117
1770 2182
1920 1915
950 1581
2057 579
231 2019
2058 2193
365 114
2792 1266
2318 333
464 540
2767 19
2351 2755
172 1723
185 1923
1539 2849
2684 1408
66 334
2270 2721
1414 2832
2675 1706
5 1020
828 2266
2574 704
2523 1818
1021 1021
481 51
670 1614
963 21
1058 753
3 822
1543 2792
219 966
2637 92
1669 477
2352 2319
567 1058
2857 2555
1593 950
1820 1911
202 10
1530 1140
2320 1758
2298 2086
2683 1899
2482 137
56 921
2814 2562
1962 2520
1901 1376
2460 2986
2678 836
2035 642
9 677
716 587
2034 2568
2344 2956
2247 2062
2231 1157
1742 1001
758 511
51 493
148 1629
2839 2494
2630 895
1292 1196
2285 460
2644 2038
2853 542
1921 2307
877 2628
173 713
2982 1217
1655 103
1165 2727
1386 2584
2466 515
171 1383
1910 180
2051 553
429 2366
1772 395
1858 1548
2841 654
2027 1065
1856 2036
2744 593
1867 1621
2237 79
748 194
2311 2803
2126 1640
1352 254
180 2237
2052 2089
1954 1673
2232 1007
2479 2995
881 2077
621 659
2628 2765
1529 1982
1613 547
2753 920
911 2456
2481 916
2326 1896
2771 1940
539 2634
1754 2167
2837 2615
2769 2529
1460 1268
1456 479
1701 671
1268 2173
1280 2926
1441 475
2677 2613
727 1418
2715 2416
2009 760
41 260
163 526
1393 2033
2455 672
2249 2451
2144 432
486 2929
1574 411
1592 999
2378 940
2032 2502
2475 2185
2783 2640
2076 2467
1735 803
2729 282
1070 2954
2131 2403
1275 50
682 2275
1896 1726
2130 497
1232 87
1640 2221
1862 2607
1840 1305
1373 1753
1637 2109
1208 94
491 1667
2816 1413
2429 2112
1737 2783
156 188
2892 168
2788 1005
2664 1763
1194 1056
1930 1216
1656 2885
2939 2945
1786 472
2165 793
755 884
1844 1288
176 1740
1723 843
1171 1369
1446 1787
1038 2339
1859 1363
2576 2733
1716 1153
339 382
245 521
1764 2705
302 232
2948 2770
1399 2736
902 2003
155 2933
738 2912
414 909
2562 2012
2860 204
2468 2941
1498 681
523 2458
494 2851
1989 1332
1330 1961
451 2325
2667 2300
8 326
554 193
2357 2348
2790 1798
1992 12
2609 2816
2127 1568
398 998
2701 312
2845 1538
1802 1510
259 301
1688 1387
151 1399
2584 1882
892 1427
2138 1593
1591 1308
966 549
1045 2694
652 2129
1298 742
16 1828
1122 109
468 658
334 1694
2965 1041
629 90
1404 34
1071 1779
1061 410
1714 405
2110 738
1302 2918
2607 314
2158 1711
2987 815
1333 881
2413 2079
1883 1989
430 1472
125 2906
2870 2212
2563 214
2039 2398
1980 2892
1545 1350
590 53
2638 2742
1562 2950
2096 189
1377 869
2582 360
1777 1814
2077 2614
2615 2454
1485 2478
2037 1470
1680 2940
1480 926
871 1046
705 22
1753 201
2485 750
1161 302
2613 1543
2880 925
1565 2042
1708 2577
1380 1169
2560 2574
1250 879
1955 1142
1512 200
525 1632
2950 2729
358 1937
432 2355
964 381
1392 907
198 1917
1101 2756
2374 811
73 38
846 1499
1658 1484
274 1331
2990 785
2871 1162
247 98
2204 637
2015 2509
2317 2757
761 1143
2238 1862
1440 994
556 1909
1736 407
2967 212
813 1026
2290 1626
561 2893
1847 2465
75 96
2666 608
1397 877
655 1138
718 2022
2338 546
1807 2593
1285 941
203 1107
2056 1189
2833 1243
2712 1602
1036 1570
367 2734
602 620
1945 2206
870 2334
990 286
726 975
2862 489
2272 1836
534 1446
831 1920
2473 1219
2186 1062
720 2891
1115 1278
2514 2475
2094 2352
1518 1074
2487 946
2432 1049
800 277
550 1529
2183 1297
2572 1939
1864 1047
2414 2864
609 1013
765 1730
178 2407
1532 2093
2068 2542
1051 429
1217 2160
1353 2384
2277 1052
1599 1566
2747 1506
199 1423
1808 1553
244 1479
1243 2761
1391 651
1797 386
2346 1789
665 1206
1586 2402
710 1606
1030 948
1223 250
2970 1557
2804 1280
255 595
2746 599
62 306
2975 1382
2434 1269
2284 2939
2387 1275
1841 2388
124 1123
1614 25
653 257
2552 2106
803 389
2464 380
128 1357
2172 2347
1771 2024
1961 958
1975 1255
1346 2985
980 1307
514 544
903 670
2266 173
455 2952
137 1496
1287 505
1225 2989
1619 2316
2069 2090
338 1082
1159 2840
2749 1622
1730 1322
2533 1903
28 2426
1143 97
357 990
191 2335
923 2544
2105 972
2489 2351
1833 2860
291 1773
1156 2581
1776 462
1884 1540
1270 2559
392 1615
654 1012
1 558
860 2251
1822 485
1329 568
2322 852
2809 2034
1521 2248
1590 176
1919 1133
2796 2016
323 1006
492 1705
2365 1765
508 2625
1868 2681
855 455
343 2166
1601 1894
1938 191
2242 2178
2545 1846
787 2981
1706 626
2252 1849
2516 2315
2679 1929
2291 745
2171 1485
218 1924
1759 284
1763 1539
2731 391
553 2938
746 703
1109 2452
868 2267
2593 1979
2286 2695
970 459
1909 2190
2778 2289
2273 153
593 308
640 2349
2690 1282
988 1094
427 2966
1810 1024
104 2047
2313 1075
2671 117
1200 1948
600 2560
1972 2489
38 2551
2626 2789
696 233
1027 2605
2897 773
512 1008
2907 16
2662 520
836 1721
2559 1259
2985 2506
2565 2057
2797 1873
819 1170
2007 1742
1977 228
490 2372
1815 1897
2802 1881
487 605
107 2265
1219 2094
1524 2998
2370 1154
83 352
2379 2722
411 862
14 2211
894 48
2403 675
1356 848
1231 486
1925 2907
841 2130
2799 2479
2409 2611
212 2127
1312 134
580 856
1396 1734
2360 868
1150 2040
2643 2799
2323 1928
223 1844
596 2213
421 1286
2944 528
1017 2573
804 1535
1293 2081
1956 2035
462 627
2157 1739
100 2151
2785 499
2341 2055
2977 143
506 1445
968 336
2036 2236
242 1230
2451 538
1999 2464
1339 2492
1024 1735
708 2231
1525 1655
2223 2214
2145 2739
1482 2815
699 239
1037 976
1080 2244
764 2576
2182 1425
2125 792
1502 11
366 615
428 2158
2255 566
294 2309
2973 89
2553 1973
1932 1954
1653 2924
1536 2333
1158 1642
1278 2908
1885 2961
