3500 7500
3042 464
3428 1702
378 2653
3044 527
319 2962
420 1537
2494 2743
3419 433
2351 3233
3085 2411
1111 2776
3478 1469
2315 3409
2203 342
2612 2593
2099 3166
731 3215
2073 565
2507 1073
1311 36
3445 1682
3198 854
2675 122
1804 734
691 341
332 1527
2221 1077
3091 3302
1816 1180
2912 2208
2687 2666
264 2598
1356 1645
1072 1371
2082 879
784 281
1327 1101
3328 2773
2784 1657
2144 2200
89 2881
202 500
838 2304
808 820
2867 71
2044 97
2175 2705
1734 90
2164 794
328 2586
2479 2253
1953 1641
1273 1135
2752 905
584 695
955 2394
3024 457
108 896
3416 2427
28 2800
1295 2754
2165 1687
890 305
2373 3130
2688 2860
386 2154
1279 1946
1419 1485
2937 2537
604 2024
1318 225
1909 2092
2491 452
520 548
564 3421
1664 297
944 476
390 3386
1292 1247
3254 2400
1387 3352
758 3385
1201 277
2062 825
2708 404
359 517
853 1445
798 1100
1239 1294
2033 1521
1093 2091
2623 1197
255 884
3458 2959
543 2712
840 2332
3182 1245
1241 2597
1527 2897
3284 2006
44 946
243 3208
1827 1379
1198 748
1541 1145
781 2589
1245 2978
1539 2756
2412 2759
2713 2867
3022 451
1181 945
3209 596
1065 3363
2298 859
893 470
1744 1286
69 249
2079 3399
2074 1340
682 2116
449 263
2768 708
649 2224
5 1905
1330 1069
3250 1536
1610 594
1394 702
3108 1500
2374 2124
1153 3148
2163 890
1280 1547
2568 312
737 3412
1142 2614
1417 2262
3017 142
3025 2720
1039 1774
545 160
1621 3064
3289 1144
1899 110
2970 37
617 2316
597 592
1729 1446
803 3081
1548 1455
3281 461
1687 165
2104 3368
593 1224
2850 1995
215 1725
3337 2343
759 2216
1768 2034
2214 2750
1711 917
436 2656
1656 43
768 2102
393 1011
1979 2462
933 1314
2582 1729
1287 3175
2993 3333
2010 2066
750 2745
2422 1913
82 1614
2341 1206
2501 1218
1678 1912
34 127
1850 2727
2148 315
2643 158
3302 560
2557 688
2502 1479
1667 976
2265 615
3326 337
2457 1578
2173 2228
2413 243
2982 41
338 1923
2195 3396
1199 3062
261 3109
2277 2735
158 2634
1987 8
1466 1015
379 316
2955 2986
1219 597
3493 1836
72 1219
2818 3203
1893 2604
2417 809
2484 2613
807 3342
1554 2831
3054 3037
1773 2931
3032 1997
2843 1221
1164 1075
374 3440
813 630
2735 3143
1811 2573
259 2072
3072 2132
1765 2561
2785 1385
783 2640
1691 7
2083 3442
2512 1438
2235 2676
2197 1847
162 2016
12 2502
3341 2814
2916 3328
928 712
3483 2149
186 602
444 188
2563 1870
1968 1757
721 2520
2254 1540
392 3057
2133 1582
2014 861
166 1877
2309 465
3301 1365
2725 1827
2547 2555
1062 2608
661 2349
2542 1076
2356 1114
2262 1945
2960 25
1253 1201
1940 2393
2519 1476
2515 979
2901 3140
3498 797
1214 58
846 2477
2996 3390
1383 31
3036 2824
1166 1063
2076 2352
3422 1572
2526 2233
2977 1348
985 13
3489 536
3406 3387
447 827
131 1230
1936 761
3062 427
2201 2071
3143 1970
2584 1824
1823 620
2950 2763
76 940
1817 977
1524 628
716 2833
1088 2809
539 2619
1290 168
2593 45
2106 46
1741 173
1500 2861
1343 2407
159 1308
3480 1947
3020 568
3432 2446
873 1336
1122 2434
664 3370
3097 3107
399 1037
2418 2018
2213 1555
851 2417
1828 2223
115 400
2492 2747
2288 937
1784 3076
2067 2294
2652 2753
1082 3237
433 2605
1616 1736
3485 2321
217 2868
988 2258
1358 1949
3237 2505
2984 2276
1467 803
1843 2387
3210 2193
968 1897
62 2683
481 2924
1412 2690
926 2312
2597 3169
94 887
3160 1685
2747 2231
3103 2584
1967 304
2963 2543
400 2139
3177 1165
113 948
2048 3367
2032 1471
1187 1758
1352 1759
2642 52
1719 105
2852 2141
2699 172
1962 211
1870 3308
1960 2552
3170 44
1224 1567
3030 358
1351 2818
250 3411
3251 544
2055 2581
1739 2647
3058 531
2299 728
3491 1982
1143 171
2940 1007
916 1433
475 1563
2967 2277
3377 499
2572 2176
230 2575
489 176
179 920
551 14
3492 111
375 471
938 872
2857 178
1972 2954
2011 1129
3320 4
1017 828
2013 978
1919 1200
806 2033
3373 2011
2879 3227
462 2969
2693 1373
700 381
3400 2194
2043 572
574 3199
2870 456
1974 2329
1890 38
3246 1585
2236 720
3197 2909
1148 2412
2087 91
1865 2275
1012 1252
3387 2203
2364 2080
1927 1857
3371 2506
1920 30
1168 1843
1984 1277
458 2356
828 1270
1444 2918
61 539
132 1053
3457 133
1802 1185
16 3270
1340 5
2837 1038
1360 1865
266 238
683 1347
1751 1372
2194 3301
2425 50
1178 1694
1132 2729
1509 1239
2646 569
422 1157
1578 3250
1661 1793
2758 55
1971 2878
1814 520
371 3345
3399 3471
1371 1216
1659 2166
1188 2885
2842 2890
1326 2925
755 660
2305 856
2250 1288
2740 1223
906 3361
1392 2515
1902 343
1457 3153
782 2173
511 206
1420 1249
2805 477
1096 3319
2715 903
1207 3054
382 849
2540 831
1832 757
1173 1863
3306 251
788 3239
3408 867
3106 1602
2249 1394
2895 2611
3137 1248
2907 2938
1427 3067
2230 380
165 954
2157 2722
2968 1583
3070 2905
742 112
3433 3325
1577 3348
1884 325
2171 2609
257 2260
2184 3248
2442 955
3186 2042
1077 2409
976 1375
370 3254
254 3480
606 525
385 621
2256 1198
918 2949
2802 3397
405 164
728 2000
1841 3091
85 555
3407 3072
2354 2790
1227 1969
2137 10
2717 2916
231 966
169 2164
1622 255
1443 814
2662 3059
1774 1202
1764 3086
1742 141
3490 2241
149 3056
312 823
129 203
2499 947
2807 1082
3045 1331
875 2478
1794 109
3411 1499
206 782
2941 1255
1121 2508
2595 3475
154 3011
237 818
3444 19
2602 3453
2561 3293
3244 1353
1036 2353
1839 1376
2185 664
2018 82
581 724
1568 2849
509 2935
1133 1139
965 1874
24 2526
3176 1391
2922 1350
118 329
3222 3229
2482 2603
2239 2144
904 18
80 2054
1830 2602
2303 1031
58 2926
3404 3496
1221 2418
1932 864
2637 1262
1024 1604
1144 2855
263 2484
1544 2554
1004 2955
2488 303
1849 2369
2981 2879
2452 1325
513 894
2238 1310
2000 1265
2021 694
654 2620
417 1327
3271 552
142 2560
36 383
1139 933
1447 2930
84 599
2909 2133
1671 550
830 279
1930 3284
3063 2391
2958 3158
1497 2932
2369 2556
2668 1033
3351 1231
1795 1692
1169 1753
1589 817
426 480
2767 3315
388 3457
1776 2789
680 1503
1847 1619
1046 1618
2012 1415
2952 3131
761 718
2176 2450
326 796
398 2498
3260 2435
820 927
381 3447
1376 771
2889 386
843 2927
50 27
718 636
914 3240
3488 1800
3223 1369
2009 1425
491 2894
249 2893
1781 739
1837 284
1298 1518
2154 2494
391 2040
1519 248
2436 367
2809 3338
1657 693
2736 3160
2791 1834
1959 1805
1357 2148
188 1364
38 3294
2304 2551
3487 196
3153 2264
937 570
1058 3224
895 1708
3193 2467
796 1732
528 3439
958 930
3412 370
1485 1299
714 1427
121 154
1285 3024
864 1396
2015 64
2975 1459
3133 3418
2971 3242
3158 2205
397 3423
3168 3286
168 12
815 542
2387 1633
2441 1767
2763 2363
2508 1061
1916 1172
1421 3384
2793 668
1690 491
595 3275
3187 698
1689 1849
1395 1060
1565 1275
1569 1122
2665 1523
1009 1715
3261 563
612 3209
2704 2157
1942 3035
3259 1333
2860 1398
1 549
1453 1722
3048 373
2255 1335
2998 2592
3171 3365
2701 3238
503 888
2466 1541
1907 575
862 309
585 1623
2189 1688
364 627
1059 2465
957 3078
2923 790
693 678
416 1107
1069 1552
1189 1341
207 254
719 421
225 2579
2989 392
2513 101
1016 2093
1780 2298
717 705
1385 1899
1022 2646
2240 914
3374 1701
33 2067
1640 2111
2234 3481
2566 2492
368 2432
1708 3322
866 212
635 198
1758 964
2463 3048
2705 2186
744 65
3227 3324
3439 1326
3447 949
2754 2651
3094 1543
2470 511
522 699
2734 2169
1128 230
1750 515
1536 3295
1594 494
2212 2336
1161 2859
3065 973
991 2430
2562 2202
2291 1591
2061 95
3243 1074
1240 412
2836 1535
756 1003
2063 3258
3129 2591
1800 424
3253 1795
2669 2466
3474 2451
3311 1559
90 1788
1146 1973
1260 2884
2959 330
2622 2350
1728 3043
2477 1406
1677 877
1926 3491
1135 1680
351 1492
2558 2175
2875 2681
994 974
1368 495
1469 48
521 2542
894 2780
3098 3135
671 3360
1917 321
3104 2617
3287 622
3164 2840
3468 722
1220 3051
3111 3061
1882 3456
3087 3241
3266 1158
2182 1002
2126 1622
849 1184
663 2401
350 413
777 1005
1970 865
559 475
2378 756
2801 1861
544 2311
1738 2184
1941 3389
2034 700
3469 729
779 137
972 195
2330 1066
2050 1724
732 587
660 2914
1151 1004
203 2273
833 219
1855 347
213 3355
1891 1832
3403 3116
3002 2373
2403 626
1445 2862
2601 1222
2702 3119
1829 2821
2820 2278
2985 318
83 667
1921 2335
1014 876
3124 970
1068 2559
161 3110
1355 2408
2243 1306
3338 485
1881 403
110 210
3099 1569
2938 2269
967 2441
1753 3257
3126 1772
305 3464
891 3100
2311 2461
2564 1163
1303 1411
1938 1887
2287 2633
2391 2770
384 514
2624 2541
529 2844
201 3313
2930 2188
1580 1651
164 2643
1799 282
2124 1432
3241 804
3067 1813
2899 202
198 2388
194 522
219 3489
1367 2301
2357 92
2764 492
2036 2826
1206 1388
274 2372
3069 1267
1576 1819
2919 505
1933 1850
1880 2600
2738 1362
1646 1928
2019 2798
3423 2357
1085 1030
1632 2707
6 2825
1344 1890
1250 1565
2949 3467
878 2518
3327 228
155 899
3298 2063
432 963
825 3040
872 2764
2451 2961
2733 2310
1759 3279
1435 1934
1441 1714
856 2497
1997 2784
2392 1177
2432 3316
492 2815
892 2480
3310 998
280 2179
2780 3470
297 275
60 2583
505 766
740 3134
817 2355
2537 3049
2933 2671
3226 2852
1487 2229
446 1803
1735 892
3297 2577
766 3156
2788 1910
2174 1317
1642 2657
3211 2873
2180 3090
1191 2247
672 600
2648 1876
276 1855
289 2025
912 102
945 2151
1590 2761
1091 1454
1431 3088
1418 1749
2268 2968
3228 2481
1289 3298
355 3253
1384 3104
1097 3264
3405 3066
2025 2386
789 3019
3195 1405
686 3073
360 2994
633 454
557 1475
1001 3235
2307 1382
284 3218
1652 497
743 2150
2064 331
199 3341
1954 3407
1526 2685
553 3154
48 2449
2371 2726
1429 2396
791 2117
2071 682
2471 1560
10 3477
2685 2319
924 3138
565 2530
1873 523
320 1671
1370 1974
2604 1097
2719 1188
2979 1963
1332 516
2957 2346
3100 2838
2559 2769
578 2580
1618 834
2318 1838
3367 2621
2312 1020
2325 2740
1336 1363
2739 1035
1779 2021
2651 723
685 2299
2465 893
573 1236
2806 3483
537 1927
3441 3379
262 344
1315 3095
2649 915
2838 2943
2328 1240
2389 916
1906 3181
1819 1138
1222 1339
435 1531
1043 1807
68 3189
478 2108
3430 2648
1934 2330
2170 54
1157 3305
2904 633
1666 2997
451 2529
2969 1337
2638 1416
3134 352
78 2513
1251 2235
3331 2358
668 2468
1584 2622
220 2160
2808 2198
1293 2853
688 2211
3248 1673
973 1276
684 3005
2427 519
197 267
3421 3344
1826 2596
111 1771
3258 323
1995 669
1458 335
2707 2538
268 789
1382 469
605 2028
1023 1070
2433 2062
729 3406
776 1922
3353 3193
315 1303
953 3410
2874 1400
2393 1022
747 2104
2625 1630
2811 1621
1015 245
2368 2039
3141 3268
541 1573
795 2431
506 679
642 1148
501 1338
285 3459
555 2528
3089 652
1649 1683
2804 2522
1822 2249
2853 449
715 838
2897 1091
1982 2297
3455 880
2359 924
1715 1254
3335 512
876 2846
951 81
1836 726
2308 1741
1081 3190
2844 2238
3293 1662
1269 537
1000 179
1075 2
884 1359
1029 444
321 216
837 2106
337 289
377 588
2576 2291
630 1605
2297 269
1329 2990
3230 2813
1404 2783
67 1080
3088 155
2337 2616
634 1544
2511 2314
1031 2318
709 3206
3034 891
1630 22
2424 3251
2450 3211
2426 579
1439 2516
2161 285
1697 3317
1244 3400
571 266
2594 2953
2858 3343
495 256
467 1548
2832 545
2589 2306
1323 826
1230 2736
679 2413
899 1128
1255 1210
1655 199
1900 3083
1074 174
1634 1226
2388 2295
1402 308
2112 40
307 1464
2948 375
2881 1440
1424 2628
15 881
236 2900
3410 2737
2926 1659
1648 2305
1863 885
549 104
2841 3357
3139 969
3040 205
3233 657
1291 2482
3280 2384
3263 1242
2697 2771
1158 2367
733 131
1459 2746
3125 935
1008 1199
2596 1620
706 911
3270 108
3321 1319
1631 1361
2964 651
2103 2469
1204 843
1448 2820
678 1467
2927 1903
2455 2147
2160 1104
1866 1904
526 2097
1685 2182
1754 2500
723 2215
2966 57
2627 2014
125 1713
1572 993
3295 1716
1868 2230
2186 3413
746 2337
2059 2123
655 2347
1743 2043
2578 3159
658 16
3112 3244
3109 1220
172 2292
1879 919
2822 1675
1532 2282
567 85
3181 411
920 1577
1668 472
2192 2189
3130 3084
3147 1049
524 650
1299 2001
1700 521
2536 3031
1961 2882
956 755
665 3177
1796 793
1032 2354
2420 2252
628 1984
2571 3452
2232 1505
238 999
1683 2937
2347 3033
1763 300
2928 981
1929 1358
1980 1653
3252 1839
3282 2007
2658 807
596 683
1397 1040
2281 3201
2718 925
1918 2416
504 869
947 1891
2110 2313
3029 2207
3035 1528
839 1595
827 3377
1762 209
3206 2444
1436 1828
510 1791
2095 3314
222 624
1808 3200
2906 1700
1156 1162
917 3128
2394 2456
1885 1628
3382 1380
229 1472
437 2911
3060 3050
150 2457
1733 2795
631 2177
656 242
1949 103
1952 1773
2100 3234
1423 1068
2607 1034
2130 2797
3300 3431
2660 3359
2667 2206
74 2946
1476 2921
934 2652
2290 855
171 703
55 235
457 2259
1557 2675
1261 1786
362 3105
821 2172
1498 3185
1040 3420
1732 1302
487 161
2486 1208
687 1408
2352 2976
32 2334
2116 78
3189 2514
3165 2485
3202 2190
1115 436
1463 1615
2525 1401
3348 2940
1140 3042
2469 299
1559 2302
1698 3247
1493 1322
2289 1968
800 2891
1389 3375
1324 2533
2029 2283
704 3145
3486 1321
2349 742
2859 2342
984 1648
2976 214
2495 1663
971 2901
210 224
3317 2470
2546 1779
3166 3443
1197 775
3431 340
2573 1802
439 2045
2058 2856
1771 1017
3083 646
1851 3180
2274 851
592 439
2202 2052
182 1574
566 2464
1391 384
87 2495
1977 3243
3398 389
3497 508
2323 1735
3219 319
75 701
66 1211
1473 868
1301 1334
3096 3373
2086 504
1547 778
689 2899
2885 609
1812 2822
1341 332
623 3427
638 1669
102 1643
2781 801
1701 1496
3123 1867
1505 2315
500 1140
881 1613
2943 1524
1454 2454
2741 116
2753 1421
2846 926
282 1785
124 1146
2888 1532
1573 1435
488 1911
2995 223
1034 1750
1518 2876
1567 580
829 3380
2384 1025
2448 2142
975 348
1079 1315
1752 582
792 2118
2591 3044
1246 3007
148 984
43 1792
1362 1677
1170 972
1598 1103
659 1013
3128 1237
1274 659
1002 1281
2115 2569
1614 2964
1871 533
2848 2196
1137 2854
2128 152
2676 2670
1202 3404
2088 2694
3218 1755
594 2803
695 2285
2616 2793
3460 2697
1481 440
3146 1131
2990 1045
1052 2948
2129 402
1056 1920
336 2325
1911 3014
1365 1704
2066 764
419 1430
2113 1873
294 3393
3459 257
11 3478
327 765
1388 1156
657 1127
2038 889
2679 1392
3323 2799
299 2376
2629 725
969 680
139 931
643 1043
2440 1589
3043 1295
921 2680
3132 1809
497 1576
1346 1884
662 559
1479 3219
1131 882
1217 3351
2997 1410
2319 396
1915 1426
624 2850
2179 1991
1265 1515
493 921
3312 401
979 1352
2560 3376
2246 770
466 118
1042 852
2673 2992
3157 1525
1094 1564
852 3124
2994 1167
2570 117
2797 2693
2590 987
2476 1343
730 1816
641 1429
2225 3461
2187 1186
1021 2008
1688 2345
2552 1549
3074 1600
3079 296
2024 1958
562 354
57 3012
1019 1566
278 1328
3344 1936
135 1407
2580 1575
411 598
480 391
599 3310
2377 197
20 1961
1529 938
1563 501
1411 250
3465 2527
1993 2048
2423 1047
2732 1823
1914 2095
1534 2005
1225 189
699 2452
1718 799
3443 1596
1252 1441
3007 418
2845 3495
2098 1470
117 2512
1078 3493
204 795
1643 2212
334 719
3357 3458
2107 3312
902 1420
151 1273
1604 2975
208 3450
37 51
530 3198
1597 2548
652 346
2585 294
3051 3023
2446 1195
865 1712
998 2459
2473 307
1894 3230
2514 1370
1354 3111
140 1480
610 2663
2553 2397
2827 2738
2302 1238
189 2251
3363 612
538 2094
1682 1439
2458 1609
3049 61
423 1812
2987 2044
51 2504
1516 1776
1378 434
2551 2971
2220 1473
508 2661
1507 1869
1018 119
858 840
3342 2531
961 276
1319 3262
1636 1182
2686 2404
2531 2835
1964 812
2825 3144
3144 295
1727 3269
2434 952
3033 1105
1472 1696
3212 1096
1886 175
65 2437
2464 605
2210 2476
2656 1777
1983 125
694 1246
512 1937
2127 371
869 1149
1172 2077
2030 2524
1248 1956
2986 3487
95 2426
644 3118
2474 2632
3396 1840
2579 3129
696 1203
1086 2967
1105 2424
1450 800
3375 687
681 49
2890 222
1514 1264
1834 2945
279 1631
3231 3486
2169 126
2326 3075
3174 1042
3340 1300
1551 2807
2581 72
2824 591
2196 1952
2353 754
1196 538
1359 3307
3023 3133
2759 1979
56 2744
412 2121
2340 2199
3196 2348
1613 3438
2653 763
1449 1320
2831 1930
3006 1625
1897 1561
2742 2550
1109 631
3436 74
2149 3187
995 853
2462 2445
809 3277
3378 2886
983 2595
1125 1862
2490 1914
3046 2031
2215 1513
1994 3362
407 1463
996 3463
2965 1520
3384 1266
2381 2511
3276 574
2211 2907
2445 1568
1955 2290
112 1916
3325 240
1345 2307
1321 2594
3221 2637
404 1194
3140 773
3350 474
3336 2539
2896 670
861 3188
2231 1921
17 3327
1684 836
1818 3202
395 414
936 2615
2972 629
96 642
26 1000
748 774
1599 1588
1522 603
724 656
269 39
1154 208
499 543
2521 1064
2415 63
778 1298
2039 1305
2158 2101
1898 3287
265 781
1209 2898
2075 273
2608 1150
2803 1864
3413 736
2272 1782
1842 2996
2336 714
1060 1940
2992 2739
1670 1507
1603 3163
2168 2371
2799 268
2796 1058
3475 2130
3151 2689
2207 1173
1963 387
516 1029
927 2928
848 2684
963 1880
1393 841
277 2902
3192 3437
3332 971
3224 1296
1179 2479
1876 1225
153 200
270 2851
646 2872
1030 562
2245 2965
3299 366
3216 2829
613 1742
3120 1998
999 1456
453 3183
1049 2385
2496 453
1675 586
106 2702
2467 2941
3236 2858
335 1504
1996 909
2035 1124
561 2489
1426 649
175 551
1482 1474
2611 2165
3242 351
3220 356
1611 3274
2641 1193
1400 2126
1286 3149
907 1329
1044 3214
1432 2568
3449 2320
1797 1894
3452 1845
1792 1119
1627 816
1175 875
2461 956
2402 1842
1275 2557
3076 2983
897 468
2798 357
3215 3329
2028 1143
2911 135
1783 2333
2774 1817
1102 3070
3178 3080
1592 1636
2592 1168
601 21
2712 2999
1090 2741
3267 498
438 1798
2285 1494
1237 965
1530 3364
1623 1482
2855 3182
2078 1804
3343 53
2241 557
1761 3228
323 906
13 1453
533 1539
1969 1794
223 1490
47 2812
3038 1718
2873 2974
1699 1229
425 1858
2886 2713
3059 467
753 1130
14 3041
2689 3046
2583 3494
322 2377
943 3121
932 1287
2329 185
1564 564
288 280
2569 844
2327 2146
1717 1192
1704 810
2316 382
2520 968
3379 2032
588 610
2421 2103
1549 191
2703 967
603 2536
647 215
1641 1055
45 2201
1777 1268
946 417
2276 15
2219 3455
2091 785
2605 229
471 3010
1306 2183
1859 1693
1262 2420
1141 1915
3466 3000
363 1892
1171 833
2498 1110
418 2817
845 2576
2936 98
1183 1512
178 990
2565 3168
2894 3283
1501 2344
2620 1983
2008 2806
2005 3282
1084 2677
3179 2399
1838 1710
463 959
519 1634
703 958
235 3401
329 735
2204 163
514 3038
3268 3426
2823 747
306 2286
919 1762
2114 2659
2355 2475
621 1414
2247 1689
1190 140
2040 3094
71 962
1361 1164
245 2679
3055 1676
3052 1977
2577 426
2478 1086
2041 463
2618 1815
2529 986
1108 2775
228 1908
745 2069
1988 2865
3437 291
30 2096
3417 2473
2523 2642
177 2563
267 1261
2621 1610
1720 1597
303 2787
2205 2129
939 1120
3080 2271
2533 1016
413 1851
2365 2758
1833 2629
2914 749
609 2958
2795 1902
1713 791
1271 2517
21 28
341 3445
2475 1284
2405 666
2504 194
1353 686
482 2060
141 1044
2947 904
1342 298
2670 2487
908 56
3355 1885
2978 1250
751 2721
773 960
1486 1594
1503 2842
2716 2105
1405 2296
1985 2998
176 1530
667 2917
669 3416
546 1723
1310 1434
2348 1820
2917 3419
1048 113
764 1189
343 132
674 1052
3249 847
1314 59
2635 213
1912 3304
763 2692
3122 2691
1375 3213
2898 2929
1003 3391
216 106
1731 1627
1492 2674
2556 1259
2322 2774
1025 618
558 671
1533 1652
2300 445
3279 1590
653 1964
2726 3113
1249 2370
2053 902
2181 2051
2765 2521
636 835
3240 2767
2001 3225
1748 3125
960 3394
2295 3398
3110 1654
116 2341
3304 448
697 674
982 3460
1686 123
582 2053
1282 1808
54 2801
2317 2869
1430 377
2183 2857
867 2519
2863 1989
2375 1349
2123 338
651 6
2279 26
3156 3053
805 2887
1958 3289
754 9
2081 3210
3365 1557
1767 446
1320 2015
844 3340
547 2630
3368 483
1205 1010
2167 2507
2293 1244
734 2280
1924 3173
1339 1917
271 1514
3386 1460
2720 3449
41 345
2871 2688
2505 3093
1755 484
645 1050
137 2087
2710 1312
3138 1179
3191 808
2882 2195
1234 293
1681 3176
2362 2061
3101 3071
1602 901
3175 2796
2331 1986
1775 2268
35 390
3440 2672
2900 578
765 3482
1591 2064
483 2059
2068 2440
403 166
523 783
1182 2323
1033 2757
3391 2987
2830 1542
2278 1546
2191 2463
2372 493
152 1667
3149 1393
396 1228
1595 1883
911 2055
2338 361
1106 1738
2789 2137
1300 3466
1100 2317
2489 2047
1302 709
1038 3191
2728 2903
361 746
1066 177
2631 3077
814 388
3385 2127
3119 871
2946 1465
1006 1121
835 1587
2224 394
2020 2864
1167 272
1925 3058
2586 3106
3155 150
950 2678
1875 1272
2253 805
2750 2140
3199 510
797 1367
2360 1720
1651 2274
2208 846
2143 1550
2190 1125
2228 3021
2259 2368
2892 2664
3269 727
2706 780
1986 2084
3318 1115
310 3016
1331 487
1810 1756
1570 2791
2813 2920
986 3103
3409 3096
1852 3484
2794 2217
3255 75
896 2723
959 1309
2630 2627
2554 2558
2139 1893
81 1256
2252 20
1266 792
427 220
1737 1981
251 3371
3499 1739
993 3433
3462 3430
2770 430
3307 2240
2760 1581
1099 1691
1582 1811
1860 813
1513 1495
2749 2089
357 934
868 2510
1277 1924
1087 395
1267 2239
1045 369
2962 328
2094 458
468 1955
2682 2719
3247 1389
2084 1780
1047 115
2849 2180
619 379
383 2068
296 2662
3039 1024
1525 3369
1092 2837
1176 3171
246 1458
2509 1417
1566 1728
1864 2099
1948 3165
1978 2980
2049 614
464 1826
1035 1133
2619 252
3194 530
1483 3132
1712 429
2459 2816
1116 2159
3050 2380
3397 1274
260 239
2047 655
810 3462
2527 183
2910 1789
2406 496
348 2523
1211 1726
1696 1006
185 744
1878 336
143 3013
22 1670
760 70
1502 2382
484 1051
708 2950
2135 988
1766 2870
1922 1251
923 410
2766 1147
2089 1395
3359 1522
3330 1939
1845 1957
1769 2004
2401 737
205 509
3173 1666
455 349
1901 1436
1801 2919
1147 3195
3184 374
1145 529
2745 1026
88 786
1585 2041
3372 3366
2206 3474
2678 2566
2229 1856
461 3392
1887 1234
1415 713
3446 2436
2037 750
726 1674
1283 2086
445 2491
2991 1344
1571 2623
2506 2655
109 1960
2027 460
2615 226
790 376
3402 234
170 2383
273 264
3041 590
970 3292
2296 1975
2617 1039
2567 385
1264 2236
442 566
987 3320
1815 1980
2267 2981
2500 3473
1624 3004
1709 2185
2778 3028
2980 3436
1694 2020
1869 2704
470 571
1413 3217
331 558
9 1734
133 2113
1053 360
2538 378
913 488
1213 741
98 286
579 2715
2223 2636
431 1428
2640 957
1710 2732
2865 2339
1856 3008
2313 1501
2227 3
2138 2711
1854 3434
2483 798
3290 320
3016 237
3004 2665
3208 2023
1337 2972
3345 1941
2828 2501
3086 1355
2833 3097
2826 3330
577 2281
2636 1951
2108 951
2786 2889
1862 2170
1740 2565
816 236
2251 576
948 1099
2282 3402
2209 1437
1350 1088
2343 675
1789 1132
1785 3022
1259 2210
173 753
2320 2453
421 2701
2731 2037
2333 3296
344 2936
2918 540
2876 2375
1606 3468
2155 3034
2674 153
2485 435
2346 317
855 2752
1628 1821
376 1027
2026 3276
2787 1108
241 1151
2692 2328
3057 221
2397 3497
2528 2438
190 637
1488 2785
2856 819
2632 619
1438 1285
1583 1929
3012 399
92 2904
818 83
1848 350
2443 3074
4 2866
1746 1141
3180 1787
2539 3157
801 1084
1558 534
2386 1209
1693 1466
2428 231
2242 1656
1338 2819
2974 482
949 3220
252 2915
2812 526
2634 3115
2216 2109
1793 1403
2587 3089
3285 2877
3207 136
2598 2660
2172 758
1950 2058
698 1282
1966 3026
1844 2308
1692 2624
119 2122
3238 641
2166 1289
3376 3127
1328 3221
1840 1626
138 2828
1658 415
1537 1136
300 2871
3494 3479
100 1854
1050 409
1126 1752
1813 1263
2534 654
1981 2839
233 290
2292 643
1369 0
1605 1423
752 3245
346 3469
3077 1640
2516 1377
629 1506
2339 428
515 139
1186 443
1460 186
1363 3178
2518 2079
1446 684
2233 2270
3434 2923
1510 829
2645 2963
1123 769
1452 1886
620 2587
2151 886
2743 2488
2915 1629
314 2012
2294 2888
1896 1796
1791 2742
3142 2010
966 2908
441 3349
2060 1517
2872 2120
1334 2499
1470 595
77 943
2727 2509
2694 128
1208 1461
2419 2847
2814 218
366 288
841 1081
3313 1644
2714 2017
2690 1292
2819 3272
1756 1330
1705 368
3115 2564
1407 842
1716 1018
1258 1799
874 2138
2142 1207
2409 2364
136 589
575 3353
3235 1658
53 2303
767 327
2261 2956
1284 2267
2345 1258
1028 3047
3286 2892
859 1706
898 407
2022 2547
1011 1717
942 2082
1895 2219
1647 107
1626 2038
2132 69
586 363
59 486
3000 2254
2156 3197
1238 2191
3427 2985
234 397
3383 2379
2480 2050
3369 2503
287 1271
2017 608
1347 1243
2790 3085
1309 192
2150 815
2080 1342
1935 1123
583 2649
40 1746
3314 79
2269 3030
1212 408
479 1090
2877 2114
317 994
2275 1711
3481 2083
507 1872
1456 3147
1422 707
857 1606
1067 1882
870 745
2903 1878
2390 1431
2939 1988
1138 3246
3448 274
1134 241
639 1990
1601 2588
3107 1235
611 1390
1787 114
3294 1925
3450 2272
1745 923
316 1778
2350 151
3114 3009
2639 939
73 3122
954 3179
3366 3164
824 2056
1089 3001
1312 24
184 2237
2555 1844
2944 437
2748 762
1335 2300
1910 1859
1112 2658
3095 1283
2444 339
3467 1023
935 653
1707 1661
2628 2410
2400 3162
1807 821
2929 1733
3333 3212
1379 1611
1905 1721
1939 311
1725 2896
2661 3126
2626 3465
2147 822
2117 3117
2460 528
1998 953
847 740
2198 928
3329 546
832 2590
2772 416
3394 2405
774 1837
2200 2362
2543 2107
1195 1647
1946 606
3319 2167
1364 3108
494 3205
211 2232
992 3492
2125 425
3214 2155
3027 310
3148 989
707 1744
560 326
1635 3055
1724 3029
3352 2728
2887 301
2097 1999
3026 2544
2921 2458
1552 547
1778 3196
2109 883
3495 2570
3225 554
406 148
1508 845
1629 3172
1235 1948
3309 232
1272 2696
286 932
3092 130
1788 3252
900 1171
1617 2768
1433 233
2603 601
2953 922
2118 32
408 3226
1757 3256
3071 2134
580 1357
2324 2654
978 2988
298 2483
2908 1174
380 1083
1612 1351
536 2163
226 2698
1124 2863
339 2699
1660 2582
2454 1632
434 2933
727 1332
1858 2883
402 3112
134 1217
454 3280
749 1227
701 908
3190 1822
1414 2246
3082 541
2800 2724
770 432
1679 3020
1184 481
3163 2214
1203 1760
1535 3378
2864 96
3172 3337
3484 2338
2532 561
1403 1161
735 1695
794 353
3288 1754
554 1616
2398 447
2273 1509
3068 2125
2431 1012
485 632
293 1468
3456 3432
2344 1215
2070 1545
705 738
1874 1451
2757 2073
2544 697
126 1399
502 1598
2545 398
1835 2525
713 3485
1889 2085
3272 2788
2746 2562
552 2751
145 583
2663 647
256 3092
823 80
2925 1126
666 1497
1308 2762
2159 3299
1600 1087
2954 450
2821 2944
2096 1761
42 2161
2031 1109
3473 3151
3322 1384
925 3155
2003 2631
486 980
2244 2374
1281 3120
2385 2843
3234 2810
548 3045
1233 2618
622 2423
2847 607
3084 1935
3169 1944
1305 455
1107 1190
534 1731
240 1770
2054 1452
1215 2245
2548 187
2280 2076
295 3336
1825 1781
531 1092
1216 2710
2435 2389
430 2731
550 2255
3454 2365
460 862
1218 3259
2773 2145
1325 2178
2610 585
2069 1705
1609 2156
1313 1413
1945 1638
1063 1966
2006 857
3113 2225
97 2289
1129 635
2042 3222
7 1727
3185 2706
1117 1668
1103 47
885 1059
330 88
826 1679
1550 2734
3389 1065
1070 663
1990 704
2266 1159
27 73
1037 2218
23 2192
1638 3472
2777 2610
1177 711
1857 265
3401 2204
2286 1316
637 2703
1883 2057
193 2708
905 1556
1546 1797
2306 1094
1051 992
2934 1508
1575 283
281 1516
1619 1154
977 1487
1254 1196
3161 2395
2815 313
1888 3170
1806 1833
2260 2874
2816 405
1562 1707
3464 3027
1511 625
3127 991
2141 3408
1232 1304
2045 2638
1821 2991
2121 638
1256 1489
2691 193
1588 1639
3116 2322
1113 1967
2614 3082
1957 2804
572 2982
2932 479
1083 1942
2961 2490
2177 777
793 2682
1653 68
452 1571
1820 2687
1401 159
1180 910
2449 1814
3118 170
1965 2673
2122 167
3424 1093
3438 11
105 751
3200 406
1491 3306
1615 3150
409 60
3256 1481
1542 181
2729 2227
725 1021
2756 1650
443 1111
3390 3265
2411 2848
1512 3018
2456 2574
1474 1085
1574 1580
2549 2403
1477 1938
2321 1790
1676 1260
1243 556
183 2287
2931 1032
3370 3216
1026 247
3064 1166
1786 3285
428 29
909 897
2866 2162
889 3444
3031 1397
2310 2474
3356 99
450 1409
670 830
232 824
1013 1655
614 2153
196 1071
517 1293
3277 936
1057 2447
1162 2049
952 441
2056 1765
104 2913
1101 1553
365 772
3482 1624
2854 2402
1528 3339
2647 3350
1853 1153
123 717
1805 1971
2696 983
1061 365
1760 2934
650 182
1555 180
3291 1477
242 3346
79 3271
18 1488
2503 3356
2257 672
258 3052
980 2535
1333 1102
1322 1551
2817 2549
3009 1751
128 2625
99 3335
1098 2725
2664 2585
2367 2966
248 364
860 2811
2472 1996
1471 1740
2046 3326
2131 2442
1159 431
910 134
1736 3069
1581 2973
1976 866
2973 1931
3078 2641
369 2309
1730 2700
3213 1089
224 1994
1515 1232
2162 1875
1055 3281
290 1354
2217 3300
804 3358
3360 1036
2007 262
3265 3261
772 689
3145 253
2829 1493
187 362
3303 860
2550 1486
3471 1048
103 1603
1020 2970
2051 1529
2988 1534
1396 2995
1076 1766
496 518
3010 217
2283 2019
2666 3192
3463 420
1005 2667
340 3015
107 3152
302 1745
2771 2030
2840 2213
1824 2834
2891 2027
3028 895
372 3123
2085 2486
1620 2808
2366 143
25 3255
964 918
3131 2075
1645 3403
2677 1748
239 3414
518 2035
834 2786
2869 3291
1669 1959
3470 3025
333 1412
1276 3372
3203 1879
930 144
1947 1178
3477 1846
347 839
3472 3186
2659 900
1809 2984
780 190
1007 292
981 2090
1348 1737
127 2078
318 1889
2769 89
591 3232
1416 3017
2524 1592
880 1
3316 2115
3073 2922
3425 731
1908 768
291 246
1409 788
1080 2669
349 2378
589 2098
2072 1170
1673 2429
2493 3374
2810 1213
2487 2960
931 961
1386 2952
1307 863
3018 2036
3136 710
3152 2226
2884 507
2655 3441
2057 34
627 393
1892 2398
1861 2989
2481 2013
1475 2158
3496 1381
1973 706
2092 1554
2016 3318
200 17
2945 278
3339 1095
1975 287
3117 2327
2380 3382
3229 513
2893 617
3056 1346
2510 721
144 1918
1226 2293
2783 604
1478 3288
540 1155
1095 1450
1999 490
692 1028
2248 333
2709 2250
2093 1868
736 2880
2077 784
1193 2428
3001 372
2146 2635
2395 2234
616 1387
324 314
63 1169
3021 692
1428 691
1593 2081
1703 3354
304 147
2680 502
535 1502
739 3498
1455 1743
811 423
156 1098
3262 2841
3324 1672
1747 1646
1165 1424
2657 2472
2644 639
2226 690
1937 1584
3415 1106
2376 1919
2052 1801
2654 3297
342 2070
3061 1599
2599 658
1268 1205
114 359
1521 1345
2755 1972
2120 2794
2672 2119
2264 912
3239 577
3183 858
1943 2326
1071 3405
2883 2639
3414 779
1680 442
569 2777
1951 162
2609 1871
209 1444
1540 1831
702 2571
1877 593
1749 3321
2237 1835
3461 3036
192 2779
2002 2415
3308 438
3381 1830
2153 157
212 2733
842 759
2438 145
2942 100
2671 1067
785 2718
775 802
3346 1699
1722 2645
1790 2131
532 201
1721 2174
2698 3290
556 873
1556 77
1579 806
2695 1116
1726 944
476 2143
1663 661
871 648
3349 743
1406 941
448 2832
3305 184
3159 2836
2951 1719
1538 1900
52 681
1228 3204
1390 1078
1119 473
2956 1562
1782 3137
3011 573
632 2626
473 1747
3015 1993
389 524
1531 3099
275 1601
3188 1447
3003 623
180 129
424 2766
1136 2650
2775 3347
3257 2242
1257 2755
2408 2135
648 1422
456 1374
1440 1684
1398 613
1073 1612
301 3184
771 3309
3217 1665
414 1323
91 1054
915 3231
1723 35
2399 3446
2606 3429
2723 1117
3334 730
3426 2222
2358 2065
1484 2599
3093 3422
2633 1014
888 1698
3418 355
415 1443
64 3332
590 1175
2468 3448
2613 2792
1770 1533
2779 3060
3162 2100
2004 2717
822 42
615 1526
738 644
2439 640
854 1462
1495 76
2414 2578
836 3454
1706 2782
1185 2340
2270 2910
8 121
101 2288
218 261
2134 1690
608 2939
673 1558
2530 2359
1586 553
1662 1291
786 2906
1451 2009
2193 2261
3047 1570
882 1978
886 1176
711 1187
1633 2419
272 478
253 1483
2361 1191
1462 696
1523 1448
819 1950
675 1152
387 23
563 535
883 3141
354 832
2263 2421
1560 1510
3361 2257
1231 2471
2334 1072
1210 760
602 1311
410 2244
1434 975
2370 2823
1654 244
1913 2607
2983 1137
2410 1214
311 2540
831 776
1381 2351
757 207
39 1056
3420 634
1288 2716
990 2243
640 1112
308 1810
2407 1660
130 1895
1263 2455
221 2668
568 2029
2878 2136
1772 2171
1608 1818
2119 3334
2905 1848
1127 1118
3362 2709
2737 1491
3102 2433
1120 2546
3354 673
1373 1763
722 3417
600 1703
3435 156
3135 3395
1468 997
1607 86
3205 982
2722 1183
2744 1976
3121 1860
1499 2845
120 422
1480 1378
1155 93
2851 3260
3392 2263
1317 3311
356 1269
440 1241
2404 1933
3274 1383
1928 3174
1695 716
3066 3087
1278 2414
3105 2895
2222 2951
3013 1419
2335 3488
174 1954
429 3223
195 2360
1110 33
2935 259
3014 2553
2314 1318
1867 1853
1377 2181
1425 2324
1561 1366
1408 2460
2416 3381
887 878
710 1825
877 2221
2136 1866
191 2748
863 1881
3275 3415
1625 1769
974 907
3008 2532
1114 985
1104 271
3232 258
903 532
358 996
2218 2572
2105 665
676 3388
2111 2168
122 1290
2834 2830
2396 3003
2284 2695
3476 898
353 1478
167 3435
625 1079
1366 1280
1150 2265
2429 3039
2902 2022
181 2110
49 870
1118 2601
2140 120
2588 2284
3479 1953
941 302
1553 2026
459 2248
1464 3063
1494 2448
1639 204
2650 2074
1149 1642
1702 3278
313 1484
1247 3499
3 1442
309 1901
3278 489
2301 913
3388 1142
1163 1909
1054 2875
1587 1019
1665 466
2447 2128
394 1009
598 1806
1637 1041
587 146
989 1898
929 732
3204 2686
1904 2805
2437 2802
93 3267
1517 1730
292 1579
1944 3032
1989 3006
525 3331
1442 611
1242 2942
2839 2425
1437 1932
3167 3161
1903 787
677 2749
1174 1449
1374 1324
3273 2493
19 3425
576 3303
1931 1783
2776 3114
1192 84
1803 1134
1798 3273
247 1519
2861 685
2721 3068
1372 1057
1194 1402
86 1962
1714 1113
997 850
762 950
1296 1301
498 2390
2751 2977
474 1987
1223 2765
1520 169
1872 3167
3037 2567
1461 1297
3081 1046
345 1457
626 3194
2684 3383
741 1278
465 1360
1543 1678
2924 1992
1027 3323
2575 715
3347 1943
1650 2443
1130 2266
2683 270
3075 3002
2363 3142
2430 929
1465 1608
1644 1279
373 2392
2762 645
2862 138
3053 306
1992 1368
283 2046
2517 1775
2145 124
2999 1637
1674 767
2342 1160
1596 2993
2880 2422
1349 2957
1923 2912
3364 1686
2920 2112
2065 1617
1160 1307
2383 334
962 1681
2711 1764
3380 2003
1506 1768
1200 2088
1846 3146
922 2279
1294 3428
3283 2187
46 2730
2199 1356
769 2002
1229 1386
3019 2220
0 2772
1496 503
3245 67
3090 2256
29 462
570 1649
712 752
940 1888
2835 733
352 874
147 2209
1504 2612
3395 1062
1489 3236
1152 1829
214 3136
3154 3079
227 1906
2023 1538
1956 1257
3315 1181
1831 149
1316 2781
2453 1965
2382 1841
3150 1593
2700 2152
799 2439
1672 567
2271 1008
3451 1852
1380 3490
2792 1709
490 324
1991 1896
2724 1985
720 581
802 2381
160 848
1304 837
542 1001
1297 2331
812 3249
527 1204
2730 995
2574 662
1270 1313
2 3266
2101 3207
477 1635
3201 1511
1490 616
2379 1498
2782 3065
879 3101
367 2827
2152 1586
2090 584
469 1926
2681 87
2522 1212
3393 260
2497 2947
2913 3451
787 2714
157 1404
2188 677
1010 3424
2332 1907
1041 2644
244 2979
3296 94
690 1664
1410 2778
325 2606
3005 1233
1064 2197
3453 506
2600 3139
2868 1418
163 2406
3292 676
70 942
2258 3263
901 1784
3429 1253
2761 2366
1545 3098
607 62
401 2534
2541 1697
31 2361
472 811
3442 459
3358 322
618 66
3264 419
2535 2496
850 2545
146 227
2102 1607
2178 3102
1236 3476
1399 2760
