3000 5000
932 7
1255 1624
2671 282
1283 169
1696 2615
206 1146
2920 474
226 1834
1606 1357
892 2439
383 1157
207 19
2216 401
1805 2553
2912 578
1922 1237
1989 2925
1705 2517
2662 1333
2781 874
731 928
2699 2939
1401 1488
1586 2211
2522 1693
2812 1331
752 597
1298 1777
1320 666
2328 2157
1816 2949
1853 2234
1061 2281
1296 23
152 2274
860 2244
1545 178
1935 607
96 2506
442 1944
2574 1424
2840 1012
1661 114
2913 1508
748 1211
2044 1205
1053 310
1961 362
1699 2533
1021 2304
1747 277
1180 1704
2548 2631
1920 2249
251 2534
285 327
90 293
370 2080
603 480
1388 1025
2487 461
141 855
2088 2739
1042 1825
1656 2474
1336 2799
290 1064
1605 2175
306 1656
1662 991
2021 2250
582 902
2372 2627
2980 321
694 2193
1799 411
911 2872
1960 768
1550 452
1191 323
917 1922
2279 1411
1603 765
1533 2075
2197 844
1007 1607
1280 1350
1288 410
2677 2548
1517 1918
454 2118
2402 1439
691 2931
195 2024
41 113
2915 1725
667 655
2892 2207
517 544
1362 2167
1993 478
2375 312
2010 1628
240 2898
495 1275
55 2340
105 185
2664 2108
1190 246
2098 1632
2485 2974
2435 960
112 710
478 1059
378 2882
1784 1698
1420 834
2406 325
199 1746
550 2098
2165 1759
816 732
1947 2684
1322 1503
2496 2969
688 2593
1108 1682
872 2367
254 725
1032 2034
1037 1302
1619 2188
392 2552
2407 634
2639 1195
2247 386
926 2876
527 2522
2463 1971
2874 2746
2209 1308
2785 1340
2325 2387
1111 1979
1046 1950
811 1858
1845 232
2339 1871
2531 2314
572 1683
352 974
1549 2618
1771 2486
1618 2114
730 1572
1573 820
190 2159
2274 1848
1874 1992
953 236
1601 2787
1871 958
1587 1294
1620 1803
2309 1098
2942 1499
754 595
2460 807
2297 1115
2374 328
304 2851
735 99
2324 2047
2065 717
1431 2491
193 575
2789 1466
2936 1997
985 1645
1120 2773
785 2045
2505 1798
2652 2757
1994 243
1416 2015
179 1450
492 1262
245 74
2867 1585
2074 1776
2447 1434
531 963
2964 2962
2975 506
1977 1014
87 1403
2948 229
855 2405
1077 1379
658 2578
1092 1076
2376 1418
1038 61
940 294
2101 976
2069 2203
1157 1904
879 2961
342 15
899 1741
2853 581
795 908
921 1618
839 150
558 2307
2758 2466
1104 1414
1559 2185
552 596
2647 726
2803 1194
2114 957
2029 2430
2824 2090
2032 540
726 1192
2864 1000
2155 1328
1733 122
2565 1129
2174 1475
350 2916
2483 1521
1801 2442
736 250
1885 1644
1652 897
2933 2555
1897 2420
2997 112
2704 2106
521 397
738 207
1502 271
1597 1716
1033 1842
2608 1367
2991 724
1316 2862
2385 2957
826 1948
2875 684
310 2696
2159 2783
22 284
1911 1214
2808 1100
91 1680
1057 2494
2644 828
565 2817
2761 465
2768 730
2415 572
161 952
2575 483
622 1936
2142 1327
655 2366
1040 455
2524 1626
2721 1863
246 690
169 1118
2869 152
2333 2246
2848 1218
149 259
1114 772
1882 2605
1481 2111
1987 1148
827 566
2599 1975
713 812
1843 2698
2802 1930
2740 2007
1758 2350
1846 2728
1009 2730
2286 2089
1855 390
1372 507
2038 523
397 2496
1653 2215
1489 528
2238 1561
1686 2074
995 425
2654 2557
1468 2871
299 1966
1825 2016
314 2977
1279 4
767 1057
1583 1849
340 716
1396 2334
1209 2285
532 1372
1574 561
138 380
1451 2006
1729 853
585 88
372 2821
2488 1895
2053 1838
1679 1507
840 1565
1474 753
546 2794
415 2657
881 2897
488 450
231 443
1514 2126
1701 1500
613 978
986 1356
1595 27
2450 986
1505 241
2714 987
1507 141
2314 1672
136 1193
1640 1341
422 2727
2895 1136
563 2308
971 1084
1467 1303
420 66
2588 1015
1726 913
2589 1940
1337 1339
2973 919
77 704
1412 1598
2843 2801
2717 842
2262 2906
2822 1541
534 403
2367 627
220 859
2350 2960
1506 568
2332 2344
769 645
2614 258
175 1530
450 1169
1638 972
788 1010
2344 2914
2504 2251
295 2345
490 923
2431 2438
2327 313
1581 2644
2883 1989
938 1856
2882 208
2827 729
547 1642
905 989
2885 1225
1107 25
570 1761
133 2356
1649 1444
1244 2569
2995 84
1562 1421
1848 2890
235 2518
1780 1030
1019 215
140 920
643 1008
2641 493
2563 2948
2354 1513
2306 1509
2446 1889
526 811
35 275
153 2628
2681 2333
671 1817
1153 2028
2577 1773
1301 2891
2776 2947
1847 1780
1632 2202
271 441
981 1407
575 2805
510 713
2951 2478
832 1283
1085 2731
1565 943
1310 527
936 793
2732 1602
1010 585
398 1321
948 967
2023 1588
1084 2035
1858 2700
973 2049
762 477
956 914
2438 2843
1692 1650
1152 2502
2690 580
2257 2110
783 2177
412 497
126 2452
2713 2999
2218 2359
772 2260
2854 1823
1754 2654
1910 1114
1844 210
489 1883
808 2257
1544 1528
884 2481
427 412
2988 1413
2272 2734
2336 1290
2773 933
1508 529
1711 1166
807 1053
1564 1795
877 860
1786 969
2305 231
1174 1980
1604 1170
1707 1110
2943 265
1685 573
2408 2675
1326 563
1265 1493
1118 848
852 2068
1340 418
518 1691
1282 2785
1071 249
2056 1600
933 1658
598 2566
591 1267
614 1801
2660 2153
1145 1670
2578 255
2365 2827
2932 93
296 2342
639 2043
1966 173
1355 33
2508 835
241 661
80 37
1870 1219
2873 569
1611 1281
291 1736
2775 2839
2607 1577
1588 1319
1257 2673
2158 739
2419 2602
266 2099
431 2328
2468 854
1133 273
1541 1965
402 2863
1308 2864
2927 2094
2035 89
1476 1368
1999 462
2440 2632
1943 635
2751 1106
1752 992
1247 1045
2111 815
1459 1730
1223 1969
868 2407
1554 2417
2013 1630
1457 266
1812 757
2569 118
1633 746
2292 2528
2586 520
509 864
1242 2077
2886 1603
1090 2263
217 2955
1673 681
794 2327
1239 1360
1051 1911
2939 59
597 2449
1188 1695
2893 2616
764 2943
1787 1921
303 2272
1399 2759
1477 2218
2861 2302
660 2720
2561 2376
999 2313
1743 1753
702 1519
1273 1731
1097 1107
2986 1384
1456 2198
571 343
2135 1566
2034 224
939 625
1728 741
1496 1562
1795 2375
1241 2682
1802 1111
588 339
2733 2426
690 777
2679 302
2908 470
391 1236
1203 1248
389 601
1745 1715
1307 175
1268 2905
705 2353
2348 1865
2459 2508
847 1666
2387 1755
54 1393
2711 2022
2003 615
2678 1286
2640 2812
1026 2191
106 2915
236 2609
260 1317
611 1354
426 2206
1534 1215
1501 2611
321 2909
409 286
781 144
774 2956
765 614
1819 999
1513 894
2866 1970
1070 659
269 2622
2507 1998
1300 2837
2019 146
2329 127
1869 1250
1141 2341
34 2133
435 2137
368 2088
1607 2924
365 1584
747 665
2746 2600
2828 1417
2868 519
1761 168
761 2055
2476 350
709 535
43 2620
2550 1846
1767 197
1614 2706
1422 453
2180 2826
876 2374
2298 1958
2454 214
1455 754
2340 237
334 1432
2694 2613
78 722
2987 1121
883 593
2852 971
1988 2419
1196 1060
2232 2360
2206 1459
1794 2476
1272 1151
988 1932
1126 1344
2968 2411
2188 2737
1299 1621
1558 2848
2199 1033
2066 879
1806 955
2281 349
1165 1546
701 2854
2744 2295
2253 1943
814 1362
2343 648
19 1247
959 2067
745 2691
647 1018
2683 537
2619 702
729 574
1149 300
1596 183
2611 2558
42 1105
16 966
110 333
1314 1667
270 1
496 1529
610 2184
2804 2209
2024 623
2716 1168
2952 779
1205 2070
2500 2873
2091 2488
1515 2687
2482 2756
2451 721
2529 140
1773 2468
1815 2378
1838 849
1863 1334
287 1031
1623 130
1446 1881
289 985
1164 1171
1942 1019
1829 1831
1702 1903
222 2822
559 2259
2623 468
666 1938
740 2716
259 329
2335 1361
2379 490
2944 1408
257 170
2946 1062
1361 916
328 671
698 73
2787 2755
1878 2197
2217 285
776 63
2656 2904
2979 46
282 195
2022 2130
2627 68
763 1712
888 551
1830 1894
2465 921
1599 1399
293 135
957 1455
1932 2140
170 1818
1936 330
1236 176
1385 751
2969 1004
1928 697
1041 691
100 126
1913 2705
1060 2519
1902 1574
2136 2583
1654 2721
513 415
2302 886
2902 983
930 495
2841 556
685 1536
618 1032
2573 2563
2060 447
2276 351
443 1900
970 863
1030 525
1129 2368
2881 1213
1591 548
2512 2709
2214 1135
1826 1428
867 816
1002 2062
2818 2666
324 2775
1827 926
411 2011
1691 200
653 2736
2596 821
2626 2436
2770 2093
1382 1544
281 2300
1028 1772
275 2762
739 2225
2410 1739
2388 2621
2178 50
2494 2695
460 785
789 628
2621 1857
2420 1977
1075 2026
2017 254
944 2299
2634 2643
2018 1292
2160 1474
2201 2832
2538 81
2748 492
2966 2769
1116 845
2800 2683
469 846
1561 2056
2832 2151
2051 1438
537 738
273 1542
1311 2083
1106 2586
196 442
590 643
2095 2953
2696 1762
1386 2910
1006 54
1376 1786
474 890
744 2610
1433 1256
48 1835
1630 982
1782 636
2212 1446
145 805
632 2490
2564 1436
1934 526
425 1809
637 2976
1425 287
542 2789
1849 382
2593 629
482 924
362 354
325 417
322 1396
406 2010
2736 1845
920 2227
1644 2139
437 2668
915 1799
2150 588
2004 2634
2303 204
960 2233
2211 108
330 2551
1045 2507
1724 1797
476 1841
2771 611
684 1551
379 1758
2642 220
2672 818
2566 22
2643 904
803 304
410 1052
1488 2163
1179 106
963 2383
2063 2432
983 2550
2598 499
223 531
1690 1402
1315 379
2103 34
2175 510
50 742
211 2339
329 534
771 964
640 1235
2857 2258
642 2351
535 2275
2851 1756
1553 1633
2518 11
1924 837
1395 2362
564 85
465 129
449 398
737 2394
2752 1882
770 1482
2250 432
1110 2052
540 1547
1570 1559
210 2525
1528 1502
551 177
2981 5
1251 2875
508 1928
130 123
1113 1919
2760 1995
2756 1363
2648 186
203 194
718 2778
2346 2972
696 256
386 550
2953 2692
1408 891
2605 429
1437 1198
1358 1054
634 706
2315 1728
1493 1692
86 2169
2031 699
219 426
1135 839
298 1320
10 1266
2766 2702
2830 2641
1837 1183
183 1453
1887 2831
1357 320
2793 1669
2560 1494
1248 973
464 1074
1453 151
2532 1077
2027 2671
2961 1127
2122 1967
2772 2823
1463 125
2661 1596
264 1968
487 1089
2434 496
2801 1232
286 656
2081 2723
1400 257
1556 2318
1103 954
1744 2248
2753 829
1741 925
2087 2480
815 2179
2545 70
2278 616
445 2978
2834 2680
1229 1440
1068 1677
472 1864
1872 1501
2119 1097
2126 264
2184 2498
1710 804
479 1875
1906 1612
353 2945
428 1723
111 530
2223 2907
2457 2008
1096 1252
741 1510
468 2770
2701 1370
461 2041
473 1346
799 100
1115 2091
2870 2404
511 774
477 475
714 91
2520 2336
1423 880
2020 1949
1027 2373
1064 2598
620 1933
1444 1878
1462 2287
459 942
2950 115
2479 2761
338 440
1881 377
1200 1152
1625 1935
364 2664
120 1710
2251 2232
1610 48
2901 1261
2089 1277
555 2919
1486 1142
1119 1078
695 2973
2817 1535
2183 1481
1952 336
72 2499
1864 887
155 843
2437 2690
1836 305
586 1462
1889 2624
1921 1415
593 782
2342 2699
104 591
2 2681
2515 2253
256 1973
457 2388
1197 786
40 233
1466 1862
263 2138
682 823
1697 2825
1234 2148
2559 1993
89 356
606 2708
1951 2971
1867 2885
793 565
2083 1743
2816 1435
2373 1299
2109 2896
124 1437
1645 2212
2123 731
2085 825
2352 252
2730 1143
2480 1075
1154 2674
576 2828
44 1243
2093 2084
1098 357
2493 1879
1500 2000
2311 161
47 163
69 1123
1284 326
2275 2710
1828 841
2156 790
2067 234
376 2412
1948 368
2070 1580
1504 2965
2491 2804
723 1309
331 353
1366 1721
579 1036
1814 2629
2033 1138
756 2807
2836 2330
946 1591
1294 1467
1975 2446
444 1065
1398 62
529 851
2072 512
1184 1622
1518 1824
471 2174
79 533
2052 799
316 1905
1330 1071
2389 1298
2729 2573
1127 2447
26 909
2625 1255
1394 155
2521 1833
2048 2930
848 1234
2576 341
441 1185
2572 884
197 935
1923 605
109 800
968 2372
230 2581
2337 298
244 1496
225 2210
2058 792
369 2994
2972 209
1899 938
1842 396
2689 1483
2609 1140
377 2651
1938 263
1600 2813
85 1687
1356 677
711 1001
2666 2150
1052 1751
1916 96
751 86
662 166
1171 712
280 1079
2879 899
817 1125
1529 2279
2191 1279
2998 2577
1609 1914
2073 278
2650 1410
1025 1239
780 720
142 2922
2225 2168
2555 301
2719 2844
2028 2899
186 2051
2405 2278
1216 181
336 1201
1983 833
2712 1044
512 1207
1659 2357
95 2913
1680 1147
2579 1227
646 680
2543 2096
1258 1229
760 3
2146 1090
2921 30
2509 2810
1693 1369
822 1923
2204 683
768 1766
1532 652
419 17
2978 1589
173 1336
1637 1854
2502 2048
790 1543
1980 2800
2458 567
2825 646
707 2222
2580 2410
2050 2027
2059 1581
830 439
841 1586
524 2020
384 1405
587 516
923 2472
309 749
2735 1272
1671 55
1195 2656
1962 2808
1054 536
1213 2348
1524 1615
1136 773
1131 2465
1973 2422
1495 199
405 610
349 2196
1011 766
2715 621
1875 269
1785 420
991 1706
92 335
679 69
164 2115
134 1395
2202 633
456 2751
967 2479
601 1465
1877 451
1088 79
1998 2104
1992 2377
45 948
2299 1473
2720 2242
2246 2686
1717 165
1737 2788
1173 1927
1226 2029
2312 1109
27 2855
2153 2765
373 42
1769 405
584 941
1048 555
562 1924
1557 995
1955 1843
2323 2617
204 413
1718 1391
2829 2385
779 1150
2622 1705
1389 2493
697 198
1080 184
337 1703
693 970
156 2214
1472 2019
354 1613
2026 1714
924 1742
994 1304
2242 654
947 2380
2513 182
2086 67
2108 2587
2120 1498
583 1534
15 393
1410 759
2404 780
2227 2323
621 245
2078 103
2498 1597
1109 2369
908 2141
3 1005
73 247
1990 504
158 1116
1669 459
2783 29
1082 332
2381 78
267 1910
2011 1058
1704 1063
2722 2877
1374 2988
327 1422
951 2224
1759 619
1074 1794
2847 1274
1262 281
616 1947
2000 318
33 1268
2624 2546
2131 1167
2791 1625
191 159
1834 705
2062 2590
2632 508
1392 2361
1613 1760
657 1300
1312 881
1023 1238
600 2597
2992 549
1479 1427
858 283
272 2441
2871 222
2911 647
400 1240
1072 1627
2149 464
1017 869
94 737
1722 2661
1424 1375
633 131
2708 1806
1634 366
2118 910
1176 981
60 1595
1751 2428
1035 685
71 2970
180 2071
2549 2288
2269 2208
2501 878
577 2564
623 695
2282 213
1454 2170
1602 2946
1708 877
1211 1461
1142 14
1146 1034
2539 458
813 2363
320 1332
612 13
2461 211
2837 1629
2536 2780
568 2665
2807 2715
997 2085
753 2322
114 676
2922 158
1380 101
805 2321
1657 2834
399 2849
2100 1153
2277 346
1797 2722
539 2998
1066 98
875 2396
1177 20
1572 733
2061 2782
834 1564
366 2521
1194 2066
955 1726
23 253
2261 2012
1278 940
2396 1796
1156 1641
786 392
115 2236
2486 1067
1593 1288
1478 2270
2743 1571
922 2638
806 2127
2846 1451
536 2738
1232 2291
407 2608
2400 1103
1227 554
2207 2950
494 2451
209 2923
1231 2142
728 2601
312 1770
580 388
1266 375
2413 1635
2774 498
1206 696
515 2584
76 1671
1095 2647
1670 2858
2054 1984
1516 1699
2526 748
1953 1872
394 1295
1579 2316
1359 2781
934 2836
1822 1897
2368 1343
907 2415
294 1866
1261 1377
1078 2123
2849 1119
1598 1452
2403 1423
1287 905
4 2889
2945 2504
2600 2069
1861 216
1220 562
1781 2176
758 1606
824 1665
2742 201
143 2768
2448 402
1915 1697
66 660
119 1073
1024 2929
2782 463
2289 2743
2762 692
1275 756
213 1902
1719 2310
2963 2294
2036 830
893 653
308 2529
501 2063
283 1335
99 1568
2002 1095
871 1190
1204 2527
976 251
2601 1301
2610 2370
2877 2076
2071 43
2887 1752
573 1812
2977 771
2189 936
1860 2997
1161 230
2938 1040
1249 1382
1418 2747
239 2758
1703 686
1224 94
430 639
1698 202
367 1347
1295 783
775 274
1526 1013
2147 1291
1222 2200
1259 2941
1263 148
2523 1553
1065 164
2046 2228
2899 539
2445 694
1210 2389
2360 2064
818 1545
1338 1011
2321 789
2990 1112
192 44
2172 2798
910 1814
1083 1636
458 1733
1768 937
1774 594
2925 52
2985 1674
1772 2658
189 632
2546 1594
1004 1020
1235 1081
1972 1876
2556 361
361 2397
2924 378
1715 1257
2039 1228
2466 2989
901 557
451 2117
1498 929
2273 2461
2186 1512
1730 2182
2284 2554
916 532
1490 1163
2229 564
1076 384
2355 1570
2653 309
1178 2464
1426 953
2268 2934
2163 2786
1548 2155
1334 1859
75 1576
1851 1718
127 2572
21 1614
945 2337
1186 72
1147 649
129 226
374 1583
2092 1781
1281 2662
641 1648
52 16
1339 2402
2168 1464
863 2561
205 1365
1778 2772
1039 324
820 1378
672 2594
8 1280
2203 2767
596 669
1187 97
2904 1569
1522 2835
2322 1810
288 1727
1810 2712
97 2297
163 1180
1839 2160
2823 582
2395 421
1277 1175
453 1783
553 1244
2503 2103
2700 1775
1775 2400
1370 2719
2077 2574
2603 2630
57 160
2347 1717
2104 1537
631 1983
2755 2053
925 2980
1271 162
2125 2996
1879 810
345 1289
2137 959
2057 2158
176 1419
1540 513
1856 764
2850 2290
2254 2183
2121 2568
2831 2697
1202 60
2469 1740
462 2152
2506 630
617 172
1757 2418
962 1745
497 2749
1091 487
401 381
2937 2874
1658 279
1651 687
305 604
503 1784
2009 2815
1509 1899
961 1549
1143 1953
1302 1850
1628 1258
2226 2726
125 1042
200 736
2710 2870
2016 2443
2068 1855
2658 2936
1695 260
796 1744
2082 2086
1207 2119
937 8
1397 1610
2983 2652
669 1514
1473 2057
1984 847
2633 2607
996 2319
891 1197
746 1808
663 727
2280 511
2015 1489
2676 2421
1378 1811
2514 1573
2390 430
715 1342
1880 609
154 2547
2779 961
2799 1915
6 2332
380 912
2362 1164
2855 1826
1293 2536
2525 2245
1621 2790
2316 1694
1716 1506
2962 1310
504 2935
636 827
1636 1249
1155 107
692 2879
1371 359
821 1176
836 977
2637 1978
895 1454
1731 132
804 1241
2495 242
2236 1284
2130 153
2399 889
1073 2735
1469 337
680 2239
1676 1620
2737 2017
323 1246
1642 2459
1363 1974
918 1869
2813 2379
300 1662
2094 35
2474 1048
1683 2689
2516 2797
1626 422
446 1055
1700 2860
25 193
2427 806
1552 476
101 297
470 2667
561 1203
1817 2814
284 2981
417 1458
1627 1385
2910 2524
2974 1987
1199 466
403 776
1460 1737
903 2745
137 2911
2890 2358
396 1779
218 36
2592 1657
1937 932
59 663
2049 882
2338 2235
1893 831
1497 2513
1753 1844
2686 2760
423 235
1325 400
2014 2985
2080 2072
1739 1555
1956 2190
123 2811
2788 620
1824 2740
993 1639
604 1312
1015 1909
2455 1925
326 1890
1264 2732
1884 1349
1766 2132
2386 1688
1000 2908
2547 376
2064 2386
1678 2162
725 364
166 2932
897 434
1055 1311
989 1839
1547 1487
2670 2771
1499 1663
1866 2589
2916 1196
103 2264
2777 149
1763 49
1081 1684
1895 2869
2612 2649
1087 53
2705 1471
2906 121
424 2549
1560 2303
1212 1447
857 1861
1290 1976
777 2039
609 2121
1238 2122
2090 781
673 1504
2096 291
1892 794
1770 2456
829 2226
2691 2688
1674 715
2519 883
2470 2326
870 1892
1353 1805
2707 2284
2228 2796
1036 2252
351 2268
208 1113
2176 2987
2863 895
502 1426
1364 95
2872 838
1350 317
297 65
676 600
250 1102
625 1631
2320 1318
797 2633
7 1554
0 1750
1059 1373
1890 2886
1409 599
2587 949
2999 1963
2537 2178
2862 1086
548 1409
1228 1832
12 2892
121 1757
363 2164
332 1709
1172 2752
2290 2482
1689 124
1309 1907
74 1550
2544 1771
982 2483
1138 1007
1615 306
182 2031
651 92
2499 1189
2220 90
2318 389
2628 1961
2371 2171
1201 1802
2145 1387
831 1560
2954 2082
1512 2670
2221 1556
1725 1068
2195 514
1519 1223
1650 138
440 584
1317 1873
2602 723
2177 2317
2369 2830
522 2928
1981 1638
1428 2779
2426 358
1571 718
1905 2865
1435 406
533 1690
2695 1782
2231 906
619 1457
2240 901
1940 2460
974 2014
360 2878
2888 2926
302 2881
538 445
1221 1654
2865 2669
1765 248
53 1390
2541 2603
2173 2003
2798 1345
2301 77
2553 39
2738 2724
1414 570
1996 1778
664 296
1327 2223
2425 2500
432 975
1285 808
984 2591
569 192
2727 2677
1963 1868
265 1265
1198 750
1835 9
2008 1804
1917 1276
1101 2458
2919 922
1723 1314
2124 1764
1857 1305
523 747
2996 1999
885 2975
1589 1599
2075 2829
1404 119
1668 45
29 1162
2330 1532
93 387
62 2065
2797 1769
557 1208
1482 1352
1465 2539
838 2431
408 117
1369 2921
1274 1946
116 314
371 797
2239 1050
13 1887
2645 2371
1182 47
1168 2042
2918 577
2989 1920
1667 419
2684 1557
998 1819
2820 472
2170 2646
1546 2073
1367 662
1159 2986
1742 1851
1432 347
1503 2329
608 553
1267 2560
716 2143
2319 2623
382 817
65 2894
1908 517
49 2944
624 1886
253 2292
2222 1791
157 1959
2552 675
935 139
357 1416
2037 642
1985 372
2154 1649
717 552
2294 2852
2726 2455
1647 678
1219 414
1160 1431
1360 1325
2665 888
2786 2535
544 865
37 1647
319 2416
1811 2540
433 2880
1448 355
2759 2282
733 1563
2326 1700
2244 2267
498 2059
1442 225
1800 560
1050 1400
2894 2626
2264 2509
1738 2556
2213 1711
2811 1186
724 2033
2492 0
2898 334
39 852
1735 586
1655 503
1208 1661
2181 2744
1158 1307
2838 872
2784 728
2300 931
1976 2809
887 927
931 2685
1151 946
2481 1593
650 1184
1568 2427
341 2729
1823 171
2433 1651
2115 435
1058 965
2193 1468
823 1885
2478 1306
1688 238
792 41
177 1046
1167 2409
1342 134
481 2237
2971 1026
436 365
128 1263
2965 1230
278 2201
678 1131
1117 979
2928 2650
706 1601
878 2021
2490 1216
274 637
214 57
1189 1523
2270 2289
118 2912
659 2516
2430 2180
1289 1021
1777 1172
2731 295
1888 624
2005 2917
1183 613
102 1768
135 494
1292 1233
1436 672
2935 2453
1796 993
2562 814
1328 2261
1008 1441
318 2531
1617 2256
2441 2101
1760 110
2765 2784
2584 1575
1986 288
2540 2030
1868 227
1449 2087
2745 373
150 1518
2401 1199
850 2434
2161 752
64 2838
977 2538
1979 538
2357 778
605 1525
194 2462
1865 2495
1578 2951
648 2192
2567 1676
1666 2399
1335 311
849 1137
865 2382
61 142
2845 1315
439 156
1949 1505
1749 2032
2409 348
1324 2469
1494 2920
1344 2512
2724 2884
1946 2391
1551 1401
2190 2485
869 542
1721 1605
2815 2475
2880 2265
181 1221
556 1853
1124 2134
810 1931
514 997
1648 137
14 767
1646 2902
1332 1165
1687 658
2012 1355
2930 2050
1304 796
844 2040
843 1578
2307 1174
224 1323
188 80
1445 2979
722 2194
782 1338
1792 589
2138 2842
2897 809
359 1285
1452 2335
1419 1485
2884 2315
2295 2266
31 2967
2453 693
2383 1460
117 1951
2734 1200
894 268
675 2640
1793 1929
2527 802
1170 2704
812 795
2256 2567
902 352
2688 2135
2558 40
1379 221
315 26
2680 2046
1629 2078
2393 2595
1968 2001
1031 1366
1818 433
311 1540
301 1139
1964 205
1813 2537
1918 2061
1417 1386
1783 858
475 1016
1020 2037
1347 758
2443 489
1253 2129
1373 2238
1018 2748
942 2570
1974 1623
1464 2942
1616 1226
2260 1394
2467 2241
1148 1495
2842 524
2796 2694
798 2450
1441 2364
418 2324
277 2471
63 2579
929 760
581 2166
346 1813
2205 2273
2356 2717
1269 2349
2805 1092
1193 2954
1941 1156
448 2002
356 1686
1144 861
1995 822
1254 2105
414 1371
2839 469
1256 1222
1333 1732
507 711
2259 262
201 1364
1585 2887
1991 801
413 467
2949 56
2241 2648
2728 1917
1306 668
2792 1181
2084 1916
525 2541
1029 1412
1421 486
2914 2604
1181 1425
1214 734
344 1908
1740 446
2794 2857
2194 2861
828 1497
2296 2186
56 272
2398 2659
1958 875
683 1191
965 2492
1089 102
385 2401
1341 1359
2464 2444
2432 1952
1321 2764
1430 1126
146 2487
252 2054
1450 292
2616 673
1383 1754
1714 2868
2557 1524
686 2672
1487 915
485 2542
212 1945
886 2520
1062 2703
1140 1179
2795 32
1831 1082
483 1188
2421 945
2287 2606
1608 2585
700 657
1706 547
1043 1037
2265 1072
2076 2663
1569 868
1305 2754
2692 363
1694 1611
809 2414
2764 128
2234 2918
2510 2937
1246 109
232 813
2780 218
1218 12
2585 1829
890 345
1297 460
1471 1273
2590 885
1122 501
1660 367
1438 2217
447 2515
1381 2413
2528 437
2442 2477
148 571
2706 2992
787 1245
825 1792
2157 120
1712 2820
1734 28
2570 2990
113 2124
1939 622
168 1130
339 10
1250 2393
862 484
2909 2004
1582 602
656 903
131 1091
1013 1177
381 1590
2960 2636
727 2582
160 962
1099 1942
784 308
2533 2384
2266 143
2106 640
2903 6
2179 2355
2099 2637
846 1579
2649 239
1527 2766
674 1701
1352 998
1105 1486
1475 1282
333 404
1912 576
1484 761
307 911
2133 2833
429 1981
505 456
626 2575
687 2
1343 934
172 1548
1886 2933
11 2306
1348 2381
1276 1182
493 2565
1217 1158
2152 2562
1525 603
750 289
2224 1982
543 951
2477 2092
247 2639
98 145
1850 147
262 598
2116 2964
1531 2205
1555 1380
335 1047
712 522
1624 1673
1169 1088
2361 1774
347 190
2967 2187
2635 1187
51 994
187 1893
279 448
1001 431
2617 832
1192 896
954 856
9 2165
2412 2966
2947 788
2334 2435
2006 2963
1511 558
2452 688
248 2678
773 2859
2763 2612
2392 1383
2364 51
234 641
1840 2818
1434 587
132 509
2917 2406
1594 1330
1520 370
1798 2840
2283 1035
2833 1722
1682 1470
2040 1816
2821 1231
1134 1324
2308 1748
1925 612
2143 866
249 1634
1102 21
2597 667
853 2146
2045 270
1790 82
20 1456
28 1720
778 1017
919 2352
549 1430
2484 2199
122 1381
1841 2213
1286 1049
1543 1788
2429 212
1291 290
1407 798
2471 2489
1746 1637
837 2645
2663 947
1622 360
1576 1898
649 1609
952 1322
466 319
1755 2044
1808 2325
949 1254
677 1469
1833 1719
1270 2660
2907 1085
652 1149
708 280
276 2230
1093 2599
2767 2149
2571 1204
2171 787
343 2311
2659 1785
1764 2254
2615 2398
2196 1592
2245 471
2378 1702
2411 1178
979 2642
1959 1056
1443 2298
900 179
1903 2454
1873 918
1592 1660
759 2276
1470 1144
198 1476
2291 1852
966 1847
2107 650
144 2984
1346 644
2439 1155
1100 2484
1684 2173
2317 1093
81 2005
171 2776
2891 2147
2709 703
2462 2900
393 428
1709 944
2030 203
2192 2819
463 2653
1349 1511
2923 1397
835 545
2667 1522
1162 1358
874 500
1982 1906
2530 1096
2380 2296
2723 546
1403 862
395 416
1185 836
1914 743
1894 631
1485 1913
2353 824
2819 1991
1150 592
1331 1707
2134 1659
2185 399
1876 1061
2934 1640
2102 2403
2594 719
84 1531
2497 449
2757 1679
185 2025
1390 2395
313 2856
721 1443
1368 762
2377 2081
928 871
2876 2505
2105 436
348 2437
2132 1582
2128 340
635 2343
1577 217
1225 2312
2889 1765
1762 900
2896 1039
2127 2038
1909 980
1672 2846
595 2725
2581 191
162 2545
861 2750
178 1526
2535 2467
2097 2952
873 1870
2697 2845
486 187
1736 2221
2685 2331
2182 2120
2249 1655
2436 1472
1639 2009
1458 1145
2957 917
2363 2013
1901 2131
2769 1404
2007 1133
2382 2523
2351 1608
2215 2136
627 2503
1067 1787
1069 299
1260 111
645 2571
541 2457
1748 707
766 1398
2860 1492
1483 2247
2534 58
1439 1348
2422 1678
2856 1734
499 1789
1245 1080
1681 1517
1329 1490
1003 322
2359 407
2982 485
1079 2544
904 2354
975 1652
906 1696
1575 423
1944 1449
215 223
1933 775
2984 1154
1044 515
615 892
2673 2365
1664 2240
1391 244
1970 2718
2043 1479
2235 87
2657 1134
1491 2803
258 2993
1542 2763
491 1206
589 157
2047 791
2583 543
1804 2445
2144 457
216 1996
530 2816
1919 408
1034 2473
842 1767
17 2195
1907 1962
1411 1840
1393 2346
228 473
1405 1747
743 1445
2958 744
2148 1128
1535 71
184 1828
599 1552
987 2100
88 1024
2976 2154
2208 2112
755 559
913 745
1094 689
1997 2693
757 1271
2423 2338
851 491
233 1821
2844 2893
720 670
227 1104
32 1891
404 2938
147 188
654 1815
2166 1616
519 1558
719 154
2341 2181
2687 2216
2693 1028
2233 956
30 907
2630 505
1137 1653
1012 1877
1612 2280
2444 1957
1319 2390
1663 2125
2859 167
1896 2679
438 2425
1803 189
24 1527
2169 1685
1233 1934
2055 24
2418 133
2267 1484
1112 2982
1125 2433
506 1316
1539 2714
243 1224
1732 427
46 228
1978 1083
2164 850
2620 1956
2041 1860
387 1022
1237 2231
2675 870
1862 1830
83 502
2826 518
1820 482
665 1990
2591 1070
2993 1520
2778 1087
1727 2576
1954 307
566 1264
866 2850
638 1329
2187 1478
165 2510
964 990
1387 2741
2230 1867
749 2514
2349 2301
1883 180
1365 2543
268 1880
1243 2753
2741 1888
2790 1041
1713 104
1854 770
151 2895
2606 679
1063 2802
1635 2940
689 136
1927 608
2682 2305
1139 2309
1809 196
943 1567
2668 1209
854 479
2304 206
1536 2408
819 1259
2955 1516
467 1296
1005 2927
1252 2219
898 893
1056 2113
1 1538
1563 76
2698 2903
1891 1619
2112 2958
2198 1539
1128 2983
2638 740
950 984
229 1242
1720 1141
388 2526
1900 698
969 2095
2646 708
2428 1664
2747 1388
629 316
500 1353
1567 391
2806 409
1931 2888
914 1793
2703 2655
1631 454
1163 1210
1807 1406
67 2592
2151 1220
2025 2676
592 1994
261 674
1323 1173
2931 2018
2366 1351
703 1101
2750 267
889 2635
1832 2144
2554 1161
1215 2277
1967 1738
1641 2107
2110 1790
1904 31
2725 651
2473 617
2219 682
668 826
2489 2172
1665 2588
594 2079
2618 2791
1240 857
1354 1120
1566 1023
70 2229
710 1376
1969 1491
242 2429
732 1954
856 1212
1821 701
480 424
107 1724
1523 276
2905 444
390 2530
833 1763
455 1260
1971 1326
238 1912
2271 105
791 261
2414 1827
1415 1251
1375 481
567 1986
1791 385
2252 664
1859 2392
958 1420
108 950
434 1159
1429 606
2167 2255
801 1132
1776 583
802 2795
1950 2269
2718 1392
452 2841
602 1972
1945 735
2636 2619
2345 1069
2994 1003
578 2156
2929 1006
2416 2204
2517 2470
978 2959
18 488
221 1901
896 2497
2631 2774
2739 590
2449 2023
1926 2463
1175 1002
1510 1884
574 541
2749 1735
58 2707
2926 1270
1121 1708
628 2262
516 1681
375 1108
2397 819
2263 1278
2139 2347
1538 2701
2210 1926
661 1043
1384 1713
159 1051
1750 2189
2674 2511
1022 64
560 1117
1413 784
992 1822
2384 867
484 1029
607 1874
1016 1099
1166 2423
1756 83
644 2161
2604 1820
1230 2532
1584 714
1789 2036
2456 2559
1047 2824
880 2440
2113 315
2255 1287
1779 1837
528 1122
2200 2286
2424 2596
1521 1066
1351 1253
941 1433
2651 1269
1402 1009
2568 374
2655 1429
1852 2116
2237 342
1530 2968
2754 2293
1318 579
2358 1217
2331 2097
927 769
317 2145
2310 2102
2956 1604
1537 521
2814 2991
2858 996
2835 626
704 1941
2582 1807
1480 369
1965 1729
2472 1937
2394 2853
2511 2713
2140 1477
358 1094
2079 939
681 873
1130 371
859 2793
2417 930
1427 18
1345 1038
630 618
2900 2867
980 2792
82 1160
1930 2847
2370 2580
1440 303
2129 1960
882 331
255 383
2288 763
1461 2777
990 803
68 1896
5 898
421 2742
1929 1955
355 709
2117 1202
2702 1313
2613 2109
2542 876
1303 1124
2595 700
1580 2448
2001 2424
554 2060
1643 219
2878 1646
36 1442
2810 38
800 2806
2941 338
545 840
1313 1587
237 1480
1492 2883
416 116
1590 638
670 240
1123 394
1957 1668
2970 1939
1675 2995
1406 1800
1788 1964
2243 1985
174 2866
1086 395
1677 2711
972 1988
845 1675
2285 1533
2293 2283
2141 2501
2959 174
1014 2614
2669 968
2475 2320
734 988
912 2128
2809 1463
292 1689
2162 2901
2258 1337
2042 1389
139 2733
2551 1749
2248 438
699 1297
2629 2220
1447 2058
742 1448
520 2625
1132 1293
1049 344
909 75
1898 1617
202 755
2940 2243
864 1027
1377 1643
2391 1836
38 2271
167 1515
2313 1374
