3000 7500
2311 1489
1213 974
456 2466
2473 844
6 2648
1120 2226
1960 2910
2227 2957
1059 2746
553 1564
63 562
1602 1924
2984 1630
2919 1541
515 314
729 1046
857 1267
1088 956
461 2602
2551 253
1848 1942
772 1058
1014 1430
2015 2734
60 349
2911 1094
2722 767
1496 2899
2565 2827
2713 2541
2189 1416
1542 183
479 1050
789 634
1457 139
2798 1664
1904 2243
2245 754
2542 1563
2014 176
93 368
2251 2061
172 1062
2543 222
1902 232
802 1239
2058 1403
852 1575
192 223
1042 510
1781 927
2019 1600
752 29
2402 2525
2858 2286
883 1653
2330 1301
2098 1527
2922 931
2755 2524
807 1195
725 2188
382 1029
1406 1833
1316 2088
1684 688
2594 2490
2716 369
1299 1086
305 2682
1410 137
357 2225
2988 1295
617 2207
1670 2907
860 2401
1138 748
1835 197
46 245
1884 336
1351 1921
2346 998
2327 1123
12 1966
2788 1917
1123 2914
1404 2728
1172 1827
2097 2861
998 1249
500 2938
412 3
2317 2082
1218 2604
1891 396
639 2819
1676 1399
744 677
1103 2355
298 168
1924 765
2667 1300
2507 828
2284 2549
102 1923
494 2735
902 2248
957 2367
2908 1890
1767 1925
1055 186
2740 2713
2916 5
1384 431
1622 149
1965 146
1188 963
1208 1587
1948 932
1990 2436
2204 647
1903 274
251 2493
2249 934
2422 1839
642 600
1617 2572
229 895
1141 945
1995 2979
1564 308
1391 523
2587 2704
2381 2018
2516 1145
293 55
1709 1659
2500 2357
1545 1534
963 2202
1296 2101
2897 278
839 287
2296 216
2812 1457
2646 1952
417 1210
109 1167
632 2230
134 2788
705 1327
1470 2023
2286 2951
2687 2874
2718 2589
331 2997
2498 837
307 1212
1239 557
1909 2120
867 296
1096 2389
1019 644
2924 774
1748 447
1293 597
1551 2558
1561 509
2792 512
2640 1701
568 987
2691 500
841 2479
1184 924
2090 2008
567 629
534 1928
1910 1135
808 794
1947 1184
272 1792
806 1487
2202 2714
1101 2577
1142 1064
48 2920
2850 2619
1660 1453
163 1768
115 1276
1159 944
2194 2898
2559 2221
2736 153
820 262
1069 737
226 2428
2149 478
961 1150
930 764
384 175
2272 2912
401 2206
929 1246
1359 2254
1430 1736
1235 615
2853 1308
1089 1323
2445 1508
1073 154
225 259
687 1867
2974 496
932 86
409 1025
1467 938
810 692
1863 1911
712 1855
2455 2296
1444 1905
1422 2848
1793 1030
542 2164
2813 2685
605 483
1311 1733
301 2297
2489 2542
979 475
1869 2182
1028 405
2809 2421
1745 283
634 1627
1959 269
993 1886
1048 1415
213 2044
2201 2585
855 1234
2515 104
1846 1710
846 2443
1735 330
239 1272
1194 2617
2819 108
2441 2970
2611 721
42 2660
1336 2652
1153 1294
2050 2010
355 942
2124 1305
966 1708
577 1698
154 2667
2337 1244
2415 1930
2210 1524
673 676
815 1821
1385 2562
280 755
1870 1169
1094 2326
2411 964
2758 1455
165 1008
2632 2805
2364 451
1956 887
988 1173
1799 2595
1149 2871
38 1426
129 1269
132 2210
2765 559
2027 35
1894 2123
1264 1348
2178 2181
782 275
2725 497
240 866
1827 1870
962 1386
493 2626
322 626
2197 2968
201 1606
652 2004
643 103
2345 1583
1328 2808
474 2191
1813 134
1483 1660
2776 1035
167 2216
1146 2359
2898 2219
2754 246
76 2464
103 2049
1133 255
202 387
2238 2046
2143 716
1393 96
2949 2724
1137 1993
1664 1065
2158 2445
703 2336
2372 1718
1533 2950
2730 511
2436 311
2752 1999
338 817
10 1233
2349 1282
726 1435
89 734
1015 1382
1723 1661
740 1443
1970 675
1471 2916
1463 332
2557 700
1538 2135
2871 2499
614 2996
2618 1448
625 795
986 2729
2412 1112
756 2798
1102 189
1680 812
1234 2183
1908 2063
1378 2074
2042 1965
2652 2131
2309 717
2838 1119
2977 896
1930 1958
688 2387
1374 1634
2179 1706
600 747
2437 926
539 654
603 990
2956 1825
610 243
111 1592
1043 2200
1091 470
2936 2263
1478 1278
2443 448
2011 1391
256 1588
2169 741
582 702
590 1103
2004 527
2239 2716
1040 992
1987 1153
1283 1851
2676 366
952 590
2582 2512
1873 1070
1270 640
1769 2014
2926 469
363 200
1609 2274
1236 1830
1659 1932
510 1157
666 344
933 436
2159 351
581 1484
204 36
1023 2909
835 14
1933 1315
1742 760
1616 2505
854 2093
584 2092
1632 420
683 2323
2187 1832
977 2590
1747 162
2523 1678
158 346
1459 2488
1810 2715
1710 2695
2590 2553
1772 2818
2794 2689
2250 2429
295 1777
2737 2726
626 294
2675 2564
635 560
766 493
2061 2625
1114 2002
43 2887
2034 1501
1513 1152
2597 1428
66 668
1752 1554
1473 2267
231 2311
260 604
9 917
1186 2762
2457 2431
2088 2840
1288 2802
2322 1056
57 691
2314 1429
1285 1330
2180 2727
2697 1847
2664 2708
944 2502
146 464
1026 413
1782 2856
244 1519
1974 1097
2508 227
1610 2333
1294 1019
1399 1497
1932 1543
2165 1652
2538 1418
1003 7
2775 2582
1461 468
2923 363
1647 2050
185 1378
1183 1725
2023 722
164 258
662 1553
2163 901
1098 723
1424 639
827 482
366 385
2321 2295
638 2857
1145 1525
2759 256
1169 1479
588 1872
470 515
0 1087
2661 352
1688 316
1657 694
2493 270
241 1744
2828 1346
2350 2265
2495 790
1203 2439
624 756
25 212
2354 529
1246 1822
2870 1010
2991 2019
580 2793
2069 1506
1897 84
2935 2079
1500 705
2224 1071
659 323
1032 2213
458 1498
770 1841
2136 783
793 953
1282 910
258 1642
2647 1075
2357 1959
1796 2102
2000 34
2577 1088
336 1397
1815 1081
133 2169
2880 1302
541 2411
2172 729
794 2828
511 1217
1033 2244
556 2073
2177 763
2300 2316
136 2272
432 1359
2895 1637
2527 766
1672 2707
663 1591
335 2528
488 1900
899 1734
1674 2312
922 251
596 1151
385 1049
589 651
1462 1812
1975 2020
1379 1700
1475 30
647 2269
1060 143
2114 1644
2747 2045
2900 2952
2305 83
206 99
2790 1628
1525 906
2408 416
1957 785
2410 1467
507 939
1206 728
2482 857
475 2303
329 2444
1844 267
2433 217
2702 2394
2803 2752
743 2233
1585 1125
1887 388
1686 2787
275 1407
1409 47
1881 1621
501 1853
698 993
1921 93
1111 1223
1414 1978
2797 2513
1165 2758
2622 2292
2087 2880
1433 1906
491 630
2529 1509
2341 1953
1877 2990
2707 2930
1092 1687
1281 635
840 2448
1629 2740
2288 215
2195 1293
218 1470
1249 806
569 1410
905 2130
2768 2725
1677 1551
2891 921
847 156
2607 614
791 1949
52 1918
184 481
2494 1485
2226 2186
2686 1202
734 714
1928 220
1765 2743
2439 54
2132 2621
897 254
1080 1388
719 2450
1358 293
2566 307
291 2356
1192 1477
1993 159
2174 317
2438 1815
1643 911
1855 1538
850 1850
261 2535
160 1987
23 1797
1594 2890
1228 1549
2247 1051
2742 458
2680 364
2181 1545
2093 873
1248 263
478 1281
2625 772
1543 1009
736 832
2873 2508
1755 504
281 16
1989 2516
1722 2687
2864 1897
1434 1595
2135 937
1229 1684
728 2170
1314 2998
1803 687
15 1863
1418 740
2879 2317
297 2756
195 2779
796 2089
1790 2338
2859 1536
2579 2610
1833 898
1499 2739
1440 1261
2486 1714
1447 2237
175 355
1295 2631
2064 410
2010 2126
74 1107
1570 1990
2545 304
2278 1565
2782 587
518 2056
2518 2769
1978 826
1679 1472
2520 2641
1041 1573
1268 249
1644 2774
1626 2449
1109 519
896 2759
186 2982
224 426
2452 2592
2950 2591
2310 2395
1749 981
2549 1334
428 582
1603 2410
1474 111
413 1699
2006 1357
2146 1439
523 679
2315 1556
436 2247
1692 488
2887 514
2483 1605
1537 568
1310 2755
2379 1835
125 2153
2141 279
1360 1641
126 239
499 81
1093 2561
1278 298
95 786
668 2665
2111 882
346 291
917 699
450 455
531 2160
995 1104
2182 949
1703 1068
288 1394
2063 147
61 2820
1971 1981
2827 834
2848 2262
1151 226
36 2550
2955 805
1681 751
1854 2285
926 1933
2186 1657
2902 1743
1476 902
631 1222
2938 548
230 1742
1857 2105
795 114
143 1805
1355 6
1280 2905
2927 2291
2748 2814
1701 2193
2689 1201
2335 435
2939 793
937 1717
2334 624
1577 2476
2810 20
1852 78
1900 1465
1090 117
58 801
2976 1876
1840 1228
399 1771
168 976
593 45
1339 272
561 1848
1547 2081
396 623
2375 2498
1824 2635
431 1688
1590 2583
1578 1371
2086 242
1800 236
1049 850
2801 406
1807 2195
1252 1252
517 665
2741 645
303 1722
1254 127
983 64
1789 219
870 158
1251 2177
484 1828
249 1372
162 2545
1402 871
545 2570
551 2242
2532 195
1338 617
779 2598
1318 172
2096 1194
1139 1913
1627 2157
1849 1603
2266 2575
751 1322
1823 1517
2391 2519
2274 2280
2026 309
2220 727
559 2350
68 1558
2173 1493
1327 718
2953 2400
2885 2580
1845 2034
1427 2011
1952 1054
2987 1215
619 547
2367 2967
2978 1584
1016 563
267 2483
2824 169
1662 284
876 13
442 1124
187 2977
2733 870
1896 1178
1056 664
1464 2306
594 2319
2524 745
221 194
971 1109
843 240
219 360
37 1031
1482 135
2203 965
1592 1044
2301 1572
2222 1636
1528 2688
155 1616
1095 182
2540 1609
621 2150
1595 1570
543 2884
628 662
1517 1299
2969 2859
955 2036
381 713
1892 2900
1567 681
1331 1765
742 1680
1606 567
2083 152
695 2116
811 2057
463 1390
2793 1561
2855 1946
415 2173
2157 2809
1988 9
1155 2888
2214 1727
487 2965
1058 1633
181 1531
1969 1375
2234 2232
1593 2533
2275 888
1630 170
2671 1033
2409 2273
1302 441
2052 2345
2862 2406
2843 1057
1441 1994
208 2145
372 2066
927 2042
2558 1311
1929 1610
1514 852
182 2331
1946 320
1216 1779
1520 2166
1354 2948
1197 2143
2787 2515
328 1137
1215 467
1604 1559
2745 508
2600 507
2637 1379
286 1344
2122 450
2550 110
2167 1265
1588 1944
1305 842
785 2327
2240 2298
1502 2250
2262 1912
2016 1133
1423 1947
1453 341
1006 1108
2774 1759
900 495
2888 1197
745 1077
135 1533
904 2217
599 2629
2488 361
805 925
866 1241
906 2842
1244 2220
1214 556
830 650
2386 1328
1332 2442
861 1352
2156 238
2829 2007
2739 2289
598 61
1527 1490
2485 115
1021 327
1906 2833
1466 2954
269 1310
4 2047
1287 1466
1233 1756
817 1849
2425 97
1380 1673
2735 791
191 1358
1162 1040
1879 386
2464 2334
183 1172
1020 1462
378 1425
2805 1213
714 1329
573 690
315 2127
1039 2142
2392 2894
920 893
101 1615
371 2053
813 1480
1937 1681
547 544
2604 788
2481 621
2103 465
1858 11
2931 2373
1100 439
972 799
1915 918
888 2547
2863 2329
699 209
1125 709
2215 2693
856 2407
438 1023
1099 1248
2196 524
2039 2370
657 306
2614 2064
370 501
618 2161
1315 1141
1916 118
1259 2983
1108 1392
1818 2152
161 1896
508 389
380 904
606 2548
2603 2775
804 1903
2505 299
513 757
473 1919
79 1995
29 177
901 703
824 1192
1651 1438
978 2895
21 2176
2002 598
2348 2531
2960 1784
1363 1338
1751 427
722 742
332 2278
1341 2943
2601 1860
2711 1464
374 318
2265 2144
2037 2211
1934 1774
907 1297
197 1374
1168 1193
214 1175
259 2712
88 518
765 2668
2106 51
1631 301
451 2546
1719 82
1687 822
1558 1257
747 2396
759 2086
2822 961
455 1016
90 2071
1110 1168
113 1889
1469 574
147 1
1303 1651
1225 2926
1053 261
177 208
2153 2165
352 759
2854 2062
1455 128
2849 1569
1306 1892
73 2270
1317 2084
877 462
1307 2904
2205 1006
2832 2834
1725 1128
2738 121
1126 2212
2047 1937
65 2989
1575 1396
45 1245
1730 912
1174 1069
1727 1638
2442 163
2113 2069
1066 1976
2339 438
1656 2156
2844 1898
798 1786
2641 1899
1633 2320
2588 628
1224 2067
1608 2364
2941 2005
1814 1424
1504 2032
243 2800
1373 1255
1912 1284
959 2341
1635 1767
960 815
427 2885
562 622
636 409
2450 1414
2048 1028
2769 770
723 1658
1010 1067
2012 1488
2817 205
2700 204
1304 1445
1068 1840
537 1916
2696 1869
2608 862
1129 1198
2306 2354
22 571
869 2522
2459 2026
138 155
140 2033
2785 2180
1532 2560
675 860
1394 2520
2020 2829
1369 1143
119 867
1364 2623
2287 845
2095 2159
936 1325
2968 1510
565 1450
1935 2544
2013 2556
1472 1024
953 570
2781 1969
35 1174
552 1697
1961 1161
2833 646
575 479
1253 418
994 943
2623 1182
2896 288
677 1594
739 2650
2753 203
2973 382
1030 140
1036 456
1901 2495
255 358
1534 2636
921 1955
1309 2753
1759 636
985 1576
2770 2209
803 1871
1417 2933
609 1319
1167 2290
2127 1026
574 123
448 181
144 2352
250 589
145 1902
1801 575
2553 2711
2930 1702
1667 565
2800 60
2399 2825
391 2171
233 422
1132 2070
1000 984
2336 1802
2584 2694
369 2992
2586 585
1856 2346
1226 1181
769 2187
31 247
1540 1179
2460 2021
2184 2330
2731 2402
2525 362
2796 401
1349 1442
1786 1072
2394 2294
1671 892
612 2975
2653 2251
1067 384
1926 1865
2166 619
1301 1273
2007 265
1613 1989
2420 2605
1522 2121
2232 813
2138 2408
62 1782
2645 1055
1077 2742
2401 553
1997 1332
2440 474
86 2865
2387 2722
2248 761
1889 564
2185 883
1079 2540
2018 2705
238 2017
2662 2388
1223 1066
1943 312
2414 1834
787 907
1232 732
2714 2955
419 2683
1140 1882
838 22
1390 838
587 1063
480 1020
887 2986
1831 2083
1581 632
1706 869
2789 1881
2658 25
1847 1685
1572 1528
1 476
334 955
2727 1083
337 1503
2003 166
2128 2282
2724 407
2535 706
2312 2420
1695 1236
1895 339
2035 109
400 2137
1506 929
1668 2027
1979 1885
780 2953
1758 625
1398 437
1320 2382
2325 1766
1836 2815
2894 201
85 2906
2458 425
2851 877
273 1669
156 445
914 1220
1097 2133
2904 1674
2451 1624
2966 2094
1204 2301
948 833
2548 268
1061 1908
423 534
1611 380
1571 1998
2316 73
2573 2344
1536 1176
2616 579
2605 2573
386 1446
279 2607
397 730
925 1732
1428 2702
1535 2146
323 1127
717 1360
2074 1862
353 1707
278 1013
1917 252
863 1458
92 2786
1262 196
505 549
2841 319
1623 605
1704 606
1205 980
1347 731
1746 2813
434 2480
1191 1387
738 2076
762 1979
786 2113
2242 1724
1599 2717
262 2091
1243 95
550 666
595 1739
1484 1440
886 779
2496 297
2598 2029
2424 1757
750 1799
1064 541
1962 2932
1720 1515
1843 2281
2528 2745
2221 1266
1761 1032
1008 1694
2964 1264
2032 48
173 1162
2056 2125
1489 1240
287 2514
1834 1206
1832 218
2657 1647
1154 46
2982 2697
27 1203
2155 1907
1416 329
1161 480
2049 466
2546 2615
2760 957
1247 144
2208 1027
1888 432
1376 2478
245 643
2295 542
1104 1943
2390 1495
1658 1640
1034 372
2263 885
420 2048
2699 1474
2677 2255
2901 2647
2685 1499
2996 2594
2962 797
2583 440
2421 2115
207 2501
2526 670
1429 2351
2764 2418
2259 1373
1696 2600
2207 2140
2355 966
1700 2699
2997 1356
825 789
2721 2640
1882 2773
1144 2361
1640 612
2359 983
2981 594
1408 429
641 2984
2427 1423
497 321
2008 58
2681 2974
741 224
809 528
1899 2194
1321 2664
2839 2922
242 1260
934 555
339 2024
1012 875
2620 1271
1529 2496
1290 63
771 1292
2767 2148
1586 411
1237 1120
1721 982
645 1769
440 890
2643 2732
1920 2469
2695 2875
1636 2324
655 1093
2449 1988
290 960
1222 1412
2778 1420
1963 2307
2877 2504
2388 1728
2674 607
2846 2509
1266 2375
2544 1180
2903 940
2857 2609
1733 76
264 2380
2426 2681
1083 2867
1740 39
1180 446
1018 1502
697 856
8 2551
2893 1492
2299 1562
2979 424
2808 858
1809 1052
1342 1804
309 2730
1084 610
1713 1730
2256 1801
2961 1552
311 923
166 1675
116 1118
1177 1148
630 2851
1757 526
583 1185
282 2397
2970 2902
1011 1814
1200 1230
2509 1703
2866 814
1689 2736
1173 1227
2077 1091
198 1106
341 1737
1829 879
2107 1209
2633 79
426 576
2886 486
411 129
394 1100
784 391
1955 543
1634 2404
429 2569
532 1085
2319 2618
1392 2518
2171 404
1519 112
1490 1229
2477 2924
1777 2723
2223 207
2814 2999
1718 1400
633 1745
11 578
2779 2038
2108 2655
1024 2566
2734 1514
1792 2462
2784 2703
956 1962
403 1655
316 538
2983 2801
99 393
1967 2822
2469 2777
2943 452
2959 59
2417 430
1893 2776
773 2639
1964 1679
578 375
302 2097
945 1883
1189 266
152 959
388 2841
2816 136
2444 2608
2270 2642
690 2751
203 1654
1128 2543
2771 536
2899 851
1685 2204
433 1460
2030 1190
2499 2425
1821 1763
2273 608
1649 1619
608 2256
2656 807
1150 1593
2009 1441
1438 839
137 884
935 1778
774 2039
819 2959
2282 2240
1663 829
41 2435
2840 1837
2461 996
864 180
2692 2795
858 1904
285 1274
2826 1803
2115 2858
462 2365
2649 620
2830 116
1112 66
1859 2555
1157 2891
2070 2000
706 724
1612 1231
467 631
943 1113
410 33
2534 1473
2281 1225
1456 2246
661 1672
190 2058
981 1686
1511 2385
737 1500
1346 994
1776 1820
654 2530
407 2474
872 221
1240 2196
1898 550
2389 1589
2463 2578
1624 65
454 1807
87 230
968 1296
2856 305
1037 973
519 277
1009 1021
1866 1960
153 1199
2651 2686
148 750
2318 1894
188 2749
503 913
1242 903
1944 1377
130 2475
2914 1648
885 1582
1291 2037
435 234
1371 2257
1942 2347
755 2643
1918 1973
2292 2236
1654 2006
684 2581
563 2941
1637 191
2406 2507
2762 88
1002 2719
692 975
540 281
205 1452
274 173
390 1140
716 44
2537 365
2261 2737
665 802
2617 2811
13 150
2704 1211
1119 326
1397 2276
1744 1781
1052 52
1492 593
880 1253
1589 2009
2975 2537
1403 1098
2101 2985
2602 2599
122 2468
1763 1409
123 2471
1711 752
989 94
209 1530
2606 2879
2621 1938
1968 1997
234 1354
2231 889
2940 2108
1124 1316
2660 1775
1795 42
2530 1110
1255 1243
894 2486
1992 1838
2384 908
848 735
660 1884
1230 596
2017 2398
5 1726
520 2458
1732 1617
1931 686
1526 1298
2619 1476
1377 922
276 1170
2918 348
376 1939
509 1449
1118 1324
2957 2391
2905 1682
1773 935
1411 798
2876 2757
1951 1355
39 2921
2869 229
447 325
670 285
669 1036
1401 2991
100 836
1985 2259
2371 2935
1031 909
650 374
171 62
1412 2016
2946 2096
1826 1954
1421 1131
1013 1901
2404 796
1076 98
1607 2816
2513 2976
114 1159
1365 21
82 2040
1198 2452
333 2675
1678 1764
837 1748
179 2676
2041 1567
98 1478
2624 1788
2878 2823
2834 1200
546 2593
2479 1934
571 2698
601 1368
834 824
2644 2963
2407 2908
672 2138
748 663
2028 999
2650 1571
404 1568
2783 1347
799 2669
395 2633
1868 2870
430 345
1348 1705
1210 978
77 2128
910 1427
627 655
1583 2099
1175 2741
117 124
620 1986
2592 1512
521 484
2329 810
2082 2511
26 1772
359 2377
2484 1662
1712 672
1682 1005
1352 2174
686 948
1372 601
1939 804
2519 1059
2380 1166
1754 803
607 2414
2678 2863
881 2761
2821 2103
2200 2832
1779 2340
2585 2386
2356 1550
2610 1130
2521 583
1784 233
967 905
504 2275
2999 107
2126 1216
425 2266
2110 1142
268 1136
1269 394
2688 1205
1808 1842
1276 1163
1785 566
2120 18
424 1741
1045 2424
1516 2484
292 2470
2161 2882
7 2013
2536 653
2447 257
1582 1537
964 494
2564 2472
1178 2022
2297 334
2085 1716
34 1963
2766 2339
1121 552
2361 1601
727 2077
1605 2770
1729 1957
84 367
529 1846
1181 2035
2491 1078
1071 1968
694 746
2475 854
69 2913
2145 997
997 1349
1762 1776
826 1539
2937 599
2246 841
1555 415
2025 881
514 2720
2416 1320
2432 1134
1370 1250
2933 402
2749 979
2362 2946
189 744
110 586
216 1221
2465 2565
236 2645
2693 1080
2137 419
2378 1874
1113 777
1267 1695
1493 2205
2193 558
1449 1226
1743 1084
2669 792
1822 433
2635 2826
1004 1413
2435 1496
637 244
2377 477
1938 1335
557 489
525 1314
460 2072
2055 2175
2081 971
2786 280
2690 2978
2446 1557
1510 991
2884 1505
131 2252
1319 2199
416 2494
2663 506
875 947
836 2783
1250 2806
1452 736
2934 1893
2539 2677
44 2104
640 1406
2865 331
1756 680
265 2993
2323 2627
1768 2158
1147 1808
2648 1967
2188 2622
1481 2343
1107 2459
535 1747
2708 1806
18 878
2289 762
2474 1089
2907 485
2255 1816
2243 2001
1981 2423
112 2940
2497 816
2861 328
2276 1171
326 2821
2268 530
2304 2012
1580 2510
1238 784
266 131
768 2812
2560 1343
2237 2215
682 295
2503 2877
2947 503
1413 1482
1300 1132
1362 2231
2257 1380
558 2654
1386 1000
2456 1631
1864 313
465 1891
735 2132
898 2796
681 1365
1530 2197
1986 2184
718 2492
1707 1859
2951 1126
367 2308
1875 1214
1334 1395
709 2325
2980 1160
2985 1144
1258 930
2206 2129
47 356
1984 592
2211 2239
1199 1599
2057 2521
2326 2526
2199 1787
459 1468
1766 1810
1425 1436
51 178
70 711
1322 1270
797 1095
2342 1304
2989 532
83 2854
2212 449
710 916
2512 2928
2627 2043
1850 2673
2694 302
2921 2927
1661 2497
658 2893
1263 695
414 2461
2835 2360
984 1303
2726 2465
247 1555
2506 2318
526 667
1027 23
141 573
2638 2768
2150 1950
829 282
40 167
615 2883
2253 2457
2825 808
1460 370
1568 1761
2547 2383
987 2579
554 1437
1576 2792
16 2059
664 2733
1196 1385
2836 1191
2892 1247
1190 1945
2192 1691
604 403
602 2378
1136 1367
1691 2803
849 53
1954 2075
2705 2868
199 831
2668 1219
2746 303
792 2994
2948 463
1708 2972
1783 1693
342 1237
1382 2663
711 2321
1261 1676
2133 1147
227 535
2059 1626
2990 1340
2 2804
2031 164
622 1578
237 1926
375 1602
354 820
2117 2369
481 2179
1559 199
1945 1755
1501 2624
210 2620
2105 618
2068 2847
320 2706
2065 2794
1454 1643
2168 472
289 941
1448 674
721 1402
649 1692
775 1880
671 2384
1065 1158
1780 492
2929 1022
1509 2109
2478 819
942 2915
585 531
613 214
2920 2277
1851 1283
674 460
1277 689
1082 1818
1628 2264
891 2853
2075 1475
1648 1817
611 1719
947 696
444 1546
2365 657
2393 2536
2842 2934
764 1783
446 15
347 580
2190 897
2308 1721
217 2764
853 825
916 1623
441 2696
2572 461
2413 2666
362 1082
59 1668
445 1042
194 2363
2541 2791
2369 473
2994 487
954 2003
1976 1422
761 2139
700 2417
1830 2584
1350 1574
2374 2710
2046 2268
254 685
1913 1665
105 1878
564 697
1552 1683
17 787
1874 1873
1546 2358
1105 2260
1798 2947
2454 210
2628 1635
319 1586
1193 1622
788 10
2076 1566
2569 1920
2954 2090
623 1419
696 1773
1432 90
1508 400
576 1287
758 2568
94 900
1645 2919
1983 442
2729 1043
1728 2106
2269 2944
1936 1432
220 1597
1512 1974
2875 1910
975 1548
2291 1535
2254 2911
1566 2473
1366 2201
257 122
1182 2709
1991 2601
1805 1259
2889 390
139 2586
2717 1048
1436 603
965 250
67 2603
895 698
1361 260
1075 1408
2343 1612
776 1961
1573 1204
2561 1529
1871 2674
851 2224
485 952
2682 1111
879 1809
1925 2532
1450 1520
2448 2172
1443 2657
2398 1751
1480 1523
1025 2995
2757 1795
2370 2451
1284 2078
2139 1909
24 1770
1275 2107
1574 581
2571 1002
2099 395
495 708
2264 2656
1195 1826
2467 2041
991 1754
1557 202
2283 1149
527 1511
1980 457
406 2961
2502 800
2672 1037
496 499
2279 2554
2123 2721
1271 2843
308 1611
360 2154
1675 1579
2655 2332
1044 17
1086 859
656 171
1479 1238
591 775
1705 2085
912 855
32 1746
1560 616
299 1129
1673 2937
193 193
2302 1115
2654 2399
1553 1831
1503 271
859 1321
1922 2136
2609 2846
1614 2661
2967 2807
232 2662
679 769
1494 2896
1375 2052
2431 2227
345 1275
1326 780
2659 522
78 2134
754 2155
1388 428
548 2283
2021 962
2777 1341
2715 886
1115 32
1862 743
1106 2349
951 2718
1357 1404
2119 77
2029 704
1116 1461
2504 354
1591 2658
644 2054
2333 1218
1257 2671
800 2886
2698 2958
2383 1045
2051 338
104 1607
2216 335
999 2691
235 289
2615 300
2773 2830
14 28
489 1811
2568 1590
1998 2903
1029 2701
707 1715
1820 2030
2761 1186
1941 1738
1563 2917
924 408
1919 671
151 2563
1860 1007
940 2784
2972 1864
20 371
1227 1398
2001 2876
1131 1401
816 2855
211 1666
1861 1532
1148 2068
2130 1547
1488 2228
1063 1350
2022 125
667 1671
2860 712
544 19
2089 2337
1804 2538
294 513
356 2747
1841 919
1521 638
2079 1317
1405 1039
713 899
893 2831
1665 2028
2366 1914
1927 920
2213 648
579 2897
222 235
2229 133
2552 74
524 2844
693 2731
1135 2785
1811 1639
890 2
1171 2463
1458 954
2533 776
1717 315
892 2649
2403 1677
2802 2973
71 2613
271 1813
443 1656
348 1164
118 1353
477 2412
653 1977
1286 417
2712 2403
1487 1613
1601 2416
2084 876
2728 1053
1134 2684
1739 2456
732 1929
828 637
845 2523
142 2147
903 2653
2147 342
973 2031
325 1789
1297 1242
646 707
2743 2241
833 546
708 185
368 2481
2396 525
2476 2245
393 2413
1883 2453
1330 2574
2763 2611
2067 1074
1885 1935
1038 863
1337 1544
1618 660
1389 2111
107 1381
1345 1845
2134 1459
1057 719
2400 2393
439 1189
1465 928
2639 187
1081 2051
502 1975
1324 872
2423 397
2164 2366
2320 1041
2175 160
422 684
1017 1393
2906 2163
1615 1262
340 1165
2053 1351
453 453
2285 2606
358 2293
2151 1289
2092 1389
1426 782
801 1369
2434 818
200 988
310 1038
1260 1749
2428 2587
2807 2634
1940 2460
2501 1936
1876 2300
1062 1012
1420 1121
1387 68
1699 4
2882 1491
2642 1471
1726 490
215 2690
2595 310
2629 2632
2723 1235
2670 106
938 228
157 1645
2944 92
2148 2284
2522 659
2471 350
1211 37
1070 2261
950 771
2271 1518
55 381
2881 2559
169 2700
1164 521
1074 1752
597 2567
2225 50
1794 2467
2170 865
1738 1307
476 67
1356 0
2453 768
2154 595
2125 1992
2162 1800
2043 739
1497 2646
2368 846
1949 421
549 1620
1750 1667
778 190
283 1819
1486 2765
2233 1208
873 26
398 2100
566 2487
106 970
2331 2371
2328 1712
2324 2988
75 1780
909 1836
1176 2287
452 2557
318 2778
1666 2966
1050 868
1958 1790
1819 1232
19 2506
1344 184
392 2087
2045 1336
1335 2304
373 373
1272 1463
2252 2680
1825 1339
2613 572
913 1318
91 2299
1435 1711
862 1076
1886 2415
1549 1951
528 946
2744 1469
1130 669
2804 498
482 2931
1714 1982
1308 989
702 101
1265 2962
974 324
560 2315
823 2055
2144 823
1298 2489
976 1758
2567 1971
80 811
2353 1856
2102 1507
1209 2368
2952 2454
2591 1972
1367 894
2531 2869
2332 2258
2338 1361
1087 2362
313 1313
629 2162
2971 2781
767 1888
1598 1931
2228 1940
1143 1333
418 2956
2963 1101
2751 2328
1890 2862
2152 1793
1468 2881
2260 399
812 2279
1734 2799
680 843
2244 1521
2913 2503
149 2446
1127 130
2340 2168
2706 1887
223 2936
2054 986
685 443
919 2119
1621 2313
731 57
1741 392
402 1291
330 2925
327 2760
54 2422
2468 2678
1395 720
1541 1364
2626 2810
1652 1224
212 1188
2581 533
1620 87
464 1139
1923 2517
2815 2305
1241 1090
2910 70
821 1858
1653 2860
1996 2485
377 1513
2160 733
2867 950
2142 31
2831 1254
980 174
2634 414
2986 12
2466 71
1641 588
992 85
421 2866
763 738
1878 1454
1911 1948
2218 540
884 2878
1548 2692
50 273
783 2892
49 2817
1787 56
2385 2630
2112 977
818 1207
1005 2335
941 1922
676 2672
174 1729
2480 241
1839 2392
1600 2849
2780 1709
270 2942
2071 333
2915 2612
2575 1433
457 1061
1802 2628
678 2638
2636 2376
2995 2838
2580 2527
2958 188
351 2095
814 2178
1842 113
2429 1608
2363 2390
1245 1585
1396 2552
874 693
2599 1268
2241 24
317 2310
284 2571
1442 551
1256 1670
868 378
2024 2080
2845 1740
1047 286
882 2433
1724 1596
1531 1447
2750 821
2129 1015
2925 2539
1775 1829
1207 2491
1764 2189
1544 972
592 102
2280 914
72 1723
1498 725
2612 1970
350 2234
1001 2426
2673 545
2818 847
530 2198
2570 1004
1642 1105
1273 649
970 2222
2883 2839
1333 1001
81 2141
1419 1017
1736 2430
468 2960
492 383
1085 141
196 2271
2932 1580
2298 1927
1771 2534
2510 778
2701 517
108 2651
760 1114
2703 1277
842 2981
2578 2852
2470 2789
343 2637
730 2322
2078 1034
1698 1003
2313 1750
389 1632
2382 611
1554 2065
1187 1376
2005 1964
871 2253
1381 2872
1817 1494
1163 100
365 290
1625 2782
2665 1456
1715 753
312 2980
1579 1877
253 157
97 2455
2795 2837
2351 1073
277 2744
2709 1941
2038 1263
2040 1956
1770 1018
2574 609
1655 781
2563 1290
753 347
2993 1625
2258 377
1170 292
831 322
1838 661
2347 2149
2998 151
1446 2836
2080 1011
790 701
958 602
321 584
1539 2249
252 1363
2630 1824
1950 1581
1550 1196
1774 2987
361 1362
1274 2763
982 376
1439 1444
1323 2670
1697 569
2118 1868
2837 1791
2091 936
2732 211
2872 505
822 1370
2290 1895
2562 1079
2183 1984
2965 710
1584 213
490 2644
2344 1861
522 2529
1569 1560
1289 891
1166 423
2036 627
2033 69
2820 758
1639 2190
1220 749
720 38
314 2437
1415 2767
170 2923
1994 2971
1867 1286
121 2218
1507 142
1051 641
2419 1663
1035 1604
349 1183
2121 2353
344 2122
2236 1047
2847 1431
1702 1312
911 1288
996 915
1778 2060
1212 2427
572 1481
908 874
2307 2659
990 1326
176 192
538 2576
2514 2440
2191 1796
364 1331
1054 1486
2217 678
1565 2864
1022 1720
2852 1102
2720 591
1905 2797
296 1383
498 1279
918 2447
1078 2482
2430 633
923 1280
1973 119
120 237
1982 2025
949 231
2072 2790
781 49
2517 1156
2917 412
2405 840
3 1122
246 2192
1587 2203
1158 276
2811 126
1437 2873
471 2309
1202 1146
2912 1060
1597 1762
1638 1798
928 880
2472 248
915 1117
1872 985
2576 357
2756 1526
127 444
1669 561
180 1852
128 1731
536 1522
1837 2208
689 2432
1797 120
946 2780
178 2945
969 1649
304 1614
2554 40
2679 652
533 1434
1325 80
2511 2214
2942 2596
1753 2419
2198 2238
2044 41
616 2500
889 1366
2060 1092
53 1689
1865 2964
1806 2118
379 861
1219 1014
2909 2949
300 75
1646 91
30 835
1693 2235
2277 132
1185 2372
1477 359
1953 1991
1491 2754
2490 502
263 2098
2100 1704
324 1598
56 165
150 225
2209 145
1313 2918
1160 2223
1445 2477
2109 454
2418 1866
1231 958
1431 864
33 2679
2104 2616
733 554
1515 1309
2492 539
1523 1337
715 2379
1451 1753
691 2151
832 715
228 967
405 1577
1907 2738
2360 951
1046 2405
1179 1483
2140 2597
939 2438
2066 520
408 471
1737 849
2631 1405
2799 1983
2358 683
2945 1342
651 43
512 491
1524 1843
248 1116
2293 353
865 1138
2303 1823
2116 1177
2890 206
2235 2441
757 1542
306 1915
2556 2117
648 1713
2791 1256
2868 1540
2589 1650
1221 2901
1400 1096
555 2288
483 340
1505 1854
1353 613
2992 27
1816 1154
1650 1451
2373 2348
704 1875
1562 343
1312 2748
1760 2889
2094 2114
2772 577
1156 1251
1914 773
2487 658
2376 1690
387 2824
96 682
1368 2015
1966 2750
2397 969
2806 656
749 2929
2683 2374
1407 1760
472 2771
1217 1735
1279 8
466 2342
2176 1285
777 1187
2823 2409
449 2229
2230 726
2062 398
746 809
1812 337
1853 1879
1343 1306
2219 1794
1122 2167
1972 379
1828 161
1596 933
878 848
2555 459
1383 2588
1716 1844
2596 2124
586 2614
1292 1345
931 2969
1977 1417
1495 1411
28 179
2462 1980
844 2766
1683 827
124 1857
2710 138
1619 1646
2684 830
159 1504
1152 2381
2294 2939
486 537
1791 1155
469 1258
383 1516
1999 2434
1340 2185
701 1421
1485 89
724 2835
2267 1629
437 2314
1518 264
2073 853
506 2772
2928 1099
2395 148
2666 642
516 1985
2874 198
1072 1618
2352 673
2719 516
1201 2850
1690 1996
2593 2302
1880 105
570 1696
1117 968
1329 2845
2131 72
1731 434
64 995
1694 2110
1788 1785
1007 2112
1556 1384
