3500 6000
1620 3174
2951 1760
1503 1813
2156 3420
1488 665
1073 1804
414 3492
3132 3100
3000 1041
292 3436
1937 1021
358 1822
3242 369
503 2856
231 2037
1934 1448
843 15
2542 3415
2499 2005
274 174
3086 2517
2201 1506
2192 1595
228 1992
2921 463
1534 1532
2448 2691
2513 3397
1654 1509
1060 277
372 88
2549 350
1107 847
2775 1579
1425 1734
874 2318
2942 2977
1249 530
1740 3387
1297 2062
3183 187
3304 3370
3046 2981
749 1257
2977 1597
2716 1147
1801 2002
3361 2873
1078 365
3163 1383
826 1305
1122 701
2747 1638
959 716
2940 2302
1610 2314
3073 2368
644 3367
2575 384
2640 458
2820 496
1497 1097
569 936
214 597
1662 2452
2475 972
255 98
850 542
1807 323
1047 3084
636 2690
1794 1851
2021 3044
2737 2044
1687 1440
1309 2865
221 1610
2404 1582
2220 520
62 1163
498 2796
3041 861
2784 3328
248 1790
2557 3291
2849 3085
1208 1199
1854 2601
1318 2708
1054 3346
945 2309
1452 2489
2054 911
1547 257
1313 1413
1053 1553
1153 3490
1975 2986
1520 2167
2151 3188
74 1673
73 729
1158 821
2758 291
2745 129
668 2607
2315 787
2915 1435
1137 2130
2668 1711
449 2499
2651 2798
1365 1201
1834 2884
2127 2496
2122 2343
1135 2186
2563 2966
829 2980
609 2370
194 1034
2925 166
2837 1955
3081 2625
3260 553
2535 2406
736 2843
3287 3453
1770 2840
1767 1510
2001 127
1843 1690
1347 452
2066 3254
2453 977
1408 1170
1774 151
273 2476
2436 2746
3178 1395
197 2065
315 696
202 2440
757 2057
1123 2775
1916 884
407 2111
2911 1832
13 95
690 587
2654 2946
2997 1353
451 1064
2956 1872
92 1148
2515 2172
1103 3087
2799 2364
1396 1723
1379 1890
1490 2454
969 655
2056 447
643 2630
3346 1291
1750 1674
2115 575
1698 2516
413 684
944 56
1630 1091
528 2556
303 2418
911 2397
2082 1735
3447 825
3368 457
55 338
852 1017
3410 2505
2819 1887
564 2000
1537 1267
2401 2915
2067 1452
1778 3055
3168 2918
126 1370
1790 32
3164 2488
26 3342
3257 3493
813 1640
3338 3284
2425 948
94 1110
1117 2688
2431 2376
2779 3224
1339 1242
1195 1202
2786 2624
811 198
555 620
3369 30
1970 1399
806 3041
1032 1233
492 2328
2734 850
1897 524
3121 1211
2342 2258
84 1929
1287 567
1061 1401
2351 1753
3283 1011
2230 2327
1811 2827
727 96
2030 2509
149 1967
1239 2020
1125 1415
1757 2438
3066 37
2364 1519
416 1695
1939 3380
648 1940
3219 2838
990 1525
159 1020
1238 2608
365 1650
1994 3459
1573 893
2194 2524
675 1428
3074 1861
612 3267
547 1451
712 879
2686 2163
2558 1631
3049 1785
2552 1421
854 1089
857 951
943 2175
1623 3048
1034 1665
1768 903
2417 1561
1493 2023
279 1750
2682 1514
482 2790
2045 2737
2061 3299
687 3134
772 2380
1489 1847
1016 3013
2735 2156
1585 3424
1640 3088
607 3343
249 1956
491 2788
3440 2643
402 124
840 218
3142 1376
6 142
3265 241
2512 901
2051 3497
1192 172
282 3046
59 2896
2124 1607
1252 1960
1407 424
2240 1368
2541 554
2184 223
401 128
2245 2450
442 588
1789 2741
2518 2539
1044 1577
1527 1622
310 1279
3141 1189
1315 615
2456 928
318 1888
2136 2490
2222 2372
2258 1588
2998 103
3279 2284
677 2753
1064 2590
300 2547
3348 71
1785 1651
443 799
2339 1333
180 3435
2702 2451
2478 415
1714 107
2903 3082
3134 1059
2841 2294
49 686
1990 1296
1719 1309
788 3014
531 3154
610 2774
99 1048
542 1418
1348 1882
1675 57
926 1889
308 2548
1359 1578
3079 3448
3084 3110
1903 2396
253 2492
1041 693
1531 2384
3424 242
2728 2506
864 2648
1147 1164
1560 448
769 2063
2031 3266
213 2414
203 2695
2403 2526
100 2786
3125 2699
1858 525
347 2094
846 2355
1175 3456
873 2738
1087 2399
2527 596
447 2090
186 2118
78 318
3112 1076
1329 996
923 1266
1165 2577
2508 2936
2901 1101
476 3257
2567 490
2412 3376
374 1330
2612 528
1500 41
156 1491
743 1113
838 90
1739 2736
2988 2330
1298 826
473 916
2025 408
2954 159
364 18
848 2627
543 836
2929 636
1283 2851
1254 559
588 877
2014 52
1412 845
3275 1224
314 3075
3143 1183
3113 36
1582 1828
764 212
3051 354
18 207
2418 1208
1459 698
2816 3360
269 974
2643 2823
67 2621
2592 649
1429 2054
1042 24
409 1238
1428 1179
844 2519
2329 1354
1847 1552
3193 2729
2697 1741
1230 927
1332 3209
1199 1729
1458 2649
241 1526
1775 3271
2582 2154
2761 3126
537 794
1120 2296
471 3142
3027 806
2486 1417
1109 1290
3040 613
812 1390
1511 1066
709 259
2877 1810
1184 2447
2231 3330
3493 292
1391 3293
818 1988
602 285
821 444
2514 2106
2380 2747
907 2839
2755 2006
2828 1351
3005 3329
2590 2385
3385 2379
2506 1845
1455 2732
2016 1485
1571 3131
2346 1669
556 2041
4 279
3398 2303
2688 2275
1398 2264
1446 1836
2469 3262
3484 3107
956 295
3012 573
2574 629
1853 2983
1392 1733
383 892
2291 1271
2597 348
1726 645
419 2242
635 2550
2332 373
3446 658
1921 2205
1946 2365
1211 878
2868 2412
2606 2129
1692 1057
1516 383
2848 1913
432 2219
2390 1318
3022 2929
294 941
950 2776
459 2487
3028 2990
2584 3141
263 2169
820 3098
1666 3269
58 2139
1818 3399
1969 1766
2609 2060
1806 495
3108 282
2885 1676
2694 2631
2058 3374
1799 58
2639 3104
2405 3108
1899 2046
756 2554
3007 2257
3198 2683
1100 2038
955 3363
2288 1557
2352 1055
2229 2584
2591 1129
327 1331
1037 1709
2498 267
1549 3143
3282 2212
2094 913
3324 2644
3444 3211
1248 2137
3001 3445
1977 3
980 1770
2209 316
2183 3227
1344 922
2653 2091
2833 2710
1791 1471
1314 3057
1870 3458
3329 2305
2607 898
1635 87
1524 3000
2344 1347
686 76
824 2812
3274 2128
991 347
762 1530
2656 3024
2835 3138
434 643
2979 2987
2246 2164
448 601
992 1667
1974 760
2662 2549
80 2119
3139 2891
2595 3312
3387 2984
462 2965
2894 3103
3422 2209
2282 468
3195 2162
887 2174
3149 11
1522 2809
1929 3034
2952 1864
1206 2285
1667 2228
2709 3130
533 1701
71 979
1859 106
973 3244
1525 2168
787 967
1213 2887
2621 1661
1515 2582
307 1321
2398 177
2922 1287
35 1953
1841 1161
2818 611
1295 3417
3376 482
1681 3357
3216 2463
1483 3396
2289 2082
3083 160
1143 190
1868 2484
2829 2313
1403 281
1661 1825
961 748
3077 1896
2272 294
1433 1315
622 721
2695 110
881 1122
3454 1260
2935 644
3185 2674
3236 1217
3232 2916
65 465
3333 2562
3371 1752
2924 1840
1749 2177
2429 1628
2286 92
145 2700
1076 1442
1004 894
3069 3416
1421 2329
1553 509
3078 3231
1980 2926
2109 1049
3319 2495
3370 2159
1600 677
2803 3160
2057 1282
888 2226
1900 1032
2073 1359
230 2976
2097 908
913 1152
2484 2512
14 2799
27 2797
3017 2095
2410 973
2858 2417
45 330
3375 2395
1595 1258
1935 1975
1426 2110
3064 2127
2995 3286
660 1369
296 3051
2430 3090
1881 3070
1814 946
2944 706
517 1165
1301 125
2287 2901
851 569
2047 2207
541 915
2018 3023
2767 3151
1639 413
1894 346
297 835
1950 2256
5 109
3207 2841
598 504
2312 2659
1733 1897
2083 3218
2324 1130
3448 1159
1051 2544
1487 2200
3038 2866
216 1935
398 578
1627 583
1101 3461
412 2944
2303 1465
324 3473
2970 3488
2789 1998
3014 2520
1145 478
1599 2988
2884 2250
1693 1560
1456 1126
3138 770
2657 2948
2650 308
795 3052
1451 1839
1030 2214
1720 394
1334 1783
1813 1094
674 3470
1108 2455
3208 1025
2369 2444
3008 2748
1495 1188
195 511
137 500
2996 3356
1375 3122
567 3484
732 245
983 902
1270 2703
3365 1463
3399 1732
1710 1297
2391 1112
436 1775
898 334
3032 1210
2382 1524
320 2553
3239 828
1836 3165
1268 3441
2336 378
1746 2342
1753 2389
2330 2223
2022 2404
350 2899
1366 1268
2212 627
2273 477
2232 113
666 2719
3331 2429
2909 1396
2294 869
3441 3379
386 2473
3429 830
1966 2187
521 273
3192 2660
3 735
2306 1646
266 2755
2893 1078
2441 3164
1363 2661
561 440
741 807
605 2049
3070 2767
1756 2203
204 3468
464 1603
3421 2474
2873 907
337 1236
1179 2910
1401 2252
3122 2208
3339 2338
1536 3121
1676 3292
1551 556
3408 1093
3335 3440
2644 598
1637 2795
1089 1198
283 2757
520 398
828 708
1542 1168
1094 2943
892 2295
2517 1677
488 2889
439 1521
3094 728
1612 1772
2395 2815
1839 1235
1413 2523
1207 2366
1370 152
1896 3112
1797 517
1911 991
422 2301
3211 3463
3496 1633
708 2425
1290 1345
786 2898
586 856
3419 1541
658 900
2480 3482
1102 1047
3006 337
580 2201
3002 1659
338 1150
2274 3212
1146 1100
1878 2985
3497 2009
440 2822
1156 2958
219 2527
986 3481
2337 2067
2945 1002
1015 3313
797 1311
2753 202
645 1664
501 966
1011 2930
3196 1649
2543 580
3110 2655
2937 3017
2481 3111
1631 99
1619 3029
196 1397
3244 1796
1178 1364
3188 3007
2913 1200
1752 1209
1093 1219
3246 2259
2627 3232
118 563
951 1410
344 3001
2059 1771
1731 2074
616 1679
984 85
3048 3437
3115 126
261 1264
701 1877
1862 1414
3431 3077
1355 2974
2388 1835
2839 2012
2454 215
2559 3378
1083 1958
1496 1866
164 953
2463 376
2494 2872
1550 2569
3120 839
8 1961
131 2069
243 2515
1541 1730
2095 939
3124 2003
2522 764
906 3369
3229 3472
2166 1926
2579 395
222 104
2991 2349
420 466
1039 3400
1963 3249
2108 2772
316 2335
1715 2325
2077 1360
2814 1324
1444 2298
2825 2961
7 333
1910 1984
1085 2580
1306 1455
2733 1439
2256 2521
388 3031
155 3127
525 309
2027 1420
3099 2086
2285 1776
3214 2043
909 2482
1886 3073
511 2765
2985 3172
3342 437
1664 2126
1275 933
2119 204
1697 1030
1472 229
2878 3418
930 3406
1852 1196
662 726
3405 1146
3129 3178
2361 2280
2102 2942
90 2113
1418 2132
168 1456
427 1564
1891 1706
1033 3025
3228 3443
376 3225
1140 2087
2932 84
2664 1558
1473 784
1326 1058
2605 138
1822 659
1915 2824
1404 154
591 1018
3489 1337
1803 1240
2283 2771
3294 499
2826 758
2519 981
1263 642
853 2731
1875 2234
1267 2673
1678 487
599 2733
2236 1722
477 862
3472 298
3332 800
1533 1461
2844 3207
375 662
1699 1230
1255 1849
1593 703
902 342
702 65
215 1320
545 1554
730 119
1810 1837
2143 1939
1968 79
1686 1816
2641 3217
1009 1994
2449 1212
2750 1115
360 2604
1218 1932
1442 844
1134 1756
1059 1533
897 1046
2099 484
2810 663
2681 1216
1982 3250
1967 208
3356 2092
233 1332
1240 1042
2700 1703
463 1107
396 1860
2671 618
2278 2189
2032 270
187 3124
3221 912
1724 3306
976 221
1091 2805
208 1436
1617 2769
2389 2939
656 2860
1962 1580
1730 1518
3101 62
2525 886
188 809
43 582
1685 1962
2725 1340
394 2540
1303 718
634 3245
1688 1162
631 3305
2806 2782
671 1392
2295 1154
2186 1758
3464 3179
113 340
3218 38
47 3352
2854 813
2736 1404
1327 855
745 203
683 929
3451 1031
694 1403
1349 3251
575 914
770 2269
2301 1274
2553 1602
1526 750
2589 566
2859 1470
2483 2574
2550 515
3336 1356
3311 1215
661 516
1296 1449
2615 3258
2205 3243
641 2180
2576 1302
1029 846
176 2373
603 568
524 1346
1414 1829
1395 456
827 2142
2824 1306
831 1303
1236 2803
1936 2262
2474 135
2254 2666
1952 1259
1097 802
1721 1841
2496 2374
751 219
380 2596
2530 600
562 2598
1913 1182
1677 651
2883 3474
1763 849
212 2461
684 1051
1636 1637
2987 1728
1709 3294
2012 2728
1737 2453
1562 3176
1202 2457
947 1204
1572 2359
589 1550
452 1903
3230 445
1276 423
1253 2068
1669 2443
1280 2585
1013 2018
3355 1869
236 961
83 1450
33 2794
1561 632
2547 1133
3305 2381
777 443
2178 97
2766 2245
1695 1666
389 59
1907 1817
1086 3340
1663 2568
2613 1968
2442 1740
2281 2125
410 897
2740 3163
151 557
3407 1065
3452 1702
1742 3252
85 3268
2011 2176
1233 3408
807 3413
2493 2028
1765 379
114 3181
3035 306
1063 1505
1912 1536
226 386
2451 2766
1036 3045
2529 1647
2399 2114
2003 606
1181 1574
1901 1005
370 1206
1399 785
919 1037
472 175
2 122
2219 740
1989 2061
2801 2871
1833 3242
1865 3065
3194 1247
1224 690
977 2967
333 1891
760 683
2871 2834
264 2831
390 882
3308 1044
2500 1263
1923 1827
1271 420
1694 1292
76 81
2223 3208
3477 801
2912 1253
2501 766
465 2382
3490 3125
613 595
1106 1454
3280 343
1502 1335
2255 1191
789 1654
3255 474
3135 287
1081 2238
729 1382
154 2356
1411 1549
1035 418
2846 1605
1909 700
89 3327
3147 352
1079 3083
371 734
2345 949
3288 1901
2634 2441
500 3196
460 1493
1057 407
1144 1918
632 1131
2904 1123
1555 1780
2439 1265
153 947
2652 958
2277 1477
1337 2151
876 891
1400 2832
863 1731
2821 419
2247 473
2160 1124
2632 1778
306 254
2684 2552
1616 3011
965 91
565 272
2144 274
601 1512
3321 1086
657 3265
731 727
2239 2083
3462 3233
1121 2026
2886 2160
2660 2763
277 132
361 3040
3377 2818
167 699
1476 1221
1159 3002
147 1252
280 1180
2800 717
1376 919
1416 1433
2243 1283
781 2458
1328 469
2487 1106
2269 1334
1 2324
2866 2472
1437 1645
758 1547
755 771
1002 2485
1197 817
1945 3314
1857 2667
357 1683
633 2040
1820 2770
2017 2543
2353 216
2088 197
328 1227
3145 512
1115 761
1210 2171
3268 1697
1008 1426
1371 2076
1817 1006
2907 2868
2039 1387
3442 3304
1256 182
3140 3428
1163 570
1417 3079
804 3010
2333 2237
1322 1111
2165 1273
2739 3431
3085 49
2259 2537
2658 1272
915 3395
1043 2050
3423 2048
2038 2528
1385 389
530 493
1479 123
2064 1043
1506 2938
2137 2578
3487 581
2409 2650
1475 1596
148 2706
2185 307
1997 2908
2350 2402
2961 213
552 2597
872 1806
2383 2914
952 1743
1643 2881
2963 335
2693 3062
678 593
815 1109
516 1787
2620 226
1449 628
1642 2123
2112 2190
718 331
110 232
1728 2560
2310 2265
2466 906
3169 610
1972 1298
3351 876
1110 1627
917 2089
2146 2684
265 3146
740 363
2114 2231
726 1739
373 2019
1744 2194
1824 2013
1390 3407
2689 1570
1517 1951
1001 3276
1136 1774
2308 2004
1070 1361
1564 3170
1788 1511
2778 733
703 2615
467 1894
1510 1769
2381 1546
2443 2344
3102 2614
1204 942
1598 3480
3392 2497
1084 326
3390 3119
444 186
995 2861
1741 561
1816 1931
2708 2307
3267 778
3313 206
801 145
3176 1681
102 2852
1285 320
2754 1930
548 2997
972 2785
2976 2398
1706 2892
1161 3442
1282 411
3455 2542
2347 2136
2862 5
1864 607
1606 1591
1670 1648
2949 732
2029 1997
1925 2423
1095 722
1786 1599
1729 1220
2928 3180
60 266
1020 1858
3470 1528
1167 3338
2117 1895
1486 752
3044 1928
3167 2135
262 2420
3476 2701
2962 93
982 134
157 3162
2199 2149
2836 3140
735 840
1092 3102
1951 2924
572 3281
377 1902
2362 1483
1953 1138
3443 1974
2959 555
2994 2923
2616 2479
594 2145
2068 235
1826 2191
587 545
1577 1862
728 1995
2372 255
3434 1704
2149 3239
2416 366
2304 2475
3080 753
1397 584
2623 1329
470 2996
3316 2358
1381 39
1609 3247
1269 3043
2211 1590
1507 2273
317 2664
1764 2392
2171 776
2511 185
970 249
2811 2651
2400 1056
673 136
3413 1713
2348 2978
1131 2222
3278 980
2284 387
1166 23
174 2761
2305 1469
1099 399
2955 1572
2263 1142
2279 3289
1432 546
1760 590
2251 2692
1234 1569
141 3385
1259 131
2103 3404
363 2306
1294 3039
1335 2705
2104 2686
753 130
2809 2081
3469 723
1540 2555
847 2331
2720 763
3253 1430
1808 633
1212 3272
3309 1300
1611 574
2863 21
313 2261
663 3009
1523 768
158 325
1471 3228
2524 3092
949 932
1242 1786
3438 1167
927 2935
695 1155
3096 1237
2107 3323
2773 2036
1056 2902
2235 1623
2659 2213
1410 843
2701 2740
258 1083
2729 1965
903 2027
1769 818
2967 1910
896 1285
512 3012
1176 461
1261 1625
1866 2401
522 1286
895 405
2488 313
691 2007
2472 2652
1279 1738
2379 14
424 3290
130 505
3243 774
234 67
468 209
285 968
1861 16
1470 2715
1798 2064
1672 1587
207 3229
2788 3080
1815 3479
1738 1589
891 2503
494 1980
2450 1843
974 1718
538 1358
3263 494
717 3193
3303 2995
2497 2586
2413 3301
2852 3248
2692 1794
191 521
2041 1972
761 2617
819 227
534 430
1325 236
1405 2743
505 2021
493 479
3465 1942
3250 822
805 2768
1614 860
1232 1
2813 264
1492 2218
2899 3058
885 965
1142 464
2895 1516
2770 1886
160 2032
2042 1717
870 798
2714 2244
111 336
3020 1818
1498 2725
3015 1904
2225 3316
2169 3132
639 681
3182 3279
1066 1061
1545 299
1216 200
611 3008
2989 75
1554 1884
1855 678
1129 675
1761 870
1422 349
2426 1478
3312 2557
1586 120
784 2888
2318 720
3494 359
617 1307
1214 2361
3300 3197
1005 2619
1703 1686
1243 1575
305 2059
2629 1466
2516 214
2182 1535
3203 1276
2145 2623
2226 1985
3449 1153
1674 1941
2234 253
2298 881
2760 3226
172 1472
3225 2999
3238 1326
910 22
908 2792
3290 552
1704 1256
483 63
1374 1585
1139 1143
31 1629
3498 251
899 133
1892 1938
2683 2678
1603 2689
868 3203
1793 2416
330 650
946 2470
3023 1721
1229 1618
2551 303
2009 1293
2897 2874
2556 426
91 353
34 19
133 1000
1112 2754
3379 1458
510 3297
526 1453
223 3287
2459 2826
1782 3478
3010 2789
856 2173
1646 1973
408 1446
1217 1386
1830 2804
2783 406
2785 1764
705 1687
2432 1819
2491 201
1885 2612
1762 889
1882 1069
2280 656
2070 533
798 2419
2910 989
340 2500
696 1906
2981 1385
272 2138
2966 146
3146 2836
2874 2970
2957 169
3148 74
2427 736
1984 300
2307 1371
1150 1874
1205 1668
2815 667
1795 3021
793 2954
1615 2426
1119 2702
112 3069
722 1295
2672 1067
238 3067
3016 1001
2002 502
1546 2654
3426 2378
3097 1116
3223 672
1368 1909
1964 2179
299 421
57 1026
1924 1408
2577 3361
2170 2093
2715 2950
2568 3394
2953 3398
558 673
326 2685
785 102
883 3184
1402 1879
688 105
1364 1675
2822 1171
2666 2982
3363 540
664 931
2781 439
3358 2224
904 2133
2357 2751
2950 1714
1722 2270
3383 3042
574 1691
2293 2088
2063 382
1209 374
1222 1132
578 1492
2973 196
3262 1964
2360 1014
803 959
2428 955
138 310
3057 3219
1779 429
1671 746
2468 355
571 1262
894 3439
650 2014
637 2953
2528 1562
2075 1571
3177 2647
1613 2388
2354 27
2424 2613
1581 1900
2020 1372
3252 3383
2252 1218
962 3246
964 558
2678 2029
2260 1921
942 1412
2891 2437
392 2393
619 1158
1835 1982
2464 3426
441 1915
2133 2890
3360 2144
2264 2514
1157 2816
75 2403
88 3216
127 435
1718 3116
3302 3359
699 2039
2268 2243
836 3278
1362 3434
349 2055
475 2565
206 2933
3126 1073
2237 2143
2062 2185
1194 971
2396 1520
2071 2216
916 1754
3065 392
3034 841
3296 2158
2392 1177
1850 2842
3350 952
1262 543
550 297
1759 3259
3189 2645
2941 381
938 1636
1447 2640
936 749
1345 137
1278 660
3056 695
267 1438
275 3060
1981 1802
3210 1077
978 1692
624 548
638 2140
1351 460
1579 1270
2706 3255
2118 2622
3310 3199
2046 3377
173 173
1182 1504
2120 2045
143 1803
823 2369
880 1135
975 2184
1360 2051
2241 228
1113 2104
933 3427
1919 3388
2969 2730
1829 2260
948 361
3298 3186
719 1693
1450 2583
2713 2098
1010 485
246 2875
2795 3433
298 1054
382 2752
979 3422
2335 238
1077 816
3215 2639
1050 1467
862 2530
1544 2278
3184 1563
38 2431
1705 669
268 1833
716 2336
2857 2170
685 1826
2723 3321
445 3221
2302 2668
1597 1099
2188 2862
3291 2945
1883 2109
260 3489
2600 2637
2276 2704
271 921
1583 858
620 55
335 3350
3098 1139
3272 3156
3485 3381
1922 2116
2092 1899
1439 2491
3495 3137
3471 2546
2805 714
2485 3215
765 1022
1384 1857
1310 414
3088 1924
553 400
549 2357
1556 789
2198 332
177 2716
3357 2339
252 321
2548 745
345 755
3284 2605
2711 2350
1819 3206
2676 3270
1006 276
301 2434
775 3078
659 1419
3473 2308
1650 3003
481 1248
1596 820
2299 210
3067 278
1343 831
108 3035
72 1184
825 1407
1373 602
3019 1081
1187 904
302 1672
2968 3097
56 1084
1690 2345
2594 1079
3231 438
1124 2628
1504 2442
2604 2304
2876 155
2253 20
1040 1118
1291 935
1879 2764
2163 868
2691 2656
2881 118
579 657
1565 265
529 1423
2438 262
2393 1925
1443 2964
1877 1008
3190 2467
1802 594
139 256
3237 1927
3107 1080
1736 3410
1293 1486
3159 2646
1574 3337
2870 2657
1180 4
1521 2879
2248 905
3341 541
2938 167
2505 3129
1491 2735
3354 3491
1776 396
822 1341
2918 2844
2555 3033
457 2195
2847 1937
2386 1916
1026 2204
1018 3390
2787 797
1647 1187
2181 589
2177 795
77 86
1528 1377
900 1144
1559 434
590 1539
2751 2802
1872 2576
3114 2760
2196 1207
1220 2593
2914 691
1299 924
244 1336
1895 3020
2238 2181
2630 114
2832 926
1149 3182
1691 1868
134 2594
2905 725
1927 680
1172 712
106 2989
107 872
1014 635
2696 562
199 409
905 1991
515 2900
2204 3382
2744 2671
3224 1944
123 888
3378 1313
3467 2465
2331 995
3400 1946
3118 619
1809 609
3033 1425
3171 171
2614 2215
2123 2742
2780 1993
406 2166
1530 1765
399 3477
1754 60
211 1010
2422 1567
2647 2052
2007 2969
2055 1873
1601 1747
2200 1068
2242 2551
776 1698
1552 2972
2808 640
3445 945
1781 2687
2134 1763
3402 531
2445 1380
1353 1053
1080 222
289 1976
3437 1534
2091 164
1170 44
70 179
3367 344
2804 3347
2850 158
2722 3096
2990 539
584 1820
1251 3412
960 1405
485 899
150 34
2355 765
3256 100
535 3393
2358 3026
1837 156
2125 997
3087 631
1784 54
508 1193
585 3391
2980 2299
1423 2
3059 2522
2984 2446
2798 1800
3266 2161
132 1792
2665 2333
2090 50
3388 1981
40 2566
1223 2940
2879 1462
331 689
1485 1639
1505 1102
2446 3469
2008 117
1987 2410
2851 637
2923 1943
1247 676
3468 954
184 2300
51 271
217 8
96 3345
2476 2636
2375 1468
3439 492
1090 866
1888 2869
2270 491
1700 1852
393 1821
2917 1725
1755 2758
3380 2609
3004 1243
466 1327
2503 2734
2086 1809
2602 1503
2561 2247
2570 2979
2373 3446
1152 205
2447 3309
1499 2806
2710 1749
2617 1517
3325 2011
2233 1480
2581 2400
922 719
2502 3317
430 2337
351 3296
3344 1422
767 317
2624 1920
642 1996
855 80
2675 527
1427 2717
3025 551
704 220
431 1062
593 782
2669 1757
1227 2952
582 2070
546 1834
2845 475
2140 1416
2635 2315
1273 2937
379 934
3235 692
1812 1805
560 1488
714 3471
1177 2025
3271 2814
1284 3214
734 1662
2599 3300
1389 1299
1431 838
2250 3487
2731 225
809 3401
366 1244
790 1957
1049 773
879 3256
404 191
2978 864
3479 670
3456 315
1723 2432
774 2845
2130 1060
1430 2941
2571 2739
2244 296
1012 937
1382 1090
165 909
2037 2513
1548 626
1568 930
1653 2462
161 2334
1046 2319
1641 1568
1743 69
1288 2658
2986 68
2266 2469
3389 3444
1904 17
2545 1194
2110 269
2677 2445
1160 2268
93 3237
3425 2599
2633 2047
1780 2281
2076 3145
2460 3333
28 674
1889 2031
1474 2588
1656 751
2050 3358
1727 3019
2217 2210
1071 83
1300 108
2214 780
220 1863
747 2759
1591 3089
653 1343
1406 368
343 2960
1460 577
24 2718
540 116
1151 2251
2370 1947
1118 2206
3317 2405
2509 2263
2566 2572
627 3307
1831 1658
1805 1222
1539 1908
1494 2310
2840 1190
3281 178
3009 1245
2216 1726
2471 1038
3047 497
209 3183
878 2919
1321 3113
1045 709
496 3275
835 3241
2074 664
1707 1815
3052 1759
2147 358
2546 772
3161 2698
1336 2340
3352 3494
3428 2634
618 1050
720 1573
1484 2633
1965 3353
142 3235
1019 2756
2213 738
10 2641
3153 687
2596 1523
783 1195
1462 2409
2916 1429
1068 767
2562 1612
1162 3295
1629 1867
1000 679
859 10
1796 2105
744 1919
1851 193
1260 885
411 2857
802 1917
2889 3177
128 779
3322 3319
120 3114
2902 2932
3076 2947
3384 2793
478 2464
2157 40
987 874
3013 3499
2159 2992
2363 1566
487 3331
2749 450
1246 3030
1346 1169
2197 956
293 585
996 2351
1304 1348
1031 1855
523 1710
647 192
95 895
1587 2427
3209 1545
3217 808
3233 3187
66 1970
2078 339
1219 1366
3412 2241
125 1876
3205 1175
1869 1441
1918 1284
932 1682
1186 2973
1028 3230
341 2198
3090 2955
1867 2877
205 3277
1501 3464
2802 3355
1682 3133
346 115
3436 2480
1567 401
884 1755
3386 2322
1584 3349
2079 1325
290 153
1072 1606
3416 2538
1174 1197
1608 1830
1986 1172
311 535
3463 2536
953 1128
3030 1427
2768 2745
3220 2744
2153 1304
1305 510
2387 1137
1024 45
2135 537
958 1634
2971 2905
3240 812
832 641
2495 2571
1713 416
3488 1497
2314 2035
2013 1437
746 741
185 3185
1098 1447
1602 2998
29 480
1185 422
2207 2348
2601 2122
3109 2709
834 2253
1838 1978
2972 3403
3154 3476
2035 2287
2311 3425
1358 1479
1274 1275
934 3056
2309 2912
3306 2677
2444 1098
615 1223
886 2959
2927 3074
3011 1875
2705 2525
19 1443
3119 943
2164 2825
1477 661
2374 53
124 3280
935 1394
918 252
1478 3171
2864 2121
1943 377
1956 2478
3326 3423
3258 1063
3301 1281
581 2642
1514 1035
1948 3149
768 3157
1973 2096
2554 518
557 731
752 1715
456 1317
937 571
166 453
48 1824
22 1323
614 148
3249 3071
2189 1294
1307 2155
3068 2533
2771 3152
1955 1846
1440 2274
1132 969
963 1537
3345 2073
499 1724
9 754
1543 999
2943 1950
2394 329
1644 2001
2598 1644
3340 2780
2843 1576
2933 1156
2587 31
681 260
2322 2099
1017 231
2457 2292
2564 2321
3212 811
2173 3438
12 194
1580 2817
1961 1352
1341 2858
2540 508
2732 1375
1991 1620
1976 1611
69 1363
3276 77
3394 2078
109 1635
2622 2391
929 3274
232 410
2993 1012
3475 544
2261 1923
3285 3452
175 992
2034 3260
3461 3038
2882 1584
2152 2120
61 599
989 286
723 2779
994 1655
250 522
1947 427
2842 1160
2440 3264
931 2808
2797 2681
845 3158
1244 82
2479 258
1979 1641
2642 1016
649 2390
1082 1474
2378 3205
1557 2375
3199 375
2473 1490
2855 3049
2704 1009
721 572
2437 1365
1388 2232
257 244
507 234
3106 550
1111 3150
2319 2561
1292 688
421 3386
1931 1349
1338 371
1357 1402
98 390
2830 2894
2129 3325
573 1367
21 2680
1461 1381
536 2662
971 1808
2203 380
2741 2665
1624 1499
2121 1261
1203 1538
2257 1434
2690 2439
2138 2903
405 1615
860 1498
3187 2669
198 2849
2823 3310
3395 1694
998 46
2224 2239
2015 950
2089 3153
2537 1893
36 1660
2420 1251
871 2468
2327 534
3127 2254
2081 33
2898 2603
2267 3344
325 2575
1735 243
2176 2316
428 2383
2154 917
2619 1072
190 1617
3359 1907
1846 302
2687 1788
778 2387
509 863
2098 2192
3104 1531
3401 417
3409 2460
2218 3068
3430 1727
2827 3462
3458 2971
2748 506
3137 425
1949 489
3045 983
1655 1934
2040 3405
353 1601
1659 702
3018 3109
1712 1652
384 149
2492 2221
2172 1203
2044 3139
68 2620
3330 2724
1876 1092
1189 412
2148 2352
1638 1319
1352 165
3186 322
771 341
3165 2507
2408 1181
23 3365
369 2853
912 476
2892 786
3029 2679
689 1643
54 2016
1622 2913
1908 2084
322 1856
3299 2800
1509 3389
1342 2564
2869 1544
2888 1684
2769 1288
2006 1799
1383 3198
1588 2320
2983 3336
1766 887
395 1362
135 3311
356 2859
2228 507
1821 647
82 1095
1378 2819
1272 616
967 2066
1920 2696
568 2053
2834 705
2150 591
600 1885
270 1966
1628 920
284 290
1771 42
577 2854
385 2147
1621 2217
1683 975
2470 403
2093 25
2026 1071
2049 2249
2698 2807
1800 436
3026 2693
2340 311
925 199
1235 1310
1954 3303
3082 70
146 181
1465 1613
1088 2108
2867 3496
367 2271
486 3414
1914 3072
3374 1767
3482 2347
3053 842
2325 2486
1148 1848
2434 247
715 2148
1380 1680
1105 140
418 1379
2763 2922
2195 3498
2999 2616
993 3411
136 2880
1228 523
3397 2433
773 327
2349 1936
680 1173
1928 1762
1992 2867
2762 2056
3254 1594
1971 964
3273 2286
309 1600
2065 1801
1748 762
1626 2101
3415 2107
3227 790
105 3128
1842 814
1827 1592
37 250
1258 28
2262 859
1518 3148
2338 1838
2908 1678
235 288
2421 1700
2782 783
2131 940
1634 608
1330 305
2792 1581
1926 2428
1959 796
738 2529
667 1559
3318 2810
2534 1120
3478 3005
2033 433
3036 1604
1361 592
1468 2848
3406 1954
1633 2511
1065 3372
490 488
3366 1705
711 2072
286 994
1350 2927
3315 1289
458 1232
2191 12
957 1344
1415 385
2208 2317
682 312
2532 1389
1673 1719
2155 1812
3197 2459
1226 1737
1519 1374
583 1912
321 3253
2626 918
224 3263
2636 2749
438 2255
171 2153
1645 2080
3362 481
3334 1989
1067 1712
1932 3273
625 3099
1942 3368
592 1789
182 634
858 2408
518 2291
3174 26
2661 2332
200 3402
0 1357
1941 283
435 1125
2084 261
1563 852
2670 1656
1453 1657
2452 1409
2861 1892
426 1522
737 147
628 1249
30 3409
2746 1234
3117 3190
514 2297
2080 526
966 1312
1660 3454
2072 393
1277 1977
3054 1598
3201 1280
2028 639
3021 1708
433 883
20 1670
2215 564
103 184
116 3285
2323 3288
2947 486
3382 851
3314 2079
2271 3117
1155 910
1940 1508
17 1784
2900 2632
1302 2591
1075 1952
3136 3195
2085 2017
2890 1823
1435 2481
2756 1688
861 455
1804 2085
2526 1883
1893 2150
3499 1742
453 3447
890 2152
2588 805
1576 3147
839 2864
3075 1482
3200 3261
2036 970
169 1689
1445 2236
2699 163
3024 501
2965 2346
39 3093
3373 3373
2458 815
1828 3105
1668 402
2087 1696
3042 834
2608 73
1532 2283
1734 1507
1917 2183
3158 2541
654 3173
608 2570
2580 3366
3160 1707
2320 280
163 1583
1312 3059
830 1174
1558 827
1708 1328
1860 3375
429 121
2853 2897
3460 617
3173 1231
2317 1608
362 2895
2655 3063
2520 1192
2793 2277
985 2510
3062 1671
2010 230
1665 3028
3337 1117
2371 993
816 2267
748 483
700 3091
237 2863
3170 2675
2048 605
794 2962
479 2813
2812 848
2316 2885
1848 2762
3055 2829
53 3308
1570 1844
2593 2975
3420 3334
281 1983
3293 6
2366 3123
3105 1859
3349 3283
796 1527
1745 2545
1648 3326
2376 1039
1890 514
1168 832
1871 3335
1386 871
2610 367
81 2448
484 2341
2831 3036
2992 3064
3222 1136
121 710
3433 622
1844 829
1438 2034
2321 711
3417 101
3286 1865
2936 268
1116 1782
3071 2230
2667 3144
1317 777
225 3362
630 2199
640 1157
1906 2694
3466 94
354 1213
178 1400
1957 837
1689 2483
2777 170
2860 3189
527 293
1265 824
2367 1624
2043 2830
1772 3053
425 788
391 2610
2674 775
554 2436
3226 3455
1701 1176
304 3136
1133 1768
2227 986
1880 1748
941 345
1021 1797
2764 2534
1856 2103
1773 2197
676 2707
201 1853
2638 1959
474 180
2646 2115
2738 2567
1481 1186
1058 1850
1787 781
3152 1033
1995 2773
1898 833
2611 2602
968 3485
988 1593
882 1045
3179 2422
1333 3450
1354 2501
115 3457
229 2182
742 3015
2313 1779
259 1019
1480 3054
2673 2394
450 2367
1680 923
833 2835
278 3486
1048 854
1651 1642
2482 2777
1717 1074
117 1228
3269 1225
101 462
928 1250
2796 2811
2712 246
1566 1542
1783 3094
242 713
378 988
2415 2592
334 2886
3381 1502
2721 3341
867 1103
3058 2279
576 1350
1578 880
997 2712
1183 1384
817 1653
461 459
3320 2787
2838 792
1264 2362
1887 612
2423 2058
2960 35
559 984
3039 2471
3492 2233
2948 1540
288 2008
3327 3465
3234 2141
86 2015
1999 2225
3100 1070
397 3018
227 1278
122 2909
1308 3161
3144 2907
332 1487
532 867
1840 1565
2128 2653
2531 3202
2435 2783
563 78
2356 682
287 2833
2618 2532
1905 372
1467 978
3259 2925
1625 3169
3191 1880
698 3004
506 1322
1221 239
1747 2415
1434 791
924 1373
1323 150
2717 1432
3063 2498
1127 3159
339 2791
1441 2326
1448 1551
3156 3332
2132 1460
841 697
2946 3449
1958 451
1231 1495
791 2784
3181 195
3037 51
189 431
2649 2993
1632 2211
245 1948
808 1720
2210 224
193 2676
502 614
1751 2146
400 653
1394 1239
2419 356
323 1003
1250 2022
3031 1229
1128 896
2187 2957
2730 1040
1873 2100
2275 7
3270 3155
2221 1459
954 1949
3396 2456
999 1121
2477 1475
1823 1457
3393 1791
1193 604
152 301
782 2963
2776 3106
2856 982
679 1795
2719 397
3095 1241
1985 2289
2578 1301
3277 2682
1513 143
3123 3037
2167 1178
1245 1476
981 2581
1960 757
1369 2611
1266 1870
2727 1342
2004 1513
1732 621
2489 2282
2162 1355
842 3115
750 2638
1657 1609
352 1685
544 263
1069 2124
1457 3032
939 3166
3418 1088
1463 3135
1469 3222
3432 1027
3111 1388
621 1339
1393 747
1996 2991
1173 2882
2707 498
2765 3467
646 3371
2141 176
1188 1971
893 1393
3128 3120
1200 2904
504 1614
3411 987
144 646
2560 1922
2794 446
42 48
1096 248
1512 1933
2385 654
3450 2855
1419 3282
2663 161
1684 1619
2536 769
706 189
779 3432
1196 1911
97 1781
763 603
2069 2558
2865 47
2774 1494
140 1905
2411 1798
2158 1969
2930 3495
2193 3483
3483 3421
454 743
50 2626
799 1316
2326 2956
489 707
2772 1987
849 289
254 1028
251 638
692 873
1038 2951
1983 141
2637 823
724 2573
1164 2288
2179 2726
2791 1556
810 72
2718 1082
1130 2413
595 3234
1508 3238
11 623
3091 2535
3323 2670
2583 1007
2544 1151
623 1314
2538 89
415 1308
3150 990
423 2466
2296 13
1978 1616
359 2430
1777 3167
697 3210
733 1140
41 925
1569 1945
2625 2828
1286 2386
3404 503
3245 441
2586 2606
2397 1699
2292 579
104 1586
240 2587
2880 1214
2752 2246
2817 470
312 2917
866 890
3180 1751
1316 2720
1025 2071
44 1431
1944 1424
32 1338
2931 61
1679 1871
519 2663
3050 3061
3261 2272
1938 985
865 1621
2060 3354
1652 2131
739 1793
1849 3324
3003 3191
497 1543
2565 1500
1215 2102
2000 1529
1863 724
2206 2276
446 1411
1649 2227
670 1761
2005 3351
2679 804
570 2421
1289 275
170 1811
2249 819
1594 2931
1482 1378
1154 875
2724 3213
3061 9
3427 370
3435 1464
665 1087
2402 2820
2053 139
1062 1745
1466 304
1225 2424
2507 3076
1825 314
2490 1024
2726 1473
495 1999
1055 1854
2680 2202
754 586
2887 1555
3089 2994
2300 144
1604 3086
3092 3322
1832 565
629 1052
192 2033
3213 1149
2631 519
2455 471
3151 2353
3372 865
3457 2563
2377 29
1874 715
1464 960
2180 3050
597 2928
25 2266
1171 739
2297 2713
437 1986
3289 2920
3155 1406
2572 2229
63 3384
2365 2801
875 944
2161 3348
814 0
2603 1501
2920 1023
1420 963
606 2589
1538 1630
566 1716
1993 2360
2343 2870
2116 2635
3297 3364
869 391
2982 2323
2168 742
759 1036
3474 2010
1027 547
837 3200
3295 442
1725 1119
183 1127
2359 467
2096 2178
1696 449
1319 3339
1372 759
2958 2449
672 3392
1126 2721
2202 454
707 2493
387 549
3247 624
3307 428
2461 2165
1104 2354
3202 1484
2533 2112
2334 2157
2175 2750
1884 3006
3353 162
1331 1134
3486 324
3204 388
1424 3460
256 1015
162 1814
901 998
1356 168
3157 1990
355 2502
1023 803
800 1029
2648 111
79 2030
2142 2921
2645 1166
3060 2371
1052 1663
2628 2722
3459 853
1074 1096
3116 2290
2790 793
276 2411
2328 2847
2896 3302
3175 962
1003 2595
2743 2117
2906 671
2523 2727
1138 2559
3251 2672
877 2363
1575 1254
46 1878
3403 694
119 2949
3343 1269
710 2846
2465 2235
2265 432
2934 1075
2406 810
247 1398
1711 3204
179 2714
1716 668
669 2968
3364 513
2113 362
1311 3220
2105 744
210 648
2139 3318
2742 685
914 1105
766 328
2100 217
1658 1445
1436 1898
2290 2711
1930 1515
1618 2248
2569 2934
2759 1145
1902 3101
3172 2504
1589 2579
921 3194
3391 2240
1324 360
1845 240
181 2911
2510 2477
348 666
455 1548
2703 1255
3162 1914
2101 1185
1535 730
2926 1746
3093 1108
2174 237
239 64
1605 1979
3166 2311
693 319
1592 351
3491 1744
16 2531
2462 472
1320 1114
1114 3429
480 704
2504 2697
1007 2134
626 2629
3043 560
2964 737
3481 3419
1281 625
1141 576
713 1013
1169 3236
551 2196
1792 233
1454 3118
2521 2778
1590 43
1998 3240
417 2097
2757 2893
3133 2723
2024 529
218 3315
2919 112
1702 1205
2052 2508
920 2193
3206 2188
2573 3192
596 1444
3347 1226
15 538
1607 66
2433 2494
3103 1141
2407 157
1988 1632
3328 2220
3453 1004
2875 1807
1409 3201
780 857
1933 2781
2807 284
2019 3081
1758 1831
381 2377
342 1963
1241 1277
3264 1246
1191 536
725 3320
129 1842
295 2878
336 1773
651 2407
368 3475
1529 957
889 3451
2384 2906
3131 183
2467 3466
2368 1736
1257 3223
1387 3027
3248 2821
1377 211
1340 1777
2023 188
2106 2600
2111 3047
539 652
2975 1496
3241 2042
3480 1391
2872 2024
2341 1626
52 2837
2939 364
64 3066
87 3430
2685 1104
329 3168
940 756
2974 2850
2190 2075
469 2876
1201 3022
3130 1881
652 3016
291 2618
604 3095
1367 3298
1198 3175
3292 2518
792 2435
2539 404
655 357
3072 1481
2585 976
3414 2883
1190 2293
2414 2077
319 630
1237 532
403 938
513 1489
2126 1085
1022 2312
