3500 3500
3154 87
2037 389
2391 3197
3493 638
2370 1257
261 2693
2809 2564
838 3279
234 1592
563 2901
2977 2548
1922 2534
45 3024
946 2771
1502 3449
3276 1538
3202 2371
782 2176
570 2241
1669 2664
2128 1026
3219 2066
1905 2262
1600 1842
1365 1871
984 2048
1119 1549
663 3211
2240 1088
1204 3438
3431 1131
2825 3015
3044 2091
1453 695
361 1526
610 1594
3416 2405
1931 627
21 741
775 2095
2678 2663
1280 3203
185 3459
1594 1236
3345 1684
819 3189
2960 2852
3322 1609
681 482
506 2351
2818 780
2343 1386
380 2204
2269 2584
2332 449
2378 2797
1367 616
2399 1768
2233 1251
1764 333
1314 231
2335 3194
1639 3276
1962 3044
2807 1332
1218 2090
93 154
1461 1040
735 3465
2253 1586
3269 1383
2272 3009
1232 939
738 267
223 2859
2161 2070
3250 1876
2883 1761
1208 1539
1861 649
997 2190
2298 2755
2420 2948
345 2670
1373 1035
855 2234
1577 3481
2380 2003
1663 1801
1375 1700
3268 1759
1527 408
3324 2767
3138 1100
2826 2940
2814 3443
2502 1437
3273 1483
417 2120
842 1830
2551 1412
1449 863
187 2054
1058 2390
1971 1919
3497 3204
315 2730
2555 2471
1657 62
414 2099
1103 1122
124 3094
1064 101
2585 931
1118 896
3316 1637
2536 2501
793 120
3309 2235
3330 1226
1185 1165
2856 2418
1438 2415
2238 225
702 2346
119 3451
186 1045
1758 1250
2882 284
844 3100
2780 1722
47 2248
1640 1105
3496 2945
2387 35
389 2152
666 2809
2461 1304
2508 82
1391 2270
384 765
2547 2370
1696 25
2666 2894
1089 1741
559 674
2696 260
2989 2816
2738 1826
2444 809
241 2187
2588 1798
1819 2304
2090 3478
1297 2824
1805 1517
349 3418
3369 2529
2006 1198
2499 1489
85 2289
3433 1407
1068 1048
1790 1000
2641 1348
1476 1402
680 2947
1830 555
3481 1781
1456 1157
1946 385
3191 2806
3295 738
3293 2282
326 803
1684 2818
398 1595
3055 3150
1810 1467
3088 930
2739 601
1528 958
2841 2173
948 1574
998 3115
126 2363
2917 2122
3409 2712
1894 261
2340 381
2411 1021
214 410
936 3119
3307 1849
811 3290
928 1153
2202 210
2170 1548
489 1343
3452 2832
2441 2900
2631 369
3477 2625
2119 564
2439 2026
528 2684
2432 2785
783 2067
2141 523
1 1329
3229 113
1697 721
2288 1760
2154 1010
536 924
956 203
2873 1743
993 2306
2265 2435
1919 3308
1276 2470
2645 858
776 1404
607 1633
986 1599
3179 3326
2683 1773
2451 2039
1995 1987
253 3364
3466 2085
2080 969
568 1193
1714 1022
2197 1900
2259 1057
1605 1313
1948 3003
518 2982
2663 465
213 100
150 3389
1370 1756
81 1977
926 3237
2459 2929
1718 1142
977 2544
626 2505
770 3078
87 3346
1789 468
3495 570
3162 3152
2458 384
1312 18
1415 1812
2693 3109
403 3287
2153 208
3499 1184
1311 129
2243 3
1616 1627
953 2836
1210 336
600 364
2519 3169
1048 456
268 2075
322 127
396 140
3368 1590
1198 2178
1338 3271
1091 2188
3437 3375
915 3366
3487 1312
2842 652
2283 861
1038 2261
1796 1271
2835 246
2788 378
3015 2690
1554 1884
2483 1534
1968 546
2943 872
2447 3037
25 2319
1334 981
932 2657
215 890
2159 1581
461 2229
1027 2569
3007 2659
3186 3159
1278 3120
1496 352
2341 1802
3340 3023
2910 3026
2665 1345
1659 2886
1725 1894
9 1344
2804 2535
2064 1518
2179 291
61 3105
2822 69
324 3343
1129 1138
3211 2131
63 2596
2361 710
904 1870
3137 2449
3148 2005
43 1355
2275 111
350 514
1531 1550
79 1478
1041 2843
2369 974
656 3218
879 1903
1551 2626
2785 2397
962 3020
3491 423
799 2946
1344 3377
2975 2776
2581 1772
1299 2861
3414 3148
1301 1805
1117 3146
813 3216
2114 50
438 3448
1785 2681
1709 1718
2219 661
2317 2741
3469 1307
3381 266
1207 3139
304 406
541 1979
3387 1471
2040 387
723 3095
2664 197
700 1960
1774 945
2923 1638
745 3380
3371 1764
1209 1771
1615 467
3023 372
1665 1647
2624 2641
3071 1199
3031 3144
861 1029
2979 2566
1650 1326
2135 754
3301 2025
1061 1111
2362 2515
509 51
48 2610
1797 2510
295 3025
2030 753
3286 288
26 2986
1320 469
2884 3371
3254 2388
31 723
3243 1676
942 2016
524 236
747 3051
442 1625
1002 1187
2029 2555
1283 1766
1420 2133
2913 58
2978 1535
645 492
3218 2509
1003 1840
1801 2877
1098 2828
207 250
3022 2208
409 705
2688 2195
441 1678
2583 712
2147 2142
1303 59
2062 1465
420 882
1265 2550
771 2322
1270 2431
831 1124
1925 885
1140 509
3379 272
110 1959
604 2331
646 2315
3419 1209
2848 247
2777 2395
156 1659
2101 3160
2633 3210
1941 3352
1277 1758
664 3223
2893 1875
2489 2311
2627 162
1196 2104
1329 865
714 3151
2093 2959
385 2321
57 1482
1327 2001
3294 1440
2932 2033
3327 270
1326 1750
1145 2531
2232 2682
3195 533
2857 732
446 3249
3214 2358
1451 3324
1570 2226
422 2721
2773 1426
2254 1420
1976 2337
1991 1775
2778 854
1380 588
3212 1606
3234 2958
448 280
2330 1782
2750 121
3360 1036
2992 3374
3085 2022
1655 727
2213 2441
1354 3050
2163 32
3451 2109
3113 1529
3039 1666
1486 1067
3190 1294
2479 1363
291 1939
1933 669
2684 2011
2487 2146
1036 1524
1826 340
2623 1646
2670 2971
2306 391
2088 1620
2606 2770
1791 3314
1264 789
888 1431
1030 305
1457 1598
3390 1211
1480 1639
2359 3247
2324 466
584 2339
1487 3340
3116 189
3370 971
1188 1885
449 452
1409 1853
1876 584
394 2990
3465 3254
1634 3344
1834 14
594 1311
2252 1216
1516 628
2327 1895
1093 2445
3311 2154
1437 1843
39 1413
2212 1945
814 893
311 3272
3303 2623
239 1520
804 1071
635 2808
1766 322
171 184
2859 2107
2490 1180
2951 346
2438 911
2867 643
547 3447
1396 383
1020 1707
3488 684
1893 1056
2267 1183
1980 84
136 1954
2375 3083
1291 3450
3224 2867
703 2810
2851 2928
1153 2980
3032 148
919 2058
271 2342
374 3494
3220 2258
3375 2658
3415 538
3169 1607
3106 3163
1856 1792
1240 2335
2676 2997
2831 1965
2737 708
1936 1279
38 2599
2145 3376
3246 1410
587 1192
827 1921
1987 1232
1900 3128
193 1475
2218 421
1863 573
1385 2402
1168 2326
70 2276
525 589
1203 3480
1300 934
3413 3131
629 2284
1846 2279
667 1435
3400 2875
2393 2611
2714 2881
1217 2714
1855 2244
3367 606
284 251
20 2064
460 3383
1751 293
2544 3338
1037 2036
3016 569
2966 3473
1115 2736
265 621
3315 2631
684 2430
2164 1417
2125 912
786 1779
3449 989
1637 1881
1251 869
3089 72
2751 2524
2767 3399
1028 718
50 1907
3159 245
1651 1103
3341 2634
249 3316
299 1295
1470 2143
945 2474
3270 2869
266 360
2108 485
244 837
3142 3378
2043 2459
2113 1459
466 898
1339 2084
122 2400
1842 1776
1249 2155
1125 944
2710 1116
2579 715
1799 1190
3126 560
3175 3295
2954 2924
2930 2909
429 3275
1781 1162
1947 3460
935 1815
264 919
3129 2126
3158 1246
724 1011
1730 1235
894 298
490 3462
1661 2059
2986 1053
2035 527
142 3407
2207 2757
715 1806
1176 1263
1490 1134
971 3008
2066 3126
1540 194
1587 178
190 307
2069 2408
675 2307
2481 3061
1290 3033
3455 2581
2067 2747
593 2853
2586 830
1556 1831
2036 192
294 2944
75 1422
1257 3327
893 587
3128 1571
690 3056
1934 2857
363 1774
134 645
2026 513
1223 1322
2285 2652
2020 1433
3081 1224
1588 3110
3347 1575
130 1259
2454 3357
1703 831
30 53
3064 1
3144 341
644 3392
590 3177
424 1686
1917 665
1761 1695
960 697
1721 582
3274 1729
2403 2918
2241 531
3333 3190
1500 2338
2946 3200
1798 1568
575 2790
2625 2356
1745 1982
867 2912
2084 328
677 959
3098 1213
2888 2738
872 239
192 2457
1822 3145
2290 876
459 891
616 3315
3070 314
3092 2970
3011 797
902 1570
2471 568
3090 475
641 1284
3388 2637
359 1505
1666 2561
3233 2922
2294 2329
1994 749
1374 1273
2274 2281
2689 2839
1642 716
787 1591
1493 976
189 2568
721 2547
1881 3453
558 2923
1723 2436
3216 146
1753 833
798 556
1886 1778
2909 2846
330 2200
2242 899
513 3136
1608 1499
1818 1023
2802 1149
1336 1791
7 161
318 1341
2185 2353
534 2361
33 1724
2613 3224
2182 2628
1850 1623
3228 354
1483 2645
952 248
1575 1217
182 2991
170 2256
1230 666
1004 1405
2001 1692
3136 2553
2237 3406
1133 2583
1773 2728
55 1049
2572 2382
3350 26
1433 1605
2829 1444
601 253
1926 2157
2024 2689
1227 3212
2557 1323
2647 3339
2743 1018
849 2556
2416 877
2139 1200
531 1500
29 2672
2590 3176
3470 566
2400 3019
323 2726
3265 639
1148 190
2216 90
1007 3491
1772 1324
2287 2063
2605 1367
2552 1547
2297 2774
3105 232
1755 1504
3312 1095
37 303
2863 2927
910 2444
822 988
1869 3349
1269 1118
2181 2424
3051 1799
2800 1064
2994 149
3215 3373
333 1958
2353 2413
2632 2317
96 3372
1151 3252
3068 3416
896 2259
1573 1615
2638 112
1424 2004
1519 1337
102 2074
1035 1513
3332 1335
864 964
1592 2051
2875 500
1972 1401
3426 515
1520 938
1328 438
2916 1419
789 64
1958 287
1478 572
2650 2899
11 1325
918 1740
3066 3180
118 2891
3310 1656
1066 2519
515 1745
2938 1593
2226 986
1225 3381
1017 525
1808 1923
1944 662
1632 1159
310 692
1471 3342
2356 3403
2417 1797
2679 796
1618 3477
979 913
2934 851
1890 677
1136 1533
2530 2737
1018 3196
974 1272
1397 2106
158 462
672 2772
3034 2694
321 1557
2914 2786
71 1803
2718 634
552 612
2262 2205
1440 1395
1261 1626
1907 987
1963 875
2168 2129
2516 2344
1317 3107
1286 2630
718 979
3242 3321
1744 2496
277 2751
1170 2981
423 2880
2063 1641
2790 2426
2050 3444
883 219
689 1253
1348 2919
2949 17
3025 2098
2463 238
2601 1078
3121 3207
885 1961
3152 419
2599 1904
2130 1723
1728 1388
606 2476
32 3323
539 2369
642 2274
3498 1231
3049 1619
1572 2375
1998 23
1626 1352
1776 2768
2206 2291
2808 1274
3447 2111
2747 1434
545 2221
3026 1819
2866 1486
1824 2264
1055 3209
1074 3075
2003 2377
912 1393
1716 1777
2078 2518
1660 3293
816 2708
492 937
1852 2454
1346 9
3326 1580
197 3185
2044 3168
1710 3054
1143 1809
1763 2044
1741 1449
99 955
138 774
889 36
739 446
1521 1587
116 2762
2644 2602
2364 1208
1186 1485
3125 3038
2023 1302
3115 323
1250 2138
2723 24
53 1361
3394 331
1256 694
3471 781
379 3099
2962 667
458 2782
3406 1537
2752 581
482 2419
1206 435
1163 1972
1309 3328
809 1552
327 2887
2598 2578
1653 2577
892 2500
3266 952
653 1661
1857 2249
755 1992
1497 2263
3053 905
2292 1516
2984 1160
383 478
1056 2386
1142 1306
2921 1914
3062 2222
219 1858
1739 3195
1879 2285
660 93
354 2619
3119 227
2012 1993
2865 2023
526 2203
982 461
1260 2433
2339 1447
2137 2123
3335 783
1239 704
832 2935
2795 3286
2731 2239
3102 530
2209 736
869 3102
516 2819
737 79
1950 593
944 34
740 1377
2817 3096
3204 960
1892 775
3223 3325
2348 2988
1296 91
1679 646
3043 1717
758 2840
80 2327
2190 173
339 2635
3261 1264
2268 1252
3264 2765
2304 2729
204 2890
3445 2794
1359 849
3378 1983
1563 1569
3141 2758
857 2724
51 532
1743 2414
727 49
2761 605
2426 2495
3084 1949
756 839
2919 902
2677 324
2724 1389
2982 1411
2548 3123
2993 220
2402 2094
54 1546
510 255
137 1664
1214 562
2908 1492
720 2722
693 2710
2058 2103
1782 1215
1393 2442
608 1935
1682 642
1839 599
2144 169
2729 28
779 1181
3483 486
1165 1113
3287 1114
1252 2072
316 2092
1504 2134
1897 767
2652 567
3313 1203
2779 2643
611 3358
1404 1757
2352 1442
674 1737
778 1126
2847 3077
356 292
2245 836
2639 3415
3160 2465
2376 3137
286 399
797 1385
3079 907
1909 1276
1612 1887
1220 2275
3365 3213
3446 1146
873 1572
1737 1554
955 1280
717 1852
939 281
3256 630
2038 1415
3114 1258
1083 2365
494 2740
452 1748
3314 2822
2105 1461
407 1446
1677 1003
372 2452
923 2170
1752 787
97 2618
1072 118
8 397
2871 3499
2787 1816
1211 520
3221 1260
3171 2169
2967 502
679 1496
2312 2998
443 495
1889 619
1305 656
2065 1810
1026 3341
1231 2121
4 1065
358 2250
3288 3489
987 3134
274 1070
3398 3483
2922 2266
1191 311
3296 2752
1410 1635
1155 586
1633 3221
665 1391
1057 3021
2392 1694
1088 1458
1530 1047
2102 2597
297 2332
1459 2504
1543 2412
1213 2191
3302 2065
1806 7
476 3485
3155 2759
881 990
3076 786
1602 2699
1233 949
1413 168
427 802
1131 3016
3073 1863
280 108
343 97
229 1689
2727 2380
636 2041
1361 1315
519 696
1014 972
2571 812
413 2156
2314 1864
1949 1628
2365 1679
2450 676
2669 1998
2106 1076
875 761
296 1859
1603 107
2305 2956
3203 1421
3430 838
2220 1140
2165 1578
880 48
3045 136
3197 2296
2988 1450
1121 2913
2379 3367
1245 1101
484 2298
2855 2939
410 595
2200 2697
2889 1346
3306 395
222 631
375 3106
3200 2732
692 1172
2784 1254
2681 398
2442 1278
868 725
2112 269
2094 2788
3352 403
1024 1667
302 985
2389 3304
1687 1742
1070 1288
640 187
1727 133
2899 2702
1237 182
2827 2746
2383 1445
3182 3458
2280 428
1656 330
1421 1613
3157 626
2482 3069
561 1376
3279 3259
1337 1955
1675 1104
2498 1879
2513 2779
1247 1956
2958 2984
3280 1316
503 3353
825 549
41 1933
1685 1669
1983 2295
2705 2387
3208 2674
3472 2677
2604 2934
1082 2667
1130 1940
2041 1089
2886 326
542 1671
1827 304
2971 3010
2619 68
1977 2749
580 3495
3107 1321
2328 1696
1849 852
2217 1567
2881 729
104 2355
2310 1585
792 518
907 205
46 2826
2654 2137
2728 1934
3097 847
2501 2475
1473 442
2659 521
2336 2180
1532 3256
1694 2349
1407 426
2484 3490
954 1290
886 1281
1078 2647
2334 1009
2821 2962
1629 1397
1443 1715
1149 2803
1522 856
2596 436
1680 134
2845 2733
3359 45
876 1353
1961 1800
3238 2764
1803 1027
3052 602
2397 2024
3478 61
2196 2394
821 258
1630 1277
574 226
3373 2551
757 176
2674 1179
3383 1506
2745 2516
2824 2692
2685 2592
2518 997
913 842
488 1145
2446 1115
3355 2863
1780 110
3232 2994
2014 2789
877 2517
983 1536
1414 3045
336 3307
260 318
694 1833
2315 908
2342 230
2082 2742
1557 2077
1092 3141
2864 1094
2754 2820
1179 313
92 2265
1395 1713
3227 2607
728 3476
794 1025
2843 1731
2123 425
2584 243
3230 1403
3165 3296
1765 338
3100 1202
2390 2478
2774 1966
1071 1752
622 3488
1576 1675
711 3124
863 1856
179 3393
1567 2969
3019 699
1085 3240
393 2130
1147 1137
2741 450
3124 85
1442 2983
1079 1652
405 1795
1589 158
802 2885
2834 348
2940 2933
1738 3265
3095 1946
961 745
2345 464
917 504
1539 2031
1814 640
697 1169
1126 2391
1678 3354
716 3001
2394 734
3441 440
1699 2992
3342 3301
2576 2479
1957 2128
1302 1857
1537 2613
3239 1060
1447 2480
3427 1780
2602 1543
965 992
2115 3039
2878 835
1235 597
1347 1882
753 1739
3480 2655
1454 216
3284 207
2614 244
890 180
1388 614
2999 2042
1353 961
132 2456
2011 302
1472 1468
2523 10
1477 543
1166 1077
105 2781
1357 443
2346 1662
74 2052
1349 2000
1683 681
2493 1611
1548 2571
211 3446
582 3391
3382 3074
83 3302
2520 2127
1494 726
3001 2807
3399 953
1154 2283
3272 1155
2149 2460
3376 1297
152 1929
764 651
2628 2898
1392 3076
963 848
3029 763
678 3456
2406 3166
543 2557
3458 3363
3278 1466
2753 2046
1967 991
415 3493
2651 2439
597 3319
1258 1350
3005 1502
2567 2748
1059 578
843 2491
970 542
2947 1657
194 1099
1422 128
453 2446
1069 2680
3262 1622
505 824
465 1942
483 3188
1676 1847
173 1265
2323 1710
2056 982
94 1233
1238 1690
1376 1380
2440 553
2472 3108
282 1564
1049 1612
1732 3178
964 2297
1767 2323
2990 3060
1475 56
1898 472
1401 2185
603 1314
829 221
3146 1171
2517 1481
1335 2194
2303 3114
14 1683
2013 1164
2260 1173
2717 404
2987 3248
1124 3466
975 1541
3196 1725
1021 2579
3283 2253
1787 2812
3103 2045
2772 3079
2396 1293
835 1673
288 1396
331 3059
501 160
2668 2968
1769 2359
1854 3404
1100 805
3386 702
2885 1507
1601 2313
232 2854
2732 764
2042 1790
3149 2792
555 1663
981 3226
1671 2305
691 690
1658 922
3319 444
662 3269
2575 2739
3364 2182
766 2526
3047 1073
1645 3464
1455 1655
1285 2896
2031 229
1564 2966
117 1472
2475 1636
1033 1703
82 1897
3058 1912
1160 1862
68 2153
3411 1969
1157 1893
2500 2464
90 2043
2333 1573
3490 1470
477 1416
35 611
1649 1519
1178 491
2318 755
2952 823
2963 636
698 2795
2525 1090
2862 2745
65 2691
685 653
1325 505
2072 2575
2263 2201
153 2165
2643 3461
1820 416
3436 2404
2246 2467
397 2653
980 165
522 2207
1788 2100
1051 768
2129 3091
140 2196
3078 2716
1356 770
2725 1672
428 2232
2055 1971
929 2512
1670 870
1202 1608
2621 185
2846 117
2877 1621
2715 1214
2171 3199
66 825
949 2438
2497 3442
806 2029
3423 871
1485 1540
1009 2494
3492 463
3193 3228
3464 3258
1332 1158
1345 2848
3344 759
551 1784
1294 883
577 2312
1939 2300
2906 658
618 1926
1812 808
3429 3430
3252 1398
2561 1521
15 145
2895 2030
2235 294
3048 1194
1565 3351
2635 843
2854 1698
2320 2020
2781 3419
1552 2541
306 447
112 1359
564 2932
1627 3127
2546 1834
988 563
3237 517
3343 2705
3351 476
298 1889
2905 1706
2247 1012
2027 420
2311 1631
3300 2960
2760 1229
3235 156
2172 557
28 2979
1114 3236
1604 2711
1462 1917
1953 857
931 2401
2116 3285
2300 2920
2034 2293
3407 167
2143 2916
3282 2213
1389 3425
2124 2614
500 1736
899 1654
1205 1616
2813 2227
2443 742
1182 1002
2925 1242
1542 2069
1534 3382
695 431
2467 1991
1431 963
742 2560
2191 2841
1918 2801
565 290
2615 2993
3080 422
2769 1223
2853 691
3298 2440
1268 445
2541 3498
27 3047
2077 2888
2210 2286
352 496
2051 1603
1821 163
1271 965
2385 2704
2720 286
1180 3291
2735 3052
1885 114
651 957
1754 249
1561 2451
840 16
1719 1952
2607 540
495 2528
2257 2604
1841 1406
226 3410
2351 3463
180 1963
1128 522
1853 2837
1517 2158
1793 1579
2580 2847
2437 241
2495 689
2964 2649
973 2844
2687 900
985 2719
3420 1362
2653 215
887 1649
283 2309
2646 1432
269 2904
514 1474
1613 2735
1973 196
2538 2230
3065 2580
972 970
3037 1584
1469 2917
951 2833
2540 2503
1844 41
62 2617
2792 2532
1434 3104
2223 2105
2313 2328
1458 2963
581 2784
903 1490
571 3081
1848 804
1419 2558
2936 3036
744 2995
2087 1300
1969 610
508 2723
1307 1369
1006 343
2775 2540
1304 451
2569 301
1112 873
2425 37
1194 3441
1107 1058
3389 2141
3059 1320
3384 1255
1263 2240
3438 604
1146 1789
1989 954
2095 2117
3299 2502
479 1495
3443 3153
3040 105
2204 2062
430 3424
3281 2140
1913 1017
1106 2093
1533 897
2469 866
3267 2856
2032 841
557 2174
3425 373
3442 648
612 1225
1321 2389
1979 2233
3112 454
290 2798
2476 740
2823 703
2331 353
1282 1436
3474 2294
1452 1177
874 2082
1815 2878
2589 3072
940 2796
205 359
1221 2907
1450 3422
2675 2661
2740 1687
688 2443
1870 2110
655 1121
198 2255
3428 1943
1978 1697
151 1031
1141 1738
2765 3171
3024 143
1355 1204
1111 2644
713 743
1674 3040
3217 3417
3236 688
177 2206
1695 3261
533 3041
3275 815
652 282
23 3467
2528 3292
2100 1163
3251 3080
2271 201
256 2678
1759 1891
3349 2585
3485 2119
404 2078
920 2823
2075 936
3139 1374
2016 3356
847 507
1236 2889
2667 2463
976 86
303 344
3358 3231
3385 2603
242 2028
2894 1019
871 923
1105 3250
2527 170
401 1399
2820 2340
109 906
1402 914
328 2489
1360 832
2022 1839
36 1528
2755 512
196 2079
1408 580
538 1046
1273 1896
2187 1825
392 3264
2554 1241
2423 733
2700 3174
1878 312
1647 2910
1620 1451
3353 1629
3421 3350
1804 3401
1215 2150
1937 2536
1507 1112
535 481
2746 1462
2015 2399
1771 1665
2819 1719
2564 748
1512 2179
1992 254
2801 342
2279 3253
1505 1034
313 598
2261 414
2208 751
1275 3452
2 709
369 3251
643 405
1868 1869
127 3084
2431 731
2134 310
2478 1079
2222 477
1090 2499
1156 480
3074 1334
3305 1908
2577 2805
445 1577
1862 1820
3402 600
2931 3208
1595 2811
276 1423
773 1727
2118 2
741 2288
1901 265
3140 926
3457 497
791 2620
1726 471
800 559
2388 2530
1267 2621
1648 1082
95 3238
2697 1102
1192 2181
42 388
818 3214
2372 39
927 429
1713 2450
1316 3278
1187 1425
2521 1845
1888 2717
1435 3031
3050 539
2815 887
1484 624
172 394
810 2698
212 2638
2384 349
1244 1644
3120 620
2007 2223
1352 534
529 3369
1623 596
2595 193
1234 3288
1538 1786
767 1130
1571 2989
1662 2975
246 3440
2658 670
1887 2008
795 44
13 2715
627 1762
699 637
2972 65
480 2245
858 3281
1293 2783
3405 2588
659 3479
1828 2648
2830 2985
947 8
2532 998
1964 2225
2593 1453
1012 928
2138 2930
455 762
2286 730
1398 942
701 276
1873 1044
1052 474
250 3365
149 2292
2803 1400
2278 2972
1313 1120
1635 2754
1748 1493
3010 96
2120 3121
958 1642
382 1850
2505 984
1482 1289
2515 2937
1377 46
1193 2198
230 1892
3418 357
719 3138
1610 2243
914 1476
176 3034
3166 3070
2496 935
950 2679
990 3266
2511 1020
2542 457
1960 977
562 3225
1757 1822
301 3222
1545 83
1708 2136
1460 1877
436 1951
3099 2753
2282 2862
2415 806
1902 1976
2597 1427
147 2543
3489 1555
2173 1119
1954 355
966 583
3434 3027
270 1366
2456 102
2680 777
852 2053
2086 950
2413 3492
3035 106
2699 407
2742 138
231 2159
3253 3217
1644 2108
1043 3457
1999 30
897 3244
3338 262
2211 392
3018 1755
3240 2593
2414 3111
368 2942
325 3421
1190 2591
2239 1883
2021 3445
2535 1228
900 1439
2111 1188
1586 888
1445 283
1837 3175
2398 3048
366 1973
2748 3420
3362 2897
609 147
3289 2212
2924 271
1080 966
527 2228
1341 1093
2928 1063
670 2761
2140 3007
569 1452
247 21
2891 3154
135 1510
3104 1617
491 1873
2997 1364
1174 1081
621 2965
1689 1508
862 603
624 3387
1046 295
2131 807
1262 1872
2620 1038
335 3385
583 615
468 2582
1481 1735
1700 881
2309 1016
3060 2793
1952 306
129 1924
1914 1054
1108 2787
1152 1043
1467 2950
2672 3198
367 853
2085 2167
425 3370
856 921
1541 2416
44 1084
76 3156
3036 2872
1681 2760
2492 2589
592 2977
279 2466
631 2189
1109 195
314 2272
2188 3042
1597 390
3225 2236
1688 2423
911 2871
1139 659
671 1387
3118 3049
1172 1408
1081 1854
1322 483
2052 818
2307 2068
780 3017
2768 3337
2104 1331
3453 3277
2428 2032
2974 2378
2965 2829
1940 2071
154 1682
3174 2908
2321 2357
1966 2756
1104 1653
1479 3092
2860 67
1076 746
1045 673
2904 1487
815 2967
2005 297
1817 524
1054 3022
548 2461
1468 2171
785 2019
1621 2144
2799 1220
1463 2954
2610 3192
1956 1530
1123 3486
3417 2172
3329 1702
2796 401
2522 1256
817 1205
2953 3475
1503 212
1323 1333
1127 3397
1159 2870
2092 2598
1175 433
3408 1240
2155 1681
3291 1005
2249 874
1400 1456
1535 3270
2973 1175
2468 3000
1906 1110
1974 490
125 3299
851 1630
1216 814
3147 607
906 1503
2708 3320
933 2949
1001 1514
49 2343
1169 1166
1200 1985
553 951
3027 214
2514 2595
807 2683
2395 1098
3151 2149
2401 5
1673 329
870 337
3494 1823
3077 608
73 2202
512 380
2594 455
1916 2316
24 2766
1062 757
3042 1770
1509 2533
1720 3386
3292 758
1882 368
2355 2938
1984 1356
1439 365
2215 1744
191 3170
2464 3434
2828 537
1222 3427
1871 1999
2325 427
1019 171
3003 635
2673 1230
1465 3362
2734 3311
1638 1247
201 1855
996 1196
2985 1448
391 1651
2836 3014
1704 889
2133 1275
2570 1944
2368 867
3460 1583
2234 2330
2386 1480
1284 2876
550 657
131 2860
1331 1851
2911 3089
3259 2914
1308 362
469 1634
332 996
585 554
2691 840
2832 550
3130 1168
1008 493
2142 234
2000 327
2225 1788
225 1418
573 2687
2759 2350
3244 2718
1228 1501
240 1980
572 2254
3222 396
2410 3172
801 2010
1646 1132
2291 2314
3093 1050
768 2420
2766 2324
1735 536
1705 878
2374 3333
732 1890
1022 2734
1985 3004
1614 2055
2948 2850
467 1712
1040 2199
344 1835
2976 2651
1063 940
2770 3135
2903 1811
1298 548
1896 2552
2465 1072
1324 2902
3110 2513
1110 1829
408 2381
1611 993
846 750
376 3234
2462 1817
2477 793
1095 1913
157 585
481 1454
1195 1069
373 2951
1189 1460
1173 2257
1448 909
175 2002
236 367
2470 778
2409 1947
1292 663
895 2506
285 179
1982 1109
1762 71
725 1981
850 1287
2126 206
967 27
774 2778
1253 141
2491 794
2039 2057
2308 2573
3087 798
1775 1975
3101 1394
2117 2160
1029 1238
2503 2280
2363 20
1053 1384
1306 1898
72 2562
2004 2769
523 3062
2942 1086
3094 1911
3304 2147
1717 2374
2983 795
2543 3429
1183 995
2798 664
3054 1484
1590 2636
2850 1937
98 3280
2349 3030
1498 1024
2183 719
2174 3167
712 2220
1342 275
2562 3413
262 3183
2205 2318
2872 1928
497 1906
184 577
2089 2572
1981 2325
1411 1525
3163 1296
3397 1531
2662 771
3167 4
1242 233
3461 2773
625 1286
812 2650
1712 3132
3475 1721
2929 3411
1266 3215
2079 2218
1255 1080
837 1014
2897 2115
3172 1714
2371 1207
329 2521
167 2606
2322 181
3173 1032
566 594
511 498
2756 188
210 2231
3354 166
2248 157
447 920
308 3409
160 123
1558 1176
2618 2622
733 967
1593 1092
682 371
2081 2177
2890 1828
2730 1600
1116 2925
121 2866
272 1151
3009 1787
1546 3331
3473 22
532 1347
2937 3230
3122 511
1823 1327
3056 42
1197 155
2158 3082
2295 175
2096 1479
2839 790
1559 432
1860 285
2316 813
941 2373
1428 892
828 1927
2996 70
891 1473
2405 1610
3135 277
2531 2817
1319 983
2435 2215
432 1846
2869 1336
1770 829
1807 3173
3061 2642
2686 3267
2901 1701
3424 2267
2611 1154
2186 1558
254 910
2281 575
1654 2251
19 2086
3189 2961
1562 2559
2152 1030
2377 76
2702 1880
796 2421
1279 3086
353 2139
517 2695
2763 2197
3290 1948
2559 2508
3192 289
5 2087
1536 2632
957 12
346 2713
206 235
1908 1660
1501 1818
968 2673
144 1995
1075 334
1706 257
1441 309
365 142
632 2089
1686 2060
200 2775
3072 2615
1394 1730
1399 252
2198 1068
3108 1512
360 60
2019 3305
2485 3318
202 3165
638 3117
1895 224
2068 1170
1023 698
3164 2472
1733 3087
1825 487
1219 916
790 544
2046 94
1935 1693
146 3260
319 1997
1432 494
1199 273
1760 1237
387 791
2251 2186
2494 1488
1923 1378
1927 3162
3482 3298
390 199
128 3103
257 2168
2806 177
3247 1368
2837 3482
3063 2301
174 2873
805 3297
751 744
307 439
3176 1841
2879 3201
2587 1732
1122 1248
754 335
1784 2953
218 2484
433 1305
3086 641
1734 2978
165 1677
2160 2656
108 2498
2466 1970
3004 2830
648 1430
1591 1910
2047 629
1102 200
1747 1767
1691 47
1378 2487
337 947
2445 3384
2419 526
2660 2706
3131 347
3328 623
2629 2964
3260 3097
2127 782
1369 1392
317 547
668 237
251 1640
2789 2302
2486 3435
3210 3294
2776 3055
3377 1268
178 2675
598 929
1838 2676
834 850
2573 2037
3127 2703
18 1968
2736 3433
2203 135
1514 3243
3057 2210
3348 2814
1492 75
1044 358
2418 3439
591 1932
1513 470
3285 2563
103 2522
3231 894
2221 1807
2422 3155
312 2114
245 2017
2231 218
2852 13
2782 2851
763 2034
237 2145
2927 2874
2230 1988
309 820
1619 484
3178 2097
111 1249
2870 3233
3361 1349
578 2061
462 1373
2671 1918
994 2594
419 728
1641 3046
2721 2468
3188 1371
1158 2646
3468 2088
3012 1962
2690 2825
3006 3414
3484 1210
2616 213
769 3289
595 1358
884 437
1368 122
865 1751
3134 819
52 2490
475 2447
141 152
209 320
2912 785
1243 375
1731 1438
347 2709
148 430
3404 2539
3339 3118
493 256
2762 2570
255 2027
3257 15
2049 862
2453 153
784 516
2524 2884
1609 2906
2236 1028
2338 3359
377 2608
1371 2287
1833 418
2622 3101
1050 1147
2060 1055
1318 132
1016 2268
854 191
3372 1167
544 1511
1351 2549
2609 1553
2698 717
1912 855
1138 350
496 3431
399 1632
2266 1844
3 3402
1416 1330
1444 884
1113 172
750 0
2744 2407
1446 1201
1226 377
145 211
2449 687
2360 528
2661 3043
1606 1125
2474 2605
2434 3300
3337 2725
2255 1749
2539 1308
1955 2976
579 903
2771 1191
1120 2410
287 116
1177 2727
1624 980
2289 739
1924 1866
1768 1494
2719 2987
2277 1477
1970 700
2367 1066
3194 2700
2980 1370
1418 680
1010 3262
2326 3140
1031 325
781 1340
520 1522
439 1267
1096 2192
1736 671
1800 1239
2506 2821
1403 901
1582 3112
2656 3336
3183 1178
2512 1141
1836 2209
91 3068
657 1135
2424 448
554 994
2473 1551
3440 1950
3391 2763
1248 299
3008 2303
3205 2383
216 2269
1904 104
2545 43
1430 1051
450 2893
549 932
1013 2252
69 1059
3271 1360
707 1245
2812 2662
1042 3426
1574 209
1405 2523
2805 552
925 2654
3334 222
2099 54
924 1298
3123 2458
1366 1218
2900 2554
2706 1753
2293 1107
3111 650
2010 3241
2382 3257
84 1133
1625 3202
3456 1261
2276 3242
1831 31
1578 1604
1911 351
3020 2586
826 99
275 735
1795 792
2136 3133
1877 499
1746 752
2950 686
1786 1317
2568 1643
2110 2308
273 2777
2998 1837
305 1457
2366 737
2433 1925
2617 339
1039 625
839 925
1910 1848
1523 3273
115 2834
181 393
3422 1821
1547 1861
772 296
1965 3158
1132 332
3459 2567
2553 678
2892 2879
2350 756
1549 1576
2526 3220
451 2612
2488 675
3199 2151
195 308
1778 2633
2637 434
1722 1515
1259 3116
320 1746
2002 441
1872 1498
1568 3454
1529 501
3184 617
388 1152
1865 2007
1272 668
746 2393
589 321
228 2858
905 2366
2412 1319
2228 3227
2711 1658
2838 868
999 693
416 655
292 784
155 672
669 541
1794 2242
478 2996
123 828
1386 1206
2264 2546
1851 1156
1866 151
395 943
3170 3235
6 1824
2354 2855
2833 1365
588 2707
485 579
1135 2362
1664 1013
470 1793
1813 1708
2970 2882
2148 2135
1060 2688
120 2488
2430 590
1474 319
2961 3161
3318 3073
1381 1905
3133 1108
293 3090
3401 413
3393 2624
60 1915
164 3255
289 55
3396 1734
487 1143
227 228
2347 361
1702 2845
3435 3274
898 1342
1508 946
991 2247
1566 2113
386 2437
3331 2216
726 2815
1525 2334
623 3018
1569 88
2840 1061
3366 2895
2452 973
1506 2073
1584 822
2214 2750
3249 19
2701 3149
1212 223
2460 3088
1816 1303
2054 2448
2457 3066
2657 259
0 1769
1281 2049
340 3122
3308 264
2959 2148
1499 3005
2811 2482
440 115
281 186
3168 2574
683 300
2956 2429
1777 1984
300 510
472 1645
3209 124
1363 821
1692 722
3075 1726
406 1957
34 2012
2634 2341
628 144
1783 3379
1711 1096
2025 1532
2407 3487
748 3206
1858 776
934 2273
2028 1008
1930 1161
1845 713
1288 2462
1847 2015
540 3428
1489 52
1164 810
1518 1916
1579 592
1032 415
473 1309
1343 2076
2793 3229
402 89
630 317
3207 2538
1084 2800
3412 788
1034 1563
989 1618
1990 3283
139 1808
617 3474
2533 2360
1942 3284
1310 412
615 1967
823 801
650 3396
1315 458
2009 3398
168 2537
2968 1375
3395 1936
2758 1212
1996 164
1920 1262
1832 3063
2537 2021
722 2481
2284 3268
673 2428
56 3239
434 1174
2162 2497
1707 1974
2704 2671
2791 747
2703 159
1379 1037
3161 2864
3091 772
3117 2047
2109 613
162 660
400 800
2566 2804
3021 1144
133 1189
1005 558
188 3246
1526 400
2176 2018
2636 1670
163 2013
1802 2081
736 3179
2810 632
2874 98
2157 11
2061 3245
1065 779
686 506
362 2974
2017 3469
3317 978
2558 2616
1809 1559
1652 137
3096 92
921 2367
908 2868
3323 3053
1544 1691
463 3335
1986 1463
1295 1351
1464 1832
2692 633
2592 844
2816 3312
3363 242
1358 1986
2534 2376
2121 2943
1596 1709
1951 3058
412 1874
1086 2576
2178 3032
1943 29
1224 859
560 3142
370 941
706 1901
263 2345
3336 2849
901 3184
2167 1754
3245 1039
3177 3471
2299 1562
1945 1650
777 2246
3263 150
1167 2799
2053 3147
1515 3348
464 1688
1241 316
221 279
2074 459
235 386
730 217
3226 3408
3248 2485
435 1680
2529 3496
824 315
444 3317
3258 2791
3432 2469
2648 95
2764 2364
3187 3098
421 374
1880 1075
113 2211
2103 1865
2156 2903
504 3468
471 2290
2907 1117
1997 3329
2146 1129
1631 1938
40 2368
342 508
2098 574
2510 1763
2649 1227
2358 1836
1144 1424
882 379
1553 1765
1077 1922
605 2629
1491 2392
3380 3332
1792 2080
1756 2525
3000 2396
2302 2720
2033 864
866 1150
2194 3013
1511 3395
507 845
1426 2166
2509 826
2132 2493
803 2842
761 683
1417 2348
1672 2545
2707 816
2448 3113
474 263
602 1868
203 1685
634 3028
378 2310
3448 3345
1150 1728
348 1318
1840 1878
2603 3497
710 2277
2945 1148
760 2666
2070 1565
734 130
2018 1266
2935 2587
1740 2668
1412 3484
687 3157
2918 654
661 2347
2749 2955
1246 1978
3083 2743
2612 278
1340 2639
2201 3334
1161 1222
1524 3006
1011 356
859 3390
3476 1139
3082 2237
3017 1711
2480 3306
2783 1588
2582 473
1184 535
1000 2184
2273 1001
2107 760
1384 1566
169 1716
759 1624
833 2696
2713 119
1094 2627
2695 1996
613 1197
3198 2009
1811 1544
1387 2035
2048 682
3041 1931
2560 1902
267 551
499 479
1636 2813
2574 2425
2504 345
2898 2915
3277 2514
2329 714
2270 460
2184 3085
2630 2163
502 1382
1835 38
2941 904
2920 1813
2849 488
3444 3232
2057 1699
456 3436
357 131
3046 2685
3410 2483
3185 1930
860 1339
2357 3309
454 1195
2726 2542
78 3330
1891 139
808 1860
1099 1128
1874 2411
88 2936
586 1953
729 2744
364 2432
426 3455
1715 1497
381 834
77 2473
3320 3303
1333 2038
1495 2952
252 2161
89 846
1864 609
709 3067
705 2214
3153 2162
1137 198
1988 3011
1599 3093
1015 956
836 2507
1406 561
654 1291
649 999
2455 1814
765 1372
1742 3313
2682 766
2244 2125
258 1804
3028 3164
3132 2403
431 622
820 1794
2193 817
183 879
3201 3412
1701 80
101 895
2969 1085
841 917
2436 618
2199 2802
2556 1379
2381 1106
995 268
576 3400
486 1074
2933 109
1171 1509
16 2831
2296 1269
3374 2112
1667 40
166 3310
2421 2600
334 382
1928 2124
2045 103
930 1783
1921 1994
351 1561
1364 1909
1729 2175
3180 2926
521 1838
848 886
3486 968
1097 417
2887 1244
1915 1301
107 2892
959 2352
2429 1674
2071 1747
2550 453
1134 1123
830 707
2177 125
1423 3071
938 3347
2076 2384
2957 2427
1025 1527
2939 571
2319 1648
1884 63
1581 1464
2250 2453
1067 1221
278 2455
2408 3368
2083 1292
1959 1523
3439 1285
259 711
676 1990
3150 370
3109 827
1859 3360
2507 1182
992 644
1975 2083
633 2660
1583 73
437 3064
1047 1545
1779 679
3213 2883
1382 1491
243 1428
943 3193
1181 489
3454 1469
743 2527
2600 2333
208 706
2716 3002
909 1668
2258 933
1903 1087
937 3129
1436 2014
220 3470
238 3437
1938 2601
1622 1219
2786 773
2981 1542
3241 915
1843 1560
762 1785
2608 1556
338 2957
2344 2911
658 1185
1429 2520
2151 2320
2563 1338
596 3205
3356 2385
1899 962
3462 1602
22 1127
143 2183
418 1827
1073 1589
1289 519
3038 1441
1427 2116
1372 2999
853 66
2709 591
1330 1429
1993 363
537 3361
2991 918
3321 975
567 2941
1643 2372
2404 3191
1598 2931
2189 78
3357 174
2150 1920
1932 3035
2224 2006
2722 2609
978 3472
2549 927
2794 948
2195 1614
2097 1083
2733 2838
3403 2921
1693 2486
2640 1705
2008 860
2915 1015
2256 1733
3255 2565
1607 2271
1690 2132
2301 1062
371 1381
2876 1310
2591 1006
58 1283
614 3187
556 204
3145 3219
647 799
1383 880
1750 720
749 2590
2868 576
708 424
341 3186
530 2640
1698 1899
1883 2669
3002 1007
106 3388
2880 411
2192 2477
1350 1414
2091 81
752 2417
2166 2406
2926 3012
2578 1601
10 1720
1550 1328
59 6
2227 2299
2757 1033
64 1299
1466 2379
1425 74
161 2164
114 1136
217 811
3479 376
224 1941
2944 1234
3143 1888
2712 2096
1274 3322
2896 202
1201 1091
1087 240
2844 769
3325 274
67 3423
2059 1796
637 2905
199 2422
788 2354
1749 2278
3030 2102
845 685
1555 2101
248 2731
3013 2050
1488 3432
1254 3181
2229 1390
233 3263
599 409
2122 2973
3206 647
3156 3065
3014 2686
86 2780
498 565
2858 183
2565 1597
1829 701
159 1596
2642 2434
411 1989
1668 77
3181 3355
2694 2238
3346 402
639 3057
2073 1004
1617 1357
2337 1041
620 1867
1875 33
969 1243
1229 1354
3067 2193
3467 529
2373 3405
2902 1886
12 3394
2655 2398
1580 2511
696 3143
457 545
1560 2336
2955 2219
916 3029
619 1582
355 3182
3069 503
2626 3125
1162 3282
2180 126
3297 2827
1929 3130
704 1704
922 57
2995 2056
2797 2260
3392 2224
3033 1409
1628 2217
1287 2835
2861 2492
1101 2040
3450 2865
1362 1282
1724 1186
1510 1443
878 1097
1585 1964
17 2118
1867 2665
2175 1042
2169 724
100 1455
2427 366
1390 1270
546 2409
3463 2701
731 1052
