3500 6500
3473 1753
2452 289
1634 2250
3293 2544
123 3298
147 1156
1369 1214
2709 3129
809 2760
955 864
303 2651
1149 1375
215 2485
3066 1862
928 2901
563 1433
771 576
1218 2646
472 2976
700 59
2986 210
959 2840
75 3374
1821 535
2514 284
3047 595
253 1610
2929 2127
3194 2999
730 2079
1311 3361
2670 1505
2377 3390
366 1341
2335 3153
2749 665
1055 1380
522 992
2486 2503
1447 3270
1609 3018
3289 3482
1507 1244
2900 2532
728 2289
2126 2181
1488 2723
3009 1363
1181 2110
2279 1615
1081 2820
216 1311
2837 3491
1252 2852
743 983
3054 851
2508 1497
2253 1739
32 13
3261 798
2211 2290
3351 1327
1210 1455
1254 1419
2535 320
3170 3461
2935 1746
1851 2397
2594 3113
2701 3156
1308 3061
1538 1520
3239 3184
2445 1276
3452 3233
3251 3264
1546 925
3236 3397
3296 857
3378 3288
2808 1256
3415 3269
698 3089
690 1185
733 1090
2652 2507
898 2434
1450 254
76 632
282 649
632 1589
3050 1513
2258 2950
2954 3075
1988 3337
2256 3471
1368 2902
2029 2845
1222 316
442 753
689 827
2576 366
1265 3475
1463 243
2152 2326
2605 3411
2646 1369
668 2911
2921 1832
342 2005
2589 2293
1413 2766
912 1898
2679 2827
1078 1237
998 3119
1632 2570
2777 1225
156 207
1153 2936
1940 3324
1415 2050
3465 2623
3426 515
2649 645
629 1274
2026 3439
2055 3260
2142 2738
301 1425
1604 488
3169 3359
2510 1234
1595 2432
258 751
2936 2408
1390 2109
1474 2204
1630 952
2144 1618
210 1102
667 1396
3300 1512
453 1139
788 2363
2015 915
133 3401
1420 1764
3205 816
2207 173
187 3446
1966 2657
2534 561
2895 256
1687 1768
1372 792
1426 2801
3375 28
1112 1108
1068 94
1430 1413
337 2684
3373 336
1576 1839
3295 1136
1866 1700
1561 660
2076 1770
2254 1936
2966 2974
145 2752
2874 1808
51 542
1039 3404
2894 1275
1870 3443
1459 1698
2025 1525
3404 1755
1423 147
915 2991
931 211
1911 2437
277 3483
3252 892
2395 944
2690 989
3134 2268
1257 468
383 3095
1832 91
2934 1991
294 2715
3224 906
767 2839
1672 56
3213 3042
3008 2864
1309 496
666 1006
49 2010
3 1620
1019 1973
2092 3217
2263 1147
2547 3054
2480 2365
2437 3032
2848 346
2449 1273
973 379
127 2330
2266 3074
3354 2288
1475 2167
3466 3263
3344 2658
200 2011
2167 3218
3335 407
177 793
3292 2009
291 896
2915 722
2659 1787
2397 2084
478 2804
2815 550
2655 362
223 2770
1642 2120
3428 1972
1229 451
889 206
9 422
1445 1355
1601 3379
3266 2825
1762 2984
610 459
2307 3466
880 111
1330 829
2878 1093
992 1707
2674 3285
1649 1334
3279 3332
601 1447
990 2558
1002 1328
3222 1838
3031 869
1123 776
778 1477
3159 1594
3081 3315
578 664
971 237
33 1885
203 2518
85 2033
2426 1206
1684 2083
1659 2407
2249 757
2133 2231
837 2588
2241 296
2988 2887
95 1405
2809 689
1801 914
515 2645
3294 2580
3214 3407
317 1374
3022 2431
3362 3366
1883 3033
3352 3420
2135 2409
3398 1663
108 2188
2494 483
2901 1015
2697 520
848 3030
1799 799
2725 964
1612 3155
2117 264
2854 1955
2996 2117
232 2608
2604 1320
1549 426
636 2751
2575 2054
1752 962
816 2547
420 490
1411 2725
3433 2755
2273 781
1084 33
1448 2344
2148 1575
1111 1177
2489 255
1924 1742
1266 1780
1543 890
3198 3172
1152 2654
1572 891
1069 1172
31 469
857 2508
982 2941
846 1189
823 744
1843 1212
2176 11
2387 2320
911 2576
696 1021
2179 1167
2747 208
2375 1142
137 3197
1246 1577
296 1270
1717 2947
164 2008
2251 2345
2743 2140
1393 392
2849 132
2300 1008
670 736
1500 230
537 922
3371 1884
2971 3423
2549 3133
1807 1356
431 141
2801 2700
1515 911
2768 1872
3489 2883
2197 262
2731 1141
2730 3265
1169 258
939 2494
2643 3066
2513 586
2495 1791
754 1765
2787 83
575 978
975 3468
2796 3067
2064 1085
2285 1255
3078 2989
820 1298
2917 196
2082 1400
211 101
2517 3022
1410 1532
3439 2573
2525 1478
1934 92
1617 2882
1660 1886
1795 3472
480 2417
340 2224
1239 1861
1926 1165
571 555
1859 917
1035 2184
143 3427
2231 727
671 3140
1280 1315
1626 484
979 1593
1970 2512
1200 3034
2112 1793
2046 1561
526 1460
17 3055
811 383
517 2424
556 2959
1013 1461
2509 66
2407 616
399 3166
677 3393
2843 75
2255 2510
353 3395
2446 25
2409 3386
1540 1135
2563 1239
1495 1009
1314 1782
67 1956
1676 2160
3217 3078
2964 1652
2892 596
1456 692
1173 2477
2056 1199
1834 1689
349 745
527 1285
770 2761
3116 1976
3190 2956
3340 158
3291 2773
2324 93
2183 85
2671 2877
3016 1179
2137 32
2009 2523
2723 1658
2586 2098
3132 319
1465 2286
3128 765
251 1361
1510 2174
1919 3343
2447 2797
3137 64
471 849
2154 880
777 1508
3361 188
672 486
2896 717
2223 1091
3191 2557
988 3021
2398 2430
1904 1533
1020 2080
1845 1277
1905 3169
3181 871
3429 348
2049 2828
1715 2022
736 2633
15 1846
3456 1981
757 643
2793 2811
2005 1524
3454 3223
2555 385
2214 3124
649 421
2816 2205
398 350
3416 2142
244 603
930 1585
1259 2210
681 853
858 1945
1098 2707
2278 8
1882 2894
2331 266
3338 750
1418 2051
1608 828
1186 2782
2079 2428
3083 1437
134 1572
3358 81
1914 1055
2788 3355
1034 2034
2339 2425
2953 179
2705 2838
3321 2457
1999 3334
2293 1927
2298 3192
591 1394
2114 902
1400 2342
2007 2800
779 1175
2469 120
531 2389
3259 965
1867 3086
336 556
1056 3479
105 3353
824 2412
1046 327
719 1124
3248 2382
643 2810
786 2693
1101 2222
1070 1463
606 393
1995 1329
3494 2767
3363 2802
3263 559
2345 3017
1379 975
129 1874
3271 3258
1313 1440
2438 213
272 2555
3202 913
180 1740
2067 574
1241 1059
451 3101
2232 1052
2296 3036
1987 130
1279 1778
2930 1429
331 342
1062 3093
552 2586
3172 491
2737 2669
1755 1829
327 2463
760 2682
1301 415
1030 1127
1136 1439
2811 1614
2505 2245
1524 2114
1190 2546
3408 3026
3431 2908
3124 3449
639 626
2147 2126
1873 1933
3403 1626
2288 2513
1132 2763
378 758
1921 704
2943 136
344 2690
2205 48
3098 323
2043 513
465 3450
2825 3189
20 537
769 250
926 1113
1547 1390
2209 494
717 1048
3127 1650
1384 2180
2807 2465
1692 3392
1704 335
2094 1443
2565 1271
598 1942
661 1350
3230 2776
653 2943
904 3072
815 2134
2160 3013
2826 3389
2018 2925
1779 1705
804 1403
2193 1218
1610 1333
175 2601
3140 452
3464 155
518 1801
1775 1996
252 3336
3274 2077
414 737
703 2898
512 462
2105 814
2606 102
3225 2247
226 2060
169 2670
2813 3068
184 1012
1461 330
1365 571
2544 3283
2647 801
2560 2790
1076 151
2034 697
2475 331
314 2331
93 2012
2201 280
3187 3154
2163 2020
2698 416
1554 2073
1374 1897
830 247
1703 2585
320 2106
895 1643
3451 1184
3001 3071
1648 3160
2217 2837
116 3320
2975 2102
1191 369
1299 2317
1449 2441
3262 2178
856 2566
1217 3362
2856 265
1171 2865
1482 3103
1552 2343
2427 1980
1805 2278
1790 2978
2099 1983
351 2622
2432 2816
1074 2599
1770 2421
1782 540
1773 24
2761 2591
1850 175
2745 970
1965 100
2804 3313
849 1475
1381 2402
1935 2261
1792 3333
762 1220
1011 972
718 2055
45 2276
2350 1388
2380 2270
1723 2862
141 129
470 3056
1551 569
622 1495
44 191
2520 1414
2156 2679
573 3496
2068 1636
71 19
1570 955
2405 2835
2213 2661
3018 2362
958 2451
594 3421
2538 3476
783 567
2401 245
3496 2137
3364 2359
2498 2611
1573 145
1354 2817
1796 3373
2017 573
3121 298
626 2934
2332 380
3406 1713
2746 1080
1559 3052
165 3380
63 1174
1917 1743
796 1095
1487 2892
89 2992
1391 2346
1091 1471
1743 2634
2867 244
2877 919
58 587
3011 1905
1957 3179
2487 1756
2726 815
2789 1215
239 747
1647 164
1913 2218
2911 585
1358 2380
429 3289
149 2
3310 1386
325 2939
2663 910
438 326
706 2904
3485 364
487 2888
28 356
2543 3060
2922 2910
1728 1815
2073 1681
92 3082
1141 1474
1429 2059
2958 521
1658 1084
2134 2150
38 3277
2072 2499
919 1732
967 1656
2881 360
1104 1682
3303 1123
269 2185
2902 3251
1513 438
1639 67
1058 886
2120 2786
1118 2095
589 2209
458 2347
1125 967
2619 2717
2472 467
1203 2232
693 2091
1786 1094
3243 376
583 1762
2030 819
2053 397
1979 205
3005 2266
2378 1554
2814 1676
2382 3387
2001 3216
3049 2807
1544 2324
3343 1877
2948 786
2852 2695
1269 500
1382 3092
2993 1741
1209 876
3179 2131
3118 252
1005 2844
3218 599
1946 3112
2173 463
1273 2539
2775 1530
199 602
41 2789
1616 755
3131 894
3320 2398
2406 884
1499 705
275 2858
3215 1850
343 1468
229 3088
3349 1834
1357 3378
907 2642
486 1411
1041 238
64 713
1712 3025
2977 2834
2319 1487
1531 2192
997 3256
2153 3455
966 728
1943 181
1015 1591
3117 1993
1694 2464
756 3370
525 1920
1021 7
285 359
2086 866
1519 3128
1584 1641
2862 1653
1963 3384
1126 3457
3061 1828
1915 2295
2675 1205
2734 1908
897 526
2146 507
1562 2306
3164 2076
507 292
2754 3486
447 2915
817 2876
3034 2525
1115 1376
1892 1500
1662 3041
3042 2379
2424 2423
316 259
2847 3010
1343 3141
2440 1246
2184 2537
2085 2294
1022 3319
1288 2475
13 382
2940 2449
1455 1046
2822 629
1485 931
1800 1786
861 951
192 2183
1432 2787
663 176
1750 1823
94 1730
2399 3473
2124 2390
6 2509
678 1243
725 3120
925 920
1738 619
3123 3445
2271 153
1679 2112
1486 2821
1906 1735
1212 2875
1643 406
761 3367
546 3096
2691 3002
1794 1300
1232 1159
1622 2780
16 1539
443 3428
1578 977
1428 691
2593 220
2735 1338
2650 1818
520 2899
1128 1227
2634 847
1756 485
3234 2058
194 1870
2512 3196
446 3252
3318 97
1671 900
2083 834
2980 3435
3469 790
474 1702
640 3467
30 429
1038 2206
2531 835
2414 1635
263 1033
1193 2384
1167 1323
2741 1076
2582 1581
551 2966
46 1372
918 2514
1600 682
1402 1436
0 396
2864 1665
553 1190
1909 2256
2491 601
109 934
2603 740
3035 2795
2186 937
2443 2371
1624 1061
1548 1339
1258 711
1385 2111
697 1506
2562 398
2797 1412
3480 1717
3487 1528
1109 1696
1166 1911
140 672
991 2589
2421 2420
2963 685
2738 2387
3032 1790
163 1551
3327 2003
1359 2620
1849 2772
2984 3497
701 194
341 2777
864 2619
240 297
1028 1566
3308 2502
2036 2445
1328 699
1579 1860
454 1484
2833 837
538 1984
2757 3484
2740 2896
2127 1157
1869 1930
413 2568
1323 716
909 2919
3360 62
3112 288
3390 3224
2102 999
2195 2190
3357 2968
204 1081
2171 787
2727 679
616 901
246 2479
1505 492
1387 1747
1836 1916
372 391
3311 1628
2718 1821
267 3102
1539 2775
617 3105
1053 2044
1324 1738
2769 1545
1708 1562
1219 2019
3197 2314
604 1752
1986 3163
2805 1729
1812 1950
3453 3044
1377 1397
1184 2926
1106 1584
3483 824
2540 2318
157 879
3038 1114
10 761
3430 2720
3238 762
2454 2217
1164 1601
855 803
1734 1040
2910 2211
2250 703
271 351
1691 1568
96 1233
2717 780
72 991
1621 2850
1929 184
2100 1201
3180 3031
2374 3369
969 437
2981 1232
3051 788
2621 2007
2177 887
2946 1324
2753 347
1580 1625
978 2253
2999 2831
2978 2967
2597 2616
2766 3485
1435 439
763 1260
3071 159
1180 1250
840 476
2742 3007
2031 3131
3432 2889
361 27
3007 322
1736 2426
2309 2988
146 2068
2592 3312
19 1859
1521 2549
313 2310
3015 580
338 169
1737 2812
2039 3190
654 2018
1080 2963
2008 669
3023 3250
2585 3114
822 2165
2203 986
3281 3267
1529 2842
179 1900
3385 2708
318 1422
814 510
1498 2916
1588 519
2885 1192
2559 384
1170 506
2070 3228
1740 1019
620 2497
746 821
1506 1773
3482 2814
3250 2794
2982 3272
934 2662
1004 2163
2817 2702
1685 43
3315 1152
1227 2730
1848 221
2277 232
2059 1865
2268 832
2320 3214
2020 233
1702 1943
937 841
1811 1842
882 536
495 3080
1440 166
2732 1392
373 1611
73 3037
2065 2928
2371 2246
2259 1673
720 2781
221 3323
808 1332
1511 1492
84 979
2353 2263
2417 2248
1443 1662
2150 613
2799 2577
400 1592
1315 1401
3337 1082
2851 734
1907 1283
2010 3345
1124 1974
2919 3437
1772 2538
456 2481
1497 2043
3026 343
1490 2808
1861 3282
1444 953
829 2327
1711 2878
3139 3135
1678 79
3341 1068
2599 1723
2665 433
599 635
57 733
2571 1642
2835 142
1939 2604
2945 2856
2311 1648
261 1134
1587 552
1163 501
3472 1684
3317 2189
142 2313
1419 1535
1287 168
1086 2689
1837 479
3019 1145
1059 766
828 517
498 1083
449 308
213 1709
986 1669
3228 2664
1973 1580
1464 1131
1733 3377
393 2656
222 3069
1978 2148
2502 1667
1253 1716
484 2686
300 1317
1637 3462
1127 777
1502 2383
3220 1952
3382 1871
1296 1219
2347 1629
2692 2123
3048 994
107 36
2101 302
3302 2779
1206 1292
2949 1507
2174 627
1496 1336
3397 3006
489 1718
2348 283
3072 2046
548 1588
3167 3327
549 2528
2557 1282
2610 2953
1842 877
1753 1263
2471 88
2834 275
2702 2677
956 1714
2700 1607
1380 597
2798 23
1582 234
2391 843
2415 802
570 443
2159 1728
2883 2931
2925 1326
3162 453
2583 3109
2641 199
69 2648
2302 1264
321 562
3330 2149
951 1655
2990 2705
2290 1863
99 2721
3141 527
944 408
2330 1420
3319 1398
2554 2945
1983 1041
329 444
2400 3237
3388 2937
1223 741
3374 2487
510 1586
1625 2333
1003 1924
560 1893
791 695
1603 1470
3219 1056
408 2403
491 2965
702 1004
2782 709
2011 1373
533 1183
3085 800
853 3346
892 1597
1857 2105
750 1303
1542 1779
3347 214
1337 268
2190 956
3368 1111
597 3073
1179 112
3436 860
2389 1427
893 2957
695 3186
1048 804
3356 3173
633 1600
1724 3104
2459 3459
1061 1278
1942 3451
3201 1290
2359 1377
1329 2279
1297 3447
2879 1426
1856 2480
2776 3012
2106 2792
3142 958
1360 1761
197 2598
2916 954
1884 2529
387 2726
1611 2587
2633 701
505 2973
2859 3480
1558 929
139 1109
1471 1541
231 1448
785 2575
1574 1307
266 162
839 905
1346 2488
1424 720
1667 3456
1599 2946
2419 434
2951 2719
1238 2602
3092 2370
437 3
2221 2316
2477 1357
1641 45
2463 694
1396 1490
2479 3168
843 1848
3395 2522
1364 1982
302 2321
357 2872
2871 2119
2385 3409
831 2292
2620 605
100 1578
1941 997
2071 1466
3410 410
3002 2240
2189 2216
1306 149
3160 110
104 610
2780 502
540 2565
913 3076
2321 1511
2760 1101
2230 3158
2644 2350
592 370
2947 1603
2897 2823
854 125
1462 160
493 3301
2628 3177
2779 1571
3246 131
3437 2179
1960 84
2240 530
905 3201
257 2396
1417 2964
2155 2280
2416 3303
2228 2970
3355 240
3093 1025
1571 3138
1122 2676
2860 889
2042 2704
1638 1710
1107 431
2693 1370
1950 3295
709 1918
3150 3499
1226 337
3053 1690
1854 2393
2287 3257
1585 445
308 1602
1741 2122
1412 961
2827 2325
618 1407
3499 0
1823 2826
1012 878
2771 708
586 2411
101 3231
1160 592
1778 2100
1018 578
2772 1110
890 3207
3394 349
2985 2004
3157 2644
529 2955
3126 698
1406 617
91 2600
714 3268
981 2870
476 509
1677 930
2281 1321
305 1202
1631 1119
1063 3498
3074 1291
1615 357
1316 1965
1469 1406
2044 2473
3492 1901
2376 31
2329 3308
3353 591
834 2559
2390 98
3442 414
3063 3170
875 291
2095 1715
2908 3405
1985 1457
2325 1346
2088 2678
3058 53
867 1605
430 6
3064 2459
1514 538
3470 1864
499 386
731 1783
943 2713
54 481
1583 3171
3210 1446
3440 2311
2972 1882
1527 644
3153 3243
2967 563
1817 73
3056 2212
2728 1306
2832 1007
682 2001
1133 1301
3383 948
2639 908
1844 121
2257 2531
3332 3222
3075 1875
587 3050
2601 1423
332 1940
655 235
2182 3340
1336 3204
3339 2743
3113 796
3282 1314
159 770
3073 2520
1651 156
3028 3125
2218 1935
1023 731
1416 2467
423 174
1100 3083
14 1798
2326 764
1194 371
2956 1176
3260 898
1962 903
2820 791
3446 3413
1178 2940
1928 2562
1824 565
1397 1030
1820 1485
3314 2388
711 2082
2052 2979
2542 2886
40 1125
3154 870
2642 2129
2262 1583
2537 2257
705 2581
1644 3126
2880 87
2265 3038
1925 3188
747 493
1783 1240
734 3144
627 352
2681 216
1747 3329
3021 611
1113 2971
1839 2357
1205 3287
189 845
2237 1462
508 3240
1142 367
2393 1938
574 2372
464 1763
2751 2399
807 2711
1129 1576
2611 1073
3223 1029
802 2030
2715 394
2689 3185
1383 2747
1895 2692
2704 2498
1686 637
348 3062
806 2378
1121 1883
1213 1802
1716 3307
2291 1231
2703 1771
1350 44
1575 2199
1270 2592
173 1258
3414 303
3004 3492
2236 2454
2622 3212
2763 1424
1289 524
1726 2734
1473 1777
24 732
945 3274
1161 690
1731 1444
3350 2709
2812 3357
3211 1639
1953 1899
3307 60
22 1200
2959 2962
3369 274
3114 3051
97 2793
43 3383
1060 2672
1103 1550
1596 1203
3460 2135
2569 104
2863 37
1407 1879
774 581
1349 673
2063 17
891 2987
1729 1112
2373 3100
2750 3245
462 294
2091 3330
513 311
782 2452
8 1748
81 3164
745 3229
1827 3090
611 1465
1146 134
3399 1252
2244 333
1994 3453
511 830
1085 1001
1930 299
168 3347
2354 795
1388 1294
1767 2739
514 575
3104 2144
2358 1066
379 3063
2286 1418
2352 69
255 1633
503 2173
212 1638
3152 2215
87 2305
2598 3136
961 2439
1467 2159
1791 1549
3381 1051
1787 2061
590 3045
2314 3419
727 988
3481 3278
3463 2006
2694 1712
561 683
3208 2468
3149 2367
1460 2977
18 1817
2130 3458
2000 482
662 3199
624 2918
1847 2400
1457 273
37 927
3216 3430
3065 2249
2907 3376
704 935
2818 998
1898 3300
309 395
455 3202
577 321
1233 3290
1010 1558
1198 318
1765 2341
1319 2078
542 3023
3270 3416
1458 440
2408 3292
987 1623
1052 1902
980 1657
2924 1010
3411 1180
279 522
1044 2186
88 1166
2553 2155
1045 2778
896 2087
1565 1837
1137 2329
1135 3406
3029 2891
2794 2187
2866 167
787 1894
2501 1959
220 223
3331 2879
1776 933
243 2980
115 3478
428 1305
852 3474
151 1493
433 1880
48 2659
1000 631
3087 2093
1096 1023
3024 3027
2404 3398
1545 3306
2865 236
1958 2197
1248 2147
61 3349
795 525
1591 2032
2528 2121
2264 107
665 1853
1237 2997
80 2312
547 1268
1923 1958
1665 1522
901 2944
2899 58
2181 2923
2518 1017
737 225
3101 2515
628 1210
917 1402
1446 2687
842 1781
886 2813
2721 470
2658 899
1247 2252
1404 1269
2242 2990
350 2647
865 1399
381 3098
167 2863
170 1926
1525 1910
2439 2143
801 2264
2846 1651
569 1458
3000 1236
2149 2694
3471 1851
3199 1347
1040 1191
2338 1229
1864 3024
544 2986
2500 945
3130 3094
3392 3232
2887 1692
3097 2296
2289 2328
1341 1518
1761 3314
2429 489
2158 2610
1705 1654
2384 3426
3299 1997
1165 3225
2081 1067
2497 2874
833 715
201 2729
1633 2198
1830 261
3449 1308
819 668
2970 2830
1047 361
1363 2385
460 936
238 1259
1764 2698
1250 2981
595 2996
1894 743
2219 1251
1592 528
900 133
1809 893
1522 1120
3304 2101
249 505
1014 226
1989 735
2383 957
3206 1130
1367 3234
1334 3495
2869 4
160 424
492 885
1682 1078
2909 1044
2035 10
402 2157
3277 1257
2672 2975
758 2917
2078 2038
1235 1519
3479 3399
1352 636
34 1866
676 2548
2210 161
2318 2958
3412 2259
2422 2291
535 260
2317 2081
234 1057
1780 657
1774 719
1276 1788
461 165
2683 2315
748 1637
2577 3489
1664 2062
1745 3040
1371 1939
726 1921
2552 2900
609 328
2918 2235
1739 2972
1533 1330
2682 2228
1899 450
1975 2052
440 2171
391 1187
984 242
884 1521
2227 1304
1896 3029
114 187
2484 1343
1300 146
1168 846
3025 2176
284 1146
3079 1809
631 775
3322 995
3478 2727
3173 854
1027 1353
1788 767
679 3408
2123 63
2595 3008
1303 1072
488 785
1597 1645
1974 3286
1108 1071
3301 897
2905 2822
79 1070
3447 1749
2369 171
1215 1754
1606 1464
106 2819
1320 2759
794 2701
1725 544
1971 1711
1089 1792
2004 2015
1972 182
3376 1299
3055 1117
47 477
1652 608
710 1104
1176 2202
1722 1453
2774 1230
2215 3183
3232 2277
2778 2843
2412 3238
1674 239
2238 1567
1317 1253
126 1820
3421 1570
3328 663
224 2474
262 487
1 3414
2748 2053
656 1245
2602 1169
217 557
1902 3321
579 3081
741 2681
74 2377
1162 1548
1159 2356
2077 1856
11 1129
1029 475
2430 1957
2952 3122
1748 558
1251 2490
2631 932
2418 1948
2032 2233
1373 2094
2566 1036
1713 390
2272 3107
2668 1595
2143 1404
2349 2639
2187 178
369 2404
1997 754
3290 3246
3488 1204
2729 3305
2411 812
2545 1020
1840 2617
2784 2024
887 941
2699 2861
1947 1855
3461 1086
789 2860
3474 449
3450 1431
2423 539
1589 3255
1952 2848
2140 1116
2482 2748
793 1000
3033 1064
1065 2624
3212 2282
605 1526
873 976
1185 209
3119 2419
1042 219
2233 446
1967 1913
1877 1058
2222 2629
1032 474
415 3371
479 270
2202 3200
3148 55
1976 3084
304 2914
35 1573
972 3310
938 1929
2974 3350
2372 2262
768 3226
1937 345
1102 441
3237 2954
1690 2746
2792 2116
660 9
2648 1529
315 912
1936 2650
3334 1224
1087 2552
2533 287
1024 82
3379 3364
3039 1751
1208 1719
850 3388
1640 1456
42 2040
3183 667
2821 1342
256 1499
2292 1720
1932 412
401 2671
1433 1640
519 172
838 3400
153 1998
803 2809
3409 2340
713 2471
2558 3108
2516 2550
1187 1888
2315 862
2294 806
2185 1674
2435 2092
868 3363
652 670
2122 3004
2872 2023
2890 423
375 3110
3003 950
23 503
2898 2303
2666 861
2474 2504
3306 1137
1954 1574
1553 1695
1880 3280
3372 2985
2206 2308
2451 144
3012 1213
2247 3247
879 2543
1150 883
2483 2299
1568 588
3155 656
2473 818
2216 2429
2453 1947
1534 2556
111 2938
436 618
1516 2319
2640 1960
744 2501
1211 1775
2870 1151
2363 714
53 2675
2635 1797
3108 14
1746 1272
2313 1806
334 3180
562 1523
2969 40
3305 3028
1479 1934
3276 881
1826 3193
1681 3065
1082 579
1099 1621
739 1990
12 659
596 1387
2637 186
448 2818
3122 325
1079 447
335 2267
2759 729
1425 1279
2462 2572
3027 2435
2356 3035
1090 2401
1771 3241
144 662
1759 387
2587 3354
1120 2422
3235 1482
1618 1459
1886 249
753 1999
3158 3235
1438 2349
1155 3375
416 1434
3313 1313
1878 3452
1131 2138
1151 3276
1255 1037
1192 1694
2080 77
218 2355
2457 1988
3393 2037
1339 3326
2830 1238
2664 1985
2770 3077
1760 432
2410 3253
70 39
2116 1873
1707 1262
2234 1013
933 115
113 1047
2460 2229
826 269
603 2724
2507 2613
1758 2517
1158 3433
2912 1819
1949 3001
295 1919
78 417
2057 1822
1399 1171
225 1302
2657 3043
1333 1503
977 2630
1998 2893
650 654
1140 748
1742 1630
3253 152
2283 12
1431 666
497 72
916 2949
1442 1265
1260 1904
2590 1869
459 2352
3091 2194
1875 3049
2923 3352
2855 2847
543 2413
3171 1994
2762 2688
3365 2170
178 1186
2336 1435
435 183
2428 3424
735 1050
2066 2871
2973 5
3174 1018
2198 29
382 267
98 1042
2128 375
2521 454
1614 725
1512 2066
2170 2223
2724 858
380 621
3316 381
2539 1560
3384 938
2467 2769
181 3360
2322 1295
463 203
1831 3115
2572 612
198 90
1804 3311
708 873
1494 1514
1434 3176
541 2456
1183 1452
360 3203
410 2906
942 1708
319 3137
3077 3440
2220 3425
885 1849
2396 3087
2839 928
1105 1173
2361 1345
2464 377
3287 2027
371 1284
1719 1962
3017 926
3491 1340
530 2258
588 46
1945 3019
2488 2774
3060 2482
2343 661
1199 3015
644 2124
3324 684
1557 212
396 2754
2420 1034
805 2203
2115 2948
2060 2191
3156 1547
1325 1987
1992 651
1322 2392
680 3403
1094 940
1938 702
2041 1416
25 760
669 882
1243 2655
1653 1011
254 1196
2444 2322
2548 3116
2165 2691
2394 103
2050 1286
298 3322
150 842
1342 340
245 1691
2654 2049
2994 1737
3062 378
2340 2470
1290 947
3329 3434
664 1359
2455 1069
2499 1193
2145 2166
1050 18
910 358
3309 2758
2938 3441
3420 2297
877 1074
3413 2088
3401 678
1281 823
1033 224
2756 1632
1532 2133
651 1441
2506 3000
2212 353
2781 2113
312 2225
1535 3294
3014 1830
3099 844
292 2932
1528 374
3380 642
3043 1757
1437 789
389 2047
2168 1228
866 3123
2536 2374
125 872
2591 2969
1492 435
536 2785
39 1504
1427 1287
2103 2373
2873 279
2235 1557
2687 723
362 1248
2132 1906
1650 1697
576 707
3245 1312
417 3020
444 1922
2891 2358
3044 546
2024 1564
363 2366
2027 1556
118 547
869 368
2523 2141
3254 2156
2224 1776
2225 2226
3227 1155
468 300
2226 2154
3495 231
1353 313
1441 996
2613 305
2913 113
1224 217
1225 1079
110 2436
117 1383
1231 1701
1918 3273
1784 2505
3145 3097
2612 1795
3486 2304
3036 3130
1706 365
2002 2768
250 604
1697 2880
2676 2519
1661 971
554 633
2465 1624
27 2274
2522 1003
1689 1675
411 1804
1478 2524
623 1289
947 3205
2888 1062
798 969
274 813
2987 3194
1931 2103
2677 2638
2979 57
1720 2728
2333 2798
2276 2391
723 3372
683 2873
1789 3152
1503 1161
1903 1975
3165 2414
2047 1378
1236 856
1714 1389
658 1128
2019 1077
1754 1026
3189 389
1537 2090
77 34
2515 2903
585 2722
567 2201
1887 2716
3184 157
1405 984
691 543
1264 2453
1274 117
2450 1038
894 2427
457 1814
2838 2208
196 1953
1813 123
1948 638
1793 1065
130 3059
2914 1442
3037 3111
2570 2895
2828 1896
1278 2254
2968 1722
932 1659
2310 1381
1607 3079
2942 623
2710 96
3438 3368
707 3417
3209 170
422 2146
3226 726
835 1889
1286 2583
2831 1923
3166 2849
2388 1382
1472 1937
1408 286
983 2859
2857 3358
2868 2868
352 1035
3192 1769
441 2574
3203 3248
276 706
490 1831
1828 276
920 1903
3423 504
565 1349
1657 1758
3267 1760
3286 1800
952 2045
60 2881
948 1053
1922 215
135 1907
688 2824
367 1678
2998 2251
2995 1979
365 1126
2199 2563
1305 2026
1234 2933
766 739
3435 1483
2529 1744
299 3003
1378 2221
2379 836
3370 2699
2600 634
3268 1733
2119 456
2069 2175
219 2418
3323 1106
1031 372
68 1089
1245 511
3094 465
286 2890
1216 1847
1613 2683
2546 218
1862 2433
3493 3175
1991 3296
377 1140
1751 1352
902 3230
3490 916
356 2535
1338 1968
1769 1479
323 1912
1852 2207
2243 127
3389 3209
844 1878
2341 784
207 1537
3138 1360
3120 2048
2630 2667
268 1242
813 419
1293 3356
1312 1195
2110 1969
1865 1310
3163 904
1891 3412
3325 458
614 405
131 1115
1268 1247
1144 2489
2836 2469
3182 1154
1347 2606
2434 1054
1491 2244
818 2578
1481 2056
3434 1609
3103 1759
1763 1099
206 2597
3070 2298
2623 1368
1781 1024
2022 317
283 2125
1501 1088
2802 1445
995 1844
1067 1915
1477 1767
608 3331
3424 2921
516 639
1436 1932
5 2241
1072 3328
2058 1772
2519 1909
3175 2960
1841 2640
174 658
3177 1133
3109 2541
1569 1366
1295 1235
326 2000
2204 987
1285 2660
26 1450
467 200
2496 1966
3195 2089
1732 272
374 2506
242 1803
2636 2567
2269 1097
2476 888
171 1063
724 1309
1037 963
2470 1555
3422 2493
1655 2961
2627 2039
1798 514
2829 1693
2941 825
166 413
2607 2072
775 282
1291 3342
2578 2740
2403 1840
120 1105
1188 693
1635 2139
1693 2031
102 139
1376 981
1439 3117
2638 119
310 1194
1262 1826
776 126
2364 609
2151 1517
3067 852
1318 532
190 3249
821 3254
1147 1098
3348 253
3455 594
1835 518
2334 2483
162 1892
3229 2036
1221 1331
3407 2673
1304 628
600 1049
358 1612
906 1895
1394 1867
1093 1132
1996 1028
3273 2017
202 850
2107 1075
2161 3422
2125 3139
989 1043
584 3318
1228 2284
3425 251
409 2855
290 3070
740 531
1007 2674
3312 2406
2840 2742
2442 1421
3427 293
738 2833
582 1170
686 15
2178 3211
2051 2632
82 497
1389 61
2551 1649
2157 409
638 1451
1853 2924
2191 2582
2033 907
634 1954
1629 1890
780 1613
264 2028
3346 1726
674 968
2098 38
2823 457
2138 1552
2629 1931
1808 2511
940 2405
2239 2637
876 590
2346 1587
370 2714
1673 2533
425 3242
1586 2836
3244 2927
871 1060
715 388
550 2703
29 600
1636 68
1908 2334
2926 993
2003 982
432 2466
2574 921
241 3009
265 1683
1814 647
799 2361
765 2652
2323 1469
2075 1671
2785 1371
183 3444
625 1835
161 140
2392 2641
506 1542
888 742
2660 2612
1838 1364
1688 2536
1307 1502
1271 143
2678 985
2493 498
3278 177
1594 2196
657 1812
182 1565
621 2749
3386 2285
532 277
2744 2064
994 2554
2028 2484
1230 1476
2773 41
1196 1408
434 1162
924 3293
953 1395
712 3220
1969 1491
3462 2272
2680 655
3204 344
1777 1158
2013 797
50 2635
1272 2260
1403 2242
1057 1666
1526 52
1321 1774
641 2492
3188 3454
1982 1449
2175 541
3233 2733
2632 3460
339 2745
2351 3210
957 3221
1520 1810
3010 3198
2719 86
2858 1986
2656 615
2932 339
214 1410
1204 1672
3477 508
1889 533
1083 2353
1154 22
557 3014
1590 3266
439 2737
259 2132
1026 1731
2706 1679
2937 197
1207 1209
2304 2995
1536 640
509 1188
2433 2381
1564 324
3006 436
2561 1634
1395 2151
1916 1216
62 2712
3443 2338
2720 3470
2712 2998
2844 554
742 1100
3288 195
2755 301
1993 2239
21 1486
1454 807
836 1799
3133 3477
445 1876
647 202
759 3281
3285 1197
1092 2336
3336 1604
1541 3481
3484 1725
1182 478
2109 778
2192 2791
2708 70
1284 229
477 1182
790 1223
2188 2942
564 1944
1605 2461
1275 50
1696 3181
784 2108
1757 89
2530 516
333 2756
1345 680
419 2104
288 2912
2270 3106
2841 1836
963 675
1201 1005
1310 2442
1623 3309
1700 1724
3441 2447
3221 1472
3090 548
427 1489
1718 2521
1256 2615
1825 2035
482 783
1145 1881
612 1553
407 2885
797 859
615 3208
138 1266
3052 687
424 1087
270 1608
1355 1617
3265 47
1980 418
993 312
2903 428
1944 2653
2616 74
1523 3304
946 1559
359 1211
2054 1789
810 198
3151 721
2685 2450
965 106
2131 572
1797 3134
1900 2930
1567 1103
385 2909
673 2832
1881 1796
1871 2158
481 2590
2662 2128
2667 1646
1139 583
2695 1261
2906 1941
2584 752
1785 2609
2615 1616
2458 2302
2688 568
929 2067
2992 185
3241 163
729 1989
2696 1946
1744 307
2524 3442
1863 782
1860 2255
2129 1668
3168 1704
521 3396
1302 3259
1143 1516
3088 960
3498 624
502 3143
2402 138
136 839
1721 2335
406 874
2164 1027
1885 334
119 868
3129 549
1668 2476
3013 652
2481 1160
2485 1149
3045 1569
960 2042
1036 867
3096 1138
1654 924
883 1354
2786 2929
2853 2323
1727 560
1680 3150
2038 499
812 1978
2368 401
2624 2172
1480 3146
2196 2718
2306 1226
2275 2386
3105 641
1453 2115
2568 1221
2608 2230
132 523
1172 49
3264 1854
2386 2593
1476 1254
2581 2905
2920 2014
1366 189
2280 1963
764 3490
2714 2603
2713 2951
3418 2516
1598 2360
1874 1385
2048 3325
1749 329
1006 2841
1351 2621
2886 2376
2739 3302
3326 1150
2355 2857
188 1599
1675 1014
2673 3410
3110 653
86 2884
1669 2238
346 2636
1698 1031
1968 1661
2456 3099
881 480
523 1198
1240 1579
2252 1670
1879 1540
65 304
1888 607
2824 455
3178 534
56 2446
1282 909
191 3244
1344 1644
2282 923
2722 1971
3405 833
2579 2596
3445 3149
2357 2628
1627 1222
1175 2788
2950 2805
2806 724
752 1002
83 2922
3475 768
558 1144
1117 2395
395 2462
208 3316
1267 2783
1174 584
1292 1045
2308 150
1119 820
1051 3402
2139 848
466 3317
694 1208
397 3493
3419 1995
1927 3091
927 2626
2367 2041
205 71
112 1454
1214 180
721 2013
524 2265
3458 448
3342 1750
3080 918
3345 3382
2136 2666
2089 466
2097 1288
2651 1501
2121 122
2468 278
2061 3239
1977 1281
845 114
3020 314
4 2993
2180 589
825 2016
485 2460
322 1367
475 772
3095 2553
1009 354
619 442
1815 700
1730 2952
2023 838
1484 1384
1348 2214
3377 1241
1361 1148
2803 1703
1872 2438
3196 3465
3417 3344
3040 1494
501 3438
630 228
559 2071
2504 1534
642 1335
1956 1379
2016 622
1858 154
2062 1647
1114 2063
1901 1631
863 1164
899 1805
1242 2605
3136 3464
2303 3381
970 2560
996 512
2169 461
1421 3053
2707 190
3400 2200
539 1322
878 553
2503 3448
289 2799
90 1925
2752 2369
1493 771
1452 2416
2172 3429
2021 99
412 2145
364 3191
1581 1096
2617 2663
1819 1348
1220 1680
2248 290
2526 570
1261 1807
3135 1590
1890 939
3193 2542
2596 128
2040 2869
1530 430
659 1153
2267 3178
1356 763
390 3011
2645 420
328 810
602 2750
2162 2735
860 1293
1049 2375
193 593
2441 1249
1008 677
158 2920
1508 1280
1332 2854
3467 471
2478 3391
273 42
2893 1721
1244 3127
2208 2643
2783 2594
2669 3261
2997 3206
751 281
923 1596
755 826
504 2309
2800 425
1912 1813
1016 1745
2299 2765
3391 598
1451 1415
1701 3339
2842 2983
950 2540
872 1917
1189 1
2716 2680
635 1496
186 1827
2229 355
2960 472
2200 399
645 1785
1735 614
2884 2193
155 1362
306 285
3084 809
2327 1509
2845 2495
1116 3058
1249 1536
3115 3488
936 1481
1855 248
613 222
1483 759
921 769
862 2085
2736 1118
1088 2415
1683 1824
974 2287
2104 2561
2625 116
2344 427
152 606
2093 2300
528 2545
324 646
1110 2086
1386 16
3468 2731
405 2065
172 1178
3030 865
355 3005
2301 630
2927 3167
392 65
394 1833
1422 2234
235 2118
3107 1964
2448 3297
1064 990
404 2625
1156 404
1802 3341
3367 3227
935 1480
1466 76
1868 3016
954 1852
2976 794
749 529
473 2486
3125 2021
1556 676
354 2913
494 566
311 1316
580 2829
2573 3187
3041 1977
2904 1217
2141 1843
1157 2571
2037 2631
3333 3161
1645 3271
2882 1699
297 1092
1327 3394
3476 1914
1897 1992
3444 3047
2944 2530
2989 2213
2012 1687
1470 749
1560 855
1818 3436
55 625
949 2732
2108 241
2567 1207
3366 1393
1370 1538
1073 2368
3255 310
781 2236
1602 363
384 2162
1816 20
1566 817
1409 1949
2965 1391
985 2075
2983 2153
1277 3365
687 2136
2362 2907
233 1706
483 2219
572 545
236 3048
1517 2741
2425 1267
2614 2595
2962 959
2889 246
3269 551
2955 1297
3257 943
555 674
1955 582
2758 2097
2961 811
545 980
2316 473
2928 2074
2305 2410
1054 1358
1017 1677
103 3469
122 2500
2194 2867
962 2994
607 3132
859 2348
1710 1121
287 257
1504 822
2765 2784
581 831
1829 2736
3242 1543
1709 2458
3068 2806
52 1970
1097 1467
3247 227
1077 1887
3297 2307
3359 3275
3076 2444
2550 773
1619 1734
908 756
247 2982
500 3385
2564 3121
685 2283
1001 460
1335 1488
1075 3335
2511 309
1550 895
2045 2130
2261 1825
2337 2706
3185 135
3240 2025
2366 3219
964 681
2850 2161
1876 2177
1806 1660
1803 3487
1025 3148
2370 2029
792 263
496 3213
1071 840
2084 2152
772 774
3497 1582
2274 1039
280 1811
1263 373
195 2627
2541 564
851 21
2 3463
2111 3195
648 1527
3082 1686
3147 271
1043 1794
1768 805
469 875
2381 2618
2297 2744
450 2897
2166 54
2764 2685
3100 2846
1375 2796
941 863
800 51
2096 3147
2365 1365
2245 1845
148 3431
1833 3236
2661 2195
675 974
2074 2472
2014 3338
3146 2649
3256 109
2733 2757
3249 411
124 1622
2090 2354
1095 1531
976 2607
1810 2237
7 942
3459 1168
1294 2448
3284 1891
1670 2762
2991 1766
2431 193
121 105
847 3418
66 2771
593 718
1910 1409
3059 2491
403 2269
1766 1107
2609 201
1656 295
227 2710
2118 315
1951 3284
968 3085
36 2332
1577 3159
388 696
2791 1344
722 738
1518 400
874 2697
376 495
2342 2443
2931 1428
185 2564
452 3182
692 2668
1961 2069
2580 1544
2626 2394
832 1606
3186 710
3144 2070
1197 1181
2767 1736
59 2696
1509 118
237 1727
3161 2002
637 1438
1920 1022
1981 1961
1340 78
2588 1510
293 3162
2360 464
3143 3057
922 730
1195 1325
278 2169
3387 403
1138 3432
1593 3291
230 2569
1822 3142
1563 1351
2492 1016
3275 2057
1959 1685
1663 1816
3448 712
2527 1627
2653 808
2939 577
347 1546
1202 2803
2087 1841
3298 2243
1555 1318
2861 338
1392 3145
1984 3351
128 1337
2436 671
2312 1951
2295 3299
307 204
2556 30
3069 779
248 26
2246 1688
732 1598
368 1498
2466 2665
3231 1032
3086 1619
1148 2096
345 332
2490 3165
1283 341
3102 1163
3089 2164
1331 2339
773 1664
1362 1928
426 3279
2875 108
421 2527
646 3174
281 2534
827 2275
2006 650
1990 3215
841 35
903 2271
534 3415
330 2099
2284 1857
870 3262
2957 1417
1695 2584
2933 1473
1699 949
716 2281
1414 746
3280 148
2328 2551
999 2351
1398 946
154 966
2461 620
2819 2168
2684 1563
1130 3046
2532 1319
2413 2935
3176 1432
2260 3118
3111 3064
2113 2478
418 648
1646 3494
914 1784
386 2851
3283 1296
1666 2753
2876 2455
3057 2496
3272 688
1177 973
3457 2107
1893 3151
3046 2182
1933 2866
1964 2227
209 1122
2810 2273
1489 306
684 137
2618 1430
3396 1515
1326 1143
3207 402
568 2440
1846 1967
176 3157
3402 80
2711 95
699 2614
1628 2579
3106 2764
228 686
1468 2853
2795 1858
3258 3039
260 2337
2686 2301
1066 124
1620 2220
566 2815
1298 2364
1401 3348
1134 192
3200 2526
2790 1868
