3500 5000
2594 2942
786 2625
2538 642
2955 2640
671 3163
2382 56
1726 1018
617 1673
368 1996
2296 2850
3395 1979
2779 1177
2582 3174
409 2904
1412 1912
592 149
2588 3481
3297 1418
1948 269
2850 125
2663 1283
1935 2468
2048 2689
1486 2271
438 1319
3338 3016
3432 3475
2004 2192
169 2459
1889 3258
2626 3193
2458 3030
2887 109
100 1238
77 717
1818 3180
1210 3118
3067 1546
896 1102
3003 651
2170 976
96 381
3408 2378
2954 2124
2983 875
976 536
2332 1880
2856 3227
2782 995
480 28
852 828
1132 633
3092 2002
1226 2149
925 2196
725 1623
1243 1020
2611 1008
3054 2549
3334 3246
1209 2961
1018 1855
1327 226
904 1520
2605 3092
504 1304
1602 2870
2814 1693
329 1749
1069 244
776 1368
1478 931
2815 847
1630 1451
712 2756
3373 544
2040 430
1394 1074
892 2123
2644 2873
2429 582
1130 3102
3466 2351
2745 823
631 2452
591 705
564 2731
1447 886
949 1137
2061 1642
2975 289
3299 2985
1275 2349
3024 2980
1589 955
3478 1416
3282 2799
1845 711
2442 1143
505 1510
1063 1658
611 1865
799 2697
395 2596
748 2971
2175 3124
70 1547
1245 2176
3476 2306
386 911
1112 1724
1119 1645
1629 2957
685 1896
3075 1744
2838 143
495 3440
2761 2424
63 3300
343 3498
1936 990
518 2286
255 1346
768 2725
1106 3340
858 924
251 1897
127 2202
699 1860
2129 2645
3316 2504
3412 2861
2355 1216
2775 7
2578 451
2192 2072
1922 2499
870 2517
2479 861
1482 2240
2045 198
1271 956
1772 2434
3118 1453
1096 1001
447 689
1836 2147
1982 2156
2317 2282
1197 2892
545 625
2363 2551
1267 590
2209 2667
1873 2930
167 1208
2393 2871
1546 1407
1403 2634
3405 1664
1612 105
1581 69
1711 1727
1762 1023
1140 1488
2724 1241
1920 547
1239 581
2750 3371
2566 1041
2668 837
3314 1792
444 3209
307 1386
1685 2181
2681 917
918 1513
2378 2243
1028 119
248 2409
3401 2363
116 3453
174 3103
275 1839
1055 2134
2572 326
1504 1783
679 3278
3493 1823
1121 895
3187 1498
123 834
534 1557
3156 146
1994 1247
1642 276
2463 2471
101 2374
546 610
1669 3341
822 3415
3085 1459
476 445
1707 3315
1590 1866
704 190
2661 17
131 1179
2421 3173
1346 3249
1732 3281
2181 1765
1265 2479
8 431
557 210
1252 2245
3367 2690
455 3084
464 2454
1637 427
2881 819
543 1940
1166 23
2101 2380
1152 3131
977 473
2556 1233
2000 725
2347 2707
766 2227
3037 2666
1322 2867
1614 2295
803 2482
2019 1125
1849 929
2236 2795
747 40
294 1095
825 2701
2272 3012
493 780
1748 2664
1021 1694
337 3395
3378 2684
711 2346
2862 1104
946 1755
1014 3304
1828 2104
499 1977
938 2538
120 1030
3094 1502
1813 2797
2078 2623
3494 2216
794 935
942 21
3343 899
121 1056
2567 1256
1987 3226
3253 1710
1811 1948
856 283
502 218
1646 599
2778 663
627 1420
1010 1382
2844 1223
1042 490
507 2774
1959 1361
161 2924
1970 1166
2860 497
1214 2785
650 1764
1895 440
707 1450
2802 260
3480 1136
3407 3255
969 2309
1030 1924
2349 997
1768 2330
2607 3464
2919 1969
187 3483
36 1152
2650 135
3281 2632
1974 2291
110 852
2590 2856
180 3166
2468 1366
802 2130
2488 983
2721 977
548 447
532 2898
3327 800
2800 2719
1800 959
3139 2300
45 1574
3159 2422
418 282
1104 1385
1143 2839
2934 2928
1934 3433
2276 3059
1571 1461
1727 3065
1324 1800
1199 2172
3433 214
1145 1911
1861 933
2616 197
930 10
1696 734
1410 1884
651 1550
1205 1530
2763 1737
3315 1464
3387 2619
479 1399
1830 1004
1354 3062
170 1913
2427 743
1487 2993
2836 2018
2972 1915
3231 2570
2910 1098
1891 3499
209 1252
3096 2586
3152 87
1569 1927
384 1976
1218 540
2659 281
3234 1457
1076 792
3105 2515
3423 134
208 840
607 2830
762 2407
1135 841
554 2406
2059 1967
64 2288
351 151
541 720
653 1271
314 2193
1523 558
18 409
690 3273
263 950
47 3005
186 1548
1450 3369
2835 1323
778 1329
3265 1781
2702 1928
3227 1705
2732 2457
1560 548
2305 1377
117 3256
2404 2099
975 869
133 2311
2959 1164
1738 304
1608 208
388 1562
1293 1146
2165 1504
2090 3288
3143 1843
1506 925
3076 3382
1688 2415
2547 1575
1011 557
3 694
2939 2877
3426 3235
2656 1587
584 337
33 541
948 2894
1943 3011
2103 2984
195 1411
2987 1096
2171 2736
1801 514
2379 701
2191 1465
3264 1331
3080 2919
3138 657
2116 2500
2137 2760
526 438
2243 1236
2535 1998
686 843
1789 464
2329 2030
1656 2376
1962 2903
2755 2096
1127 2713
362 1644
2425 181
840 3036
1007 1045
618 448
1505 1447
1682 1852
2113 2241
2867 687
3169 2342
316 493
1165 2441
1054 2601
614 1176
17 2563
3070 1540
2599 1350
2700 833
2617 3116
1654 127
3254 42
1952 2207
2842 3290
667 2655
885 1847
1623 2573
3154 1086
3172 2695
303 1299
3020 212
812 141
3459 2498
1809 472
898 2086
3247 277
1624 614
1958 1903
2212 2281
3424 1424
1553 297
2945 2108
1733 1220
2493 1994
1494 2212
3128 2579
3428 865
713 2366
218 1788
2678 775
3033 2929
1604 2812
537 879
3248 1412
3150 2845
1326 240
682 3323
1379 1068
1162 357
1582 1090
336 655
3073 2527
496 2191
2544 2935
2083 2389
1632 1707
239 2353
2576 1768
2091 2162
2508 2316
1082 1049
2512 1326
1570 3263
2627 491
888 1063
3130 598
1386 2049
483 3115
1382 1390
501 2178
289 349
366 163
1531 495
176 1214
2961 1905
2173 2782
754 382
2123 1514
1898 3194
550 1844
1148 1704
2717 2994
2774 463
1725 2750
639 1191
3036 2429
27 696
2202 2883
1126 1167
3346 2554
2484 1091
143 1149
3413 3402
561 2304
1071 91
1955 2090
2351 1275
1046 2059
2043 1831
0 2174
1002 1882
124 898
1176 2973
3079 2512
1036 1957
2843 3379
3368 2057
2367 3028
3099 2021
1128 3356
2133 799
1193 2853
285 1757
1530 1491
3393 1926
1163 2951
2621 296
1286 984
2758 1355
3061 2687
2534 650
2574 2810
3077 3479
1372 1779
1552 1537
1580 3354
2076 1253
3293 3386
3032 2232
3473 2768
2311 941
1035 735
1636 2356
2713 2236
3090 3190
952 1106
461 1172
1139 247
3182 2401
1380 3063
2080 2352
2730 3270
509 2175
1549 246
523 2279
104 2909
360 652
579 2293
3230 2228
3303 3001
1842 522
3324 1215
2391 827
629 1042
1075 3470
2618 1668
473 1333
3124 3448
1356 2050
2511 2347
2130 27
2315 1894
2186 3051
1409 3228
2280 104
2927 1662
1204 2704
2115 2445
757 150
1699 2685
1432 1434
478 3077
1814 2583
552 3477
1122 2425
2733 2616
1713 2186
1066 1850
3069 2463
1383 478
533 1758
992 1258
3489 3157
1627 2251
1607 573
1088 2855
2008 756
140 390
2069 255
1997 479
1651 1334
1743 1785
2478 1565
845 2173
2230 1838
183 331
2826 3183
1052 467
954 960
1291 1961
602 2246
596 591
3348 3411
2326 3303
23 741
1479 1679
1778 2724
2063 1485
1200 2205
2623 3184
2344 3352
1822 1531
1514 3367
2895 3430
330 140
2108 78
2176 1691
1698 2145
957 3368
2716 3040
2438 1803
1500 606
2632 1046
688 3082
1691 1033
2817 2665
1343 319
622 1656
1344 2965
902 3297
1381 3113
2977 2487
2518 358
3074 991
693 3383
2085 803
1212 2589
3261 1745
3451 2783
3093 1955
2094 1804
2727 1819
2892 831
16 900
273 644
829 2320
1744 1269
934 242
358 2921
313 824
1301 845
1567 835
2864 3201
58 3328
221 2581
2401 2822
373 887
1273 236
2483 2765
3262 706
1578 1685
1125 2074
2519 418
2908 2161
3068 795
2473 2712
3119 2013
549 3108
1827 3348
1227 757
1426 2518
1448 3085
2991 2878
1680 942
1865 1276
2308 992
365 3351
576 73
2041 1115
621 376
1336 3175
2021 1417
1136 940
1031 2421
2823 211
581 2654
1757 2404
2050 1935
405 2626
680 1970
3267 554
882 915
2440 2775
2822 2305
3369 1950
3363 2472
1416 905
377 230
1821 3155
2266 1869
1194 2937
1806 3039
119 169
792 3287
1040 2155
1257 3376
181 2244
697 1672
1156 1741
2565 1962
484 1026
1643 3349
2942 301
398 3037
1954 2896
1083 76
2507 2875
2573 3316
2240 866
2882 3128
736 945
987 730
3059 1802
510 1494
1984 1072
1366 122
2581 1555
312 1521
2896 2405
597 2787
2849 1014
2639 801
1539 1641
2028 3486
3364 2384
3372 2465
1950 2786
306 156
401 821
676 267
901 1615
1396 1726
2250 2819
197 3446
3246 2967
194 3156
2785 1085
1192 3452
3305 542
2866 920
1551 1793
2037 3471
460 2546
2697 2536
3434 2708
81 325
3165 355
50 2476
2969 569
531 583
67 1138
745 1879
603 707
3167 329
2408 152
3392 2556
44 2796
971 2547
2798 807
3133 1592
2974 2914
2003 2683
98 2585
2525 2739
3258 2004
2430 3388
683 2662
1333 26
2196 1260
1779 749
1910 2088
2304 768
333 2895
3146 1942
3170 919
2031 284
853 2164
2665 2506
3145 636
1016 1307
1109 385
1428 962
785 849
1937 1325
1912 1975
806 3210
84 1944
1402 1118
320 2908
1854 566
1625 346
10 176
677 3197
1961 3308
2009 2160
2337 2659
1467 316
3266 1806
804 1606
3482 3099
1562 1281
1203 2042
1328 994
2898 2225
2735 167
2398 1541
1206 3192
3400 2534
1491 3018
3342 2253
166 604
364 620
817 2125
3081 2641
1133 692
2472 1524
3171 972
1511 681
1369 1607
190 872
2839 1731
404 762
1989 1013
1592 2728
860 1211
390 1492
3160 1192
889 513
681 2182
1980 790
3049 1173
1378 2087
1237 1036
2861 568
3202 2793
106 2390
2333 75
3190 2046
2837 2880
1289 2653
1001 2080
2291 2449
3191 3378
226 1221
310 2141
931 2818
1534 1631
355 3416
2375 2185
3209 3319
2943 3104
665 1824
1853 2091
1826 1044
2736 3252
1709 576
2555 3043
2921 1560
2553 108
3177 921
801 966
2743 944
558 2354
1603 1874
3389 3385
2134 1859
2062 2373
90 571
1284 117
3162 2813
3475 1083
138 1890
1452 2120
3241 1397
3289 3002
215 274
475 609
2049 2859
149 1687
413 2460
175 3327
1915 2893
259 629
2208 1682
2107 131
497 1359
2970 67
3447 577
2334 3088
3057 2956
2873 1402
352 1261
2584 2531
922 1943
3471 1437
672 172
322 3353
1025 1015
3043 2722
2541 38
568 3294
177 486
3300 1421
3352 2398
2917 348
1466 3366
2499 503
2075 3094
1397 166
2152 3421
2319 3370
38 3463
2436 2650
3322 1349
139 456
1363 294
1294 1762
1594 389
1034 1040
859 2779
770 2886
647 562
2353 700
2575 158
1315 1648
1008 3271
1073 2197
1340 2127
706 1684
2197 665
562 2514
469 1285
2104 3320
26 1109
3321 1984
566 1870
436 81
2161 3363
2490 1752
756 726
3394 2325
3483 2223
1387 680
1174 2600
2445 715
521 1341
1529 1446
1508 2323
1359 1028
2339 737
2237 1284
777 3391
755 1576
716 1199
2223 2157
1120 2329
1522 2076
3357 3426
2583 154
1542 61
571 1000
2780 471
383 3029
3452 2743
1060 1393
3396 1037
1792 2369
760 857
2194 1048
1185 1278
1269 2735
3120 1234
439 2809
2015 1219
1310 1784
1012 3232
1044 95
1475 530
43 1203
2931 52
1411 1572
919 2848
726 2905
2770 1812
3215 830
1795 3397
2023 3494
325 1303
1667 90
1628 3286
2491 2631
1138 203
463 3458
379 272
304 250
3140 528
775 261
3435 549
3455 859
1548 1454
881 2338
2354 808
1449 1277
980 1332
3151 321
1207 811
3098 2081
2128 3496
1215 2742
2976 435
508 2649
196 635
2813 553
1026 2221
3217 1690
737 1423
1848 1132
2595 1317
941 1339
459 2960
105 2326
1375 2247
2515 2740
769 1567
873 4
2801 1376
2450 732
2012 3008
7 2899
815 1826
750 2648
2933 1817
199 1908
570 2298
741 1582
1282 1653
1864 2257
2279 2575
1213 1469
2762 2955
399 1638
1718 860
1868 3101
1886 3212
1463 894
2907 1338
2131 344
494 1185
833 3279
2680 1500
940 3342
200 2094
2986 934
1584 2890
1693 2997
2184 3298
928 3154
2188 511
2151 754
1172 1895
1374 257
372 3176
3115 844
1771 600
2903 1335
3336 3066
854 2717
1666 2652
2460 228
160 1610
2361 543
955 1419
3047 806
2655 3257
1991 168
3318 2385
427 1254
1307 3086
2024 237
1240 334
1587 3400
233 509
2480 193
421 102
1201 468
2926 347
1105 1698
2211 420
2331 2737
1851 2887
1362 1527
1312 3332
635 25
3179 878
1444 1302
2384 92
2155 1627
3082 739
2753 2496
125 499
722 3485
3178 18
2633 2393
1178 1617
214 2800
3330 1490
1499 874
2174 2396
612 1248
1400 1463
3309 270
3296 2102
2985 2143
245 1318
152 1445
2667 111
2301 1358
2232 733
3304 3285
334 2925
809 2148
1862 3035
2126 856
3114 3031
1219 2711
1517 1946
529 2395
1224 3080
1700 918
1780 59
1932 2412
3203 1243
1967 1478
1198 3181
3420 232
1892 2138
1334 2436
128 2039
2734 1605
466 1968
1415 2201
61 2862
1091 3310
3454 449
22 2580
2454 279
818 1198
12 1630
1348 480
3111 1372
3091 3132
2256 263
1189 1007
2953 2727
2944 2327
3019 2137
1563 3403
734 1857
1730 2593
700 2791
2112 2168
827 1171
3291 1069
2874 1480
331 714
1377 3309
40 1591
9 2075
1668 2749
1723 291
193 1798
831 1065
225 1774
884 356
3103 1778
3453 1484
2071 1973
3353 1328
3015 3217
3333 1646
1520 2618
240 1941
3243 1144
2500 2284
3335 1931
1182 1470
962 2272
2776 80
3399 2507
3016 1660
2967 1193
661 2289
3023 2852
3386 3243
1261 3224
2984 2184
3198 2142
2971 750
1032 1034
97 2805
3027 1654
2712 2548
441 1616
59 9
705 2738
2086 1124
753 1923
2168 2318
3176 718
2596 2851
851 2721
2523 1858
2005 2025
2288 766
2434 2443
3161 2112
2297 386
2185 2414
2705 1019
2679 2934
267 1477
1532 3064
2227 2995
1521 494
2412 674
1938 3048
826 1246
2046 1580
1747 2461
3275 738
3463 22
3013 1094
2207 1297
2132 1043
796 2009
1187 227
179 1735
1418 1776
1988 3394
3403 1810
2904 2068
2597 179
2295 1795
380 2858
511 1939
363 3240
2748 482
2905 2475
249 3150
261 3292
3313 1775
3193 2167
205 2501
1477 2489
3063 1188
3137 3409
302 2555
2013 2033
3374 3114
1408 1808
1893 596
2486 1507
2586 3260
3381 512
506 118
2548 1526
3056 3324
2203 2095
3355 2022
3052 2303
538 1280
1516 535
2670 1139
1404 5
2834 1609
253 2093
820 1845
1951 2559
2889 1200
130 185
2204 971
1671 626
1017 2051
3206 2945
2056 3455
2854 1060
542 2522
1420 2231
477 11
715 2981
1438 1988
2688 3208
1874 1353
824 137
165 1600
1946 3468
865 2024
739 2208
1812 2669
238 3078
369 3408
863 2319
813 2435
3223 1888
3474 2604
1635 413
876 2481
1353 2315
2221 679
1807 1985
311 3071
56 2938
1019 3244
593 2751
34 1475
134 708
2682 229
2051 2574
3046 3079
2366 703
2239 3301
1080 796
1672 552
403 1956
604 1111
2640 1369
449 3338
740 2003
1385 2403
2448 2007
1705 2733
1692 952
1111 3280
2551 988
3481 1993
150 1194
1917 271
3337 2444
3430 3283
410 2006
3294 314
2278 682
2870 897
2222 2990
3354 2682
1398 138
2420 3123
1810 2188
2294 1601
3280 560
871 1101
1953 2194
1838 139
2570 2413
1181 2041
35 171
1242 1716
204 1061
1153 910
442 777
1981 196
1914 177
1819 3024
74 412
1392 809
1228 1330
3028 759
2064 1235
3131 578
1465 2047
774 559
308 1733
522 2639
3492 1862
2385 1873
2325 1057
1255 1971
465 3347
1923 1564
2026 1887
2162 2447
3175 2864
2754 1832
3102 1669
2199 2277
2729 136
2226 3311
298 1481
659 1854
2625 2953
276 436
2963 378
1547 3098
153 3069
2841 1168
2885 1853
2865 2423
1335 3187
994 1650
1161 2262
880 2541
1875 1159
3302 215
2345 3459
2330 32
1171 3317
3286 3045
2290 1827
2318 1620
2722 1932
2350 1986
855 1204
357 84
1908 3242
527 2769
585 1626
1616 1029
2067 3253
2883 15
446 2854
644 1786
3132 781
1645 517
1558 656
2543 221
563 3148
695 65
1342 16
2341 728
2095 947
1320 1237
292 3266
129 2069
1113 2370
1309 2836
3458 2016
2432 2230
2855 2699
2726 2516
1093 611
157 615
2029 1529
2938 1965
2136 1534
402 1945
2143 77
2609 1145
3005 2950
893 251
3465 648
2030 2437
613 2268
192 1647
118 2578
20 1120
2492 2255
162 965
702 816
2206 3248
1559 1725
247 1661
2897 1649
965 585
2293 3307
1808 1643
2447 2237
2453 367
1241 2820
281 1294
2281 1632
1464 1756
3050 1440
2386 2613
2465 259
3199 669
978 2825
2812 1754
2587 804
1231 2448
2871 115
703 359
2505 3322
2189 1
470 1840
3062 2198
2244 1443
828 1523
2118 776
1188 2492
2225 2529
516 266
2081 1354
3341 1226
1460 1561
2604 760
1888 3140
1220 1751
1498 2671
375 3401
1368 254
1670 160
2549 3362
834 2028
392 1868
814 2709
252 979
1470 1835
1919 2375
3384 3010
1544 308
1941 2969
1734 3372
2451 2494
2231 162
2262 3465
1276 1460
2819 967
1719 1578
2947 113
3365 1262
2392 2000
749 2430
2084 2361
718 2714
1436 2478
2245 2752
3350 209
759 1116
2146 2633
696 1753
3189 3274
1114 973
2995 1078
3328 1746
1676 1242
1277 3006
2720 1495
1154 3178
1976 2913
2364 3239
3184 383
2260 2331
1062 2840
632 2350
577 913
624 1822
1927 2115
82 1356
142 832
1050 2958
87 1135
3311 906
2520 392
1401 546
2163 3199
1306 1991
2958 926
727 842
37 1683
2160 1352
2569 716
69 2982
2022 719
1677 224
1712 2806
1169 2884
1313 653
3000 3387
346 3491
3144 3267
3244 723
599 3139
2517 3047
2395 384
646 30
1490 292
434 787
415 1474
2254 1107
2410 2745
1904 411
65 639
3409 3121
2074 2933
1417 1082
1755 3234
3239 2456
1526 2077
3100 2062
3107 3056
1260 3119
1361 2849
2906 2680
2540 3023
1756 1212
498 3487
426 2
2144 1100
3208 1178
178 1321
1459 330
874 1431
1350 410
1749 1249
2362 3067
3464 1699
453 2274
2510 1532
1824 2949
540 207
2089 2431
793 1357
1572 622
3200 533
1232 404
3055 2757
3186 128
638 2392
2658 3144
1407 302
1620 2249
1536 745
1975 2824
2093 616
1000 3032
2120 41
3308 2426
985 1024
1443 2947
3086 2151
1745 223
3207 2525
3256 3262
3444 2428
2951 423
3181 1720
228 619
982 784
790 2399
906 57
1190 3185
1803 1189
2533 2644
903 645
1844 1322
2686 2591
2497 3331
598 1394
1168 3473
88 186
428 3245
1191 1603
3060 1264
3252 2773
1295 788
1535 820
3375 2568
1222 2055
2338 1088
950 3038
389 2219
397 1773
3498 2250
1298 86
246 2816
3410 1538
2200 2040
2302 3060
3257 1479
3197 1571
1100 1700
1968 3419
274 2988
490 2043
3007 1769
1758 740
66 144
1860 2723
1609 3462
2690 1224
49 2439
989 3072
601 891
2403 264
1541 2005
2768 1410
2799 2815
1867 798
99 307
1246 2296
223 2383
932 779
1393 1147
1986 2678
115 1487
3380 352
2057 3090
1085 3429
920 311
2198 2629
1985 433
1785 116
378 370
467 2273
374 909
2368 1613
1376 2620
1173 632
634 1154
2299 3451
2268 1148
3155 1549
1586 664
1352 1384
481 2647
1816 1291
2070 794
2213 524
2475 1921
3491 3492
1820 3484
3449 1114
1729 954
185 1899
2791 63
2646 68
2190 3318
2443 2590
708 2577
3416 3333
408 628
206 1002
2911 3275
3078 2118
137 516
1799 24
1791 1012
780 2029
1871 1585
2968 3466
2937 1371
1332 1621
326 327
2501 722
3084 1958
2657 2222
3018 225
823 1878
2794 1960
3242 2943
1419 437
2711 1310
1876 402
2228 2402
2558 3361
1694 2083
1272 238
2526 434
1790 369
3323 1717
900 855
2888 1787
2323 1891
3271 2710
1005 2857
2988 936
1469 1351
1485 1087
2187 2962
269 2932
2620 2748
29 813
1658 1400
424 1566
2695 1701
1926 712
1423 315
52 3405
3129 660
2216 3205
1933 2001
1067 477
1605 2636
2238 88
907 1429
1686 2218
2787 132
168 2788
2684 142
2437 2400
2807 3482
1574 1433
2694 373
72 2789
645 3265
3347 1767
1472 2931
154 2150
2979 1075
1038 2542
670 3359
2685 470
3174 2674
80 3151
1468 937
1900 2885
2218 1257
258 397
2683 3276
2466 161
1847 2564
290 2987
2803 1347
1249 123
1979 1182
1160 1099
1840 3238
231 2838
1027 1183
2407 1174
2416 2621
3351 1169
1437 1301
947 2391
1519 2540
85 1663
2417 2537
783 1992
1701 1906
2923 2470
201 2637
2459 2044
230 3170
222 3413
1086 3191
1972 1131
2741 3093
1663 1989
2964 110
3312 288
1274 563
3339 2912
1538 2440
1841 2660
3461 1505
628 2651
1753 2388
2397 2464
933 3015
2036 441
2180 273
503 1064
450 1657
2696 2524
1497 751
710 889
3377 1666
1897 2767
3009 854
1395 293
513 927
3158 2418
1728 3259
2481 1801
1358 79
425 2670
1236 466
915 1760
779 1953
265 3142
430 1158
471 1231
1009 1978
872 1360
958 1667
1593 987
1681 1387
3496 506
1390 3214
1202 3203
2740 13
491 851
68 519
2833 1483
2431 487
2193 2869
2852 1051
1777 454
2846 1554
2918 2265
615 3127
1101 688
1695 241
2310 1032
1360 1518
2322 106
211 1055
2603 164
1146 2139
2701 2569
594 2716
1929 2829
443 1770
772 159
2514 1127
319 206
1566 3033
2739 280
2102 3196
2592 2098
3089 43
2706 2617
2853 678
1442 3424
2737 2012
1509 785
342 2214
2765 62
2376 2417
278 1286
2274 1396
2585 3444
2342 2061
1049 1586
861 217
837 2302
2195 2365
2536 2705
2816 461
2631 380
492 2276
224 912
1554 588
2482 2911
1300 2312
642 1728
2746 2917
2411 2154
877 1528
752 3215
3486 3355
1405 2140
2821 525
1944 1010
1775 1559
2477 2495
2653 2872
396 676
1715 2595
3371 2153
2997 2259
1947 1155
349 2552
1832 2179
586 903
2744 377
1051 2416
905 608
3113 1834
2219 778
3039 3219
2287 1408
1765 12
3071 1070
2920 1599
400 83
1048 2105
3136 338
3168 1569
1233 8
1916 1692
3097 2519
993 2975
1872 3230
1302 1455
1973 1197
500 3091
1195 2200
75 173
445 2294
899 2458
2913 1279
3053 2446
277 432
1999 2411
2027 1381
2498 1902
31 2837
2759 3000
1528 1343
3185 3200
1365 1892
2142 1598
1217 667
2381 1747
1061 3268
2571 2260
1585 2058
1835 2420
2298 1930
2996 2944
2532 93
520 2543
3268 802
1960 2290
2365 1270
2312 1404
1870 484
107 2696
1742 1813
42 1721
91 220
3058 1761
2901 3360
1481 290
1263 770
1316 2337
317 1748
2610 579
203 0
2531 3058
662 455
296 2991
2509 268
1039 1990
669 74
1186 2520
724 2359
1648 286
654 2502
1598 3046
2099 1997
588 1898
1626 1092
791 351
2082 896
643 3393
3220 1067
78 1674
3446 2780
1798 3339
1600 1545
163 71
1389 2097
1783 1655
738 2078
3479 662
1155 817
1434 1516
735 3013
32 1678
1290 2027
850 518
1116 3171
3236 1054
883 2828
113 1497
973 2811
1208 3149
3249 1766
3332 1622
2336 765
2723 2328
2890 3457
1371 607
1703 2187
3001 20
2989 368
3349 627
3379 98
625 1035
2915 3145
2884 1374
1543 485
14 3490
2060 3019
54 46
416 1089
489 3165
2828 1570
530 1904
2615 213
1196 729
1164 1489
2930 1273
1866 1315
1606 1604
1149 746
315 1448
1020 902
1794 769
1004 421
2314 904
1540 361
2810 3229
3487 1427
2559 1486
891 2071
1427 406
236 773
25 2900
1857 313
1631 424
3214 2747
212 968
839 85
164 262
433 3027
3166 3345
1858 265
1720 1213
1797 39
3012 1405
519 3198
709 3254
895 901
3121 2100
1784 94
2 1229
2982 2630
2275 2213
3284 603
2253 2287
657 597
1657 353
3008 2528
514 3343
2876 907
751 2017
419 1639
1288 2606
3195 200
1863 3321
347 1821
2138 870
1137 1406
2148 510
148 885
956 1293
1440 2206
2259 2171
3425 2646
1837 2979
1216 403
2749 2860
2591 2874
3383 3445
2098 666
2693 157
1885 2451
356 2189
761 3438
943 100
1157 1058
141 387
2900 2355
1184 231
2119 3472
1599 1936
2925 2663
3448 1362
1056 3129
94 2835
3065 1837
784 3284
1652 3437
1815 612
3385 602
2201 1889
983 2132
1022 623
340 192
1268 1597
1752 2103
935 1886
3180 3169
3164 812
1533 1552
2242 414
945 1452
1750 2037
2286 1425
1665 2565
1483 668
1251 3396
2356 574
1015 2844
145 691
420 587
836 2215
288 249
2273 2798
1474 3130
1754 1365
961 121
908 1511
972 363
536 1917
1993 3158
2796 2627
283 1311
2149 202
2125 133
782 1337
763 1689
582 1829
2360 126
2373 64
1211 2675
2704 1846
1883 2462
717 1863
1704 442
3083 112
2714 2283
2220 916
2277 3182
95 797
1068 379
1110 1244
1655 3480
2261 419
1887 2152
3221 422
2309 425
213 1916
1817 3044
2773 2989
2941 3025
241 3026
2687 2941
917 1881
2528 2611
2251 683
2875 462
184 810
1144 1462
2452 1348
2457 2755
1512 2608
207 793
432 1954
970 2308
2215 253
2269 618
1617 1551
1613 1435
371 2264
847 2048
3245 1210
1557 295
1142 1375
1879 2807
406 818
3218 2865
300 2808
1769 999
2806 1027
1913 1388
57 998
2494 1742
988 3251
2709 2622
1717 199
2177 3295
2946 2010
279 3125
299 2299
210 1298
1370 3141
2020 3041
3263 328
2703 488
2638 747
13 2523
1690 1160
2752 1920
348 646
3292 2702
2357 515
1078 3135
1621 299
2235 877
2154 744
2692 1608
868 1796
3006 1320
1591 3097
666 2730
2676 951
468 1711
2433 1128
626 2545
623 2020
2285 3137
2529 3179
1969 3414
1638 659
2710 1047
2066 505
3440 2433
3398 791
808 1345
2474 310
1759 51
1079 2209
2335 2307
967 2169
2426 1031
3101 2803
926 2801
3278 783
219 508
182 2868
2087 194
1244 763
1124 858
819 3325
966 1265
2470 2694
963 89
411 2045
2267 2107
1023 3223
3064 2846
849 2772
2789 2165
3066 205
1964 2700
1296 360
2234 1713
2092 1084
2564 1933
1928 37
3088 3469
2182 1563
2010 3188
2858 180
1221 124
1597 235
234 3377
3173 2275
3048 758
60 483
694 3153
3370 201
3233 2317
1099 1313
912 1292
102 1327
2111 2119
3427 949
2265 2345
3345 2561
2645 2477
2522 2612
2790 342
2141 3432
1453 2923
1764 2889
367 996
1615 2503
921 1730
959 3207
569 2377
2788 1543
565 2843
144 2054
4 459
832 507
1537 1512
1094 1771
2258 1519
2400 1836
1081 444
2830 1476
1776 1370
652 3100
795 634
2038 475
2691 305
2394 1703
2065 45
2784 1336
1098 1187
2328 613
1687 2610
910 1963
2489 685
2742 1614
2284 3061
857 3034
2383 3220
2718 2679
1384 239
3163 1456
2845 953
171 1373
2993 34
3356 333
126 53
3211 2761
2797 3211
1921 2983
1573 3427
1345 2753
2079 1637
2035 2484
1846 1695
1763 1900
2032 1729
1258 3022
19 914
2502 1522
1287 825
2654 500
338 2011
3112 586
456 2292
1767 1378
2455 1909
1823 2866
1391 1170
1480 1503
2224 1612
2628 2668
2247 2166
422 1856
2034 1714
414 2686
381 3206
990 908
3116 49
2327 2348
3251 1263
3104 155
1341 1820
256 3164
2135 2455
2909 1508
1550 1482
1909 930
1911 1625
1456 2826
1425 474
2167 2432
838 2831
282 3020
937 2635
1949 2031
3414 48
1496 3160
2677 2966
451 35
15 864
391 1209
2159 465
2699 2977
2369 3443
3183 2513
1074 1409
3382 1584
535 2902
3108 1081
3135 130
1555 2692
5 1709
2809 2199
2764 640
1053 565
1850 2827
2521 1181
1714 2777
1977 153
2252 2065
3450 3017
172 3441
2783 391
361 3449
2848 922
2671 481
1966 786
474 3495
1877 1217
2793 147
2760 460
1492 145
914 822
674 2888
2675 1871
2990 2339
924 1458
3106 1398
2929 2609
1502 188
1262 2566
1338 545
3310 2360
2313 531
1131 2357
3212 1180
3040 1439
2047 946
2643 529
3301 1444
590 970
1095 2576
3436 742
3141 3478
291 29
235 1542
1905 1017
1793 2939
1123 1022
1183 58
2579 317
2052 704
1503 709
3269 2109
3021 2092
3411 2254
2880 1122
2698 2203
2307 1568
879 989
1829 2946
324 782
1579 2792
610 388
2016 2438
394 641
2795 3282
765 617
2728 1759
2673 165
280 2968
2389 2064
1843 1535
1697 2976
1364 1121
229 3305
1664 469
1357 883
660 3357
1788 580
1225 1251
271 1496
2600 2397
2372 1789
2462 82
2164 2926
354 848
2464 2521
2629 2718
1595 1025
3259 2336
1899 605
3460 3313
1355 1342
1090 275
2634 1739
2847 2146
3456 2642
556 2368
297 354
673 1790
3279 556
3010 537
929 2394
327 44
3025 3467
1890 1422
995 1438
1525 3330
1653 1708
3490 1300
2122 2082
3362 892
1931 555
714 2614
1735 2602
1878 2493
2868 2056
1177 850
3484 371
147 2364
578 1129
2017 3442
1689 2344
48 1553
3044 1134
3030 1163
3022 1934
2886 415
132 1156
2248 1073
2648 1629
3438 3143
2044 2505
2966 3431
1429 1588
2994 50
2088 1077
2674 1964
146 1190
93 2483
911 2784
636 836
746 684
2435 2263
649 1951
1906 31
512 2597
109 1050
2998 2190
3147 1635
3467 1517
797 2734
191 2126
687 3291
1115 932
1351 534
1433 1712
270 1006
2053 2063
1556 3420
3035 3003
2471 2497
2139 1441
1852 2703
3376 3289
655 416
2467 2034
2348 3120
1092 340
656 1053
890 332
2324 592
3014 1676
2598 698
1107 70
1647 1980
515 1634
1901 3344
2808 1205
731 195
3472 2673
2282 868
2914 1389
2613 3138
1576 2466
1577 1918
2153 183
103 964
112 1218
1684 2386
1311 300
2557 1885
2624 961
2877 2598
1674 1295
1323 1706
2766 1633
472 1842
3391 2485
3485 1380
2936 2832
387 2322
454 2488
1561 3075
272 3375
996 398
964 2333
2359 298
2156 1914
2545 3418
1740 2732
1990 3136
2912 1151
2916 303
2449 1680
2771 1995
429 3299
2283 1740
335 2159
2863 1763
1097 1473
2859 2698
1430 1316
788 943
1318 1981
1894 322
2415 60
268 1861
1907 1195
3406 1665
1373 3225
2303 362
2077 2144
173 2558
744 1227
1057 595
2025 2111
3462 2833
894 677
344 1472
1515 3009
1675 2427
2406 2510
1003 3435
2300 2023
3295 2954
1281 3422
691 66
2110 3434
1317 2560
242 97
999 1595
1180 1556
743 1272
1746 1833
2957 343
3205 974
2409 521
2388 1414
1736 2936
385 2605
2561 318
821 3423
1786 2379
698 2252
1455 1949
3390 2170
2651 408
286 693
264 1103
2217 2754
244 1581
1545 189
3287 958
664 3096
1855 710
2346 2110
487 1005
3072 638
1266 2285
382 364
1077 339
3290 3293
572 1797
1446 3454
3270 2720
412 2036
284 1750
2172 2847
3499 3167
1804 1225
2374 3374
1565 2657
2965 2918
997 1686
24 2986
2370 3202
1471 1738
2647 1907
305 643
1303 846
2932 72
1147 1583
2233 880
2461 3380
1770 396
1424 3334
2825 1825
353 3133
2390 1533
1634 986
951 2603
1996 2269
3228 2053
1304 1038
1314 3373
341 103
2002 2280
2485 457
3488 1594
1751 243
3229 2778
3388 2266
3045 2129
1659 1282
3201 2927
3288 2224
350 1415
2554 1544
1601 814
3196 695
843 1184
719 476
3204 2084
2306 2362
887 3326
2924 1893
1957 3381
2396 2261
243 2052
2805 248
3431 2764
135 3159
1435 1841
3042 2480
1945 1076
2006 1536
462 1652
1896 2242
1484 948
2264 2133
3034 2532
3344 1430
1925 1240
407 1312
2589 1466
1761 1688
39 755
3402 3407
2772 2226
798 1165
2738 1848
2552 458
198 2256
1564 863
3470 2508
1414 3493
2956 99
1722 252
1834 982
1305 2079
1995 1306
3029 3204
2127 2038
2469 2677
3237 1344
21 1230
3109 2915
1041 993
3415 3095
2948 2408
2402 871
1760 2117
53 1141
3117 1807
2563 2122
3110 523
3442 686
1045 699
1175 3014
684 2567
1102 1363
159 2964
1782 1966
1024 2116
3041 975
968 2624
3319 2340
345 2486
648 3
1037 3412
781 324
2150 2410
2380 1364
3404 3336
1013 2814
2513 374
2731 1743
3127 3277
2899 1113
188 721
1918 520
254 2557
1329 2638
111 2453
2166 1696
332 2270
376 2881
482 1080
2179 881
2506 2229
2614 3436
844 54
2271 1671
3366 1910
1230 2571
1639 771
1787 884
974 2656
2962 1959
3285 564
3306 1119
2619 401
2635 2335
1710 1079
587 1305
3457 1828
2601 3392
3273 2901
1451 1133
393 2131
2377 2766
641 928
3125 1112
3421 452
2428 2158
293 1723
2893 1150
2414 3306
3495 96
3142 1525
2422 405
2747 191
1618 1268
3222 761
1134 1274
3331 3216
1766 1499
1992 129
3255 1108
1238 3261
1501 2234
2660 2992
1611 1308
2756 496
2827 504
846 1589
848 1255
1488 2891
2530 2310
723 3233
981 890
728 724
1831 673
3320 1670
886 33
2058 1506
1458 2841
2707 1651
440 443
189 3236
3419 1287
1006 1864
136 306
1473 2587
3224 2974
668 3213
2371 3399
423 3231
1575 1391
583 2442
11 3168
2831 3247
1650 2136
2419 3384
2114 1982
328 3314
3497 3007
1347 1987
1151 893
1622 3004
55 1142
2666 3269
560 2089
551 350
3326 1250
2072 1105
608 1590
1087 567
2935 1999
953 2183
237 222
2210 2313
3134 312
155 2776
3210 2770
232 3404
2516 3488
2289 2220
1167 2876
616 2343
1619 1432
1292 1702
51 3425
553 939
2960 697
575 365
257 2746
1805 3417
640 2758
3219 2762
3329 624
2178 2688
2751 1290
771 492
3157 594
3038 2035
2662 2781
909 3112
1839 2032
3026 1379
321 3447
1641 1791
2902 1849
2981 1016
2424 550
1250 748
2140 345
805 120
3468 2267
1610 1811
1330 2382
3235 1722
1902 256
789 234
1524 2998
3240 501
1706 2970
733 3428
2641 978
1739 1938
864 2204
678 175
2054 2572
1462 3109
2891 446
1170 258
1881 593
2033 589
2978 3057
1439 2367
3216 1805
1869 1877
842 372
2708 1736
2446 1851
1064 1697
122 1558
800 3147
878 1126
2642 2419
485 980
2145 204
1445 1677
2542 1681
1141 1296
1441 621
1070 1259
2444 450
3226 1628
913 2233
567 2963
1978 3222
2343 2211
2387 3335
830 6
689 3126
1399 1093
2539 2334
2011 1052
960 1426
944 2163
1331 114
729 584
730 2972
1880 1123
1673 1162
2496 2863
2524 3055
1254 2019
2580 2771
2292 3081
589 3329
2715 1618
979 2879
539 2948
2689 3398
637 963
1259 838
3298 2060
811 853
923 1719
2106 3049
1513 2067
3153 2643
869 672
2878 2526
158 3162
1421 985
2636 551
1662 1501
1 2661
3360 2511
2042 3350
458 1780
287 2121
2546 1952
1856 2235
1299 631
488 764
1476 2321
266 3439
2504 1624
2096 3189
1649 3410
2321 1140
1583 393
3437 426
2169 3110
2922 395
323 2113
525 2014
2456 826
2593 2297
108 882
1270 1340
437 3050
2124 1153
1510 1799
89 2910
2358 453
1773 2823
3307 1577
2769 1401
2820 2978
810 2533
220 1395
1117 1245
2018 570
2649 1515
1903 2314
2241 1186
2606 1201
3429 1175
151 2278
2804 3161
2039 498
3417 216
309 2553
2476 2842
1283 2535
528 3054
1234 1782
3031 3250
2340 1596
1043 1021
1983 3172
86 3107
1059 2324
114 2821
600 3312
3422 3068
2495 1117
1737 1814
927 3450
2577 2239
2622 2906
3149 2834
675 1367
1279 1816
1158 394
1924 2371
1965 3111
1998 527
787 3497
3441 2217
1884 3406
262 1772
3123 1239
1103 2658
359 1324
1971 1867
773 1097
2725 1579
1644 1734
742 1267
2608 1403
3011 601
2503 3177
2928 1428
2007 526
2894 1071
3004 3042
2949 736
1708 1467
2073 336
2560 1715
916 2996
991 2085
1939 2744
3277 309
3276 1288
2270 1039
3283 2135
1633 647
1248 2729
2879 502
3213 2615
62 1161
630 2301
2669 3074
1339 178
2832 1919
1308 2381
547 3106
3317 3476
2672 3460
1527 1593
2316 3461
370 1509
76 3076
1247 2550
524 366
1058 1413
2487 3389
2257 752
1683 375
2214 1636
3126 2693
2757 219
1489 2582
1825 702
2097 1392
3445 2180
2824 630
1406 2628
92 2341
2423 3218
3443 1983
3194 774
867 1314
609 2607
1388 3296
1065 1818
897 439
3051 1539
1568 2491
1229 184
1337 2332
1661 3474
202 3237
2612 3073
1859 107
156 2015
2527 923
1833 1130
3017 1309
2664 2450
2121 2726
1297 1675
3340 2372
1454 1493
984 2594
1319 3221
1253 3272
633 862
574 3364
619 1809
1716 3337
2205 3117
3238 2114
720 1619
2602 2920
732 1449
1724 1468
1089 772
260 2882
1321 2681
1940 873
2255 2741
448 285
1731 1471
1588 876
2100 489
555 170
2562 2562
2246 1640
1159 649
2777 3302
2637 1883
1084 101
2973 805
2157 407
1802 572
3260 187
3272 3456
83 2177
3232 3053
3361 1611
1108 2759
3439 1777
1702 538
2413 1157
318 670
6 428
2105 417
1660 1901
1118 1659
862 829
1942 2539
2980 2195
2950 19
835 1925
2229 2676
2263 2802
559 2940
758 957
1150 233
2872 1872
73 2101
3002 532
2109 2907
1781 789
1235 3264
1495 2804
939 2387
2537 1383
1930 637
1493 1003
605 1876
663 2790
2568 47
71 55
767 2763
866 1815
2352 2248
1507 1232
1882 1442
721 2584
620 2467
2719 1059
580 661
573 1289
2840 1937
1679 3358
1129 1929
1325 2073
1774 3089
1796 1266
2781 1196
3274 658
764 2070
217 2922
2818 2691
431 3021
46 2544
1963 399
1072 3070
517 1972
216 3390
1256 174
3477 3105
1029 539
1431 654
295 3134
1278 671
435 867
1956 320
1461 182
2811 2999
1367 1830
2940 1206
2055 3241
2630 1066
2418 3087
3418 3195
2441 3052
2068 2473
3397 335
417 1436
1422 278
1047 3083
3358 429
807 2509
41 1974
3250 2794
2014 323
1518 767
3095 1602
1223 753
2829 14
2439 561
2952 3186
1640 2106
595 969
30 888
2158 287
2767 2959
3122 36
2320 1947
3148 1207
2792 2706
1457 148
2405 1011
3359 1062
3325 2897
841 2715
1741 2066
2550 2530
301 2008
998 1110
658 2026
452 2952
227 245
2857 1228
816 839
701 731
3192 1732
1285 2474
3188 2258
2183 1922
2652 2599
2869 3346
457 981
2117 1875
79 2916
1413 815
28 1794
2147 2588
339 3489
1264 2469
1349 341
2001 690
875 713
3469 1222
3225 675
1179 938
2399 2210
2249 2672
2786 2490
1280 3122
1596 2592
1033 1009
1678 1718
250 1573
606 2817
3087 1202
544 2358
986 3146
692 2238
2851 3152
2999 575
486 3365
936 400
2992 2128
1721 727
