3000 8000
2336 188
1889 1400
350 2486
2425 2011
2889 68
1017 473
968 1966
1555 2101
2256 1365
1751 748
233 2036
68 2178
2821 2500
1373 1219
874 1899
1927 220
2432 133
2714 862
339 2081
669 2693
1379 1139
2822 175
2222 2846
166 2684
1491 593
109 47
317 486
2864 1306
1442 2005
2449 2523
2417 1272
614 1967
2427 347
2176 33
2303 2022
2849 2292
167 392
1589 943
2451 1566
2650 2739
2987 2544
2522 1427
2839 1482
2562 163
810 1603
75 1679
449 509
2762 1631
2111 1664
1952 2573
1476 1680
460 831
2752 2832
76 935
514 2653
2898 2070
1490 1931
1890 848
2160 753
2374 2349
1938 2202
1616 2149
1278 2188
1330 1681
518 612
331 1927
2233 1413
2747 1948
599 384
2057 2407
1907 1326
877 817
1067 2163
1608 715
1899 1436
791 2032
1554 2668
1289 680
2348 464
826 1635
2438 1609
1659 643
557 2548
1777 2336
1437 1843
2763 2950
1239 2556
2748 1676
1965 2424
1718 2395
212 2610
2288 825
1514 193
2605 95
1711 2008
1086 1107
596 2850
225 360
774 633
2975 1275
2887 1528
2499 2670
1386 363
2124 2321
707 2385
1541 398
616 2996
2191 1192
1604 2319
569 2488
2120 1266
2799 908
1624 1557
1696 2554
69 1953
2282 786
2194 282
2944 2367
548 2288
1641 438
2406 2691
1726 2428
1063 1310
2213 1061
1002 1149
2644 2538
73 2782
1121 75
1378 2355
2985 1484
2705 450
2481 1159
2379 325
1438 1917
2710 1963
1162 1076
386 1455
2824 736
625 2299
805 22
962 2237
799 2777
1227 1488
2735 1089
848 2900
1212 2018
888 305
1423 800
2049 2931
1986 1972
2835 2877
1120 523
1426 2608
1272 835
1520 785
1167 2473
2324 1796
2973 1476
1488 513
2306 317
1745 515
384 2256
1376 2054
2261 2038
1799 1126
541 274
2927 2099
546 2466
1159 1163
1034 852
48 90
153 2887
2694 2517
2097 147
404 1305
1549 1315
65 981
2765 799
2734 1444
1351 2501
619 1819
732 636
2778 1393
1578 980
2298 2838
2345 186
2465 2492
520 777
47 2280
1364 1980
1432 1532
1865 2509
2393 273
311 2271
1485 1118
2854 423
1713 54
727 2437
1297 1937
536 534
1974 1938
1863 2918
2321 964
1143 1353
2226 302
1657 198
2504 1587
1576 2993
776 2648
1618 1906
558 1054
948 649
173 59
1780 1279
1502 2130
865 667
1629 291
2490 2796
13 2095
2079 1483
1943 1060
316 1457
1582 2577
1818 1926
924 1419
2302 298
1947 2401
2189 2121
987 1398
1058 1385
937 1696
2767 2283
2334 1058
293 1010
1370 505
1774 1051
1481 2779
2257 2558
2851 774
1440 2250
2092 1372
2692 2986
2403 2631
2798 1869
532 849
1805 1097
1622 1973
717 1363
2519 861
502 1555
1294 1375
2350 1202
608 805
2730 1928
480 1215
709 2380
1413 1660
1690 230
1358 2474
2031 732
158 1851
914 608
1565 2940
829 1550
2107 1299
2072 2937
2559 2772
582 93
295 323
1084 2094
1867 704
184 2870
1932 2343
467 148
2019 1186
687 891
380 986
2391 2450
2313 938
1049 2013
2746 253
2453 2810
2181 1554
971 2386
2554 1745
843 2444
14 1920
1125 2776
2390 741
602 1111
1018 1589
1537 1646
1836 98
1446 1753
2280 2752
2885 552
2586 2947
561 963
754 2483
1764 1861
2523 2861
1531 1942
132 1925
2290 1222
1136 859
1886 2073
1399 102
2830 611
96 2724
1477 1018
789 467
2038 1309
1372 2507
2624 1313
2804 2119
1703 2728
3 548
1116 1841
533 2751
1013 841
571 1047
185 1711
1843 1257
2448 2120
1507 866
286 1901
1409 1546
1595 916
2891 2304
1570 2998
52 92
1509 2207
869 344
283 286
1564 489
441 592
2832 1578
1319 2006
1221 1213
2106 470
2592 56
1198 1922
2080 2787
1419 860
2759 1381
2132 2219
1542 700
1627 287
2461 828
224 2784
1626 2585
801 2215
448 829
1281 868
1694 2723
1271 2330
2404 5
484 566
366 2324
2012 2518
325 1686
2230 2614
2199 632
858 550
1461 664
2775 1776
2761 2243
2168 1862
770 2557
1948 1829
2253 1653
2123 2976
800 2479
124 767
2544 574
2826 2225
1506 2673
1560 1432
2220 2858
477 1269
1224 2067
2185 529
1039 1683
890 49
1655 2820
2744 329
816 264
2180 159
1128 1005
1238 2592
2007 2122
2996 2363
606 501
1591 2682
242 2204
994 754
2262 2669
1269 2047
974 1025
1544 2246
645 840
2612 2560
2871 1056
1103 324
2600 1896
2680 1425
451 1024
2934 2843
1433 912
2840 2017
985 1595
2034 498
86 1069
1987 2453
2361 1200
1833 2514
1593 446
718 971
748 1786
2513 1923
2349 2439
2198 1323
2221 897
30 2864
699 581
1203 1443
1581 1594
1552 352
855 1755
344 2346
1071 654
2678 1624
2108 2112
1374 1975
1997 487
321 999
107 131
2118 2157
563 1632
1533 2295
1723 1196
120 406
1382 1070
2712 1739
724 651
2737 2378
2837 1793
1643 658
704 2987
18 2170
2953 176
2207 2345
711 1336
1408 712
2469 876
41 2750
2575 2429
1495 1570
1216 975
126 546
1606 527
1667 1932
2918 2819
1954 1507
2337 2959
1812 2090
2615 196
419 1387
2695 1404
2858 2030
2042 2882
1318 2222
1010 2817
2269 2872
1923 603
1166 309
29 1520
576 2917
1201 855
1779 2791
2026 1747
2389 387
876 2712
1081 46
2702 162
2285 871
2068 1855
2458 1954
1569 1673
2943 2859
2468 463
796 2445
2719 1141
2170 2394
537 1177
1942 1405
862 2821
2386 1695
1858 903
2856 573
367 1133
2539 600
950 2659
1940 1933
1732 1902
2980 2373
2287 2621
547 2521
2620 1909
140 2700
27 442
1469 1074
963 1052
146 762
949 2209
916 1969
2138 1790
896 888
2639 543
1394 2602
382 251
2358 2058
1783 321
494 1780
149 1328
1407 718
418 1120
2801 2129
228 359
2129 2565
2103 2134
1781 1895
2050 2173
82 289
125 2364
2655 2828
2249 2156
767 1050
996 1506
2479 2572
2165 2278
2259 1721
1685 414
667 1182
2110 2511
239 2981
1749 976
2215 2955
174 711
2941 724
2604 1295
2359 136
2002 2860
2564 1191
958 2889
2813 2516
93 280
426 1296
1006 2252
1385 1914
2232 1712
2060 2148
577 362
2806 241
1122 2019
1698 1486
1729 1265
1163 1148
764 1402
288 1647
2010 2494
1397 2248
1521 2139
2164 331
2344 53
2100 974
697 312
705 2992
505 1303
1999 969
1420 2725
1035 1195
2862 326
310 221
2239 959
2683 1777
114 62
1186 913
908 2705
271 2513
2794 2455
641 379
1823 1338
2602 2607
1312 1848
170 1246
2 144
2364 1429
2491 1814
383 164
131 91
335 2375
2857 2994
1391 2085
1790 877
2440 710
2787 2748
1905 968
2401 1088
1763 2848
610 2660
859 1334
2507 2829
2078 816
443 1847
1710 645
215 231
1170 1689
873 1907
486 2563
1031 332
207 492
2077 2071
100 1330
2184 2879
1241 1154
1153 1552
2305 2142
1989 2039
2550 1737
332 2707
1807 2118
2283 734
1248 709
1963 1513
160 413
1436 2190
1508 2578
1388 1053
1254 2144
345 2403
1105 408
127 2106
1114 751
1756 52
2413 2930
256 635
1401 742
690 2808
2470 1797
2709 2999
1887 1083
1346 1263
1208 1440
2843 557
156 490
2613 1740
2071 1735
1731 1585
163 1293
1840 789
1891 380
249 1831
395 1784
872 1237
19 1108
1620 2294
1261 820
2818 448
2252 2737
2520 1441
2328 2390
2711 1003
2637 1502
1061 1244
555 2637
1534 2376
1916 2366
2969 703
1592 622
392 2391
307 1637
2718 604
452 1617
1995 1976
2628 1130
1869 391
113 445
2532 2477
628 2525
425 1174
2270 199
1699 2856
1301 1184
2874 1988
1417 2618
181 1530
761 2842
262 1248
2416 1821
1789 2756
1124 1536
264 1516
2159 1551
1048 1214
2977 889
506 1106
397 2830
2400 2284
2275 483
2676 2541
870 1037
1406 140
578 1479
549 364
320 2231
1824 23
1137 2212
560 560
1926 2831
499 1997
2922 1090
2279 1714
2760 1286
651 1773
572 1226
2360 905
1956 285
2940 878
1183 2911
737 168
1348 2973
1664 1781
250 2291
1970 2191
42 1474
2563 382
2984 1165
2167 281
988 454
1033 1072
2703 1364
1870 2665
1486 2853
673 2074
735 2897
1112 639
2362 1568
2314 2615
909 1317
54 1813
2325 2335
2967 2908
289 2290
837 1748
1808 290
1434 1356
1395 252
961 725
2351 2113
2724 1738
715 1542
1176 208
743 1463
346 1100
2781 587
34 1590
631 2757
586 2603
639 1446
220 1490
2095 94
2243 1374
2816 2201
2610 1501
906 2285
1375 1373
1333 2200
1714 787
769 2226
1919 424
1758 1142
2755 79
998 1978
2508 1021
62 2658
213 174
668 2699
1299 2537
406 1628
1646 2529
2527 2028
1217 2945
1015 1339
892 2912
358 661
643 1527
281 1204
1600 693
371 1785
2197 808
2119 2306
1845 2033
2587 1526
2515 2576
187 719
2876 1261
1788 1803
1802 2647
530 590
2844 559
2993 1370
1452 1877
322 2906
1550 1792
1174 2198
818 390
1069 1346
409 1601
832 125
2206 2354
1050 1620
1512 2100
1656 2258
1169 1549
2074 1477
2872 1823
2065 644
1920 2297
1155 553
364 830
780 1314
1059 621
1055 2827
838 399
2378 1708
2367 31
1944 2127
2529 2468
622 2179
1323 2706
1090 1416
2204 430
648 2228
1759 1537
1928 2920
270 2066
121 494
1101 1235
1135 1834
919 1473
455 567
1888 1661
1787 1839
214 539
1421 2503
1316 1630
2004 1298
2307 864
2954 1166
1007 1723
252 1487
2795 2326
2062 2552
1381 854
1958 37
1623 1649
739 2337
464 2277
2415 1042
1837 2991
2225 979
136 249
1334 726
85 2080
2244 2171
2467 1426
265 153
1800 2566
1760 1169
2945 2411
405 449
1964 1252
1305 1971
2882 1757
2308 1288
1025 338
2685 731
1980 2293
2274 780
2329 1046
94 1190
1921 1091
847 260
857 1357
1286 244
326 279
1628 1395
662 2218
688 138
2648 1842
110 0
926 698
2808 435
1022 1894
591 572
997 623
1206 1209
825 1845
1651 172
2811 2948
2823 2415
1695 304
178 2015
509 1369
59 770
679 2009
2117 1670
604 1806
2947 2740
95 2736
1060 2720
573 1422
1270 2761
2956 2954
2381 1207
1567 60
659 2214
354 381
191 2910
303 432
5 2580
1251 2800
1463 2045
1045 1354
2907 537
2681 357
658 2719
1782 2193
2962 2220
1296 545
875 314
2879 238
255 1499
753 218
2276 2088
600 2875
2322 2642
2899 1677
2831 884
1991 833
730 2461
2037 554
2466 2990
2622 1672
2567 2383
2236 2824
275 737
285 803
957 2943
1052 684
1530 1273
2573 57
46 2430
1881 2247
134 2562
1733 117
1209 960
2725 2749
2855 316
313 1571
66 1651
487 1718
221 875
984 925
2715 858
491 2681
647 2261
2044 1017
111 2676
2557 303
1377 2379
1577 2664
1266 2406
2384 521
2327 2082
2316 531
2281 794
1579 2616
1075 1875
1676 1332
2640 416
1134 2806
1150 129
655 1582
1900 204
2890 2061
1115 1644
504 598
1487 1030
1094 100
2961 61
1896 1399
2688 1648
2203 2561
2658 2309
1187 469
1489 2141
1648 894
635 2255
2553 2000
649 648
2526 919
1043 333
1300 1172
2332 962
1445 2804
1697 345
580 1538
309 1911
2535 883
2323 71
2380 1079
2556 1206
2051 2781
2495 1883
1876 1297
1130 368
55 2547
923 1849
1523 226
976 1302
902 2216
2942 2049
1068 701
144 2382
1044 1319
2027 1489
2446 609
632 1026
965 575
495 1531
119 551
1639 109
387 154
1998 602
1168 1890
1470 84
1563 2320
165 2760
1909 1084
1133 500
1354 2091
821 1015
682 1805
1631 256
445 1175
685 453
2660 1462
884 183
195 714
1929 1945
2457 82
989 2402
2595 2242
381 1049
2632 607
882 1759
227 967
2597 393
199 2217
1856 410
918 1349
626 544
2268 99
2407 194
294 243
1556 1639
678 499
117 50
1352 166
2606 970
2802 2063
157 1361
1539 2031
1321 171
2738 421
202 2186
1536 1956
646 66
713 793
1456 914
1820 481
2838 1774
822 2184
1610 318
1165 2905
2884 2381
300 955
1635 696
219 2837
2779 1665
1688 1168
1036 2545
2084 1905
1443 1602
241 2902
982 520
439 2128
1846 2935
1439 1732
2246 2205
2873 25
2546 733
2607 1271
1815 19
2757 2463
1023 1371
2698 1294
2023 233
244 1032
2783 779
496 2967
2756 915
180 2869
314 1968
2957 781
1064 2929
440 2272
278 1493
1798 2465
497 2029
1088 342
2292 429
670 904
142 2003
1219 1876
2968 1929
429 671
2926 2988
2988 278
621 2206
975 80
2150 1720
959 2598
15 1707
1755 2774
2169 337
1326 1417
2192 1944
308 2634
340 466
901 385
172 1331
903 1019
2172 1469
2893 2240
1653 1116
970 2741
365 886
1494 784
698 2026
978 922
2601 1368
1765 1113
920 1350
1072 2176
956 1999
2667 2470
2113 978
812 795
653 2443
1708 2404
751 514
2662 1852
1796 954
400 197
2422 366
827 1627
2785 2427
1182 720
57 2396
2437 335
2355 1965
2000 2939
2429 2891
1634 2605
714 2025
2863 2755
1962 2628
889 1752
1327 2773
459 538
1154 1044
49 1824
246 2735
1118 455
1687 594
456 797
2723 1348
2043 1871
2645 796
260 660
1633 2064
523 2135
1041 1705
1189 2442
1225 758
318 215
1019 2137
2656 1749
2151 2253
1914 112
2506 1300
1736 1082
819 377
1572 2409
734 2581
1719 211
1868 993
106 1119
1074 1383
2819 200
1332 1366
2814 2236
1707 2107
83 2332
1971 1820
1304 1751
2915 2666
842 1808
2500 2262
1079 1962
771 1210
2128 822
1253 987
1396 76
2979 1577
152 570
1588 676
943 119
1179 1492
2750 1687
2619 205
189 1607
2609 2263
1003 2296
1479 1764
290 601
562 1094
2101 2624
2572 217
745 1881
2547 1114
1949 1064
925 24
2560 179
1214 461
824 1853
2036 214
1425 646
436 177
305 151
627 2708
1860 1475
2008 2630
482 1153
2352 2065
1303 2348
2382 2166
1500 334
1496 248
1996 2194
2618 686
1953 2041
883 307
2623 2522
1197 2753
729 738
1070 404
2842 2890
534 1836
2311 2769
891 1240
2582 1730
420 2692
661 1129
2158 1514
747 901
672 55
2405 1746
399 1217
1459 659
898 1465
2032 39
1000 2405
1873 2933
2319 2754
1771 1472
1674 7
2234 1512
1004 2590
2480 874
1689 267
2056 272
1681 1642
36 104
373 1448
1295 2089
2047 1150
911 2586
2661 378
946 2308
2565 187
1903 78
2948 708
2392 692
1246 956
677 1415
501 1667
1276 1709
1973 2467
1141 2075
708 130
2679 1828
2909 1104
1906 2623
1274 946
1200 2801
431 851
797 1403
2297 2313
2472 562
1632 637
1139 1162
2397 1152
1093 1897
524 2360
2568 1934
7 2147
1743 2435
2219 989
2073 965
980 1798
2096 1412
1398 1406
2924 1065
2895 1783
101 625
1262 729
1741 2758
2764 2520
421 1638
746 1340
2643 191
720 2302
88 1815
1255 2023
2315 2686
1328 705
1056 227
593 2768
2202 1977
581 261
2494 1986
930 2818
1811 1322
2357 1548
1918 2458
1575 2208
2974 2434
2411 1596
2727 355
2370 2803
2088 870
1194 2679
2375 2187
1701 1996
263 1616
1979 2646
2776 224
63 1481
77 121
1258 2159
2346 2922
674 2974
2385 2687
391 2311
328 2300
2447 2362
2514 1519
2995 756
2614 1324
2376 1211
828 2398
1912 836
139 319
1234 759
852 763
1720 239
398 1846
2629 670
1861 471
2147 2140
461 192
336 2021
2054 2392
1855 15
1257 246
1792 370
1038 2342
1147 1087
2059 1756
1193 1600
2260 1910
507 2286
583 2799
1259 1791
1669 2797
1647 476
1803 2126
934 34
2114 2301
164 1685
2006 2528
809 2695
1561 2795
531 358
1977 2077
2445 201
1123 2505
540 1614
1250 846
2897 1496
319 2189
1662 1414
915 1031
1526 2984
1700 2978
2878 920
1885 462
2093 1435
2464 766
2571 1760
833 2111
2665 1199
1738 647
2289 1765
1211 120
676 941
2642 1918
1132 1921
1184 135
1367 819
1825 1939
1290 723
315 2790
91 2559
1158 63
1263 1157
1009 277
772 656
1032 203
2569 1253
2021 2359
1640 328
2365 2060
1275 1671
2630 276
12 1898
999 2268
2910 479
2454 74
684 375
1872 2084
217 2867
2511 2907
193 1333
603 2092
474 149
2335 2625
175 1109
16 1245
726 1001
1062 1504
2867 2260
719 2807
143 2589
2524 2072
2471 2223
2950 13
1566 1290
935 1990
277 1675
689 2053
4 1878
1082 1468
1144 1613
1636 2316
2436 2475
1311 629
637 561
1839 2650
2105 892
1020 1992
1146 2419
389 1292
2005 1451
1806 631
840 259
312 1430
1976 254
2496 707
130 1800
231 1943
738 1574
1293 1985
2809 2051
2651 265
1580 1115
2998 565
1992 257
1245 1234
1096 1282
2265 586
223 180
683 1318
1602 1640
844 1812
2543 972
2341 85
2295 1521
2921 2042
2212 2923
2277 683
2578 2938
1543 1588
2699 1729
932 1955
1416 1716
1797 141
2853 142
933 1505
2611 939
1472 1392
1814 2881
232 826
1172 807
2052 1434
2273 397
349 1445
2459 2762
2318 663
1046 1697
352 1547
2908 1719
2331 2275
243 713
23 1699
539 41
1585 48
721 1652
1410 2504
1236 2361
1841 2968
568 1255
1337 1285
463 1882
1893 2946
585 2951
2745 1308
1192 717
2339 568
2693 1771
1757 2571
2868 1229
413 1171
977 1857
297 1872
1329 1690
1342 1534
2963 1270
2460 953
2521 1352
881 1187
56 1125
1100 2866
2684 2331
623 459
1744 1081
2561 1535
1804 2742
991 488
179 616
226 1498
411 827
1810 2338
2426 1193
84 1327
194 540
2462 1880
2646 1974
1288 340
1717 1669
1474 1096
592 760
370 1449
28 2619
492 2759
2636 2997
2116 1693
2046 2744
1883 2622
2136 258
1950 1028
424 1138
2291 1950
2224 579
280 1194
2235 655
2929 1772
1235 2533
2368 2698
2542 86
1109 2425
2626 2594
2901 2970
2148 2730
744 1128
1668 2052
584 1959
1683 2524
2271 2871
2792 823
1778 1009
2161 837
1513 1713
1113 929
1051 2962
1754 1704
2435 773
2886 417
820 1947
2555 2050
527 2432
897 1692
1104 2182
2810 1201
53 2710
1557 1388
955 2027
188 2895
588 2844
2152 2865
2925 2469
1501 2167
1725 320
457 1146
2156 1987
10 517
802 1059
67 1629
410 1525
1008 1865
2758 746
1511 1284
1427 1040
230 2983
2749 2588
777 1561
2066 1164
31 1039
2517 2979
414 1098
2691 11
1826 591
2736 2709
895 1243
1111 2372
2903 2417
2686 2224
2505 1287
695 2086
2827 297
691 1384
2145 2894
814 1124
1850 991
50 2456
508 32
1753 843
1140 346
60 2536
2076 2323
2525 1225
2474 420
589 2241
1936 1809
2063 2640
222 315
786 839
731 496
1913 2105
201 1198
2195 293
2383 2153
2997 308
2580 2389
1428 2325
2258 1221
2803 890
1338 2213
2789 1694
1704 2813
2905 2151
1522 2609
1482 2515
415 2329
590 468
442 1066
792 1022
123 2489
1750 115
1880 444
931 2037
1380 2833
528 2368
522 296
938 400
390 2162
1859 1450
427 2491
1617 2257
216 123
35 2632
2278 2874
1677 2249
304 2534
2577 2446
1450 2457
1702 2925
333 169
1414 1439
1605 2059
665 1889
1171 555
1724 2400
1706 1575
2179 641
465 270
2109 395
1675 2172
525 765
2916 441
613 695
2338 776
871 2459
1473 97
851 2251
2040 1608
2018 2143
1665 1606
992 27
2188 143
102 2680
2687 948
1661 1122
1630 2422
2086 1110
2701 1650
856 2270
1343 934
1083 2926
1961 1960
605 1801
2732 1840
1383 301
343 1529
1519 879
1874 585
471 1178
917 339
1590 1767
2959 985
2537 2584
407 571
72 2116
2726 465
2807 1411
2205 1586
148 1147
1559 2436
1794 2079
1126 1567
2443 111
11 2499
785 1952
2845 927
1679 2358
2423 2174
811 2593
1830 2210
2081 564
2009 832
105 2564
2631 2696
1220 2399
860 2815
32 1189
475 2365
700 2480
2143 2543
2834 569
394 2438
887 853
1680 43
2797 547
2493 1517
204 2743
1670 2583
1273 1560
781 2493
2766 679
2697 1913
274 2733
1349 2125
2135 525
2780 1706
1546 1769
490 1581
70 511
1005 1485
519 1741
1403 69
2558 792
2608 1452
885 1700
375 508
1344 1228
1705 2239
476 294
1587 1626
1448 606
1222 1360
1994 348
2196 351
1625 1523
2141 178
663 2952
355 665
834 1259
1053 1904
1 1559
1148 619
268 2675
488 1674
1047 2180
1684 2840
1727 1086
1558 747
433 893
2216 118
615 2056
1368 2317
2877 556
2476 2731
351 64
237 1761
2503 2944
2094 268
2939 1576
2817 863
2674 72
468 223
2055 1553
2536 1500
61 222
1857 2627
2250 802
1658 2410
2668 2765
2171 809
1682 1311
2163 477
2267 844
928 1160
22 2282
2395 2697
538 2097
960 2845
617 2487
1834 2274
1336 1062
177 343
1357 330
1404 2851
2992 685
353 1569
2690 1742
493 2901
1028 1860
2284 2168
2964 588
2771 1358
2949 2595
913 2310
1838 83
2976 1396
238 1807
512 1722
1915 1657
1966 610
79 1343
2015 596
2912 689
2990 2549
1267 1466
2938 1043
2409 2334
417 2567
1291 1702
1844 1180
782 1580
1499 2266
2931 744
2402 2062
103 1666
2647 353
893 1873
927 2185
1180 627
1151 838
1722 2004
2498 761
1957 1268
1877 1887
1422 2485
1678 2778
2820 1612
2091 1006
2880 1984
1285 1833
342 1870
2704 1597
2186 2384
1819 436
2777 1418
2090 1242
2841 1919
686 589
485 2793
261 1556
1835 491
2025 14
1848 2498
1935 1946
2022 108
1663 867
1415 502
1730 311
122 1563
1188 2322
396 1057
2594 1394
904 1376
81 2620
2434 804
2617 2371
830 694
2978 947
38 460
1014 1736
200 1304
2133 2012
1607 419
1242 2484
995 2526
2700 1337
254 1442
1065 2597
2421 1818
2166 2123
444 2849
793 2069
1077 26
1054 911
2673 1766
979 638
2729 350
1752 1668
760 2235
2296 1698
1230 158
2214 457
2433 369
2456 437
942 865
2112 1454
1308 1316
378 283
944 2643
710 2539
1260 2629
1325 887
595 2949
1829 812
1030 2177
2045 2
1712 1431
1322 1593
2502 1438
2126 403
788 1564
1256 2934
1615 232
1619 1379
483 1701
1424 1941
1066 769
1637 998
2589 105
205 2068
2477 2269
2825 1460
2548 2433
430 1733
169 1579
1784 1541
1769 2661
1475 1854
2930 2683
2070 1981
2013 2835
899 2495
2157 1344
2356 642
1361 388
108 503
234 1023
2790 1867
1498 1112
654 1592
2299 811
1573 2155
44 2649
1809 2426
740 1093
1218 1494
2728 1825
2677 778
986 2868
1910 2158
2796 2644
2041 2747
2369 1158
2782 2612
1073 458
511 2713
612 1185
2971 1277
2412 190
1204 212
1393 2971
2089 930
1454 1970
2983 1859
2497 1989
2935 666
1467 771
1335 2701
2958 2802
6 2512
2003 1080
773 2639
2483 275
1817 58
1540 2764
1871 1951
712 2880
2861 2169
1362 2542
1795 512
1102 2152
1418 1397
267 1145
1691 482
118 1762
1847 2775
1529 1099
472 2722
1387 535
1152 2995
282 1837
680 1038
235 1232
644 2160
2928 2165
1518 1903
324 2921
2633 209
1693 266
498 958
567 2305
2399 2953
1156 1335
25 923
671 2805
878 1940
1892 45
1161 2043
945 1390
835 2254
284 2989
1586 1467
2085 134
2016 2462
2902 1161
2900 137
1925 1321
2366 2780
129 160
1525 2510
479 1522
2155 926
758 1447
620 2746
1614 1789
128 1478
1785 1717
550 77
2317 2638
2965 1584
115 2232
1355 1654
2210 2530
2663 401
2917 2352
330 1622
1462 1874
379 2729
1960 898
703 674
434 1241
1317 1151
1937 411
1822 1428
1645 240
2486 1071
2706 2132
910 1892
756 2786
2946 909
2431 2966
478 2694
2549 2841
543 716
2671 2024
1021 1156
2923 1515
2793 2788
2541 1611
1985 2924
2815 2916
99 475
1309 236
435 2351
624 2339
1164 910
257 269
89 896
1671 1367
2372 1830
1660 73
1939 20
2272 202
702 245
360 772
2739 2117
21 1183
947 2478
964 749
807 1247
741 2447
2733 407
1080 195
579 2183
1993 495
2201 2671
2300 1260
183 2688
846 2886
489 310
2482 2965
1127 425
2153 228
2175 2532
135 2847
1331 139
693 2108
618 1407
2174 1188
2769 371
2310 1779
2585 2110
388 116
1283 918
438 1048
1458 389
2011 493
2067 1598
587 2834
1441 824
2991 2963
1429 2197
2772 155
154 1121
2492 2909
71 405
1001 2836
2130 2020
348 2016
1298 994
1240 740
2881 2855
1510 1424
752 2599
2137 2636
369 2596
650 2341
357 2816
2952 597
2670 2711
2717 1027
652 434
1762 386
1599 2103
377 1179
1223 106
1959 857
1252 1662
2309 2192
2139 2826
972 951
287 906
2741 2770
209 1258
1898 541
1897 2734
359 2387
598 2527
2301 524
1435 2315
894 997
1106 2161
2293 2662
1666 451
1363 988
1551 1763
845 1618
1468 1643
1233 1715
545 924
1110 2690
2581 1540
176 10
905 2490
2850 2601
2869 1605
162 1728
1945 2611
361 2678
1737 1170
2450 1014
2805 1858
766 2267
481 2674
2657 614
51 271
2534 1078
432 1389
779 2961
864 150
1842 1949
1894 755
629 1251
2933 1012
2731 1480
2627 1982
768 2472
453 728
2131 447
696 957
112 752
258 2969
2540 28
2342 2932
198 1144
2666 1205
1097 2377
1773 2884
141 1307
2178 1420
33 902
2312 2575
1024 1750
2722 582
1742 1964
1277 1238
2800 791
454 615
1596 2732
642 2654
363 1991
2177 1524
1040 2412
2713 1744
2115 1095
1538 620
1131 1770
1389 1754
1770 81
2904 1359
1728 949
1466 1034
437 944
374 617
2187 2431
535 2007
778 2312
1460 1511
247 1816
2024 2344
2591 161
1400 242
1739 1659
1686 1885
402 9
813 184
1545 952
2069 21
2920 1341
1117 1461
1933 2606
2082 1036
1862 1583
1930 2002
1360 2350
2340 542
2484 984
1901 126
1444 1794
2552 2685
2048 882
2121 341
1057 2221
1027 2287
1119 2745
2599 2203
2652 1565
2951 426
1801 628
412 1013
1761 2814
323 1220
1775 185
694 1140
2512 1864
611 690
1302 2451
2441 431
1597 497
2989 2307
1191 1691
601 2211
446 152
2588 2146
2848 2347
1746 12
1981 2093
2388 2448
1247 872
2487 1979
2743 1688
907 1610
1011 1623
513 2138
92 1380
1568 2977
1384 856
2182 672
1108 1645
2099 170
197 2441
2363 885
1465 536
1524 2852
1650 2369
1340 2481
2489 626
803 2958
2217 921
552 1055
929 1382
1228 928
2833 2941
1968 2506
736 412
1882 2454
45 2181
2373 1423
87 675
1280 349
630 516
2020 2785
2770 478
1284 299
790 2626
733 1132
2001 2546
2028 1103
2228 1930
750 2374
2035 1888
861 2663
1282 107
190 2196
2410 1743
954 798
1504 966
1917 583
1972 2234
2528 2892
1392 2114
1190 2811
1347 577
1866 1658
2590 2975
564 2102
24 2327
2518 1000
517 1957
1642 65
1612 1879
161 165
1673 1212
0 433
1816 2333
469 2497
841 1325
1747 1218
2231 2873
2396 1832
1265 2449
1310 518
1852 992
2017 2471
775 2440
2208 2767
2237 2823
203 1391
1087 1636
1149 30
1672 2087
196 2531
2343 128
2994 2555
1185 1994
39 2617
849 237
2064 2903
1339 2980
78 1817
2955 1035
292 262
2452 1850
1532 1136
8 2783
2264 132
2430 2551
1129 580
566 2960
1145 87
2127 2651
385 818
966 210
521 1264
296 1362
701 1224
450 900
1292 2010
291 1345
1924 2133
2039 682
1748 1827
804 990
2326 801
1098 2195
2649 973
466 722
993 1355
1934 814
248 2896
334 1045
2419 681
218 2199
2304 1464
2584 263
936 1291
151 847
104 234
1107 578
138 917
529 1768
1941 2175
1908 1278
236 1401
302 1378
58 1197
1237 1998
783 2738
1786 687
2455 2812
403 2985
921 1135
2418 1029
1692 764
1969 1409
2242 1320
1884 42
2635 1734
1232 2942
2682 1782
1654 730
20 35
2398 70
2227 1063
1095 1604
953 2652
2347 2703
762 2928
1175 2104
171 1236
2999 2464
2061 1961
866 813
2510 1223
969 634
2053 2878
706 624
2768 292
2102 2014
1356 157
1895 1625
2193 2508
1037 250
2603 2704
2742 2591
2387 1230
2248 2568
1553 1835
408 1558
1447 2964
2241 2238
150 895
1878 189
831 1936
98 932
1967 3
1571 743
2812 1239
2846 167
1012 1033
2531 1826
755 2957
2251 522
182 2702
1366 88
941 806
1371 16
2538 181
229 2318
2708 1351
416 2001
2377 2888
2696 691
1902 1347
1029 810
1157 2718
839 576
1584 313
266 1281
1243 2423
1562 1101
147 2904
900 2839
1715 409
1955 1167
362 1633
1611 983
1016 182
1412 1856
2986 1799
259 1181
2653 1983
1828 1544
575 678
338 484
554 36
836 1804
168 1724
1527 1663
2428 110
2937 1710
1528 1788
983 775
2716 1233
1598 2822
1202 1891
1464 1508
9 127
765 745
1195 940
2200 1312
1315 2388
2865 2569
1042 873
376 1866
1453 2857
2087 1802
1268 29
1229 2550
675 1386
1099 942
594 8
1740 2046
1287 1143
1390 677
515 1908
2473 1727
2870 907
863 1682
2583 2972
1853 735
1975 1342
2875 652
940 422
2245 89
1205 558
43 2613
607 750
2914 356
967 1703
2014 788
470 247
1793 2482
2029 2421
2773 1656
2255 1958
981 2164
1264 216
2254 2574
133 1127
2576 1227
784 2862
2981 2570
2859 1573
553 899
1503 2131
1515 2233
2753 40
500 122
609 842
574 2919
1405 563
1984 1491
145 605
2574 1041
2263 931
1776 2460
1484 2587
2501 2353
1864 1533
298 2789
26 1893
1213 229
2247 2582
2638 2655
1978 472
542 2727
299 300
1215 2265
1493 427
2896 1518
1226 669
2083 519
2616 2604
2689 2885
1231 361
1492 1458
2672 1497
2593 101
1085 721
1832 2809
2104 584
1911 1075
447 2150
1078 850
1827 1822
2294 1256
2836 1621
327 2667
2669 284
2754 1
1244 6
742 1176
1621 1280
40 2553
2134 428
208 1775
137 327
597 1262
544 2579
2566 2264
1089 1453
638 1421
2033 662
253 124
2125 2418
1091 2356
912 1619
356 1495
306 1591
634 1377
2330 1503
922 1016
1314 821
2183 145
251 2230
2058 668
2774 834
269 937
2911 2876
2488 706
428 4
1313 1289
1471 533
1851 1844
1574 2035
757 2915
657 2825
1548 2600
1142 2798
559 880
276 1725
2240 474
2320 1155
2791 2154
2223 2034
1990 1254
1594 2794
192 2040
2664 2244
2970 255
952 2259
1922 373
2030 2357
2442 790
1359 372
1535 1067
1831 1117
329 2115
372 2109
1306 2633
660 2766
1478 2716
879 532
2371 1572
301 1811
2353 1077
458 67
1931 1545
2641 936
723 1231
1983 2393
2596 1886
1320 1615
1988 418
1207 1134
2675 1562
2751 1123
526 613
1735 2689
1196 2416
341 2893
1603 1539
2238 439
806 673
1644 1456
1609 869
2209 1267
2394 1510
2485 1131
880 1884
1613 2519
2894 881
815 2883
2906 1433
666 2476
2140 306
2424 1208
850 1329
716 1924
1430 336
2211 595
206 415
97 2076
2154 1007
1516 2763
1431 2715
2982 113
2408 376
2146 1599
1353 1634
1173 2328
2229 1543
2707 1778
347 17
1160 1726
272 2771
2533 2913
37 549
1791 2717
186 2452
759 697
2788 2657
1210 2397
2621 1863
2960 950
1480 2502
2634 18
245 2413
1345 1678
990 1020
2659 1471
2828 2898
749 443
2860 2714
817 2927
728 1868
2913 2083
973 2096
2444 396
2786 1509
401 2044
273 618
462 1173
1709 2414
1178 1085
422 38
808 2672
2530 2279
1307 2098
2463 2229
1583 1137
556 2540
722 2635
1734 452
565 1216
854 1437
2551 1935
1483 510
1875 2136
1455 1274
1076 507
473 961
1324 815
640 1993
1772 2792
1181 1795
794 2273
2740 526
2286 757
2936 1787
2579 1995
1402 1758
1716 599
868 295
2721 2420
337 650
2333 1250
2478 1002
2190 1838
2122 440
725 235
1341 977
1138 225
90 2899
867 2677
2720 2914
886 1283
2888 354
551 2281
681 2370
1854 1073
2098 1203
1199 783
2162 1408
64 933
798 2956
1982 1011
1767 1459
423 322
2414 1276
2439 374
1365 2645
2919 727
2354 1008
1411 2863
1951 630
2218 213
570 1102
2932 530
159 1731
17 945
1177 146
1813 2936
939 2276
2852 1105
368 1068
1601 699
1721 1301
1821 365
2598 1655
279 367
2475 2245
2784 1915
633 2721
2966 1641
2509 1900
1652 2641
636 1684
1457 2496
1904 2227
211 44
823 2048
656 51
853 2289
2829 207
1766 206
1849 657
2266 702
951 995
1879 402
116 506
155 2303
1449 982
510 2982
1638 2408
1946 1810
692 2726
664 2078
2144 1092
2654 2055
1517 2298
1350 1470
1249 1004
240 2314
1547 2535
1092 456
1649 1410
2075 288
763 653
80 2057
210 480
1497 219
2545 114
2972 688
1279 504
2847 103
393 640
795 383
1768 1912
2420 394
2883 2340
787 2854
1369 1249
2892 845
2142 156
1026 739
2570 1916
1451 782
2149 2656
516 2124
2173 528
2625 996
503 173
2866 768
1505 2145
74 96
2516 485
