3000 8500
2713 475
867 177
1825 1811
212 2458
1821 535
1612 473
1178 1687
2392 1755
627 1737
854 2310
2398 16
1609 1780
1111 1930
738 2317
621 2371
1550 2086
1846 1036
916 2659
661 2312
357 532
7 1679
1305 2908
1105 1581
554 2306
1110 652
440 2768
751 2469
1941 1888
2334 2305
2790 419
1565 1795
810 2043
871 2741
1427 1614
277 2107
2223 956
1477 2625
1312 2935
1960 1060
330 1444
1489 520
2873 92
934 2100
1618 835
2517 2435
395 394
2255 301
915 2653
1764 2800
2288 2572
2273 485
1529 2674
126 1620
2274 706
2014 2849
1001 1187
923 1344
559 1496
614 379
2511 1316
2683 2204
875 110
1869 2895
461 1833
337 1575
2829 187
228 235
1441 1982
2976 1239
2996 545
1540 2961
2743 377
2731 204
592 2281
56 2181
483 734
188 2234
1408 222
2028 298
538 128
2894 549
949 1198
1061 647
2826 2266
2633 2089
2522 1642
438 1763
2421 1714
1367 2286
1456 2970
1251 2685
1129 244
962 239
1555 2015
2198 1768
215 2046
42 530
127 1269
2654 181
63 113
2238 2215
2158 2941
2485 1327
1422 2901
207 1805
366 2711
389 2805
2261 1923
999 1473
551 440
455 1052
1947 1194
300 2924
475 1217
2210 1426
490 1733
2781 1831
1046 1296
1226 2428
739 1407
2412 1165
1082 2087
2607 933
2952 2684
1502 1360
644 2981
331 1083
2637 2559
713 2138
2676 2883
679 1660
1444 605
1732 1664
1387 1372
640 472
2541 2391
1580 1313
1531 2180
728 2113
2667 1015
1180 303
942 693
898 2415
569 2422
2523 681
2942 830
2281 230
2905 2462
1146 466
1187 261
1802 761
47 2396
2653 80
748 1878
2578 2804
321 2991
2008 427
1237 627
1664 2890
120 1823
1463 291
118 119
829 2984
392 2609
1197 2755
1808 978
1591 1746
2188 2532
51 1476
1476 1376
2958 1922
427 827
2491 81
287 2926
1168 1799
21 2222
350 528
1627 271
450 4
2141 316
1753 2481
2875 513
1231 2836
20 1817
922 1030
1815 1862
1827 1522
2328 2060
1641 1666
906 1596
2776 1981
659 1659
581 1528
159 2339
1632 1281
1357 1554
1164 2173
220 1846
1365 1104
1630 1989
2576 1146
352 2496
112 1760
16 2566
2034 2110
2915 1192
1993 67
1021 22
2879 1988
1432 1612
2746 2963
2768 942
1007 2713
1069 265
1602 233
2931 351
1019 1802
2339 1955
866 2236
1453 1978
434 1095
2734 1436
2741 2008
717 2106
1952 625
535 1607
966 324
765 1270
586 330
2516 1662
2521 2809
272 2518
1102 415
1545 2976
1037 1841
1868 1858
157 2633
2703 1587
165 864
93 922
2279 2454
72 765
1908 1720
2355 480
961 2407
2902 540
2021 2850
2182 2038
1335 173
1281 2761
1909 0
410 2245
1613 2362
1418 1320
1590 262
528 2006
719 78
2013 2760
555 1975
1773 1943
1871 2163
1525 1789
984 1389
1690 1928
1574 1806
590 2610
1066 1944
1475 1257
759 422
1586 287
657 555
420 1533
2075 2823
2041 2480
19 2538
2593 2409
2587 1501
1679 325
2854 1152
2115 578
1950 1868
1494 2323
1083 2104
2206 2228
516 1665
1254 455
2858 2601
1600 1373
1193 904
491 2560
2290 1490
998 408
650 1694
2150 14
2248 1872
1512 2590
1076 709
1822 1063
239 355
2669 2832
2215 2050
1122 145
701 2177
1325 505
2364 288
1114 1401
342 599
2067 2337
2480 1646
309 1570
1285 2088
397 996
2319 452
2420 654
2567 1639
580 2117
1561 2894
747 1671
776 267
1299 548
176 2528
2524 917
1009 542
319 1103
1744 2304
2878 2347
807 2158
1762 2605
1657 2345
1836 866
1399 1854
1022 1397
2340 751
1054 2500
1246 2026
1060 963
1020 2621
2208 1002
2135 1970
415 953
2738 1380
1514 989
823 2686
97 2313
1119 1776
2178 1276
1611 2807
890 1616
2956 938
2313 98
180 2824
2624 178
2817 2491
1659 828
1646 635
2000 1908
879 1185
2311 2615
895 2591
163 413
598 2290
2422 2453
1334 597
2639 2694
1044 2673
405 610
2610 2115
2464 563
1848 665
1309 606
1485 249
1369 705
649 558
1404 1883
303 1209
2883 2078
1801 2716
318 1674
381 1621
492 719
2338 464
997 886
666 1237
1668 2299
2733 315
523 488
494 1011
2159 1277
1766 1756
542 82
2486 2209
770 1710
2987 1598
2912 2808
2324 205
205 2651
824 2920
859 1713
2546 1781
1742 465
28 2429
11 1133
480 167
88 537
2203 1636
2095 2835
2904 229
1758 896
1776 1852
548 2776
1911 1836
1420 2542
2978 631
2216 289
2286 1577
641 373
1649 1058
1134 2707
1838 2695
60 590
476 2333
1771 723
89 405
1578 849
1247 2328
1661 1377
217 793
1424 1246
2396 2007
587 258
1062 1848
1262 1749
368 2942
2899 990
2848 1586
2228 2763
1150 2995
44 1736
167 819
2472 2264
860 1216
1975 703
1362 2949
1326 1310
354 2732
1905 839
419 1766
740 1248
1713 514
1395 937
2754 2258
1203 791
734 1822
301 2513
1159 1885
2507 302
1793 1893
2941 461
1599 104
1743 525
2259 150
2272 158
2415 2486
2289 2408
1393 349
2535 412
1696 1753
1452 2754
1035 1155
544 1750
1244 1771
223 1898
2306 1326
2995 1803
2542 11
313 2137
1932 2182
2835 1071
2833 1921
2204 2099
784 216
2376 319
616 2175
720 594
808 276
2183 817
2303 1026
177 2403
5 361
940 648
2242 2504
2687 789
349 305
160 2524
651 320
655 274
2936 2982
1496 2929
2689 367
638 2045
201 2802
600 390
2772 1617
2048 2194
1708 1334
2536 2274
2089 2882
593 1881
426 2346
467 1459
2892 820
2638 844
2656 1204
547 1455
1576 2499
18 382
2619 1812
2120 986
2761 2002
424 1902
2152 2638
305 2827
373 757
695 1167
2997 1964
182 993
1834 278
379 607
730 2028
805 296
1992 1832
975 1843
1896 477
2294 2011
2387 2329
869 23
151 1487
2887 304
1768 2269
252 2913
2388 44
489 444
636 27
1161 2737
733 1242
1096 1329
259 25
2888 716
54 168
882 1176
1715 657
1855 89
2893 2375
2026 588
1368 679
550 1019
1219 1729
1634 1403
1043 257
1832 2690
1892 2960
2962 2701
1936 928
1673 1365
110 1929
179 2603
1967 57
122 733
377 1751
1460 1626
1107 1027
2291 2728
2979 2731
2975 713
631 2433
403 932
2652 1325
125 1090
2377 2448
1890 874
1556 1691
868 1171
2452 2195
1311 1695
624 2470
2489 2617
1621 384
194 2278
334 752
1208 669
446 2696
2635 1128
935 2725
2384 1578
725 2216
1479 2586
24 2020
2153 84
1486 1
2595 2479
2928 2833
1729 43
2231 1761
2993 441
408 157
1157 2054
2 285
2031 2997
1094 2399
327 2148
671 1451
1461 768
2097 1895
2845 1292
1796 2968
2475 1500
1016 428
1058 74
1425 2550
2385 2855
216 721
983 1458
1128 247
1790 54
2457 300
927 1558
1109 1894
2066 1886
2122 2676
847 2770
2317 2791
30 1986
57 2093
2544 197
2720 1987
2186 111
255 106
2876 1441
514 557
594 2384
1699 151
736 61
1018 2441
2213 1193
2092 1113
150 1300
1544 1461
206 1993
979 624
2297 724
2359 87
820 2907
2966 1173
2916 784
1570 99
333 2704
2759 1283
2631 1489
2929 972
2602 1464
511 1105
2513 154
2348 809
519 2777
233 348
1380 527
945 1622
2438 970
1471 700
709 1301
2657 327
38 2667
1462 2354
1358 812
2047 790
481 2051
2977 2193
2258 2523
2009 2507
129 2276
1924 767
2690 1942
369 156
507 2801
2807 1322
436 198
2134 847
144 913
2109 194
1363 2858
1405 2718
2466 546
1551 2133
1510 1148
1787 920
1723 2141
663 988
893 1721
2039 779
1566 1494
2752 553
268 1125
1970 2948
1474 895
2005 804
2957 1571
359 1272
1135 1413
1548 1673
2686 1210
880 1619
2002 2921
944 2930
2711 392
2403 91
1919 174
1633 410
1130 2492
681 865
2585 1903
231 2255
1466 1884
294 2293
1104 51
1091 1181
1275 2016
36 2595
982 1107
80 1837
1685 1076
2275 218
82 2019
193 1006
851 1937
745 2037
2641 2382
2481 2075
596 2722
1648 891
2951 2730
2094 2125
553 1953
577 1151
731 856
1480 1124
1488 399
46 163
2077 2724
1201 76
956 2261
66 2389
839 787
1781 1783
2844 35
2568 2726
1513 1851
2553 1900
2969 728
2534 414
1615 2233
1225 284
162 1170
1988 2489
1517 858
1017 1288
1339 470
1925 202
2418 1537
1782 747
609 387
2504 1135
2211 1867
412 577
2882 629
929 1560
459 1555
2885 138
2636 2842
1986 2515
1147 2262
2074 60
2473 1509
1951 343
1318 1965
136 678
504 1946
2867 1159
2367 21
2222 1845
108 140
2830 852
45 432
2124 1792
647 529
488 935
1052 2022
2932 1979
1503 1131
662 1452
343 132
1717 1960
2913 125
2857 2957
326 730
1907 2898
2796 2841
884 2035
894 2456
2804 1106
2551 2757
2862 851
2353 1649
834 2049
1023 2844
2787 1840
768 2350
1872 1519
2800 2562
1716 1701
1041 882
775 85
1622 906
969 2455
615 2828
1148 2969
1217 500
2760 2752
1273 639
146 1873
2360 2494
1080 1644
2558 2736
2577 775
1240 2614
265 2780
2614 863
192 810
496 2967
2675 396
1779 760
1166 307
1179 378
2953 924
1778 386
2907 979
2532 1707
1929 2594
2918 1358
1714 1064
1274 1428
1765 2394
1639 498
1938 2331
702 2576
1616 1546
2822 2656
1407 2005
263 687
1879 406
404 341
2827 1731
1606 567
1342 214
2967 2708
1731 2059
950 2168
1978 1120
656 637
697 1186
1355 2090
1792 1599
1754 1815
1955 899
1939 2977
271 400
2983 127
196 753
1864 2223
1653 1931
1720 2047
1803 1632
2433 2327
909 2852
826 673
119 2365
2960 492
562 2669
953 1412
599 1253
1813 2154
1190 1175
2166 1338
2307 2227
1296 1323
2658 1716
2550 2966
26 1976
2371 2189
2562 1540
988 2447
2468 369
1289 196
920 1059
2241 1866
147 1223
2471 2321
1215 1911
1293 1774
393 2654
1156 116
2533 2973
903 1735
2264 962
1906 1447
1103 2348
441 650
2729 1517
1248 1882
2503 2367
1937 2584
518 1021
794 33
1459 1628
2780 1708
1385 1745
2344 680
2806 2013
1230 2519
1098 486
451 2260
2172 1121
793 875
2226 388
370 2413
938 2385
735 1808
142 2641
1965 1298
2099 2324
2594 738
2044 1391
989 897
1085 2024
1409 1255
892 689
1374 1524
862 534
2110 481
1449 1909
409 1224
2794 2579
743 1302
1760 1688
270 967
1401 1342
1443 813
1271 521
1072 1814
957 1091
447 507
2292 329
2490 383
960 2341
1705 1972
1213 1727
439 651
407 1497
106 923
835 2423
2478 2539
1520 1634
1264 13
1949 1077
2368 1685
2100 192
325 518
2955 604
2920 1235
81 1472
91 2873
1505 2596
2645 313
1917 1102
632 2971
2189 1534
1851 40
727 2937
429 180
1057 2108
993 395
2082 1775
2287 531
1568 2955
1233 2646
556 2064
1221 86
2249 1010
1573 2164
500 2330
2531 149
1620 1725
2597 2139
778 2291
154 1445
721 365
2901 1108
2775 2073
955 48
2130 2143
2363 731
2088 508
1472 598
2660 792
437 2383
2349 83
948 1498
1175 493
2395 2036
2479 1762
2617 129
1552 416
2771 26
737 2607
764 234
2605 1101
1402 1191
1499 430
2606 2658
2736 2316
2866 1034
2393 759
2853 253
703 1201
1698 2152
242 877
1810 1072
1382 2241
572 1949
2280 346
2693 2210
1853 1523
1759 741
2748 1318
2773 1132
848 1158
841 1593
1095 1984
1728 1542
825 668
1093 912
1353 1182
814 2160
478 2484
968 1689
1284 64
926 1215
996 562
2239 2574
1034 2460
1856 909
235 832
611 2063
1320 552
800 8
1943 2393
1446 2070
2510 722
495 2229
195 695
1954 2488
1703 434
2062 2979
275 496
574 2649
240 237
1415 1641
2792 1905
1741 2983
1413 103
2078 1078
86 2520
1798 2280
2293 71
501 2372
828 2597
970 1934
1901 1549
297 2739
2762 664
2749 2287
785 2753
2320 2149
2112 6
1084 1007
421 1312
116 215
1670 141
1735 696
2984 670
665 1844
1581 1559
1642 170
2103 2129
1795 1920
1343 221
384 1609
104 925
2834 818
2810 2414
221 2679
1807 584
247 1508
2764 2940
2162 1425
1301 1535
1928 1225
296 1086
2260 314
276 109
225 1042
1734 101
1786 2318
2840 2670
1049 188
376 142
560 2392
1972 538
1655 203
2643 2773
2554 1470
1750 1282
620 326
423 796
1136 1849
470 2265
2573 2962
1394 18
351 449
1519 763
692 318
1882 312
1593 1527
2310 1717
1291 2040
1862 2795
864 1081
2230 2946
13 1770
1498 2706
790 2910
1438 2956
688 671
2811 2471
2126 1363
2465 446
1151 359
2168 510
1554 29
1280 2449
2852 143
40 436
257 2503
605 1025
2732 781
2025 2217
1840 1062
1174 2475
1980 2699
1261 63
416 2735
510 424
2784 1627
2055 1097
1996 585
522 711
2003 1395
2923 2439
763 783
1250 1610
1957 1724
2642 1474
2670 1004
1229 56
2439 2493
2911 1652
378 467
843 2797
324 2810
1377 1958
95 454
1287 2785
672 2652
2648 800
2482 264
1526 2620
2571 2643
2167 1381
113 2744
74 1206
791 1686
2580 544
1749 2432
918 2831
1470 139
2859 2198
1516 533
1176 551
71 263
208 2896
174 708
322 632
1756 1188
976 939
676 715
2612 374
1971 2057
128 1669
2697 2421
545 889
245 1870
1344 1569
643 260
22 2374
172 2159
2789 2053
1381 1051
400 134
2627 2080
1065 1588
2456 2619
710 7
1912 517
830 72
566 2589
285 2783
1738 1350
2118 2004
1619 634
642 1536
689 2463
2161 1456
2205 1028
1170 438
2347 2353
2169 718
1139 2886
2436 279
786 2874
2747 1595
2986 1254
1396 2838
2869 2922
2382 2200
2520 2903
1228 420
2093 1777
2043 1915
1751 2975
2949 2332
1199 951
315 931
2855 556
130 2297
575 977
428 1939
2682 2533
2515 958
606 380
1211 1658
2128 1378
2133 1653
138 1722
2080 2636
1788 1752
2171 409
2409 879
2518 311
2802 1935
10 2268
2501 450
1153 2017
1004 2116
1635 1963
858 1435
124 1711
288 1718
2063 2
2530 2863
1097 2205
299 1417
1686 2296
2626 1250
472 1543
1481 1800
1567 2418
1541 1353
48 2497
43 825
1491 572
2908 1505
2256 364
1224 1293
1100 2862
1886 1983
1101 903
1747 2259
375 2683
603 2749
2709 774
198 1411
951 248
1767 2577
487 2543
2411 905
749 135
2758 737
1039 463
344 1043
1433 136
578 589
2397 1493
2214 391
1115 2549
889 2691
715 1408
2327 583
637 2165
683 1502
1982 1438
1643 281
1426 2240
347 574
815 2338
1854 2792
398 2308
2285 2767
2766 2294
1099 1948
1390 1308
561 780
2127 2235
1167 1699
183 2146
1375 2247
2922 1385
517 1624
2824 1290
819 2856
1876 1907
2193 213
852 232
394 1997
2253 1592
493 360
1302 2230
1794 2066
2302 2845
987 1050
2010 317
1858 1046
2460 720
2797 1387
2677 240
2173 2551
1124 1406
653 1415
772 1149
2971 1510
1843 2220
842 2134
1321 2905
2569 155
2566 2203
2881 1357
1672 1084
197 1013
2156 1100
2269 854
2365 2693
1397 547
1530 1914
2111 829
1595 2692
712 570
2945 2985
2277 672
1352 615
2540 2477
2974 1874
1132 1743
1252 726
2040 2806
2194 41
2735 1032
1200 628
608 2506
2266 1728
2236 1331
1050 1869
70 1842
209 2846
105 2738
114 1054
2326 228
539 2199
435 2526
2224 2366
79 2416
2673 2147
521 814
1866 268
2300 95
1927 1179
1329 404
1078 1068
2036 807
2061 1785
1196 363
338 2097
1414 853
1833 2443
2423 1730
1288 66
310 459
1521 2734
341 286
732 2103
1336 948
2029 1271
1895 1548
1528 1484
2358 2650
497 1520
2877 2635
1222 17
2148 1314
2924 2771
1000 1515
2342 2065
33 658
2537 727
1331 2837
931 2112
2994 2082
499 345
2425 476
758 2626
238 526
2640 1394
2663 1264
2944 609
756 1697
1030 1705
262 1137
50 859
448 1810
570 1070
986 2498
1366 2325
2745 1835
2739 797
2399 934
1780 1600
1999 1420
2803 1303
261 2176
1968 2558
1985 1513
2805 1115
512 595
1144 357
863 2876
2841 2031
2087 862
2583 358
250 1941
1538 2355
2708 328
185 579
1898 1355
236 292
84 1267
148 2185
1457 778
2301 2320
1360 2487
2461 1130
1509 2986
385 2188
1149 1289
1757 587
2947 1544
1964 46
2484 815
328 1419
2221 1901
925 524
1789 964
1724 385
69 1855
2820 918
2440 50
1722 1857
387 1154
445 2904
1604 908
90 794
1687 1826
584 1574
1185 1265
2700 2250
1637 1809
1845 1268
1694 2687
2980 2813
2812 592
2351 1871
2868 255
2105 1850
1666 306
2630 2826
186 458
1249 732
2086 20
417 512
1206 2900
2053 453
1998 2406
2370 772
617 2847
1434 2893
908 1675
2815 2897
1761 2248
1989 115
356 766
2970 998
565 2978
401 2959
1478 824
2427 914
680 1162
685 2870
456 2803
2618 623
2375 2702
2572 2627
1373 2740
2539 1813
972 1430
2799 2889
2065 152
2019 2511
117 1758
694 2039
2808 1136
853 2191
211 3
524 2639
1674 1230
241 1507
1056 148
981 122
2621 1393
189 2881
1539 826
1445 698
2006 2277
2494 2840
1823 1144
2543 985
2763 429
431 966
399 171
914 1361
1027 2034
1116 437
696 803
2704 2938
2170 347
2114 1094
2940 575
766 573
769 340
857 1590
2004 2899
2750 2465
1209 2359
2143 2018
2101 773
2202 12
2998 1651
2282 1249
2234 543
1775 777
413 2251
266 2058
1647 848
2413 2130
1319 1565
630 1439
360 2582
2926 569
568 1824
1963 1712
304 309
2767 1529
601 2179
1075 1096
729 2190
2022 1261
2937 2309
1650 2717
479 2623
2154 1446
2751 667
1181 1827
530 2042
2042 1453
199 2508
402 2076
1695 2916
2591 1321
722 200
1961 1525
1410 1247
2592 1798
166 2419
2497 663
1553 1656
390 372
990 2587
2629 2568
2679 2461
591 506
433 1460
2842 2249
62 565
806 266
1106 1740
353 1668
2884 640
1870 2417
1384 112
269 2980
462 1382
726 2144
2416 1518
1120 649
1483 1551
2477 1602
2816 1195
2037 2213
991 2573
280 2029
2832 2505
813 2799
1092 2023
760 916
1504 165
503 1232
2366 2048
458 1681
2474 1284
2251 1772
383 1082
78 1145
227 2697
1923 294
1953 1477
1428 1057
2939 950
2557 1747
1660 42
1497 971
1448 1229
94 321
348 1197
2581 1200
2147 2909
2417 1231
2963 2765
52 2972
1819 1003
2132 2285
2651 1111
2934 2482
2505 608
634 2934
314 947
77 1684
1711 683
2728 2928
1888 911
1171 350
2383 1648
1388 2214
1537 1065
2196 2721
2298 2878
2232 1927
1442 1757
2563 840
1036 2239
821 1630
2528 2746
1040 1561
152 1418
1692 491
818 758
2322 2131
382 24
391 1180
204 745
2613 1080
1487 2218
1332 2300
99 2225
2139 2450
610 1804
1598 2257
612 1033
1865 15
992 714
1546 2056
101 662
2428 921
2972 1478
1421 2912
200 1782
2702 1739
2187 2292
2753 2033
2487 845
687 1625
2262 2467
2814 898
484 1466
2073 961
2898 1434
2724 1040
2556 1160
2142 164
1774 269
2785 1295
1669 564
2872 256
388 1238
226 1245
1005 2370
1654 323
2144 162
1730 297
529 666
1557 1645
1959 58
311 166
454 2990
364 2705
1875 1150
2579 1433
1121 100
963 1093
1359 816
1740 366
1207 930
1137 2081
2149 487
1804 2231
911 2657
1799 93
2247 2424
1188 1031
1926 2009
1495 1904
2325 1495
2207 1368
2694 2604
2346 474
2270 1700
1763 1228
2091 2640
1202 121
1003 179
2431 2136
795 957
2333 1449
2155 68
2813 2552
2545 2079
2659 954
2555 1759
203 983
2060 1199
213 1541
2874 169
2145 2270
549 1603
2890 1890
1430 1241
1133 2442
1745 2999
1330 144
210 1274
1603 2880
1579 356
1112 1450
219 1572
744 1623
260 2468
1378 1787
2861 1126
2819 2303
543 189
67 1969
171 2219
1155 1486
1883 2563
1835 622
2246 2581
1113 70
2647 447
799 762
2254 1796
2453 1343
1450 499
2125 1379
2705 1503
1372 1141
1831 2301
912 2534
2823 1706
668 884
2710 2911
1419 1305
2707 1110
1154 445
1748 2121
2284 2343
1451 1897
406 245
6 725
2552 2932
1386 2888
2919 870
1880 2102
1307 1829
358 1075
1447 756
237 2212
1259 2127
2625 224
2123 1388
2688 2085
2836 77
253 952
2329 1099
706 742
2496 936
35 1704
14 2936
312 701
1501 1463
652 2224
849 1557
2608 1398
466 2244
1885 992
1974 398
1946 334
1266 2342
1829 1183
418 786
486 2612
1942 2914
1126 1000
777 801
1028 1961
588 991
1086 2483
1051 2126
2033 2314
1298 2927
589 2174
1045 1022
107 2369
741 808
1867 1012
1423 236
1194 210
1990 1374
2462 2998
1651 241
1338 47
258 1222
1706 600
2335 2111
933 1416
139 417
1564 2719
2715 2202
2357 2879
2369 1696
531 457
1322 2947
781 1196
2407 611
629 2789
1997 2267
2727 2516
904 1287
2038 1924
1958 5
2684 1440
1265 1485
1218 2410
1067 207
2818 571
3 2585
68 2974
1303 1604
1859 707
278 1123
2525 1061
2084 1166
2777 2030
2164 102
27 186
1688 1613
2575 2095
1709 785
1073 1573
2220 2243
1328 843
1847 1582
1704 217
660 1262
17 2642
2240 479
1308 1547
754 1899
2225 1778
1282 295
635 1539
1071 1427
2548 52
513 275
2778 2742
1884 1999
1991 2336
1897 861
626 2155
1571 1801
482 352
158 2811
1733 2356
1585 1085
2990 2994
1824 283
137 1693
2157 616
690 1912
1376 710
1984 941
1712 2954
432 451
2437 2892
1785 2289
1290 1677
85 353
2946 2787
1014 746
49 1959
844 2866
2871 2282
251 2829
1032 1947
1055 1468
145 2958
2935 2925
0 2875
55 482
564 1889
362 2025
2020 2554
2801 1967
2119 2252
2312 1259
449 120
2054 2132
977 2376
878 1532
2056 1404
2064 1263
430 2580
2190 2613
2508 1016
302 712
2129 1821
1739 1618
2219 175
967 131
2933 660
1389 1482
1304 2681
1173 1280
2788 1499
2070 2672
877 638
1809 2397
1186 2747
2662 1014
1628 2377
2589 1584
361 2565
320 1396
2108 2052
886 2145
1002 736
625 838
2699 1973
1340 2349
1257 31
2616 2748
2445 1767
1212 238
2121 2517
2570 1504
1392 1936
1873 968
1391 821
2742 2578
1458 1023
861 1853
1141 1044
1994 1469
752 1109
2181 580
2582 2931
9 1383
1523 806
1088 1692
1429 2425
2470 2183
229 614
1145 53
2098 2094
29 1337
1844 764
2244 146
1235 172
2308 426
2870 1863
2271 1260
952 2162
175 1538
774 868
2756 2817
1234 1129
1684 211
673 293
1842 1719
2665 892
485 1285
1347 2859
2674 2427
1893 1140
1607 1726
2455 96
1592 30
1783 1661
123 2001
1210 1020
1625 2629
1977 1732
941 1788
750 124
1887 630
1662 2478
1631 2703
2321 75
1805 1877
1678 62
1995 1839
831 2400
2163 2953
2526 354
1677 1066
2514 1178
1006 1205
1725 2083
2964 2302
2865 994
2914 1161
2500 907
664 1317
619 1481
1349 2867
1665 490
2809 1462
1379 1045
1337 2502
471 1576
273 2993
1812 2709
1370 1779
2786 1172
2441 403
1777 2335
2449 242
1439 973
958 1741
2717 1134
317 1926
1881 2197
2493 2401
2071 118
2565 1156
1490 582
61 1286
2706 2464
4 1168
2680 123
1920 876
2769 332
2446 2729
573 620
2798 468
2217 2237
380 191
571 1311
2831 646
658 2357
164 2869
675 176
290 1516
2177 1119
1125 1157
1878 955
2604 2611
974 1773
707 2000
648 2405
797 2593
1891 1991
1077 2098
295 2495
767 1047
2354 2431
579 2307
1727 1037
1683 331
161 342
1053 561
1902 919
2402 2996
1131 2851
936 1345
274 2118
779 1744
913 114
396 1169
2400 834
2985 73
1348 2344
932 2521
477 2540
444 2819
833 2600
888 206
2104 55
2954 735
865 250
817 2272
2209 2548
2035 2124
2250 1386
2432 402
2999 2677
1214 1005
2988 626
2018 1856
2609 483
457 2865
2212 894
1118 2820
1059 902
746 1143
156 686
1572 1048
1436 1306
2032 2161
115 659
2137 1957
2350 2109
2672 1765
1719 2790
515 2786
2632 1041
822 642
2179 1390
2948 1256
1830 2140
1770 2782
2549 1511
1817 771
2559 694
1243 2142
1930 2933
1597 1330
1500 2887
674 335
837 1018
1806 2680
2443 2395
422 2074
2889 1362
2314 641
1117 310
978 212
502 2319
37 2834
173 944
1278 2872
25 566
1707 2992
1508 850
1216 591
704 1887
2623 494
1700 1553
2331 1563
2140 1635
910 1339
2598 2466
698 2322
1640 1190
2921 1940
1063 2891
2860 2027
2116 1480
2483 795
8 842
1333 423
2774 1454
346 1055
2233 1678
2016 1009
2318 1457
1341 1910
2386 495
2444 2404
2201 1615
2295 1266
1903 1422
582 2171
1042 1112
995 195
281 2275
2276 1985
2560 503
1549 878
1239 1650
780 2444
597 2451
1440 522
133 1351
2447 2256
2191 108
670 1118
812 2061
2030 2166
363 282
1031 1138
2925 2485
2692 272
1089 516
1400 2798
2506 1369
2719 471
2561 2426
2146 910
1143 1252
2049 34
411 193
1981 888
425 1633
1 1847
874 1220
121 2766
937 974
1013 1816
1047 2440
691 1925
87 1933
340 1891
2864 2434
1680 219
98 1550
1828 2501
2499 860
1987 1333
2615 2561
2435 2665
686 997
1841 2476
1269 1797
1183 2814
464 915
2068 2655
31 550
558 1702
2722 2544
2828 2071
1614 2242
2315 2598
1267 2172
1784 1506
1026 1127
1702 1531
2982 1359
508 677
284 421
965 2541
2374 199
2046 690
757 1174
1184 2092
2160 137
783 1483
1913 2632
2825 593
1079 2816
1507 1566
2380 2167
1300 2525
1710 1142
1746 10
1090 2068
2765 2599
2175 2553
2959 1147
463 1184
246 1606
1070 1819
2698 1153
2968 855
1629 1968
2050 2569
947 739
2434 2712
1921 2902
1492 2283
244 183
677 2014
1863 2284
1861 190
2600 1698
1752 2531
155 338
755 2950
2596 1211
1850 2510
1534 2298
1944 586
140 2944
646 688
2410 2774
1524 2843
2429 2663
1596 2368
1204 1207
2011 381
2017 617
973 2822
1172 2437
872 126
1693 1865
2419 2793
2900 1667
2356 633
873 2254
1624 2119
2837 581
168 1354
2509 231
286 2884
2655 1226
1811 97
1636 1954
1956 2727
604 2457
870 484
2352 873
811 1552
2938 885
1294 1017
460 802
1560 431
2519 462
1192 2114
469 2567
552 2622
900 2812
465 857
2793 448
1158 805
761 2411
2151 1291
2362 1640
2176 2271
132 2818
801 980
1127 223
1038 2570
902 1601
170 2662
267 788
1969 945
2138 1370
291 2170
1283 1432
2599 1098
2199 1405
1800 1315
1345 2588
2235 872
667 2644
184 699
2989 393
1238 2069
762 1367
716 1974
2564 1672
149 619
2502 1643
959 2522
2991 1122
939 1962
2083 2545
332 1189
293 2666
367 389
1011 782
453 1163
2023 2430
2102 159
613 1860
1255 691
1623 811
298 243
840 1567
32 982
1816 682
1371 2021
1663 2530
2838 397
1152 1980
2757 32
100 59
2185 407
1169 478
232 776
1177 2473
804 2630
1272 411
2394 2445
2740 2361
816 2472
1454 1346
1569 1116
1839 2868
2821 1657
83 337
1983 2861
2791 836
838 1089
1935 2848
2001 2381
1232 376
2716 1793
994 2772
169 88
1431 147
1468 2860
792 940
1411 1399
796 1629
883 2547
1542 456
2737 1791
214 949
1536 344
2896 1896
1818 2279
190 1001
2337 1631
2072 2273
2628 893
2180 1952
1575 1879
2644 2794
891 675
135 336
534 539
2512 1364
1755 246
2634 841
1582 2459
1160 2364
623 2128
2341 1670
2943 435
1797 1139
789 1212
1605 1637
1889 2723
1029 636
1626 225
723 2072
1860 2556
2027 184
1162 755
1922 1838
224 2616
1314 1410
73 460
557 2555
2744 45
1263 2758
1323 645
2909 2918
2779 2295
2401 2608
525 1056
1527 1278
58 2315
1522 1087
2081 2750
1915 36
742 1794
1594 2363
2897 117
1934 946
2024 799
1317 333
827 1024
1327 1764
1350 2965
414 1951
787 2853
2646 2352
1772 1214
2529 2830
336 603
1276 2122
2278 1309
1310 2700
1918 1917
1645 375
2839 1448
856 965
1904 1035
711 867
1268 1218
2345 2192
307 1443
943 79
928 2678
1163 1605
771 2648
850 2634
1406 259
1718 1654
563 185
901 469
1138 1875
2195 2917
2965 2575
498 981
1588 1384
845 1243
2795 1754
1191 1074
59 2032
1260 1092
1966 1402
2459 1521
2450 1429
537 2387
2391 2386
452 697
705 1392
1435 754
1241 1998
1108 2157
1701 418
2245 2238
443 1742
1297 2647
1973 1492
2268 2388
2467 1786
2323 2452
279 2196
12 497
2701 1203
1584 2583
256 959
1652 869
2361 2919
1814 504
2283 2380
2085 2733
2498 2311
1253 2186
23 1820
809 1859
2847 2877
846 1299
2488 2743
2730 798
2378 273
2090 509
1313 749
2405 541
248 49
1535 2246
1900 653
2381 280
1361 2710
2408 880
1025 1611
520 2360
2184 1995
1024 2390
2547 560
1681 2645
254 2788
1543 1568
2227 94
1142 612
2927 1966
230 1589
2372 1709
1682 442
628 2821
2336 596
243 2945
1467 251
64 1349
323 674
1223 1880
1189 515
2265 2602
218 1594
1877 984
365 900
1270 613
1227 2514
2243 2825
2891 1039
724 1335
1008 1233
2263 1029
2917 2839
2106 2135
753 2864
1403 2951
2197 2420
1675 1488
2527 1251
2668 1655
980 2446
372 1825
693 39
249 209
602 1580
1533 1526
1354 2751
283 2964
2237 65
1245 1177
2332 1530
96 1556
2863 837
541 368
1455 1932
1482 1114
2611 2207
2059 1467
102 559
1469 976
1515 823
442 2987
546 568
2992 1258
1769 1275
2079 2012
2851 2402
2174 1512
2846 2675
699 926
2296 439
1791 1117
1195 2618
985 501
2973 2187
2051 322
907 2208
1945 511
1721 1748
2442 28
1910 339
2304 2537
885 277
2448 290
1315 2067
1820 1545
2664 643
505 1647
855 1807
76 618
1306 846
202 1465
1416 2671
917 2939
264 1579
618 1414
2671 822
2007 1956
1087 2150
678 1906
964 1564
700 2915
468 153
684 160
2379 975
2584 2668
1559 2952
1849 661
1012 748
1894 1597
2725 1244
1726 1638
2538 1830
2136 2226
1948 107
718 2412
2723 2756
836 2351
2451 1213
1242 130
1295 2815
654 943
386 2688
143 1680
946 1892
2650 2631
187 1723
1256 226
2590 2781
1364 960
526 655
335 1916
2373 1347
2649 1421
2755 105
1589 2923
527 1818
532 554
714 1400
2424 2120
583 2857
1532 883
1398 2101
1826 2084
1279 740
1277 1307
802 1008
1140 1221
2131 2153
53 2624
109 833
896 1164
1292 1304
1691 684
1676 1992
2229 433
1437 770
92 1375
2712 1682
2981 1703
339 890
1962 1585
1351 2184
2414 1236
1511 1366
1412 1324
897 1079
1123 2885
289 2720
919 2784
34 1219
1493 1208
2850 1919
1081 2664
2343 1994
1182 2871
1417 2628
2165 252
2113 1067
930 1676
954 1341
540 831
65 2606
2316 999
2678 1996
2257 1409
899 2436
876 881
2783 37
971 685
191 2041
111 602
1220 1562
2426 254
1837 2778
2586 2698
887 1038
1736 702
1033 2661
2622 1073
41 362
2267 1828
607 1437
622 1583
2910 2529
134 2764
222 2288
708 2077
536 2206
1916 1371
234 69
2880 1734
1258 2003
2476 2398
2015 1479
141 1738
1064 2527
1940 1442
2666 1348
2601 2263
1979 1475
1976 201
2200 1918
1547 1234
282 2010
2950 2660
2849 182
1236 2564
306 133
576 871
2469 1049
2389 601
782 161
2886 2557
1656 2156
2726 9
1324 2334
2107 2169
924 2490
2495 2105
1658 927
2430 1663
345 1876
2718 644
1165 995
1667 220
75 729
669 2221
371 1332
2309 2509
2117 1950
2961 1861
2603 2373
1737 370
2069 2151
1899 987
2454 676
645 1608
1074 1356
1558 2535
2045 576
2012 1202
2574 2358
1356 1790
585 1352
567 2232
1610 1328
39 2592
2843 2769
1671 1491
1933 1514
178 969
1644 1913
633 2745
2252 1591
2458 2474
2052 2546
639 1336
2057 523
533 270
1518 743
832 1938
595 489
1473 2201
1316 425
474 1715
881 2096
308 2989
1931 2714
2096 2062
2856 1088
2721 901
2691 1683
2681 750
131 1053
1205 2044
153 1769
1914 2715
2299 2759
2463 401
103 887
798 1471
2695 1971
2903 1423
15 929
1697 2854
1506 299
921 2091
1346 2775
2685 308
2620 1227
292 1424
1577 1864
803 502
1608 769
2192 227
329 2779
1583 1340
1198 692
905 1279
1383 1319
2305 1945
1852 2055
1068 2906
374 2512
2906 90
181 1784
2661 1240
1874 2379
773 1069
2218 19
1484 744
1010 621
2588 656
2696 1990
1617 519
2404 2378
2406 2943
1638 1431
509 2178
1048 2762
2058 1273
2895 2253
1587 208
1465 2689
1015 38
1689 2682
1857 1690
506 2211
1562 717
2330 2796
2076 2340
2770 2637
2930 2438
2492 704
1601 371
1563 2123
682 1834
2782 536
1286 1977
2390 2988
316 1297
788 2536
1464 2571
355 1294
2714 2326
473 443
