3500 2500
1469 280
2161 434
1761 741
2482 2439
1872 497
1254 2128
1029 440
2871 285
3444 458
3440 1319
2268 442
891 1785
845 1944
3313 2689
1477 1218
1427 1118
3382 995
276 2137
521 1523
294 3143
1876 2733
296 1550
2437 1156
2881 2939
3225 963
1040 2132
312 1796
1969 2687
2521 2261
2789 1236
3187 2517
168 154
2386 1044
2729 453
607 318
3486 1625
2590 695
2074 1453
3051 1590
2226 2436
1630 1388
1898 2215
1210 226
3408 771
450 1739
240 2293
1666 259
236 2184
684 3062
725 1471
462 242
1212 2166
1757 1754
1294 1788
1180 1451
220 568
3470 1328
730 3202
443 1284
2551 3033
3469 715
2257 2022
985 2569
1281 272
31 1658
537 1459
799 2826
921 1503
2491 1799
232 32
3017 782
2135 2667
3428 1098
2199 1752
1485 3403
833 1993
78 1197
1151 232
1284 1363
2731 693
201 3035
2077 2976
2407 3190
2747 3074
1821 2202
2104 3311
1303 1895
451 2471
2758 1479
1675 1029
3122 531
1949 2948
3491 1657
42 1987
951 2276
780 2856
2665 230
1558 2636
850 835
756 2425
33 862
935 446
2436 301
1866 833
2773 1487
3014 150
751 3479
477 982
2929 3047
2864 1826
1310 1862
1480 489
1109 1240
2052 1084
3248 747
1152 401
2965 3017
1841 2649
2187 2926
2508 2177
2027 1448
1473 1514
2718 3285
702 3236
455 1894
3087 3044
2346 1101
952 899
2897 3203
1000 1728
706 2096
962 3145
960 3014
1376 1085
552 1396
1786 3272
2861 1365
1232 1173
2376 471
2019 347
264 1682
1240 2408
3285 2271
1515 733
956 1309
2314 2770
1708 104
1266 1897
1039 2639
2261 649
1187 1190
2824 1509
827 296
2180 841
1017 1123
446 540
1474 2968
1754 3495
2603 3303
2088 182
1250 3244
1659 660
3418 1667
469 1082
1412 3135
1639 2091
86 176
698 2615
1506 2127
3013 1213
2600 2373
1139 1461
3218 2032
2297 268
1083 2723
3167 1043
2428 354
194 345
674 943
1273 2108
893 3183
639 3339
2000 2658
3369 1244
610 1420
1847 775
1887 604
1140 2219
1589 467
1976 923
2874 1499
3232 1373
2047 1109
955 1241
563 1933
632 1268
133 3198
1601 3105
3252 2709
2143 2663
1365 1265
2009 3469
899 3138
2840 2866
1937 108
2751 564
2499 88
3206 2591
3168 2377
1998 392
3181 1478
3053 2254
50 1856
2281 2542
1390 1648
1305 1051
2699 2456
1864 2877
1402 183
2785 2920
2004 2800
2755 2076
1319 3076
1861 297
2997 2158
338 1252
313 1536
917 381
2960 1986
2884 3157
880 43
576 2566
2478 1965
1442 1561
2174 2461
2780 3172
1492 3010
3497 2109
1395 2392
2982 2739
3217 3124
1169 2996
1128 2609
2745 2258
1114 332
634 2892
1222 369
2705 2135
272 1228
3301 2357
129 1982
3064 2568
1048 863
1521 1928
1122 2627
912 184
3041 2518
1820 1195
3086 1124
21 2863
1699 3349
815 545
1724 3443
2215 3233
2888 1502
1111 895
2673 1582
212 1089
653 620
2245 1126
2998 703
118 2118
2821 596
150 1414
3075 746
92 1206
892 3098
2812 488
179 2310
1579 1801
2465 2574
2214 1131
1819 1886
1987 1771
2629 116
422 28
3435 1339
401 526
2444 1848
2270 377
3134 2280
1520 1633
3136 1766
314 1593
1526 3048
1391 3413
1396 135
209 1103
1246 2320
3160 362
166 1847
1074 2631
10 3038
1439 539
409 2601
2668 1491
2672 1151
43 3164
2048 3005
3142 3239
1237 273
36 2903
53 1282
3040 986
1096 2724
3299 582
44 1186
76 2688
300 2714
3036 3064
2498 1301
3221 749
1455 3485
603 3021
420 3179
1982 1409
1468 349
2877 2133
1287 2812
2943 1385
2395 2675
2742 931
1193 2162
135 748
2424 2650
1437 821
3357 1137
591 1876
3429 2778
2392 3093
3039 2067
1679 1018
1760 2338
662 1659
3263 1534
199 2446
3454 312
381 3247
3310 2256
1651 2596
3237 2337
2198 3131
1854 3421
757 1250
991 1892
3198 2266
2229 3346
1182 788
2084 335
1264 337
2357 598
861 1184
1038 3186
1385 2538
940 543
1790 521
47 949
2090 2766
1725 483
1917 1542
727 3189
15 2325
707 783
278 2730
2987 942
863 516
1483 2265
2842 1347
2162 1829
2490 351
3047 2731
1765 618
1650 552
156 1073
2350 2526
2724 2839
3458 1272
518 2605
2931 959
280 1807
1117 425
1229 1646
2018 2035
2426 3278
2475 1541
2447 3211
2295 1869
2443 2572
1717 1585
1022 3325
1640 743
2293 1998
2069 164
2264 3460
1944 3154
1490 2579
1004 260
244 1907
517 861
1116 2242
549 1191
824 3052
2032 3030
622 514
859 292
161 3006
2410 3002
905 504
2811 712
2352 2893
733 2115
748 447
1307 1207
645 2496
494 907
1108 883
2449 142
804 3368
2087 1078
355 849
2636 1205
1871 1450
984 1399
1277 3169
1540 3111
2752 2947
3467 3255
1716 2354
814 77
2612 2764
2536 1991
933 2003
3089 570
637 432
3093 1193
288 912
1509 562
2947 320
1077 1325
3254 336
1658 523
3025 190
341 1351
293 1381
2930 3360
3095 2154
1797 344
2625 2515
1465 1266
1136 1095
95 366
292 1566
3345 3152
29 390
137 3289
210 2401
1347 3274
1326 705
2794 3260
1422 551
1321 1297
2769 2849
2244 1427
1342 2194
2902 890
1674 429
309 1115
1028 3269
1429 2103
840 2611
694 1867
2843 3181
3251 3462
680 731
1459 857
155 2870
151 779
571 2695
1902 739
629 800
361 3298
1730 1833
611 2390
3277 2010
1047 2944
3223 1567
1799 3408
2206 502
383 2411
1661 1049
65 1706
1587 1253
3400 1041
3499 470
393 886
1971 2784
2666 2978
1288 2193
1399 650
1043 2379
6 2673
3339 1367
566 2820
2713 3140
1762 506
1592 2742
2054 2244
2313 239
2463 3100
2741 3215
3164 2830
3321 1094
2312 613
1768 2346
213 1914
330 734
592 127
937 56
3107 2556
3370 820
865 2413
267 664
2993 2009
1980 1170
980 2030
2753 2414
1756 2420
584 3180
1731 1421
2382 2476
1534 9
223 1645
1631 595
391 2264
1 264
1766 3166
342 288
2442 1975
117 1428
1999 1147
17 1047
1950 3430
2633 2051
2619 2252
3030 980
1671 1956
790 1580
3083 323
2296 2990
1941 3454
233 2190
697 3185
3472 473
926 1535
1867 2991
441 1005
114 2822
2235 1370
411 2176
1698 2122
1230 1387
2857 1312
268 778
1858 1146
432 2378
2026 106
2168 2479
887 1908
3000 1764
3102 3225
2078 2587
1219 3492
2246 1065
126 3159
663 2508
181 3029
1467 1194
1061 1746
1198 277
389 1024
1663 571
3326 3432
2115 1857
3117 300
3280 1936
457 405
2316 2801
647 3176
570 1990
989 3221
467 1226
3399 3009
274 2151
3175 1386
621 2511
2462 710
2782 207
2222 2499
3022 2602
1897 1239
3121 2847
2123 1731
2818 2087
3275 1172
802 2773
116 2402
1263 878
1058 1670
37 1165
2030 727
2151 3249
2836 1732
1688 3011
67 3273
1713 3456
3284 2998
2831 889
1371 2319
903 3292
34 2279
1203 1274
511 704
2648 2781
1175 1234
2725 574
2767 235
1063 2205
2615 1334
3364 2493
1626 1233
2185 2891
745 1812
2763 2136
862 250
2401 1720
895 1034
1209 2395
3282 1627
1227 174
3496 3032
624 2738
3363 38
1072 578
2416 238
976 2359
1710 2894
734 1624
3215 1958
1723 494
682 1050
331 2314
1327 3201
565 48
2583 763
2467 3498
2764 1584
2944 3168
250 3000
882 276
3360 3290
444 3407
2617 1171
438 2086
2427 13
2207 3415
3338 2966
2034 2760
3413 2435
2683 2423
2678 854
3023 1188
226 364
2574 2613
1133 30
1582 2036
2756 677
2591 2015
1544 651
1641 1408
360 3258
1324 2011
419 3237
2799 3121
1682 2813
193 1610
2702 2656
3230 3299
701 2376
3302 971
3129 1524
3214 2988
2828 3377
1416 2082
2632 3331
2096 1204
3185 1320
2036 2
2071 643
1241 1978
837 2534
1991 567
3203 1836
1711 3084
1727 1935
1947 898
489 868
2240 1743
685 859
487 698
2928 2832
2688 2332
219 314
1647 2153
3279 822
990 1377
1800 31
2285 1376
2512 507
1921 1092
239 3385
3255 234
1964 219
839 3422
1638 1548
1078 725
2919 1919
2081 423
1001 1755
1349 1114
3115 201
2847 451
2854 804
1604 86
1125 967
2513 252
3033 2221
1417 2662
2183 1243
692 3053
152 2819
3461 991
1271 1196
1352 2053
1607 125
3349 1613
510 3363
617 73
2471 3404
2754 2941
1849 1474
1758 2984
1577 977
3403 311
1270 2464
1752 1135
344 463
2461 89
259 659
3387 1522
2067 901
1386 3448
1995 3216
2739 824
14 306
491 702
185 263
2477 3101
436 637
2315 2789
2273 3330
598 3342
2526 298
2913 2195
3494 2902
1056 2049
3424 1864
368 2900
2196 1014
3096 3170
228 2550
3351 2105
2525 2020
2503 1814
1894 1927
2716 155
2367 209
1420 1046
370 2483
2581 645
2353 1398
3365 2935
2634 255
1138 396
719 1059
950 1287
3362 51
2283 60
888 874
1850 1971
2472 2445
1014 1400
2915 3457
474 1139
2589 1551
3188 674
3035 3254
1290 1704
1979 1416
658 2645
2309 1708
1033 1271
476 2626
3199 606
1218 2668
3374 95
1149 52
1606 321
1357 2099
461 1977
3278 2541
2800 269
1504 2860
1030 3227
1591 3222
2251 1653
2765 1445
19 1738
2863 2936
3325 2899
2746 3478
643 3025
1177 33
2303 1035
75 1800
55 740
1648 1696
1279 1945
2389 1689
3079 1128
2171 647
447 2309
1594 1277
1389 3491
2422 2755
490 1093
2820 2897
897 309
969 3046
2 376
1236 2504
2609 464
2644 1273
3361 1717
306 2419
1802 2095
412 1102
3011 927
2976 793
2372 678
3442 2621
908 2808
2337 2921
564 1064
975 2057
3371 410
2098 78
2073 2492
1600 1511
2342 2322
3094 533
3216 2451
3256 3441
3092 3463
579 1930
1445 1556
2659 472
349 2882
2679 1390
429 2138
2093 807
667 848
162 639
2740 3204
2717 3445
2980 2793
1896 612
2661 439
705 3151
923 979
2474 2640
992 387
2817 1718
2440 357
1678 1687
2833 2885
2112 2629
2381 1614
1595 2229
221 1794
1067 2345
2396 2484
1798 2306
1253 709
1892 1360
547 1212
2131 1431
1619 2141
1889 2041
2700 1366
1965 1817
2193 2210
942 2763
1795 737
2025 2404
2732 1675
3091 2604
870 282
8 160
829 694
1359 728
1574 1839
2784 1851
3352 847
3133 1992
718 952
2365 2896
373 548
957 3464
2136 1722
1145 3308
2604 1248
983 342
3431 171
1583 2545
1575 223
204 1159
405 220
3193 655
1013 3371
754 1552
691 2083
340 3207
3471 363
1107 2312
3346 1671
70 1001
3071 1045
2347 2307
1962 629
434 1203
1907 205
1737 1257
127 339
105 560
1514 2217
2977 1793
2654 1768
1478 1326
1255 210
2712 2654
2696 2700
2635 1340
3448 3356
32 310
612 1091
2278 1957
1738 524
1938 1023
3293 1361
2506 34
3234 2443
1840 1154
2548 107
238 484
1235 589
472 985
620 1470
470 2045
2481 3042
1522 2174
1082 275
2236 3040
488 984
254 717
498 2268
1073 1632
2708 3335
1564 692
2682 2225
3404 722
235 20
782 3317
703 3224
1994 1375
2520 2473
1176 2424
809 1879
3176 1189
3451 2711
2697 1097
2253 1480
1609 2173
149 411
1707 852
52 3192
1908 968
2602 2409
1997 2716
2671 2907
200 17
1302 888
350 1577
2649 2367
2321 839
2638 3128
2326 258
2129 2063
1369 1842
3495 517
435 3205
59 2344
1735 2635
689 211
2663 10
959 361
1745 2349
1625 2857
2889 3191
2239 1969
3226 163
448 3263
2097 2727
3493 2241
3264 2429
1137 758
1488 1519
458 1443
795 2231
1050 602
542 603
1776 873
3143 2007
1610 193
3450 1276
1869 719
2099 2125
378 3391
958 1389
2676 1324
700 2170
2421 2681
932 1482
2225 1883
2616 1026
20 1937
1192 853
1693 2410
1767 3081
2887 1861
3381 1497
1400 983
2094 69
2459 3283
1183 2227
2429 3366
2573 2513
12 2851
3212 2600
1148 1521
486 2055
2664 3049
2355 954
388 1649
1667 1963
124 2181
2923 2858
2786 1568
2715 1809
3192 3351
3116 509
2466 3012
1900 836
2265 1563
2971 403
2182 63
2778 2610
1654 2895
3034 2841
1049 469
102 720
3320 2628
3350 1179
61 2370
3329 904
480 3268
2202 2918
1102 1695
3353 1880
3241 3319
387 96
2393 766
1621 773
2496 2669
3067 2925
1561 2565
2905 1702
2561 3217
2795 3433
675 2294
3224 1605
415 1397
2046 1054
1951 2612
2075 527
854 304
812 1532
1071 2603
3146 3115
2080 891
205 3041
640 3050
1649 303
2956 998
635 1338
395 1510
495 490
2056 2275
1360 2058
1438 1143
1728 1756
2701 750
606 1530
286 1087
3410 2019
841 394
3194 842
2969 2836
230 3114
3015 388
482 1407
1089 3235
1440 1775
743 3132
793 801
1573 2442
1549 947
1099 1168
502 2618
2926 723
874 2713
1704 3431
1257 537
2841 1392
2216 1039
247 2438
977 1770
3147 2104
413 2547
307 2862
1940 2432
1722 360
2737 1080
2134 2717
1432 99
3292 1960
523 2375
1247 2403
1129 745
3038 2589
1709 2047
3028 902
2556 1138
978 1806
442 1688
41 893
3331 1774
1660 1813
1633 1401
2856 1068
2979 825
454 1152
2005 1489
1055 3196
1401 1242
604 409
1337 1855
2541 1896
3327 3028
1828 3341
1695 623
2043 141
2155 3296
1007 1327
1954 3314
310 62
1528 1455
1297 2050
1060 1626
609 2940
142 636
1450 520
2252 1677
825 2774
3395 718
2351 992
2402 535
3099 935
2867 2167
2446 3357
497 3401
2040 325
1873 2406
333 1477
2722 575
1618 3075
536 2157
755 544
3177 2779
2107 1996
836 2535
1501 2186
1655 1315
746 1866
1289 2883
54 3178
251 1970
2192 2876
2006 1504
2169 1529
2757 1144
2532 1875
2108 1587
2588 3153
2178 206
2414 2701
2986 3267
528 438
3388 2295
3386 1490
347 2283
3052 3184
1780 2555
1162 2816
3260 1740
979 2913
49 3439
3246 1104
1831 3449
3031 1492
1406 3265
1499 1055
77 2093
433 1592
1955 180
1448 2785
3049 513
3222 3234
348 1533
1916 3337
2967 3056
40 233
1913 2437
800 1458
618 237
1278 1379
875 1452
2120 2999
1283 2171
679 2873
3026 876
3437 1735
545 1393
626 1462
3106 672
1021 118
2991 2230
356 3104
1769 1281
183 2967
1934 1518
2964 443
1497 1989
1355 50
508 1874
1970 2833
986 1038
3342 152
148 3304
1206 2937
376 1811
1791 2698
1205 1423
2454 1488
1536 1225
68 2223
2707 3334
1743 3165
364 626
619 1432
597 1838
3305 1893
688 638
80 1729
1003 3246
3182 3369
830 2758
2061 906
1462 2924
3196 3058
659 1578
2901 44
2912 1011
2832 997
2311 803
2810 691
1977 2955
1551 1622
3449 844
1884 855
1380 829
541 2704
2332 3231
3348 1690
1548 616
555 1904
924 391
2515 487
2157 1832
1886 3228
1075 2397
58 2957
3202 136
927 495
3046 130
2922 340
1628 2908
2362 2160
2645 887
3213 319
2623 501
2687 930
2667 2002
1461 1134
676 1149
501 450
1194 846
1320 371
1560 2214
938 2038
3309 2637
3447 2752
2375 2867
217 756
1484 3212
2846 2928
785 3412
2952 1512
3068 1803
1142 1513
1744 814
13 742
2562 2056
1350 1877
73 408
1939 3256
1245 1434
1721 2809
372 1368
1874 3085
1624 2979
131 2788
2423 1865
287 2721
1215 3402
1857 3410
2549 2077
2085 2206
3460 515
585 2350
3161 940
524 2023
843 2117
111 928
1720 2085
613 2297
3101 3482
1823 1655
1358 630
2531 2575
3020 619
772 2655
1603 1341
1553 431
2558 3470
3389 1002
3162 1837
3125 1335
1498 2598
838 1871
948 1262
1615 2762
695 1650
2349 1056
655 2829
3155 1258
3179 2670
2473 445
2294 493
2417 3348
1155 2037
1189 3243
1512 1346
1384 892
965 1033
3149 1081
1733 1841
1569 2680
2304 341
1156 3277
1531 3054
999 688
1753 1637
2425 131
2488 2189
1983 2201
515 35
3132 2648
856 27
2468 2426
2830 3099
2109 1629
2432 2079
2891 2472
1452 642
2927 3382
2610 2818
3455 1007
2159 1353
3289 2062
1652 3013
2072 1544
1410 1846
319 1827
2514 2290
322 330
3485 976
2825 2488
3141 706
3294 2102
2685 587
3145 2694
2045 2553
154 82
2646 2385
359 1979
1304 3106
1472 71
1533 1821
1035 2463
1495 3057
3236 1617
23 1079
3328 140
304 1790
173 2559
2438 3177
1602 2593
1712 522
569 2543
2188 1698
1258 3107
3084 2341
2102 1656
2390 3156
2284 530
716 1435
2186 2240
1644 768
1806 3352
1239 1547
1150 1086
1065 856
271 2421
2234 2351
2806 1595
1300 359
2522 1526
241 2059
317 372
871 1923
3484 2874
2456 784
898 2212
122 1612
353 329
573 1674
1811 249
811 1310
227 1
2723 477
1213 3136
2936 3375
1961 3417
109 1916
925 1331
1608 2447
1153 594
343 2145
1918 128
1779 3139
2354 1329
1612 1537
2370 3088
1379 1318
2223 3259
1042 1641
2345 2453
574 505
1173 39
1141 1748
182 1583
3259 1845
3027 2208
125 385
1080 1941
1792 1966
2361 1129
174 3020
144 1187
1220 2336
85 216
332 2790
3480 1259
1103 2182
858 1669
711 3494
544 1955
2249 29
2200 2767
380 2139
1435 2459
1807 172
1244 169
270 3261
431 343
1112 1215
869 2933
3006 3336
74 3300
262 3409
1016 378
2762 2152
2575 2685
2500 2321
2622 2828
3319 2391
208 1952
3392 2110
2062 19
1662 3461
440 2146
46 2956
2999 186
1171 1736
806 663
1632 2743
1793 327
729 2119
18 2622
2527 3171
2336 799
475 2691
2209 1162
2358 680
642 1741
3397 3043
907 2150
2593 2805
96 3230
2692 3060
2893 1607
3380 122
3235 915
2822 2238
2242 177
2343 2026
2280 436
57 1816
2505 685
110 3333
1260 2726
3043 2554
821 3343
1824 981
2524 25
3314 1929
1428 480
2051 2783
1914 785
1388 2641
2954 519
878 1163
1217 1019
822 1493
669 3252
1623 939
753 2803
3341 2887
3018 754
354 1040
1510 3003
1053 3473
2450 161
62 1127
1653 1860
2554 2111
3366 228
1571 3193
1697 759
1018 2393
3427 2932
3120 2061
2766 1954
1362 284
1364 2043
728 2912
913 600
1191 18
724 601
2397 838
2592 1762
2195 781
5 1295
2385 972
1637 132
2677 2369
172 2253
471 903
1782 3301
3483 212
1904 2657
1494 156
2364 1713
3048 3293
1732 3328
261 867
741 1789
66 3113
3173 1269
1912 2802
2012 2799
1471 3219
367 2034
3288 3442
2684 3137
1746 1640
3476 2725
3200 1436
1989 2530
1812 646
2637 1352
2263 3018
2567 668
1815 2031
1157 563
522 2440
1895 767
2128 1422
3138 2001
1259 1280
1251 188
954 1437
3229 1254
1617 3241
1525 896
2501 2854
2269 1210
2494 1686
660 866
507 217
3479 1111
1750 221
1803 2505
2866 3316
1335 599
2286 1332
1742 2203
2299 400
2691 3280
1172 3376
520 404
1301 456
1020 1069
1527 2923
2608 969
2020 14
1845 950
1346 333
2194 2616
1996 1795
851 2929
339 1664
1809 1647
648 2444
794 1140
1901 3425
1546 2352
2150 227
3097 1810
2145 1628
1676 2796
2267 2852
414 2273
3304 72
159 565
246 199
2221 2324
170 1850
911 3471
3123 2054
3243 459
1566 375
2380 419
581 813
3113 675
363 3327
1931 2905
649 2243
1378 3077
1311 1074
1706 2814
1910 2248
1019 808
1905 3437
2798 1721
2441 3068
2368 2361
787 1881
3210 1177
2317 1906
1023 1022
128 2507
2957 214
101 827
113 2782
2391 3380
2988 769
1382 2380
3080 1378
425 2418
2399 2864
3421 1701
2596 2772
3112 1155
3281 49
121 1508
3432 2450
195 158
1673 5
2945 1712
2876 2088
176 3486
623 1380
1614 1322
2184 2029
3300 2187
1924 2775
1124 805
1242 1697
3 1106
2774 2987
1272 3262
2703 3208
1339 1983
3139 2540
1005 3206
2118 579
1167 3323
1942 1604
386 682
1166 61
931 1917
1377 406
3172 85
1126 1009
3488 2537
427 790
1066 932
2848 683
2695 1096
1634 1263
2212 936
94 583
398 1559
1202 918
3065 1249
1778 1620
119 139
2804 2156
2925 313
562 286
2218 2798
1127 1815
1068 168
1464 2686
2911 1616
1328 2684
7 350
717 1364
2484 2360
512 1100
269 2638
1689 996
1665 123
1165 283
3311 3238
301 1061
2378 2741
2510 3384
2641 3096
974 1419
1405 2969
3108 475
1518 1475
1201 2267
2533 1623
853 462
2339 1609
1195 74
1990 1110
56 716
844 1052
1045 3324
1554 1251
2331 955
1354 109
2101 1176
297 2016
2815 2642
3477 3001
900 1878
2258 648
394 317
2974 1891
2670 3026
987 1995
997 3284
2860 1776
783 2416
2243 869
249 817
2626 382
320 812
1915 2098
1340 973
1079 2811
526 585
1532 1611
2156 2025
1556 2363
2266 368
561 2588
3489 679
551 3362
329 573
2597 2964
627 1472
2768 2608
1825 882
243 2323
1988 1395
1870 662
3474 1418
1957 3379
1714 2301
473 1027
3291 2585
1835 1968
2958 1575
1318 1107
3487 2749
532 961
2529 2806
1243 2564
2419 532
995 2576
84 1469
51 498
852 1468
1816 2347
1882 2097
106 1112
1123 1569
712 1608
546 1217
3072 652
2255 953
1974 3436
1925 2719
468 879
1563 1840
857 266
3473 1132
2516 2277
578 1501
690 1678
666 1015
2160 2175
2770 2123
973 373
2580 2666
1687 1119
2114 1016
2849 1744
1336 1201
2738 2074
586 951
2405 218
256 2958
2371 2224
2675 3127
1590 2951
82 2879
3019 3264
846 1672
1572 3475
1511 905
242 2495
556 448
1214 1791
1952 2311
346 65
770 3023
9 2485
651 894
803 628
1787 2959
2542 970
1093 2005
1330 2188
1091 1460
1726 1972
972 1985
3441 2970
2127 2904
3475 3332
791 3067
2063 1734
189 1703
396 316
1368 2560
263 735
2883 815
2796 2498
1836 1010
3398 2522
2486 2817
828 3427
1701 115
2898 2183
1168 795
2547 1013
464 1447
3148 3200
678 960
2690 3134
797 581
3490 482
258 541
910 1644
2518 181
1370 367
2191 2844
636 3393
638 1822
514 2021
1100 1804
2845 2745
2451 2583
2519 1209
2152 1714
2904 1913
1775 3194
1161 2199
2359 701
3220 542
3296 3279
1500 474
2970 3458
141 1676
873 3297
693 3390
2844 721
302 2747
672 832
2872 68
3231 2617
83 270
1367 1302
163 290
3124 640
3118 2226
1262 2945
147 1413
3434 457
345 2296
3463 3108
2092 117
2652 1278
504 796
1694 2335
961 1751
1927 3150
971 1180
588 1382
1451 1323
535 379
202 91
2307 2465
775 1279
813 2577
449 2300
27 3440
1479 3338
3189 2546
2179 3130
714 2065
781 3195
1855 460
2302 2594
2420 913
2611 3071
708 102
2788 3031
192 2834
311 2237
1669 975
298 2794
595 676
2001 1473
1329 198
1313 2855
3295 2514
2363 111
650 1161
3343 922
896 572
316 2880
2621 1757
2599 3320
1620 699
877 2292
936 2072
1216 2286
798 3315
1132 2070
2055 2592
3152 204
1493 2561
1958 2216
248 124
2577 67
2651 690
3008 2257
1839 2544
1292 627
3085 241
1794 159
2576 461
2744 944
1513 45
2130 1820
1557 881
2388 2422
1353 1417
421 736
3409 1394
143 3149
2934 1683
3070 926
1009 1950
2095 1997
3012 1887
337 3318
3312 2769
2653 114
1037 3354
1814 1912
1008 40
1196 3095
1838 2529
1588 1737
3307 3004
3390 2850
1317 1600
994 454
2400 1042
132 1359
392 2365
2170 466
2497 1285
1475 671
3186 1692
906 3240
1463 1464
2141 2993
2698 697
273 2112
171 3497
2305 2607
2566 3281
1184 1902
600 1792
2480 2284
2545 909
817 1291
1031 2963
630 1290
3154 3387
1481 26
2224 2557
3379 3398
2445 657
2373 3226
2793 2381
3060 1828
2328 2914
2383 1780
1221 265
819 553
1343 1125
1919 93
539 2116
3417 2961
2709 3484
2781 2881
2290 1012
158 1020
1381 3329
352 229
2972 2068
1747 2898
572 1651
747 1852
1903 2533
2955 2869
2607 2786
531 1915
3140 753
2721 243
180 2506
2553 2066
1143 2191
64 780
884 422
3098 3271
2896 2342
1578 2679
2859 1429
3332 1238
3239 1943
1425 561
2287 2169
3128 2362
456 1631
2968 1962
496 2831
1298 872
1796 2552
1208 1905
2992 2660
970 3496
318 1853
3131 2702
60 1823
1683 2985
3042 1481
715 1235
257 2646
1110 941
2014 87
710 1465
1734 1558
164 1999
1348 3340
2272 3310
920 3493
89 580
2175 24
1842 2159
3355 2777
3190 837
1622 2837
2106 1442
3151 3489
1062 1457
215 1463
2434 2094
1963 245
2031 430
2334 3420
735 59
3377 512
3396 2619
157 2185
2660 2040
91 2737
2942 2262
2250 3474
2377 2013
1095 2259
646 3089
1249 203
641 2682
2066 914
2340 2754
2808 3291
402 196
97 58
2523 2901
1443 1270
1656 2919
2011 2200
1026 1630
1636 2299
3063 2075
2706 776
1387 1745
1046 3083
796 1724
519 791
3335 547
399 1449
69 113
2259 2989
557 2130
1813 2950
1190 1292
2761 908
481 2222
668 2430
2146 2532
909 202
1834 2481
2895 1661
2415 2161
2594 2653
374 2448
2587 555
2614 2909
3334 1903
3401 2489
2204 1901
1657 2272
1885 2235
2966 3287
1458 956
1863 1130
1457 2006
3244 1072
1570 2228
2138 386
2105 924
3430 307
1146 170
290 3358
1859 492
3373 1142
2476 751
1684 1619
1718 654
2144 3378
2275 64
2024 2234
2060 315
1837 187
3178 1570
533 3214
1070 597
3393 3223
1267 3174
358 421
2921 185
3416 435
3016 3015
2620 1076
2023 3188
2076 974
2963 486
3078 2340
1972 2995
3002 1911
2996 2044
2119 1158
1407 165
2743 1227
2736 3490
3166 3253
1323 194
3276 1403
197 2720
677 3209
3081 1597
2939 2825
1314 3213
587 958
673 308
2210 644
2431 2931
2103 1598
315 2114
0 1066
2855 236
2082 633
2579 2048
2037 289
3457 752
2538 919
2341 2570
98 3322
3336 2973
2460 948
763 929
2041 3116
2493 3370
390 1182
709 2247
1204 1344
3165 2129
742 1116
2369 1117
229 3374
1482 2865
2570 1229
1131 2722
2262 1169
2932 934
2772 1153
2406 917
2035 358
3153 1303
225 2356
1051 1918
3356 2676
3337 76
45 726
1770 1843
3272 1555
513 3102
1179 2101
2356 744
478 1539
1926 1749
3426 2278
2710 2643
2730 1275
816 70
2408 491
28 2315
2439 3405
3004 2285
902 2728
222 162
108 1517
2890 1391
134 98
596 3161
1729 1032
3201 757
1334 1219
3456 299
3498 3086
3297 21
93 225
2308 1306
1581 2840
964 1348
2177 1888
1576 2581
2277 1711
1580 2147
499 1602
2279 6
366 47
2941 3122
2489 281
3158 3082
3076 496
2232 2333
2669 916
805 1304
3459 2599
3422 2804
284 925
1421 1237
2504 437
3191 1615
1419 197
1361 2245
1403 2761
3069 1981
1098 910
2704 1564
823 3210
2639 3087
2487 1411
1932 1668
560 2965
2163 1383
1945 1483
713 1900
1543 166
1523 3381
3468 1048
3376 964
699 1882
3425 1710
1280 1406
2228 2527
1185 1834
2552 611
1032 1223
1664 2791
656 1317
2598 326
1759 525
3372 302
2173 2810
1333 2750
485 3027
3082 352
177 2358
1672 2652
2404 3434
1748 3187
2091 2953
2647 41
120 1849
3465 2690
2686 1105
1291 121
3323 2861
2325 3429
1282 1925
3109 2528
789 828
3110 1494
351 1939
165 1934
3265 416
2298 173
2483 1384
2834 1773
2059 1456
2894 1402
145 966
3253 1601
492 1136
1207 3103
2502 355
2320 2469
1613 3386
2962 772
1705 1174
1953 845
1585 1726
382 134
3347 1931
1006 380
996 2368
988 133
1064 2462
543 222
81 1767
90 3220
2627 2683
1502 2477
2039 3286
963 1405
2217 2501
1076 83
2933 2692
3100 97
1433 1603
39 1545
2360 577
2509 137
1875 248
1843 2875
2870 2715
1771 328
139 1500
191 1890
2028 987
1085 356
1228 897
1740 2487
982 1910
2924 3313
916 569
11 395
357 3400
1703 365
766 900
738 2399
1398 2549
1677 1938
664 2398
2985 3294
2630 1707
2560 2328
1788 1232
1118 1349
1188 1121
633 2633
1702 696
48 1920
1829 764
1069 2845
1057 444
2759 251
1308 428
1325 1425
801 1199
3208 1230
2469 2366
3436 2644
2132 195
417 2992
1392 178
1322 3090
1373 2287
3127 147
2017 2289
100 465
1559 2441
1781 1157
3268 3160
2783 2972
657 353
3088 536
418 2000
2779 3395
2374 3146
2122 1476
2852 1635
2044 2466
408 2326
608 761
1719 1777
1928 120
3394 1037
493 3447
406 1973
1383 261
385 3453
866 2632
1668 3073
1286 1525
583 738
184 2004
3318 3118
1541 2382
2057 1747
3412 2846
3066 1560
1092 3288
483 2090
71 965
1827 2415
3003 860
3324 2930
1691 3110
3420 1926
216 418
328 348
1930 1164
2582 105
762 2060
437 2672
2892 278
252 1818
308 2971
1027 2298
1681 2291
1565 3245
207 3428
3481 3117
1052 634
554 3109
1393 2524
3340 153
2720 279
2274 3155
614 3414
2918 1994
2452 2647
1783 455
949 2482
876 2977
325 2084
1826 1485
3367 3476
3290 2209
1164 3232
1567 1681
1134 1980
2950 994
914 1824
3270 3451
665 240
1645 608
1643 794
2564 84
1374 1255
3150 1872
1877 2033
2158 1819
3104 479
1200 1058
2565 2986
2430 3481
3298 2911
404 3499
644 398
3219 1786
1181 189
761 2519
832 3295
2335 1099
2951 2500
2807 1685
2885 3312
1764 2584
1144 2134
1550 1586
178 1660
3114 2736
3482 615
3306 1709
550 818
3344 1859
1635 1889
2149 1666
196 3361
153 0
2329 499
759 2331
2511 1574
2153 1057
1822 1294
3211 324
3315 2595
3005 689
3384 605
1862 2693
459 2548
601 1948
1936 1516
661 3148
2569 2983
2181 1618
1848 1679
186 1719
416 1466
1275 610
1584 1921
1966 3344
1852 1148
1316 2412
625 420
1739 2100
187 617
3111 3066
1447 1183
778 3022
335 2433
1097 2246
2324 1951
463 885
1680 2313
652 1261
3492 1446
602 1486
1160 208
2190 607
2550 103
115 1433
2953 3373
321 2838
3375 427
750 576
323 3163
3163 119
1025 2525
2237 3147
1315 1333
3057 80
872 1060
998 2697
1555 157
1409 1062
2070 2417
224 823
2819 724
2851 510
2910 2776
831 1006
1363 138
3054 2389
3157 2494
1197 2431
2850 711
1599 478
1736 1967
2631 1760
2726 1311
1535 2478
1415 452
3308 2120
3257 2503
1686 1070
1844 3079
1309 990
2537 2580
2882 2795
721 558
1763 2126
2787 145
1106 22
929 2220
3135 586
1090 2888
3385 1758
439 2474
2694 1357
3368 3397
3405 732
2394 2853
1121 631
1692 641
2655 1245
1331 1553
1933 3125
3452 3229
1881 2131
2728 1765
1130 2165
2413 2630
2058 1554
525 2204
203 3388
559 1358
2727 2316
3266 3070
1888 2211
2674 1591
538 2008
22 2620
594 1415
1529 2178
726 1715
1430 957
807 687
2306 2144
2517 3450
1920 810
3009 1371
2038 1454
1959 287
1466 2387
2790 1599
1505 2405
2064 3257
3286 3372
26 402
1104 294
175 798
2049 1321
946 2659
930 1621
883 1802
2681 556
2053 3467
2862 1528
2792 1231
428 1374
2282 1063
1741 2207
2142 346
1808 1784
553 988
1973 2428
868 2269
2205 1224
577 622
2771 1313
218 412
1846 3039
2809 3353
939 3446
1054 2651
1801 673
24 2952
2079 546
2880 2042
3414 1505
3258 1221
1113 2886
500 1988
2033 1663
3287 1307
136 291
1351 2994
2154 665
2777 2014
1629 1438
2984 305
1670 1498
3245 2890
1293 2371
1256 3394
2937 36
3205 592
683 826
1312 2107
3126 1412
894 1727
445 1546
1211 1825
758 2475
281 2748
1785 1300
334 2677
527 75
1094 1296
879 1036
291 1885
2007 755
375 2407
1470 1576
2528 1336
1993 1642
3058 819
2271 424
503 3142
3007 3487
282 110
2544 1783
1893 843
2959 485
881 2943
3055 2842
2605 247
2989 656
2021 877
2125 1160
3010 1120
739 3092
63 500
479 1808
605 389
1878 2821
327 2567
3207 666
593 3242
140 253
3303 786
2089 834
3271 1342
732 407
2016 2997
774 2454
3170 2388
2276 322
2719 621
2826 2148
2994 2942
2219 3091
2650 1778
3029 2449
2791 1181
1598 3218
2865 3065
1441 15
934 1467
1978 1288
2319 2386
397 2746
704 3399
1341 2571
2166 2871
3240 1410
283 1350
1856 1071
2990 476
1225 2981
740 554
3044 383
2318 1208
2050 2236
1537 370
424 2757
1975 200
788 1316
529 2516
167 2740
1946 2143
1810 1216
2470 518
889 1145
1460 2859
2197 809
2113 2962
2172 3419
860 1693
516 2027
2693 1017
3322 584
1773 2934
2886 3061
2909 1286
2384 729
2868 850
2973 1652
2333 146
1186 875
303 920
2829 1141
1015 1354
3119 1909
3238 1565
2291 2718
3156 1214
1252 1750
3056 933
509 2353
231 2233
1434 3120
3249 415
769 1372
1147 2383
1436 2661
1084 1787
1538 2751
506 1108
3466 2239
2139 3059
1489 1178
452 3418
1542 1440
3407 1345
123 417
736 2960
2148 2712
2640 2039
2507 3468
2643 3158
2940 1067
967 1299
1777 1220
2917 1192
138 831
696 989
2015 338
2008 2197
1868 3016
2546 2520
731 1716
2208 787
2140 42
2164 2260
2126 911
993 2339
849 2705
847 23
2435 1004
3137 271
2083 2394
3262 3094
2201 1308
1596 871
1404 2480
3204 999
234 2078
1338 789
2559 816
2238 1763
2300 1441
1524 3051
1375 1211
107 840
1860 1021
2914 441
1956 3355
305 175
1853 1579
2189 1699
2248 2270
285 1634
1105 3251
3445 3182
1268 557
3316 1506
2227 2707
2563 1167
1299 2703
1154 1507
2557 1439
1911 2164
3227 3364
79 1946
810 2664
2167 3459
631 2756
1248 2303
1772 1122
864 2671
3358 2848
779 1222
1491 2017
919 2163
275 3321
2555 1984
2403 1538
2301 426
245 700
2100 112
2233 1779
2920 2562
2775 2949
460 1654
3183 2281
2948 2329
3464 2759
2117 1684
505 2827
2366 1075
1948 2974
2978 830
2540 1426
253 762
2572 53
326 3167
2760 262
2247 797
2348 2938
1444 1314
410 3175
589 4
1135 1638
1516 2018
3242 1854
2595 393
1508 566
2938 1639
2068 2467
1418 101
2869 3472
3250 2458
848 2708
2961 2343
2835 3477
277 1940
1087 614
722 765
1010 1293
362 2563
3462 1540
1496 144
1909 3007
2658 938
1935 3406
2453 2460
1199 1761
1616 851
580 3411
1784 2735
3233 3069
1476 1691
1486 2710
1804 2149
1223 2706
2495 129
3402 1133
2327 2536
1865 1942
2838 3080
686 3112
3378 2623
1411 3123
2256 3365
2873 2614
760 413
1690 1543
2606 686
2585 3480
2916 2196
2879 1694
2995 2490
266 2046
922 1899
2086 684
379 2590
3077 3326
3478 1090
3423 149
1586 2906
2530 1606
1851 1289
3024 1959
2624 1723
2322 1520
1906 3036
2805 3055
2839 2263
1627 3197
453 858
1163 1858
2412 3034
2042 2124
103 503
1397 670
2124 3305
3228 3444
3171 870
214 54
808 2889
1547 884
2935 3452
2310 126
130 760
3103 2081
744 267
2457 2052
885 2172
2628 3424
2878 2753
1454 2142
1593 2213
670 167
426 2374
1408 246
88 2835
423 3019
2485 224
2680 962
3419 2355
146 1531
255 2113
2837 1260
1981 2327
2254 1166
575 1200
915 1000
2013 2434
530 3141
2002 1844
1833 2916
2231 2317
466 1730
3090 2765
2492 2980
567 215
3383 143
2813 3129
534 1571
1101 2232
2908 2064
2241 1573
279 2573
2379 661
867 1003
3045 2302
1879 1113
3159 3250
295 1884
1517 1863
1274 2304
944 2768
2409 3438
968 1355
1233 625
1530 2198
2121 3392
324 3248
2344 2334
2543 3270
2455 2792
2853 806
568 1549
981 384
465 2915
2657 1337
369 635
966 1496
2601 2823
2029 90
2398 3423
3411 2282
2448 1830
2656 3309
2534 257
1899 1264
237 2815
764 79
928 1662
582 1588
777 2674
1372 2502
1789 2606
2900 3383
1986 3199
2802 191
2230 293
2899 399
2642 244
99 179
1088 2787
16 2509
1967 1742
265 609
768 3435
3021 946
2875 1404
2213 2954
2981 1725
1832 1202
752 588
2292 2080
1296 2071
765 2121
2147 94
1968 7
3195 714
3391 2455
3059 669
1159 331
1036 2780
1170 254
1943 2452
2260 2539
540 1643
1539 632
3184 2384
2801 3072
2618 55
2749 1305
681 1759
835 2288
1366 2400
3074 2946
430 2884
3333 3367
3180 1961
548 2069
792 81
3001 777
169 2624
2858 3389
1749 433
2735 1898
1552 1495
1119 3275
590 1484
3453 3426
1431 978
2323 2578
1306 274
855 3008
336 937
2418 538
1086 2308
3050 1175
1424 3416
365 802
211 151
2711 1835
1059 2512
2220 2586
484 1797
1041 2523
1394 2089
1818 770
1755 3063
25 2868
1992 2330
1285 3488
767 1298
2568 3466
2010 1025
3274 8
160 11
1295 1185
2907 1964
1423 1515
3433 1873
1985 2486
616 1369
1115 1256
1696 66
2816 1798
2734 508
1984 681
3209 2249
1519 37
1830 658
2535 3037
771 3282
3269 3455
1238 295
2176 3126
1685 1665
1562 468
1817 730
3354 1028
4 1805
400 2531
776 1424
3105 2922
818 1330
1642 414
947 1088
2116 1083
749 1831
1611 2927
3438 397
2464 2218
2111 1356
826 528
2433 1700
2776 1924
2584 1594
2003 667
1265 1562
206 3465
2022 1680
2797 2024
2748 46
2586 1053
1700 864
1446 213
3061 1572
3283 2917
2733 256
1261 3133
30 2348
1880 192
1883 1246
2823 2732
1226 2510
615 1769
377 2625
3359 57
1012 1782
1034 2558
3273 2771
1605 921
35 3078
104 2364
1120 2250
1597 2372
2662 2192
2479 3045
1751 2012
558 2872
2983 1953
2110 1430
2803 1031
1960 100
2903 2910
599 1922
2338 3345
1413 2982
723 945
2289 3
820 334
3169 2468
1234 3173
1568 993
953 1781
2539 2318
918 1008
773 2305
3446 2734
2949 2457
2578 1267
654 591
3330 2092
1545 374
1344 1673
1891 231
945 707
2714 1596
2411 708
3317 1527
1487 12
2975 3144
2946 1870
3073 774
198 2274
2571 1772
842 559
1081 2491
1646 1868
188 1283
1805 713
2827 1150
2613 2180
904 449
2211 3302
3415 1343
784 549
1345 2975
1715 1636
2689 2168
3144 1247
3406 3266
1231 1362
786 3396
3032 2729
260 653
3037 1030
384 1581
1332 2251
403 481
3130 2699
3062 2678
2133 3347
1507 92
72 2878
2065 2824
1224 3350
1503 2807
38 2470
3261 880
2330 1932
3267 1949
190 1589
3174 1947
720 2073
1044 2634
87 2427
1024 2551
1178 1753
671 1444
2387 2582
1158 3483
299 3359
112 1976
289 1974
1449 2028
834 593
1356 2140
2750 2155
2458 3119
1414 534
371 2396
1923 2797
2906 3306
687 1705
1774 624
1002 1733
407 2696
1174 2179
1276 16
1890 2744
3439 2106
737 3097
2137 1557
1922 3162
628 3276
2165 590
1426 1077
1269 2521
1929 1198
901 3024
886 3307
2288 511
3197 811
1456 792
943 529
2203 2497
1453 865
3443 2665
3247 2255
2814 148
890 550
941 2597
1011 2843
