3500 4000
3221 2112
2628 2018
128 3158
2570 1512
2746 3471
270 2774
2854 1358
192 2768
2469 2651
2484 1588
1132 2364
924 2745
3181 470
2976 1911
1504 1117
76 2631
3220 2481
29 447
2585 384
377 2808
2278 1286
2418 497
1575 3330
2262 3208
2682 2330
2081 63
2104 3272
41 1337
640 132
3215 1228
677 1039
3363 236
2357 1690
799 682
443 2389
137 1725
3171 400
2647 151
728 1313
1994 2516
1427 508
83 3184
93 3116
1403 1250
3298 689
1376 1959
798 1591
1925 1694
2689 1587
257 1522
1884 3169
1475 3216
2216 191
208 2836
1236 2788
3019 3339
1264 3414
2991 3481
2545 1081
1907 2315
2951 1658
711 3090
2824 929
3462 2136
2919 3422
1726 1167
2118 2203
739 575
808 3299
2489 2002
2706 925
375 2940
2317 552
3394 1364
2802 534
2259 975
2631 3048
2940 2861
1437 369
2796 697
2887 472
3461 492
865 3085
680 869
778 2115
2670 149
1535 2720
265 376
497 637
2269 1251
2555 1579
410 1699
2606 419
1276 2415
2663 1249
23 628
60 1510
2954 158
2845 2733
325 227
2000 452
1949 1283
1350 3498
513 3345
2913 2006
2120 3482
2803 269
812 1978
3110 3337
2859 2803
3451 2103
2153 959
615 2857
2472 1834
1657 2640
1308 129
1097 530
1604 334
2443 1889
2898 1764
2959 2451
3031 1008
2542 678
1910 1000
1946 561
2943 2771
1344 971
3047 392
152 2983
1986 1832
2306 2963
2289 2957
116 2751
2373 219
855 1
741 3322
767 1331
2044 3486
2053 2622
585 3399
2320 2948
1037 2994
2001 642
2110 2924
2157 1332
24 1705
1883 3417
2774 1652
1786 154
1000 1956
3365 1257
343 560
2939 3477
2186 2748
1446 2666
119 2999
687 2329
1078 3306
1936 2488
2368 231
1072 2357
2866 2699
2162 3451
2008 1520
3323 2371
1942 2911
804 2029
95 3309
3188 2248
1409 16
1540 1728
369 240
104 3133
3116 1701
519 2265
172 1672
721 1471
86 286
2175 2100
467 2360
1079 2317
429 226
926 585
936 2827
1293 3028
3438 1723
2189 2366
2132 748
2666 2695
11 1674
3104 3264
72 734
634 3213
690 914
611 246
1959 966
1366 2046
3415 110
20 2113
2636 1914
2981 880
3296 2805
2928 3059
1837 2973
1094 1035
2038 143
446 1196
1307 2537
669 2453
1181 241
1928 2205
1027 1884
3386 557
470 2328
2365 3066
1521 986
1284 1024
2407 965
3173 550
3111 2081
882 2083
2424 858
2947 828
2664 662
1745 3305
3013 3181
3261 855
1487 2597
2428 3079
3042 2299
783 2550
359 2953
71 203
802 3333
2205 2539
1630 1519
1825 811
138 739
1118 1740
884 3420
1701 3041
3344 2183
417 498
3068 3131
2865 2189
258 546
745 1716
96 155
2668 3408
576 160
2812 300
3037 2749
1441 3218
1647 1335
1457 3045
2239 2030
1259 522
556 922
1742 1818
2837 2807
2755 1525
389 454
3360 1468
630 1472
876 3176
695 2697
2501 540
78 2907
1668 1141
2125 486
1840 3072
2006 1405
2495 638
2400 2638
2607 2105
1765 2144
1111 2320
2018 1743
3066 1831
2590 3457
2105 696
667 1499
1369 2798
2797 26
2818 1488
1364 2298
196 125
58 2040
2187 3258
1167 1422
1715 2512
3028 1371
2010 2730
1245 997
2867 941
1635 2228
1005 753
2882 1430
236 3020
3422 417
118 1637
1034 123
963 3201
1539 2761
460 312
1129 2985
1980 1066
3367 398
794 3253
1221 1698
2646 1608
3162 3073
2344 2398
1734 2176
1610 1976
706 2754
2980 517
934 253
558 2849
688 710
378 2280
2226 2942
2212 3384
3332 1737
909 1129
2195 786
2201 2368
1515 1739
1183 104
1244 2383
110 1786
1961 764
2895 917
1938 3314
2059 2160
1714 2239
1049 1986
2784 2750
766 2023
1643 1702
674 1288
785 3225
3471 471
3033 2533
260 2402
969 404
3030 2017
2033 2295
1712 1486
1750 3046
1876 2895
121 141
1851 782
2756 2073
1516 436
2349 2202
495 3436
810 1154
183 468
2602 2276
1337 1007
355 698
3293 374
2722 2618
2622 1294
1298 620
1440 2161
420 1418
1694 229
3157 285
1192 299
773 3042
1418 3038
1792 849
849 308
1357 168
2341 2193
2485 617
755 3070
3436 999
1306 2401
425 2946
2437 2275
2518 2809
3410 1798
1639 835
1198 1490
346 3065
383 1115
3406 1067
606 1999
3282 2575
167 2449
2698 3150
295 1817
3137 1092
889 1642
3483 670
2231 2314
1805 2531
2127 2478
3353 826
2944 2139
2508 2174
578 3324
3351 3217
1368 1410
217 24
1478 2427
790 2568
2331 170
2411 1975
280 2687
500 1149
1669 1892
461 3063
3167 1345
426 1098
1935 2502
3179 6
2990 19
334 2504
3078 3128
85 904
448 900
2520 3285
971 2934
2997 1090
2499 2384
950 578
3385 431
1114 1479
645 3496
427 2825
2972 888
1177 676
1246 2158
1109 2313
2804 72
1629 2845
3489 1776
2324 632
3191 2255
416 3233
917 2423
1785 2684
3345 3437
441 2217
2163 3112
311 2241
1982 2048
2417 798
1752 3130
3407 281
3149 2926
759 3418
1201 2885
894 483
3418 2525
1136 1188
593 1070
2193 3287
984 1440
2716 969
1798 3491
1139 2980
2588 787
1377 2348
419 871
2471 2844
2223 3144
3456 3462
403 1636
623 543
2055 1308
1030 2421
370 525
1138 146
3178 1206
2709 1368
2822 3390
3058 1837
1550 1388
754 2049
2076 1533
284 2737
132 2604
2815 3468
600 800
2564 1602
1361 176
867 982
2625 373
1537 2976
1257 1346
3317 2008
262 846
2608 2416
601 2064
266 1093
1185 2121
232 839
985 1124
194 1404
3051 1235
2916 2167
3126 2143
1336 867
2268 139
3496 2713
2117 2534
3420 412
2487 1733
210 785
3371 608
1830 1876
2616 2111
73 2681
1538 58
3303 823
2688 3096
1700 863
1917 3444
3314 3364
1814 2032
360 3361
1362 3312
2902 1183
792 3350
2982 2786
3458 2270
129 2365
1394 1692
1262 2209
3328 2793
2328 677
1482 1463
457 1572
1966 1686
2933 482
1628 247
2950 1398
2962 602
462 276
2531 2647
2372 1225
1556 1597
1295 1413
2063 745
326 1198
2096 2000
2209 3055
2333 2462
3203 2356
3499 2438
1053 3445
2598 3025
2190 1446
2503 761
1025 1850
1152 1016
2137 1954
1009 3069
2321 2842
3010 902
3270 2969
2322 2318
2156 303
1022 118
464 1545
2701 3303
70 97
2103 1920
1095 2135
2071 1943
22 2439
1719 2441
2265 3117
1520 769
2885 1704
157 2839
3038 242
2879 3472
2686 1306
43 2372
835 1926
328 1794
4 1858
654 2302
1547 2361
130 3284
456 2767
424 61
3373 2519
1930 2052
540 2996
2863 3010
2848 363
992 39
991 538
1429 1439
102 1829
2820 2410
2467 1878
3348 2769
1395 622
2248 3188
2630 3466
472 1208
1086 945
3384 479
1106 440
1189 3223
2893 1372
245 188
1599 377
2339 801
1428 912
2210 627
1514 3084
3322 426
1788 152
297 215
2567 2831
1301 2585
3228 2617
1903 1750
1278 763
1612 2529
2016 2629
3146 1019
1204 467
2309 1002
3473 2588
637 157
215 1339
2253 2272
3291 1342
2145 1507
1006 950
806 69
1901 8
2527 2703
3260 547
2967 3452
294 574
1845 378
3135 3301
2482 2253
46 3076
3152 1163
2648 2961
1841 648
249 381
2251 2345
2351 1493
428 2215
1408 1751
944 1254
3138 1485
268 1719
404 2106
1722 2528
3485 1436
960 2456
940 2970
1724 2810
3491 2925
321 2117
751 688
1081 2520
2050 3248
2041 1366
3246 2471
237 621
1836 2054
2281 1767
851 3300
1444 3074
2575 511
2858 1756
281 1361
3379 1504
2124 903
267 2905
2464 2514
2270 268
1492 3474
3094 1139
2072 551
1 2151
1597 475
2807 1042
2280 509
2884 2186
675 3331
1523 1970
864 1793
1664 1757
39 93
2921 563
3468 2470
543 512
3134 1247
1341 2814
3040 432
1431 1631
488 605
774 536
538 3456
3070 2742
953 2772
2637 2420
1126 2608
3187 809
1432 994
1580 1056
2883 107
2604 1948
122 1900
1060 166
2083 1895
185 1085
481 2645
1853 690
3065 100
2295 1927
409 2492
175 3459
2554 239
2143 1643
2743 2362
1384 619
562 2736
2100 2870
505 804
973 3421
650 2544
3129 1583
357 402
302 3336
3255 332
602 1897
2390 2756
1011 1532
283 2819
2758 1327
599 190
2312 2567
2073 765
1248 1033
292 603
3481 2175
2134 1800
1218 3126
2450 1465
3204 1314
3184 1373
2082 3198
3326 1380
2513 611
565 1108
279 1453
2710 2838
1010 664
2930 681
1584 1491
605 2278
3267 1593
2319 983
3266 2334
393 1987
3154 306
828 3205
1281 896
92 671
3375 3212
1064 2794
2051 2257
1379 2331
1260 2051
803 1667
863 759
1200 1568
3069 396
177 3396
1330 1389
3192 1396
1687 1922
1793 2866
2674 843
113 1038
1996 1844
2620 2981
2065 2267
3039 2715
3318 1843
2957 3001
2857 3086
1978 640
1526 735
386 1683
1360 1586
2024 1912
165 1785
1505 2500
2844 1266
3015 968
3091 1272
1609 3080
439 695
1545 1282
714 2332
3090 2971
2724 2590
2952 1777
2283 1077
1050 1795
3165 1051
289 405
3273 3311
1766 1484
697 1148
3252 457
362 569
632 1353
1533 2515
469 1921
2080 3346
3035 92
1399 3215
2519 1842
432 701
2793 1291
2593 930
2047 1107
2419 1687
2078 2424
2363 3277
336 3407
3081 1803
1172 1989
1528 2240
3457 3352
2090 337
226 3179
2039 2656
390 703
2089 1820
2528 3286
2569 2308
1835 375
2745 33
525 383
3419 1628
577 333
628 267
1553 3388
3249 2338
2031 1336
3356 1152
1329 2180
413 2145
2846 726
2509 2098
3063 1355
935 2959
1312 379
347 2373
709 1452
1920 3458
1967 1460
366 2067
2530 2623
2800 70
1163 1365
2228 890
592 2460
2451 2811
1558 1226
1130 2185
407 1224
2004 1231
241 813
1654 1517
1004 3289
957 1046
2825 1001
705 2382
2795 2662
2937 607
1743 353
537 2776
1846 1473
3313 1706
725 3448
1299 992
883 3087
3444 3095
761 2952
1471 1641
64 1556
1970 3149
3102 3104
19 74
1451 1126
485 736
2015 3389
1410 1467
2875 747
750 2789
1302 3316
2920 633
2856 3021
1128 3328
3341 370
3176 3118
385 653
2030 2906
2595 2509
2968 2232
2255 348
69 1252
1258 1627
1976 808
224 156
2035 3013
2173 2997
2404 882
1292 3190
3092 1622
2087 1821
141 1130
3321 477
656 1385
2605 2962
2574 2856
1179 3298
1603 1082
872 2624
2340 3114
186 2725
564 3310
733 3017
3225 660
635 2508
1600 42
234 3371
998 3362
3308 2021
422 134
1038 391
2747 3224
1767 194
2425 566
496 2954
1944 2589
678 2916
1324 901
1674 1526
666 2709
252 1120
2327 1549
1423 587
1665 2007
923 967
860 2593
2397 943
2480 1610
447 510
1256 2773
3183 915
2736 1681
2660 1114
3370 1495
2431 832
2285 1816
552 1500
231 1647
2584 2380
1875 87
648 553
2106 1110
1508 2830
1489 3109
2091 1137
1207 3209
3020 1348
1416 1615
2003 264
1891 2131
49 2376
341 3185
2111 656
293 1454
1483 1515
1092 2995
1756 1458
3450 1770
546 3022
3093 221
1107 576
3151 1041
1453 2653
2713 2601
350 3278
1950 3405
3441 3282
298 1518
572 644
2506 3132
2445 3453
205 3355
1855 1477
1214 2391
931 1451
1254 260
1676 507
1485 3373
2459 171
1458 647
2843 196
981 2847
384 2587
309 465
480 3394
3465 1386
945 3057
685 898
148 716
63 1542
2961 1427
3210 177
1641 830
195 850
1296 1062
900 1476
2561 3402
2415 1125
3097 990
1190 3145
2904 1917
1691 947
2297 1609
87 789
3335 1656
287 3411
2697 2541
3340 2080
2550 973
2780 939
3362 2646
1704 2797
1015 2867
2971 4
2909 723
1153 336
1737 3279
693 3097
489 1232
2219 1290
1800 2792
2403 1411
2963 1264
3002 2718
2786 425
2233 666
398 1971
1951 1771
1422 314
2358 1253
348 2116
1565 3229
2813 3334
3395 449
1839 2099
1104 1376
2301 1574
933 3071
188 2955
1455 1577
959 1360
1378 573
1847 1234
3494 3035
1808 1441
848 1529
2942 3262
983 1381
2299 1138
1852 1901
2273 347
2680 2285
2832 2050
463 355
1801 2627
800 2571
681 957
2798 2482
2305 444
354 1720
1178 443
591 1057
3265 1475
659 2359
1182 2527
3387 2661
816 694
3172 3283
2973 2591
573 887
1348 3246
2060 1144
1650 2374
3237 3428
219 25
2717 2716
1655 988
3061 208
616 3142
2095 2045
3022 2407
2922 2092
1035 1606
870 711
193 205
753 216
2714 819
586 2860
3080 1179
2539 1680
2444 41
2165 1223
532 1930
1552 1243
308 847
504 1012
1688 1461
839 1853
1054 2698
444 83
109 1390
2512 3415
255 3269
555 1397
866 1677
2695 456
1931 3098
1159 865
3359 2744
3368 2790
2167 3034
1569 126
847 886
3166 2986
475 2306
2534 1544
474 3320
1781 878
1544 1695
367 1890
2198 60
139 2984
2624 2871
112 1909
1237 2548
3121 2297
503 2848
2510 38
2169 3019
2109 1626
1596 81
2422 288
2097 481
2592 2340
1184 2619
1730 2016
684 2680
3464 2472
2399 2671
595 2538
1787 53
801 3268
3470 2261
3180 2463
1165 1784
2833 3254
2599 2042
2929 385
2728 1030
1275 2740
1454 3432
702 1633
1735 774
3424 2583
3185 1559
682 2125
2098 2858
3043 2780
2890 1160
1844 857
1469 2574
2446 1833
840 115
1672 2446
143 572
996 2393
548 397
3393 2301
906 702
1481 2850
567 2309
1661 121
528 954
218 209
547 1310
686 3241
2057 20
3008 749
3284 225
1794 3138
3123 720
1731 2752
2049 3105
508 3093
1406 2960
907 1995
3240 2891
2753 2122
2878 793
644 987
858 1037
1340 3122
2250 1324
2164 101
533 112
2828 2876
81 1161
2392 881
1304 2181
596 2354
1197 2935
1943 1255
1642 1796
2241 562
1044 2616
3475 1214
749 3476
523 2204
658 516
1280 3141
1696 1123
2256 2494
2611 2908
2672 182
834 2333
182 1910
1420 2579
3305 2079
1168 3161
536 2599
2742 35
1709 2974
414 2127
134 2233
2886 1162
704 91
1968 2556
1425 2066
1721 934
2868 1891
2183 1982
1896 1963
764 258
3127 2888
269 232
1670 3250
3211 1350
3072 1095
932 669
621 2899
1728 1417
2603 3317
3108 921
1953 1121
2323 2890
1729 2518
1681 51
3005 2592
2402 2673
2085 2714
2196 3329
2864 2133
1868 1354
1043 3354
2235 2563
732 2783
3174 1934
2170 2943
147 2777
614 460
560 2503
1327 803
618 3092
145 1755
1024 564
1760 2628
1573 2723
1779 1101
199 854
1436 2818
2261 612
1594 2873
136 478
3290 2321
527 3400
278 558
368 949
1591 422
1926 760
2277 3089
272 342
2171 2437
2094 729
1365 1285
772 911
1886 614
2578 1263
1401 1474
742 339
2535 1402
319 262
1222 1612
1563 184
149 2025
204 1168
3452 3106
3156 977
1367 1880
1827 2337
1219 1570
668 2395
1548 2065
2801 906
2614 2454
1176 380
1135 2268
315 1275
2568 1865
1490 186
1021 1028
239 278
431 1645
1821 626
3307 1173
1995 442
1351 2630
797 1669
363 3113
2102 1420
2438 2411
277 981
2738 529
1435 489
1905 1936
2573 135
111 2258
3067 1595
3408 2822
1812 105
2408 1166
3486 1715
13 2043
371 75
1442 2150
1059 148
335 3383
3392 1187
3355 3064
1559 3475
2416 3187
3003 3202
1754 3438
1899 2108
1518 3240
1209 629
758 366
2048 3047
2045 2806
2579 1505
2960 2704
1212 2091
1154 1099
201 302
3026 387
1626 2022
588 50
2234 2036
2293 3341
140 2062
53 1131
3009 2474
3106 1213
3366 2467
1113 962
27 2068
3032 2686
2775 1143
903 2095
1074 2324
1881 3251
2384 1774
3257 2855
240 2787
3161 1538
2536 2221
2138 137
2831 358
3148 1309
1047 2237
3099 905
187 2854
256 3171
3275 1018
2855 541
620 1894
56 1164
3463 345
827 2865
1046 2909
2113 1980
1042 2920
1253 130
2313 3110
2064 2419
437 2875
561 2126
1347 1960
213 818
510 2379
1867 1916
657 2840
397 2059
1413 2609
3143 2998
1929 2701
1991 1450
1888 305
529 2540
930 1958
979 2246
466 3039
3062 3294
1658 1383
2020 1221
2243 870
856 1885
3073 399
98 2487
2266 89
3476 1377
3098 2923
2007 2230
824 401
3277 1938
781 2342
3004 784
173 657
1473 3226
203 1596
3492 2691
1582 740
3295 1011
38 730
3414 1758
2017 2612
2707 1356
361 3347
779 3332
2563 1407
2562 174
1796 2034
1607 172
1465 1060
242 953
3085 2727
1449 386
968 708
2070 3293
3136 3155
3105 362
35 2300
3041 2625
699 2394
3297 289
1102 1184
1877 771
2329 3292
3272 970
491 98
1834 18
2449 1603
3380 772
2699 2829
919 3143
846 2821
396 909
892 1571
3409 872
2101 1501
1093 838
2811 3170
1137 230
1023 1111
2546 1753
514 161
1748 2950
2841 1741
401 2458
1911 3006
1751 3349
1673 1575
1501 1651
1029 1136
1831 946
3244 1974
511 1763
212 717
2566 1945
765 2607
2896 1521
388 1289
2652 163
1761 2019
1484 1592
468 3099
815 1760
304 15
168 1659
3182 27
2021 1915
2767 461
988 2319
2342 433
3262 2536
995 211
2129 1318
1797 295
3350 1906
672 3023
1572 1025
2166 1528
557 1665
2632 700
3377 2289
2240 1867
1606 3441
736 1271
3449 1349
32 2483
216 2782
1494 319
1764 1576
1510 2988
2669 469
2107 926
1108 1604
719 2595
1898 2408
1131 1075
2517 1996
2507 1185
3036 292
3447 3136
826 2690
974 1902
994 1524
2147 2076
1020 2290
782 1502
352 2665
1692 908
938 1134
1402 1105
3460 316
1217 3368
1303 3016
966 3391
3372 3120
2594 3395
1279 3238
3223 410
2974 3478
2 2074
1017 5
722 1898
1519 795
455 625
1662 2755
652 948
1895 1815
1084 2110
1065 531
1110 2089
814 3172
3144 1623
844 584
124 2014
3131 3195
206 1589
2526 2863
1480 1554
780 685
487 464
2202 3151
1605 2643
1488 1762
3453 1870
1456 1792
3319 577
91 1489
3100 1268
1829 128
1885 692
1974 1689
3333 1838
1443 537
832 1445
2279 2553
3442 1151
161 3366
2429 3219
2794 1967
3206 290
743 114
1173 1316
1388 3484
1619 744
544 1799
1775 48
1372 724
905 1710
2230 2119
2155 1258
3437 451
197 3480
2462 3186
2232 1661
411 2178
1777 1508
1685 79
229 261
1343 783
2423 2206
622 180
1618 3032
1116 3367
2965 1100
1828 812
1863 673
2656 321
2671 202
2088 1983
2571 2386
465 2200
1091 1089
3383 1217
2750 924
126 1367
980 792
589 1611
2969 2090
40 313
379 1966
2880 1416
2659 147
2665 2072
2956 2892
2549 429
1689 623
1232 1696
608 3363
2452 658
964 1657
1723 3115
1227 435
2790 956
2204 2615
2783 1913
2524 816
3076 2707
2494 3024
2376 3127
1143 2677
1653 382
1887 2015
48 2648
1385 1230
999 1581
1817 1292
683 2879
313 3386
254 2235
8 506
2838 2614
3299 961
1957 1558
542 3014
874 3166
3075 1328
1326 2562
37 853
2483 3111
837 2903
566 866
927 2586
2805 1147
1325 1362
2945 1864
1795 2171
1499 2229
2229 1392
164 2654
2827 407
3025 1109
891 2218
579 2513
1897 1703
1822 1846
1979 2169
2238 686
989 2939
227 2639
3241 3160
3231 588
1678 2874
2925 2700
3472 1106
202 1992
2032 3058
1144 582
818 807
153 932
3139 424
1589 1287
330 3263
2362 2991
415 1748
3309 1644
762 3003
1180 1513
2254 2120
2772 505
1231 131
2208 2434
2369 29
1162 1434
626 2554
1644 2603
515 2938
1683 1546
982 37
3046 1447
2009 2057
862 767
2544 1993
1878 2140
117 2734
1652 715
1763 1836
1663 421
2022 2637
440 1330
3389 2047
1732 1790
2410 756
2242 1654
322 1177
3413 3239
3315 2990
2760 1023
3059 1877
915 1856
2953 495
1417 291
1392 2312
3397 504
120 2429
1503 2281
2140 167
1693 2992
1169 3288
2757 2082
916 1317
869 1871
3007 3203
2115 1648
1028 2399
3421 2450
1645 595
3057 668
3454 2086
2627 3392
1577 1736
220 102
2853 1717
1393 3178
3155 393
3208 2134
582 601
381 718
679 1849
151 655
1860 1205
2662 340
524 2212
1208 324
2881 3403
28 527
2360 2881
1890 2243
1282 2219
1531 2350
1497 2378
942 2663
364 1775
276 2937
653 1478
286 1432
1346 2674
33 2445
1675 1222
1707 3387
726 754
1356 1773
478 1433
2788 2028
1789 713
2314 1340
2966 159
1223 351
3202 2577
1716 1700
2023 64
520 1618
3205 860
2651 273
1622 883
2406 1449
1213 615
2463 1347
3071 1425
901 1534
222 2249
506 3182
2806 1562
639 3469
756 2425
1445 1423
2029 1782
2515 2473
1554 3011
2244 1021
1419 2085
1784 3461
3023 897
2711 1375
2122 1594
3084 1527
317 257
2412 173
2906 501
553 940
918 322
2644 877
717 998
885 2889
1012 311
769 62
34 2941
1624 884
114 1812
1252 361
2917 1181
574 1535
2521 1204
2119 326
2776 2387
2218 1905
2676 197
15 446
477 624
2332 2388
1479 3252
1067 2346
3243 1256
1464 2210
1191 2770
1026 2196
1263 2641
345 2569
3014 2013
655 1260
738 3027
2455 1303
57 852
2237 583
189 2606
3235 2779
3214 2724
2066 2993
2291 810
2325 499
1918 1102
1314 437
2739 1806
1992 840
3012 3162
2084 3103
1904 2530
1294 1788
2525 2170
10 1155
2737 2469
1975 2033
402 2
2715 1530
3200 2069
3416 2511
3209 1749
1342 1210
2556 354
1667 3227
2318 1824
2123 389
641 2084
3049 2580
1124 1718
3477 1928
1398 1158
2765 1730
2892 1203
3193 1908
3251 1142
3239 1899
1087 1262
3324 1212
3238 535
1741 2521
82 3344
526 590
2011 3274
2188 693
1313 910
2353 778
2477 3319
2014 1498
2915 2490
1363 2729
1613 1448
3226 1382
2633 108
993 214
2613 2743
1738 2428
26 266
972 1334
1690 802
569 1646
1040 350
1782 1293
3213 3409
1924 1869
1906 974
2315 2071
1019 1564
662 2465
1866 406
904 2199
2908 3177
2577 3243
1477 11
1374 3490
2905 2501
290 1156
3245 2056
144 237
2213 3002
3288 2370
2791 630
17 1561
3493 3015
2591 1014
1861 2693
2559 250
2654 279
1123 1180
1230 1929
1158 1822
1373 2919
312 3357
1568 45
1500 2234
2619 1189
2975 1768
2814 3054
3459 2097
162 1997
962 995
888 344
1816 1242
1973 2430
2533 1333
2653 1713
1349 36
1447 2339
1202 2813
807 1321
1155 485
3087 2440
2150 2088
2998 1044
2720 1378
2770 165
2849 2461
2433 1780
1522 3473
3286 875
1216 2835
2763 3375
509 856
943 2927
3045 775
2465 2132
2877 1973
2247 2785
2741 1284
2343 434
1843 3051
2615 3232
1517 989
2287 1673
1571 3192
1623 1664
2640 2812
247 3029
1634 480
451 2947
438 1237
986 67
1637 487
1753 899
1818 1194
2413 2582
2386 885
1984 3374
3175 2795
1802 1341
1749 2078
1407 3119
727 3273
1100 3121
3364 3382
74 1296
1576 1220
1776 1624
2396 3235
3132 2668
243 1238
2835 458
2897 1964
833 684
3466 252
449 3245
1823 2526
1874 2294
952 589
1002 1807
67 1619
3147 1543
3391 2869
1894 2464
1170 2164
181 22
1912 1395
1625 3139
54 3083
594 2296
337 1601
908 3146
1656 2223
2034 372
1525 1150
1908 2644
2108 1442
1498 169
2142 175
534 3082
3490 2163
838 2910
1014 120
2718 1415
299 2166
793 2304
339 634
2938 1487
3125 2817
1380 709
3177 1469
1405 3271
1555 1617
372 2902
2679 330
1791 3413
2721 2396
373 2053
103 868
1353 1496
3234 3397
829 752
2600 1509
2481 1483
1579 1566
2983 1091
1574 3369
1913 357
2479 346
2839 3140
282 220
1990 643
2181 1059
2260 2765
1486 755
2316 3365
539 360
2184 1006
831 667
2302 1769
1557 71
2874 179
3207 1662
3480 2823
3427 99
670 2904
2405 3297
2740 3270
2819 2781
3236 1766
2702 3129
2872 1537
2409 298
5 3450
3268 1666
1160 1128
327 2035
1322 2327
1001 555
3053 1942
664 2466
2851 3434
3160 1635
1062 1711
2139 2936
2725 1724
3112 933
3190 3147
676 3321
2618 3037
3417 1563
1283 944
271 1053
2621 2802
2211 1132
563 2605
2112 770
2657 984
689 3385
1171 1277
3336 2649
3259 243
318 916
3402 2447
1382 1387
3374 1236
2821 1655
2586 1991
1783 3180
2347 824
817 549
1041 1893
3378 1438
1426 639
2727 2093
2361 859
3189 3302
958 1304
877 2546
898 47
2488 2659
2304 428
3141 1778
3186 3381
2335 3492
146 1113
871 2485
342 794
1397 1055
2191 606
2704 3255
521 450
757 1443
2382 1536
1879 52
1090 68
1677 2689
1524 814
2645 7
2869 1540
2296 1428
661 781
2996 2560
291 1191
3347 3358
492 3052
729 438
392 1671
25 2284
1909 493
1771 3078
3168 2868
1145 2264
3281 2477
1188 3135
3197 2476
1235 1280
821 228
530 1311
911 3429
1960 1426
2948 593
1134 1172
3264 106
1708 420
97 3487
3122 2912
3140 596
2350 1614
235 920
1412 2159
836 263
2093 3449
3329 3378
1713 462
1058 3053
2271 2455
1055 3137
2476 40
2458 2799
3060 2154
163 3163
1491 224
1148 2311
3194 895
1466 409
2553 1693
1224 3197
1736 524
811 2620
184 2242
2932 597
2705 2152
673 1276
777 3152
1832 3499
3312 1984
921 2657
2042 275
625 2412
1268 979
3050 1298
133 2642
3107 964
2923 181
1140 3372
2498 3376
445 2147
1720 2347
2286 2188
207 94
3334 2027
1648 283
1297 315
2375 3211
3119 610
1983 484
1008 1074
68 1813
2985 1259
1150 3081
1927 831
3103 3102
2027 217
3271 14
977 1229
1790 2862
3382 1273
1671 193
939 1312
2366 1638
482 2815
2221 2179
2931 10
2475 837
805 1084
2207 2949
2136 3068
90 195
382 738
105 329
1249 1265
2817 3050
1242 1047
990 742
2377 371
2364 2198
3101 364
1239 2326
2326 1329
610 2426
1414 2102
2504 411
868 893
1727 1135
1127 1400
1196 559
159 2978
3478 3249
473 2717
1141 1444
1838 1585
2900 259
671 388
248 2914
108 3380
1587 1547
3079 3036
2649 86
1077 2443
1948 799
2346 2010
2200 3
1146 2517
2582 287
3117 1826
1988 1464
3082 1732
1386 1814
1633 1802
843 43
1718 3275
2434 1918
619 2137
2130 1968
2752 3012
123 545
3287 1481
651 707
2964 448
1768 521
2177 2887
518 609
642 2669
3216 2775
545 2341
1390 3313
221 2444
718 592
307 1653
2457 2400
1121 2187
2005 2442
2456 513
3048 28
1850 2303
857 3465
922 3091
1007 2292
967 960
2068 2760
3217 2931
2194 2711
246 3077
507 518
30 2282
3411 2475
1273 284
3352 1261
2984 565
2994 455
912 1244
2133 2778
1119 212
1375 2031
890 3424
1971 3189
2054 3056
2028 1875
3311 928
14 1079
3412 201
3133 2581
1156 1122
1627 76
1871 1567
2460 526
3443 2688
2290 331
394 3167
1018 3004
2899 2156
1493 2584
2992 1274
493 1685
3163 3442
2199 1868
2374 3401
1532 2012
768 430
66 3360
1611 586
2792 2535
2079 1157
79 1668
2986 1370
929 2349
3201 1315
580 2566
746 127
956 1083
2514 2804
3302 2214
160 1805
2159 1629
2151 1116
1448 2692
2541 3244
1460 119
3433 1045
1147 3494
1999 2377
2215 150
471 894
2691 519
1318 270
692 2710
2761 1712
223 3379
1649 1169
881 1058
1682 238
158 2972
365 2796
2626 528
2246 797
3306 3049
3120 2956
1335 714
897 280
512 3191
2912 2977
2888 1939
1161 2173
80 3101
775 1988
155 600
1370 1239
21 2497
3145 1896
2894 2576
412 1424
1355 2602
1133 1565
3169 1697
2300 3228
1560 1981
2354 1888
2470 453
3056 1301
1710 651
230 2063
2182 937
1265 3193
3017 2505
2777 2459
3089 2409
2766 919
31 951
1711 931
1527 2987
1919 3154
59 2547
2385 3222
1813 3194
2430 1847
3052 1409
233 2250
2876 320
3113 144
436 2274
2694 395
3439 9
3405 2138
1421 218
3263 368
2623 3410
2918 1801
752 1866
3001 1548
2388 1279
707 17
1684 304
3055 2667
169 2087
2634 861
2734 777
2816 3124
2779 1393
841 272
2447 1175
1564 3290
813 3342
3403 1616
1089 635
1261 650
3016 335
570 1882
1578 3335
3338 3348
2840 136
2311 1233
331 189
809 2414
913 2600
2505 1394
531 3008
2222 1985
1082 1065
42 3280
421 1754
975 2532
2294 307
1096 825
1371 1600
3095 2632
1529 3134
333 2109
1848 1064
1387 2559
3158 153
2557 2130
3224 1887
1051 604
2635 3426
2548 1351
1052 844
2936 2682
2612 1953
571 1845
1513 645
879 2004
937 1514
3142 1384
1893 3338
1120 746
1585 2104
1061 2165
2789 3031
107 3495
2712 691
89 1557
2873 661
2056 2824
178 862
1031 2712
550 544
2466 390
1870 356
1963 580
0 445
1632 1955
1541 1944
3327 1197
3455 3435
1679 1494
3077 554
978 1305
1780 2898
179 2832
1862 3430
1858 2747
696 1860
2440 616
2380 3304
3432 1859
700 1369
581 192
1773 1949
1854 2238
2693 1965
3279 1742
2282 2826
99 2291
1985 2670
300 103
2395 892
2891 2658
1328 3455
2572 1009
3289 1048
597 3231
1581 3406
796 2967
1338 1823
3021 874
2769 84
2733 2735
1921 1605
380 2432
2074 1950
1468 251
3482 2283
716 2256
450 3125
44 1240
2052 3351
1997 993
1889 2883
1826 2448
2523 1851
3404 2457
2352 30
1512 46
2696 3123
100 3267
285 3326
2288 1246
1243 2877
3130 779
351 548
1277 2184
2453 1270
1956 2764
1873 641
2394 2676
1033 1977
2148 1691
1551 3315
2176 2705
2810 2507
1229 1281
2638 2968
3354 1086
2678 1068
1536 2266
2225 1640
2690 2367
1880 3075
1206 2403
2371 2522
763 2893
1705 1649
2435 1320
1621 1061
3401 1004
2192 790
1616 1933
353 2128
737 2484
2970 2897
1066 78
636 2722
3274 3423
2726 2096
2847 732
6 2224
275 82
1321 2573
2999 2739
587 213
1598 66
1699 3261
1755 200
1762 0
106 248
1601 2177
3248 1104
3124 2009
502 2506
2681 1034
499 3493
1638 2989
1774 1827
2977 1731
965 2496
1069 1506
2025 2696
1117 3067
3109 2758
3170 3485
2914 978
1993 757
3233 1607
2197 705
830 2719
2609 805
2748 1071
1251 1352
2217 2944
2583 2741
2026 3005
273 2075
1462 2613
3212 913
1562 722
1389 1013
2683 2578
1770 1772
1112 842
3054 1852
2730 659
1286 3467
2502 2635
1570 3440
3096 927
2274 2884
1702 1972
1238 985
1583 873
2907 488
748 2834
2787 3483
36 571
2949 2142
1506 1840
612 2479
1509 2626
2391 636
2581 1969
3044 727
2978 579
646 1278
2121 57
483 3100
55 490
2540 737
2086 2853
954 613
3310 3296
12 2141
3278 1338
961 2269
647 3204
166 1931
3258 1408
2367 591
886 2323
787 2157
1333 1480
1270 1582
3164 1810
1746 1580
3250 476
274 2287
2427 1872
1323 942
1636 3281
1955 2759
3434 2417
2258 500
2275 2480
710 980
2719 1043
2924 1675
490 2664
180 791
2926 1215
2729 1722
1706 2307
713 1670
949 204
3199 2975
2799 2491
127 2244
2829 2929
2830 3157
1615 1406
1586 2706
941 672
1339 162
2675 3460
2773 1735
3294 3260
1272 2355
453 533
2303 3318
1534 473
1039 1470
2641 1903
880 1907
1076 2094
2860 1734
770 117
2511 90
3227 2555
2075 133
2236 124
3431 2227
3498 1620
3381 95
2128 2660
1193 1714
947 1584
264 1052
1203 1621
358 1598
1291 2894
2168 542
1592 32
3256 183
1032 1962
1507 3265
494 2757
3484 3108
631 1482
251 1218
1916 3207
2002 3446
2308 2195
2276 1429
559 2551
1666 3040
2667 972
1659 1632
2551 1804
1315 2251
3115 2344
590 1459
3376 2820
3118 2216
1958 2397
1998 2335
2601 2118
2161 254
3150 2979
1725 687
691 963
665 1708
789 3107
2337 2038
2421 1241
1717 1022
1511 2149
1068 265
627 2390
2673 1946
1352 2523
1285 1127
1255 2932
1267 2913
1073 1503
987 1455
1400 1839
1316 223
418 3164
1969 2468
1438 80
1415 2731
583 1516
340 1182
310 2882
910 2129
2677 1497
3400 1297
84 2146
1902 2728
406 817
3 1573
3426 1676
3495 773
3222 955
2500 663
2934 2220
225 2433
2565 1003
1083 2685
2439 1634
2538 3464
2643 2252
3440 1752
238 2172
1608 3447
1803 2148
101 2352
1220 3425
2685 1746
1733 1040
1075 3497
2529 1781
2336 1828
554 788
2834 234
951 1848
1590 665
2061 138
198 1419
568 1195
2771 1401
2596 567
261 2277
1620 1787
2448 2499
3198 1759
191 3419
329 164
2486 2123
135 3009
859 3276
3011 725
1211 2353
1842 1326
633 2542
694 1054
744 2495
288 1952
2393 1599
115 277
3253 2207
1617 1811
1824 1049
332 1555
2257 3404
3349 762
1288 1170
2436 841
604 140
2655 2271
214 1650
2497 918
1233 55
2370 1186
2989 3295
3358 1344
638 282
1290 199
1459 1863
643 2917
1354 520
408 1783
1698 751
2383 503
617 2900
486 271
1695 1171
516 3325
3399 414
3029 2259
2249 1531
2387 1029
1933 3307
1739 2005
1424 958
1195 3007
2131 2933
2744 1076
1149 2549
2723 1819
784 1761
94 2564
3388 2784
893 1678
1799 834
1070 879
7 2572
2263 712
3283 1747
2116 1178
3292 3247
433 2044
2144 1094
2850 1112
649 2114
1461 2846
1142 3393
1098 539
703 44
1806 2610
2206 3412
459 719
150 3443
2658 1414
458 936
887 466
2345 1343
997 56
715 3200
50 704
2862 2650
501 2679
1744 1219
2214 2405
2823 3343
955 750
65 1073
2785 1919
387 1319
2149 294
1266 1026
873 2041
3330 864
3446 3159
1105 3148
3474 2375
1941 2652
1820 1031
3034 343
2046 2190
3337 2558
3027 2828
1063 2231
925 2880
2871 3094
2381 1994
551 1146
2154 1140
1057 1569
609 1088
296 3479
1085 2678
708 3206
895 2966
3479 49
3074 515
250 1613
2284 1199
1882 3433
914 1791
541 210
154 1466
902 2843
1289 1267
1476 1808
484 178
624 111
3429 3220
174 581
442 1940
1048 815
795 1421
3448 1951
2067 1216
1932 245
3488 3174
3320 2020
1151 2211
209 1363
18 2279
3230 1159
2146 2236
3398 2675
2808 1947
660 1886
3390 2431
1810 2422
2252 1925
211 2732
1383 494
1359 3168
2642 349
2778 3323
2532 1854
1174 2037
1809 1663
1964 2316
1989 833
2903 1176
376 309
1234 2254
2910 2964
2245 2896
613 2418
2610 3060
3428 2182
2178 2694
2995 1797
1175 1399
1045 1935
1561 3398
1496 2404
2597 1248
2420 1630
1430 1211
2576 2594
435 3234
2359 1861
2227 2058
1857 1726
1334 249
430 31
2185 1541
1317 1523
1187 1245
776 2194
2292 310
2062 1765
3088 766
820 2753
1543 1879
724 1295
1115 3259
1856 2293
314 2310
1981 3340
3396 1072
2522 976
2114 3018
2762 907
1697 1874
9 1873
823 408
1962 2598
2398 359
1003 1539
3369 1857
45 776
1804 758
2310 2816
1099 646
156 2024
2379 1727
2661 439
1470 416
1759 2800
948 1190
3346 65
1640 836
3497 938
3128 2162
2927 889
549 2510
1247 1145
2751 3210
2348 317
1549 1010
2617 2153
822 1456
3487 827
1900 338
2629 741
3276 2801
2537 327
305 733
2401 2791
75 244
190 2851
1686 3356
1631 1080
2870 233
1740 1017
2692 2060
2135 1688
1614 2351
1199 2672
2058 1027
1680 2406
2474 2222
1811 185
1358 206
356 2918
1869 2273
1865 1379
1772 1560
1940 3353
3218 1357
1433 2101
2889 59
3423 523
2179 2247
170 2061
1819 2524
2941 2837
2174 780
1815 1625
760 679
1595 2570
861 256
1215 3327
2461 96
1210 274
1071 1322
338 1738
3430 674
3024 1924
131 1841
2492 3489
2069 2841
2092 2922
1434 848
3006 187
1250 85
2356 427
1892 1412
2264 3061
2735 2738
3342 2322
2355 21
1566 1103
3196 1435
1660 821
1945 1957
2378 1937
2836 599
2826 12
2650 1707
3000 3000
1411 2726
3232 2634
2126 2003
1320 1005
1300 3199
452 235
253 113
1310 598
2768 845
1758 829
584 851
2543 1192
1467 109
77 1165
320 618
603 649
3316 2655
228 891
2589 2343
1225 1391
1747 3030
2441 1374
1567 3153
2809 1032
1954 1932
52 1174
575 3175
2158 570
3445 3370
61 1202
2203 1431
2987 2633
344 1550
2580 1323
3254 2489
3247 2358
535 2921
788 54
349 1578
928 820
263 1457
598 3308
391 1300
47 122
16 2762
2547 2392
2639 2945
324 1193
1588 2288
2432 2928
1101 367
1937 876
1311 514
1934 2596
2491 2859
1228 2369
3467 532
720 3359
2749 2498
3159 1087
2152 3236
899 2915
1332 1299
405 1709
3064 2486
747 2263
3343 2055
3425 1830
2473 683
771 2852
3280 1904
1778 1209
1646 297
3361 1015
454 2766
1194 2930
2946 721
3301 2543
853 3242
734 2413
2454 318
842 1078
1240 1779
3269 2864
316 1462
2687 2286
1977 296
1125 2965
3357 1684
1088 325
3018 822
1703 323
3435 2168
1319 1437
374 594
1013 2951
434 1998
2414 1269
2703 2493
1914 1552
1757 1789
3242 1492
1103 3196
2901 3043
1450 3416
1849 1359
1186 415
2988 2208
2955 3488
1036 341
51 1835
1396 1660
176 2763
1864 207
400 2636
1872 1979
1271 2683
845 1118
1593 1553
1164 3230
1939 731
3325 2746
2493 2260
723 3062
2684 463
2040 3257
1016 301
522 1119
2852 680
2587 365
2141 2262
3300 806
323 1551
1381 996
1205 2958
3285 728
1987 652
1391 2702
2338 3377
1269 654
2389 3156
1542 2336
3153 2833
2490 1825
1859 352
62 2225
819 2557
1452 1201
629 2545
498 3044
3331 706
1226 2452
88 491
3086 2872
896 923
1309 3026
2036 1639
1166 2901
2764 1745
970 459
1463 2201
850 991
1952 2197
1602 34
2267 88
1331 13
2298 2721
3083 3221
2180 142
1922 3439
3339 73
142 2124
2552 1941
2911 1809
1241 1063
1439 3266
2426 3256
2478 1200
2013 198
698 935
1404 3214
1915 3173
2708 2565
1305 1682
946 293
2334 1881
663 3470
301 1961
2861 2436
3195 2077
791 1069
1472 2621
1530 145
171 3454
3229 1133
1502 1883
786 2708
125 3183
1807 1679
1056 1302
2077 1923
1972 413
2272 1855
2468 1403
2993 2213
2307 255
2759 1990
2842 23
1495 1227
878 502
701 2039
731 3427
2731 1721
3304 1590
2160 743
2442 796
2781 3291
712 768
303 2226
399 2611
244 699
607 1325
2516 2886
2958 2982
2220 2878
2782 2363
3114 556
740 116
2099 3033
2700 2385
825 1862
1287 222
517 2192
2979 2070
3219 474
2043 1744
730 2107
476 3165
2935 675
2558 2561
920 3088
2012 1207
1474 1096
2732 2381
2224 496
1923 1153
1080 1036
875 2435
479 2325
976 3237
1769 394
2019 631
854 1020
735 952
2754 403
1947 2245
2330 2552
306 2026
2172 418
1122 568
3469 1097
1546 1729
852 1511
259 328
1157 2155
2037 3463
1651 2001
200 3431
1833 441
1965 423
423 1307
2496 1050
2560 77
1345 2191
1274 2011
395 2305
