3500 9000
3019 1364
2320 382
2766 1982
2673 1104
209 1951
3382 1652
1753 2474
1999 1992
998 2662
763 3356
2529 157
2598 1698
189 76
1204 2183
2800 1264
1371 893
3392 3498
2645 3273
2559 2821
1802 894
593 717
2750 2624
1006 90
1794 3225
2197 1320
1033 326
2932 2325
2863 2398
2312 759
1479 1753
2959 2964
664 1090
2623 2045
2231 1673
2082 480
1844 2250
1743 552
891 3281
962 2059
2471 1718
129 1868
559 1043
2385 427
2527 3088
1886 3060
2294 931
2389 2691
484 3436
3020 258
596 3445
346 2243
760 3466
2945 4
1398 1960
1221 2510
3169 3246
2259 2700
3148 1146
288 1849
3054 2031
191 2955
2277 2513
2611 2874
1457 1577
113 1424
2721 3043
776 3404
2751 374
1195 123
964 577
577 1907
53 1329
1057 29
51 1671
2403 2417
3015 2854
1032 1503
3340 1891
436 1101
148 2229
194 1665
956 1383
3320 1315
2093 687
448 512
1031 2752
943 2551
2439 2810
914 1501
2861 1736
354 1220
375 1536
266 1450
2612 896
2835 371
3222 2196
1055 2143
3264 546
1765 1833
2681 3298
1290 1325
466 472
3400 1928
3293 830
2152 290
2293 1308
2808 2749
629 1050
12 3318
1807 3209
2446 2850
580 2470
3394 2886
984 296
3248 2717
920 2716
1152 285
851 1809
1008 2171
1659 2707
1372 1805
934 2753
3073 1504
555 559
1537 239
1341 1537
2843 611
2344 3022
1640 26
2862 2049
2217 249
2049 2591
3266 1828
1144 2579
1525 1285
930 2472
1892 3011
1356 1253
347 256
1052 2036
1908 713
3467 406
2316 2234
2383 863
645 3324
1210 3090
3443 3137
3446 2084
3455 2581
2488 3212
823 924
522 2069
2188 1071
2297 555
2428 215
1217 1489
1357 2298
254 1094
181 2485
773 580
1405 2945
3354 1472
1063 1258
1589 2564
1541 2062
2682 825
1781 1367
3046 1393
1324 2258
3395 598
1829 968
2707 1294
836 9
697 1521
3380 2826
1834 2667
3104 1778
1065 2537
3294 2038
3295 3368
566 1129
279 1042
188 1939
2286 686
3249 146
1749 2957
1089 217
1237 1794
2892 586
670 1008
2340 2838
3425 69
358 1175
2401 2484
473 2615
3414 1748
1393 116
1499 644
3082 3252
2495 2544
3165 1515
1435 79
2765 251
3203 3135
2924 2197
2325 2972
2126 1819
66 3422
2533 3241
134 2251
241 2656
978 1895
268 1390
1342 1604
911 1815
338 2000
2352 710
2853 770
1726 18
562 2110
1913 237
2149 2825
269 2104
799 2303
1614 2320
1353 969
2691 610
1039 738
2594 297
2416 2070
1671 423
2522 1492
3373 920
2969 324
537 780
386 648
673 1886
1779 2416
10 1830
1670 2936
40 584
3016 1252
2792 2004
2865 808
1821 2377
2478 3171
1104 2923
2322 3045
2307 779
677 2285
2500 2445
2938 2877
3496 2851
1382 693
127 2726
31 2106
2777 1281
692 2071
1745 1033
3225 2690
41 2137
2842 2253
1870 2491
3449 3463
1680 903
1478 2560
1345 3094
867 262
1386 1783
533 2114
2193 548
2643 534
2992 3189
2695 496
3378 2882
2952 3448
3095 2819
3424 1046
1219 1581
889 114
729 370
626 317
2511 583
2061 778
2943 3429
3075 1689
2775 2133
1721 96
3452 1065
1626 2077
2688 1699
2868 8
1722 761
2162 71
52 2681
1190 3035
1059 300
3255 1722
2888 2395
2076 1713
2022 3447
3460 2394
3210 1510
291 3242
2278 400
1168 622
3215 1899
2382 2355
2692 1816
3235 1793
1808 1637
3156 449
1409 2675
3261 767
105 1720
2232 2539
2103 3465
2882 550
2998 3144
2189 542
1667 798
3232 1488
1859 341
1939 360
2815 2464
1607 1176
100 343
3238 132
384 1881
361 2339
3158 1391
3074 1128
2926 1117
1819 1370
2778 3065
2636 951
728 391
2262 293
3038 3007
591 2622
1534 569
1093 955
3097 198
667 174
1110 2032
218 892
2686 3053
2432 3486
1887 749
935 1817
1553 439
3367 813
496 1036
3001 2922
307 1395
2630 918
2134 3314
647 2885
2437 3056
1860 196
1351 342
1014 39
1772 1764
1945 1978
1602 974
837 2345
1218 3240
3099 3215
1424 1973
3121 1084
2912 2974
2583 453
2578 1496
2950 2382
556 2302
2468 2948
1796 3181
441 3031
343 1858
2940 1196
702 1133
2941 2631
3342 576
708 578
684 2789
2935 804
1091 3396
2876 2824
2743 3272
1616 1617
573 802
440 154
3299 3437
2951 3271
1286 2448
3369 1215
3270 1
1053 1177
1269 3333
227 152
1881 1451
1838 976
2005 3277
1739 990
1056 1206
1698 1676
3231 861
274 413
2923 1719
560 1283
196 3386
501 1191
948 369
3043 3210
1049 2674
2918 1460
2158 361
1331 2969
3393 2606
899 821
2075 1642
3492 3455
1498 3475
992 1024
1425 1076
128 2991
2738 603
1058 671
857 737
7 3427
17 1691
50 362
1654 2083
377 860
2358 2641
2871 1674
3004 961
2510 3000
3000 1254
1650 3293
1907 2577
1702 2750
1275 3051
2194 1300
1379 1936
1107 2897
656 2073
2239 3367
1873 2301
1855 2728
2494 2127
2544 115
1418 973
2296 2843
1475 921
3269 2019
2917 2463
2737 3227
2041 2283
1951 1178
1760 165
1628 408
86 254
220 902
1948 709
1782 2369
649 1263
2881 1648
452 2561
3077 772
337 3066
2329 3169
1069 1629
1610 1174
341 1041
2547 1004
618 2056
3285 3276
3370 1872
2287 1999
1167 3203
929 1350
1853 652
1124 2594
3236 1054
2759 3487
3228 2970
388 2870
1412 187
3298 3403
3031 570
3498 2558
1225 2976
3385 2520
1575 2363
2811 240
1127 766
2223 2817
3009 742
1436 3238
1239 3126
204 494
3260 1038
510 3285
190 2781
3115 5
360 168
3429 1527
2852 2186
1463 3102
232 2389
1459 1929
1449 1369
859 884
2142 3224
1576 436
3499 246
1274 844
2748 623
1494 1680
2851 2374
2749 2162
1380 630
1989 1266
2413 188
569 358
2906 3172
792 1310
161 645
1236 1538
1495 2315
2048 2857
1321 2973
1188 614
137 1031
2200 1571
1836 2625
85 477
2376 1275
1285 2159
3124 1539
385 1075
1021 2967
1623 2616
3282 2842
464 1700
2963 1647
47 670
862 2764
2609 2983
2003 117
2756 897
598 1136
3330 1803
722 1651
878 2479
1305 1023
1240 3226
1083 2517
401 834
1719 1172
874 2682
2479 305
953 2465
2270 2179
1929 145
1864 935
472 2415
2784 2244
1183 1349
1970 2944
710 2508
1145 35
192 2259
2520 3159
2587 2076
1081 1073
3023 659
2534 1553
523 2173
465 2806
3205 1707
2180 3349
1566 3282
2966 1358
1562 2262
1430 1507
1185 1211
3068 345
2967 2074
109 3419
1789 2669
3149 2892
2313 1762
3383 2154
2653 1243
1594 915
364 579
2085 877
2417 828
2248 3151
2866 3253
2814 2754
2902 2701
3454 32
2387 1497
1017 2446
2886 993
1276 832
2580 1019
2604 1157
730 1829
975 629
3208 74
311 482
3199 407
2973 1908
77 1589
1984 891
540 3167
1560 1307
1877 3140
1746 3357
2920 729
3216 183
2227 1750
1043 3205
2981 2533
714 1696
3438 950
1966 1508
474 2803
2242 2670
1027 1574
942 1530
1880 2451
1075 2209
1926 753
887 2718
3003 788
3147 1806
3334 754
1791 1566
1515 1255
1578 2553
1814 1564
1846 3307
2781 1225
972 164
1902 1062
3197 304
727 634
1770 3302
2697 2082
3301 3152
3384 929
178 3164
833 2440
1358 1995
970 1606
1103 2027
1174 1737
2988 3190
2381 340
2195 3412
1738 170
1869 2142
2192 465
1458 613
1338 2163
720 1690
1196 692
2809 3237
1714 1321
1988 856
1757 2871
369 3202
3058 2648
1019 3211
1554 524
1755 2563
2483 3261
2496 136
1094 2652
2780 2424
1450 858
1799 2688
2960 2227
786 1345
3126 1963
789 3284
1257 2866
2209 1649
2965 1901
2683 938
2994 2204
2317 2101
1657 1464
3337 1941
1205 2863
597 410
2154 450
133 602
2727 1288
745 2565
1461 1396
3456 3432
1403 520
1235 225
2144 2721
3336 3084
3134 2088
952 1540
1142 2598
2172 2982
650 1877
70 2015
3047 1856
1113 3197
1153 1666
2104 2366
2059 2260
2452 2981
3159 1404
2386 3118
2801 506
317 1402
342 351
545 2649
3213 1246
2733 1277
229 3497
1687 470
1155 295
810 2737
1786 2935
3397 175
3493 3214
2102 2989
1718 2481
3491 1267
1015 545
1121 298
1184 2080
83 1852
973 2264
1480 261
64 2979
588 372
1693 2761
856 1685
1150 1863
2708 2291
1700 1568
1082 2839
3012 1055
263 2571
3358 3150
392 163
3447 1229
402 2352
2519 1826
3291 2869
2983 2596
2204 2081
244 2567
2370 1244
1429 2998
2946 703
2507 3232
1764 2044
186 771
106 1445
1706 2442
1023 1348
3417 2725
2677 2890
2160 1141
1163 3186
1446 2689
1528 1854
1818 119
895 2883
1552 2128
3233 1295
594 3289
3276 1388
1438 440
1598 3121
2303 527
2804 589
1513 1573
736 1171
2461 2319
599 1894
737 1000
2812 2713
646 1049
483 2763
173 878
1096 2271
666 945
1930 1749
987 2273
2279 2901
3005 2720
1193 334
2541 2402
1396 2872
8 126
2136 2623
3052 702
927 2655
450 2321
2285 1134
1375 3361
1519 1014
2179 571
2621 1135
1241 2875
6 1138
1675 2172
312 3233
2229 547
850 2740
2001 3076
2258 3220
306 2040
4 1081
421 2887
1705 994
1730 1583
1483 1078
1733 1162
2399 1763
489 3477
2512 1598
1977 3490
1030 25
80 313
1856 3099
195 409
430 632
280 1306
1656 376
3271 2333
515 2144
45 1124
2230 379
3089 1654
2848 2021
1944 1896
3133 3269
1248 1918
1582 149
1348 31
2760 3017
2858 1669
532 1517
506 1009
726 796
3033 3390
1392 3363
1909 3290
1381 599
872 3341
141 656
1686 2823
1500 901
93 86
2880 268
1922 416
3488 2632
1439 954
1638 1441
2443 1044
2576 2207
3411 756
2288 2730
1073 2147
2659 1167
449 1789
158 1882
3319 3251
2927 3264
2263 1586
380 3178
1723 2257
3117 2534
1388 430
2513 1980
2456 2715
2424 2050
1969 2770
703 833
3275 1775
3427 1551
974 2952
2846 492
2802 1904
2029 405
3468 1239
2469 277
848 2425
1508 2344
2797 3301
1072 1940
881 2118
2237 2643
339 411
614 3115
243 3187
3483 2719
715 979
1768 1068
415 1299
2308 3496
300 3010
2379 769
1488 1991
1914 1543
492 904
1128 303
504 1150
3324 159
2913 540
2850 349
570 28
208 81
400 752
3453 1925
2208 1173
2409 3044
236 814
690 726
2225 364
1510 3110
526 3155
1444 2161
117 252
1840 1163
1540 1463
39 1866
1994 1871
2054 972
1363 128
2124 1064
2393 2968
777 37
3226 3170
1432 2926
2212 2666
798 876
609 308
1194 91
49 27
163 397
471 387
272 640
1605 2334
608 1912
2084 15
340 1466
2666 3005
3407 2388
1234 1532
2986 3348
1997 925
1410 873
3029 820
2166 2847
3322 2714
3175 100
176 279
2603 1613
2614 1057
3348 2375
1899 3027
2997 2331
2466 3311
1655 2788
1862 109
29 3267
296 2879
3431 1121
245 3004
2732 1192
92 85
2710 2908
1736 1185
1825 2822
704 541
2889 681
333 2572
1520 1705
2390 1342
2823 135
1376 1247
925 1620
285 2611
3018 3431
2572 1059
1070 1835
932 2096
1622 3328
3078 646
1874 2314
2365 803
628 1946
611 1874
2716 3450
916 2771
2276 2237
2593 2556
2238 2580
2887 1668
2020 879
419 1914
663 1137
2125 1471
1173 1087
1364 1335
3462 1656
1411 390
968 1683
2034 922
2037 226
1669 3243
2995 388
3223 1245
709 607
1567 675
3166 3262
2371 2368
418 447
1532 899
2524 730
746 3023
2332 2894
1711 1774
1832 73
2608 414
3412 661
3137 1088
508 2046
124 810
740 1112
426 2918
2013 3371
1452 3494
2642 2780
2264 1859
3227 3467
156 2928
142 3478
2405 1981
494 72
1813 888
1577 1397
2280 3337
182 2903
1502 1003
2360 1997
3209 2295
2974 2729
822 2435
870 2429
812 1378
2505 1968
1949 2934
674 1776
1635 1052
3497 1772
770 2925
3051 1216
1758 1100
1967 325
3125 134
1496 2293
2830 67
3241 2438
3433 962
1535 1280
3300 995
3366 3278
98 932
101 1976
552 2790
2435 3138
1548 1025
201 791
892 532
357 2647
2550 1892
2579 1608
743 442
1028 1751
2807 1919
1701 2020
896 2242
514 1548
2196 1331
1530 966
3450 1556
1904 1410
1300 301
3025 350
1453 585
568 3479
2638 998
475 2978
138 2876
977 2820
842 2432
284 2744
305 46
2675 1873
1325 327
1599 2867
1197 1684
1677 1440
2581 2490
1045 3410
512 1523
1715 1942
1277 1303
2978 2891
3061 142
1165 1768
2705 2755
15 1884
3224 975
2014 491
2318 2467
1823 3483
1151 1639
3351 3376
1116 1714
391 56
2819 2459
304 695
738 1702
778 714
1229 2030
2380 2907
2746 275
1800 3323
75 1582
1087 2270
1226 1018
1641 2497
2273 2743
1335 913
32 2460
3263 2378
3356 2841
314 2079
3221 2672
2518 2697
1748 2929
239 1922
2267 2225
613 2679
2153 3321
2348 712
2839 1838
1648 1989
1773 3077
2236 1636
1464 786
2147 3087
3168 3192
2330 2235
2637 2008
840 1579
3096 2449
2723 522
2715 2668
389 2791
1959 822
3422 2898
1423 1710
1352 419
2254 747
1868 2075
170 2920
2514 412
2937 3426
2345 1095
303 3153
759 179
1784 1585
264 2583
945 758
1036 2617
1262 1099
1279 2794
3212 3350
260 1798
3207 1202
676 1354
425 2916
1928 1034
2634 189
1385 2105
1327 2999
1230 1443
145 3236
3191 3204
1115 0
2407 1286
989 3473
2573 335
3098 476
2460 1911
662 677
2817 1098
2898 2191
242 3266
1676 782
1852 1559
1223 23
2080 1165
2836 3048
3254 2324
2215 3499
2701 289
1900 3113
2569 2659
2122 167
658 124
2870 926
1208 1814
2459 2868
76 2057
3062 267
2538 1920
3167 3165
2515 1334
2421 2673
2948 490
144 3415
1817 1199
2542 2155
1744 352
1419 1935
1247 2686
3466 1974
1421 829
159 3014
2678 2604
2597 2117
750 2
790 2003
2724 2428
442 642
1747 2538
151 1346
3179 1265
1162 3106
1132 2809
2282 2638
1740 2986
2033 2536
518 1563
853 3248
1477 1688
699 111
2119 2977
1462 155
3091 3295
2032 2160
3326 190
2235 294
2105 745
212 3116
3471 1955
1593 2846
2453 443
602 2589
2565 1885
493 3433
2257 471
1395 1797
719 3452
3404 812
744 1093
1841 3364
410 3101
103 708
393 218
2008 1943
1573 823
1518 3244
3044 1996
1454 647
3103 30
458 3319
2354 1853
1947 727
625 329
575 1198
324 683
1665 809
2120 2646
1631 2751
3026 1193
1679 3024
2394 1166
1627 1372
1097 185
831 1603
2671 3213
826 1011
3188 148
1777 2759
90 348
1762 2025
3109 544
379 3259
2177 2950
3357 271
1256 3105
3244 668
3273 1060
114 1416
1022 201
2246 1533
1125 1575
1592 3117
2077 3287
634 2001
2086 2855
2333 1518
1391 2900
395 356
2062 886
2256 1484
1684 587
2051 1640
3289 421
313 3434
131 2307
2657 166
1048 2695
988 3320
749 1446
906 533
439 596
44 108
2 3435
2644 1950
2055 674
3469 3016
249 3453
3386 2100
2164 1276
2984 207
1731 2466
1447 964
1270 3049
2773 2777
3045 2835
1646 497
1280 1765
3458 1069
771 508
270 2311
829 1214
1182 1549
933 1661
363 1660
2106 1948
2591 210
2202 2413
58 572
3486 960
2849 2704
2793 1439
1191 104
1903 2940
97 1289
2916 184
2440 2200
2457 1633
2907 1813
2741 2282
3303 1272
381 1316
3037 1834
1523 1047
480 3036
3217 420
2828 698
215 1953
2827 2034
3214 16
564 947
2046 1125
1473 193
187 1782
1683 2054
1613 200
3304 2768
1273 2146
1090 2889
701 1381
2663 3100
1905 195
454 1330
1921 378
2362 504
2480 2529
2676 793
67 704
3355 2246
470 3336
1550 1555
2454 383
1861 992
1820 1452
1077 1659
516 3122
791 2455
1390 3092
1620 2992
632 1821
1051 487
775 2710
2607 1716
130 2404
838 3025
3017 2284
819 1972
2430 1465
2841 1230
175 1077
787 3041
2742 1366
687 1319
733 718
2198 2500
1406 881
1891 2654
969 1312
1754 3444
33 1447
2874 1569
1505 1326
1100 1952
2183 1498
3451 1291
1292 2702
1611 851
620 917
2113 1717
2069 774
171 2129
1378 1593
2182 1227
3490 2317
546 2736
390 2095
2118 2530
3268 2351
2250 887
2782 2279
1696 874
678 1409
528 537
2145 1344
2713 264
2098 2085
561 357
2650 1453
2768 2013
2753 1182
3310 2340
3252 1200
2337 1967
1482 2386
2528 2767
985 1773
2549 3484
2036 2261
335 3111
846 2938
915 1035
185 452
2680 3073
1245 2758
2832 130
3353 521
1401 930
1574 3163
1061 651
1707 854
2455 600
2079 241
1362 2177
2207 3334
1533 2441
217 244
946 2849
2384 2409
1734 2327
2532 3096
1149 2121
1797 2316
2481 162
884 1474
1842 1026
214 2218
957 434
2129 3378
802 949
1546 757
2451 3069
2752 2836
1803 3032
3448 2189
2873 2834
3107 3114
486 1389
1192 112
3100 1860
2956 2693
637 1687
996 3183
1130 760
2021 3188
1673 3254
1699 3067
550 1205
3242 3338
905 3370
1169 368
2482 311
1752 2727
816 2252
517 399
2689 1250
2498 865
1199 2578
56 3388
2290 2247
901 2921
3079 2217
2764 2575
3172 1865
1203 1194
679 1359
2947 14
1158 2603
2771 247
2065 1021
1995 1085
3076 2546
898 1309
1724 3156
455 2612
3036 2029
3302 1470
1672 3201
68 178
2253 2566
2740 2210
2397 2574
3387 1870
2121 88
3420 1048
1283 2028
910 2559
657 231
815 1570
110 1692
858 688
2161 2185
3219 2125
1326 2437
1046 1365
1166 1282
578 2735
328 3335
3059 3177
590 2313
1824 235
2311 2802
1828 2132
1920 936
2806 1218
2109 3488
2556 3082
2099 52
2302 3182
2615 988
2872 939
2875 2017
237 981
2486 3392
2684 1144
1101 2829
1742 3329
904 1190
121 243
1367 940
1146 103
2319 2145
2045 433
897 58
2369 3389
323 2407
3495 1788
251 2306
2128 1528
3408 2799
63 2993
2418 654
22 1195
3278 1529
495 1357
5 850
835 2723
1312 755
1600 3414
1339 1979
3375 1442
332 1070
818 997
3146 2190
1526 1457
250 1469
2143 1711
411 1082
2363 2895
146 3134
1536 1092
2181 2483
1559 2400
2315 1241
373 302
3318 2228
2012 1917
28 1635
491 2450
582 1256
1011 513
691 867
944 1734
3189 1493
1215 818
476 137
2890 627
926 862
1987 2039
1136 3299
1460 605
1487 2705
1751 177
1509 944
2338 999
2151 57
1953 1110
3187 1712
954 1139
688 1407
1109 2206
457 2732
2292 2910
2561 3062
414 253
2035 2016
1148 1197
2009 1631
2735 3166
551 2629
1394 463
805 2033
143 2288
3277 2906
2789 458
231 2963
261 2476
865 194
437 3394
3127 1601
3389 1020
2725 1063
2266 1578
3060 1091
3136 3482
2667 2828
3280 958
1086 322
2991 1902
1307 910
3287 2373
1102 2676
2492 2699
325 286
3258 2774
422 2775
3048 2064
1222 2238
2343 1785
1497 2338
1282 1154
689 2287
659 479
1267 355
82 1988
1998 129
219 501
359 488
1384 359
1666 2232
1780 1238
1957 777
785 2035
2622 3173
893 2397
1569 2865
329 2343
2856 2365
167 2405
456 2265
861 454
711 1931
2900 919
2408 636
1958 2506
3114 1770
216 319
2586 1377
36 621
331 381
3094 403
1586 2174
2755 1097
772 2597
1507 344
1187 3462
1996 507
2877 3332
1180 133
1943 89
2004 2590
1147 1360
2536 2346
3283 3120
1543 1706
3131 2335
2944 464
1106 898
511 1755
1547 1500
1946 122
847 93
574 398
428 3129
3183 234
3086 2651
1025 415
126 880
2820 1545
725 1423
1647 1436
403 1739
1416 1010
2709 3131
165 208
356 2072
783 1535
638 125
2341 1869
3116 1421
1704 1455
2595 2587
3042 6
2436 3369
2039 890
965 493
2504 3353
2562 495
1992 980
3030 3104
1135 44
1141 618
2911 1975
1301 3460
2796 1188
35 1499
205 212
1212 1876
1674 66
1001 1487
3145 98
2449 176
2056 1427
2696 2795
1830 678
2423 1878
2101 1485
1727 20
2244 54
3265 2663
2477 2939
1041 1341
936 682
3308 2201
1557 2844
3288 1273
640 77
921 667
135 1480
2993 1053
2434 1142
1002 3030
1630 1576
2392 3309
119 3001
860 741
1067 1678
1295 1864
1471 660
761 1804
1831 2605
1407 2678
123 743
55 1682
3195 517
416 59
1426 1089
2537 797
630 649
767 1883
3292 2584
1000 1998
1143 1362
3465 228
3101 934
1224 49
1442 1386
460 2176
488 2954
1253 2685
2083 3061
267 1938
2554 2488
46 3206
1564 848
1361 1224
1910 3068
3229 2274
2805 1411
24 204
482 2065
3055 1189
604 2193
166 799
3343 1017
2159 3257
2174 2818
3123 1847
3093 1526
2919 684
2908 2067
1468 2984
2040 2457
2624 3184
2074 1812
2712 2305
1728 1842
1308 276
1029 1913
2914 2971
2525 909
2824 2512
2155 776
3426 3217
995 1949
1 310
1181 1405
2493 2917
427 265
1078 2881
3309 3199
1263 2341
572 1401
2929 3095
1350 424
2327 2786
2503 1242
1112 2778
747 2419
1805 2742
1790 2487
174 562
1893 1006
3063 1435
164 2359
3374 3366
1470 2266
116 2236
583 2913
2088 3231
2879 2645
1717 3491
2660 1419
1413 1800
648 839
1493 1516
417 499
1304 2618
734 478
3139 2168
627 3037
1527 665
374 1544
2171 2047
2497 2014
3122 734
1847 2414
57 21
2053 2779
481 2502
1465 1846
1302 1924
2438 666
3070 316
102 278
248 784
1927 2005
1619 2018
1272 2496
1732 1398
811 1694
902 2766
2410 3345
1975 2545
3193 801
1822 2541
2720 3057
1294 2543
538 2115
3119 1624
1787 273
169 1483
1956 3080
2758 942
353 2519
1621 978
11 404
2878 2135
115 1905
2309 2212
3253 1240
21 800
1227 2447
1866 1983
177 1186
3083 916
804 959
764 1368
868 1567
1798 1022
3415 221
801 1143
345 2562
3256 2349
1437 845
1833 219
923 1580
1012 2550
2252 1534
539 1791
1243 866
3481 266
2953 3239
1839 549
2990 65
527 722
19 2131
3065 715
2351 826
2734 3218
3284 2102
1708 3015
278 2552
2546 1681
623 2009
1915 2924
1793 1867
907 635
1516 574
3311 274
1658 2696
502 952
1524 222
547 3125
2972 3411
1013 332
2404 3384
3335 875
1252 3109
1373 2621
1934 1029
150 1546
2441 1740
2445 3383
3182 519
2412 2515
3021 78
2869 2554
2346 1482
79 2379
1114 34
224 3079
140 984
1271 970
1625 2985
1885 500
3409 1657
2465 3327
2949 616
1898 3108
297 3379
1697 2899
1565 2783
2372 2858
797 2292
752 2862
479 2337
548 2380
615 2007
1986 380
3365 197
120 933
2648 1217
780 1987
2100 2376
132 912
3102 669
283 1650
1795 2421
1703 2267
1558 3179
1923 1161
3034 2364
1879 2219
1954 1274
949 257
2602 3340
1979 1332
694 367
2847 3395
3174 2086
1615 1757
883 2760
3372 2362
2896 63
2117 1781
2028 1212
3439 2896
741 2297
756 45
3151 1759
2502 2158
2191 3310
2444 2108
1126 3086
404 87
2618 1422
259 2052
334 3222
1172 120
2484 3228
1851 1513
1643 280
160 1839
2803 2139
1228 1623
2909 2573
2605 1799
371 639
2175 1672
584 1278
1644 1119
549 1728
1316 2308
529 169
2901 1729
1694 1116
1579 967
1919 3275
2791 2048
1590 1622
453 2933
2672 3064
3211 337
1189 230
2897 1697
1585 1028
2260 1658
1119 3470
2939 1108
1246 3123
1120 1304
3402 2639
1741 3375
2694 1456
877 1209
2617 3317
1420 2585
2930 384
316 2637
1098 446
1117 869
849 1160
302 1961
1580 2002
1202 1458
1950 333
753 2475
589 3351
485 1012
2540 1490
1366 1126
318 1965
2220 3408
2064 7
2563 1903
707 1605
2982 991
1858 3439
616 3354
168 1506
521 3081
2306 1855
2633 1801
1991 1347
2073 2919
852 2318
3363 3124
2646 2535
3332 597
1397 2041
821 2644
2762 182
567 1857
639 2026
1990 2756
3494 1725
3352 3485
2391 288
2176 1645
917 1844
1318 287
2042 1413
434 3381
3132 1735
1491 1780
1883 2099
717 2418
3323 1944
2936 202
368 3405
2349 1459
2356 3141
435 2091
2601 2733
348 3322
3164 1318
3194 3418
1932 223
1811 2226
509 1494
444 3493
1266 1251
3312 3468
1584 889
1783 3098
2350 3196
1980 1279
803 1520
1200 106
2347 3401
3162 3180
2156 2486
322 2433
668 396
1595 1932
959 2156
1306 908
2138 1621
882 638
255 1747
398 3424
828 3260
2331 127
980 530
644 1731
2499 1432
253 1051
976 3055
1549 1596
3390 811
3246 2630
2169 662
2081 1744
1232 1169
765 511
1303 3185
3008 3148
3150 842
172 857
3279 248
3428 790
971 1584
1662 2914
3177 255
982 2092
820 1808
1440 2830
1251 353
2199 1032
947 1183
1597 1742
3362 1695
1618 3009
72 2805
1511 47
3459 1880
2027 2852
2274 2469
1629 705
757 2385
2184 1429
779 417
99 1337
2328 2043
1906 3305
3475 429
579 748
3482 2800
2831 2827
806 721
184 2757
2968 2518
1404 3083
2975 626
507 2453
672 1505
2447 1080
534 3489
301 1114
3437 2403
222 2436
198 2430
2000 2784
321 1879
252 1845
2674 700
636 2492
2139 2657
1835 1323
2668 315
854 3481
1160 946
1264 680
505 523
1587 1525
1572 1836
2178 575
1664 1107
754 2787
287 982
2222 2126
235 1612
233 2927
2070 2023
1131 1204
429 658
3173 2412
1249 2281
2702 107
1427 536
2783 2796
1451 3249
1788 1771
2829 1123
155 883
2736 38
3368 1353
1608 1898
908 385
1111 3400
2336 418
223 3373
387 641
1216 1550
1175 526
928 2996
2893 1937
718 141
1632 3316
20 181
843 469
500 284
1504 3425
3391 2452
2305 3382
1261 843
2859 321
1668 2489
1538 2390
2545 1970
34 1269
206 2640
60 2493
1139 1231
655 846
2206 2053
2071 3198
2568 502
2431 3235
2726 3207
2019 229
1129 2522
2018 1072
1455 1313
1207 2683
1865 1103
294 557
1867 1825
3359 2746
2600 1387
2763 1790
981 1738
3143 2840
3237 2296
2535 1547
3050 2608
2698 3344
65 2322
1604 3442
2717 1495
2739 1644
1785 1473
3181 2507
246 2494
3464 2505
2063 3052
1982 2230
396 2665
378 2431
2905 3471
2854 485
2295 1926
2543 1921
2395 795
0 612
2652 1779
1035 906
2141 1663
2795 707
1612 2383
3234 2961
1408 2711
2989 3362
2339 1703
1849 2677
3473 3168
1034 1634
536 971
2509 233
1333 2995
1474 3046
1476 3234
1244 236
1955 2878
612 2213
1639 2205
2616 1151
3120 2068
1206 161
2867 3430
349 1056
1563 118
1466 3107
3142 1314
651 1818
2234 3279
2127 1181
2589 3474
2190 2254
112 422
2857 3072
1663 41
2761 965
3478 953
813 1109
716 3028
1710 3459
938 3021
2241 1619
721 620
3053 581
1695 1302
1402 1430
383 42
1108 3029
654 2387
2640 1352
2577 1106
961 2150
2955 1355
27 2241
1005 99
1661 601
855 1641
1837 2182
2168 2694
2243 2527
2964 3480
830 3399
922 2860
2038 3175
3463 3174
382 1910
3071 1385
1417 3161
3135 3274
432 1399
1895 2058
3180 3347
2548 2263
888 1039
3339 1203
3347 3421
1521 2664
794 1118
1009 673
683 55
118 1784
841 2194
2521 1754
3129 1893
2855 1542
2140 510
2553 2555
3154 299
3108 2181
2114 2456
3067 1552
2108 531
1369 853
2530 787
1774 2122
423 3304
1170 3103
1816 2248
221 1837
576 17
3329 3397
469 3398
1095 744
633 3162
207 95
2844 270
2010 633
2599 923
2632 150
3315 1959
919 751
197 1486
2470 1627
2353 2531
3399 269
154 2845
2661 590
3040 314
3206 1616
1688 3002
1933 2570
1343 2165
875 631
2704 781
1522 1336
2226 3365
1156 2619
1472 1111
3032 209
1071 1403
2979 389
1233 172
3290 3387
2323 1595
61 131
3064 2141
1512 242
931 3219
2628 1086
344 3303
2649 2167
139 3423
1660 2582
864 1561
3186 1380
592 3306
520 60
601 2811
2641 2148
963 731
3297 2812
409 2595
2845 3315
3360 3355
755 1502
1681 2051
1042 203
2767 2188
1016 2211
1952 3047
1766 2169
2729 1434
1336 928
1894 473
2130 1787
2685 653
2895 102
2275 553
698 1945
1284 2192
1178 425
782 943
796 789
661 1638
2411 937
1481 392
1965 1715
1387 216
2584 282
2837 346
600 1208
43 3292
1634 2078
1037 250
1636 2946
420 2371
38 2216
2606 139
1763 2884
225 2180
1556 1708
1242 699
3381 2468
1485 1132
3080 1746
3202 3256
2201 147
293 2022
748 3255
54 568
1935 2833
2774 211
1897 1888
3160 1704
2131 1840
1198 1184
1888 1147
1767 2905
3090 1356
2745 2286
2186 3263
1690 2097
997 2912
3010 153
2092 1170
2711 2224
1050 2593
1299 1843
2474 807
1079 2734
2501 911
909 2997
1220 2443
1164 1625
26 750
1890 144
525 1152
95 3050
1792 36
2359 3270
2925 3342
669 375
1778 1155
1826 1607
3247 1831
1214 474
2355 3127
991 907
2272 213
1931 1724
1645 1067
1157 2792
3239 2966
2560 864
3331 1412
986 1957
1330 2706
2218 685
1924 2149
1010 101
30 1511
2366 1909
2655 2006
2954 3085
2531 1557
3432 1115
2476 1428
2961 720
275 1611
330 2990
724 1371
1064 3139
299 2087
350 1479
1978 2347
671 3343
2491 2187
1531 1615
1911 3008
2934 986
950 3417
3056 1259
2833 2391
1177 2300
541 1317
1973 2471
326 2815
2463 3476
2284 1807
940 2601
3461 2633
1346 2330
2361 1875
558 1148
2639 3250
553 318
1506 2994
3405 1602
1349 2943
1159 1232
1332 1037
3474 1374
2251 1562
238 2312
1691 3296
3305 554
199 3377
2958 608
1729 1061
1993 2722
271 1476
2585 1599
1310 140
585 2113
2228 3058
3204 1824
1209 732
2087 3461
1942 1531
3470 2406
273 1954
319 2532
3007 1462
277 1327
563 2547
1297 92
2388 2745
685 815
289 143
3088 783
774 2588
3230 1597
1329 2873
355 2814
2377 2358
3379 1514
565 2798
675 2576
2779 1618
1771 515
1756 1083
1815 1301
3441 1850
62 1993
2719 1795
1062 2090
554 2370
795 3456
1484 484
84 1745
1344 2112
1872 448
2291 529
2523 1156
2891 1444
1551 1351
769 3070
941 1027
2268 1361
394 156
2625 2354
2506 1730
1296 1236
1682 3428
1964 2093
2091 1426
2769 2911
3487 816
2163 3012
1154 1122
2271 1433
1561 1478
3190 606
1918 650
1542 746
1085 191
937 2965
624 1219
2473 725
2255 2599
25 2610
376 2119
1074 1066
1122 983
1291 1030
1213 3374
3092 2255
461 1001
886 3326
3296 481
438 1179
1854 989
2957 459
1936 1522
3013 1226
993 2853
1431 1131
2490 1643
2816 259
3396 855
652 558
2214 2214
498 2011
315 1862
1105 402
3421 435
1374 871
1963 806
308 283
3430 2511
108 1588
519 2063
1712 963
1231 582
2899 1164
1568 2427
2133 525
2526 3042
3316 1646
2915 775
1268 192
621 2503
713 1964
445 3230
1066 432
1775 3313
2090 245
682 2289
2700 1249
2112 1228
78 2458
2068 1297
1642 957
1761 1158
3085 2268
2150 3372
2448 762
2921 2010
665 592
2610 2650
136 460
543 1766
2928 1769
433 2980
3155 1375
3434 1414
3333 2909
1313 2401
1092 1145
990 509
37 2249
1140 1113
1581 1417
2165 1333
784 2120
706 1105
3171 3200
295 3352
2798 1040
2007 2942
1916 1415
2015 805
2699 3280
3306 2600
1278 2932
1469 151
3286 1235
1265 2542
723 905
879 377
903 2372
2030 1468
595 2353
1123 105
1047 456
705 503
2788 3038
210 466
362 2660
807 2888
2620 1662
2111 3020
1377 1207
2116 739
2942 3136
2052 696
2017 2525
3477 838
814 3128
2592 22
876 50
2094 2411
276 1701
1415 475
16 1848
1309 2326
2551 160
2016 1268
42 2066
2067 724
3317 2501
1060 2941
2722 2880
3250 2653
581 2495
2714 3286
3011 588
3442 2175
1254 3018
1428 2478
1889 1591
1323 2953
1054 2947
3066 84
23 2152
1570 1102
3184 330
3153 3359
3201 1727
1863 2130
1003 1322
3410 1756
3364 539
503 948
2922 1667
262 1007
1328 199
844 1733
1311 1677
832 560
2368 543
1259 1653
122 110
2894 2336
912 3339
1298 1013
2467 3
2566 3454
1355 3312
1400 1587
351 3441
513 2804
1606 498
2985 1045
1609 2904
871 386
758 12
1651 2569
695 1890
3245 3019
2023 51
2821 1675
1845 48
2187 2748
447 1002
3484 461
1968 1074
1539 1927
3346 2526
3327 2461
681 1554
94 1180
2785 3089
1875 395
2425 3034
9 1820
1492 2628
2157 711
2933 3268
3325 2140
693 1016
542 827
3028 591
793 2184
2883 3221
1937 2094
3388 2959
1315 336
2903 339
2422 2687
499 3033
3485 2109
1320 1541
91 1796
680 2793
202 1262
2658 3458
2516 3091
1596 1630
2582 849
2787 1431
3144 206
1441 1977
2976 2356
2031 3407
3345 62
478 2422
1812 3443
2647 1906
1018 2504
2233 1406
320 3385
2570 1311
2057 977
497 2272
1529 3054
1186 2937
2757 2528
1443 2153
890 637
1637 1408
966 2902
1004 2408
3014 2042
463 1969
3240 2310
2289 2367
742 740
2281 2741
880 238
2044 3245
2135 2498
3436 3416
1689 1632
2971 468
1624 573
2224 3300
1456 2762
2314 1420
3321 3258
712 840
3307 1915
1383 2166
2097 2832
2728 1934
1354 1986
955 1400
1281 625
125 455
3281 3402
3027 393
1735 595
2489 1565
2310 2124
1544 505
643 3039
530 1339
1260 3193
924 1475
2731 2813
824 2523
2747 3346
1545 1373
781 528
535 2103
866 3330
1940 363
524 566
407 3308
1804 3147
2429 3495
2996 2233
2962 2151
808 3472
1287 1261
751 1159
1133 1248
2770 765
1941 2949
3002 2499
3072 1340
2596 2138
762 1628
2508 1610
2662 679
939 1732
71 3074
490 847
622 3391
2450 1223
571 2769
913 68
74 3325
2427 2111
3220 2782
2043 2393
2406 2348
1555 2893
1434 1985
3423 2626
617 1558
1501 2482
2799 1454
180 716
1370 2439
845 1296
2060 1343
2072 1519
96 1287
2588 438
2210 3157
2626 2816
1020 1792
2148 663
3350 2423
2635 1130
3141 885
104 1213
2373 1777
3198 1626
18 3093
3105 401
603 2278
2860 593
2321 1721
3444 831
1750 2277
2679 1338
1981 1709
2298 3440
2980 1572
2571 859
1007 733
951 2332
1653 1328
1084 792
2167 3160
81 1887
1340 3040
809 1726
3110 1127
1503 1120
3106 2516
3480 655
88 3457
1138 1298
2687 1438
1360 2329
2402 428
696 2962
3069 1933
1857 2785
732 1956
89 868
1514 2731
3418 3451
336 2807
2110 2692
1709 561
3006 80
2574 1491
2137 2223
1912 3283
2631 3194
2458 3142
3196 441
967 437
2213 2568
1317 2410
1161 1524
2203 2709
211 1284
1971 3331
3349 2549
2378 1379
766 2602
406 1481
2334 1467
2670 1384
2414 2269
2840 1897
2058 10
960 538
1238 320
2249 158
2464 2123
3371 870
1389 1425
2826 2116
3243 1664
2669 728
800 3449
3140 719
2123 2392
635 768
3377 2684
1591 2661
3259 2089
1983 3158
1368 2294
1769 1990
2487 292
2364 1609
1024 2202
1685 2698
1617 2221
2024 1233
372 347
1044 1260
179 75
149 3288
2211 657
462 895
3341 1600
1848 3380
2025 53
200 2609
1776 312
999 82
327 2620
459 2208
1334 1984
1985 1822
228 2703
1827 2381
1871 1679
606 2454
3401 2275
2730 2635
610 3360
152 2037
2776 764
3457 2931
1038 40
2375 483
3267 1394
424 1962
365 1594
607 706
477 567
2357 956
2834 643
443 1509
2690 220
1467 2975
1938 1437
2772 1767
2419 2521
1314 1210
2904 2136
2396 444
2552 2199
431 2671
2433 3133
234 3130
226 331
213 852
2654 518
2261 2245
2627 1693
557 1592
619 3063
1960 2592
2884 1614
1809 1187
73 563
660 1851
2006 171
14 3132
2813 3469
257 927
1445 723
1026 551
1171 1153
642 1923
3035 2797
1925 2772
2095 2509
958 2627
631 2304
3489 835
1901 2222
2002 691
111 701
183 2396
2931 2239
1716 2776
1810 624
3218 2178
1725 996
2539 2708
885 1290
1486 736
3112 617
869 1477
1633 3006
2794 556
1713 3191
309 33
2066 672
1678 1723
3022 2198
3416 173
3111 2958
1692 3071
531 841
918 3026
1293 2024
827 1802
282 1889
2301 11
1962 2328
2245 2930
157 2060
3081 2012
2718 2170
3039 3492
2575 2420
2265 19
2970 2636
265 2384
3113 2724
1603 2361
1884 2658
2987 1966
1250 2607
1737 619
3161 1392
686 1786
2050 2480
2367 205
3313 1832
2096 1015
256 2256
2590 2848
258 2557
1652 3075
487 985
2269 1743
3049 2613
1258 1257
873 1590
2300 1827
2885 2614
3361 1271
605 2739
1337 2276
370 214
3041 2357
1118 2988
1976 2055
1571 1947
2324 535
2825 2548
825 1971
3170 3413
2219 2231
731 1761
2744 2859
1099 3294
3157 1686
2557 882
1076 354
2415 872
2754 3154
203 281
2400 987
1801 3291
839 1270
3445 1096
3138 2765
994 291
2173 3358
3251 2061
1448 514
2442 1237
2047 2426
1359 2960
1850 1994
13 1512
3257 97
2335 763
153 2134
247 2586
2977 232
310 1861
399 227
2664 3195
3376 373
768 1841
1433 1811
653 564
2818 773
3314 819
3178 94
2374 431
788 941
3192 1079
397 694
3185 180
2619 1382
3403 794
412 1234
1288 837
739 64
3435 1201
586 2837
1080 2462
1176 2915
2026 3216
1583 3097
1806 2738
2864 338
1896 3409
817 1140
87 604
1088 1900
2564 365
3024 462
2810 900
3398 1376
2426 2987
3406 1149
3419 735
1843 394
2790 2164
3262 2240
405 486
2462 121
863 836
2613 1305
3128 516
281 2808
1601 1741
2838 1448
3344 3119
162 2107
467 565
1972 2642
352 2157
2910 457
1399 2540
1289 323
1137 467
1961 2220
3338 1292
1876 263
3084 3223
900 2773
2999 2680
413 451
2555 2299
290 307
48 2195
408 3112
3479 676
193 1363
2216 1461
979 3003
3087 2861
2089 2856
2221 3393
2240 2444
1134 697
1490 1293
3328 309
1517 2290
2485 43
1974 3146
2146 1418
2185 3406
366 3145
834 366
2205 2342
2567 83
1489 3078
2786 1760
1319 2477
983 3176
3476 3438
641 260
3413 272
2703 2514
1365 2634
2078 1916
587 3420
3274 824
700 2951
2107 328
2011 61
1917 2831
3130 1810
2326 2712
2706 1758
468 2801
894 2524
3176 3265
2558 3149
2420 2399
1322 1005
2304 1958
2472 2280
69 2360
298 1058
3272 489
1588 3247
544 2747
3440 914
1068 2203
2398 628
2656 13
107 615
2629 2864
3152 138
1179 3143
1882 1221
59 445
3118 817
2247 2323
451 690
2299 3059
1040 306
2170 2350
230 3297
2342 113
3057 1222
1414 3464
2115 3208
240 664
1649 186
446 3013
3 609
2132 1655
2693 3229
1201 1560
286 594
2283 24
1347 3446
735 689
1211 70
1422 1930
3200 785
2822 1324
2651 1823
292 1168
367 2473
1878 2309
2517 2098
1720 1670
3163 2956
1255 426
147 224
1759 2434
2475 2215
2665 1449
3472 1752
