3000 4000
2625 2616
1113 1591
1470 2794
78 11
789 1405
1541 575
2501 675
2038 2500
1633 2049
1505 1898
1422 2517
2612 919
2887 2229
1672 1165
147 19
909 1804
598 955
2542 507
140 2233
2910 1603
1860 1753
595 2189
2076 1503
2593 2157
2725 887
1446 2277
92 1413
2284 1944
1831 1439
2693 1381
978 2141
1381 6
62 28
1537 2387
340 2805
1424 1709
705 1213
1992 940
2044 521
2778 2723
2933 2743
2768 2402
1176 687
265 2358
167 774
887 85
2130 2636
1493 2519
2176 2031
1403 755
2724 2371
2224 1156
1745 2433
1920 1164
1432 2980
2390 93
2596 2802
2758 753
2929 509
76 1234
2794 276
1429 867
1946 2280
1743 655
1950 1661
2236 2442
1222 373
2999 1594
750 2909
1131 1571
1181 187
1922 2588
1305 1012
1643 1555
1716 786
1458 1060
1690 1952
94 530
522 2325
2159 316
2712 200
1517 624
450 787
2881 2690
1909 923
1186 468
2628 866
2719 388
2153 582
2574 515
367 1075
38 2017
891 1511
837 1116
2590 1229
889 1294
569 2195
1197 408
1790 491
154 1458
2423 2447
378 738
2277 2867
572 931
2080 2772
1937 427
2796 1249
892 2412
1184 2308
75 2502
2756 2966
343 185
1570 2745
2226 2529
524 692
137 2353
1635 825
1287 1347
1357 87
2278 2918
303 1425
1341 2979
2698 1867
1220 22
1029 532
2237 607
842 1201
676 1039
2182 1614
836 1096
255 2930
979 146
1026 73
2870 1093
1069 1205
2844 1170
2896 1210
1732 1853
122 302
1016 2131
2455 1537
445 89
104 1199
2370 357
380 549
2561 1552
1567 2598
1302 191
1201 63
1289 1966
155 555
278 2851
2962 830
1616 2528
1527 362
859 1091
1443 839
1090 1226
2483 2002
1671 91
2172 1835
480 1474
1427 2298
963 124
2114 1783
1169 181
2408 180
2154 2101
81 844
1821 1697
449 1358
788 716
2469 2975
1952 1770
50 2559
2415 2831
1717 117
1439 2546
668 1988
2788 1434
1491 1864
1268 142
1117 250
1311 1351
1870 963
1228 170
451 2917
2439 1816
1380 1191
1237 384
458 1868
1612 1442
1372 2860
2569 1938
514 1513
2661 2516
2129 516
248 2662
2835 2778
2232 377
41 2135
1961 462
525 1048
2632 646
1803 1514
2285 1281
2974 610
1469 1655
1454 1255
1923 158
2333 1483
337 2418
1825 140
1504 2036
987 439
1958 1065
1945 2561
1989 1078
2203 590
622 2633
1269 1718
2916 2289
2691 29
646 228
1514 1987
452 2869
2540 1084
1449 2640
1482 495
707 1701
796 318
743 1346
1976 1248
1759 1846
2405 2323
2161 2345
344 354
1100 1971
1509 383
2655 1498
1564 1651
1655 1129
2051 287
2334 682
1463 2213
2814 2760
323 1339
2666 1421
634 2039
1968 819
1592 2549
2565 472
2205 1515
749 2513
190 953
2668 2471
2706 94
1145 4
1852 2540
2318 990
538 1031
576 1805
494 936
2792 2438
1040 1891
1515 244
1551 2750
2522 2177
2680 2468
878 54
1291 1240
1125 2281
2358 895
1017 1353
2785 542
2737 2382
1914 1223
84 522
1678 2145
865 2835
2045 2753
2003 2650
2757 2759
2987 964
1080 255
2948 1888
2516 381
2115 239
434 1049
496 636
289 1823
1067 1217
1387 493
2014 1906
1360 2890
1258 1873
1694 2877
2413 2484
366 695
1926 279
2150 453
517 2575
870 1579
1031 1376
1453 446
593 2508
2074 801
2634 1613
2901 2554
1323 258
2435 2620
2062 1512
2466 59
747 1316
2772 2111
1767 1277
6 2052
1604 459
448 842
2781 211
1738 1481
1356 950
2502 820
611 751
2672 1912
2802 2050
2252 144
473 1465
2220 31
2149 1606
2336 910
2214 1826
2955 1720
1765 1216
2589 450
2918 241
96 980
2708 231
1929 715
986 2589
397 105
2528 2119
2545 718
2702 2733
1813 2035
2372 2238
1135 1931
1043 833
99 1314
359 172
1239 2902
2940 2494
2728 2431
105 1487
2321 2022
2553 2415
2855 2941
1704 288
2641 770
86 314
2926 1755
609 2140
77 960
1552 210
2762 1158
2978 2668
571 2687
2554 1095
241 2879
2722 1980
2082 903
1118 106
1091 1029
2606 2593
55 611
1044 444
2981 754
146 1815
1023 2243
1681 723
1978 601
1489 800
1455 2201
1768 518
1319 1505
2235 1836
2019 937
2969 2541
308 57
101 2623
2403 790
2332 2699
1787 2156
542 1587
2121 2956
370 855
2957 2202
1208 160
519 2790
2422 1032
2442 496
252 2649
2240 385
2852 193
354 232
884 1878
1669 2313
2760 1004
1661 2240
874 922
1246 1420
1191 2045
2103 857
2603 659
2164 547
1497 828
564 1097
327 48
2287 729
2497 612
2194 1834
48 1780
2123 2906
2132 2222
852 884
2936 100
782 2659
1055 1446
36 1092
974 2360
2831 1556
1392 1899
1334 2359
2215 1136
1903 2711
2620 1177
1658 2206
541 212
975 2539
1921 2663
2664 527
2685 2807
1051 2615
2639 1828
1149 2482
816 477
302 1748
261 690
1723 20
348 2297
2811 700
1267 508
18 2530
681 603
2378 120
2750 512
770 930
1901 1002
1075 1295
2609 2935
722 221
983 846
1520 1800
2950 128
2581 2023
2109 926
1639 2648
1593 2398
2667 1069
1851 2557
484 273
582 1616
1866 935
1487 594
52 634
1830 2595
2097 1440
991 2168
461 560
1983 1893
1072 2226
2842 395
931 948
153 463
2187 660
1154 222
526 956
2759 2824
2288 1472
436 773
2257 2283
2578 1121
1507 2768
509 2680
291 2565
1393 2063
2317 788
2808 803
2031 1928
2485 1972
1518 353
774 572
959 2731
1833 1647
2307 82
2222 1788
287 1964
2448 812
1944 1220
1343 1768
2085 2763
1045 1299
1185 1355
2660 2192
1214 2362
1998 827
1471 1643
1042 326
679 1146
1714 651
1241 2658
1857 470
121 1364
2048 1123
46 2114
2636 1433
2889 2146
2857 1642
1912 849
2279 1570
428 742
352 1611
1525 2864
1116 2611
5 1951
2828 1592
1543 110
32 460
499 26
1621 398
951 1055
2218 585
1565 45
1924 768
2548 208
427 2255
372 1125
1956 981
1710 1026
1657 101
1461 759
1867 2506
2071 2133
1404 2337
353 2974
1896 347
2292 2425
169 2256
2061 474
2199 2338
1532 2129
1079 1034
563 2158
217 2481
2338 2859
2853 2061
508 2147
1376 1704
1229 2641
422 671
2611 2204
1641 1775
1087 1417
2247 1776
1624 2074
1708 2199
553 2797
815 2748
513 2208
2111 1209
455 2285
2736 2995
2359 699
2420 685
603 455
662 2709
550 2261
2986 2515
2069 330
1736 2548
1345 1559
149 2413
1640 1886
649 2291
715 674
2993 694
1913 702
1774 1239
597 88
2903 1795
2963 2582
2883 32
1225 2397
2949 2473
2800 1027
1009 1315
1180 914
125 2742
2809 1673
1757 945
290 2703
539 162
2975 1669
813 2728
1476 234
2529 2897
2506 332
2417 1622
518 412
2856 1808
727 1076
2877 1967
1683 355
2116 2850
1934 391
2704 1807
1070 1477
1064 1486
2094 1708
1663 733
575 2179
1907 2767
761 294
225 194
1689 2808
419 1133
208 2771
298 2888
1226 2849
2105 992
377 2701
2946 141
2168 925
300 1430
2732 1460
760 1617
51 2761
2619 1160
850 2483
823 858
771 2757
673 2440
1971 2363
2436 861
2464 628
1378 1256
2968 1155
2755 987
2597 246
945 406
2024 567
1519 2881
2256 2244
260 1787
912 2689
583 2678
2298 1706
2924 1451
304 224
2157 369
365 1725
1652 1449
1620 2427
237 1824
1033 2880
1328 1658
133 99
131 2343
1193 69
2742 2894
2826 1545
2925 2124
1365 2727
1430 109
2526 2804
2004 2876
940 1557
1754 1061
1340 501
2053 637
1964 1629
795 1801
901 2253
2598 2694
2803 1553
272 2853
546 2857
258 2521
30 2081
1540 1291
362 1148
2849 165
172 2959
1441 616
1163 1085
1815 1839
746 1090
2152 2328
98 1246
2629 430
2079 1074
134 1166
361 1691
1297 2173
1196 565
637 1189
806 1035
161 2314
1104 526
1904 1241
2204 2019
879 602
1773 1024
1602 1010
1008 2717
2330 976
2186 371
2560 2596
1093 2590
1121 1881
1413 38
188 2780
820 2791
1188 1943
2397 2580
256 358
199 2225
2145 264
2453 817
2729 977
1120 2414
375 2830
1452 1015
2797 151
552 1506
2488 918
2692 1273
1824 2754
2387 324
2029 1322
2 737
2339 225
1584 1053
2521 1765
2035 112
2009 1940
1524 2947
2876 2965
1344 739
1483 962
103 2501
758 2472
682 1779
420 236
1423 2998
670 1833
633 2606
42 1028
537 204
1536 896
1574 2118
2382 2670
1321 2769
640 256
1128 1526
1875 2787
2450 213
1159 1101
2234 756
87 778
286 1112
478 2458
1110 2188
801 811
1020 435
2491 2100
2714 249
1500 1534
1955 2795
1523 834
1883 1326
1930 1298
498 1323
511 1003
350 1685
2930 2938
2231 1006
1248 2176
2416 2868
1898 123
144 1970
1195 680
638 1522
91 1719
33 351
2688 1173
1951 1362
1569 301
285 2351
1292 586
2173 418
1390 2862
1052 2160
1648 449
736 1188
1253 764
2178 599
1230 1914
937 137
2500 1818
2221 2789
632 2726
1622 1206
2690 1666
1985 573
939 1859
1085 12
2886 161
1212 139
787 683
934 1566
2782 783
1808 1690
561 2823
1733 670
1048 2841
2349 1751
1629 815
1152 2216
1484 2048
1286 1013
213 2286
424 2627
1829 2949
792 2310
2939 566
753 2610
2773 300
335 247
1734 248
486 852
1290 386
2622 1328
385 1652
2119 2602
398 426
995 2605
235 1174
1651 192
2139 2647
989 1778
2470 2671
809 2677
2512 2734
2738 2886
584 484
984 1180
2108 167
1737 2354
1890 1847
1270 877
936 2341
1712 2024
1656 378
1034 2779
644 1575
262 1110
2395 917
1111 1436
1407 856
2882 1395
1841 776
2499 745
152 1605
109 2209
2976 2327
197 2770
1900 802
1630 149
1862 1910
497 2212
1623 1507
2524 2986
2391 860
1696 2510
664 1320
1019 399
1665 1172
2011 56
1510 2005
24 2436
1979 1349
2550 2018
439 253
648 2163
2212 2065
2942 911
2165 2837
1339 2463
1103 1367
2421 944
2816 506
29 1653
2297 2077
2700 1120
1842 2150
1811 2009
846 64
333 2251
1984 879
687 851
2050 2190
2065 1865
1242 410
1511 2543
201 1782
2032 1681
2088 1521
562 709
828 701
2952 1103
1711 251
1969 2688
191 1883
2880 1645
69 2028
1333 50
2345 2224
1138 422
2443 2526
932 442
195 1762
1794 2335
2645 2846
1538 1554
2784 2601
2383 1373
1078 2012
2366 661
547 500
386 997
2233 2919
2465 2257
703 2631
2095 487
1456 2587
2764 672
976 2707
234 74
2541 2612
2271 924
2304 1335
1582 1936
1911 78
2837 2267
2309 306
613 2534
1805 2383
1058 1543
1451 1862
2845 2268
2434 2555
710 1687
2893 489
1325 1126
2039 2350
2042 2098
2656 1047
2490 1789
766 382
1233 1185
215 1289
1664 438
821 1296
1498 2931
1167 1350
495 1627
883 2783
2286 1806
706 2607
1490 1025
645 785
711 1000
2326 1272
1408 1773
1434 772
264 1009
232 2322
1581 928
128 2570
1861 2619
2487 1484
2454 1479
355 2070
893 1527
124 1573
2374 95
1428 1228
2508 529
1252 1178
1130 797
1730 2751
2733 571
720 2104
2193 1232
728 190
2052 2490
1874 2264
558 657
1206 2105
697 2421
357 1233
861 291
1445 618
175 865
1742 1017
805 2303
2302 1758
590 614
407 2856
2735 1179
2433 912
1266 1699
2715 1378
2184 681
1905 1062
916 2715
2647 2603
107 1729
2624 413
1987 1385
1988 799
20 1365
106 2827
1418 2574
275 2811
2025 761
2682 604
1240 546
515 2825
1847 1310
2956 1538
1797 1388
2043 1394
696 1974
2447 30
1666 872
2830 2400
2047 1504
2477 352
2289 1407
1771 1533
890 2536
416 1263
2538 1106
263 727
1076 33
838 810
1585 2843
363 485
606 3
2351 2495
1932 219
2138 1102
2081 133
2813 263
730 233
2761 1589
242 1913
102 1070
431 1677
2305 1371
532 901
2083 619
2740 2642
2322 1540
2616 1390
2833 724
2640 1975
1662 1318
819 502
1318 1500
1133 262
1724 1237
2539 938
2905 1275
1139 1746
822 511
2653 2107
1059 83
924 1983
2274 163
2102 2330
642 1639
2669 1717
672 2563
12 175
1744 1066
2189 813
969 2509
312 2903
962 1325
168 2380
1038 1099
2430 2248
2158 642
280 986
2396 10
180 1777
1798 317
1479 864
1715 1683
1763 2538
1893 524
2040 66
1396 705
1758 2356
444 2054
202 584
1256 1563
2927 2200
2614 644
827 1456
1747 445
2982 1760
1457 888
506 2132
2648 2128
1132 1742
2160 1793
1684 613
187 1080
1411 1702
63 2720
1512 2638
2198 350
1873 578
2536 393
2815 2331
305 2934
1397 229
1568 2426
1203 2162
1375 577
1713 2316
765 551
430 2576
2657 1551
2049 1143
713 1977
2146 1724
326 2710
800 1569
1534 978
2259 1410
1170 1870
2694 2915
1399 1119
1219 1757
680 1994
1692 2921
548 60
1615 2342
438 218
2144 2819
1412 293
2902 1791
325 2725
15 707
1178 2746
349 2625
1740 2276
1576 1169
2404 425
54 2691
708 684
675 335
2347 2080
1346 1820
1027 559
2262 1243
2122 1324
116 2755
2354 1441
1478 2082
1695 1663
40 2479
689 2585
807 2311
2583 2655
690 2815
1307 1979
2127 2992
2431 1200
2511 1100
1801 2459
1141 127
589 2960
1577 1535
665 796
551 1997
2311 1466
1679 1267
2859 1608
1039 1715
871 1033
2438 1305
709 1981
1084 2948
2630 2764
920 2809
691 243
1024 1171
1041 2964
2979 2577
1047 1238
1105 1802
2790 1978
2899 720
2281 2361
692 24
1342 2393
1146 2624
410 136
130 2512
918 1167
1364 1581
573 713
1350 2143
374 2041
236 2788
1871 2349
830 531
2836 2537
1236 909
780 1600
165 494
2684 889
2155 1698
2171 292
487 1333
1467 2749
2875 58
2843 1660
2392 1937
1249 2553
2406 1493
2594 1404
284 2535
2355 1650
2871 1468
1348 2153
2001 2630
37 1046
1796 1338
293 2900
678 419
921 1278
1719 2542
1317 2399
793 1618
1595 972
992 1756
2892 327
954 322
1879 98
1610 835
1189 2095
2310 545
1548 1670
1892 2993
45 1907
1583 2955
467 1485
824 2038
2775 1398
2479 2010
71 1147
2314 892
1264 2295
2151 1774
812 2148
2627 2385
1173 2913
2937 991
803 1372
1122 1963
1028 132
2822 2093
2710 1254
2384 2657
503 621
1674 2813
186 2614
988 2446
1349 2250
1653 1830
2746 2887
2118 722
2054 366
2486 1731
1280 1750
1060 2643
1553 943
946 2315
2944 1132
1547 1467
1838 1890
627 2572
854 1021
2373 1518
2954 2817
1785 295
1450 310
61 2120
2344 2579
2429 2161
868 1141
1257 1056
507 2669
176 201
2316 217
2073 309
379 1884
1014 416
1828 1452
466 1287
2503 2214
2319 2870
906 1730
2990 1266
2958 2455
855 1872
2683 1848
2037 2645
802 1539
1762 103
2446 1193
476 536
2854 883
1613 1837
2174 1279
13 2443
2346 2961
2932 589
894 561
276 1478
1448 432
171 1546
733 894
2418 1258
10 1679
2067 392
922 405
735 1703
1480 2144
516 1577
1002 2450
1330 1019
2817 2700
2600 1520
2537 2567
876 2232
2650 372
2313 1576
341 1786
899 2408
2268 2067
2002 2091
1161 961
784 1283
972 1115
1011 1892
212 1073
1347 1290
2705 947
1086 2716
2244 2714
1772 2247
145 2407
2270 1051
1373 1087
2106 451
1389 2410
301 1574
2567 1497
324 1798
977 268
2801 2792
2350 2227
1793 1184
2765 1361
581 2178
528 1374
83 67
1394 2858
1550 1741
1990 1354
339 1175
2839 2237
1217 2514
763 329
2030 843
1166 178
1591 1745
1995 504
2260 1841
1156 497
543 312
338 2871
724 1843
841 1950
2513 974
2623 673
2748 1402
2180 2306
403 1268
1720 650
1251 1851
356 2652
21 2732
1919 2573
82 252
773 652
423 1444
2754 1871
587 1008
1433 1990
1680 1845
1025 473
2290 1528
2995 1925
866 1796
2245 1058
2481 2448
1440 336
523 2449
2546 1389
2635 908
1960 1588
1533 1541
2407 2317
911 1797
2099 1811
200 1137
112 1880
1619 875
501 2738
1752 478
1575 331
1263 2816
1614 2461
2825 1561
636 1992
2356 592
1880 2287
785 2386
1864 1134
1502 649
216 375
527 2292
2812 2892
1273 1632
1410 1054
2059 2252
1003 870
1218 1221
1108 2182
2353 96
376 949
1698 1270
2210 2284
369 81
2409 2991
2064 1412
1571 1247
1856 2963
1148 2302
928 2137
2716 1480
1142 1431
1918 2812
2263 2784
1917 297
953 2679
223 677
594 1491
2265 2532
73 2235
2568 629
163 1646
2058 2946
601 72
318 1202
1807 1942
1094 2430
2646 2569
2327 1844
1928 1469
205 2142
2107 92
3 1965
2848 61
1209 2475
631 541
2201 2278
1949 2667
2163 2057
66 1379
1997 868
23 2108
1382 625
17 1432
2495 1923
1400 1276
1049 2942
2549 2729
858 1578
1406 689
2117 370
2445 1572
47 467
2966 113
143 2207
847 941
2496 2996
2261 46
474 1732
781 748
1756 2326
113 2365
2847 1036
1279 1332
881 2990
222 2109
1967 669
990 1387
2953 2744
1840 1664
2441 2681
1385 490
650 2491
1054 1917
1721 1492
1850 1196
1419 270
2113 639
1088 1689
2300 1108
1804 1922
2686 1207
1136 1128
1420 311
1899 2096
1789 523
2890 2416
577 1262
34 678
1162 1403
716 2505
725 1688
2063 471
1806 1044
2077 281
1255 676
2617 1124
70 1530
1355 1077
139 205
591 2973
639 1856
1868 390
926 2419
2016 784
1688 77
413 2333
2411 1854
1786 1665
2676 2377
810 1932
2331 1260
2251 62
177 1330
851 706
1506 550
1367 25
2089 2776
2947 2319
2938 2584
1442 1271
1562 1941
674 617
2532 2464
189 539
1089 1380
2971 2933
1444 2462
2468 2003
2380 1567
2613 2591
661 1448
567 272
2341 627
2177 2272
512 1292
1748 2155
651 1705
608 114
545 345
2329 2810
849 2270
266 2181
2217 199
1597 188
2637 1597
2885 1151
686 1463
1137 1470
925 973
43 2552
2998 1516
623 2094
1649 1122
778 1900
2141 2296
14 1794
2739 182
1933 1337
2557 1803
900 2684
2701 119
1557 266
247 1840
2595 2246
1386 1282
393 570
1109 747
2375 640
233 2672
2275 2357
619 2390
1124 746
1198 1408
592 2159
1320 2984
2126 15
2018 2735
2137 2424
460 196
1313 2977
1151 905
873 1109
2819 1397
2621 1586
656 1043
1882 1934
864 1424
2579 2004
2472 808
2866 2388
1232 2786
1545 275
2717 1450
2834 71
27 443
1887 461
1477 569
554 1662
2799 2445
2451 2274
249 1447
2515 583
1046 1222
239 1536
2078 1877
1066 1855
26 1107
2562 520
1140 2309
490 826
2335 2928
1820 951
1177 2441
1202 278
2967 220
588 710
2393 2646
1753 2044
1780 1214
471 885
56 2136
798 996
1327 1204
185 1462
971 2259
799 1225
1337 43
2379 447
818 1596
1204 290
2907 2060
245 1104
1863 1182
88 2562
1259 1317
2604 1215
1522 1550
468 2271
1729 1969
967 730
2860 346
381 2321
999 216
2681 1989
2633 2191
811 904
2197 1245
1494 2486
2196 648
1383 598
2519 55
1171 333
941 2737
948 588
2020 1366
2211 2249
2906 2476
1549 79
9 2294
1301 154
2170 1152
2520 2968
111 280
1910 2245
621 1499
2060 2117
755 2907
11 1996
1007 1790
178 476
2255 633
839 2423
1634 995
1283 1875
510 2558
2674 2215
2385 1998
982 2073
886 1547
628 2950
288 1991
2840 2372
136 1894
1300 2428
2190 1453
929 1118
1876 954
1379 84
2386 1319
863 75
1697 2844
2124 2560
447 2020
607 1549
762 920
1878 2550
2213 2083
533 1341
2424 2987
1817 1414
1760 1693
1106 1985
2566 2254
555 1809
1827 2722
1555 2842
183 2279
1596 2793
1187 853
2806 1192
1703 2863
1063 1929
2093 223
1654 36
848 1393
1809 397
435 1307
2807 2654
2991 2465
1948 2524
2943 2409
1906 121
446 2389
1954 1668
1975 39
845 2978
2821 2712
1095 2943
2671 2923
2369 743
1068 2908
652 983
1115 1416
2425 2724
310 1368
944 153
1312 360
2879 2470
414 2006
1625 2320
2008 37
2973 554
2125 2126
274 1863
2584 881
599 1359
1488 2911
2216 2021
331 2370
1194 1993
1814 2718
2663 1261
966 1508
1272 2197
1781 2293
1436 2290
2452 1814
1938 1457
2267 2704
2787 1022
1415 2741
1370 42
472 1098
1590 2697
1877 2692
1097 2174
2580 2236
1190 2693
1035 2873
2478 1852
1755 374
2175 2866
1464 1495
1164 1149
2585 1593
1894 1721
2484 2932
411 2544
1659 1088
85 873
2626 2982
1324 2444
521 2901
170 2798
1472 2211
2299 1525
166 2106
2066 663
1238 168
2075 2504
1974 2069
315 838
1015 1640
2440 2637
1783 794
1391 2053
776 1736
2912 2013
2731 1973
1101 171
1848 2369
752 734
412 2071
596 433
206 2721
1718 2758
907 2258
2027 150
960 658
89 2531
2147 2682
72 2852
2642 984
2544 1984
93 2324
80 1560
2412 850
1834 1086
230 667
1021 2708
1275 21
1368 323
1799 2551
2651 1656
917 65
695 837
2915 2203
1316 2920
2494 379
817 1529
2376 1375
2711 1489
1329 1321
1611 417
2551 2773
1309 237
2325 2085
74 1111
127 2392
2904 2828
1492 1001
1778 8
616 2713
1284 2
2780 2089
2223 421
2394 1523
1331 1869
2100 1911
2573 906
2162 498
604 725
271 1154
862 343
16 816
2068 779
1281 505
226 341
2398 971
1215 2169
211 2395
2559 1045
2183 2599
1160 878
299 86
1777 775
273 1558
1749 688
1361 1620
933 131
2525 1954
1245 831
1999 448
2908 465
1447 1850
329 2497
2649 1072
1473 791
2695 2600
1673 2525
2463 320
135 605
1366 2014
1558 1162
958 457
1351 2705
1371 982
2774 2344
2166 1595
1770 999
942 454
481 1264
1580 1678
647 2090
1495 1624
2432 298
2696 564
756 2439
1499 2675
1812 548
1769 1426
1098 1502
2273 1582
2563 2384
600 845
1057 2452
1606 402
1147 1897
1589 771
1647 257
250 1909
462 2594
1599 792
454 1583
1000 2396
1143 18
732 1391
2206 763
1158 2676
2743 1767
2838 587
2342 1607
2323 2730
1435 2170
742 1648
1416 975
1728 1438
775 1059
2970 2989
2034 1471
1957 337
313 1235
938 1799
2610 1400
1644 2944
1485 321
1414 1604
1844 423
2492 1722
882 1384
456 1933
409 1858
1638 1956
1073 466
2033 2929
2461 1244
482 1838
1544 1743
1702 1887
1013 2265
1941 51
1531 283
295 2127
1082 1016
2462 757
754 1336
2868 2578
1516 666
1243 795
1682 2088
347 1766
2786 712
1053 553
120 662
400 2889
1336 2460
1881 1680
1542 1198
58 129
2133 2527
2829 1257
1908 166
479 823
2588 282
1915 1190
2678 568
1986 2976
898 1392
1276 2437
1784 1357
254 2629
227 2217
566 2376
1707 1068
1843 434
540 1694
1326 2634
492 1672
1706 2777
2306 1250
1277 1628
683 1712
1637 235
2888 2622
927 1211
95 1953
2535 147
2665 2970
158 2166
1636 1959
1973 2368
231 2910
556 1163
2131 2814
1751 595
2280 691
2230 2661
618 1962
1102 2511
2703 2799
60 832
875 1713
779 1140
2467 1684
221 581
500 876
2352 2884
1902 1901
2869 1827
2480 1610
726 2008
2543 436
2776 389
383 1635
1096 1406
1395 2665
332 2962
1282 538
961 744
2527 1982
973 2954
2534 2953
2823 686
2017 1139
2770 1331
1513 2304
1322 2999
629 1490
8 2404
65 2592
1823 1946
1179 1740
759 2062
1705 456
2608 1723
157 1194
173 631
1735 2937
1438 441
2779 711
401 1623
371 1329
2874 2086
2241 2818
1741 2015
425 1889
2419 1999
141 164
373 2301
2911 1612
2618 130
1231 2736
2707 2775
658 186
2505 1649
2266 2706
2090 2184
2644 1386
2360 1976
2654 1675
1254 1696
2399 76
389 2660
1359 285
292 2102
1153 1733
1401 338
557 2571
1965 2266
150 155
115 1327
867 517
1314 126
2010 2432
268 952
2983 304
2389 2453
1362 1654
1006 1857
2246 1488
493 2210
2493 2492
1885 1700
2388 259
1601 2151
1223 818
1578 869
2229 2635
1062 1020
421 927
2679 2394
1963 2626
2984 1619
1001 1747
1037 394
2134 1812
1725 1602
2195 363
1168 1882
2923 1682
586 2196
179 942
162 2198
182 1231
701 1667
1660 1634
2894 766
2303 1176
1947 1280
364 679
2015 1409
1377 2695
804 1340
2673 574
814 777
2057 2033
1278 2078
1927 859
2909 325
1526 0
853 994
1889 1018
1224 2122
384 2972
2084 364
2371 2994
2753 1958
2128 2520
243 1517
1465 2822
2723 804
2023 543
1030 2914
950 2951
391 2985
282 932
1559 1251
1119 1427
2092 1042
2913 653
2961 958
2022 946
2489 2165
2343 697
1354 157
1925 2983
947 2683
2851 1300
794 2262
214 424
2767 1183
281 1131
1474 1
283 1301
535 2241
2110 1968
1165 533
160 1599
653 339
1686 620
1183 2221
64 985
2699 143
2248 1422
2752 2373
1816 1584
1982 1473
2745 1203
2895 1763
1384 630
2865 177
267 1637
1802 2234
2365 2047
530 9
2340 387
2862 1831
67 2025
1822 2618
1460 305
1788 2885
1980 2621
1174 1532
1157 2066
1617 108
1004 2186
2315 1810
745 1360
2726 104
2254 2503
2312 277
1699 2167
483 2435
908 1040
1819 503
174 2829
2795 2016
90 1401
4 782
2402 2164
734 2125
1626 2051
2921 760
35 245
2301 933
1310 1253
2444 1739
1603 2115
2005 1930
860 2845
1216 2223
2364 1771
433 1927
1835 934
2112 814
677 2916
394 296
834 2134
2202 1284
895 2152
536 2821
2179 2604
544 1304
1250 1879
2582 540
1872 576
903 2037
2295 1363
358 203
2575 2029
2142 1007
791 2355
209 2878
2120 2451
334 2231
2518 1418
615 486
2324 2936
700 2865
2576 2466
392 1813
2104 7
311 2583
2763 2366
833 769
2401 2046
1503 41
1884 2422
387 1041
2832 939
2135 13
1213 344
253 1832
1294 741
1810 537
270 2275
346 1636
2972 1630
643 1197
2571 1342
2456 2478
1800 2800
739 2230
693 1885
2471 2762
2873 2765
769 836
2675 2042
2028 1157
351 401
1560 2305
485 1609
2941 2898
2824 2969
2482 848
1837 2533
1475 2781
1631 2833
1556 2782
1271 1428
2727 2893
1530 261
685 2740
2156 2702
2577 286
2863 1437
307 380
965 1057
1579 1633
719 1186
2253 1212
1609 1014
1247 240
655 1960
626 563
1425 1382
1299 359
1529 107
1210 365
669 1306
1032 821
2934 793
2928 1227
1036 414
1050 169
244 2026
1431 230
1554 1435
2996 1727
831 535
857 1081
1335 703
2192 361
952 2113
913 2076
319 805
1764 1094
1650 349
1010 2952
935 148
1107 2374
1353 780
2564 1302
808 1737
897 40
1295 1752
2945 2981
2474 2138
2056 1935
2091 2084
671 2801
57 979
342 2348
2087 2899
1374 767
1994 2456
1598 34
549 1781
417 403
488 195
2977 429
277 226
1849 731
251 1067
117 348
114 2685
1886 969
151 2403
2296 35
1839 1785
997 1749
2900 2001
684 2875
560 1542
2798 1286
1261 2498
1262 1153
748 1411
1274 1138
2249 1711
614 2112
97 1297
396 1345
469 1293
1588 1082
1260 197
382 2185
2959 2260
415 1849
2747 891
825 1548
2602 1187
1332 2087
1761 1023
744 1580
2638 2939
1426 2474
641 626
31 989
1521 16
404 2632
2357 1308
1854 632
246 260
2897 68
306 2806
2072 1230
2208 1744
1667 23
2269 102
470 5
1298 254
1352 2958
1018 2059
1199 1285
2872 2832
1586 214
1265 641
2272 2836
1338 841
2989 2774
464 2940
869 2971
943 2597
915 758
2021 313
441 1707
1561 2905
240 1150
2858 1089
1129 1692
1508 135
2458 1920
1691 125
663 847
2878 719
1739 1585
1388 615
49 480
1701 967
1888 1037
2504 189
432 1269
2607 431
2587 1288
829 134
957 1896
2367 1686
192 929
2552 2318
1398 1079
1227 1252
317 458
1750 1957
2713 2926
740 2496
406 696
1144 886
2741 1399
1081 1236
142 2467
1869 1734
1221 1754
2820 2406
659 698
910 1926
2294 342
220 668
119 2434
1931 2075
2381 721
2931 822
896 1822
919 1738
2181 2882
2437 1445
1709 118
2793 307
2207 2674
2720 2855
1127 2664
2965 1334
580 1208
1304 635
1074 2058
2980 70
2427 2180
296 1625
783 2288
721 2489
1486 1415
2055 242
1632 2608
1099 464
2136 749
2140 2747
1818 2329
718 1895
835 1135
1795 1641
1012 2391
1573 596
790 1496
453 1259
1970 1145
2517 708
1501 138
2677 2469
395 597
2225 1242
2586 2043
797 907
269 1161
504 2183
148 1918
654 1544
2185 2340
1935 159
768 2352
309 2103
1293 1105
968 890
2805 693
2652 1313
2960 437
1677 2121
505 2756
624 840
2643 900
345 1369
625 2547
699 97
993 2123
843 1117
2101 1644
1779 2149
1234 1274
1727 1904
2328 2220
1022 1562
2789 2457
1211 2056
996 1224
1846 1784
1112 2218
980 781
559 328
2662 2766
731 2922
2167 1370
2188 209
877 528
1005 2027
463 469
1056 499
1065 525
2013 2656
1959 49
1645 600
1916 893
210 1443
2200 1615
1939 2696
1192 2269
2410 1874
79 2499
1646 2564
2744 2242
998 654
840 80
330 184
2922 14
2362 452
159 789
956 1825
1402 1676
2810 198
2209 1601
2243 2912
1587 2488
2791 428
2697 913
0 2477
2428 544
2363 1626
1618 2840
880 1671
930 2228
1126 2375
2368 1876
617 2282
2096 1114
574 557
2670 2339
1991 2739
1546 1986
259 513
491 2347
904 2171
156 1383
914 2653
1303 411
964 552
1417 2007
667 2847
2827 1168
426 2099
2070 752
923 2925
108 882
578 183
7 1908
885 1716
1468 2429
2459 207
2143 299
388 2609
994 2848
2239 1842
2730 1181
1207 2493
1288 2523
328 1905
702 440
164 319
1481 645
194 622
475 303
429 638
181 2000
196 1396
2709 1309
1358 717
741 2110
1608 1219
2850 2522
1775 1127
314 2872
856 762
1150 1144
2476 1761
1566 1657
1496 2420
219 2838
2769 2854
2400 874
229 704
1981 482
502 238
2920 2861
1940 1631
489 2785
2148 2312
2507 1011
1853 2566
1405 492
2783 1590
1594 1919
970 2796
459 479
2046 1819
2283 274
2689 732
2242 807
738 2752
888 1695
905 2988
723 2130
2861 2545
2718 1038
228 1772
2460 988
610 1829
25 2381
2992 2507
360 2194
985 1461
737 1939
1858 2834
2219 2945
1782 44
1722 116
2377 2719
579 53
2846 267
2228 404
2509 765
2426 591
2615 915
2036 1311
2721 1130
28 2651
465 2803
1685 475
2041 420
2086 1921
1845 308
1895 1861
2884 488
238 740
902 215
1092 728
1155 2820
949 1759
2572 1159
531 643
694 2401
666 1519
1607 2686
786 202
1993 2673
2348 1377
53 899
2891 2826
688 809
1363 400
1134 993
1627 122
2994 558
22 880
1776 2273
129 367
981 17
2658 664
1306 179
712 2613
2841 2307
714 1948
2605 271
408 356
1235 593
1966 269
757 1955
1563 1195
1205 1218
2169 1674
751 1866
297 1995
2000 1902
605 606
2276 970
2914 1312
2457 1419
418 145
440 2032
2804 1050
1943 2040
1675 1510
1 2239
1953 514
2751 1429
2238 2639
1726 2895
2749 656
2308 2367
832 921
2098 2839
1369 829
1977 481
1996 52
2555 2139
1891 1344
620 1769
1061 968
2498 340
2531 2011
118 1726
2533 284
1437 1475
442 1459
279 2417
2523 265
218 1356
1462 1659
2687 726
198 47
585 174
2659 2187
1859 111
602 609
1855 2967
1285 897
2026 2896
2556 1352
1693 1030
1676 2263
1746 510
2601 27
2258 623
59 409
777 2205
635 1916
2867 1924
2473 806
1535 1568
704 152
1175 1509
2935 1113
2964 2379
2818 2378
321 368
1077 2957
2997 854
657 735
224 1348
2012 1464
2191 1949
132 1710
1865 556
2766 2068
320 2556
2988 1064
2361 2883
2006 959
2264 1792
2570 862
322 1915
570 2644
443 289
529 1564
1182 2617
1114 227
1421 1501
2864 1071
68 1565
2951 407
368 1455
1528 1621
457 176
1244 2055
1897 966
316 798
764 2219
1605 2411
520 2487
2777 2698
534 957
126 2405
390 1303
437 2300
1731 2079
336 863
826 2064
1766 2997
2985 2628
1642 1083
1123 1735
1942 824
1972 2518
565 2154
2514 2924
1296 1821
2227 2904
1200 376
1600 2336
2449 2097
402 2874
2510 580
110 173
1308 2299
660 750
767 965
1792 1482
2734 2172
1071 2034
2917 1142
1700 1343
405 1454
2530 1903
1539 1764
698 156
1962 998
1459 665
1668 315
2282 2891
2631 1063
1172 2927
193 2666
568 2454
207 1961
138 90
630 871
2771 1524
1572 2116
2250 1947
2007 2586
100 1714
184 115
203 562
19 898
1628 519
2898 1494
2591 2480
294 1423
717 1598
2291 2072
2337 2581
1670 2568
2547 2364
204 396
612 736
2320 1817
2558 1265
477 579
1687 2332
1466 916
1083 1860
2592 534
955 1476
39 2175
844 714
2293 1052
2475 334
1832 2092
44 2334
2919 1638
872 2193
2414 2030
1315 206
1409 1728
399 1945
1836 2346
772 647
1826 483
123 1005
2599 1531
257 2485
1791 415
729 608
1936 902
