4500 5000
4400 2084
4299 3644
4041 3938
2653 600
3681 2049
3920 3243
3140 2773
3555 3210
253 305
300 462
580 3723
3930 2823
2583 3365
2803 1607
4370 2460
2910 3910
2574 2421
2540 4035
2487 1271
3649 1025
3124 2443
96 4033
2460 2182
1811 800
4417 4128
543 2824
2800 3264
2288 3618
1930 1010
3154 2258
4195 847
533 3358
1679 398
1823 4414
1322 1124
1360 3488
2334 2196
3563 2279
330 3227
139 1850
2306 3070
2525 233
3744 3218
2366 333
2021 1600
3742 2833
203 637
2052 1203
3461 2390
1372 3653
437 1579
3572 4486
3060 54
2999 294
3696 1453
4238 4491
3844 1396
1206 1415
3766 894
396 5
2461 3974
1237 3616
951 4344
3396 3006
3151 180
1606 283
1051 823
2601 4250
711 4407
737 2240
3422 592
1942 3686
1308 3026
2939 3451
1544 248
2286 2828
3028 1581
1002 3636
2736 883
2407 3590
1368 2932
4345 4280
3446 2960
4045 899
3805 1026
1402 1972
2391 4252
3626 71
1802 1692
126 1565
1550 3331
527 3246
550 717
1597 2693
239 323
2321 748
2589 3513
1085 3413
108 1897
3781 45
1119 3887
3170 167
599 3570
673 4416
45 4059
4353 1751
1579 3145
1259 1965
2941 4074
2898 2392
1053 1284
1166 1554
687 39
3727 2408
1229 662
515 1398
4271 1260
2895 130
1571 3198
1211 1840
2351 4003
2244 2098
168 2244
1325 3228
1154 3693
1410 3743
1263 1729
3802 1992
2453 3290
111 3037
4453 126
1386 3115
2863 2101
4360 516
1292 1986
2850 3871
3328 4412
2609 3573
3304 3772
2371 733
2093 1442
4288 4405
3590 2069
1081 2666
2072 3240
2447 2398
2050 2077
1569 924
4003 4090
891 679
1443 2396
975 1721
3504 4085
1907 994
1683 2648
2175 3472
109 3733
2573 2420
787 2533
382 1851
3046 4483
4452 2725
1987 886
4482 651
781 3220
2851 1061
3488 1984
3450 4007
1581 4282
1711 636
1997 2006
623 2153
363 3208
2731 3386
1111 2020
2887 1118
2901 2727
51 2890
2466 1131
1773 2085
1461 119
257 3090
4158 1276
827 1104
567 568
930 1506
2065 3057
3703 372
863 2215
3051 1503
228 3735
2528 192
1972 2678
2132 1431
3378 898
2821 2521
3529 3181
2292 560
1445 2987
2299 2702
92 1345
18 1643
3680 2404
1134 2789
3982 2003
3270 2414
214 4496
1069 2613
650 1112
2243 2181
3494 2027
3255 3155
3924 2218
2192 4206
4137 811
808 3157
80 3814
2166 2759
649 1182
2146 3171
836 4341
1600 3539
1624 1517
264 850
695 1698
1136 4283
4013 2794
127 1227
816 542
1210 3043
2823 4238
4333 4313
2258 2933
453 3911
2041 3588
3961 3500
3816 4192
1663 2319
3959 2857
167 104
4281 247
3114 652
3176 1988
2621 683
2721 93
3796 634
1647 3054
227 3391
237 2130
2272 1864
4466 2581
2025 784
4373 2879
362 3779
2873 3941
3638 2252
835 1720
661 4272
3671 1169
3487 3684
1411 2079
3088 3189
4252 3875
2667 1059
446 1747
1344 1259
1957 3643
4406 328
3663 3927
2441 2743
648 3439
3454 2367
1157 1976
1241 3688
1070 1435
336 3423
660 36
4399 3900
2390 3853
856 2480
3686 4497
1676 1102
3142 4290
1941 2708
425 3606
500 4335
317 224
384 1515
4199 618
1923 446
964 1190
546 1718
94 1008
1362 2830
2964 222
3722 212
3361 469
204 4267
1476 420
734 647
93 746
596 1028
3807 1366
72 3822
2142 4210
4167 3177
2749 4289
1302 1828
2543 2579
2773 4165
999 3507
2161 2176
2177 4199
4277 3913
4311 4349
2228 2790
4280 3757
1765 1264
2361 2301
2413 2128
3606 57
123 1146
454 1705
1264 880
1489 3221
2180 1202
3472 1420
2029 4036
2891 3254
3011 4493
2162 1659
10 456
3931 1343
2156 1877
2530 144
2284 2711
665 1047
2928 2911
2703 2742
1221 793
2450 1550
82 1137
3567 1722
529 2307
1118 4039
2313 1018
1491 3161
3047 3084
2705 1910
4213 473
311 3182
1894 1342
3784 3138
3970 2670
1943 774
106 3562
4468 2501
4484 1006
3259 3906
3339 3901
3400 4173
937 117
1548 4343
2216 3194
193 1594
2997 1889
3884 2810
1429 4472
4187 1460
270 582
4223 3361
966 1793
1554 3609
462 4402
3894 2916
2608 2225
629 1683
199 789
3468 174
4086 3599
3190 4295
2861 3256
1843 932
541 2884
3786 240
890 1419
3078 1322
224 89
2520 2999
1866 2687
3376 330
3408 601
4062 608
3218 4275
1714 751
13 720
2580 1187
4082 2907
307 6
1269 714
1557 4443
2454 4336
2137 292
1791 2918
1397 705
571 390
2208 465
4055 1473
3417 4137
3995 314
2506 4468
1781 1427
4270 520
1459 3081
53 1941
2014 3763
242 1872
1646 2791
1988 4303
3026 1737
1426 3869
2421 2524
3343 1777
2241 3870
2956 3815
3150 2640
1076 238
985 3957
2711 3394
4260 808
2312 4171
1619 2757
675 1932
874 900
1006 2021
4060 1148
4420 1034
3775 2629
291 4363
3490 2855
28 2034
2346 2714
2380 3959
3592 3010
98 4337
2218 802
3923 936
803 3676
1700 2300
3635 704
1989 1103
1558 3411
1017 2768
715 3344
2732 1632
3935 2001
3654 1605
771 1602
4124 343
1588 764
2709 3768
2657 1824
2178 3949
97 2293
3465 2520
2687 479
1421 3813
1567 603
3309 4393
1388 3782
1133 2472
223 4112
3759 626
3700 1852
2588 2514
2980 2283
251 3977
2507 2573
3217 2313
2344 1354
2867 4332
4135 3430
3235 2140
1710 1268
4407 3140
378 3593
850 3286
1117 4017
1130 1035
2772 957
865 2874
1195 2403
3245 407
3338 22
4472 2770
3100 3861
834 2255
1337 858
1286 4063
3990 4258
3689 836
3447 686
3080 2534
710 716
2534 2308
1660 3348
1472 4310
2804 1285
793 3049
810 3780
4208 1122
1794 3013
1480 3484
3518 2051
2975 2442
783 1564
269 1323
155 794
3159 877
2104 3579
3156 1444
3869 2247
277 1250
3106 951
1734 4056
2777 3808
2700 2292
2845 1459
2060 3892
2232 4211
2170 892
1552 2169
2623 2852
3401 872
3168 4316
3289 4498
4255 1604
4181 1535
902 1677
1422 2349
4265 4410
2017 2109
1003 1901
957 3536
4300 3908
2733 3848
1287 2628
876 4054
4097 1371
1746 674
2719 4331
2664 3577
2124 1693
3146 4136
1065 2295
1724 4047
2066 1362
3800 3544
2141 1060
860 1890
3083 2662
3882 2929
3348 3994
1653 667
3063 4050
2652 1341
3104 2082
3756 1194
837 1279
1202 253
4219 20
2729 3131
3688 1964
1219 187
1797 2361
1645 4242
210 1892
4324 4215
4176 2441
1058 3650
1691 3183
3459 161
138 2688
755 114
1061 3962
216 102
3983 3378
1842 992
37 3522
943 2981
3541 3282
1891 3632
4189 185
2706 1286
3667 680
351 1376
1414 1421
3639 4494
3411 1597
482 2779
3883 980
2484 313
2686 1072
2715 4368
4016 572
1396 3766
2473 3666
2694 2024
3780 2375
3324 2543
275 1869
1971 496
4419 1706
3076 3292
230 4300
3710 94
4402 2712
327 3118
821 3328
359 1891
739 2104
3467 3160
1610 2187
1479 4469
1446 1753
1887 1521
1011 3249
1602 1127
919 3788
1275 2776
1940 1937
2874 369
2916 4
3021 2212
47 2951
1892 1498
3337 3980
1294 1437
469 3912
1271 2333
4168 4471
1506 129
252 200
569 302
4412 2946
1284 3058
1234 1368
2207 257
609 2908
1659 1055
2553 888
678 554
2415 4315
1546 2105
520 2860
2782 3914
2106 1443
789 1834
3126 239
2670 1242
212 1166
2747 1404
1875 3064
591 2611
1737 31
278 2978
4308 251
1682 467
1438 4381
3153 295
304 2592
3915 2801
2310 1479
488 3509
2688 1527
1207 2744
1314 112
3666 1340
2229 649
27 4397
2607 2969
4006 2707
996 1585
294 3214
3030 3806
2147 2721
2223 4375
528 801
4409 1558
1694 3078
4332 16
3549 2741
2395 3635
85 3419
2718 2395
1393 4245
1080 3610
3341 1483
2489 4139
4047 4358
2799 2853
2649 2623
4096 3357
2273 3496
408 2031
1270 392
2866 2800
1328 4388
4043 4133
2662 340
4224 2601
2792 3946
480 1938
4063 3215
1336 3258
2498 2302
861 3314
3568 3902
1216 2455
4396 2729
2564 835
974 3333
2680 1896
128 4433
2458 2415
4220 2832
3155 2062
2940 1980
3471 2213
2544 3711
3583 4356
3391 2125
4269 1111
840 3661
733 3431
617 2694
1127 1609
84 28
4435 3687
32 2739
967 2610
1870 698
2436 3101
2552 1067
1079 4328
823 963
1976 1839
1635 3976
4313 3619
1374 1907
4456 914
4431 921
1132 3680
2449 610
4192 1024
315 2758
1435 4392
1902 815
765 1394
3209 4266
1767 3710
2603 3613
3329 3691
2542 278
563 3856
76 884
2968 986
244 2028
1607 739
1262 261
3003 3066
674 2249
658 854
3810 3326
3093 1592
1380 788
4136 3017
2562 2150
1836 4420
1616 4016
1831 1553
2817 2142
4356 156
1540 588
3086 1098
924 244
1209 1159
2426 4396
3333 1338
652 3972
3687 4352
2011 1880
2818 954
1503 3592
2884 1052
2227 3655
1717 505
3675 2614
2541 3094
3582 2866
3804 3463
4443 1826
447 612
604 4243
1235 4218
4129 1402
2665 993
3892 3056
2567 707
1539 2463
4320 2397
531 2035
3210 3955
3054 1168
2678 42
1300 2048
3927 4438
4480 819
3525 1778
433 435
1187 3409
64 3840
2254 3079
124 2761
903 3894
3963 2812
1629 2785
3040 4302
1192 3410
3658 282
4316 4330
2410 1863
2572 4387
830 2189
3132 4043
4243 1499
1913 3925
3470 4253
868 4123
1662 1996
657 2876
3914 1978
826 2550
3772 3059
1238 1246
4398 3622
663 2864
2548 2445
2153 3641
2717 1769
736 3832
3632 30
3118 2507
3403 604
4328 1109
1956 3542
1137 852
4147 978
4310 60
3949 1629
3918 3747
852 58
4331 3527
1998 2752
2015 3865
2198 2173
1744 1445
432 1820
254 3517
4282 44
809 4020
3909 1373
3031 530
1643 1667
3980 1351
1423 3322
2452 895
2846 3327
2285 3578
680 2909
1026 3730
282 2342
703 310
2816 2323
3938 806
3604 2985
4354 1591
3808 3963
4022 3089
3655 3229
3350 3560
1900 344
2373 3399
91 4404
2245 1991
885 3762
263 356
1115 3995
1921 3826
393 1070
391 1669
3272 648
3828 2179
636 570
2990 2148
1102 602
2008 3088
2853 388
1381 2121
3062 1293
3362 3922
2125 827
1627 4371
3015 2659
4350 1908
3456 2696
1937 4151
1524 1380
1351 4212
907 1363
2408 1129
368 4025
1005 897
3238 2263
3386 1614
2885 4374
2172 159
2984 1536
3793 366
988 4406
1995 4359
1450 2887
1350 2945
4056 127
3733 4314
284 2654
4089 2343
3325 3811
1126 4364
1888 1021
718 490
2493 2411
1542 3021
36 4224
1664 2248
4046 1957
866 843
473 826
4119 2802
2252 1913
1199 2532
3068 2511
1925 1294
3962 2276
3913 2674
2336 557
1165 2478
1693 2680
3787 2369
3656 2919
2290 2266
2196 3273
2995 3199
1690 268
2926 3104
4210 3065
1014 4244
4217 941
3593 2762
2912 4160
256 866
2392 4121
1793 1216
735 3545
2536 1672
1832 3239
761 4180
2401 2497
2167 162
3443 466
2291 4081
968 360
3320 700
1198 263
921 1292
262 4030
1168 3122
1496 512
3597 3251
922 534
3835 3595
457 3173
679 148
4166 4234
2776 3847
2482 1062
3542 72
70 2827
2730 1115
2789 2053
1980 3793
458 362
2 3909
149 964
947 3274
2333 2354
4430 2146
3672 1191
334 1256
1338 1785
2943 3709
1108 2432
2238 4458
2152 3027
2044 125
3317 1080
1932 2596
137 2223
795 4096
584 3044
1060 1730
4465 4432
3641 1905
3900 3297
645 4485
3334 2997
1261 1478
2233 255
1387 1848
1382 2037
3954 3377
3274 1962
427 1784
3968 3253
2948 3631
928 142
3133 1775
3136 1464
3997 2974
414 1017
2832 3405
895 1165
2295 2237
1580 48
1762 3677
2585 2014
3937 2505
953 2470
3365 2424
1191 206
3290 232
1709 2653
941 4147
1272 106
3715 2829
3285 585
1620 1305
811 4261
3560 761
3357 3851
1529 1916
413 4488
2951 775
4454 834
3363 2606
2448 2930
1276 3589
4064 2427
3565 1624
110 3396
1856 4061
2659 891
189 2499
709 3657
4323 3265
518 2914
1321 1995
3448 2199
1383 2209
166 2961
1754 3985
2027 3375
101 2056
1731 1810
2605 1494
3094 3108
1993 1228
3631 2780
4476 1627
4384 1571
3053 3719
1545 3752
1745 4274
2892 2976
768 2163
2854 152
211 4462
4106 0
981 3956
2961 371
1692 2022
2859 3659
3029 3458
3022 1590
776 668
1665 903
3141 1654
712 2446
3284 3100
4364 339
1218 1714
1488 2947
1034 864
1417 214
1712 1695
3893 2590
1160 549
1384 216
1511 387
2230 4439
3531 1509
442 1262
1561 84
1244 7
2266 598
3812 2548
1311 1630
1257 2928
1757 2856
4008 1372
1319 2870
2722 3162
3358 290
3878 2625
4004 3216
3610 4441
286 475
394 4236
2666 3473
2907 1251
1924 1348
153 3008
89 2008
1106 380
1156 3993
2107 1599
2905 2657
3509 1764
4112 2526
3579 1167
1953 3758
4392 4271
4317 445
209 3004
467 809
3095 2207
2074 2949
4101 928
643 2811
2820 1400
490 4201
1232 3498
4116 1549
461 1997
3748 3895
4292 2231
3876 1745
1881 1847
2183 2508
3783 3400
2248 1696
4427 702
1863 3025
3260 3960
4141 855
3874 2754
3089 2643
3578 1857
69 3437
3016 1780
4080 2652
114 1353
1251 3543
3591 682
220 3022
3847 971
3498 81
1318 3224
3435 2944
2765 2992
3199 1846
2981 803
4490 2447
3240 2305
41 3374
889 2316
2399 499
3919 3288
3636 795
4115 441
2032 3137
530 3531
764 2704
3520 3073
3814 2875
3978 3555
1049 755
2058 1912
246 2122
2598 1449
717 825
3967 3309
3508 1050
3948 1543
3244 2877
1249 2840
2409 3660
1743 945
1090 2733
3442 491
1922 547
122 149
1639 3106
1355 1952
2781 3466
2463 4329
2077 3776
3749 2210
1527 3797
779 3704
445 3964
778 3369
3232 4083
1617 3828
1289 2259
2486 424
1834 173
3705 4169
3762 3371
640 181
190 2502
3769 837
4436 4362
3149 1666
647 428
2042 1274
3198 1448
318 3576
745 2193
3180 2538
1490 2335
2558 3380
3452 62
3500 458
3934 3448
683 4170
198 3480
2301 365
2246 1185
3273 4321
2976 3859
664 2009
3330 2540
350 919
1371 2917
2001 3446
3537 828
2778 374
2831 3720
7 177
3125 3034
3708 697
3916 3046
415 2112
3782 1332
1310 1412
205 857
497 1547
4226 2134
3776 851
169 1815
1434 798
742 2771
2509 1628
221 1365
1366 4127
1201 2529
2332 1883
2529 882
3644 3526
1821 2314
450 4132
3871 3802
1000 1974
1732 2806
2139 1715
1408 3195
4021 1462
3075 1702
2880 1254
3556 4154
3081 3737
1095 33
4009 3627
3301 597
2533 1660
2384 2475
1706 353
1583 1411
4368 2297
104 3724
57 4499
2095 925
3449 179
671 2577
713 3721
1088 1299
4183 4193
407 3546
148 2129
524 879
1204 2489
1353 2686
2868 3728
4329 342
915 997
1704 2277
1501 195
4040 2807
65 2851
740 4019
4175 2264
2516 3945
2826 1224
2437 2931
3385 3040
3278 1860
639 2886
150 2924
1720 952
2787 4435
1782 4378
2364 49
4442 1235
1796 2385
2221 3031
3952 3454
2897 2376
4342 3624
4191 737
3885 1661
4033 3800
1816 4014
2023 989
3138 4463
1138 3166
1255 418
1908 4194
3481 723
3588 1703
2752 2564
4071 3102
2994 3112
608 438
2986 3979
3544 1434
2877 599
2323 2217
3024 2982
4048 1177
4094 492
426 3403
1330 59
3196 2793
3596 1712
2009 2617
3647 3601
417 3230
2016 3373
1392 1270
4330 1801
2633 4226
4212 3778
2720 1505
4278 3232
1978 1674
2893 1568
2790 2166
4073 3594
2417 1147
2261 2983
3946 3234
3478 3318
4247 276
1097 1580
2987 4442
1494 35
2098 2753
175 4157
4024 3854
4267 996
2724 1878
23 659
759 3390
1113 4445
2303 2898
3225 4214
2085 1078
1818 1484
1425 4208
135 3600
3553 4247
819 2078
1186 349
1047 3830
2766 2029
1477 2567
1876 2838
78 1397
2750 4174
140 2379
738 1350
1566 386
1707 309
99 1275
743 593
266 1007
2780 4008
2600 1383
553 1066
471 2164
940 4249
4052 4311
1772 2641
4150 3007
1266 2245
2524 2162
319 2017
1947 3486
1313 2417
2714 2578
1379 3501
183 3381
4494 1865
3523 4077
1835 2517
3019 4444
4153 189
1727 727
3532 2188
3399 1726
4221 2251
4186 1931
935 2805
35 2364
3434 1998
1449 1002
1713 4422
2418 3807
4138 4447
1288 1559
3866 777
3427 2893
1389 2986
2522 237
4054 178
3942 4345
4275 1040
2989 2637
3910 197
878 1749
4102 1885
2079 638
1357 489
2673 3532
3609 3379
578 2822
4395 1821
2668 1773
502 2690
2187 23
2876 2032
2350 2156
2638 4355
3203 1222
1599 2735
1853 1357
4000 13
1167 3429
451 3000
4367 2406
4397 1790
365 3033
3940 1514
1222 3206
3993 3929
979 3795
961 4347
2801 3147
920 1776
2225 3904
3147 2230
201 660
1736 205
1594 3505
1131 3170
3764 1457
1729 297
1055 4009
3090 4305
2264 2619
638 4326
1522 2498
3404 741
4498 2551
1068 2558
1910 3225
2429 3341
293 2825
4 1312
2173 2523
1507 4231
3000 271
1067 776
522 4411
4338 19
4200 2897
2302 4264
2043 10
2030 100
159 4065
962 1620
3552 1037
2459 4299
2274 109
1283 3831
3369 3829
2807 25
3464 4162
2875 1803
2020 3625
3424 3469
2024 2268
2490 329
2501 2980
3861 2749
3996 3450
744 2732
2297 3597
470 3151
1033 3658
2186 4161
1829 1813
3736 266
1801 2813
3122 3267
2174 204
775 2429
3437 2190
4160 630
2795 2045
235 414
3375 3740
1227 2144
3129 2368
1348 2360
4244 1767
2322 2740
1482 3481
1750 15
4240 1359
1149 3280
757 402
3409 3398
3699 2019
2143 2808
3614 3435
2115 1454
1696 3698
799 1601
1141 1556
694 52
3256 824
3134 3863
1032 2593
289 2904
4196 2324
575 3886
2189 1183
2991 3953
916 3109
977 2487
595 2509
912 432
2551 664
328 4203
2255 291
1759 749
786 1086
2915 4294
1807 2804
3875 4107
611 431
1074 3493
1457 1682
2000 689
4437 2320
2643 4179
707 2996
2697 829
1582 3667
2829 913
2319 3880
2966 4470
2213 1290
1176 609
1577 2612
1969 816
3624 3992
508 1356
2446 830
3973 4004
2819 1849
3530 4176
942 684
3192 3649
3899 395
3371 3231
4475 2873
4460 3107
2236 1774
1110 4044
4130 4099
3693 859
2517 2439
3412 2751
2164 4293
2977 2871
4389 938
280 3690
2398 434
1025 2726
2088 3406
1996 631
4207 306
2176 2440
1282 3961
2631 4093
2930 2792
3515 550
3561 3764
1385 1655
2837 635
3219 2285
3925 4268
4491 416
151 1956
90 3367
2377 3393
3010 4376
958 3623
635 4141
2165 661
4422 3890
1625 2504
904 1955
3271 3699
1927 1267
1906 332
323 2774
758 2566
165 3672
1454 1097
354 3336
3228 2260
3994 2
2110 2235
1274 3937
4441 331
1790 116
3903 2841
4279 1699
3839 1045
255 1243
3344 3332
790 1647
3496 639
2467 3012
3331 279
2537 484
3004 2894
3070 1087
887 51
1317 1555
3827 3096
2235 3877
727 4285
1687 839
1161 1973
4149 4318
752 1500
339 4209
1424 3837
2276 3388
2204 1325
805 2963
3414 940
824 2064
3121 2496
2856 3924
297 861
95 3169
2396 2796
2456 1806
4078 3442
4446 3202
4375 4383
4139 1519
3770 4327
593 3417
1400 1153
1326 1795
625 2407
3526 1977
3460 3591
379 699
807 3629
540 2224
430 2107
549 1370
3668 2869
2871 2700
3999 3294
4447 3794
4076 1574
3834 605
1974 2921
3998 348
2394 708
3066 2896
1862 3123
980 2926
2357 1422
3765 2483
1183 324
3064 1526
1990 1399
606 1475
1697 1542
3753 41
3831 4015
3079 1711
2613 1789
15 3401
557 1043
3977 3816
1451 110
4178 3384
1466 1205
1039 4324
1590 211
1101 1816
594 4464
822 3615
1968 1418
1376 4269
2599 2651
3072 4365
753 443
3087 722
3815 1947
1107 862
3188 4148
2938 1304
1865 2365
2368 252
1024 3582
3826 970
3185 4202
2406 1136
4254 47
708 303
918 1898
4314 1638
669 452
813 3928
3098 1120
3979 576
1760 2555
513 566
574 3172
1092 3030
2683 4184
3322 3052
2927 400
3879 3111
621 1388
3745 990
1226 3785
1649 503
1523 3278
4374 260
2644 2970
721 1209
3852 2906
3231 1352
517 389
610 2664
551 508
3249 575
1715 2195
2495 3129
3566 4278
11 2060
1965 2972
2696 3201
1944 3144
1123 2206
4169 2416
4032 3981
2081 655
372 2348
2242 4060
1013 4018
965 969
585 190
2360 1347
1883 4126
1516 3978
3640 821
686 4448
3387 3533
429 3988
177 4254
440 2222
4228 1871
2983 533
4381 3975
3368 351
2923 968
1920 2675
2982 4115
2314 3237
9 2990
983 3969
4391 2862
116 1014
785 2386
2168 4110
4156 692
373 4104
4451 3773
1674 2516
4325 1894
3761 1586
2343 2419
2144 2113
125 2378
1824 4339
3038 1302
959 1358
2651 2730
61 3849
2739 1779
1144 1653
474 2198
750 2377
894 838
1169 537
1672 1263
4206 4325
1142 3855
3296 2151
2932 786
4348 4452
3332 2484
3206 726
3419 975
306 3605
2675 4106
2022 1053
1307 2201
1964 810
3402 4385
3683 18
3197 1531
1020 3897
1595 2698
1177 2615
1535 367
701 1685
573 4187
3201 3948
4077 1983
2269 4409
3964 448
4459 950
2477 3663
2253 2486
1212 1089
3966 4400
2480 2462
2998 1758
1739 2288
4066 1044
1916 1204
997 1440
1158 1023
245 3015
322 2339
184 455
86 139
2277 1487
4413 962
3421 3261
2200 385
395 2438
2211 1198
4027 1818
3841 3862
1428 1033
3211 3449
1464 3150
1722 2083
1432 1619
2855 2723
2523 1139
641 3983
3522 3303
2133 1413
2615 4312
3186 1163
1295 3226
1708 3236
1010 3207
398 2388
3451 454
2099 729
2757 50
4286 1082
1901 2763
3169 2250
2559 1382
1808 4198
1124 3426
4287 4474
215 3468
3006 3991
436 525
719 3915
1651 76
3189 3810
2945 890
2929 3385
3251 1562
66 768
4303 3324
1631 4114
1431 846
2654 728
411 3014
225 3002
681 606
4274 1612
349 1645
3767 1884
290 4354
1418 813
4266 1407
1604 1794
1803 4222
434 2597
381 1552
2191 3159
2627 3587
3737 1189
605 1038
4146 4451
4440 3751
788 2459
3752 2393
1749 523
3619 878
3415 478
401 521
4467 1946
802 1583
1549 4288
1815 4353
1390 2271
2442 3382
2624 1360
3215 171
800 2719
3230 2018
3741 147
4470 3850
2852 3334
1725 2621
4251 3767
1799 1800
129 1719
2404 2312
3254 2430
376 1463
2339 1175
1458 4455
4145 982
3594 2979
3586 4071
1467 217
3110 4031
4273 2510
2283 1664
1460 1432
2658 272
3730 2186
4218 2481
2038 2063
1955 4168
945 1306
2985 320
3077 2168
2728 1752
3929 745
2682 1160
2057 3564
2839 2067
3286 105
4154 3165
1657 1423
2160 961
3432 3360
2622 2116
2250 3864
3353 4430
804 4052
2834 2604
2479 3621
4497 2058
2813 3069
459 712
3642 3188
4249 34
794 3943
1174 2556
3280 1391
4262 4360
3795 2461
2591 4098
3514 3074
3246 1814
3438 1811
3554 1770
730 2895
443 4058
1936 417
1926 3701
548 3835
592 2539
1504 2464
3007 3011
2354 687
4445 3414
1179 1128
1340 623
2086 1522
984 3133
3382 1281
483 429
3425 3383
143 1530
1405 1488
2555 1490
279 1787
3661 4129
1333 229
1914 286
2134 4351
2478 2977
2378 1180
62 1633
1650 2642
2775 2203
1526 1642
847 3770
400 3300
3958 2154
191 472
689 1710
1975 307
194 2233
1470 2010
4382 2868
1277 3809
3887 150
2118 3179
1356 4146
2610 1924
630 68
2764 3534
477 1367
3872 1390
2069 3553
1967 2788
3697 2836
2131 4189
4383 3712
3627 506
1618 578
119 875
4425 1621
564 1031
4376 2639
3058 849
2481 4475
1448 1618
990 415
766 2842
3018 2309
416 596
1826 513
2047 3935
613 1837
1172 1223
1391 1096
472 4217
1951 3219
632 230
4304 4045
3036 1489
3577 3583
2071 901
161 2410
4450 2253
1854 55
2626 2232
4001 3003
4358 2647
4038 3540
2860 2583
2033 1560
1492 1446
583 3020
3824 1056
1959 1296
1804 359
2920 439
3739 1649
3989 1835
1365 2713
1748 500
152 4394
1656 942
1573 1882
217 536
3792 3876
1420 4256
4172 3692
1436 145
659 3819
3034 4450
2637 3029
2590 3648
3877 1315
1933 3930
556 2298
1809 115
2843 814
1614 1046
3988 447
1792 865
3071 2591
1633 236
103 2903
2707 468
3628 363
2497 633
4171 666
3485 2485
2109 2219
655 2525
3564 3791
4496 617
1603 4186
1444 1058
3720 1836
537 881
3573 4119
1072 3818
258 641
2293 1151
383 2422
2247 1331
3202 3153
4393 3899
2838 1048
1320 2973
2040 543
3346 2859
3182 2172
521 2355
1770 3665
1686 335
418 501
2791 2989
3725 2560
132 170
3602 1172
3944 2656
1190 176
616 1232
1280 3095
3755 2165
607 1802
944 1280
4302 3514
6 2158
3139 1116
1401 2995
1404 1328
2425 391
1155 3713
3895 1762
1733 2211
3405 1587
2073 2672
2184 2331
1850 2699
3345 3272
853 3349
3779 524
4125 250
420 1438
4351 1161
107 1295
3908 1065
100 1119
3905 3285
1560 4048
2924 3255
1063 1768
1788 1334
1555 184
3466 4259
773 1101
4216 4113
784 3039
845 1426
1512 2846
2388 1662
2457 2568
2054 1495
3381 2327
4309 265
2315 2347
141 1981
558 511
1109 3891
797 4228
21 2389
1228 101
2279 37
1537 2717
2083 80
1764 4346
4295 1063
3293 4159
3806 3321
716 782
2005 2755
1654 412
3701 1375
305 2059
2872 3843
1091 3726
2004 1926
1931 3867
3558 235
3630 1015
936 4101
3214 2570
197 2111
2971 3452
4108 1181
1648 1237
1867 288
3162 1725
4483 4273
4107 3279
3120 3270
2265 1608
4017 567
4231 3197
3407 1796
1611 1095
2412 779
463 1516
1786 2955
2271 3042
292 3604
3161 2954
4133 3196
1984 406
869 4366
2967 1206
2438 3120
4298 53
3165 1125
3536 1313
4091 1468
3933 710
2632 3262
4002 529
489 1051
1173 1856
3985 1234
74 3352
1857 4117
3311 4188
3612 3749
1538 2257
2120 3823
3570 1700
71 24
3613 228
3777 977
3659 3149
3187 2506
452 4296
774 2184
3758 3796
1769 1083
3413 693
1513 3821
3702 3732
3724 1934
4201 939
1981 3551
2355 61
3107 1713
4174 1615
56 3087
4337 1873
3620 1812
2195 436
872 3530
2155 4323
3418 792
1462 2123
2695 4382
3880 3947
2518 4227
3891 1485
954 4233
1864 4070
3499 3263
4029 3528
1214 2798
1845 4424
892 3119
412 1188
1339 1817
2761 1414
2704 2515
2763 943
2890 2658
4477 1578
1518 931
1440 4028
867 4246
4426 3548
2111 2136
2240 1742
642 2066
702 4197
342 1949
2212 1344
2639 2005
4489 357
3044 3478
2419 2605
3645 2816
4122 3951
4140 2609
2798 589
1471 3441
3581 1416
3873 3099
3709 2993
3957 4279
1912 2819
1689 817
3790 1985
4202 2043
612 831
2805 1959
2970 3620
4227 1261
510 1392
2268 409
1486 4306
1193 4428
17 2850
484 754
4117 2118
180 1092
2372 3799
614 541
911 3741
2743 2119
1519 1563
2485 822
1771 1
1667 2552
1844 956
844 3563
2220 3786
314 1141
1217 910
656 4297
2219 3340
366 1622
2535 4207
499 2311
1982 3127
1609 3346
3853 3986
3223 2011
2318 1954
3152 4092
2556 2050
371 3881
3557 3674
3673 3041
3811 2938
409 4240
2723 4421
3589 514
1171 2356
4019 3330
2917 2630
4248 3651
195 231
3239 2304
2836 946
2833 1707
4237 1909
3768 1944
2616 2737
2647 1589
1265 2975
4152 3428
3224 2161
3356 4437
688 9
3250 2426
3366 3630
3538 2000
3907 845
3718 411
243 805
2996 4446
3431 2296
2337 78
202 1867
73 2180
1116 1336
1589 481
4090 781
2849 2054
2881 4308
3817 4152
982 2964
2602 735
468 1327
3836 1921
1505 427
118 591
615 3447
1468 1272
4069 998
1817 3668
4473 375
4488 2322
3045 3252
156 995
1559 663
3137 256
4340 4013
1036 2631
1918 2547
1367 3086
2222 4490
581 2270
2949 3438
439 2815
2434 1610
526 1108
2163 1039
1475 4489
390 2275
4385 3047
602 1651
3184 3293
1994 157
905 4292
179 2649
3539 555
1323 3168
219 3192
4371 4429
3037 4082
620 2905
1473 2197
2305 3479
4401 2152
2201 4166
3512 2953
1605 3907
952 2549
4134 4182
2746 509
2231 1247
1623 4373
2145 1199
1433 3695
1858 1003
1778 796
3164 3359
1012 1548
1441 2863
1897 3654
1730 1694
3551 1071
1299 99
884 3298
2325 1859
2435 3307
2953 2387
1514 955
3677 1994
3904 2950
2197 4237
2385 3990
2475 2545
1170 3114
1533 595
1334 2503
4411 40
3535 1049
4449 1195
2092 1493
4469 4153
4339 807
1086 3923
3108 3295
1305 933
1182 2382
3857 1465
2594 90
2862 3919
3888 1480
173 2616
4474 2208
1236 2220
2263 3756
2076 3787
1245 2457
3123 4307
2933 1866
4007 2358
1904 4427
4180 2984
2256 1075
4023 1441
1833 3989
2681 1975
2748 2409
2491 3143
849 1861
1500 2943
565 2289
2771 719
1370 2145
2774 3603
2210 2413
2630 2818
698 1936
906 780
200 1566
3113 2089
3001 2402
3734 3459
4229 2363
3469 88
33 3926
3694 645
2063 3491
492 4118
185 1967
1378 1575
1637 3
4268 3506
281 1525
1766 561
2822 334
3264 315
2809 2039
2433 1966
3540 1149
48 2958
2451 2867
423 2087
2566 1130
3863 930
3059 381
4334 1561
1768 853
2952 1950
970 2135
2397 4461
963 760
4039 338
1719 3839
1363 911
1163 3670
2345 1736
2760 2607
2756 972
3205 3470
552 274
729 4100
2393 4089
2563 2092
1820 3461
2992 1948
2684 3725
841 2881
4372 2088
814 3494
3679 844
389 1057
1268 2865
3308 350
589 3248
3027 1886
3299 3053
3347 4183
475 1735
4318 3512
1364 2108
1531 1544
448 1807
2151 3436
4462 2495
3516 1673
2267 3071
3102 497
2753 460
851 336
1178 3005
1296 3275
3822 1385
2685 3844
932 1968
3712 2451
3491 2756
3845 2682
933 1244
2944 191
534 4284
1031 2500
1886 1005
2342 3476
1082 2588
2430 4379
677 1447
1143 3036
4439 1577
3856 3304
692 3424
519 544
4042 1902
3377 1207
1608 1917
3406 73
1621 2778
586 3628
3846 1230
1437 3244
3253 832
1612 2731
3799 1339
2389 1492
3960 4309
1054 2902
3534 186
1742 923
2370 3061
559 2227
3843 2622
1484 1958
3889 1113
1200 1496
3261 3154
1723 4384
1038 2531
946 2380
1023 4276
174 95
588 1011
1312 223
871 2937
685 1105
1701 3642
4276 1225
3116 1809
3809 1823
917 3775
3351 4067
3992 3475
1205 3135
3695 3769
978 1533
3492 2055
3785 3761
1121 1486
3524 669
4322 1613
582 1076
3575 2620
1859 1472
4414 718
3501 2133
117 3139
1030 1951
1677 4051
208 4431
3389 4088
2375 3142
2094 169
1911 3905
1889 4087
2882 2988
976 3407
600 146
4085 2114
1879 3167
1016 1919
2416 2681
491 1150
2199 644
3157 485
2596 1641
901 3529
566 1675
3731 1738
1530 3257
2870 2468
815 3425
2797 2671
3277 1455
1240 120
283 3866
3236 3339
762 2663
2304 29
3267 1329
3598 175
1783 3048
3601 4350
1377 4200
3685 354
2693 4389
380 1077
4242 912
1658 2337
4230 2080
2587 281
2762 1970
4418 2527
846 393
2476 4086
2214 556
1534 2423
229 3063
646 3722
3778 3045
1041 2016
516 4473
601 1523
1098 394
3483 628
3981 1750
276 1100
3178 2858
1150 1665
399 3051
2003 3308
1285 688
3394 3682
2922 2957
1596 4479
2785 4178
1728 3268
2769 721
4110 1595
3801 275
603 4398
4157 2519
1112 2065
2514 2265
700 143
2455 3954
3862 4037
3674 3185
2328 973
1147 2090
1860 486
4365 2580
3897 1497
3860 1743
1961 4111
3307 2638
2973 2767
4030 3164
3629 2966
3291 384
1680 2350
2663 2901
12 948
3297 1584
3065 1027
3486 172
146 3456
1575 657
839 3931
4236 3184
1239 2488
2934 1746
3298 750
2224 3283
2116 564
2203 3765
2896 3495
4386 2650
3340 2826
2338 2171
3502 3520
3951 226
333 1257
273 4340
2794 269
4035 540
1046 2494
1343 2132
3323 1501
3109 538
893 3511
3616 2542
1563 2226
2811 3462
367 2845
3706 510
3420 1829
2382 1197
1973 4181
2842 2765
81 562
3354 2239
2209 4138
3901 535
3848 107
3906 2492
3002 3422
1114 2141
2865 403
3637 2883
3313 3607
67 1727
1073 2229
1628 3416
2056 3586
3266 1963
1164 4426
4222 3080
1485 616
2701 665
1224 842
3774 1576
3342 2575
1304 4377
1159 2399
1197 3098
2672 1603
3372 860
3057 676
346 364
1398 85
3622 1155
1455 871
1135 983
896 619
4257 1429
3050 671
2691 4080
4109 2854
2193 3489
3282 1283
1015 3538
2532 690
4263 2994
1520 4413
1751 4046
1592 4301
4225 979
3723 242
58 1763
637 218
1622 4057
1601 4011
1342 2885
2634 3671
1838 3266
3947 3584
825 1844
829 1469
2503 153
3528 1879
2888 4105
3902 3873
756 2238
3939 3370
2326 1073
3314 1255
1125 2002
136 577
971 2482
121 3364
170 43
3747 625
3281 2073
2545 3879
1847 1927
2744 4417
619 1143
3600 1248
130 1573
697 3984
568 3535
2249 209
4161 4185
3388 1545
1260 368
4378 410
2064 2673
438 2748
682 4338
162 1623
3707 3515
842 1277
3580 908
1279 3186
2365 1868
1718 3354
2620 3082
3584 2750
726 3062
3023 1452
3818 2330
272 3152
3303 3966
3505 2338
1716 3707
848 2595
360 3238
818 2667
2646 2315
991 2582
498 3190
43 2318
2002 1808
2374 4291
832 571
749 1476
2127 2668
950 4001
3898 1731
4463 691
250 3958
4312 1133
3220 4386
3383 3792
2289 3174
1668 2684
2586 2418
2157 2900
1948 797
2185 965
2309 3566
1822 2925
2617 1510
3936 3408
3433 1679
2629 270
1740 2334
2100 515
934 2448
2788 2191
1638 3921
4234 1386
2511 208
4198 1004
176 1656
570 3235
2324 3833
232 3827
1890 4041
3519 3284
1798 1314
2758 1870
4010 98
2270 3028
1252 3716
862 488
2950 2766
1681 3083
3247 1134
1688 840
4164 3076
3475 1759
1056 2155
2844 2660
4232 4357
523 2922
4346 2138
4184 778
343 225
4061 1215
3548 423
1999 1088
2465 2586
2677 2669
1498 1979
2650 2915
4264 1466
1019 4484
1705 3608
3017 870
2087 818
192 1782
1986 444
2745 3987
1584 3204
2181 1241
2367 4251
3859 1681
2103 2565
3380 3291
651 3571
4015 1989
2815 132
3436 3287
2237 1170
2062 3872
3789 4459
4051 404
4357 140
4120 3487
4416 1106
1057 1960
1213 3846
3243 1387
2471 2724
2403 124
3829 2720
1096 2052
1254 3645
777 2835
2526 2362
2848 2544
2335 1467
1960 1928
4388 3903
2294 2057
532 3335
3788 213
1273 4457
2942 3187
561 3842
3312 1637
3691 1987
325 3474
313 2306
1122 526
3364 1670
496 3933
2381 1819
2281 220
3056 3097
338 1920
1099 1107
1726 896
3533 1831
1983 3130
560 3596
1970 706
4433 234
1962 2956
1525 201
1105 4476
1075 2695
1465 967
2129 4229
2130 3148
295 4073
3868 762
4428 2747
3143 2636
4362 981
3288 3245
2655 2479
233 1646
4118 2127
3821 2745
1574 867
46 4177
1851 3574
1084 3105
3851 113
4211 1450
120 724
347 3537
102 2033
397 2490
44 632
2206 3748
2089 2115
1872 1940
4390 3316
2931 2436
147 2137
3390 4076
858 3744
899 1513
3012 3116
1939 160
2443 1918
3318 1266
4315 108
3269 1961
1928 3893
3241 1381
3073 3845
60 3158
3306 3055
769 3771
2262 1029
163 4257
2504 430
422 3883
881 4130
3729 1858
1029 2513
587 1229
2793 2891
3367 280
1640 2528
772 1529
3457 1507
2978 383
3721 4075
1358 3998
833 487
3559 3368
3052 2117
3750 2535
4335 2228
2500 1588
1977 3554
4111 3117
34 2344
992 3366
1427 2412
4165 1287
4020 4091
1233 2889
2689 966
4284 2384
2786 3734
29 327
1950 1617
4343 3213
1035 2554
2405 3289
1442 188
2105 2923
2835 1687
4424 2102
3503 670
3379 1319
1814 713
4290 2645
1189 2094
3101 3163
2140 2030
2205 1079
3974 3445
926 1408
2194 2677
2352 1114
2007 2254
731 3156
3477 2600
485 517
4361 2962
504 744
3473 4480
3849 1428
1394 2559
2847 1631
22 869
1899 3356
1009 461
2428 553
172 929
986 3868
1848 83
2824 2477
341 695
2121 953
1044 4281
4185 470
4495 2537
1453 2934
3173 3392
1359 2013
3676 3212
3268 1252
160 1766
2913 2665
998 1511
1306 4095
1094 425
1846 3696
3252 1430
2539 944
2090 1734
828 2458
75 426
3797 887
1812 920
4434 1652
1439 3038
340 1424
908 1184
2402 607
1242 4334
4410 2927
3803 3342
3585 4145
806 1862
732 2261
4283 3626
3507 3485
770 3736
3074 2466
536 4000
2894 2202
4379 3614
1045 4024
4492 3634
344 1895
3013 694
857 3319
1413 3337
1369 3180
4194 3999
2068 3032
171 783
3082 3085
792 3639
494 1179
1403 3812
2470 164
268 2425
2260 3434
3633 155
308 2624
590 397
3048 4022
3084 1833
1878 1330
3971 133
4293 678
1303 4440
598 2848
385 4172
741 703
3912 413
3547 4399
1849 565
4083 4116
509 4370
1747 3205
2738 1546
3819 3559
402 1798
696 1013
405 1269
361 2391
2925 3259
631 258
1721 889
296 2676
3928 1201
1699 317
487 1145
3791 1717
2768 27
2802 2262
2369 1893
2150 2599
798 1001
1966 1410
1613 1298
3754 2280
2053 4191
801 2471
388 643
938 2336
4487 2746
3595 1355
4363 75
3144 2139
3825 1625
873 378
3191 1265
2698 3519
4088 3569
3546 1755
2128 352
2035 4265
1903 2644
1945 1364
2505 2272
14 587
4336 4038
1532 4097
4421 2074
1508 2341
3263 1671
1452 3738
722 947
3833 1582
2726 1557
4485 773
1194 4102
3257 3175
626 1308
2584 4204
1861 522
4478 4216
3067 3755
2427 3801
3704 1518
2592 3193
1556 673
4432 3477
3571 1409
820 4467
1327 2589
2101 1401
1593 2095
3020 2351
3975 495
2202 504
2857 2888
3950 3717
3713 2491
1162 4372
3 1164
2974 1117
3455 787
2830 346
353 154
3025 1474
1661 134
2671 3125
960 1569
1917 298
1345 3260
987 2683
30 1690
2547 4142
2570 2007
1655 752
2508 3669
2331 2518
4209 2317
2679 1528
562 2661
2575 959
260 2012
4499 1317
1258 421
1298 4023
4415 1074
16 4277
796 1792
4394 2939
3732 731
748 2861
1756 1200
1493 1854
2661 2769
2018 3825
2296 4005
724 3203
2954 2584
1419 4348
3008 1805
157 3841
1779 1925
2123 3457
1103 1378
505 1291
2751 4230
1071 4167
4123 3759
1775 3313
1776 3689
3651 273
1784 1068
348 38
4235 519
2259 715
26 2626
1052 3521
2154 277
3625 2991
2275 2710
2965 3804
3513 4255
3746 841
1885 457
3262 474
1316 433
1175 361
3119 3299
2904 408
2840 1297
2422 2571
2311 2353
4355 2194
4105 3673
994 1093
2906 1724
3760 141
2827 2091
4012 2760
2568 1502
859 1903
3160 2892
4258 287
1855 1953
374 3075
544 4453
2307 4390
4081 1333
2468 2096
888 3395
2102 999
4059 1226
2618 1923
0 2705
2754 477
222 1436
4245 1572
1641 3656
4321 1395
63 2076
2363 2124
704 3211
2993 1539
1761 3884
2051 2691
88 245
1050 3269
3984 163
3840 736
2492 2587
763 165
2828 1754
3445 3217
3896 2561
3327 3067
4493 1389
3773 2553
2676 611
4387 3706
299 1425
2113 743
3234 1969
767 2437
428 2722
3032 1324
4301 1481
2070 482
4347 1091
870 3132
949 3387
1185 658
3310 2371
1407 1648
3650 1470
3237 494
2190 675
1669 2473
1040 4466
249 3558
4159 615
691 907
3033 987
2298 2093
831 812
3618 2103
2114 1791
1151 3427
2026 1210
2648 1218
2432 3790
3258 3753
1882 621
1203 4419
479 3746
512 1728
3294 1140
3177 1723
1958 2340
3221 3068
335 4103
927 66
2411 1126
4239 158
618 2899
3316 863
705 1482
2611 1678
2699 4401
1018 4034
236 11
2108 377
2356 2998
4261 4042
1591 1524
693 738
2741 3638
4461 2736
3751 1156
577 2940
2900 1939
2690 893
3392 450
2636 1635
1735 3176
511 296
3945 2781
4070 4029
4127 358
404 3934
3711 590
2796 498
59 219
145 138
441 1786
1753 1663
728 2936
2169 1069
2317 210
182 300
375 3023
1553 4032
4057 3556
3127 1551
3359 4144
3832 1538
476 3009
3292 1668
4173 551
3042 77
4113 681
4341 1245
410 2070
4233 194
187 1278
3972 480
105 3852
2937 1240
1702 241
3374 584
4044 1405
486 2214
1954 4049
8 131
1536 916
751 2541
2886 1238
2512 1090
3099 1377
622 1520
493 3575
1028 3178
3660 4124
2969 4084
356 2971
1777 3824
2914 2329
1373 1748
624 3121
1806 539
3287 2278
3911 2023
3771 3460
1148 322
3276 2709
1615 3580
2727 3784
1329 2071
3479 2965
1752 74
880 3702
4444 4040
1934 4068
3664 3110
1868 3885
2578 985
2569 2428
539 321
3370 2075
2858 382
3690 1691
2702 2068
780 2843
2097 8
2019 46
1309 1178
4352 4066
2692 3317
324 2281
113 1697
3128 1300
2635 1491
1666 4027
3035 574
188 1217
298 3754
898 1132
4177 2942
576 2284
3922 2241
1827 2772
1946 3805
725 1406
3208 3440
4408 2401
3175 1906
2604 3557
31 396
2445 4122
4455 1935
238 3681
1483 3389
989 763
1547 196
1565 3233
329 640
3991 3315
1093 3968
2582 2373
4380 1019
2947 137
507 2256
1250 2618
2013 3718
392 3750
2340 493
2903 3798
2531 1982
1873 1644
2606 4369
2806 3397
1585 935
2012 785
3634 4150
312 1534
913 3817
4142 1760
4100 1639
1332 122
2423 1744
2472 3490
2347 1915
4306 3920
2036 1030
3864 1537
597 4134
3131 3567
25 3996
2278 725
2059 1757
3216 613
4099 2072
2149 4163
4403 1504
3657 4140
676 1307
2136 4205
1915 379
2159 3035
2565 1540
2725 3362
3608 337
4190 370
525 182
4297 3836
186 1212
4087 2061
3956 868
2737 1999
791 2572
1758 3942
782 2325
3510 1616
1248 3834
3480 2715
1774 2394
4084 2598
4405 4454
1830 3729
3921 4317
2784 1887
142 86
2918 2912
444 70
3484 3633
4326 904
3360 677
4193 3838
909 1000
2708 4380
4093 1684
654 583
3719 3353
3195 984
3429 4131
355 926
1497 1219
1992 3347
747 1640
2353 3351
3463 97
226 1804
3302 2036
4214 355
1670 4156
542 3552
1795 2880
3574 1158
3858 4069
2712 732
357 3982
301 3664
3112 2046
2550 3637
4197 2246
2960 1456
1347 373
1145 4298
2767 696
4068 2797
699 767
501 3940
1703 221
4162 4235
2909 3874
4429 2303
535 3760
3941 3464
4026 1827
3373 4120
2642 1451
3474 308
1215 3502
1495 3453
1256 1009
3043 3518
4031 3547
3684 2357
332 2449
2921 440
684 1900
3352 3296
1598 401
3085 1289
2135 1922
1825 3525
4128 3250
2499 3652
2362 2834
4058 1657
3543 2920
316 3950
1349 756
3441 906
1078 2456
2280 1121
1447 927
3738 1239
3194 2286
19 2400
3204 1196
231 976
2215 3355
2488 1193
2182 1041
720 2015
2239 69
302 918
4131 3103
2538 3965
3326 2099
3497 399
1223 960
3969 614
2628 1708
4126 909
4144 1596
628 2332
3881 2081
2483 1929
2735 580
369 1765
144 1740
3462 3305
555 3510
3646 2452
3648 243
352 3700
1813 3523
1335 2086
2660 3455
3167 2383
4034 1142
3652 32
723 347
972 3932
538 3970
4182 3697
3423 1716
1570 527
4011 1403
1231 3467
1361 1899
1153 3016
2158 483
3395 2170
3955 3345
2779 4109
2899 1162
218 2434
2674 2004
1120 1626
1685 2941
1787 3281
3842 1843
3870 4418
2521 92
4037 2374
3830 422
2078 2718
3398 12
3315 3209
1678 1273
358 4239
234 471
3430 3223
4464 1374
4132 3191
2327 2192
1572 341
3135 3497
3669 304
3410 2585
2640 82
690 1349
2048 1085
3265 3858
287 2784
1104 2242
52 740
4272 2159
1841 734
271 2234
2825 769
40 442
882 4062
4014 1186
2006 873
460 284
1395 14
2812 3568
2282 1346
3091 2299
812 2177
3227 4456
3798 453
2046 991
4179 2178
2571 2381
1412 4481
948 833
3823 2627
3275 4026
3207 2269
3200 2913
4369 56
456 3731
206 3997
386 3685
377 988
1521 791
2841 3916
1586 2849
2049 87
666 1636
3692 3242
449 2433
4155 2345
3061 1110
3615 1094
2117 1318
1409 1881
431 325
3336 1771
158 627
3662 2777
4246 4149
1291 111
1230 449
668 3860
4458 4495
1297 3647
3987 3789
547 2110
4143 1016
4025 2205
1128 1606
4359 2764
3867 2594
4104 2878
1871 1084
1416 4465
1909 2444
3865 1461
481 285
4307 1258
1180 1830
4296 2512
1474 1611
1755 856
1785 3745
579 345
3319 4219
2935 3918
4075 2959
3384 3124
1220 1797
4205 709
4481 1933
2560 2646
4289 1393
3305 3141
1456 2692
2217 2603
178 656
3193 3561
2045 2557
1089 2728
3917 1022
3111 26
1810 199
3145 2734
435 2294
1087 1253
3049 4196
1281 1634
4028 207
1301 790
3820 2200
3482 3602
875 2157
2462 848
1949 1688
1469 3050
4018 3971
2329 4232
956 3302
2625 3896
3757 1799
3716 1192
3599 2370
4053 1680
843 2435
1196 2689
1880 2635
274 21
914 4055
1375 1567
1315 1943
2414 3585
3005 3889
2515 1173
4423 573
3172 136
3355 917
1352 4260
1893 1458
3233 558
1267 3241
364 4053
455 2821
2387 532
3603 215
1463 166
3096 2546
3213 2366
1763 2321
4065 4423
1188 3727
1415 1064
3838 318
3587 4403
1077 4072
1140 267
2037 1320
514 757
3735 1732
3943 958
3055 3781
1898 259
2808 4487
1341 3134
886 685
1278 64
4377 2167
3854 1309
3607 531
2234 2803
3678 3443
4163 183
50 4220
1578 2243
4291 4225
2148 203
1675 766
2908 316
2957 546
2656 319
2561 653
4148 3093
955 2025
2988 3944
3855 67
3222 2775
1636 3113
68 1012
1208 1733
1652 1032
3041 1512
406 3320
4074 820
746 3363
2549 874
910 4143
3163 2175
1905 419
1225 1288
2641 1842
2379 2948
1059 2701
1346 2608
2716 922
572 3774
2946 299
2400 135
1481 3572
154 3612
1828 1384
2579 2786
2126 2469
1896 464
1139 2183
424 3325
3665 2221
4092 502
1840 1888
2519 121
929 1761
370 3060
3212 3783
4072 1904
4188 2799
1478 2522
465 2185
923 2100
3728 4135
1684 2697
1022 4320
2464 1379
3226 3311
2226 3917
478 4248
2386 804
3148 79
1952 4361
3576 528
4170 1990
2959 770
2320 4286
240 1439
3229 3471
2810 3679
1064 1123
2469 2685
2614 2968
2936 2120
1253 646
4486 2273
1837 1174
3506 4492
633 3323
3295 3329
2341 654
3103 2467
554 3662
3890 4287
672 1945
1001 711
115 3465
387 2328
2710 1676
1632 202
55 1176
2742 3077
285 65
288 759
1698 2574
4114 3420
2734 1825
1083 2844
309 4408
2958 2910
1884 151
3670 949
3171 4223
3850 2174
131 1570
4259 2274
77 3444
1819 2474
1048 1233
855 4391
3397 3803
2080 507
4241 1853
2061 4155
4344 4064
3092 1709
754 4270
653 905
134 254
4457 118
2979 569
54 2576
3517 103
2091 2431
2308 3092
1985 594
1243 312
2770 2847
4366 1756
2962 3952
897 2160
3009 1311
1406 4213
925 3372
3440 3675
1324 3524
2300 2287
181 2149
4005 629
213 622
310 1838
2112 1541
4404 3412
4253 3271
259 2465
3698 3939
207 2782
3926 2632
3511 765
3283 193
1562 1650
1100 3820
3115 4125
38 642
2510 1221
1152 326
3837 3503
2122 1855
1515 3024
4098 2967
3166 3312
3097 4078
2869 701
4067 1138
4215 548
3932 4021
1543 552
3426 3222
4049 1220
973 2952
2067 902
3763 2935
39 1054
2075 1231
706 974
1568 1157
4204 4482
1331 1310
3393 3072
87 1316
3039 3276
3605 3703
1634 1788
667 289
2919 3247
345 3936
993 772
4294 1036
3714 1772
466 4460
4327 301
1800 4434
2383 1020
3493 2352
3643 4478
1695 3402
2349 3581
4079 3611
1979 1433
1008 4319
3611 3421
2902 3200
1642 3415
1042 1213
2889 63
1517 581
1935 4002
2669 2530
495 2837
1062 3482
2581 2536
877 3550
2330 3541
3158 4333
320 3343
1644 3126
2010 3432
662 3338
3105 747
3181 4449
838 1081
1043 1171
3617 2706
3717 2795
1929 1598
3014 4006
4319 1876
1852 4304
1805 3708
760 2290
2440 2372
4203 1781
670 1361
3569 3549
1354 3433
1399 1369
939 1335
83 459
714 2783
2645 2872
4305 3418
2502 4190
326 650
2814 4094
2759 1741
4103 3878
164 2216
879 2405
79 1099
4256 1337
2878 1154
817 1832
1430 1701
2496 1875
321 4262
248 2291
2883 2716
1874 559
1247 3376
3794 1845
112 4322
3130 3301
2251 2044
2546 2655
2348 4436
4349 885
3489 2326
1576 3504
2439 1704
2972 4010
931 437
3653 2679
2595 2236
3743 1911
1564 876
3976 2569
1066 4158
2577 2310
3321 2040
303 3973
24 2038
2576 3739
3179 3136
1181 311
3527 3492
1630 3617
2955 1593
506 934
421 405
1 3306
3444 2839
3174 3898
3300 2453
1541 1301
2028 3598
2713 3018
2034 1532
3117 1236
1741 3888
1499 2493
3453 1152
4151 2041
3965 1993
2597 2563
2911 2267
2082 1214
2783 4221
3476 198
3248 17
3550 262
1895 2633
3335 4263
1919 451
3986 3678
1963 2143
3458 563
1877 96
2494 3694
2554 1686
2619 3857
3183 128
3886 2450
3428 3091
1184 4367
4036 3967
1037 4342
1027 1417
2431 3310
3813 2097
969 742
4285 620
247 2047
1146 2106
1502 2703
241 3350
3242 3714
337 3508
2257 4012
3740 1739
2055 1135
2119 545
3562 2831
627 3001
644 476
2864 1508
1551 2026
545 3516
2513 249
3495 2147
1738 1477
4121 753
2557 3565
4250 2126
2084 293
3279 586
1673 4415
2031 3646
331 168
2424 1208
634 1841
854 2738
864 1689
3439 4241
3682 2820
464 3777
1528 4395
2287 4108
1004 2809
133 4195
2179 1282
1869 1471
49 3882
419 624
2316 3683
1246 4164
2358 1971
3416 799
1671 2562
2593 1930
1293 2359
900 1321
4471 246
3349 3277
1129 1914
3621 1211
1290 2131
3521 3019
2096 518
2474 4079
2376 1144
267 3715
2612 3483
1780 3640
2740 2817
20 672
503 730
1021 3128
261 3705
42 4477
265 2042
1938 915
1626 2787
2527 1783
2444 376
1510 1303
1487 1042
4050 758
4095 2882
2879 1822
3623 227
2039 91
1587 4425
2755 1942
403 3499
2963 2814
4479 2282
2171 3146
883 2602
3069 2476
1839 3404
1991 771
1007 2634
4438 2204
2420 2346
196 1249
1509 463
3545 1326
5 2454
3726 123
2138 1658
995 264
1789 579
2188 937
4448 4175
3953 3742
2359 1874
