4500 7500
3346 4440
3328 3566
916 6
3893 1583
52 3123
3749 752
1860 2943
1399 3304
774 2458
72 1119
1560 4056
3072 3424
4228 3028
3958 325
290 3505
2422 3656
1556 952
3208 1790
2930 3686
1658 281
829 1362
626 3797
1428 4063
1337 1349
1120 2605
2692 3156
3948 3680
1980 1445
3388 4395
4485 2377
1913 1164
1881 2569
897 4272
3992 2157
1469 1659
1445 3990
1015 793
3556 4261
1470 3679
2300 905
601 739
1836 1977
3137 2745
781 4296
4393 390
3607 2371
4102 751
3835 2560
2725 843
3062 3003
695 2335
1186 208
107 4334
2092 4140
2189 3820
865 2513
4023 3999
736 2387
2655 1726
4320 1683
2820 2877
3592 3276
844 3041
3240 126
1431 4046
3210 1535
2425 1824
4322 731
2238 774
4108 2250
3986 1022
1730 2966
4161 2422
654 3824
3426 2044
599 2848
406 569
396 1115
1709 3722
1138 1405
4103 2235
1987 284
342 3290
1873 1374
4070 693
1065 3036
1772 467
1843 2765
3267 2833
4411 2799
2703 1244
2977 721
2784 2625
3711 1141
1307 1441
943 1838
1401 28
1351 3452
1945 148
180 4260
961 4169
3808 4012
37 4267
4306 3545
1312 3669
4193 2516
2600 3633
3428 1680
53 265
556 476
3537 2283
1639 3245
3449 1796
3380 2755
3459 3425
2638 3357
3340 3486
1896 202
3987 55
456 771
3916 3873
2772 2921
3687 2025
4086 395
3482 3296
2190 3431
2918 2112
3533 2265
3738 4094
792 1932
2632 1999
3940 4104
175 3270
3188 1058
982 898
1976 3591
372 180
3111 2392
838 353
2885 3878
1064 1358
3491 3926
2723 679
3695 4246
4098 2153
615 3267
2060 2185
686 2866
4214 37
2871 3670
1543 3687
3791 369
1870 3699
3312 3327
3389 2096
219 2409
2107 3888
2631 1275
1720 1071
368 1330
1184 977
737 3588
2299 258
2234 2742
3829 280
4350 881
2551 4225
2348 401
3505 880
913 360
2666 1181
640 3941
41 1249
3965 3273
3223 2965
678 2256
1453 2090
3921 302
3945 1983
466 2876
3148 2737
1332 3056
3379 381
3541 3995
1264 405
265 3303
3321 54
4116 4366
3792 3349
4136 1547
1336 1393
2174 3959
3073 14
2164 929
4370 3161
3431 1067
942 528
1297 3008
1821 3027
1950 3543
2477 1051
436 4018
770 1305
738 3655
1787 2199
1121 971
3643 3520
442 151
2836 995
3285 1146
2287 4486
3132 4262
2876 2183
1530 3095
1039 3135
2483 850
2225 2342
354 3255
1251 415
248 3152
558 29
3311 1622
3909 3858
2160 3420
2027 2168
1738 2652
2743 4151
3400 3646
1249 1691
3629 4221
2240 1144
2256 1501
2135 3157
3010 3358
3834 1994
42 3228
3501 4244
350 895
912 1572
1973 979
4319 1384
3613 3567
2182 3048
1969 2355
906 3092
3077 1996
2042 1526
4450 36
253 4309
2216 3251
3759 1493
2358 2505
2946 965
3134 4146
4037 4304
181 665
3604 1598
3347 2658
3201 1763
932 2413
432 968
2469 676
1622 2450
2842 738
2502 1733
2456 3786
1188 30
3739 1001
133 1351
4029 421
4030 2657
2676 2043
3566 4212
3194 4178
82 2624
1145 547
2612 3844
4133 839
2415 2084
3116 4355
1991 1422
4039 523
3710 3828
3297 666
4126 31
3422 1762
1195 1056
1061 1352
106 2668
4404 4481
2122 2923
769 1229
3085 3046
3031 1235
2704 1467
4468 2299
753 2551
2329 3227
1516 4391
530 432
2620 329
2808 4467
477 338
3521 2786
2119 4433
2984 4482
660 2795
1674 936
841 1168
2041 688
299 1565
2067 310
4107 4187
4405 339
2212 3736
4489 3205
423 238
3022 4194
1898 4339
3419 3282
4225 3639
3540 371
2924 2227
349 2459
2146 2568
309 1923
1219 2140
4196 2472
422 2482
1416 3860
2038 2385
1771 3020
3809 3787
282 2110
1275 517
1883 1774
4377 2716
2699 3705
985 924
2139 1579
445 3826
1638 3917
3559 734
353 2820
806 34
3700 111
2495 2285
3270 3382
1231 222
1620 331
3536 1632
2707 3994
4194 4202
1923 3362
1795 1463
1211 65
1891 3554
1907 2549
69 3594
2207 76
3790 2892
3269 2203
1182 3817
1156 276
2232 1407
3825 1046
2660 2802
3680 1194
3467 1435
1323 1300
1161 3014
4068 3166
2016 2365
2484 624
868 2322
3384 2502
612 2490
3314 3840
1363 1502
2988 2885
1236 1394
3322 3772
1499 4426
2434 1665
835 3310
3869 1732
4208 685
2669 2429
861 4210
3928 3464
4091 471
276 3538
1936 846
4145 578
139 260
2828 697
907 1443
27 2656
3129 3386
1779 4175
1421 2202
3991 207
1884 2211
4327 1646
256 3517
3926 1457
4447 964
3153 361
3382 3481
4399 827
1397 1442
3190 1355
2421 510
3235 4144
1283 4320
1165 1704
4121 3599
692 1956
701 283
78 25
2748 2228
1934 967
1496 1269
582 3836
4437 1679
1326 2369
2214 4473
2325 3957
676 3269
3206 1556
3117 3629
2125 2416
2850 2222
2157 1578
3631 1545
1794 364
813 4049
1956 1171
1551 320
2186 3501
4043 4290
162 3852
3481 2423
2108 1919
1717 1915
3298 988
1691 663
225 3984
3052 3929
1687 1856
1762 3649
3767 1468
611 3004
3920 703
3523 1440
543 8
2138 2881
3538 3106
1835 1109
2335 792
1405 3021
3024 20
918 4096
3535 1495
2773 750
1117 4371
4427 2481
2585 3709
3167 1619
1004 1451
557 2473
1944 4195
2364 3601
3279 3196
3812 520
4057 3621
1166 529
4352 1722
3133 344
719 2272
2724 286
1233 1148
1894 990
3013 2722
3962 1084
2866 3635
2798 2114
341 4329
1725 2899
2929 4086
691 2606
2496 1490
4009 3173
1301 2793
2754 1366
1355 309
4048 2951
2639 1149
3814 1438
1442 2436
3127 3113
822 2189
714 3471
2408 3571
1281 588
1593 3190
1929 2731
2362 384
1662 892
3933 1561
1153 2733
3732 741
4090 525
1911 3616
1869 10
881 3099
1559 1382
1098 1094
1949 4117
837 1861
2649 2186
2966 1788
1824 4414
3174 3440
1670 3781
371 596
2438 2451
2267 3660
1644 3889
2018 937
1454 266
2765 700
2248 352
495 879
3800 3081
3488 392
682 1285
697 58
914 162
3408 2245
1005 678
2084 2515
772 1448
2480 894
3757 2939
3368 2784
644 2797
2393 913
2340 2277
2280 4237
1582 802
2881 2267
634 664
2156 2010
1441 2215
1483 1257
2668 4078
2394 1124
747 1328
730 490
43 1945
3176 139
4364 210
3458 4087
890 3340
854 408
229 654
2324 532
2401 4022
2698 4033
488 1281
535 4208
1927 3211
3124 1737
2028 3586
1567 4240
2538 1308
3036 406
1087 3877
208 1898
2986 849
3100 1960
4439 4438
452 1845
2265 2911
4028 291
2583 4380
374 1475
2492 2053
2906 571
3355 3515
496 2118
986 2340
3730 1306
186 3334
1737 4107
3979 2346
2411 3850
4157 2060
2897 590
481 3750
1030 3204
207 668
224 1605
2281 396
1054 636
2352 2100
1369 4392
709 336
2382 1324
1994 4427
4483 2775
2302 2262
1240 2967
177 591
874 1241
1246 483
1526 3319
3674 3945
4054 885
1430 1682
2509 3308
1941 2956
4219 2996
1878 494
2719 1381
3990 1873
1822 3756
3795 4219
3360 768
134 2508
1807 209
3847 2525
1550 795
3373 18
1046 2542
3125 2231
2954 3648
3801 3499
1086 3666
284 2819
141 436
1287 206
2732 42
3455 84
1732 2561
4456 3011
3590 1122
679 3381
2098 1948
3852 1319
2816 3177
444 3548
264 4406
2308 444
2353 3881
778 4412
3977 2704
2167 3013
1474 1566
2057 1656
4049 107
3089 3974
484 1637
548 1095
3209 221
2756 1063
824 142
3486 423
3416 3952
632 3800
2536 460
1635 3339
2911 4314
3777 3510
3705 3405
3203 1446
984 1601
1178 1361
1194 4399
3914 3418
2349 2857
2914 534
3067 1819
2342 791
674 2319
3113 3219
3099 2196
4060 999
4495 662
2920 1933
220 658
1170 4158
1464 628
1569 1296
2103 4269
2412 1539
1386 3194
2478 3243
3051 2579
2137 3088
4388 1114
3098 298
1134 214
2805 473
3579 3896
33 1509
687 3973
2482 2152
4442 3833
1819 622
1026 1060
1021 535
1193 1421
1679 1661
1666 1588
2298 3490
3039 3032
3277 1985
3743 1979
519 4183
1224 4421
1631 2080
2297 1814
2292 4466
3511 3985
1539 3430
2804 1336
198 3790
919 2637
3542 357
4430 3886
4147 187
3917 3923
2578 794
156 1002
3698 3120
86 2653
2141 3681
663 955
1003 2985
3042 1406
960 4031
3816 4037
1220 3450
666 2099
1547 124
505 2441
3966 1113
1435 1852
2717 3192
1798 690
31 120
1389 2159
1968 1568
1126 1939
2096 1850
286 2009
4385 1167
1169 2572
318 842
190 2725
2579 4491
2305 2972
2350 1160
1603 2746
4418 1425
2417 2353
1187 826
2126 1155
4 4407
3529 1498
814 3976
2143 1061
4272 1775
1488 2893
3892 4437
1576 932
4232 2594
2073 4220
3677 1955
1555 4045
1711 4480
4249 3124
1592 1430
499 362
1557 1708
1191 1024
761 2738
239 749
343 4359
1607 1862
2184 3838
2705 503
3770 2800
3636 4255
3998 4419
717 1268
3741 1859
2168 2598
3018 2563
3737 2239
1440 2649
3534 3767
3490 1184
1763 1337
2571 1401
2365 2878
542 3063
1909 3367
4303 1163
1832 4474
60 1768
3392 4193
3358 4153
1790 2210
1660 4307
917 358
50 2887
2625 332
1892 923
908 2916
2952 518
2605 667
1234 4436
3731 2162
2762 2854
1414 3837
3002 489
3721 2903
125 3848
3827 129
3815 1846
480 2908
1122 1006
55 1953
1033 3338
3716 219
2448 856
904 3073
1050 3819
4497 216
1313 3221
4022 2129
631 140
642 502
2792 2341
2530 2896
969 375
2589 1499
1984 3920
1089 581
1506 2302
3771 2248
3804 380
2793 1192
431 3374
3866 4483
3561 2530
1247 1642
2366 1582
135 2697
3427 1586
185 4475
4259 1072
3985 72
1031 33
1127 53
3650 2088
2775 1333
3763 4192
3001 2796
849 817
2459 1585
1655 3050
2503 1765
2751 2271
4191 2900
131 2156
2187 1692
1413 566
1052 4236
2025 4115
1800 2432
301 3404
1910 2640
893 1326
983 1414
194 3903
648 1211
3014 2835
1037 3939
2774 1847
949 3603
1296 2086
3166 1426
63 2163
473 3309
2363 3455
3951 1827
3463 252
4423 4305
4369 2493
339 1386
4076 2219
2549 2696
1890 1304
675 2350
4229 570
2611 2710
2789 4354
348 769
2697 681
793 4432
1358 4088
4239 2557
677 2612
4344 1713
3221 2558
1552 1011
3033 3232
1680 230
1937 2690
3108 896
4390 549
2188 2927
884 2074
449 4134
388 3868
3776 1937
3004 3890
2801 2418
2224 3150
151 3597
2815 2212
786 1039
3333 3814
4265 2325
4209 4126
3341 3834
4138 1618
869 2062
1316 1571
4131 1429
1540 1631
3727 3765
465 1238
816 798
1775 2895
745 1806
3213 2486
3657 3717
3653 1772
4026 2562
2368 2859
3832 740
120 1855
1410 3353
3011 3966
2145 3101
968 3742
165 1312
413 3561
3922 3209
1780 2328
2532 4401
2048 801
3181 723
665 3849
2336 4080
871 123
627 2252
3826 4127
4000 1835
2928 2601
3778 4367
2809 781
3871 4350
3050 2647
1244 59
4179 2205
1328 132
3182 1553
3083 3812
3751 3038
1604 102
1372 3256
3472 533
3682 1958
3274 35
2730 859
2 3641
3231 2727
3666 4468
4279 785
4035 2455
4252 3451
2097 4271
3728 713
4160 593
2058 728
1221 2398
2204 3475
1615 2979
110 388
3639 1412
4152 2803
4470 1225
4250 3364
2463 782
4345 1805
39 4005
963 882
344 3363
3060 2953
2099 3039
1852 44
4343 744
1962 4122
2208 3760
3838 2306
773 152
1574 2944
3718 4233
2554 282
1340 2858
636 3596
3034 343
3008 1669
798 2587
4245 1417
4242 1150
1456 1895
2468 1789
1302 1747
1384 4364
3079 1804
467 617
2196 3078
2561 1152
860 2465
3432 2204
40 1302
2680 2776
2795 696
4248 3470
4223 3461
2686 163
1183 2207
1263 2912
1621 16
3774 1544
176 1711
544 446
3935 1761
3257 3018
2590 893
218 1943
3602 2847
3577 1340
3332 484
3366 3406
326 1625
1107 2489
3568 4197
3714 1000
972 2406
4491 2336
3359 4342
1273 2446
3944 2034
3862 2383
3082 3383
172 2968
4087 3164
214 783
2451 3847
1785 3606
1402 328
3342 1219
864 1162
3030 1620
2934 3514
2524 3366
785 902
2369 4447
1119 3187
3507 1128
4461 91
3658 3114
3131 816
44 4303
193 3115
662 949
2230 1008
415 1975
2251 4008
61 1703
2399 2253
3434 2360
428 2143
3603 870
2747 3179
1320 3289
90 992
3910 46
690 4050
3242 1554
1716 2038
3238 3344
2445 1811
4462 3071
4114 1076
2882 2959
362 1218
2947 4258
1977 2615
3931 3080
4132 428
2907 308
1318 1706
2659 1263
4015 645
3570 1712
3399 1575
3831 4009
231 452
571 567
1276 3625
1854 1344
468 673
4254 626
3898 2276
979 1246
2088 430
4262 2142
384 2366
3177 3846
2894 652
4172 1971
589 677
2517 493
1181 3875
683 1697
1768 3370
3260 2254
2237 3348
981 2420
2457 2330
4356 2014
1986 2414
4412 3136
2750 1050
3158 2144
2541 3969
1304 4465
3610 1593
3310 1735
1374 2759
629 47
2226 2318
2455 4216
1501 861
4409 3149
2199 2977
1379 255
3581 672
2840 2869
3179 4313
4290 122
1676 2082
1206 4145
230 4217
1067 1408
2919 97
1610 2961
10 3126
2910 441
1108 4400
3121 3049
3066 3784
2223 3867
3644 1364
1361 604
4335 4349
494 1036
3989 2591
1549 851
2675 3938
3439 993
1627 2528
1671 164
1773 4362
4032 2224
1736 4209
2740 172
307 3859
2472 3083
3126 3337
1330 1540
4308 2861
454 1966
1048 4052
653 1954
397 2012
2239 3153
742 926
1504 3275
1071 3176
304 1667
3867 71
228 3415
3744 790
1584 2705
3715 3195
2652 1754
2498 3253
1758 1882
2124 2957
1197 3653
2835 3898
3997 40
3569 3417
3923 4352
2247 582
3320 3377
2889 1635
2726 4275
1371 2031
3239 3766
1357 2712
1377 1611
1643 3560
3620 1206
966 1914
3681 4323
3016 4469
4453 2399
1237 585
3805 3780
3582 307
3160 2184
705 3460
1961 3872
2892 2425
3881 3725
2159 2947
2402 3299
4317 4422
2548 1284
4298 3407
2078 2790
1293 947
4079 4376
2494 3683
4410 204
3502 1210
3327 1908
3474 972
1278 4306
3652 1396
635 1123
2935 277
2522 3569
3387 179
1457 462
355 4382
4362 2226
4162 4386
3118 2352
1975 2778
2154 2181
16 2064
2128 4032
1258 1231
2075 1161
2024 1142
2898 175
1877 2281
2969 3769
1012 3932
2220 3526
3654 3199
533 3441
251 3822
2528 1500
2691 3262
1699 3093
3041 3663
3729 3919
3600 345
4156 1758
4051 3015
154 427
3769 3096
2953 1413
4329 2677
3092 3879
169 1887
2476 3870
287 2445
3984 2734
1141 2845
645 2434
2950 3730
210 1836
2861 95
3271 3155
892 2582
1163 1832
4402 4451
2255 3776
99 3884
1079 4106
2441 3398
1066 4476
2387 304
1740 847
2533 435
3864 3409
3656 174
2624 192
639 1224
2987 3446
3877 486
1387 2889
1618 105
4124 366
2909 966
710 3331
1761 4133
395 2037
59 3805
2738 2501
2829 714
2901 3200
153 1368
4199 2474
941 1017
4187 3091
1210 2723
3611 1878
3551 1512
585 1347
4065 3369
4021 4443
573 3876
2123 1154
4296 1647
3988 3060
298 1437
1578 1940
3350 4027
85 3333
2306 3291
2581 4176
4475 3419
1833 2128
1177 2339
2788 2046
1376 863
1510 4200
1993 602
2290 2456
1626 716
3411 1907
4050 1874
2681 2464
857 1295
2479 3222
4278 4458
987 3311
562 3121
978 2741
1972 2059
2688 2321
3138 1020
1770 3392
2391 3447
378 2506
472 2701
206 3428
3056 2534
2398 3575
1849 2747
2874 760
2293 2175
566 3487
3694 997
4266 545
1277 314
1985 4040
2597 2960
2453 1048
2180 3043
3974 2240
2291 2599
2880 2818
366 2268
2594 1670
900 1865
313 1213
801 4453
3780 3479
703 1273
3919 269
3596 3698
3811 279
2559 3024
1131 2443
3915 1724
3261 981
2134 1239
2079 3661
2642 4042
624 687
2052 4463
3724 1003
1069 4024
1591 52
2331 472
150 1781
856 3294
4434 3131
2993 1510
937 2925
1846 2134
1063 2698
1565 1233
2347 2138
658 337
4486 4172
2446 1883
1207 4223
3352 2829
3256 845
128 4058
1982 2479
2716 3559
1529 1842
352 457
828 1179
2577 3794
4463 3154
2388 1165
49 4420
3662 2106
953 1549
171 285
1018 1917
722 1042
1365 2338
858 1016
259 4279
3508 1177
4230 4076
2896 2826
463 1922
1096 465
1524 3336
954 4284
3028 2273
637 3590
1525 188
3516 3329
821 500
2713 1356
4257 4112
2863 951
4034 2324
1744 1021
2090 1455
1185 2584
112 4330
2328 584
3178 4235
574 2851
3517 4070
2404 4166
2821 4456
2274 2570
731 217
1173 205
1154 4431
4268 1688
600 978
4158 3758
944 186
1875 804
408 1980
3622 3445
3937 3706
1628 2804
4052 2728
2269 4265
2942 1415
1517 2945
4487 1329
789 2214
2066 4274
4073 2334
4341 1810
1162 4020
244 4321
2978 1821
2777 651
1460 4090
4104 2316
1023 2095
3296 3734
4004 2975
885 131
1150 754
451 2331
2115 4442
1648 198
4017 2311
1204 1612
646 2244
4045 4136
2520 1869
300 1279
3175 3384
3247 3328
2014 3502
1452 3895
2218 141
1605 1640
2560 1398
2493 9
509 2872
327 874
2661 3183
3765 2556
956 3059
2903 86
4155 759
2630 4308
2967 537
553 3913
3393 1746
3453 3198
114 1371
1245 1303
2094 3936
143 1472
850 1894
1451 3097
1487 3206
1423 3928
609 2394
4307 1266
58 3318
888 3125
1042 2241
952 2743
1338 1816
1076 4289
4141 3188
2627 2192
4182 2403
514 3535
720 2396
2904 4238
559 2440
1140 3537
3953 2843
1373 1131
416 4297
750 4015
1957 3809
364 491
2179 3326
976 4245
2608 4268
2211 1258
4499 2076
4386 3657
1419 247
2357 4498
3264 1655
1769 576
2389 2970
2487 950
1613 3631
270 3007
1921 2113
240 2685
2149 3608
1804 3412
3969 88
641 1202
1850 2433
426 3533
2733 1652
3185 2261
2570 3598
174 2600
2790 167
668 1721
1710 1879
2635 1841
1109 412
267 3861
625 2198
4264 3054
2899 2234
2316 1151
4159 3371
4358 1899
3599 3109
1429 3954
2764 4331
4443 1589
2383 1283
3670 959
3495 834
2390 4215
903 698
3841 1951
3911 1195
2741 2636
3232 852
3939 3671
4407 4270
3391 985
1840 4343
517 2362
2144 692
3619 2054
478 4347
2166 3403
1144 756
1838 2566
3475 4061
765 3933
4135 2691
65 2173
2961 1129
590 3062
2272 2011
3957 705
3692 1098
586 2169
1102 447
4406 1354
2312 1826
4168 2664
3356 4079
1764 648
1088 3568
1115 2920
3929 765
414 2141
767 4231
2800 2329
2321 3208
3025 278
2665 257
475 1027
1364 4067
1468 1488
146 226
3905 3399
3021 4030
4316 225
3725 3474
2786 3394
2373 399
1664 4099
3 45
1482 1460
1801 3463
387 1059
1689 1777
201 2902
3154 347
2367 4370
1575 2147
1017 3151
489 1454
1966 2127
3557 1153
4036 3142
3621 2675
4417 2904
4285 3103
2832 425
3704 3771
2556 2681
775 1080
994 2976
320 633
2601 3354
934 613
2739 1436
851 3180
1677 496
3885 620
977 4023
4277 2663
3839 2497
4368 2476
2068 134
73 884
3549 4455
490 3132
2430 2946
1290 1127
3878 478
23 3373
1755 2729
191 1230
3281 1037
2155 387
3000 3579
2360 706
1541 4292
3782 983
3964 2027
1857 883
4420 3454
4480 573
2003 1783
2718 145
3887 3042
1212 1372
1085 586
617 956
1252 2427
1918 2018
2072 806
399 2865
1634 4190
3833 2270
623 3141
1396 934
3120 3181
3227 2931
4311 736
3963 3910
3163 2632
3415 2024
2865 933
2372 3235
1300 2683
1494 112
2055 4439
2983 4252
3851 1486
2486 3254
497 1851
2007 1449
1813 524
1215 699
2423 165
1083 2395
302 3935
1958 4377
3578 316
776 711
3445 3746
4312 3488
1151 1624
1848 1921
951 2297
2886 704
2231 948
805 4348
1707 2693
4451 2590
3395 2768
2902 3498
1509 4130
3553 1318
4058 4124
1216 3647
621 4387
3471 1886
464 2431
4444 572
2147 1617
3967 1410
1227 3040
3675 2860
2644 4316
3441 2595
80 2846
3348 398
3263 2724
1697 2388
1735 3801
3076 3813
269 3022
3005 407
385 813
1714 3815
13 2093
263 1742
1241 1613
990 3422
2981 2981
3180 886
1366 2382
4056 1644
74 4
3955 2452
2576 1444
3325 4478
332 2347
1866 3237
2860 730
4237 1176
607 540
3697 3171
3159 1365
3017 2236
565 1294
334 1482
1438 108
4231 3975
876 2714
3554 2376
1062 4495
2862 27
2982 1014
947 1026
1478 3401
2283 4034
1341 4282
3048 154
2314 899
4218 4344
2030 1671
713 3168
4351 1301
2513 3492
363 4103
1700 116
3589 4013
4355 237
4120 2519
4238 3029
1767 2838
1837 568
1481 1936
1645 1286
2420 2023
2973 742
2701 1749
2995 3163
4282 1866
2609 4335
1495 4053
2951 1546
1750 1641
3476 787
1303 78
1811 3892
1137 4128
764 3241
1164 3751
1418 2720
2673 1379
4275 2998
1315 3971
3410 2914
1192 147
4383 910
784 3203
441 1844
3659 3764
2202 3045
2960 659
3276 577
766 2121
2878 2170
2444 4039
3820 254
2769 1570
4494 3842
3191 249
2233 3907
3128 1313
3171 3674
3140 722
1447 3226
3372 2670
2645 1125
1208 1334
512 775
711 4472
875 2073
289 115
2948 1606
925 1397
3456 717
1920 2312
3623 1465
1932 183
2414 4041
3403 3578
2171 2954
389 1944
1595 466
1322 1034
3425 1699
3202 2739
1636 3702
1786 4003
3305 2774
993 3573
2940 3360
2071 1012
2111 234
3151 3644
3884 372
1172 812
2443 1818
386 830
2712 1798
3353 313
68 2567
3785 4239
2153 2123
3906 511
1149 3260
2646 4121
1617 1916
817 2294
754 2002
2241 377
3626 2543
2763 2022
2944 1439
3712 726
2796 1857
2534 2174
2341 4097
14 4445
3848 4301
1953 2682
1844 3263
3840 638
1880 1527
614 2521
1999 984
1101 3051
1943 4492
3184 3880
168 2042
591 2120
643 3729
1175 1096
2857 4326
170 2343
704 938
369 2225
1908 1469
3703 2165
1906 3442
4330 2373
184 1069
2029 3372
157 3247
3836 2066
403 4109
1485 2654
3216 1107
3308 4452
124 4428
18 75
845 2374
4360 376
4460 414
3907 866
2413 809
2142 3525
3440 3965
799 3668
3888 3047
2799 3724
3068 1528
4184 2536
3444 2517
4140 263
1047 2825
1013 3068
2371 4132
1831 104
2567 1033
2782 1569
1167 4181
780 382
2227 3642
173 4263
3563 3741
1797 2477
1583 2715
2361 4490
516 4479
1010 4383
1356 2813
4018 2855
862 1338
3145 459
1230 2304
1964 1298
950 2841
597 3293
1963 3788
4353 4205
2254 526
1951 2628
138 3651
2454 1863
3726 261
3394 1930
391 4165
895 1843
247 4257
1465 157
373 403
3317 606
1726 4497
2192 1157
1270 1532
2715 1991
528 2463
2197 1248
152 3541
1886 1077
794 649
2895 2554
262 1427
2959 3268
2045 2901
35 1745
2504 3280
76 409
3244 2828
4072 3684
103 1715
718 2105
2004 2370
2663 3468
2322 431
1668 256
4289 719
4469 724
503 4393
4271 1681
1348 363
4338 1959
4395 3900
712 3426
3253 1595
1577 3076
4270 1133
1998 3037
3152 2608
3552 1877
755 2448
2019 1116
1523 3759
886 961
2555 1253
2209 3158
2403 1270
2152 2995
4002 468
3233 2504
547 900
2442 1367
2943 2065
159 3456
2785 2323
3142 1623
2005 3614
538 2069
1727 1537
3996 203
3547 4083
545 1226
3473 3958
2105 3026
3283 600
1449 2811
1901 2035
4269 127
659 1929
3070 3553
3597 1220
2011 2133
1078 1277
2648 4142
1796 2028
1352 838
2505 227
3571 2008
3625 2057
4295 1474
30 2962
3609 4000
1686 2751
3941 2988
3284 824
3660 3075
1708 805
2433 3944
501 2928
3696 1090
1756 4410
2768 3739
4061 3595
268 3689
2568 2333
3722 26
652 1222
1825 3306
1342 1227
2449 2781
196 1004
803 1053
4096 928
2117 3351
1157 1111
2714 15
2304 3427
536 1648
243 2359
1437 2917
3413 4155
1752 136
4283 3845
2893 2310
453 94
4130 236
1395 3585
2615 694
3545 2290
4251 1256
2464 1910
2580 4180
3690 2619
412 4249
4332 3484
1600 3087
1104 1166
1599 3322
2450 4051
2012 2870
3794 1639
3873 2856
2009 2391
4448 3482
3338 1199
4331 2217
1489 998
4325 1183
1654 4278
3781 2831
274 2756
4001 1770
4326 916
1463 776
470 119
4092 2435
2205 356
2637 4471
1294 301
4339 4077
1114 1323
1817 2075
4302 2762
1425 2672
2883 1339
3141 3137
1520 3058
3843 1481
1082 505
819 2146
4476 2180
3112 2442
4422 3467
504 1388
598 3347
2761 3098
2633 2906
3337 3400
1882 3084
492 2548
2859 3433
3436 3546
246 4496
3584 876
2797 2695
67 2119
4134 1607
3084 1173
3452 271
1130 1310
818 3565
4273 1360
4128 1047
2102 3480
4180 1015
315 4148
3562 239
188 1267
347 1428
358 3234
3119 434
2819 2166
3197 1928
3872 1716
2386 2617
3522 2289
3262 400
1014 1872
2370 11
3146 173
1765 921
2133 3175
3883 3104
4123 4029
4288 1066
3047 3547
3009 2686
4083 3380
3817 2609
2001 4454
2607 437
1095 1748
3150 4430
1378 1830
2778 2837
2037 3449
2344 1049
507 1178
3318 3580
2081 1223
4267 2488
1081 160
1306 1522
2467 3298
2378 4214
2753 4065
1597 3317
2587 748
2803 2327
3088 1380
2913 2258
521 2735
4414 2684
2853 1424
1889 627
117 2006
4493 514
491 825
3390 3085
2591 3979
3606 2496
3854 831
2253 1616
1940 1245
830 93
145 4417
2118 2883
163 1728
2013 1797
2339 3186
4431 623
3229 675
2261 2694
4210 4011
1931 3993
28 4186
440 1812
1561 3110
2228 3968
812 753
4181 3654
2333 819
3633 2135
242 3942
3575 1870
4464 3147
2670 289
1609 2596
1646 1634
2858 2514
2956 1483
3525 637
3585 4287
4003 12
370 3128
1947 4390
4200 858
4281 268
1917 1070
1426 1491
410 200
2221 4007
923 393
1075 1523
4244 4247
2552 1534
3218 3738
2260 4026
3783 3909
3457 3184
70 1976
3498 1817
3059 4157
2131 1672
4143 2809
595 1963
2537 786
2023 2266
2851 710
1375 4137
1661 199
2728 2056
3173 1839
1741 4353
1180 3174
3435 917
550 2648
409 1505
3859 1978
2562 1893
4117 1558
2337 565
3369 470
1097 1373
215 3185
1135 1292
2173 3572
394 2879
935 4302
3706 2209
483 85
1274 4164
2811 1529
3038 1538
1511 2172
1403 3218
700 3130
3214 552
4088 564
4192 4277
2527 374
3768 3637
526 3721
4263 2063
2735 1609
3758 474
1586 887
3093 1760
2400 2081
2301 2453
4429 3930
2875 844
2151 2115
2053 587
1867 1675
2998 1995
3405 4184
3857 389
3212 1093
2193 3897
1092 4113
278 197
2938 1690
4044 1492
4400 2830
4274 3493
2410 70
1209 2660
130 3678
2742 931
3211 2092
3583 2401
4069 625
3550 1744
2839 2958
2229 1795
26 2635
2564 2201
3616 1282
3755 4025
4217 1121
200 1019
3057 1521
4125 2411
97 3693
3949 4201
3407 695
3336 862
777 818
2912 3768
2091 3645
1507 4226
820 3785
4446 1815
1701 1290
3123 3672
4100 3650
4382 574
4129 3057
4479 747
4106 1998
3684 196
1855 1891
4169 3532
2905 3323
2826 3692
1279 2816
4010 2626
197 2363
317 3950
3858 3212
3496 1714
1792 2444
2130 1658
1602 1089
580 1536
4454 2785
1467 270
1746 1005
1295 2850
1828 515
1981 2817
3512 2627
2690 1130
2034 4477
2602 1236
4024 601
3442 3001
2323 24
2346 1092
321 488
3168 3728
795 66
909 2278
1346 1041
1038 3285
4371 2049
2317 4405
1594 3325
3234 3300
3617 2874
2377 32
846 262
2689 1574
3199 2789
2359 3711
2592 891
2833 368
137 3107
1974 4462
1637 3378
2582 4229
3930 288
1640 1662
1694 2631
116 4388
1020 639
3364 2782
294 0
3993 1807
3573 1081
1823 195
638 583
684 1503
4391 784
3192 2345
2343 1854
2113 1997
2968 3891
3291 1514
471 1215
3104 3894
1872 103
4006 451
502 3992
2431 2269
1253 3964
3913 1473
3219 454
2657 410
161 4154
2049 2507
3115 3577
2203 857
390 1400
1990 1776
2870 3904
255 1952
1965 3931
3560 815
2822 2349
25 1038
630 3967
1011 4448
959 732
3896 671
4291 243
223 3912
1502 3010
104 558
1380 495
3810 1590
1094 1052
1077 942
3071 3116
4408 2005
2629 2102
2557 3988
708 3301
2036 3555
4396 2849
555 1145
213 2918
3385 2447
2992 4047
293 1666
4042 1828
212 143
1847 3778
1514 3949
346 294
2035 2051
1176 3551
3063 1217
402 1973
506 2361
2008 322
4384 1419
988 3522
3908 1120
3754 51
1809 3466
2249 1530
4040 527
2749 4488
1815 2067
3676 379
1581 4310
4313 456
2515 1580
2276 3804
2619 3169
3479 3763
3323 4162
3746 2437
965 958
3641 1260
2521 184
3170 4461
3709 1633
2485 1345
1669 3735
4419 2195
2990 3143
2289 296
4484 1375
1057 1889
4118 38
2963 2905
1415 4111
1853 1791
3530 531
1271 864
2831 1961
4203 4241
3101 2116
873 442
62 4409
2050 4446
4183 1581
1684 2126
3691 605
2771 4286
367 3393
3632 4254
3586 2940
2271 1186
1285 3796
4314 789
1971 3951
29 3240
3504 348
3595 3589
1563 4394
2915 589
3918 2194
2307 2408
2972 3563
1422 1972
2766 2766
3736 1729
4280 3789
2512 233
3064 3207
879 2058
3105 4337
3635 2589
3220 1091
3226 1759
2326 2718
1479 1587
3249 229
2824 4285
1696 2770
2506 3620
3664 634
3514 2863
4224 2840
328 218
3136 326
1812 3755
3241 2839
802 3172
3946 1809
2872 4081
3161 836
4241 1564
3708 3803
1225 837
1388 4360
4387 4397
4153 3885
752 2932
2436 2702
1314 2780
273 3557
689 346
1715 2260
3377 4281
4122 3906
1309 548
3894 2689
3122 2171
1446 2997
3376 4123
3273 612
2114 4435
1723 1603
929 3105
1572 2907
791 3281
487 2357
3598 530
2526 1689
398 323
2062 803
3135 1464
1045 1346
1616 3818
1398 2810
2651 4266
3702 4248
48 788
1291 914
867 2247
2573 1075
4053 3496
4253 669
2643 1885
2780 1507
306 3564
1900 2532
4349 1327
584 1289
2077 63
3326 3991
260 2524
311 1901
2439 2200
20 440
4240 2072
4151 646
715 2538
4170 4489
4492 3956
1633 443
4220 2091
1019 213
2424 1750
2429 445
4365 875
119 3429
3299 1602
4415 3948
4363 906
782 1947
183 1420
4472 2033
3699 3082
1585 4315
2514 1785
771 635
2813 4434
3200 1028
2955 1030
12 1221
4019 3225
1851 4375
729 1516
3972 943
1103 2794
1444 2045
1213 2026
4318 4044
3775 2646
2039 4006
1029 4299
1040 3810
2258 3443
797 4149
651 1201
89 4253
1865 1823
209 106
424 90
3518 2041
3293 3740
2523 498
4198 1240
2252 1858
1912 3191
258 3989
1573 1941
4236 1387
3846 2987
2379 3744
1978 3034
1439 1707
4467 2286
3855 2898
872 315
3418 4243
2313 1018
3086 4171
1788 3210
628 3643
1566 181
992 2179
2603 178
1703 1332
3094 2886
1868 656
250 1065
2794 1636
2507 56
401 3072
458 976
3528 1203
3950 546
800 3030
296 854
360 1700
790 2232
1512 4055
2250 3465
2332 1185
336 3623
2419 2032
1459 684
1280 5
1513 1543
2757 2990
534 3960
1461 1984
1749 3710
2235 2511
4455 1876
2380 4019
724 2264
1390 1513
3863 3727
3642 317
4297 1175
970 290
3614 185
447 1902
3165 2808
2519 1158
3787 3830
1542 3511
4094 1348
1719 2541
1802 2492
1424 1297
3015 603
379 3012
2596 2597
3292 1968
3837 2787
1580 872
3401 4298
3806 2048
1955 4228
554 82
588 1848
3396 149
576 1102
233 632
365 4207
4174 3313
606 79
3784 2315
1238 2894
3624 4227
1443 516
2447 2546
2101 57
438 1271
3734 1476
2395 89
1128 295
217 3112
2178 4074
1310 2498
2065 3239
1948 2822
2727 1057
2586 4283
1814 1743
417 2055
1055 1087
2435 2344
1522 3719
3618 4294
1129 918
2684 1709
319 1597
297 969
113 1040
1299 2821
2636 4108
64 2836
361 1377
433 980
3975 507
3766 1197
3793 3978
3520 1868
880 3708
4197 1023
853 773
744 492
4222 848
2891 3754
2516 2238
4112 1259
1827 3946
2458 1135
1349 2767
1816 1629
3278 3302
3686 424
3102 3504
3849 2332
762 1106
4016 2317
115 2777
3155 1132
1360 2913
2825 2732
1930 1169
1695 2303
1132 479
3543 3500
3106 3055
3796 383
2641 1740
1001 2891
3420 865
3539 1
3217 1738
4020 1548
1462 4102
2106 2177
2311 2016
1612 2852
4167 4179
3483 4418
3947 901
3454 77
1683 4351
670 1773
1074 544
549 3777
1345 2052
2604 2178
3762 2622
3860 3320
235 193
485 2853
3258 3911
3026 117
1148 1291
292 101
3266 4264
1068 87
2767 3459
4359 3982
936 3922
3183 3576
3301 4295
1492 2575
3040 2491
83 2963
2622 1190
167 135
3313 1769
1434 1970
878 1035
583 1007
3509 3628
1619 3064
3078 1967
2628 1784
1 735
446 1320
2169 3250
698 1369
2263 3356
2613 4319
57 144
2032 3133
4260 3864
4154 550
1239 2984
3994 1307
3980 3249
3688 1638
3627 4159
2243 3914
2621 416
4445 1376
329 4389
4046 2015
1590 2577
4284 1660
3222 835
3973 1674
1928 4038
2426 1434
4067 365
4381 2655
728 2229
1839 133
2136 3264
1427 855
633 4120
1105 3835
1757 2581
3903 3570
3500 2351
1136 2573
592 4203
1034 2602
474 1450
2064 3775
2376 611
4080 3257
1546 1687
2165 2559
1916 2994
1803 404
3645 811
3870 1584
911 715
3899 766
192 1664
2927 674
889 1957
2926 159
2991 599
3822 3359
2195 3271
3288 2613
3904 1174
3895 3246
1321 4072
498 2926
3526 3258
707 153
3576 1949
476 2703
2427 4091
376 3963
2242 3233
127 3584
1289 3220
3095 4185
3608 3421
4438 1088
1158 889
1201 3707
2046 3408
734 3615
967 1897
1997 62
2070 4404
945 2251
2783 2752
2428 2470
1009 3640
144 2882
2781 3712
1781 1243
2345 3733
3567 1912
4211 903
3932 3497
551 2223
3319 3562
1335 2208
723 3025
252 3531
4173 194
4258 2307
1753 4043
578 2130
2617 946
1498 2503
4095 1110
520 3414
1265 2650
2544 3160
1333 3284
826 504
1411 2922
3081 4396
2405 920
1319 3667
2945 2291
2974 397
3594 506
2976 661
1623 109
4379 4150
75 3274
749 4002
140 1900
3527 1705
1202 4066
2925 3118
3424 3390
3087 1212
2327 4084
827 1485
962 3345
2074 2462
933 2083
2752 1276
3663 4021
673 3841
3404 253
1292 3140
2462 2711
2210 3761
4354 169
101 1591
3797 3632
375 2552
1942 1964
1983 3139
1519 3701
4361 1981
920 657
4148 2417
2877 3376
1845 4280
109 2529
4005 2798
1776 2888
285 1993
4392 3494
3971 2740
1535 907
2687 3343
323 342
3109 3031
3054 4093
883 1044
129 2643
330 897
760 311
4477 3583
2047 1293
2440 3023
4084 1693
211 941
4014 1139
3357 1477
3668 3507
3464 1990
910 4369
1257 3516
4059 3265
1053 647
2177 2154
3646 4160
3110 170
2677 2526
971 3144
2731 3413
3046 2036
2518 60
3824 2555
2931 3278
716 461
3487 1800
3865 3477
351 2003
4449 3713
2262 4213
4085 3925
1027 1025
160 3899
1682 912
2994 2687
3679 4168
540 438
998 821
1028 2013
1665 3802
3055 2535
2847 598
1368 1484
335 953
333 1764
2183 3529
96 2973
462 2288
3648 1497
2818 1136
1533 2935
3707 2426
618 250
522 3997
1681 1234
3544 319
482 1453
899 333
4471 1651
4425 1643
1242 3536
870 4054
2465 1383
1534 3061
142 2468
1650 2300
2284 2982
3430 2634
1133 3627
400 166
1571 137
2127 264
768 3726
3446 1103
3601 1924
2873 2890
991 2871
281 1833
1959 3940
226 4464
4119 1156
2588 3066
1629 1209
1531 1043
1317 2160
2396 770
4436 3444
3331 2151
733 538
2384 3613
1196 3512
3282 1730
1381 619
1743 4230
189 3215
3037 4379
1404 4095
34 1867
3875 1766
1491 1676
1774 2989
3259 2499
2791 3009
19 3831
1874 2380
1713 2390
1106 3793
3485 1237
1343 1214
111 557
2838 3617
1255 2293
568 3434
202 2484
1080 4413
4038 869
3886 3335
3924 3127
2711 2669
2059 1942
4013 1577
87 888
1367 1757
1778 177
1344 3252
3237 2242
4261 560
1408 539
4063 2243
1861 2952
1432 386
1190 3688
3961 3592
381 2574
3437 4333
3438 475
3107 2483
4233 2692
1856 4460
1500 1299
3243 508
4213 3279
2031 4276
2288 100
746 138
882 2607
3844 275
1125 2381
2939 841
2381 22
79 1182
1354 2097
4465 3077
2270 1881
2535 1055
3819 3704
4466 3723
1205 1925
3383 3604
2061 975
1110 2047
3349 1926
3901 3397
92 4173
3647 2079
3254 3927
3845 4425
443 796
4305 2098
3251 4141
4109 449
1473 3307
1503 3745
4234 3829
3250 2629
340 482
3074 4385
996 3618
459 96
2933 833
1810 4218
3225 3626
1284 2125
3053 2255
3461 2061
4204 3816
1722 519
1558 4092
3061 691
2584 3448
3169 2666
3468 3214
2026 3375
4323 814
3891 49
1044 2924
836 1278
3044 2868
980 1723
2086 1363
3020 251
2320 411
66 2934
3786 3757
8 2645
136 1684
3874 2471
1888 2592
3207 3866
2452 1911
3365 4189
4062 201
3147 2190
1826 2421
1698 3905
1016 3272
1718 4251
84 2263
2215 2642
3409 1890
4215 335
974 3350
2708 4069
610 1315
2814 555
4111 3193
2264 2621
3655 3391
1926 3170
757 2017
1606 2673
3224 2986
0 1097
1887 3167
4033 340
1353 1431
3640 2760
4432 3070
928 4147
2848 4381
702 3259
2473 1739
1084 1188
3065 935
3752 3718
2868 1615
1466 4484
973 3691
1820 4398
393 996
1179 2188
2294 114
1562 2772
560 3410
1527 3437
3897 3368
2606 2337
1678 3791
2043 609
3362 2449
3798 4450
604 2415
2481 3853
894 1010
1748 2688
661 1409
288 3138
3245 4098
1362 1755
2407 113
1198 1650
699 267
1914 4361
2923 772
4459 3111
905 2719
249 4373
2996 2834
331 2428
2841 4341
619 3972
1000 3673
3402 2000
4256 3178
2700 4470
1200 130
2553 4345
2000 1147
2511 2107
1090 3122
1834 419
2282 3476
1329 3513
848 1808
2737 944
3802 1251
831 4131
1147 3843
725 1988
3701 960
5 1204
2474 2678
2489 642
2120 497
2656 2773
1024 1341
3788 3044
4473 3016
1783 118
2021 1104
3532 349
1041 2275
11 1101
316 1350
4441 1753
312 1265
1497 2494
94 4356
4301 3146
2354 2094
3587 779
1657 1927
1579 3387
460 1938
807 2763
839 2545
902 2779
45 1207
2558 43
2572 1064
411 2814
3290 580
669 1054
2888 4311
3343 3811
158 4328
24 3453
3748 2805
2409 228
1903 350
425 3921
570 2971
2285 631
2650 2326
4357 987
1471 1904
1706 3462
3303 799
926 616
1222 231
1060 4188
1359 292
3764 3231
2864 3432
2315 3330
93 3690
2812 1170
940 922
4336 1720
3096 1418
2172 3762
3287 2744
2997 1913
2890 1137
4478 1871
788 1645
924 1992
1159 4156
4457 4256
4164 1673
3035 1837
3097 607
2843 2292
593 762
4008 1353
2760 1479
3665 248
1450 3795
667 1736
1829 4423
575 2087
2975 1552
3799 1694
1394 4082
245 670
931 3619
1334 4327
2318 3509
2709 2864
1508 1395
3938 2410
3029 3089
337 39
3255 1557
3049 4402
602 1045
2112 2801
3309 2246
277 3053
1006 3435
3823 4114
2845 2117
2200 2070
3861 4224
2020 4340
121 2454
1690 1888
4287 1654
2213 1432
2198 4403
2674 1696
272 2764
3574 680
3672 2539
4066 3524
2191 4374
3307 1232
4474 1480
656 391
3995 2983
2563 2367
1954 757
1734 2197
4216 1560
2685 823
2185 3286
4299 2284
2085 3882
2623 1216
3673 1524
232 3242
3761 1264
2540 3332
271 4259
1325 3807
2310 455
739 1126
2834 994
3671 2523
1472 3508
527 3607
95 2161
437 3086
2089 2993
1174 4357
3423 3094
4458 1734
1554 341
2460 2616
1036 1834
2720 878
1298 1799
2849 1820
650 1986
405 2419
3398 3540
2033 4048
2970 2618
4380 2206
2546 4073
3335 2713
241 2955
3412 3987
4071 439
2722 2356
56 4118
1624 1701
2776 2537
2176 3854
2672 4177
3371 1504
1544 2259
2682 2832
4373 927
3628 2748
1072 3986
1799 1073
2678 1390
1268 3611
2162 287
3329 3162
3477 2676
1118 909
930 125
693 1946
280 1905
3753 3388
1611 1918
732 1013
3433 954
295 2576
4378 3857
4178 2638
1536 4010
2470 2424
4097 121
4398 2750
1630 4085
3588 2108
2647 3261
2855 686
2634 1525
525 1280
1256 3893
1025 4459
2529 3753
3187 189
2338 3148
1885 1752
4166 3696
840 3321
2671 2661
1992 3715
2971 158
155 1108
2432 3798
4315 2815
2729 3675
4286 2620
3144 300
1455 481
3228 378
2375 3159
322 810
461 1402
751 83
1266 297
3265 2665
2653 682
2080 4199
4127 4234
1589 2149
1905 4028
787 3980
4389 1803
1217 3355
694 2639
4309 367
1608 3395
1808 1533
4105 3609
2082 3961
1112 3808
182 1385
51 1628
2598 522
1996 3483
688 4242
325 2305
1476 3314
4440 1573
2010 2604
3370 1909
2217 464
2696 1392
2964 463
1385 1100
1199 2068
147 2124
1091 512
2654 3792
1649 453
2286 359
1667 615
3912 2004
726 3495
2022 2213
706 458
957 2467
622 2101
4347 4035
2275 1542
3733 3552
852 1172
3818 293
3902 1608
3361 1520
205 1447
922 4129
3447 2585
2132 3197
2083 1594
4498 2991
569 991
1728 3862
581 746
1433 3295
2566 1370
1919 394
1214 3489
1656 629
2936 4062
2856 509
4342 755
2356 1718
2170 3324
3519 718
3421 643
1721 2466
3268 2909
291 171
3378 2644
1392 2867
1203 2500
4403 4317
148 1627
3970 2862
1760 610
1588 1272
4490 1082
3012 2314
1537 707
4276 3491
1663 778
1226 853
3925 2969
418 3821
3027 69
1545 220
2206 1470
3612 2641
123 3503
1073 3779
2543 4036
3661 3201
4247 1794
515 1678
810 3316
1056 1461
3114 3216
743 2280
1168 2469
901 1274
2887 4494
855 4411
995 2386
1653 3224
2295 168
2806 1695
1505 963
3981 1822
1647 3955
3828 513
3236 3743
3466 1403
1925 3528
3779 4014
2599 1288
4175 2218
310 2651
948 2910
2683 2721
1480 422
2837 3365
620 2980
2110 551
3669 1261
1587 1335
1218 2301
2525 2457
77 1974
4201 3000
1288 3676
1858 2699
3023 712
118 1357
1693 2220
721 385
1864 1317
3397 1792
4195 2788
1782 2807
655 2109
3719 1196
54 305
2744 2111
804 1117
3968 2071
1350 2193
1058 1562
1035 1987
4077 2930
608 1404
1862 4312
3334 3774
696 3652
1642 182
221 3748
3198 2132
36 3436
3760 3799
4089 3600
2236 2089
4202 1452
1729 3002
3772 1105
2259 2771
4185 3665
2278 1864
2076 2
382 2400
511 536
1139 4196
4321 871
88 660
1286 2757
3367 4372
2303 2749
1002 720
1382 3981
1791 1311
1417 1242
796 2540
1528 1032
2044 702
3747 74
1260 3714
2500 1771
537 4191
1970 820
2273 1778
3480 2949
1123 2708
216 1208
546 4182
3999 3352
102 1191
2854 3129
4177 3189
1155 1343
4366 1906
234 2667
2109 2531
3890 2730
1008 215
1742 3851
1915 3423
434 3732
2879 630
3450 1592
616 2623
469 1668
3685 4416
834 2758
2616 2485
3503 3556
3489 2680
1739 426
1254 128
187 4493
3246 274
3637 4167
958 1247
3330 4064
1871 640
2418 1550
1189 3622
3605 4499
3069 155
357 245
3889 3202
4246 2397
2181 4322
2277 402
1704 2145
1651 2279
2734 3074
594 4336
4031 3587
4188 986
552 161
3304 2806
1370 904
1022 1189
2491 2480
1111 373
1548 575
21 3539
3248 1331
681 2580
1267 3438
3934 2375
671 2313
1235 2438
1759 1456
2916 3695
2257 3527
3830 73
2475 303
2140 3312
1347 3069
149 2633
2917 2553
3339 2842
727 3823
4416 3396
254 2929
2693 487
4292 3902
2575 737
763 327
1007 1391
531 797
1436 3916
3807 1786
305 3079
4113 1989
3638 3694
2702 3523
4426 3934
3853 3506
429 2565
4333 554
2626 1787
1259 190
1223 1604
359 2659
572 3747
809 2915
2695 4408
1672 3244
3978 4232
3469 4424
1311 2001
3593 3856
2869 1511
613 3518
266 4250
3164 2354
1939 2578
3149 334
1160 3685
2194 1614
486 3825
4346 1840
4110 2237
3316 1903
1673 683
1171 1118
1685 2603
3499 4211
3007 4204
1922 1731
866 2707
2069 3550
1420 840
1995 1934
455 2512
2279 321
1113 1187
2759 3703
779 499
2710 1062
664 1931
1805 4004
1146 2588
1893 1029
1705 989
1863 3017
1261 1508
2852 973
3976 2320
2244 1801
3959 4273
4082 3457
1924 1563
3006 908
2900 2527
6 355
2844 2880
3289 3918
345 3389
203 2941
404 729
1100 4163
1331 485
1754 4384
1124 4060
4226 2460
2922 477
1933 3411
2499 2964
4012 3664
2158 1140
3693 1466
2397 595
887 1950
3555 2136
2721 867
1777 1982
863 919
3580 2368
3750 3871
3494 3901
3756 4101
1946 4318
3943 3182
1989 2150
1051 418
122 1727
808 3749
3443 1831
3429 2287
4007 1193
859 1411
4481 3287
4435 3962
204 4358
3286 2674
22 2257
1745 2614
3954 3305
4255 3659
1938 4016
2501 1359
4413 1780
2908 1031
1641 4324
237 2571
314 4487
3090 868
227 4332
3162 1825
430 4075
3876 1559
3735 2348
1262 2769
541 2844
4372 2709
2385 2884
457 800
1383 80
2542 2216
680 3519
2949 2726
1515 2050
2093 1459
2937 2085
1339 2753
1412 2919
1143 2122
3172 1079
500 873
4482 3544
3591 156
2979 3953
4337 4206
3740 553
3856 939
2999 1489
3667 240
513 3996
2867 3534
4421 3416
3186 3977
3649 330
3252 420
3470 433
4064 829
2550 1322
4401 1630
2569 2230
3230 4057
2471 2509
46 3937
3375 1378
3417 4485
3381 2873
132 2007
2593 1138
1243 2176
3103 1506
4074 4429
493 2191
3275 2550
257 1462
1308 2282
1407 232
279 3865
2755 61
383 2544
1601 1083
1484 1074
2355 351
421 2593
1250 3283
2309 1433
3900 727
2095 1531
2817 3473
2770 1250
2508 2405
2658 413
2531 1813
3983 3662
2758 3361
1806 3574
1724 4365
756 2824
4212 2942
3019 2021
3723 21
2779 559
1733 3005
1458 2221
4428 2897
1751 1518
1659 67
4433 2167
4205 3839
4488 3019
3510 2378
1568 1717
2116 3230
1789 1086
1493 2487
17 2933
1324 3033
1652 1741
999 1779
596 2518
2129 3605
380 2950
2201 1892
126 3682
4235 2610
2374 1252
842 3521
2437 2412
283 64
2040 561
448 235
4367 13
4150 429
4334 3100
3280 2823
2416 1935
1391 50
4324 925
2121 1515
587 556
1059 2510
3956 3102
3139 259
1731 4001
1228 3697
4142 273
4394 3108
4144 1487
4011 2019
4093 2182
2574 2298
7 3248
356 542
2406 480
3615 644
508 318
91 4368
1598 2077
222 68
938 733
3548 3035
308 1782
3215 761
1879 1325
238 614
2802 3998
1406 7
3952 469
3272 970
377 3593
3513 211
1538 1494
939 808
3565 4444
2694 1314
3803 2040
877 982
2989 1685
2985 1134
1675 3165
1614 3530
3960 3458
2051 655
3157 4198
1897 1567
2932 1254
4227 1180
529 1198
15 223
2266 3469
3558 3806
647 1920
4294 1078
3189 3773
108 3731
539 541
2746 19
4025 1767
4206 3874
577 708
1859 1416
4190 1875
989 3472
3193 92
4047 1719
2497 2158
1570 1600
2941 3947
2957 3485
1967 3006
1518 1555
3315 1657
3414 3737
1688 1849
2319 3827
1632 3145
649 3217
2807 1576
2245 689
2640 4170
2222 3379
3302 4457
4424 3439
1448 3716
3880 940
81 48
2488 1965
2017 618
605 3970
3451 2155
1232 3636
439 1621
4293 1829
3717 1756
847 521
1895 745
815 2364
178 354
1692 2812
420 2761
3156 3542
2827 1751
4099 1702
2330 2461
3374 244
3713 99
1272 2671
3742 877
3196 1517
4041 3558
3651 3908
4115 4135
2884 1686
3492 1342
2545 2295
532 3869
1490 1471
4300 807
2706 2999
164 2249
2334 621
564 3292
3493 4174
1702 2791
3003 860
1142 1663
2056 3752
2823 4415
563 1458
748 3915
1327 448
3406 3924
4189 2706
2662 597
579 3832
2846 1496
3043 3478
338 4017
3204 3983
236 3119
3363 650
261 4363
1116 3610
4328 2936
1486 2039
823 945
1532 2948
4146 709
3351 212
1841 832
3130 4338
1032 1599
657 3943
975 23
2595 4293
915 191
3850 1316
1070 4346
3678 1478
1596 4125
2246 4110
1400 2131
567 911
3927 2611
1712 974
4221 1309
4176 2164
3324 2372
199 1085
303 1541
1269 2078
2392 3624
4310 701
1409 3288
3465 2296
1477 3770
4027 4378
2614 450
3205 2104
2219 2274
4376 242
2104 224
195 2583
1818 299
2565 4161
2466 3402
4496 3067
4139 3236
3683 1698
2268 563
1876 1793
3515 579
3821 594
1093 1725
1049 2792
891 4300
427 3634
1979 2384
179 4139
2539 17
3745 1802
4304 2393
3045 2020
964 562
1282 2379
3531 3677
3478 3052
510 1262
4243 2783
3546 1884
2351 2030
843 4152
3460 3602
2810 2974
1904 822
1229 81
324 4068
435 417
4374 1399
47 592
3634 3277
1043 2564
100 543
523 1860
2100 176
3506 3223
2745 725
2175 3213
2461 2522
3813 2137
811 2754
4340 758
759 1255
561 2827
3306 2358
2163 962
479 3612
2618 3582
524 41
2679 2717
4163 2407
4165 2309
166 4143
3075 915
2150 763
1766 98
4055 1626
2610 2402
946 1200
2962 1962
2002 1159
1248 1677
4171 3385
275 4071
392 3887
1902 608
105 1228
1553 4138
419 2233
3982 4288
1842 1321
3295 777
1784 2937
2921 3341
2830 1099
4078 1143
3462 324
2547 3782
32 4325
3354 3783
1747 1519
603 3297
921 312
2490 3342
3032 2495
407 957
898 3238
9 3863
741 4089
3879 2308
2087 2700
833 641
450 4222
4101 2404
3344 4059
71 1649
1960 4449
2063 2662
2015 1551
3773 1205
4207 1596
2787 2139
896 150
1305 4119
3882 890
1475 3658
735 3638
3058 743
2980 1068
672 1112
3497 3090
3484 501
1899 2520
1564 3117
685 2679
4348 3630
4081 1653
3720 2478
4397 2875
4452 2938
3345 3346
2296 1896
1521 2439
825 3266
3630 110
1625 930
3195 3549
3564 2148
832 146
4149 3315
1393 370
955 3134
3842 2103
997 1853
3789 2992
3143 1287
2958 2533
740 1423
1830 4105
3868 1389
2664 4116
3091 2029
98 828
1099 2430
3942 2547
518 767
2006 3700
4375 780
3448 2630
2148 1880
1952 3855
2510 2187
758 3720
3936 1969
3386 241
1935 1009
3294 3581
4186 1710
4075 3
783 2389
927 306
38 3229
4137 272
3572 3065
2965 2978
2667 1610
1152 2586
3689 4441
1793 3883
3300 653
3080 2475
2161 764
2054 4100
1988 2736
3524 246
2736 4291
