4000 1000
3122 558
135 3727
2438 1386
3698 2753
2225 2729
3695 896
1504 2433
3480 818
1714 3318
343 228
3397 193
1404 1023
2079 3282
1882 1767
636 707
3422 2691
1335 1725
327 340
568 72
899 1244
3068 1376
3740 2072
3882 1592
3087 2421
2604 345
1302 866
2794 2386
3431 3158
1490 3125
1860 623
3088 3022
1241 1778
3583 2467
1870 2464
70 3965
633 2858
977 834
1201 704
2169 2544
644 2540
1181 277
799 1722
2094 2092
3376 3530
2037 3486
209 2585
1414 2808
3842 1452
46 424
2816 92
1954 1155
2623 1010
2492 3616
3822 3838
3327 936
3392 2927
2652 1536
1067 146
2762 463
1558 3522
1257 3485
765 1901
886 2030
3699 574
2530 3693
2164 916
3036 1979
2842 2513
2176 3878
447 2846
281 3621
1506 1339
928 3600
2752 3335
1142 3854
3236 2971
1300 3705
2983 3154
1501 2617
2686 3368
3548 2359
2429 1141
1628 454
1981 2859
1263 2394
21 2218
3854 187
2551 3456
670 1321
1761 3931
279 1502
3111 2565
2211 568
2799 2158
3383 351
3367 3076
3531 1242
2867 3945
2446 3348
1512 2180
1133 685
1546 2972
1724 1866
3722 48
1561 2555
445 548
3264 49
125 3405
3771 121
277 3144
1202 3869
22 671
167 2458
707 2044
3184 1395
2432 2678
1160 2389
524 279
1789 897
542 2586
2411 2817
2718 41
2923 1300
2613 2123
854 787
1326 1150
2209 1557
254 3052
1351 1252
276 2285
429 3357
1975 974
2984 3903
2850 1858
469 934
654 867
1550 3224
2990 1136
3329 808
2852 462
2552 3050
3213 1762
767 2901
1758 426
1872 987
3095 2609
668 3629
294 1263
2136 3295
3745 3441
1529 3064
3006 958
1056 1732
1405 165
3299 624
2258 2675
3883 2761
2773 594
3487 1262
2126 3419
3291 3107
3057 2355
917 3846
716 3476
2580 1453
61 1614
3839 344
3954 1109
761 2562
2656 3242
502 3966
1141 20
3257 2664
3942 2970
3741 3187
583 3386
1611 557
3985 547
3062 849
3438 582
2102 830
1192 3490
2713 1084
1986 3714
3819 3074
879 2958
111 1061
2614 43
3774 3245
3690 1406
1364 2683
2378 1497
3171 3593
2905 2055
421 1172
3337 1933
420 3623
1247 3260
541 341
3564 3841
3980 1436
2082 2216
972 498
210 2770
1145 227
2334 2860
790 1980
1034 3654
1609 2842
3727 1930
388 1668
2537 2739
2198 2843
2825 719
3762 1356
1772 420
3147 2137
1213 1362
515 476
56 3855
870 612
2961 1987
2589 3627
538 1096
1941 823
3412 838
791 150
945 1490
1513 1717
3619 333
455 220
1620 961
778 3203
1417 1877
784 3030
30 3547
1517 1688
3233 619
186 2618
492 2872
59 3372
3109 722
952 3766
2006 573
7 2446
1073 1947
1886 1303
559 1909
3129 456
3013 2626
921 3789
3524 1720
13 2867
3261 1842
1314 57
3231 152
930 1526
2996 2176
544 932
514 3068
2968 3662
463 800
1689 2651
2360 264
1743 2022
1093 205
2385 1538
2969 427
2351 3463
2377 3142
1295 3599
2147 364
728 1626
3574 3635
929 59
3199 1412
3665 2100
3534 752
1948 2032
838 1442
2252 982
2714 285
3718 3938
2795 2911
2359 2089
236 2801
3423 591
2396 2143
3203 1360
1675 1027
144 2455
1385 920
1566 658
5 3495
1425 2656
164 1559
3739 2377
390 484
1729 1624
199 2136
2772 975
288 781
3053 3416
3786 3929
3805 703
510 1117
1777 3943
1283 3307
611 2622
1119 3768
1487 1996
2199 2450
2104 3351
189 3810
1418 419
2767 1798
660 1962
1687 2741
1523 2155
459 3531
1775 24
646 1297
1842 2663
1052 2281
1036 2728
475 3355
3852 438
3865 1439
19 1158
2930 1130
2288 2328
2562 1110
1754 3859
3987 3270
3482 3283
1956 1511
3353 1925
283 1058
1644 3808
391 651
3680 616
869 2647
2153 2144
3750 1151
3668 2363
1360 1674
3538 3983
2251 2850
3624 2120
269 3709
2514 1580
2782 2093
3678 1884
482 3696
737 39
3717 1426
942 1099
393 2095
2445 365
3990 941
3637 2999
1044 3403
934 485
1953 1182
1868 2648
136 2506
871 3952
3901 3981
2249 3170
2232 531
2524 1122
1411 1629
3575 1469
3866 3880
3967 282
2808 1828
3835 2857
2328 3440
1598 1162
1231 3059
2019 1822
2182 2186
134 1261
1796 2935
1887 1388
2800 1059
3969 2075
1744 2141
54 1103
1223 686
973 2217
2872 1215
3885 25
3086 656
2596 2265
1751 3934
3450 64
2185 3589
1903 27
3899 3429
2178 2291
1676 133
898 2014
354 161
1712 1597
2900 2212
1539 602
3932 845
2834 2861
3909 246
562 738
3012 3708
2533 2454
163 2625
1316 3389
1012 1848
993 1305
2177 2730
3643 714
3897 2557
3371 2303
1663 728
1038 73
1594 924
2197 1875
2962 2987
3875 1612
148 1784
2458 1002
446 1837
1925 1570
3930 559
762 1223
595 1847
1871 802
1658 3723
1731 269
2839 2961
321 2796
1376 3856
3652 2583
1935 40
2294 3699
2830 2669
1934 2161
2285 2423
3428 3455
140 1856
1463 358
1294 1912
1230 768
2018 1696
647 1196
3465 173
594 3598
1440 3910
1019 997
3593 2681
1103 1984
1139 871
994 2875
2405 1221
3761 74
1313 1383
1570 1257
1774 1500
3972 1149
2353 406
2952 3747
299 931
3051 3334
1050 1098
3382 1873
2981 3888
215 1378
689 798
378 166
1721 3958
3773 3684
3477 240
1455 1312
2586 2451
1395 3704
3988 3985
91 597
2824 2376
407 3799
2856 2807
3546 1913
270 2692
927 3785
3689 3825
2428 3776
2594 3082
1584 3094
3496 2768
3620 1768
1745 3866
3744 1000
570 1513
34 2033
1965 3009
2619 3078
3302 3581
2063 338
3049 2349
926 3467
1971 1218
548 270
1301 200
2590 1765
2971 512
3073 2028
3585 1564
1763 3820
1100 113
1520 7
2648 1700
739 3390
1950 1654
1367 2490
2196 1636
1920 2914
2611 2543
1544 1255
2364 1733
3300 3281
2496 3274
2579 1415
1613 3725
2636 1457
3029 1488
2561 855
2994 2810
2976 2558
2916 3352
95 3907
2831 1752
439 2
1614 3761
1393 3607
1342 814
3402 3387
1825 3688
3139 1276
1010 366
2260 2135
650 3081
2347 3108
2099 3631
3916 3322
1210 2401
1401 1314
1847 52
1275 3900
1686 1007
3211 1042
1636 3927
1740 635
1638 2184
3167 3412
1135 151
3117 2295
73 3216
3278 769
1656 2442
1346 2053
2213 549
599 3502
798 2758
1099 3035
3542 178
1605 3115
651 2489
2657 3634
2089 1434
2084 3198
3202 3120
1129 3466
160 450
2558 1957
3098 1088
1042 3422
2066 959
1389 120
170 3850
1146 1083
2878 2316
1434 1681
717 1579
1518 3247
2937 1543
2307 2767
1647 3127
1861 1454
129 699
452 3797
3227 2078
2667 2533
2927 1631
240 884
2202 1783
1193 3877
1239 1951
2869 734
201 3643
3518 715
2693 2923
3907 3886
3268 2181
1086 3494
1166 2021
24 509
278 1911
810 1644
2699 83
324 1885
2308 442
2917 2294
1140 615
159 3454
87 3885
2344 1839
1922 2040
2127 2378
2204 3036
826 1945
481 1643
1031 1573
1474 3288
2892 2527
1309 2574
2560 349
1084 2847
3148 248
2723 1800
3537 1307
3795 148
244 3020
2032 2589
2016 3630
271 3379
2770 80
282 2449
1430 363
3799 913
1527 826
2472 3276
1218 1029
385 626
3437 1587
1902 1673
3933 3517
2750 1658
814 1620
3446 332
1790 3213
1621 1143
3235 647
3694 2486
3586 3371
1832 3025
3398 3865
2627 303
3612 1106
675 2733
528 1389
1661 2317
200 875
3427 2964
721 125
3107 2759
3226 1277
3506 3451
2998 674
2295 2959
980 3324
245 3817
3955 1601
551 2591
367 2908
2512 2721
1292 2973
2894 1152
256 1236
2188 3876
2616 96
610 217
476 2844
2565 528
3225 1583
2700 2962
764 421
1426 2702
3743 2627
3193 3012
2777 3911
2118 3093
130 764
2797 2615
2787 3735
2338 2277
466 1975
211 2760
291 3913
422 1495
990 821
936 3113
2253 575
3217 85
3696 1519
2 1447
416 2307
3515 3506
564 1473
612 521
573 1855
897 131
2200 1959
3946 3839
3673 659
924 3300
3809 1443
3474 1476
736 3883
1893 698
1122 887
3776 1336
3935 2268
3838 3147
411 3694
2321 1299
112 2112
596 2163
895 3257
2868 657
1191 1967
2049 1245
2518 292
1330 876
1660 1803
1196 3655
2853 803
425 86
1172 1748
3447 3220
3126 2577
3396 847
3025 392
3394 1264
3297 3319
1545 3161
2183 44
2223 996
2815 3439
3992 379
1590 585
3971 862
2097 164
2948 1348
2973 77
444 2270
1088 3784
3255 1460
2725 439
2228 3759
1649 3063
3007 937
2701 3010
52 2553
3328 3472
120 348
2751 1205
85 326
3024 3858
4 3901
3369 2834
1079 3614
2679 3754
3385 483
1997 794
1891 2334
619 1330
1066 347
1898 2407
2330 1115
1107 3805
982 2604
404 136
902 302
1308 196
2462 3671
505 2174
3697 620
306 556
2001 1659
3146 3726
3568 2926
1343 30
2407 780
2471 2789
2901 2369
1281 1955
2491 122
1375 389
2516 2073
3595 1381
3565 127
2506 942
733 1653
2036 250
1153 3361
3580 1319
2273 2485
488 1043
979 2645
1356 234
532 1999
2727 2606
3999 2117
2970 2413
2366 3101
2274 2020
2076 2690
1703 1040
3460 1479
678 1723
2526 2441
3265 1551
82 3613
3941 2979
2145 918
3417 3079
3449 1427
2497 2713
1952 1374
808 56
1720 1684
2712 1824
2649 1026
434 2432
891 894
1491 3378
2289 1288
3519 3218
1399 2916
104 2106
2038 1657
237 957
161 511
494 61
60 1533
2621 1368
673 636
3633 3484
208 513
496 1801
3379 16
2165 1056
2597 3243
3497 2812
1452 3095
81 3183
1578 209
2931 1548
2409 2981
1931 2906
3994 1125
3037 560
1556 3978
3976 388
2040 3534
2785 318
645 709
563 2247
1025 319
3414 2435
777 1393
617 1192
1089 3349
3927 322
713 38
2270 129
3746 1256
3645 3769
3557 2111
665 2046
3833 3814
3874 1666
3582 204
941 1153
3103 586
3975 2866
347 2877
297 3014
2417 3749
1347 3231
3223 2956
380 2603
2287 3780
1150 822
911 2335
179 3698
3411 117
3856 3428
3964 3675
2819 774
2566 545
2499 400
3895 3821
3983 82
2577 3199
1713 858
1159 2719
2695 116
348 650
1116 2856
257 3691
2439 241
585 1908
1072 489
1804 445
3242 386
3858 3092
2436 1508
1799 2151
3687 2676
1607 1832
178 2219
567 3152
2769 3354
1498 1331
751 3573
3664 1661
2250 3717
3259 3535
1015 1600
1162 2536
569 3433
2085 2023
757 1118
2736 2829
3092 783
1937 2267
2304 317
3629 692
2988 369
1101 213
3256 446
2796 655
3258 3626
1234 681
1846 3000
3273 1699
2538 743
508 1595
78 3577
363 3746
3248 3487
2015 2593
2216 3867
3713 1341
2811 571
842 3240
948 3707
1299 1231
947 592
1900 2370
309 2549
809 3034
539 2795
2322 621
3623 530
2357 1183
3384 2261
3769 1186
2754 2913
1641 1411
1027 2941
2883 3592
287 3212
242 1946
1237 3089
2544 99
2059 2309
2556 2722
1422 1986
1862 3908
3135 2932
2715 1651
3375 2300
443 3337
2022 2910
857 3811
2326 2415
3419 819
2000 3772
1423 3894
1268 3149
2644 1280
1091 2411
885 1046
3589 3256
2255 1475
3456 1694
2162 522
3418 842
1537 843
653 596
1323 2293
2291 3936
2476 2584
375 3950
3484 1715
3366 1724
3133 3249
274 1429
3238 3215
109 3098
1678 3942
2545 3066
2301 1779
1244 2211
1982 3585
3325 1997
986 758
196 3462
2457 542
397 2071
1942 3166
3712 298
3318 2266
969 307
1083 3234
2685 2851
1857 3932
151 192
3486 1404
3330 1005
935 1437
2861 778
383 553
2893 1081
2195 3414
47 143
2325 1148
2117 3033
2480 3067
2673 1463
1996 829
1134 654
2809 3519
2668 3973
2397 544
2670 2731
656 3514
1022 1156
1171 81
2335 2042
3179 3741
2365 2280
3658 874
3566 3832
2012 1711
1562 3028
3352 1428
2248 2190
521 3301
978 3574
3798 3488
709 2453
1262 3284
1298 2845
2466 3982
3001 468
572 2687
3079 1174
3214 611
3517 763
3336 1880
114 873
249 1228
3915 2608
3121 144
92 2871
1892 95
2887 3004
2735 2263
523 2306
3886 1834
1834 2379
2039 1246
1185 2619
1632 70
2414 1308
2296 58
1624 1796
519 2969
359 644
2298 1516
1131 775
440 1235
72 3500
688 2590
1627 3692
1355 1954
3290 3872
168 350
2908 1296
1833 1067
2554 286
2583 2559
3550 1879
2531 1078
1128 3062
1476 15
1495 2364
3646 2909
3360 554
794 1217
3973 1812
3408 1456
101 3468
3510 2822
785 2904
1304 486
1359 2805
813 727
3742 1743
2170 952
686 614
3555 385
3085 2368
2279 1138
2217 569
829 3798
3201 2679
1683 3492
2431 310
2847 599
3000 2823
3229 598
1933 2148
2382 3204
3572 3509
3851 3679
938 1774
3059 2696
1361 2516
3173 3114
677 3828
3466 1515
1625 3065
3189 2416
3675 2383
2003 2358
864 2630
2238 994
3647 745
3182 3236
3821 3864
2086 2034
2498 36
3989 726
3110 1756
1328 2481
2837 593
3622 1976
2105 2779
338 576
2640 2452
316 3195
430 2352
981 3781
2275 2102
2906 3102
229 409
2101 622
1365 255
1028 2356
2956 2264
2474 2526
695 1838
1415 3056
968 767
866 1047
1884 1413
3729 2225
478 31
3508 1605
3140 3151
1453 2048
1821 1020
3792 3445
2072 3569
637 860
1051 710
553 2006
3749 2049
3354 2165
2044 3255
2426 261
39 2409
3040 2230
1940 1458
2080 1432
769 87
1670 872
366 2738
3870 3716
2653 1589
959 461
3770 2347
3702 3111
122 2345
1548 950
598 1982
3128 723
493 566
1451 2284
1669 2414
3241 2374
1219 833
2402 1939
3125 2849
1075 447
1543 3836
2876 1489
2945 1766
3149 2714
850 2337
3429 3069
1278 3425
3522 3131
843 973
2309 1011
1626 254
1442 2668
3504 401
587 2322
2310 1687
1233 216
3282 1613
300 561
1822 2854
1540 1964
2481 801
1748 455
913 1904
1793 2698
2244 244
3403 944
915 3523
2871 3185
674 570
1197 1869
3611 110
1266 1093
1911 3544
1402 1505
3205 22
1062 1239
1547 3971
3339 1701
602 2929
2142 23
1619 2623
1432 552
3324 2126
2731 1906
3719 3470
2404 2185
3913 1859
2098 724
3642 732
1154 3097
3022 2324
1105 1604
285 2196
1311 1970
3439 1988
3509 2228
1398 809
3066 1918
1143 1241
1315 610
1037 539
3187 2960
3200 3860
3677 2200
874 2836
2317 3955
2425 2726
2870 1552
3100 158
719 1359
3563 3498
3888 939
1287 504
3344 1197
1918 410
3879 3863
783 260
3099 3258
365 182
2943 2476
3868 668
1102 1291
1560 3480
142 3331
1011 1035
1912 1021
1682 1294
3440 1253
1564 804
3752 1168
1878 491
248 1802
753 2493
3180 2199
2944 1474
3700 2735
841 837
389 1805
2885 329
3400 3713
1844 1208
3185 3750
3616 1747
1795 3162
1188 2551
2890 646
3368 3367
1977 3833
700 1676
1001 1785
3483 466
2959 3794
2965 55
3039 909
2902 3529
3896 3639
2034 2658
999 2495
1944 6
2630 716
3313 3940
1002 3884
1216 2170
2865 459
3957 1936
1505 2327
702 2561
2316 391
477 3365
1972 1656
3881 3435
3232 502
2158 3951
1068 3016
2009 1455
2724 1989
1612 3181
1106 806
1894 2132
1235 1407
2125 572
128 1708
66 946
116 3157
1199 2015
1184 1521
3577 2259
2587 384
2192 638
3287 3567
1469 3186
2333 2097
345 1410
2081 2298
3281 1092
1253 1057
3889 195
725 2896
3757 3653
1380 32
2903 2056
1179 3992
3127 1510
3142 859
1852 3763
907 258
574 2777
263 2412
3094 343
581 3005
3308 377
517 2036
3715 1567
9 1895
3596 1585
729 2229
1144 1608
2783 3135
664 300
939 2436
697 3686
511 320
2571 1401
820 2804
2995 3008
839 1051
1267 584
848 51
1812 3235
1681 3941
2932 2612
1410 1737
3676 2171
368 276
3816 26
2398 2296
1005 1740
2356 526
2722 1634
2934 66
558 1807
1732 2140
2691 418
118 357
1408 479
2582 202
1966 2472
2362 2848
669 268
1259 1230
1771 2931
220 249
2259 1008
825 2468
1236 3316
1955 886
1818 2644
2283 3448
2761 2501
1317 1194
154 3197
2951 2670
261 739
3631 2201
3224 848
2897 3343
1728 1146
2591 2578
1914 3554
1905 297
3239 2863
273 1357
2975 3141
914 1222
2734 3552
3499 1706
1985 2725
3340 3290
3014 1811
166 53
3760 3568
3543 267
1058 3642
1416 990
2026 190
3188 115
2520 2366
1525 1501
859 3939
2479 1922
3164 3557
3674 1788
881 1034
1654 1399
3469 78
2703 2864
2683 898
3686 3339
503 892
1535 212
944 3733
228 1622
431 535
185 1422
132 1991
2443 2256
3234 2017
1797 1045
609 3505
1572 2031
1672 3879
575 1367
67 3702
742 2067
1232 2655
787 3376
0 2988
2521 1095
2207 976
2175 291
516 3293
1242 3512
2306 3086
2807 954
2559 306
131 3751
2633 1004
976 1775
320 1632
3685 696
3463 2130
2184 1123
3119 551
3775 1593
2132 517
2676 1134
852 1238
3613 2667
1788 3214
1692 2133
1183 1142
2109 288
940 3999
621 93
2174 3278
3461 3091
1863 3019
3113 3304
806 2283
3196 3624
3083 2897
3861 3124
2214 3168
1200 1815
2873 2288
3309 1972
693 3471
2920 988
1648 877
1881 2613
1563 2661
608 1793
2584 673
1165 1267
506 605
1265 2408
3725 825
520 784
3096 3874
2733 451
2371 2494
1651 394
83 1561
3151 2587
398 3737
2144 966
3949 34
2567 1226
3162 2246
708 2749
3981 1773
3060 3196
399 1316
1782 2963
2546 331
2771 1744
1446 3562
1604 2571
3008 1286
296 1618
2922 933
3789 532
3569 2470
867 2426
2697 627
3920 977
483 3757
3219 2642
1110 109
1070 3586
3808 106
2460 629
1138 1358
949 915
401 3174
601 989
3974 1528
2806 1804
3374 2380
1483 777
1573 2341
3342 2169
3452 2365
951 1973
3112 3773
2346 3279
823 3632
1329 339
3660 3369
3433 2087
730 1646
376 1379
362 272
2918 1888
875 889
100 1166
905 1089
1706 1129
2180 3673
2599 2966
3042 1
932 1966
1004 3072
3656 2548
2540 2498
1919 1441
3399 1392
630 588
1555 3347
3247 2572
86 1464
3370 1258
2194 3526
2515 3317
2131 505
2784 3793
812 637
2704 735
3195 2797
473 1963
3116 2873
1699 371
3010 759
1723 772
89 2098
1705 1225
233 2198
1256 3219
2849 1116
1853 2070
3977 480
2493 642
3362 19
1392 2650
2550 251
491 1941
2742 2314
2430 3167
1261 3153
58 293
2189 3119
1800 587
2605 606
830 2542
3047 1385
3844 2122
1739 2706
171 3268
2744 2575
217 3553
3996 2832
2014 1599
3284 1188
2140 2756
3758 1306
301 262
1538 1648
305 815
1688 2720
1368 1403
2662 1745
634 1424
65 2484
2891 104
1838 2724
2229 1119
2757 167
2641 405
2050 2361
2331 1317
3381 2743
3409 1351
2267 3313
284 3587
3527 1928
1307 1969
530 478
2005 1372
1719 3248
2671 1776
606 3851
863 2234
3393 1160
137 1809
412 3323
1653 1471
2791 1265
3502 287
3310 79
3938 771
424 469
2681 930
3356 1518
3320 3238
3345 3977
2271 2050
894 98
2967 811
3597 3504
394 2828
831 429
432 3261
2511 3788
3968 305
1123 3786
195 3175
3031 1672
2696 1289
3655 3410
3457 790
1421 3974
3650 45
45 2769
3706 346
2860 2157
1727 1943
1643 2975
193 2003
2421 792
1999 3359
3058 2400
2615 112
2618 3755
3303 2076
3137 3342
2992 1860
3871 2874
275 3596
1445 1781
1021 1892
188 1133
219 2890
3936 1187
1828 422
467 3071
1671 2924
1760 3438
460 1459
3405 3703
364 397
2061 2512
1549 940
3840 3636
918 3363
964 2674
396 2191
1637 1315
1118 3895
468 2665
734 2287
1693 2038
3693 3957
3827 3847
3651 746
2821 230
3813 2035
2689 2222
561 3962
2339 2396
2324 2273
2373 37
819 3137
3363 1915
2909 713
2606 1199
3731 1311
3812 3397
2343 2814
1879 3666
3503 3103
2138 2339
2781 2977
3830 2564
3663 1012
2828 1144
2391 1097
2889 1590
2862 3251
3876 1729
1553 1310
1087 3782
1749 3241
2535 567
3341 2948
1602 402
3536 3783
681 2499
2077 2405
1379 3724
1419 2275
2269 314
3724 2505
3253 1320
3410 1751
1211 1926
3348 2900
3853 564
458 3205
3671 496
3249 2329
2548 2004
3279 3442
495 1705
1851 2624
3763 1290
2628 1210
35 1032
182 3275
3228 2552
3670 3499
3520 1641
2203 1169
382 2375
307 3246
3372 1935
1121 3217
2610 352
2266 3779
1979 3006
3489 1287
1470 3160
1768 534
3097 963
2789 3803
2419 2891
1503 1814
2632 362
1938 3641
2568 3954
93 652
1252 1550
3639 2096
1147 1369
2083 729
1577 744
724 565
1579 3088
2912 748
290 2783
1057 149
202 1757
392 1076
2549 3128
582 914
2643 3090
3847 1998
3860 3418
3471 3651
2489 1944
2464 1596
691 2091
356 393
3387 2086
225 2332
3960 2830
527 2019
1629 688
2665 527
1493 432
2947 50
1228 3340
3090 1220
322 1327
1024 3437
836 3892
3498 1713
3950 2043
1785 2798
1204 3571
64 1053
1803 984
2042 233
649 1347
1913 1813
3335 126
2058 1588
1990 960
3283 2503
2924 3165
2107 1532
1381 188
3166 3227
3045 700
2507 156
1394 1353
1152 1494
1126 242
2832 590
607 2772
1377 2592
1680 1716
2239 986
2299 3105
224 3566
3526 817
3373 3237
3269 3998
2235 1102
3358 2290
715 2101
2941 756
489 2384
3512 3344
3982 1742
3626 3394
465 1603
1078 1721
3454 3011
3785 1219
2293 2331
2626 2381
1169 2638
2045 935
3807 737
2146 2576
2380 2134
1593 408
198 1817
1206 3327
1382 2172
3825 3446
1387 1907
1115 3225
2760 3961
3948 2305
1988 2354
909 2968
2035 981
2311 760
3165 3118
1583 3829
2284 3633
591 2178
2087 3640
2936 3388
1668 3133
3890 2313
2687 3211
3710 3542
758 1283
1127 1161
2896 2085
40 1435
3923 2673
2467 3027
3091 3742
1551 186
77 1576
1059 2062
349 537
731 3917
413 3916
1957 543
3495 2763
2221 2315
2424 1400
246 2581
79 1060
1312 1818
1441 2528
1280 2236
2635 356
3044 812
2532 1669
956 90
818 3060
2068 3271
1747 3889
1264 3909
1961 2933
2447 3701
2408 705
3316 2207
2205 3042
2246 191
1845 1750
860 1507
3921 2462
335 730
433 680
752 1760
1536 740
3766 3491
3937 3823
3984 1346
2456 2912
3445 2461
2564 1086
203 506
2739 2205
3364 1408
2765 3532
2475 3287
2688 1791
1354 3826
2416 2902
2073 1202
1048 2950
1489 2195
3475 194
896 921
592 2002
265 1049
74 3720
133 1994
1677 1329
462 3527
1702 3208
1928 3148
2746 1249
1214 672
2884 683
957 1861
1646 2427
3837 1065
3649 1334
352 956
1987 2700
2130 1956
3391 1952
998 3031
740 2502
2711 1270
1195 2869
3263 2069
2011 1233
2838 861
3902 2507
580 3987
1806 2983
3951 3625
556 2403
3759 54
2553 2323
816 2894
1750 1128
920 2802
1130 3413
1635 1899
2318 2607
1279 2580
2212 747
1597 3546
2451 3756
105 3612
1813 2991
3168 577
1448 359
1967 1363
102 628
1284 1340
2749 2385
849 3421
1345 29
2625 501
2817 2884
2939 1709
795 2402
3104 2147
705 2827
1485 2159
1035 1810
3033 1606
579 1072
1963 2657
2753 1350
3442 1540
680 2620
108 2643
1151 3443
872 2262
370 3570
1794 870
861 2855
1373 1878
588 3668
2814 1028
3386 1578
552 868
683 1545
2025 1527
379 3638
3333 788
3793 1679
2437 1535
1949 3899
3635 3475
1817 1480
2914 992
3549 1131
2598 907
642 88
3252 1006
2812 1903
3501 2094
2124 3796
1927 3510
3046 1602
2110 3674
2543 2705
659 945
1362 3537
3355 3984
2802 2026
2974 8
2575 2054
2680 883
2763 1610
1250 3730
2888 2967
3266 1229
2452 579
1897 2194
3032 1498
1921 3891
3607 2790
1270 3959
780 199
147 538
1640 374
2820 2903
1773 2876
1786 2594
2500 3518
75 2152
991 3479
1756 2519
2461 380
3003 831
2004 1335
1462 742
1508 2734
3621 3580
2017 1472
1157 718
2116 430
2776 2771
3243 2881
3818 2242
2128 2456
1353 1328
419 3628
3295 2156
1783 639
3011 711
658 140
2756 467
3878 360
1522 3849
1960 1024
1155 1213
174 3807
227 1650
127 3130
3307 2029
3389 3188
1849 433
1502 1655
3880 2785
2810 157
710 184
1229 1126
701 3711
402 2496
2960 132
890 2128
3194 1985
513 2220
2453 689
3093 169
2835 3232
3638 2825
2434 3603
3270 2238
214 2907
2822 2177
197 3230
641 2989
3747 107
1291 60
216 3043
2935 2934
1397 3549
2486 2214
1697 3975
206 2160
1271 1342
1908 905
2261 2047
2706 679
1030 3460
985 2820
1642 1968
2730 103
3608 1537
2100 1127
3034 3545
1243 3083
3071 1797
3617 2088
1657 3373
3043 2937
3958 493
2698 2778
500 3038
3991 3046
640 824
1890 3890
2406 1734
3237 3893
3435 1558
3346 1823
1816 2597
2778 3792
2263 243
1924 1380
2031 2439
341 3244
369 1091
395 490
1885 2037
3476 3930
984 1675
1227 3482
1565 3606
124 3047
1709 2350
3467 3305
1458 2751
2369 3748
3138 3995
1835 2671
1074 2024
3997 1193
1224 951
997 130
3552 290
3872 3116
3 1826
3293 3896
2585 1896
1974 836
2477 3873
1600 3269
1741 3946
2563 3902
1901 1862
801 1080
2060 2223
2503 589
3995 3096
537 1068
2925 425
3048 2065
1667 2007
2707 2685
286 882
2669 2928
858 2440
2547 2765
2639 3272
1215 3897
361 1260
3708 3206
1439 852
3485 3824
49 2001
910 3055
3615 370
218 266
3782 2537
2281 2920
2977 441
3050 927
2638 2188
2804 3731
336 28
241 3925
1601 2397
2993 1942
2354 111
1290 1216
718 3452
1348 1849
925 210
3470 653
2603 1549
3323 2821
1069 3117
2672 2957
1639 516
2412 1269
657 1445
2528 844
1725 906
2919 1898
3421 508
1060 1777
2368 2997
1962 708
3221 3539
1064 1448
3192 1647
704 440
3959 807
62 3677
1765 923
3735 2976
3659 562
408 1387
2264 2511
3246 3164
1916 3953
586 1863
1746 1582
745 160
3734 2570
2950 1981
2882 2257
2629 3299
1407 2710
1 1726
2964 3672
3406 3350
3845 2567
1542 2569
2247 477
1608 2390
360 762
3434 893
1033 1728
1819 2231
8 2757
212 2459
2529 1361
2854 613
3326 1816
2163 3444
534 2887
3306 1444
3251 3565
2818 1423
1606 1938
3317 1175
2052 520
2191 1079
1784 1157
1176 494
2171 1530
912 2478
3301 2883
331 3
2415 1993
3448 2662
2766 2241
597 3346
2243 1770
3794 1769
1778 2688
239 2167
1327 733
1043 2114
648 1836
226 2245
3458 1889
840 581
2574 2443
623 682
2855 1544
69 2016
887 1243
684 1924
177 1682
3912 2319
1457 510
1161 938
1481 881
1717 985
3481 2776
311 198
2675 2708
308 3533
2096 899
2292 3842
1736 2183
3953 998
1664 3753
788 3122
2290 3057
1858 1140
3145 2952
2313 2938
2115 159
1730 3758
1108 1640
931 540
1372 3336
2523 901
3163 2064
1781 3037
381 3277
1500 3619
156 2532
1655 219
169 2936
756 1100
36 1019
1943 2982
1829 3202
173 2445
3491 3023
3738 1114
600 3449
2875 3608
2393 2813
1163 2492
3751 3979
3736 9
2859 222
3850 2105
191 1063
2979 2775
846 609
1497 3972
2484 725
3970 2682
146 3289
222 2221
298 155
1770 3398
2775 2404
41 1292
943 670
1039 2514
3859 3710
3118 1883
2846 1266
3893 3264
779 1739
2187 2060
3573 1304
3357 280
889 206
1533 235
1488 1594
3286 3706
1923 2447
1895 403
3416 3543
578 846
1531 89
2609 1870
2985 474
507 2818
1477 1477
2737 1753
2201 1322
3176 3396
2465 3150
1973 1470
479 3163
2303 2090
2254 415
793 2994
3415 3578
1285 1645
1759 3402
2226 2602
2454 1531
958 2680
3672 1430
1286 1440
1175 108
2033 706
97 1446
2803 1867
71 3967
624 1285
3005 470
2352 2154
1574 712
1092 1819
3900 239
315 2406
2602 3291
1823 1806
2376 2213
3274 805
3806 3558
3361 2204
428 399
3131 1665
258 660
550 1520
230 757
280 3881
266 1738
2989 2299
807 2504
744 3380
3054 2568
153 465
221 911
454 124
2282 238
1273 3453
1029 1052
2946 3767
803 786
2342 3447
3208 475
2002 2162
2400 67
1459 2633
3388 2652
1053 368
3707 2208
2057 640
358 1960
2245 334
2121 263
2345 2921
540 717
1276 481
3305 2360
3928 1850
1009 482
2622 3721
672 2460
2798 2192
2075 2534
2502 3729
1472 3109
3479 69
2542 1509
2780 550
3260 617
3521 3193
2949 2444
3784 2563
3120 813
822 1484
427 390
2886 1298
3934 1749
2999 1627
165 2865
2108 1830
3869 175
2159 3253
3178 229
3587 3501
1909 2153
746 3744
789 342
1424 3834
1120 3816
1013 309
1384 3040
3105 2546
2168 3963
529 832
2866 3311
3559 2336
2557 2338
3601 1506
1137 1163
3209 3110
162 3605
3780 1702
3688 980
1209 259
1865 2110
2768 3837
748 1735
1245 3194
3716 1541
3172 3579
3841 154
2215 2895
304 2431
2490 1064
3072 546
1136 94
3124 1553
3797 2272
3473 1524
99 3650
3215 2387
317 2310
2617 2457
3634 1227
3943 1272
38 1402
1331 497
3207 3503
877 3937
2023 1492
2265 2518
2978 1132
1255 2239
2980 1189
1063 3564
2387 2693
3756 327
3425 2806
3222 1468
172 879
1225 1741
29 274
1117 2005
3581 3375
426 2082
603 3267
1016 328
1662 1180
2276 434
545 3049
2940 3415
84 3474
3584 2837
384 1370
2314 2434
3532 431
723 2598
3764 2475
1752 1910
3023 18
2534 1843
2013 3041
3737 1200
2469 1195
243 2560
3230 3830
3080 2621
2517 2479
3824 3411
3545 810
2482 1616
1194 3956
2450 3121
3102 1323
355 2465
3472 2145
3829 376
771 183
155 2942
1020 1451
1319 500
2607 2480
2186 2107
1595 3032
3945 2992
31 141
3904 3265
3753 2631
593 2320
3426 411
2103 1683
3732 3853
2928 335
1082 2984
1366 2348
2801 2138
1580 2108
2953 515
3834 3976
252 2529
1170 1689
456 666
571 979
1652 1712
247 2524
2938 1574
2645 2175
3198 75
2399 3310
1409 3661
632 1033
3605 414
501 1872
187 3132
1631 2640
1837 1333
876 3362
2468 3312
2193 2922
3855 3536
471 378
1174 1865
14 2077
2149 2286
2386 218
3924 1808
3862 3383
138 503
3424 68
1492 795
3579 3432
2242 903
2237 2066
3820 2632
260 17
3884 3106
3571 3298
1222 3556
1801 1018
3500 2666
3894 495
760 1184
1339 3660
3312 563
205 289
1113 1398
1707 189
1148 3835
204 2704
3272 2573
1190 3712
2381 3622
3020 697
2341 971
1310 1853
3525 2271
340 3087
2143 3933
2048 3719
766 2787
3065 2974
1864 3112
3846 2011
326 1920
1836 1695
1168 1409
2987 2235
735 284
837 321
1238 2800
3728 1207
547 677
706 3493
3035 1282
3701 2862
2027 3173
3602 3406
3961 3646
1694 1338
234 2774
181 3427
804 947
2747 1107
2067 1483
732 2947
1333 1154
1716 1170
2651 3604
2241 3809
696 2081
3823 2274
3158 2840
1097 3548
996 3524
1808 1382
903 3576
2056 2780
1873 3528
436 583
2555 1177
3052 3812
3726 3659
2624 2917
3115 1416
3186 312
2463 253
782 2870
3451 1697
2297 3538
3553 84
2692 1927
797 891
2836 529
845 301
192 3134
2721 197
616 1685
1939 853
1575 1251
1843 444
3560 1703
20 2629
2595 3159
995 1214
410 1678
3791 2653
2851 3644
2151 1224
3038 1833
3558 701
53 3138
3939 2202
1350 2521
1306 1178
1896 880
3141 1247
1496 2781
2915 1542
3061 1075
1065 2566
618 3801
1403 2312
504 3738
3155 1038
543 999
2663 3658
2786 634
3197 3787
3911 435
2410 1746
2660 580
1277 2522
3779 1667
3691 1642
711 3844
2655 2646
1926 281
1205 3080
37 1730
1095 675
1112 13
90 1571
878 1790
3683 2660
3661 3734
883 265
3598 3775
3289 1159
3828 3915
3703 2509
1297 1271
2823 1085
933 2059
2661 2732
2845 3862
1859 3391
1396 3715
546 1105
773 2372
25 2882
2361 3647
2280 3182
1932 252
2779 2074
1046 3827
1715 2635
908 2500
1207 1190
3002 3469
671 171
755 3990
3679 2109
3599 1525
3591 2508
1167 3229
2743 1894
33 3315
535 3013
2841 3669
1910 1714
2444 3722
262 499
1321 0
1274 42
3161 3887
2664 3306
1610 2079
2074 1887
1989 3360
3730 2193
741 1660
3523 993
1124 14
3877 1787
1471 1846
1429 3551
2774 1396
1221 2579
2234 3687
98 2438
844 337
1203 3477
2329 375
1189 1405
3535 457
3488 721
3561 3191
487 910
330 1201
3667 2925
1436 1514
2510 793
1519 3024
3240 1893
1811 1560
1622 1940
1515 2838
577 275
892 841
1003 2535
1684 448
1406 3075
3015 2187
3632 2791
775 1671
1251 3459
157 3464
2222 1851
2230 2888
57 3192
2874 3584
1282 1864
1691 3226
2078 214
2160 2115
856 3326
1700 851
781 308
3684 928
3721 3541
339 533
2355 354
2327 278
113 2717
1599 2740
3640 1902
334 3718
3296 2491
23 2226
1041 1371
1992 827
2418 1054
2449 2057
3636 3266
1460 1309
2208 2045
628 1013
1494 949
2106 3139
1509 472
2088 1831
1674 2497
802 1203
3790 3328
2764 3404
1947 857
3590 2058
2702 2206
1198 2039
2286 324
1040 3852
1511 1112
150 1031
3979 3997
690 2610
1634 1637
3267 926
1524 3813
1054 3871
3174 2599
2684 2340
3849 1431
1454 2945
3843 179
853 1630
1603 943
2227 904
2395 3914
1679 3700
289 2596
1815 3254
3940 3591
2758 2986
2220 641
1917 1736
2608 1234
3803 3436
2654 1638
966 3681
3331 1365
3063 3172
1734 1820
1983 2419
868 2748
1807 1649
2256 895
259 2168
1164 2636
635 395
2719 201
2658 625
2966 1929
145 3457
3714 1364
3130 12
2729 1948
3567 1710
3343 2793
590 2150
461 1137
1098 2418
1623 2985
292 2371
2982 2672
1468 2520
722 753
2728 3762
2413 900
42 416
960 162
180 3285
3212 185
337 147
1586 1073
3459 3845
983 3176
1559 2410
1486 2742
1991 1621
1659 437
638 865
2051 3670
2065 1101
27 3678
3917 766
727 967
332 3575
190 1104
472 1764
387 2538
3804 1990
1839 2839
3021 1274
2957 3201
1258 3180
954 2885
3101 1905
2570 3861
1254 3370
2827 1324
2020 355
106 123
1650 2488
2732 1135
328 3791
2349 3184
1980 3021
1757 2304
3191 1827
652 3178
2383 3481
1976 1337
2119 1825
3733 2125
2062 3948
1970 232
754 3771
2135 3358
314 316
175 101
1685 413
3993 3550
3919 1482
1334 3210
3516 2041
1032 3294
2738 225
1017 3045
3814 91
2046 1992
3787 2880
123 1087
303 1074
1344 2799
906 1577
329 135
312 1391
763 65
2748 1977
3144 3431
121 765
2829 2595
1156 1759
3468 555
1269 372
3925 168
518 1212
851 3764
3294 449
3800 2429
3064 1718
3275 2243
3810 1420
3914 2244
992 1581
2716 1481
1984 1124
549 2342
1514 595
2826 761
1767 1164
805 514
1855 3597
2442 2448
1249 755
768 541
3892 3325
3562 2993
3322 1326
720 2326
2709 785
2029 507
3755 3496
3966 428
3444 3615
357 3207
1320 2918
1111 1145
3944 1417
1532 207
2899 2915
1303 3682
3292 2084
2047 2614
1704 2051
3625 1070
1936 1534
3547 3321
1588 1619
1371 754
2224 3515
1995 1772
2305 1397
2114 3689
1867 1254
643 797
3505 2762
1630 2118
923 1345
2154 3356
55 3513
1698 2718
1305 917
3019 3774
232 2899
3018 3018
1695 1332
152 3904
1866 604
3009 2437
2972 2142
1217 2146
2708 3140
3076 3341
3319 163
557 779
1554 3857
451 1882
2857 330
3654 2697
1718 791
3528 2641
1055 1173
438 1090
2181 968
2813 749
457 885
2879 1450
1444 776
377 948
3245 1921
319 2893
509 840
17 2466
2612 3560
3170 2539
1510 1881
667 684
1386 118
2788 215
2312 3777
953 387
2569 3171
2926 1686
1869 1504
3952 177
975 1077
3276 1628
293 1496
770 3520
3657 3906
2374 1486
2864 2131
2539 3918
3541 1071
158 523
490 2224
1023 1039
1047 367
1324 3822
2581 962
3507 667
3962 632
1534 436
834 1171
18 271
2190 3656
2152 603
2505 2786
464 2063
3609 2203
267 2116
272 1575
743 3026
2863 1366
3436 3994
2674 2483
1958 2248
3653 663
1762 1466
1094 2755
115 3221
2070 3407
3152 295
15 3980
2508 2517
3778 618
1288 2346
2495 2428
2726 1318
2637 773
1888 3778
661 2008
1369 3818
3350 223
94 731
499 869
1173 487
776 2357
1318 1821
6 1780
1158 2422
3511 751
2448 2121
3709 2278
3074 423
967 1995
313 473
1428 2949
2576 1120
1449 2892
1766 3594
694 3302
2513 669
2440 1852
2150 750
497 460
2588 3617
405 1639
498 1522
888 203
1433 174
1007 1607
44 3664
3136 1698
3455 3920
3443 97
3551 1147
555 1584
2367 1275
1482 33
51 799
833 3146
682 2215
485 601
3614 3601
1473 2955
2024 3875
916 3989
3801 1931
1568 273
2337 1635
26 702
143 3228
2488 3898
1340 3806
1467 888
1006 1313
796 2018
2423 2113
3347 102
1592 2943
3947 1001
449 3084
3533 3843
3077 3001
117 63
3628 678
3041 1611
371 969
2435 1048
1077 2269
522 578
2792 1953
3704 2709
1447 2545
2877 1344
904 471
88 1523
3796 443
526 789
687 2723
1827 2649
1125 1237
103 3333
2210 2736
1776 1512
255 2744
2833 2083
3413 2515
2958 2080
2647 3409
3220 398
3380 953
832 908
1521 2530
2008 1840
2320 2605
1096 283
1841 2905
3887 3303
2173 3381
1711 3831
1085 3222
1831 1354
2315 664
3462 1438
76 2308
418 4
1071 1916
1726 138
1945 3143
238 1692
2123 3802
3244 3177
2805 665
2129 1461
50 3521
235 3790
3578 3986
919 2695
1581 76
2921 2249
325 2556
2340 687
3898 2654
3781 3923
2600 3003
16 3765
3831 1181
3407 2325
1378 145
2028 1198
3978 3665
626 2600
3529 2253
437 3511
3069 3309
28 3007
3929 2747
3159 2166
1780 2788
965 3123
2240 2701
2666 3292
302 3051
1480 2868
2646 3921
614 134
847 2694
1352 1572
1875 2164
3490 2000
1526 1693
68 2119
2055 2809
2069 2954
900 3048
1840 2276
3430 3461
882 237
3765 1841
3788 3525
2090 1094
2277 2343
3157 600
2156 1731
1212 2103
3338 2027
2843 2919
2268 2965
1617 1617
139 492
1484 2554
194 720
2379 2746
2881 71
1769 2395
685 47
2694 3239
2487 607
2986 2878
1633 3015
1008 1279
1383 176
2166 695
3114 3676
666 1066
1710 2373
1587 10
3084 3296
3070 2716
3204 2998
2659 1754
2422 3420
2010 2255
1735 3077
946 3680
207 3400
3513 2930
3604 3924
2336 1799
342 2853
625 3800
80 2240
1591 2477
747 3588
584 2689
987 1978
1045 221
1589 2727
2470 633
484 2149
3315 3848
525 1503
3618 3104
3494 226
3493 922
1435 21
3401 2232
2907 955
2302 850
2272 2826
2525 2209
2642 3804
3610 1555
386 1568
3359 736
811 2886
3648 2061
1876 3385
512 3745
2478 1259
3206 3424
2895 820
2021 2547
1080 236
3153 3648
1478 1302
1499 1418
714 2996
346 2009
2759 1179
3711 1377
1764 1025
1420 458
3772 2124
2955 3657
1338 816
3332 1433
800 2233
3156 2250
2593 662
3441 2752
1792 2052
3570 2677
2384 1185
824 2469
3056 2703
1696 1565
955 3652
2172 3029
1325 3458
2332 323
1848 417
1585 3070
655 1390
3089 2392
1528 694
2167 902
620 2482
3134 1250
2179 1055
141 3969
531 3329
3539 1539
2717 3996
605 1009
2485 1727
474 1062
2262 3338
615 2707
1673 3190
2231 1278
1708 1349
1904 1677
1733 1795
1915 2473
604 1030
1431 1680
3768 2388
3767 1691
3514 645
2120 1343
231 2318
3218 1615
988 3611
817 1937
2536 3364
107 361
3075 828
1645 100
2133 2686
692 1301
2509 2227
3906 2173
1569 2258
3666 630
414 2951
1998 3434
880 2393
3143 1209
2844 3058
1114 1868
2541 336
3026 2745
1530 2430
1964 2471
1090 1044
3027 2711
442 1719
2793 3263
253 839
774 1625
2913 3840
1541 11
1456 407
1246 2344
417 1121
372 3618
3873 1281
2300 3667
3682 2330
3662 3473
1959 3345
2350 1108
613 1917
1461 3815
1466 3685
3210 3061
627 3740
3271 299
2933 2139
1753 2362
1802 2463
2139 3559
712 2189
3817 3156
3630 2939
1180 2099
1358 1547
865 3200
43 1036
3016 1204
726 3507
3017 1493
3067 1211
1390 2525
1026 1022
1337 3384
1049 1623
961 3262
3903 2282
1388 2289
533 3129
1618 2252
2483 2129
1178 3426
1226 2712
3030 142
1220 3155
2527 3297
2375 2684
3132 1786
3867 676
1880 3563
1798 3770
96 1794
2030 224
3190 519
3554 3795
3864 3620
3754 3970
1616 3949
1738 3964
1791 2399
3748 2582
1899 3540
3169 2750
835 1268
2501 3595
1000 3233
1929 1113
631 1139
662 211
110 2601
3123 1891
1450 3179
2148 970
1132 518
1571 153
3986 1355
2053 2737
119 3353
893 3145
2134 1248
622 1191
1516 1835
3863 1325
2620 2715
2278 3209
1427 608
2720 1900
2388 3993
1248 2833
223 2699
1787 3697
3004 1844
1507 2417
3592 1384
2155 3555
2219 2425
1296 3690
1413 1421
629 1707
2093 965
344 2301
3918 1897
400 3478
2206 3450
3055 3736
3078 3465
2690 1165
1742 3085
3857 2995
1567 3136
1968 172
2997 1890
1978 3683
1701 170
2880 231
792 1014
12 2297
3644 1037
2929 3399
3815 2510
1552 1983
3811 1755
3627 1871
1883 3497
3106 1016
1850 3582
3404 1563
1104 643
1596 3382
63 3100
184 3944
2455 2197
2403 2541
2740 2611
2494 3508
3311 3169
333 119
3181 256
1690 1478
3544 3395
3154 2292
970 2616
1391 661
786 3314
2911 453
1289 978
1576 2841
2954 856
2601 325
1951 1663
1666 139
350 1017
821 912
353 2398
1805 3401
3998 2766
2218 964
3453 1845
1357 2889
3836 1293
448 3743
1465 1829
2858 2550
3177 2980
2161 1015
663 1373
566 3988
1722 3905
3603 1167
3378 2382
884 2254
1930 353
3349 2068
3108 3366
3922 181
3351 2179
3910 2792
1877 3053
2741 2367
3420 1449
1824 3286
3377 2824
862 3728
3669 2311
2705 2815
2007 3935
2157 3002
2092 1961
937 991
639 2794
250 3609
828 1758
435 2782
373 1609
2427 105
2233 2978
3298 3516
827 1949
576 1789
3556 2487
1109 2803
554 1874
3540 1562
3028 3819
703 3572
3250 983
1018 3991
2848 1569
2522 3393
453 2831
2257 2302
1438 382
1186 3252
2441 381
1014 62
1856 3330
1906 3073
3905 3044
3082 452
1820 128
2112 396
738 1176
1874 782
1240 3649
11 1050
3956 2012
3908 1556
3588 3392
1907 3732
318 1974
1370 649
3160 313
3285 2210
3926 404
3432 835
2071 2637
3783 1467
48 2816
2236 2764
2473 3752
3832 2940
1475 1529
3576 5
1349 1761
962 3374
1615 1041
2043 2819
126 1971
1464 257
2573 2260
974 995
2592 3695
1443 631
1557 464
3478 1546
1854 1652
2650 2351
3395 2531
441 1919
2389 3947
3280 3377
749 1876
2091 2104
1994 536
310 2754
3931 1965
2433 1771
855 2634
873 373
750 3223
2634 1950
3492 1206
1374 2025
3705 3760
2840 412
2942 3968
2904 1591
2323 1419
901 2523
3183 2639
415 1662
2910 925
1363 1414
406 2127
423 3870
2898 3912
2790 1932
1076 3919
409 1240
486 1704
3464 3739
3314 1690
1208 315
3963 2237
989 693
3288 1295
264 3017
565 3408
3530 3423
450 2852
1061 3561
1582 3583
2394 304
3777 3489
1969 1375
1479 2474
2137 1763
268 3250
3277 3663
2141 2946
2578 1462
1437 1003
1737 1923
2390 3610
1182 1499
10 1284
3891 2990
950 2010
251 3882
2054 2898
1809 2391
3216 972
3150 1782
1814 114
3175 690
2572 311
3321 525
1341 2811
323 1914
1826 919
971 3039
470 247
772 1554
3965 741
176 3602
480 1792
699 1491
536 35
963 3928
3081 796
759 1854
2682 2424
2348 1425
1187 2944
32 1934
1332 2353
2631 854
1665 3332
149 2879
3826 1586
3802 296
2991 2588
3254 1958
698 2420
374 3922
1830 3308
2745 180
1779 3189
3723 890
351 2953
2401 137
3334 1082
2095 3590
2420 3637
589 2835
3262 3126
1755 1633
922 208
1177 3417
295 245
2372 864
2459 2659
2370 3273
3365 648
3304 3259
3641 1857
2319 2251
2363 1566
1293 1069
1149 691
2064 1598
3594 1394
679 3868
3390 2784
2111 1352
1336 2321
2041 878
1810 524
3600 2333
213 3926
1322 2279
403 1111
2963 46
2504 1273
2392 3280
560 1886
2358 3320
2113 1465
183 1485
1946 3099
1081 1487
3681 3960
1260 1517
3848 3430
1412 3645
1400 383
3692 929
2519 294
815 488
3720 863
1272 2628
1993 770
2678 1664
2755 1670
1889 3054
2122 3483
3606 2182
2677 2013
676 2773
2710 1232
