4500 7000
1542 4188
3185 1690
3479 2457
396 2924
2682 3876
1423 4278
3979 3648
1917 2472
1950 2829
3901 3924
3970 2026
1733 1288
14 4372
3812 1399
2653 2019
2906 274
3139 637
3905 2577
3650 293
1135 385
495 3534
3031 521
2159 1095
3181 3422
4138 2102
1247 1895
3993 1644
56 4072
3656 2237
35 3439
2372 4387
1957 4231
2887 1775
2997 3097
2083 1163
1932 1894
2580 2035
514 3516
487 936
750 4061
2259 1164
1361 598
2808 2571
4228 1564
2836 4132
2112 3785
2467 1014
329 1512
4088 3652
3971 664
2599 2947
3561 1152
3751 928
3652 4187
3345 4490
1859 1272
1556 4412
969 1326
542 941
3673 2615
906 442
1105 1349
1971 3840
603 3837
31 2949
3036 55
1951 2128
2205 4397
492 3243
3938 186
2391 2527
2754 4033
1176 4488
3344 2445
2440 2443
2996 2004
1244 790
663 2538
1069 1026
3322 1277
189 280
3748 1249
2813 1540
2671 3678
4007 263
3070 2096
23 223
155 2511
738 1693
3568 3909
93 2674
3193 4382
3209 3796
3518 1140
3274 749
2288 1082
2098 465
3332 3267
3655 3945
2968 1080
1494 3963
521 2743
3889 2642
3646 2193
2225 2441
4046 1545
758 2121
584 2483
83 1010
836 1751
2569 3175
2851 279
3441 1264
4445 1220
1684 2290
115 2794
1752 4385
1373 3636
285 894
2521 1155
1818 395
3270 3566
186 2522
2852 625
1901 3261
545 1066
1117 4263
3590 2618
3808 636
4394 1754
702 2780
473 252
3301 2225
2092 2184
92 525
4037 4215
1744 2651
2280 1158
4309 3296
3623 2410
4079 3405
539 2912
4432 1583
4121 330
1820 3119
3865 2987
3316 3638
2152 4424
3494 2051
2038 3650
700 2306
3392 3494
1843 1077
3871 4038
4336 2901
939 2529
2073 2596
1893 3165
2622 2551
4109 2178
1294 735
2668 3646
941 2708
3899 2066
3641 4212
333 2402
2676 1882
3587 3600
3874 340
3335 2775
769 671
2004 1796
1860 2489
2635 738
736 3402
2185 303
2469 3940
387 881
2 3581
2062 3643
4067 1
2616 1081
2824 4096
4071 1848
743 1482
2500 1871
2992 1322
1471 2516
2752 175
227 715
4044 2899
1991 3982
4230 1633
3073 1324
3422 1639
4443 2062
2323 1046
2138 2958
2636 3531
3467 3739
4000 10
2817 15
2517 1979
225 1669
3411 1750
422 3944
673 138
3529 2973
2067 1247
3508 157
657 1939
4430 2323
3296 2800
3257 1240
2683 1222
2539 173
2020 1357
219 1784
2262 2357
20 3245
1878 219
169 1458
4040 160
3253 1462
2846 3800
442 3952
3753 441
3072 2933
3861 281
457 251
42 1507
1617 3274
2458 2841
554 4261
880 963
1969 1061
2254 126
2744 3496
187 3565
1845 3396
754 4159
922 3606
4246 1768
855 2183
3737 2264
1007 3826
423 3182
2382 3345
337 1113
3012 2781
1331 2010
2273 2224
3958 2474
4473 1365
234 4437
2806 4259
3254 1338
3220 514
2274 3913
1707 2391
1431 1407
1605 4141
1174 3995
2361 2720
2050 2371
2001 1578
3504 455
534 2669
2400 107
3984 370
3165 1347
4026 2689
408 1138
2805 362
3908 4390
3603 1964
4039 1832
4406 2939
230 168
1905 3815
2739 2440
2367 614
1358 1969
865 3759
4294 2478
708 3319
2110 3114
579 3399
4342 698
811 3686
2084 171
3086 4318
4325 2202
4031 2864
3552 2002
3150 1551
2816 3448
1295 2632
788 2206
3948 174
3370 1244
1575 1287
1517 1661
154 1625
897 30
3093 233
4102 1668
188 3205
955 4386
848 2413
3758 2818
2320 1345
437 393
2039 1490
2023 3863
3476 4401
1064 1742
313 3327
253 540
821 2919
3782 2260
1669 3417
4359 2816
903 2458
703 1921
2404 3729
1289 3917
2257 779
4283 3178
2449 309
3368 3540
2331 873
1228 256
4261 197
2316 1013
3409 1632
3044 1993
870 3134
3132 2273
775 269
2213 2189
2937 1055
3742 3594
3793 3239
3539 716
1678 3790
2468 4194
3440 1889
3922 3493
1906 1908
3868 2496
2563 2520
368 1027
1078 2059
1508 150
3206 2676
2332 1083
986 2613
3738 4347
653 3730
1648 728
3954 24
2566 722
784 3373
3272 1881
3277 3347
948 1570
2778 3108
1629 4067
2741 4487
2384 2972
3168 2282
1996 1021
3347 2675
4197 3341
2638 844
4092 1942
2614 1356
3172 569
3721 2107
2016 3572
3965 2561
543 707
889 1170
3798 44
3221 292
601 3217
3043 997
4244 2020
1143 2937
1719 3996
1910 1166
4269 1439
3102 1329
1483 2549
2524 821
3074 1664
165 896
712 4130
1209 1271
3348 1590
3668 2902
1278 3835
3664 2850
1530 564
1399 1782
4429 1280
551 2982
1491 3214
1357 2566
721 713
1592 4075
1974 1445
108 2109
2729 4198
483 2016
1083 1893
1418 198
4205 1586
786 1505
1579 296
3176 3833
1167 1714
4463 3471
2719 3828
4296 830
4038 1441
2298 39
962 1072
2540 2418
365 3031
1942 425
2366 3938
618 1088
2780 4063
3945 112
71 3808
1274 4176
236 3916
151 2647
1138 3240
692 288
3725 3769
3688 1940
2714 1896
3846 771
3999 1864
3940 3320
2272 3567
1703 508
4383 3651
4290 2735
1144 4461
3433 628
381 109
2811 1748
947 244
600 2397
608 1852
2797 909
4484 2099
609 2223
2848 3498
2370 761
822 4047
2447 1278
834 3089
2763 639
497 3479
270 2928
2116 939
2965 3377
2869 4084
872 2119
1523 1443
3462 1840
1960 2415
671 2100
4241 146
2695 3447
3033 2278
3935 2578
1328 200
2604 2827
404 712
4418 203
2000 1556
1327 815
3912 250
3262 2437
2284 2753
3356 4240
2722 3501
5 1716
1339 2667
3572 3677
2964 305
3218 867
3011 4189
4001 3279
1084 864
3300 264
2600 257
1426 458
62 3934
2801 2303
1880 2961
1674 4045
3564 3997
934 1425
1283 3533
1041 1736
3279 3133
2454 1386
3946 1801
1495 857
892 337
3159 2155
2424 2037
3825 3882
2628 1930
909 2989
3573 453
1177 93
3312 813
2766 580
2588 4235
54 3939
1473 746
1702 2884
2514 4329
2898 2690
2560 2040
1480 500
2764 1941
847 3018
2923 1761
162 1440
3869 2287
2227 3958
4266 401
3697 96
2892 1847
2394 49
309 3307
3094 994
3747 2077
3403 120
1022 1023
2995 2536
2035 2120
1201 3831
4185 752
1250 314
679 3647
2746 2979
1472 72
2592 801
2170 2964
2776 2630
3708 557
55 3986
996 2190
3888 2221
2172 648
572 2974
1447 194
2584 489
451 836
779 46
158 3202
3128 1857
3010 2240
1758 63
3546 4000
1534 3280
2910 3100
2485 1819
4474 1256
1887 145
267 4267
3398 708
2971 781
3083 1924
3583 4124
2886 1006
3389 2683
3662 3226
3435 1160
3598 2113
64 210
3231 1214
327 201
3470 3106
2555 2782
790 696
3631 1514
3317 1610
2348 2711
2855 4317
2727 3225
660 215
2277 526
552 1129
385 2564
511 729
2602 1057
344 5
2445 1602
2199 1267
2561 2525
1623 322
2732 2854
390 359
622 3858
1411 3081
240 1956
4114 1811
208 2977
366 3683
778 4160
4350 1325
2660 3539
3934 285
2387 4111
3003 354
374 3314
1323 1700
4374 773
2598 809
109 669
3816 3822
3306 1106
1158 74
1335 1343
2712 1427
801 2725
583 159
2951 1415
3563 191
2178 3086
403 1300
1170 1513
4018 1230
242 3829
3006 3201
3313 2952
577 4059
1571 4035
2009 1580
1299 1433
896 1449
282 1179
4316 487
388 2046
465 2691
1054 1952
757 1307
1642 4073
3976 3813
2416 3292
3547 3641
3601 2188
2777 43
3571 579
2210 1372
2137 3570
3304 3247
3841 331
1451 2914
3624 4341
2373 2291
741 2372
3792 3253
3327 3231
856 1866
2537 1418
1330 1990
195 3616
1181 3584
3092 4070
1219 2122
680 2585
3487 289
3067 1392
3627 2162
2674 4151
210 1431
2988 1766
1533 1728
3511 349
1033 657
1541 62
776 4086
3408 1175
2461 4143
876 3921
4203 1237
3362 538
1867 3238
4277 2414
3260 1800
1199 3051
2088 661
3482 530
1875 2638
4317 3671
3491 461
3582 2593
1770 1973
620 3714
207 2499
3171 2957
3367 1099
1673 311
2457 2467
500 3891
2341 2318
2044 665
1697 3442
249 4377
1104 1069
435 2714
1501 3139
1729 1119
2704 990
1098 1631
2282 3208
4042 3441
1239 667
4184 4378
2128 3553
1191 527
3020 1715
1292 1015
791 266
1293 2302
729 2579
2216 3283
4326 3601
2785 3432
686 3818
486 2707
3233 1719
3428 1182
1988 553
2214 2446
2914 2289
3324 2807
244 2072
53 3520
2498 2557
363 3389
2480 2765
3560 3787
3709 4103
2787 3044
594 3521
1518 3180
1445 1869
2085 1481
3815 3291
3951 1259
3716 4069
2318 594
2884 4168
2755 4477
3098 1972
2310 1713
2803 951
1977 2111
4005 2808
4346 50
1467 4082
2624 3792
1649 917
1936 1539
3207 1968
1072 4495
2301 4311
819 268
3120 1886
2716 3299
3445 1296
3147 1835
2623 733
172 4409
2961 2935
3855 4429
1570 4299
3787 167
3633 300
3710 1743
393 1465
1465 360
3275 3761
927 3697
2792 299
1372 2388
4168 638
1891 3040
298 1543
2558 635
1029 3674
1671 2442
1482 1707
802 4310
3930 1503
278 3665
710 319
3025 1923
1853 1199
2686 3965
2940 1790
1218 2845
1505 2769
299 1521
4251 4121
816 3752
4029 723
638 621
1781 1575
1425 891
284 2316
3079 796
2010 3096
2357 4475
3761 3999
2832 1404
4446 2811
90 1485
3863 3403
3434 3127
52 26
3377 3576
400 4399
112 1093
3382 3251
1312 4209
517 950
4475 3022
2815 4101
261 1591
2209 1826
129 1650
3049 261
3162 2650
634 4163
526 158
3125 853
2493 4410
1398 784
330 4367
4125 3654
291 1405
1767 2867
2835 2170
4078 1070
2941 2339
1540 703
2826 2454
2381 4239
2642 1568
1740 3814
2265 2409
3352 841
2240 1508
445 3744
799 3512
1797 3371
4456 914
4238 3970
3047 1112
1326 2832
2950 1320
4353 1241
2129 3893
3226 742
1485 2783
806 3702
2420 1654
4469 978
905 2259
650 764
1956 1064
3810 4056
3126 3066
647 3177
1976 1091
2696 273
764 4281
1564 3416
2512 2124
3797 1379
3436 2685
4480 3445
2194 4413
2405 1354
157 433
2443 4011
3266 2888
4482 2835
215 1605
2415 757
2342 584
2251 1126
3784 3960
343 3411
3204 2524
3141 3873
1149 1947
2504 2274
433 2548
389 490
3229 3766
898 2778
1686 4482
2547 3588
2069 3016
292 962
100 307
3059 20
1754 4102
1026 4451
2043 1733
1782 1416
813 1902
3294 641
3118 1679
183 1165
937 2427
193 1025
3488 2070
4086 3505
762 4354
3682 502
698 1584
340 4332
4212 911
3684 310
2474 3991
3713 620
2334 1725
1063 2048
168 750
2513 768
670 142
3173 3868
4215 1363
2858 2731
3000 681
140 656
2065 3011
30 2021
529 948
1713 3937
573 245
99 3816
3974 1996
1635 3338
3041 2222
3164 12
3148 3125
2368 3236
407 65
120 2256
1433 2608
1824 3101
2439 2806
1613 3927
392 3104
1466 3161
1864 2001
1625 1885
1047 868
4236 3544
1139 652
1755 1845
2238 1778
3432 1468
2005 646
1116 3444
1599 3353
3227 2975
51 4316
4381 1890
1896 2462
3252 1519
3478 2065
91 1076
2607 1127
745 2105
596 3060
2782 1974
2974 2837
2228 3669
3605 2543
4423 3219
353 1400
2346 2254
170 3359
893 284
1890 4112
3755 3979
1004 3085
2936 3367
3543 473
4332 4464
47 234
3040 4190
2401 2466
2478 1841
1692 3941
103 2346
1563 137
1113 823
2360 241
2125 774
1002 2550
2399 3925
506 1000
2665 270
3991 1951
3557 4089
4315 1374
1927 2000
2648 187
3388 3510
4444 3466
1087 4227
3496 3
461 2532
2414 410
2491 1868
1124 1758
578 1346
675 2563
1975 4359
2059 1688
997 4268
382 2968
1359 1581
3828 3369
1844 3710
535 3867
656 1255
4344 3774
4155 2137
286 94
4191 2243
1565 1900
3621 1925
2977 1702
4093 2351
1187 196
571 1124
32 2276
3743 3049
623 1516
4300 3315
3483 2506
928 2709
3331 1053
375 1253
2307 2347
3261 2813
3822 1279
3770 1056
2571 114
4330 4088
1050 3559
4139 3557
2427 2609
2173 1045
1721 2619
2518 1982
735 3561
2471 2436
3836 1269
2003 1471
3357 2182
1730 4456
507 4173
1378 4054
1332 4221
2920 651
1743 4481
1940 3470
3354 2637
1547 4024
2386 1327
668 2417
3989 4233
3101 971
2735 147
1042 2382
2329 2173
753 2857
701 4438
2183 4197
1210 860
4200 2252
3667 655
2775 3343
3803 1528
1871 1408
1169 3745
3308 4214
3528 1044
568 454
3037 4223
81 1411
3057 1479
1620 1609
328 532
512 4271
314 3111
2582 1117
1455 1645
1160 2943
3113 3526
2056 2370
877 3078
2728 4006
3190 2058
3469 1353
2371 613
1070 3687
727 747
4449 1004
655 1769
951 1389
2398 4309
2392 1506
2593 3032
4497 1771
2182 1464
4193 1335
316 2025
3906 2210
2127 4155
1440 480
2709 3869
510 633
1745 4286
2489 2213
3309 3143
339 2856
1011 4
4257 2089
1734 3556
3124 324
2082 4018
4352 1806
1478 2826
2678 338
2631 3356
1107 717
2859 1223
1557 2913
4313 91
3314 313
2268 1500
4288 2648
2556 1102
2164 2772
2076 1619
3256 4078
688 2452
4050 1217
2536 1985
1099 2444
22 3776
977 443
4065 2412
2587 3064
4218 75
1604 3612
205 2211
2207 940
2691 3957
3134 4403
1851 3313
308 4107
1985 2581
3995 3388
2953 4023
3103 3211
3521 861
3406 4007
931 1092
3617 3750
2201 4055
4439 1463
1799 1394
4256 2617
503 3593
107 3861
3499 2401
3105 1992
1046 2950
744 2245
1591 3474
2590 4308
4099 1094
3116 1685
2553 778
2877 3529
1496 2057
2921 2270
3859 666
989 1476
1695 1031
610 2616
237 2686
4324 379
3990 2209
4133 4349
2770 568
1192 2487
3513 915
1148 1880
2086 3480
3611 3948
448 1426
2531 3631
2908 2980
1307 1642
3424 371
1232 3107
2219 3192
1305 255
3158 1677
2163 51
1693 25
980 679
1849 2963
2557 3547
3556 524
2487 2426
1108 4008
3046 2732
2559 596
3096 2873
3189 922
3628 2948
1439 382
1963 2156
4240 754
3386 1552
3711 2432
4 1873
1548 4294
2412 2349
2195 2981
2574 1616
4060 3003
3276 2433
1262 988
4171 601
651 704
3515 4046
4426 2744
3866 3692
3685 3109
2450 677
4312 2169
4177 1063
2946 3306
1861 1567
2603 837
4119 276
4105 4014
4272 3047
530 2332
3169 1263
3359 734
1772 1456
1652 3132
2197 3803
2364 1626
2034 89
3884 3273
1519 1151
2783 1957
4174 179
3318 1203
206 3929
255 4109
3981 3670
3149 828
3575 383
11 2936
2860 3092
1858 2295
854 3795
4412 737
4016 1100
2042 2597
3297 423
1310 4358
3894 3418
1375 3257
766 1243
917 4266
1964 3610
833 161
4030 1366
1280 2154
2784 3673
1582 3220
3882 2681
3326 2870
1043 3272
1711 3794
3790 2655
1585 1478
3604 924
4115 1475
3437 2174
3281 2405
1759 2887
3918 889
1404 3928
858 745
3534 1038
1014 2380
3196 2759
3397 4158
156 2422
1939 2768
4229 2027
3013 2831
725 1169
60 1804
891 3277
575 3528
983 3569
715 876
1546 2143
975 1306
2882 4408
3383 1114
1080 2843
3857 4340
477 3449
935 2136
1150 2086
4014 3695
1369 4256
2290 2177
1895 1833
216 4312
2669 3099
287 3176
3448 1850
859 262
4367 457
549 3865
1453 3419
4392 2602
4274 4295
3068 4036
667 1270
2736 4380
2874 711
2089 3294
2374 992
1593 1739
3957 2607
841 456
3285 877
192 2073
3107 1115
2203 3336
1516 332
3671 545
203 3218
1681 1059
704 1660
2575 3013
4389 4306
2506 1406
1661 3190
3706 4128
3123 575
3780 2068
3454 444
627 206
3104 3030
840 2504
1911 1791
1028 1444
1203 1620
925 3330
3315 4232
2196 1634
1059 3157
4471 3968
1994 2497
2973 748
4276 643
13 4427
212 4338
2421 1711
648 3550
3675 1678
1966 216
3307 2903
597 1703
1095 27
3117 4118
1879 2938
2206 2629
1594 2635
1825 2860
1237 1331
1010 1637
1226 2526
874 1550
3851 1218
3858 3375
2840 2374
4271 85
1031 1252
4021 2910
3914 2186
3796 1231
1340 204
2934 3090
2473 3322
2226 1887
2211 1862
2483 1614
4110 2083
3258 743
3907 2017
3248 3975
163 1448
4189 2644
3358 2308
3407 1250
515 48
1184 1592
1983 1843
4207 376
3390 1905
1827 4115
1760 905
3692 559
1912 4092
1322 3252
2314 4114
1355 3284
3878 1884
2028 1051
3896 77
1665 1200
1062 976
607 3899
3464 1236
412 3564
3916 1497
2830 4430
884 898
2117 1680
1057 2103
1705 3628
1525 4260
2742 3724
3112 4116
273 2882
4107 2799
1865 1437
644 4352
1173 4441
4103 942
2591 3530
3986 1949
2266 3908
970 4222
12 3083
3460 827
2250 2930
2429 4091
3241 706
1165 3639
4080 2242
459 693
72 306
2087 2764
1855 4360
2586 2907
1580 192
391 3765
1141 3394
3679 3980
3459 4149
4396 3392
16 1282
3050 1959
4460 3545
1342 2842
2305 429
1668 3918
3325 2555
3795 297
4401 2130
994 3713
397 3465
4453 2232
3090 1139
1287 791
4385 2408
3349 1402
2438 1232
4462 1662
4009 3302
3735 1649
4379 249
2459 2997
2452 1888
2546 135
952 552
4304 3228
4104 2261
2650 1856
2121 3189
1397 3988
2148 4002
1385 763
1904 3025
1421 3116
3387 4105
1872 3110
4033 1635
505 2022
4224 3478
2850 3720
4455 615
3466 3990
2002 744
3695 2941
1486 3285
3754 1867
36 2878
2090 2304
1155 2877
2909 4135
3338 1275
1240 4290
4013 2468
116 2334
2200 275
739 2140
1677 2340
334 2620
373 3571
3622 3379
446 1772
1163 2360
1464 3509
3648 2932
1848 2999
2880 1022
1220 3028
1715 3112
2733 1899
2144 2361
2578 1638
306 1799
1400 2970
1168 3414
2060 3905
3558 2665
1164 1304
2105 1747
3143 1709
1561 3830
2620 3589
148 2314
1101 4275
294 562
150 2756
1749 3888
2790 4182
1216 503
4199 1953
4289 3736
2501 374
4243 308
569 3233
2543 3950
246 2746
1317 4337
731 1928
4285 965
3184 3150
1109 3662
2975 3464
1616 3490
2888 4447
3802 701
2508 343
3615 3305
4085 1858
152 2236
1666 312
642 966
124 1738
3663 2384
1842 218
3393 2153
1801 2052
1978 237
2757 334
258 58
1909 1628
3736 4224
770 2234
4190 3907
830 998
443 3137
835 3856
4083 3335
26 3543
1779 695
1320 2475
4421 2736
2773 3000
1424 1491
2218 1261
1073 47
96 2378
2490 3004
555 893
1558 4213
3374 4117
1928 3760
274 2703
138 2084
971 542
3732 3644
2655 4094
2786 983
3963 2406
2466 1767
332 2786
346 1672
4337 1104
4206 1447
322 4457
4260 2032
3680 211
28 1652
2184 232
3447 2890
504 1935
4222 2931
714 3275
2760 1196
631 1920
694 3915
2619 1548
360 884
4048 3264
654 156
1462 2404
3177 578
999 2750
3490 2145
1068 271
1204 3910
2476 3682
256 2054
3804 4368
232 931
2104 3786
1234 1452
1106 2908
4341 265
2025 593
576 3483
1829 4366
838 1302
3133 622
2756 1735
3232 1822
371 581
3745 1683
122 3778
4487 1257
3191 1268
933 3404
2684 1919
2726 29
2465 4119
2252 2872
1559 4291
1706 1793
85 603
3757 3120
1233 493
2333 2181
3283 2403
1111 3469
3273 1773
1242 3021
2442 2995
3661 18
3369 3605
976 3149
113 1734
695 1571
508 4238
161 890
4270 1380
1301 3732
4454 833
1535 2945
2945 3489
1933 1780
3569 2493
2055 1494
2681 2390
1528 1577
2328 2450
3474 1432
910 2094
3959 2893
2807 1078
804 1311
3801 2955
3151 407
2526 2851
1075 608
2141 1375
2595 184
1869 2448
2217 2007
3182 4192
452 548
707 3780
201 2067
886 2623
2779 4030
449 3196
2347 2696
533 1384
2542 916
95 3374
1493 1918
1030 2043
2167 3349
2551 2480
1156 3185
2070 3844
2336 599
2625 4468
280 2953
722 1187
3224 3195
1277 4058
2822 3346
2538 1145
9 565
3109 143
3019 1526
4387 153
1597 1980
65 1308
640 2777
3727 1865
1460 3045
1321 3598
1088 4100
767 4421
2079 1807
3642 357
3321 253
2585 1997
1183 6
706 751
1576 1420
4084 1699
3163 1461
1545 320
4343 1321
1965 1546
2867 2730
3840 2747
1831 2552
2958 3454
1632 3966
296 341
319 3959
251 4364
190 397
1435 110
1134 714
1222 832
2761 3055
4012 866
164 1428
3446 3879
3205 1472
2281 1618
3681 811
125 2247
134 2660
1136 411
2179 1531
2191 1317
4073 673
632 1388
862 1917
3883 1153
2161 3817
1786 2871
1902 4237
3817 1701
2605 1830
2844 1133
1393 3188
4175 3537
1611 753
2911 567
2396 4193
1371 4402
2825 439
34 3604
2791 1466
1990 2330
3114 4042
1497 2940
1365 786
2725 2755
649 2796
908 2834
1013 380
57 1473
3299 3770
1125 2801
4268 2721
1731 1395
4466 3075
1021 3583
1071 1538
3774 3663
454 765
1738 335
3115 124
2641 4049
2866 448
3992 2362
3588 1789
2481 1842
4264 689
3305 344
3892 485
1140 3946
4318 3398
2693 2333
211 1585
431 2934
3637 2942
863 1718
3647 3024
2849 4350
556 2920
2495 654
1883 4015
1345 2087
4338 54
3267 220
867 1310
2705 4257
2690 1770
3246 3967
2258 2481
472 2470
2759 838
3703 687
3962 2614
1417 626
3416 1874
43 3452
525 3617
4282 546
3337 3896
3635 4379
3728 4026
2115 512
805 3698
945 3672
2109 2712
2890 2395
268 97
1720 1643
4235 3809
2261 123
2938 3541
1807 3115
1798 3578
4255 3634
697 1484
202 2127
523 1016
24 2677
3492 2881
2409 3271
3897 1608
3100 2517
3007 2009
3523 403
2505 3010
3759 3357
2606 1621
1137 3841
2639 183
2876 3227
2942 1692
950 1328
3054 1047
1001 2880
1200 2231
2131 4034
266 3019
4393 3889
3853 3183
2828 3981
4299 570
3414 1413
796 1294
3701 2804
2378 355
904 4371
2066 1221
3247 2123
3811 228
101 2031
2444 2621
3924 3058
3110 2251
709 115
1300 2662
484 224
4183 486
3620 3998
2857 1316
3280 1467
3497 510
883 2292
4122 1369
1316 2817
613 4493
3917 195
1178 2201
658 2567
410 1740
724 3173
1691 1604
1873 4335
763 2500
2723 4251
1550 1216
3263 231
2235 558
3540 118
742 4125
1722 1776
2151 2784
1422 1383
3665 612
235 1995
4291 2345
1238 1487
354 2680
953 3613
2497 73
1527 2204
3731 3408
3085 2859
471 1496
3108 131
247 3372
4164 4186
2717 770
3064 1544
386 913
2418 2281
646 829
1712 4375
1254 3249
4287 3811
749 3162
3121 2338
678 3951
1040 3753
434 2400
524 3563
3600 3103
421 3751
97 267
2014 2097
2897 3154
1788 1146
1394 3734
2548 3954
398 785
2928 3304
1351 2663
2180 2863
1384 3523
2630 1898
3458 3001
3035 1460
1415 2465
2589 2387
1589 3364
1412 952
2482 1157
1776 240
2652 2763
2176 4228
1672 2779
3548 2192
4273 4445
1257 3506
3763 4325
2959 4478
2479 1370
3998 4025
4143 1455
2204 3599
3153 3046
602 1309
1324 82
105 117
491 2639
3183 1195
2701 3420
4483 2039
3699 4060
1484 2754
3764 3953
455 3473
1430 2023
3860 1588
4314 3354
2610 431
808 4108
438 1122
4331 4470
4027 1933
1313 3742
3078 1192
2919 1048
2410 495
1675 2484
2027 4252
3396 1689
3056 3517
4320 1419
3400 1696
1515 4474
2814 64
3674 1948
1303 3063
3295 4483
297 121
493 462
1811 2350
1406 1824
1081 2220
3676 2594
3449 4057
1826 2118
887 3897
1269 3989
3489 4465
2963 2134
1114 164
681 3706
2139 4037
3225 172
1055 4178
4375 1659
1336 650
469 1603
126 3266
699 342
2926 4142
4275 4301
1897 1262
49 3481
2863 108
3236 2695
2944 1340
3773 3234
3216 694
2798 3409
226 1607
3645 71
1005 3148
2985 668
2107 1756
3243 2106
135 3823
4329 1723
1598 4282
136 2844
716 1451
1503 1265
4305 634
4049 531
4208 2055
1747 1206
3950 4090
4440 789
1405 2479
4267 1558
674 1168
1251 1274
2264 1764
76 2986
1618 3591
4292 1184
1302 3027
2612 1502
831 536
2230 4302
1766 3754
144 1033
2713 2733
3048 2284
3058 3961
3303 1121
585 3590
1658 1086
1647 999
1100 4217
2564 2541
3425 3265
4239 2742
3066 3297
839 4320
3071 122
466 1788
4369 799
972 1681
2515 9
1574 2159
2464 2701
3371 2805
106 1994
3536 2011
2018 2228
427 3455
1800 3522
1476 3887
592 1495
3069 3700
1297 214
985 3082
2408 1073
1526 2148
3879 2286
3413 1470
912 2463
4386 1434
853 1358
1537 1486
289 2531
4090 1872
3969 3560
1258 4362
8 3050
2475 1205
3794 1816
828 1667
3595 2994
2680 4342
2878 283
1999 3874
3849 727
605 1876
1704 1561
900 2560
1982 1149
3023 106
691 1573
1771 4165
4447 981
794 3886
3457 4043
518 3087
307 445
2901 4203
2567 3382
1980 874
1132 3187
2734 4166
2325 409
128 247
771 3250
3175 2815
4319 804
279 3619
2351 780
1296 1209
2175 1137
2269 4395
3138 2668
2448 2146
3634 3363
475 818
3967 3153
873 3163
949 2386
348 1361
3975 3184
1390 242
1854 1763
3346 208
342 2643
2263 3009
4461 22
1543 1863
2008 2486
1670 1330
4250 2925
774 3715
3022 79
4301 1194
1171 4361
3677 4044
2868 3819
1810 3783
536 3282
1221 2041
2943 2702
4120 1097
2698 1501
4002 2679
2794 1159
4057 533
3251 1813
1309 1212
27 70
1944 2492
4077 176
967 2078
1377 1459
3988 1371
167 134
2054 4161
1380 680
574 4022
1590 1457
1968 162
3001 4370
1510 3696
4488 3728
2302 2423
1349 3575
3867 3881
850 3254
2119 414
864 3892
4147 3329
2935 386
1689 3486
121 482
3230 4304
3581 3637
3805 81
4153 4208
944 3777
2169 427
582 4013
74 428
3286 1251
1646 691
2570 1190
3626 133
102 488
2303 2684
262 3199
2242 1909
4163 4180
1773 3400
1025 4255
3809 3717
2278 618
4384 1054
3084 1627
2643 4004
3705 1398
159 3757
3949 141
1852 1998
1832 520
502 2301
1285 1012
857 885
3202 1999
2349 3767
3201 4419
3943 3334
761 927
3291 3611
2071 199
3340 2144
961 2758
1350 2112
3341 180
1376 955
3271 1248
2013 741
3444 136
1699 2824
3887 549
2068 3503
954 323
426 794
532 3618
3052 4486
662 2494
3293 2785
1884 1258
2295 3477
3968 3679
720 571
38 2115
430 4462
614 2488
846 2512
2494 3738
1817 170
1120 1907
3854 3923
4008 4218
3412 2728
2134 4247
1157 2139
4477 4300
4413 2886
1555 1342
2626 2587
2124 2599
4472 1313
3255 4453
611 2819
281 2911
2952 3582
2789 3667
560 3788
4408 3095
2907 2460
3438 3368
2285 987
3944 1423
2966 1934
3420 3890
264 3472
3911 3703
1727 590
3197 1802
1857 611
528 1024
1612 758
2229 1111
1915 586
494 3121
67 1020
1196 328
538 1984
3904 1517
3399 3036
1270 2477
1816 682
895 3562
1334 3350
2865 2171
1679 3067
2155 4396
1044 2654
1123 36
3551 1198
2321 517
4211 1393
4458 2580
879 3434
3146 1339
3311 3782
2576 2003
687 782
3278 3943
1886 3482
3228 4120
2872 1708
3719 755
3630 4331
3533 4297
415 3635
3160 130
376 3791
1122 290
2745 45
488 862
1946 678
2222 1572
3289 11
1650 2383
4074 2990
21 1207
2212 660
2270 2034
1213 4418
2446 3043
1718 2320
4354 1783
3287 1814
1709 384
1275 944
439 1239
728 902
4220 351
3520 3126
2488 1582
3501 236
2743 2262
3431 2918
4321 842
383 3168
3791 7
3135 947
792 3519
2132 555
661 2207
1610 3579
1450 1651
777 325
180 721
2388 2336
2672 1611
63 2215
2831 4202
2549 3221
3080 2927
1499 413
3886 4169
320 1944
4422 2664
3613 1483
133 897
2871 2279
800 83
1614 1787
1281 4270
2353 2734
3700 2809
3726 1593
1389 4348
2434 1036
550 1698
4490 406
1388 35
1065 3508
2029 4258
2842 1215
2287 2812
2847 1183
3788 1499
3902 2157
2233 623
1789 1017
3893 3181
3730 880
1914 1757
3111 935
2428 3141
3130 2179
1725 4031
69 3518
3654 766
2702 4062
1436 595
1347 1234
2601 3676
1568 3140
1194 3992
1410 4065
127 2748
3535 1387
1783 4355
3200 1125
288 2586
3174 1488
918 3438
2369 957
878 4019
2912 1037
356 2053
2809 619
2048 3244
2534 4498
2915 1185
1127 3459
2072 3624
2425 1172
3506 800
798 3511
1003 3166
4011 1391
2692 3281
1267 217
3554 1617
4335 3159
2150 291
1803 4471
1676 2353
3333 1682
2422 2093
2900 4435
2545 2439
844 3964
3410 3160
4066 2704
2565 4324
2827 13
4436 903
2644 1128
1386 2521
606 3259
3355 1233
1276 2239
4108 2258
2426 2503
4265 3193
2994 4374
2519 3216
3055 3151
149 2226
2530 2505
621 3708
2011 4283
2123 2429
3850 3568
1806 451
4158 2574
860 1536
1962 2649
1805 2265
4349 1950
3507 1435
4247 672
965 1810
2390 1318
1763 960
1353 2343
3864 3846
3553 851
1606 1792
3771 3661
1442 1368
3955 2088
1017 1469
4405 420
3350 3704
4146 229
1500 248
1813 1197
558 732
2970 1228
894 2198
3760 4052
2502 2098
3077 523
2948 1498
3192 2029
4094 3880
2271 3391
2286 2117
3783 2820
4059 1706
756 2280
3384 1281
2220 2528
2275 2285
4010 40
2748 4021
3856 3130
1998 103
3579 802
4302 2558
4113 2172
1015 3102
355 2310
629 1213
1685 346
3585 974
919 2163
1657 3851
2432 3289
690 2368
4034 2719
3707 1474
460 155
1655 1666
1036 202
2954 1303
4362 865
4252 1983
2689 4225
1549 1068
4166 163
4459 4131
197 1954
1954 810
2837 1285
1427 1042
295 4414
2130 4319
2354 59
3463 762
4388 3993
114 4068
4419 1665
2873 933
2747 3930
4328 3723
2356 509
3829 3170
3577 3328
1463 1527
4196 398
3640 3497
182 3468
2633 4400
1787 2823
4045 4050
2525 2393
3395 1039
797 4344
3920 1562
4437 4146
2145 2803
4465 2606
1172 3065
3729 2421
2166 2706
4433 1336
1862 3366
2246 3437
1920 1525
4226 3324
2663 3936
1207 422
3947 2838
174 3842
2021 41
1846 0
2339 3451
1539 1018
3415 437
3545 887
672 2530
3380 1060
1306 239
3385 4351
171 3385
2315 3784
3744 736
4237 1596
4148 116
395 3664
2905 2996
147 2495
4186 2269
1034 3073
3687 2634
587 4134
3442 494
70 1741
3752 3310
432 2363
4361 88
1215 37
1441 2369
1979 1817
4431 2394
3844 1724
773 16
2283 2451
498 1290
4395 3657
1877 4389
2730 2923
221 4334
1085 1493
3119 3870
3772 1397
2383 858
3136 1541
628 3625
4478 1849
3186 2624
1077 3633
2074 4139
963 3295
1252 1559
2503 901
1504 4463
425 1162
119 1529
2365 3762
4253 2482
110 3859
4020 230
3320 2283
118 610
1595 1143
1926 2537
1193 4285
4245 3871
345 3124
586 302
1868 1731
4371 3401
593 4417
3689 2956
1955 1219
3931 4066
2957 2611
4470 3983
1129 1812
4172 2250
882 3317
1112 1897
4217 934
3157 605
3051 2079
66 1765
3928 1235
1027 4027
2344 2595
4308 2305
652 1105
968 1385
3195 3596
2171 3735
1102 23
3923 1147
3996 724
926 3303
851 4404
3439 920
1587 4183
1023 3020
4213 498
1290 1730
1329 3301
829 1805
2983 1390
4219 3014
257 3853
3240 479
2772 3632
3932 3308
4041 2116
3937 2063
522 1901
191 3763
1159 3035
222 4204
2340 906
3379 3903
3618 4276
2594 788
890 4185
3081 418
3302 1837
1066 609
2423 1509
4355 4422
842 943
563 627
705 4051
4154 683
2634 2328
1694 404
2435 3500
1020 4499
3373 2830
263 3325
1728 260
637 2045
2362 4175
1804 3848
1841 4273
940 2515
3584 2770
3775 2761
2103 919
4376 4195
1362 1299
1018 3171
276 3920
1230 647
3456 3707
624 2640
352 149
2853 2459
324 4269
1449 2
1756 2726
1947 3174
3363 2194
2659 3675
2724 2678
1892 1019
1967 2471
7 2126
619 1648
447 2716
3062 4326
4231 2544
2896 367
643 2604
467 3608
2162 3348
4043 1929
1091 820
4334 3701
41 1710
2377 2060
370 3972
1835 1144
1794 918
2177 1191
2395 3622
462 2904
1444 478
416 3080
1664 2889
3786 3453
3778 3603
271 3866
380 4433
2658 3802
3194 516
347 1007
1943 2727
1492 3037
509 1755
567 1828
3524 2491
3517 4476
1774 3546
3678 1932
1202 1760
3835 3230
2330 2166
3430 908
1601 3955
920 2788
3881 4230
4340 92
2629 1410
2550 2449
2516 2626
2120 739
615 4321
3451 3914
4017 3200
283 4220
3608 4494
3485 1116
3484 3843
1567 3847
1443 4298
1764 1686
3244 2582
3505 3974
1784 189
1716 8
178 2562
1374 1414
3179 1904
2993 2636
4467 3614
993 2080
3519 1376
3452 1089
3960 3875
241 3586
4076 2710
3913 850
485 2717
2657 3407
3042 1587
1298 2416
4452 3845
1396 3956
789 3492
377 640
2343 3699
1765 3256
3862 1332
2804 205
2324 1002
3768 389
3606 772
1469 2646
1922 4226
1522 3532
2933 2898
4298 1615
1248 2514
2234 513
2980 4040
3343 2926
265 3008
4188 21
1045 481
1318 1636
3455 1533
3328 3962
3702 3332
2451 4147
3323 1065
1688 3515
2810 3262
406 3431
2198 3535
1584 2724
1060 377
1930 2038
4118 846
3723 4098
929 2485
3929 4010
2694 2049
3972 3615
3394 886
3740 78
2047 2238
914 817
326 2317
3468 2464
1185 2875
3421 1422
3997 3042
250 1927
2215 3495
3873 2430
3712 3098
3238 592
1569 4137
2081 2539
4424 1629
87 464
4019 573
1935 4425
1761 366
2292 697
565 2300
3198 4074
4116 2862
562 720
3973 1173
123 3323
3242 2246
713 4288
2078 3246
3166 854
1615 287
2345 3339
2568 1971
4169 4440
1506 1286
243 4242
4327 835
693 1131
3082 3232
3477 2839
1931 3433
4127 1522
1387 3415
2931 1554
4015 1245
2986 645
3834 2185
1195 1565
3215 4384
3213 471
1115 1176
3061 2992
3698 3812
3199 419
588 207
80 2263
1777 3198
4209 353
3027 2825
3599 882
1319 2081
932 1030
141 3525
405 1315
717 2150
4130 3524
1437 1779
2472 38
357 2356
3982 958
4358 3793
1103 2861
1634 2411
827 2848
2972 4081
2771 3919
1531 925
3284 4265
463 1005
1751 1058
2982 3691
2143 272
4070 1931
1520 3904
50 3898
2239 2168
2819 90
2640 4279
2617 1961
2126 831
1245 1134
793 2376
2894 4388
3292 3827
2033 1174
2397 3731
3766 483
177 2196
3602 912
1630 3138
1509 467
546 3932
4365 1630
2749 3711
1739 4442
696 4184
4216 1351
1229 644
2987 688
4152 2359
3848 190
4322 4373
4091 1673
1391 883
3282 3312
3589 522
1126 3457
1360 3850
930 3070
1631 378
1428 3311
1338 3006
990 4127
479 1560
185 3406
1188 2217
4149 1671
1945 3577
181 3169
88 1759
3683 4162
0 2776
2221 4174
1286 1912
2918 702
995 870
982 3620
2379 3655
2753 4140
4195 2175
1683 1557
4075 642
2870 937
2358 2698
3235 534
2621 3235
1819 3386
4402 3237
2979 840
315 1732
1096 1657
1225 1613
2839 381
795 2331
1363 2219
3203 1777
2651 1670
73 1226
2767 3413
4399 2012
3144 2653
2899 2713
1152 436
4420 3147
1621 1109
1352 3269
4280 792
957 301
3045 2373
1409 3395
3994 1834
2149 2631
3127 824
2248 3722
1392 3839
4281 1067
2359 4363
1236 1555
3017 188
1937 767
325 3300
3653 3649
489 1193
938 2015
33 2110
4214 132
978 3902
3249 3293
2156 3476
3919 1892
992 2013
1259 111
1992 1292
3733 2104
636 1110
3429 783
1836 2327
3670 892
902 1922
3555 959
1551 3693
1636 4145
2917 3849
300 3352
450 181
4233 53
1079 1071
1724 3380
1224 435
4382 2050
3211 1600
2932 1289
4047 1035
1186 1333
4100 329
2319 66
4082 662
3765 1189
2758 3462
1984 2790
1382 3626
2699 1914
4024 430
3900 326
4373 1749
1206 556
2740 3393
2430 4381
3632 1786
1217 2739
1474 1107
3014 4383
826 3554
1881 1049
3475 1717
200 1348
84 1489
1866 519
470 3542
1554 2855
1656 3504
3342 1965
1780 2573
617 2641
1970 1132
117 798
676 128
881 2795
1058 504
987 3017
2685 3131
3366 1001
1941 3585
2520 1589
3075 3630
1973 2988
2609 3773
4095 3093
1653 3440
1110 2797
17 1520
2821 3215
1624 3387
1253 4415
1006 3123
1654 4336
175 3077
3131 3331
3502 3079
501 1430
3016 1136
3565 3358
2949 3484
411 282
3776 2671
2224 1360
1698 2929
960 3640
1628 1161
2437 412
1529 1797
2077 2138
1403 298
1461 576
349 3255
3038 4496
1093 2723
781 286
4403 1910
4347 2358
3939 541
3461 2319
3826 225
4179 2473
1479 4110
2818 535
1602 4274
2032 1844
1995 4469
478 926
2393 2510
4489 1429
464 2375
1268 730
1121 3223
499 2998
4397 148
3065 2976
1130 659
3034 347
630 3012
1488 3376
444 4392
1838 3872
4134 577
3660 2745
1475 3747
4311 2906
1402 1188
3418 554
2715 3007
2793 2028
2158 1846
146 3052
3915 3758
1407 2216
2861 3781
3718 1297
4081 4207
4248 438
2697 4439
1603 2309
2064 3969
3567 993
1119 34
531 1284
458 475
1553 1260
3821 1515
4087 690
2244 3461
3578 3321
4151 4001
2916 2673
810 317
2978 499
4363 1242
1261 855
1521 3361
871 1101
4494 3935
4165 2456
456 2180
4137 2984
4232 2865
2834 1987
719 254
4333 86
4366 1854
3419 1975
2768 2798
780 649
1024 4205
1643 1396
921 4485
1513 316
275 193
214 1362
3465 3942
4234 3741
3672 2802
966 658
429 3810
424 572
2376 632
1809 550
3800 3864
520 4009
94 32
3690 2312
25 2132
45 2233
3145 1803
3404 1691
1925 3041
2326 472
3767 3057
4202 4122
2291 3270
1645 1412
3170 2125
595 904
3845 1836
3091 1225
2455 3688
2146 42
1919 3384
4434 945
2045 3450
2385 2253
845 95
3532 1409
2256 3746
1182 227
2903 3105
2022 449
4278 151
2255 258
4145 980
553 2546
1048 1319
901 3179
2499 2114
3401 3203
1667 1029
1757 977
4111 953
2913 3142
4221 2161
547 3574
480 4489
310 2419
1888 3056
3837 415
2572 3658
1847 1809
2708 4048
1511 2498
959 105
311 1421
1626 814
2710 2592
759 3513
58 470
1348 2074
3658 2227
2843 982
321 719
2673 582
2823 3499
2721 2352
3616 3059
3549 4079
1889 588
3329 3725
1147 2042
2338 2985
1532 2298
4451 3825
4167 1266
3129 1963
752 99
139 3666
4410 2569
899 3026
48 1532
362 1737
2052 3241
2615 1827
1708 583
599 1853
3777 392
259 2230
768 1050
3891 140
3510 4376
2436 3278
2841 3152
2375 1504
4210 3749
1198 3779
1566 1674
4476 3113
812 1314
659 604
1419 807
4372 4245
2527 4039
1863 402
1923 2572
635 1675
981 979
2885 3527
3353 2008
2829 4138
1814 3074
2902 2321
2687 3144
3952 4314
2193 4106
1790 2771
1768 2490
3269 1676
2632 856
2411 3186
1600 1820
817 2645
580 4243
2352 3038
1916 4179
1637 528
277 2688
2031 4369
413 718
301 2762
4176 3685
548 1655
2300 2633
1432 1079
4310 2971
2670 3602
3167 3911
748 3684
682 1705
2403 1118
4486 1726
4428 2697
379 3804
916 1352
1370 2789
2294 2355
46 2670
1552 3737
3076 2846
3500 375
3961 4459
2181 125
1736 777
1876 4136
4062 4346
3933 2396
1282 3862
4416 1721
2431 432
1291 2951
303 3088
2529 3854
3106 4080
218 3426
3 1622
3839 2164
2484 4152
1364 4095
3890 2627
3142 369
1038 2652
1644 2315
1993 2591
3030 2625
1562 52
2040 4249
1577 1576
361 3316
2720 4123
3789 2407
4286 3768
3895 1032
1470 2740
3619 3755
1231 4113
2168 67
4181 2556
3268 1438
3336 345
2984 2849
3609 1938
2094 3775
481 2092
1264 3743
290 2044
2800 3146
1211 182
2879 3580
1019 4491
1153 2853
2927 4391
4126 3128
1 4393
820 597
3593 2885
3493 803
15 2752
1918 1518
589 2158
1395 1989
323 551
3522 2151
3987 2420
153 3428
3722 921
4157 1606
733 845
2096 692
4227 56
3629 3645
544 2568
3799 3002
318 1273
666 1298
4140 1697
490 929
3639 1569
1583 4241
2118 4406
414 1401
1821 1794
305 4356
3746 2751
331 2389
612 446
3223 3789
75 1547
807 2365
2922 1722
2838 4289
1429 259
913 1208
1457 2392
1560 417
3222 4296
3212 2249
2140 3456
3063 1656
2522 497
4417 4305
803 3412
4187 2513
2862 4201
2136 3607
2799 2916
1408 1074
4123 793
2541 1130
2511 4472
2327 3015
4398 731
1477 388
3910 2787
2573 1210
869 2738
732 4170
2596 2866
4411 537
4404 235
2881 1181
3823 2076
3480 399
2738 4449
1748 3832
179 2892
683 2024
1489 166
2433 1367
44 3033
2253 2135
669 3378
3472 3263
726 1334
3651 2030
2279 3342
746 2895
3580 2257
1438 3900
1732 4191
3542 2833
2241 2061
428 1211
4448 1075
3847 1040
1145 4264
513 365
2647 3029
198 3337
689 3976
1456 2657
3827 119
3453 2275
336 3771
1051 2267
420 1087
3178 3061
3538 872
1572 277
3843 3290
77 1746
1271 1752
2406 3268
1840 3458
2160 238
3239 2364
1834 1745
581 725
3486 3878
1343 3748
1808 2874
338 2810
2583 2869
2679 416
1082 3209
3140 848
3941 496
616 3627
1815 1355
3015 3421
335 1612
626 452
2528 825
943 2879
3378 2883
4492 2090
2190 1911
2703 390
2297 4450
79 4272
1596 2659
3339 3463
1086 2793
1775 165
2664 3365
2063 2741
2053 2960
2646 1224
1753 1041
3607 243
2532 975
1448 4277
304 3538
4364 2205
3365 3288
2523 1350
2441 2967
1663 3287
2049 3806
4142 938
1641 2241
3570 1687
3909 4434
3237 2601
2189 3039
453 2894
217 1981
2552 1978
1016 2229
633 1915
2895 3053
3756 3653
1714 3514
1468 1009
272 4171
3531 2533
3527 1781
3669 4097
10 3947
3298 4443
1741 1180
2091 4005
1997 4345
1214 1103
1273 3487
4415 2682
1581 1795
4136 2313
4345 2047
4159 984
2802 624
1651 3949
590 3860
4132 1960
852 4085
2093 2191
4170 4093
2113 1595
2363 2344
1089 2142
3925 4254
2417 3716
3423 3397
936 2294
4198 4210
782 2699
4063 98
3364 2469
3694 4484
861 4177
1223 2767
4391 2326
89 2266
2232 3973
4097 1098
204 3344
4499 2307
604 4467
516 539
1154 2891
3234 80
3559 2299
3391 3242
825 3094
3250 3595
1074 4099
3872 1096
4351 3885
358 3705
3724 3491
4400 2954
3614 2692
436 2600
209 4365
40 2715
923 4455
4106 4028
1908 1574
3503 2978
1304 333
2407 1446
1311 2082
2243 547
4006 4432
4295 1202
2036 3340
86 3318
3088 1906
82 4333
2289 1825
3417 1312
2192 361
2477 3355
4162 4428
196 3072
2891 1851
78 2399
4457 2385
18 3427
132 834
1481 2165
3720 1967
2106 3573
1802 3381
4409 3224
2795 1373
2135 3834
160 710
3785 1566
3099 2311
2875 2897
1288 1727
1118 2337
4303 3726
2114 372
1578 3629
2656 4236
2981 1062
1837 4216
2535 670
2462 3258
2157 4133
1049 2603
2637 4284
2677 358
2962 484
1000 352
19 4229
3898 2991
3659 961
4323 1955
394 84
4258 3164
2562 2570
3495 3048
2608 4126
1894 2367
3813 1624
868 209
3574 518
2597 1291
1256 2749
2202 3824
4284 3145
3806 1141
1146 3985
4491 3122
2101 2836
1061 33
3750 2993
3402 816
2299 1227
2017 3801
4279 2435
3360 3410
984 787
3032 3764
2223 3733
2102 3977
3219 459
4485 356
3880 907
2627 1729
2293 177
1742 1926
1622 1883
3512 468
1588 4153
3544 4016
4242 970
979 2322
1097 3852
3290 543
1660 2628
1659 4323
2187 4497
3537 4017
3334 3836
824 2091
737 3429
1235 2909
888 1154
4435 3197
4101 808
2097 973
1383 923
1696 3425
991 2661
4182 2584
2402 1084
3330 2565
4339 4353
3838 440
2675 2705
2700 969
4141 1774
1076 2381
3832 3034
1052 3194
2845 2969
3376 104
3830 4452
1830 606
2796 1542
3978 1936
4348 4315
1989 476
677 1523
3443 3855
260 2199
2133 4144
3769 1382
2317 1344
2662 2905
1190 2341
1263 756
2312 152
519 3286
645 4423
4438 139
3541 4064
2486 4250
3187 2431
1544 4129
561 700
3381 4172
740 2095
142 2268
359 2018
664 17
2769 2064
2245 3204
401 3005
3498 295
2711 2108
915 1305
998 4444
4479 1762
1452 2200
173 2693
1272 2329
559 2424
3779 3475
194 561
3310 4181
2306 4454
1882 602
4360 1276
1682 3901
4377 127
3649 3548
1607 28
537 2101
4052 863
1067 968
3980 1510
1314 2917
3964 1034
2893 2962
3217 3351
1308 3191
4259 3135
1458 2335
598 3877
4370 4426
1822 2212
1279 2547
3188 1492
747 2461
3029 4407
3471 2535
2350 2218
2108 616
772 795
254 946
2051 1879
3514 972
2925 1916
399 1254
1346 1167
3509 1403
3526 4200
2618 3069
2153 1970
3644 674
1284 2129
482 2944
4089 2187
1179 169
3643 3460
1662 2847
2165 529
3781 3213
684 3436
3926 3838
1039 4398
3161 686
783 3719
4380 2922
3060 3155
4357 629
1012 3883
974 4466
4028 447
3008 492
3265 2852
3087 1601
3481 3799
4173 1977
1750 4394
4178 3820
2969 1720
351 3091
2788 463
956 2868
1502 1534
1812 1694
1490 1861
566 1553
367 19
1639 3797
2355 1597
3870 391
2100 806
1680 57
2174 4148
3876 4313
2507 630
59 2828
723 2519
4306 1442
1627 373
3875 4322
2509 2896
2267 3276
3819 2324
2889 4076
4495 1177
823 1028
1056 986
3983 1870
2706 1008
1266 2272
4468 930
4150 3360
2649 589
3877 2508
4293 4071
2041 2342
1197 507
37 3467
814 1052
2960 1579
1638 4029
1921 4458
3597 1598
3002 879
1717 685
3693 3248
213 3689
4098 501
3208 2598
341 1891
1325 1855
1333 1913
239 3621
4072 1301
3852 2965
3137 2366
2492 129
4254 3642
1053 424
4390 2131
4032 2501
3625 2722
1746 1838
4124 426
1903 3821
98 1142
2006 1148
2654 2453
1856 956
3245 4262
3562 1535
4249 2075
1791 2208
312 1229
143 2476
1416 1877
1538 3551
2856 1108
2820 2605
111 2822
4035 4253
2833 3549
3818 185
849 1599
248 434
4204 2235
3028 3502
2781 4156
3741 1424
718 839
1961 2656
3657 989
1987 102
3026 226
2688 2545
665 3926
269 350
137 4246
4128 4292
3977 3587
2026 2195
2967 776
145 2203
1735 607
2812 684
1700 4303
2956 3488
233 699
2337 2921
3375 878
4493 1120
3089 4150
3021 396
39 4154
1414 3978
4131 587
2544 949
476 87
1949 899
1162 1785
1249 2006
4096 3443
1037 819
4068 4343
2929 491
2304 394
3259 1359
1524 2766
1981 4492
3885 154
730 3390
1898 544
2276 2197
166 1246
1035 631
2577 144
4156 1450
3696 2915
4356 3680
2311 1511
1090 3430
372 617
2024 3136
4112 3370
3824 3298
2237 4157
3214 3076
2419 2542
3596 2876
238 888
2012 2575
2057 3718
418 2141
3586 2737
409 2840
843 600
1687 3659
2947 515
2019 3922
2666 1417
1498 3994
3739 566
2231 2773
2061 3933
4262 76
3666 1808
2463 775
2260 1875
3638 1201
1094 3805
3566 3668
3576 2014
2581 3084
2296 318
2751 822
1536 910
3180 460
1142 2348
1255 2554
417 2583
625 574
1413 1695
541 2438
3053 2036
4441 2814
245 3798
2456 1958
866 246
2453 1744
130 3172
1356 826
3942 1150
1573 1839
4297 2718
4464 3129
474 2760
2007 967
4069 2377
317 1524
4496 100
3691 3884
3152 4032
1793 3206
1792 1986
3450 3260
4161 1377
199 996
3095 4104
1514 2502
3636 222
1785 1204
942 101
2322 1238
2579 2160
3550 469
1948 2277
3024 364
1823 2858
2989 591
4160 2900
3714 3023
1850 60
29 2176
2037 408
2075 4234
1212 1878
3921 3156
104 1798
2080 1829
4022 1537
3610 1178
711 1988
1161 2297
4307 2729
1870 1186
229 2966
4004 3117
815 3229
1586 3309
2611 68
1368 4480
220 61
570 2379
1151 3912
1929 812
2046 2147
751 4416
3953 2033
4263 1663
3018 363
1175 1821
2470 2610
2058 852
4450 1453
184 1135
3985 506
3592 1946
1633 2248
1796 995
1723 1454
1487 3857
540 2540
4442 1090
4407 4199
2308 4003
818 3895
1507 421
252 740
3039 4327
68 3623
907 4307
2750 505
3734 4446
3473 2672
1795 511
3749 1085
3097 585
1839 368
1128 387
2313 2293
3351 4167
3956 3740
4368 3210
4058 1653
2142 4357
440 3592
3427 895
1762 405
1227 4248
3831 4219
3814 213
3210 1364
293 3555
4194 3712
3704 769
1608 964
3372 2559
224 1293
527 3222
4144 2069
946 1563
1379 1859
3686 2774
2765 663
496 985
639 1623
1420 2507
787 2588
1609 4280
1009 2428
2990 1381
1032 4077
3833 1860
2095 321
3004 3552
4056 3212
2854 3435
765 3807
3154 3984
3264 278
924 1818
231 348
1401 2658
2380 1831
131 1945
1205 4460
1938 1283
1900 869
1381 1378
1246 4083
2099 3507
1972 304
2122 113
973 1646
1131 3207
2554 760
837 14
2667 3971
4192 2757
3762 726
2955 1704
3288 2325
1690 2271
1166 849
1243 2425
4117 212
4135 2791
2999 1647
1092 4087
4051 3071
1952 932
2924 1337
1208 709
1959 474
4023 336
885 3727
988 4287
3361 3756
2991 3068
3927 4448
3612 2255
2645 4479
3820 1436
1778 3656
1833 221
2111 4164
2413 2590
4061 1658
2249 3987
3005 3446
468 4405
1913 2167
2147 466
1710 1684
2661 3118
958 178
1619 2523
4025 2085
2496 2534
2718 1295
3426 4041
1459 1712
1260 2553
4201 1043
911 4012
1180 3721
3525 3894
2208 3333
2236 4473
2731 1477
1354 560
2460 3772
1769 3362
1885 2071
4498 805
350 1823
2533 2354
369 2694
61 871
760 1966
364 1594
641 450
557 4436
4427 2983
3966 315
1726 1549
4223 1011
2864 2700
1133 4339
1986 477
2030 4206
1958 653
1344 3383
591 4328
1899 3485
4055 675
4180 2005
685 4420
2335 2288
4481 327
6 1156
1434 4196
2939 3709
2510 2518
176 4411
4425 1976
4378 294
875 2666
1512 4330
402 1815
2707 2455
3156 3660
2774 2959
1008 3167
4225 3681
1454 2152
223 1640
378 1003
4064 1937
3530 1323
1241 3690
302 797
964 3062
4414 759
4054 991
441 4211
4003 1123
1953 2214
1337 3423
3717 859
3936 2612
3715 843
3842 2687
1366 2056
1907 1341
2309 875
1640 2946
3591 2622
3807 4431
1874 4053
755 2133
419 1943
3009 705
3594 3609
1315 2398
4129 2296
809 1480
832 2589
1737 2149
2998 2447
1265 2509
2154 1903
384 563
3405 2434
3122 900
2930 2792
1367 3158
2188 31
1701 3326
2904 1753
1341 4293
2883 3694
3319 1641
2613 69
2247 3906
3155 676
1828 3597
2186 3931
734 3536
1446 2821
564 4020
785 1530
1924 3424
4036 3558
3516 4244
2762 1171
2389 339
228 1962
2976 3054
4053 400
2737 1991
2015 847
3903 954
1189 2576
1934 2244
