4500 3000
609 3207
1297 4165
3011 4156
1849 3343
3475 1613
1785 3480
4324 124
4385 3960
174 3126
2951 1763
4086 1348
2250 3790
602 1079
443 3535
182 3903
2889 3842
1613 2792
1934 1372
2992 172
1092 679
2348 2946
4319 3865
4380 2077
1405 2162
2916 4168
3865 544
2194 576
1612 3523
4048 1262
3038 2402
885 260
724 1404
4039 286
266 545
3447 3755
534 158
1299 3500
855 3180
1194 3874
2812 2823
4167 529
1531 344
4068 2421
1774 961
2391 3150
2296 34
3591 2080
4075 3510
1030 4261
3394 1036
2452 281
3704 2586
1291 2954
861 3199
1146 2495
1923 184
2408 4065
2215 3700
3938 186
4119 2800
1763 742
2494 2522
3157 4077
1611 3873
2306 1847
1984 127
985 2053
3247 2445
3059 3962
1924 1417
1387 4481
539 1157
421 2216
4065 635
3522 2177
432 2109
3237 1830
4126 722
62 1024
2700 3357
3812 2638
3923 235
2373 3492
4132 597
1314 3339
3995 2394
3162 74
3889 4387
3233 2967
1470 2552
1089 3124
782 1725
716 3893
269 429
471 2219
1671 1328
192 2641
4028 2091
1128 2492
226 930
815 787
3432 535
707 1728
2477 772
4150 1478
3076 4144
1020 2512
4290 1983
1261 2076
696 695
4358 3889
4478 2370
3200 784
3885 3047
631 734
1184 1709
2570 2564
4294 1819
3888 1352
3151 3104
843 1862
2816 1646
1095 773
245 3477
3413 2610
720 2881
2524 3900
3145 2375
4271 372
1677 348
3789 3922
2910 3168
549 407
1025 973
3537 46
4027 1385
3323 2435
3658 1466
3116 3169
505 2940
4181 79
1300 3009
4419 3183
1990 1651
2115 1283
408 505
3747 1135
4287 2472
1410 2580
610 789
4312 3731
4088 2173
3890 2178
36 3484
4179 1715
3286 620
1132 4232
746 4434
1634 3786
826 1464
3300 1190
778 100
1143 890
3129 2658
3965 4211
2050 649
3358 1685
4153 1511
3757 2135
4483 1238
3276 1611
1683 2526
170 3327
2426 1712
4267 657
475 702
1463 2362
2903 2168
4207 3762
3720 2558
1605 762
297 3564
2734 3555
2770 3690
3818 4428
2004 4105
1177 4358
605 4423
1366 2205
2681 3462
3735 3423
3208 3752
3173 2825
3084 2930
811 1631
4346 4003
2648 3606
329 2094
1888 378
1704 2417
975 1381
487 3701
1537 3616
1185 751
154 4400
2206 2367
2465 2267
2446 1266
2839 1765
3920 202
4401 4467
2637 3867
3846 1697
501 1911
1957 2275
151 2386
3979 2282
2735 3382
3918 1188
28 3557
305 1446
2790 4025
264 4136
666 3042
1305 3975
290 2660
4362 179
3223 2569
3899 2363
2865 2858
1646 1083
2036 2520
281 2616
953 349
803 4112
97 2997
3163 2084
1178 1687
3924 1130
2214 210
2693 2389
1711 1893
4071 1143
1053 4340
1317 2287
4169 4496
2756 845
2934 1595
2594 2112
4241 4361
3005 3426
3292 2706
3498 782
337 3821
492 1583
4442 3013
3439 2722
1872 2819
1815 2024
2525 3512
741 1997
2350 366
2438 3149
1033 2207
518 3443
371 4429
2242 1693
26 1617
525 2040
3732 1236
109 1389
642 3950
2382 602
3980 3328
1745 1494
1585 1928
4460 443
4021 3619
2680 2440
2900 1554
2733 1162
1306 376
4054 2903
1500 2740
457 3027
3909 482
1982 3360
1736 1844
4292 284
4325 2314
4067 3796
2662 1557
1374 1632
3065 396
344 2762
2504 3074
134 3055
3955 2312
415 3453
3088 2559
162 3670
3044 1703
2553 1257
1948 2410
1028 551
4339 1705
3623 1461
1420 3560
3547 1377
1093 1252
1070 107
1427 2233
706 2354
1289 2384
1059 763
2582 4302
3079 4355
2073 4367
2395 2491
3477 807
1489 2046
972 3046
1183 4347
3396 2790
4334 911
2646 4312
239 2728
336 2878
1072 2505
2798 1123
51 3660
4113 3287
959 54
3249 2613
4252 3478
3982 3334
831 1951
2786 1234
3810 3097
262 4191
389 1717
4238 504
3168 2832
529 4349
1686 4209
3894 2771
2667 4253
3280 1144
3504 493
1327 338
1148 2646
4089 2572
434 4488
2095 4073
3470 2988
535 3659
4046 3479
678 589
978 744
760 1230
576 3519
189 1886
2218 2602
2322 3259
998 676
877 1126
4112 2138
1326 180
2879 2629
3675 2659
1094 3374
279 3969
759 2636
1688 1867
2830 3740
2729 4252
821 1077
2132 484
1401 1700
1036 2809
3033 2691
265 4388
1742 4150
4466 4091
385 3114
3371 3879
4081 1774
690 1091
3696 2518
3822 574
1049 1297
4204 3595
4164 1889
2173 3146
2994 2454
694 1429
2961 4298
3742 3520
2378 2255
865 1648
3964 1286
1928 970
3527 4309
2472 1145
1205 1837
1232 2204
2769 935
956 1769
2403 976
3710 3208
1553 2751
2383 599
1975 920
3640 1493
3128 3105
1512 3694
3376 4375
4130 668
1568 308
588 2111
2795 2392
1965 1129
3260 2042
3662 1540
3768 1804
1937 867
2235 1267
548 750
1413 3657
3023 3493
2761 3154
3501 3627
1958 2477
893 1623
1951 4167
2579 4021
2137 4448
946 4108
3953 2517
2008 1589
1791 1798
3287 1548
175 4087
4299 3939
4163 4009
3528 1947
3222 121
2495 2835
2165 2117
1969 2259
4249 3592
669 571
3875 1360
1960 864
2513 512
2292 44
1811 3281
349 1821
1158 1689
2179 2450
673 4382
2317 4102
1047 3496
3303 1426
338 857
541 4470
4479 2169
813 4289
3171 2711
2012 2980
4350 1742
682 3188
774 3401
52 2280
1534 2669
342 2794
1144 2044
4129 4043
1005 874
2284 2032
3104 2110
4264 2249
897 2229
3844 3882
3209 3843
1622 2014
1117 4245
4291 2929
2360 3132
4488 309
1155 3265
2721 2644
967 2006
1551 303
1347 62
2273 1570
1304 2499
2581 2141
755 1521
3985 4404
3843 1560
470 2123
1355 2158
1042 1866
272 4394
5 1111
1792 353
4151 800
4363 4320
3277 3526
4206 1482
2263 3856
3392 3205
3805 4485
3748 3021
3194 3930
3828 2489
2437 1442
4227 1049
1159 2057
2647 1838
1323 214
736 2043
2083 394
4332 785
3717 927
1985 2114
1830 1316
2753 3198
1078 1344
2827 698
2982 856
995 3029
1866 4053
4248 417
1614 3330
4416 1748
862 1085
851 1906
491 569
4425 3381
2565 3455
4431 1289
3052 1219
2902 2175
1224 3532
3080 3924
309 165
85 643
1971 4145
962 4044
2006 4056
3539 3412
2627 1216
562 2612
3804 2551
1129 327
905 1315
957 938
2114 4445
583 477
2727 2570
331 1035
4188 3693
1016 2719
2056 1243
2894 2458
4229 2048
3726 1450
1635 2950
4072 1935
1258 2976
1841 3193
10 4012
2240 3213
1546 771
566 1477
3224 2846
2453 2947
105 22
442 1747
1892 2874
55 700
1167 2033
1166 2687
1557 2985
863 1310
695 3996
867 4314
3849 2317
4393 3807
1628 2807
3840 3542
4042 4272
4386 216
2081 52
1799 775
2264 2567
4017 630
1062 1485
2466 1150
1425 2920
2909 1871
794 3483
3634 1061
1913 1118
406 502
1853 725
3942 611
697 2195
3478 3461
3678 912
2230 2036
907 4037
2462 2209
2172 1924
386 4127
4186 4379
6 2598
4015 2647
2203 2013
2316 201
620 1388
393 2545
2031 3801
2609 3805
3545 3573
691 149
3282 1467
4377 4141
429 4149
1918 1775
3968 1307
1679 3722
1879 3513
1882 2143
1124 1362
966 3648
339 1969
4226 3089
4063 465
4155 2732
1415 4396
1151 2725
947 3600
3683 1002
542 3528
627 2304
3568 4152
2823 4433
2941 3941
2125 3744
4333 3237
1058 2305
2593 2579
1182 2561
1942 1055
2542 4204
2685 2146
3017 3614
3679 1859
1964 3938
219 3248
398 666
776 2618
1822 3141
3094 934
2691 584
3626 2999
948 2115
2822 4090
3081 1187
3664 3060
1851 2334
1519 1641
1150 82
1714 2361
968 1925
1004 2855
1915 2671
3749 4223
2778 3431
1552 4189
230 1182
711 1829
1233 3486
179 2627
3010 2273
839 2333
106 3757
1391 4082
2039 2742
4109 4406
4133 619
1701 3031
927 567
3274 4207
1285 4205
608 901
1550 2104
3063 941
295 3352
3202 3472
1342 1939
1558 916
3714 3267
3380 908
3487 4474
976 331
2463 385
1133 247
650 352
490 3215
2168 4277
3336 2927
186 3080
4315 363
1003 1892
2956 1607
1397 91
1134 1519
221 2982
2671 2741
2261 4173
3862 1435
2018 3964
3146 4334
2867 1994
1998 3173
621 1148
2447 4085
4025 1081
2874 2264
3610 478
2659 924
3533 3354
1409 3651
3684 2698
2783 2284
4473 3085
3635 3120
2283 1602
1543 4212
1834 2700
756 733
3122 692
224 2994
1870 2448
910 591
2832 4295
3530 4265
3791 258
2801 3566
1878 2197
874 3121
131 4329
1569 1778
4381 3713
2119 3045
937 4430
2598 1463
3216 4323
1898 4435
1655 776
2385 300
3666 1639
283 656
3774 527
2059 2047
2965 209
1721 3736
1040 642
852 1250
2980 1210
3232 4335
4251 3485
1797 2074
2244 3804
1104 1470
2028 3525
3101 2603
3708 4484
772 3411
4361 8
1633 2873
420 1422
2789 1116
526 2262
168 1796
1764 4300
3382 3399
1507 876
2474 2514
1654 2485
1765 2588
2722 356
1034 3103
1430 3136
4485 2069
3320 2857
464 3691
2429 231
3066 1616
4231 2235
14 139
383 7
390 3200
4306 3623
467 1658
3669 1959
1102 2073
733 1282
1623 1296
4210 2473
3450 1603
2962 418
3352 1320
1175 1127
4429 389
1664 847
2689 4377
271 4229
3238 2012
747 2258
2739 3906
3366 3514
206 1701
4269 3981
1340 894
2877 2212
1955 336
3711 3759
3596 88
3594 64
4222 122
2151 2411
847 4010
64 1520
3765 1984
3518 1525
715 1991
2989 293
3140 3433
2117 3351
1023 4301
4317 2828
176 2257
4047 900
635 3075
2464 2366
3373 3734
1952 1462
1515 3395
4020 211
1021 1992
3654 2199
4439 1332
1953 2059
3248 319
1783 1938
3124 197
3139 3260
3571 4017
3331 4098
3514 3243
2217 3747
1835 4071
1651 1008
779 1678
3310 4425
3112 485
3511 3030
612 1903
1885 3875
1221 3816
4205 3128
220 1539
1708 287
701 3706
2370 3133
3403 137
3368 1526
1445 1108
2703 1054
1800 2540
2752 4319
684 819
4438 26
1675 1788
3133 4390
3221 4477
3689 997
4142 3751
2654 1680
3857 1696
2197 1536
1661 3754
2458 4187
2108 2060
3379 316
2843 2408
3347 4337
1482 2250
4140 1070
4456 2537
1608 1048
1443 1018
2149 3253
1338 2121
2259 1199
1436 1656
2574 573
1464 4391
3901 1654
2853 3876
82 818
4050 55
2278 1413
3719 990
1371 606
1826 3304
2311 1222
3132 86
1191 3345
1275 868
2310 1615
3898 2438
3786 2464
3598 4459
581 3228
2342 238
160 3379
3986 2870
537 670
419 3425
3778 2165
2611 3723
4414 3337
3436 2820
2390 2592
45 605
1581 636
2512 4472
3769 1350
3820 1183
2065 128
3471 3663
1061 2657
3016 4436
4318 3162
729 3516
4171 2011
3833 2268
3933 1363
2335 280
2728 2772
2817 4020
4399 4285
3007 1852
3281 603
1206 4343
4398 915
3269 2708
135 4426
2087 4460
1164 4060
2334 200
2857 2490
4490 1901
3586 821
2491 3720
1805 4194
155 2364
3395 4116
2329 2723
104 1998
4032 1770
721 307
96 2460
2599 244
110 2136
1067 1351
4074 632
4208 650
3877 2746
1690 1098
2249 1084
507 2055
3283 755
107 812
3418 3833
1 2778
2375 1379
4254 131
3832 1479
2356 1491
1746 4424
4392 1030
11 2721
3069 3359
3131 1591
2189 768
3884 3563
1140 3945
1348 3122
3318 870
1424 48
1245 929
4073 2331
3824 3846
469 4104
2718 1078
3929 2824
4260 2439
4152 3826
3845 3118
1087 1287
3407 3991
4180 2274
1485 446
1526 2398
2705 3797
737 2427
4173 850
2430 945
1076 2766
4237 3100
2554 3084
2460 1254
4327 3550
3235 3587
1120 3447
4441 401
3967 4170
3138 2749
232 3181
1810 2608
3378 950
3060 2102
2833 1481
2933 3129
3462 3599
1896 1194
2781 4267
936 4124
1041 2739
1432 3037
2327 163
4261 1727
876 3588
4209 4089
4091 2187
61 3094
3466 2842
938 1468
1116 1136
3806 1069
1204 4051
2517 2922
276 3358
1933 386
3158 3487
1577 1200
563 439
3962 2815
2489 1529
3306 3937
4213 3603
3550 3145
4232 4195
2519 3022
2384 843
317 4001
2864 2357
2262 861
903 2769
934 3665
797 2971
1575 3869
4200 1666
4308 3965
895 3624
619 721
2810 1306
2719 4190
2052 503
4093 4397
918 104
3614 3534
2094 1737
3354 4444
3199 3319
1139 233
3670 335
4147 979
1064 162
2451 4283
752 3000
4202 3779
3882 2326
124 413
2470 3206
1897 1574
822 879
352 2527
2090 2098
2476 2984
3314 1242
2799 1401
430 3993
191 1168
3415 3111
1571 1827
2279 3863
1977 1014
1956 1207
1358 83
2032 3628
3031 3276
2443 3645
792 842
2325 3445
248 4296
2863 1214
214 3419
1411 3890
2757 3187
3608 4499
3792 2795
980 496
788 2019
2966 1976
3893 2571
2842 4057
119 936
3167 2034
474 4380
428 3393
4182 1522
4240 3966
1402 799
1963 2343
70 2793
2704 2228
4457 3567
185 2662
1616 2748
1319 2814
2103 2553
2946 4278
125 3184
2870 1524
4187 2379
3777 4240
2337 3467
3988 3108
3944 560
990 3451
3809 2601
651 2547
2944 2853
4160 2266
2809 2653
2271 2390
2550 1531
2158 3324
4279 2787
2731 2802
3993 1734
3940 1647
3091 1960
278 4316
1877 2081
1669 3209
2409 1333
1138 3921
2984 1578
2804 141
1547 2990
2858 461
1038 4193
1198 246
2195 253
2191 774
146 2656
2845 2128
2336 889
2228 148
1563 3270
247 922
1368 3897
148 3144
3998 2709
2972 2140
4175 2431
2406 2151
4192 1534
911 3777
1771 1278
3491 3017
3230 1633
849 2847
446 4139
1389 2717
1454 4203
2037 1831
540 4186
3048 361
2010 4176
2436 1877
1250 896
3557 4249
4014 3835
2755 3920
700 931
1311 3077
1479 3242
2723 2583
456 709
1522 510
277 2830
169 886
422 2511
3690 2681
3024 17
2102 2120
1179 2541
3830 1946
2295 1571
1737 2555
1375 1876
4139 1695
3070 191
1403 4360
860 2557
3400 229
3420 2932
4330 1504
1920 1475
368 322
2947 1434
3259 542
4472 1875
837 221
3192 1138
3127 2798
793 4007
4162 1979
819 3811
4215 3576
912 1690
1346 588
3337 2208
4451 397
929 2556
3036 1730
3106 2297
2884 101
3897 1817
2675 1259
1380 170
3957 1086
1972 3495
1733 2414
2747 32
3672 426
742 2909
1051 3421
2745 406
2924 906
3776 3073
917 192
600 3010
3429 4365
1238 846
4402 1816
3058 977
1393 2688
2788 4233
3293 4160
504 3812
3190 3353
2104 2509
4057 2210
991 2624
142 848
3771 2937
1231 3435
1790 2488
725 3424
2706 2892
556 144
2282 2546
3913 4311
4259 525
4011 3387
1801 2031
2046 3527
3455 1851
1385 451
814 2315
2101 4438
4273 888
1874 346
4106 3746
1012 3264
2199 1279
1313 3940
2077 4049
1583 219
3599 340
879 2482
1103 3227
3026 59
3523 3823
3071 3303
890 3158
1302 3515
1832 2962
16 3282
2432 314
989 4041
285 441
1428 1103
901 1835
999 3825
2386 3972
4408 2773
1216 2921
4450 3456
3841 2218
3813 3571
3925 972
202 4155
2140 1550
717 187
646 2578
921 132
2315 2563
4366 1170
3056 3051
4245 1457
4097 3241
1395 2234
3973 105
3916 1255
2188 2154
1381 786
3166 822
3567 921
1769 491
3876 2443
804 488
3936 2415
1383 1323
2417 1711
1545 67
2791 823
2625 2707
3068 2174
1808 4074
3064 4226
3505 2964
2606 175
3597 3251
1601 2261
228 518
4354 3854
1860 1141
3851 1276
1203 1638
1379 1907
3340 311
4394 1885
2805 2704
3510 424
2666 4427
3211 156
601 3613
1921 4287
4157 788
1417 1223
255 4019
3452 318
1582 4222
675 736
2663 4399
3997 1509
3513 4442
2388 1053
3904 1185
812 2838
3427 660
2176 1192
2152 1158
35 2827
670 4178
3750 614
3135 3025
970 498
4365 2780
2800 969
2098 737
4124 1794
1008 1609
2505 1558
933 208
2130 528
3506 4199
111 2404
1588 3728
509 3197
2785 3214
2592 1400
2678 4038
3716 4125
3756 522
2009 2729
2107 2180
407 3711
1201 3368
1793 37
4064 1100
4144 566
435 2642
2305 1424
3027 3780
2070 616
2872 56
2139 1538
187 3008
3191 2252
954 3851
1332 3916
4434 925
204 3481
3592 196
3029 4303
2614 2941
3348 1331
2236 3738
1931 946
2860 3902
1827 1743
3449 3946
3779 2666
1287 2468
1825 565
2741 2002
1855 374
3402 2887
4486 3672
754 1533
2399 2528
4196 2665
2302 3062
1449 343
3174 3016
2921 546
3381 4299
1820 2734
1135 19
4056 24
2866 33
244 995
2213 884
184 2049
3299 2307
3856 2788
2677 3698
2232 563
140 2101
3688 1967
1561 3417
56 3686
565 1674
1169 740
802 887
3490 2965
1043 243
783 3904
2639 387
2211 3163
2193 2319
4278 205
2835 717
4136 41
100 94
4201 334
3459 3069
3563 4458
3061 4466
2937 1469
3681 2774
1932 3536
2410 2453
138 1855
977 895
3134 2595
1083 1988
1894 2919
128 4318
593 4269
3782 1459
4052 3596
2766 3802
1857 3883
1627 1443
227 474
4283 4294
3454 3646
3759 3464
2221 1064
3464 701
4083 2765
3390 3675
561 1440
2679 3817
2480 3641
832 3850
3482 1038
209 3222
4127 1117
4309 2862
333 1273
1672 4281
1234 4101
4321 2163
4443 3441
1398 2680
800 3589
1914 3081
3181 3881
1626 1902
2928 4412
1829 181
705 1563
2887 1019
1162 3898
2120 1375
805 2377
2886 1106
3783 398
2948 3261
4491 4270
858 2575
3049 607
1727 2896
3797 2277
3868 1271
1529 2469
2359 3602
3409 2217
4100 817
3902 285
3492 2072
3142 4218
488 130
2605 3958
1586 1921
462 1640
404 4279
2490 3773
2516 4075
4156 3015
1209 96
1687 3908
1079 765
1469 3955
4298 2099
1803 476
719 3504
1517 2674
2253 3040
3412 3348
302 1167
2698 3683
3566 445
4462 2635
1716 1553
3003 1384
3954 3806
2940 2328
1435 3894
3729 143
2652 2356
2935 533
3246 2804
3055 2016
4411 1750
484 4327
3795 2808
4078 1314
1065 4078
617 4175
2746 844
1518 910
1272 431
2428 3116
4013 2596
1668 2137
1961 2868
3517 1949
749 3689
3730 2374
1257 1839
2026 3452
3535 3332
3105 326
3692 4332
1606 3236
3169 2407
1749 4415
2289 1050
1974 2640
1927 1059
657 2877
1868 3466
57 3531
1068 2925
2779 1301
3724 714
656 2523
2784 1681
3682 1224
1010 3219
544 558
709 332
4256 2322
1767 3986
1252 2889
1706 805
3949 811
916 4308
2562 3404
3364 3362
3025 873
1999 1822
3632 173
1697 1247
958 3582
2177 3057
311 4032
1341 3687
4331 937
2891 3581
1369 266
1303 1920
834 1395
1173 1298
889 1636
508 3834
1962 2409
2548 3511
361 3529
2016 1304
2709 2425
4343 3929
665 3970
1566 1541
1836 3054
2869 3501
4235 1232
2580 907
1762 648
1741 1269
3103 1263
3674 2153
1692 3766
1768 2993
2034 3820
22 99
2696 2643
2368 249
144 4310
3803 2122
4070 3857
3665 796
2212 220
3713 2416
1592 337
595 2052
1276 3450
596 3671
546 4028
2224 756
4265 2777
4496 2621
445 2003
888 3911
3788 1284
3579 892
538 980
2427 2065
2277 3463
2775 301
931 110
2952 1119
3090 3684
2362 585
1533 2269
4336 779
495 2752
2241 2008
4440 3727
1734 2484
1157 23
908 2670
34 440
2448 2875
652 2730
4295 552
4340 3082
2265 991
3836 1941
3262 1714
553 4225
1434 473
3500 592
2288 4495
2128 4491
447 3244
1780 2086
1777 2399
2420 4464
1532 878
3152 680
1615 2437
1505 3549
4375 1597
964 1241
3839 1094
3297 2682
930 1905
1906 2015
2878 562
3363 987
1212 2144
441 2303
689 2543
3214 13
2000 3326
1056 1923
3437 1012
644 1840
235 3877
1328 3673
1944 2673
3226 2251
3825 1980
2216 1910
2807 2676
18 4478
572 279
1127 2412
4448 3608
2954 1501
1455 1974
1674 3556
83 4016
2596 1950
42 3099
1073 2672
379 4236
3326 2987
1502 252
2485 133
3125 664
913 1105
708 835
91 4008
2454 3039
2882 3864
663 4215
2819 1
520 2952
2358 4159
334 3292
3648 2826
1602 4062
1740 1916
3753 3621
2569 2604
584 978
1027 136
249 1346
1983 4192
1509 802
2529 2103
360 3704
73 425
2017 508
2920 282
881 3548
267 4362
3960 4084
757 1414
914 2550
2471 759
1589 708
1082 3049
1474 1515
2600 4348
405 4250
4236 442
3279 6
4436 697
137 659
3178 3161
89 3692
2351 3725
1437 449
2608 2422
4149 4217
1495 2340
4158 1890
403 3774
3697 1022
2911 4046
2635 4210
4199 1630
1556 3275
130 3052
306 1112
3220 3299
118 1447
2660 2872
771 3413
4353 3491
41 2170
2957 4214
1019 3157
3143 4119
4445 3438
2939 2203
2110 1213
4019 2007
1400 853
37 4479
3867 2182
1137 2186
591 129
1251 2812
3554 1870
740 1107
3496 1033
688 613
3494 4449
2164 2493
2559 2606
3335 2311
196 177
3321 1970
481 3848
971 112
1483 2926
2526 3204
738 1184
4138 4274
1493 2206
92 2663
2150 1028
710 290
4489 3655
2333 2372
3317 199
1689 459
4301 2265
1848 2401
3295 3083
1743 1195
1085 2863
3355 2763
951 1662
378 4157
3721 926
765 674
2636 4111
3677 2585
1514 190
2180 1657
4121 1330
2201 3604
1121 4418
8 2108
1591 3231
1418 2028
2604 2951
143 859
614 2758
1230 21
1659 393
2638 2239
223 430
4275 3038
2518 3583
2233 3407
1321 1268
4471 1896
3240 703
2561 2302
3922 2851
624 4413
78 53
3996 2654
519 1679
3433 2039
974 2358
4297 3403
2802 1217
4168 983
3752 432
4029 3488
3254 4126
2571 357
2243 962
1947 368
3911 1619
1773 2292
163 1347
3156 4317
825 1909
983 669
2045 61
377 3004
1337 4468
4170 753
817 1258
1253 3702
2075 3067
2093 3591
1458 399
3360 3630
942 2785
1645 2345
1637 3314
3837 2532
270 2539
3760 2617
1922 2500
1084 3792
2314 218
3285 25
2349 1659
1641 2816
75 70
3047 3235
1838 3390
3144 3064
727 1601
902 1582
3385 3177
3767 2591
3934 383
2144 3233
3393 2975
891 2056
2829 2058
1776 2525
2074 1399
2068 2369
3975 486
2467 2279
1809 2238
4369 748
1386 3341
158 1068
1908 1338
3442 2963
4432 791
1899 2129
1850 4258
744 4333
2787 116
1219 2347
458 4324
3082 3597
116 2992
2157 3311
2908 2871
2901 278
3860 3956
3963 160
3667 85
1542 2161
660 1824
1315 1340
722 1670
72 2424
2825 531
1595 3043
1357 1454
1905 4147
3951 3954
250 2943
2818 3041
732 3652
2080 828
527 404
39 3028
3180 3086
532 1358
2848 2956
4024 3288
4499 746
4405 587
2309 2470
4455 4181
4061 4179
4341 1365
2958 3323
3121 3995
2112 4370
2950 647
2044 1773
3311 598
1440 1057
2876 4040
2590 3844
2089 2
2304 1034
892 3617
582 174
1525 1845
693 3593
1013 1895
1249 3490
4255 1605
2226 2133
2683 3371
77 3179
2541 4076
1891 4482
4115 1334
758 2789
2811 523
3959 2622
1902 154
2850 1155
357 471
4494 1878
1599 423
1444 3290
2439 534
1118 2568
3637 1576
483 1510
84 3336
4123 3572
2007 1313
1929 481
3453 1929
1560 242
1006 3347
4087 1723
1481 595
1476 3761
2415 1382
2291 1369
795 2270
402 3107
3114 3650
1555 2066
328 1953
2603 1373
1045 1209
2953 626
1438 1799
3927 645
906 1175
3137 2113
3434 4336
2156 981
4409 1275
1806 3159
2672 469
1109 3992
1262 5
2927 3789
2354 3415
2184 3770
2969 3398
4481 4095
3508 3070
68 2009
616 2784
1839 4439
1973 3518
574 2524
3906 2172
1115 4356
215 2544
2431 4134
1748 1367
3673 2818
898 4407
681 2631
3185 1675
3236 2821
2343 1065
3645 1789
3723 3305
1632 2442
1610 902
2540 3662
1959 2378
2588 472
2564 3300
3215 495
292 3979
3941 2791
1789 1046
17 4237
3325 519
3971 3271
3800 1865
4352 4216
2380 328
2976 3737
1718 1792
4347 4063
465 2299
1223 226
2237 3697
141 3378
4437 3439
2042 688
2204 1542
1991 3142
555 1051
1213 2148
2266 2335
1123 1555
960 865
59 1812
1301 2429
4474 1020
3908 509
597 1512
4034 4182
503 2191
3424 2910
845 1099
4390 3999
4293 2320
284 2867
3935 707
1650 1958
1227 1848
2258 2371
332 1806
113 3160
1422 4000
410 3182
1617 1704
4012 2767
3641 1823
150 834
1125 854
1466 3610
1419 4268
1598 4476
2712 1528
4037 3249
4250 3257
315 4350
3685 1488
1390 1843
3652 3079
1017 2457
4096 948
3863 4006
773 1749
2246 2447
2942 860
4467 2703
1433 2626
1731 1343
2996 1573
2742 4202
348 185
4120 2724
3441 2584
4475 1517
3270 3674
101 1635
1499 1354
796 1982
3210 3507
1498 4234
4426 1076
2549 1291
4214 4198
923 1507
4176 2806
2926 777
190 3440
1992 487
197 3586
3184 2480
2535 2248
3660 1041
3250 250
2270 2879
654 637
3802 2689
1145 2697
3444 4224
1976 466
4246 851
982 194
1719 3791
3886 4242
340 1186
4277 1075
1886 3427
3512 2549
2229 254
436 4196
2938 3543
4384 3361
2725 514
1619 2181
2820 3012
2595 4068
3309 138
2974 3155
2025 4135
3404 3007
658 2510
1176 4409
3763 2958
4225 3558
159 2859
2303 2531
4178 4403
1446 2256
3344 4437
1429 3719
3448 3899
1388 2718
2907 2781
3624 1869
2138 3910
282 1569
4458 435
922 113
915 1664
3338 641
102 4255
1334 3695
623 1933
3341 520
1678 1577
479 718
1329 1425
3290 14
818 532
2533 1181
2687 1498
3096 1465
2324 764
1264 1779
4412 4153
482 1716
2231 2726
1220 2451
2169 2960
212 2224
4310 557
3541 1021
4289 4307
2651 3982
3476 2142
3410 4471
1060 3810
1715 2481
210 855
2142 1122
2868 3003
2363 98
3850 1661
3946 4123
3083 3990
718 3578
1903 752
3480 4036
2062 223
2963 2848
3798 4033
2328 3537
1705 2886
4095 1272
2754 2166
1037 1000
136 1543
3780 1720
3006 1586
4430 500
233 102
3440 2278
3548 830
2247 2198
3939 3297
3008 464
868 3784
4203 2720
4449 2675
2105 2599
1660 2775
3028 3598
3956 1189
3073 3489
1590 3837
2539 125
577 2365
680 2678
1014 694
395 3847
454 2661
304 2118
3256 2106
1471 31
592 3828
2873 3224
1488 4352
3387 480
1271 3119
2715 735
1088 1300
1286 3533
3304 3974
963 3585
2971 134
300 682
216 2597
3643 1738
1293 1858
3755 298
1747 862
599 917
524 2852
3613 883
1266 2095
53 3050
2499 3895
121 3546
3874 1628
3193 3530
3288 615
2668 665
1362 967
3000 820
498 837
4421 4405
2676 2062
1909 1383
2776 2236
1665 63
2381 2041
3871 3255
2601 1080
3881 2185
2717 633
3093 1359
1351 3782
4058 3396
1753 2071
1656 1403
748 3078
1856 3584
3606 1942
4090 1179
1193 1444
2153 2000
477 1957
625 1027
932 3285
1335 3830
775 2355
2498 1325
2121 3068
3389 1264
3307 2649
153 3917
1875 3925
1296 4047
2949 3309
46 984
2597 1513
43 2403
4082 2385
3034 3987
853 1556
511 4177
3251 2215
869 919
3149 689
981 265
3878 3444
3275 2895
1360 1860
95 3096
3481 2913
2711 3350
3423 4422
764 3306
4077 999
578 2710
3948 3340
2616 1753
920 1131
571 4115
4055 4039
2710 1767
1130 3914
1237 1026
4389 3002
3108 1872
4493 940
523 3266
630 2295
4304 1007
325 2023
992 564
564 881
2421 1934
3039 1995
4367 3947
2187 3502
1629 622
1097 1226
2174 3377
1467 1433
2587 1810
4372 1120
3638 2519
2487 2731
1779 4357
401 1987
188 2699
3361 359
856 3552
698 3544
3001 903
2645 2222
4194 2244
3625 3575
4244 1908
1131 1089
3796 2285
58 3605
3639 2770
4059 3473
2374 1954
2389 593
1510 2562
3821 2822
236 3428
2122 1535
1594 2157
3179 2890
4454 2368
3264 2906
685 444
2019 687
2716 4384
1865 95
1837 450
1700 579
4220 1741
3815 4286
4069 2594
3718 3239
2880 1448
455 4054
399 4052
2821 3283
3330 691
761 801
1842 3798
1728 40
1165 3001
172 1483
1260 3405
3324 409
3552 1277
4041 402
145 2735
1172 4276
4484 2989
766 956
381 3171
2563 1653
2777 974
3903 547
739 4137
1986 1166
3958 949
4049 1124
1101 422
3835 2899
502 2188
199 2574
1508 1514
3004 2633
1643 806
1786 833
3123 4015
2834 2685
2732 1438
4314 2441
3383 2651
626 2736
1869 943
3408 803
1859 28
2444 1761
3207 1713
1180 3035
2200 1370
308 1881
1032 1841
2014 4366
2021 1972
21 1074
2141 761
1943 1299
3580 350
4001 2332
655 731
2392 953
3329 2130
3521 4271
4051 3831
1698 1879
2092 710
4274 3274
299 4118
2589 1302
463 4383
745 3767
3583 4328
789 1975
3479 3710
2346 2974
4217 3758
3915 2225
4338 72
935 1453
2190 947
2275 1918
2991 2880
3022 1295
4311 1600
1161 778
1565 610
1798 3234
1081 3011
2674 568
2744 2160
24 2632
606 2998
2484 3298
3892 1160
2847 992
827 3913
1527 932
1456 816
1407 794
2208 1151
4189 1159
425 2164
3239 4297
1370 3392
3421 3712
3176 3212
4477 2309
3853 2068
2424 4097
2897 1707
1694 2179
3398 270
1309 4138
4172 2664
2990 427
2196 66
27 524
1254 1274
2914 1585
260 1490
1372 1897
2759 3370
3074 306
3694 3312
2227 1412
3676 4305
122 985
1343 1853
1414 1420
4268 1445
2163 2459
3715 521
1273 2501
3472 849
1022 364
1840 2092
2086 4410
2051 3167
2751 2712
2022 2313
3693 3189
3628 1339
2435 84
2859 3202
3551 2948
2387 1441
2690 3944
2479 2337
2053 1882
251 1849
1916 2096
955 1547
3298 2243
86 686
662 1248
2774 3891
2135 4213
1074 618
4313 1045
2478 3139
3880 1724
3372 1955
1057 355
4218 1225
1278 4345
2345 1544
3417 274
4085 3653
2393 3218
3316 150
618 1719
1222 4002
480 4322
3020 1235
645 2977
679 2916
3727 3743
2071 1132
2500 2716
3037 3781
3313 1644
3562 4069
3793 1311
3488 4208
1781 2286
1504 4315
120 1993
704 433
4262 2352
2898 2026
2425 1599
205 1044
536 367
2695 3907
2925 263
2794 4462
3411 29
2987 4080
1907 405
2828 4469
1730 538
47 414
3406 556
2977 2799
1163 1097
4035 3978
3253 3793
1080 168
147 2915
830 1532
2613 578
3457 4457
2402 1364
2919 2150
2621 1922
4154 3742
1684 2061
677 2449
3519 506
1667 3437
1339 3147
1541 1682
2219 2620
3577 4473
4044 4456
2066 1072
3062 693
3225 685
2396 3579
1472 468
3243 2070
1174 1649
2126 2381
1520 960
2694 2805
3618 2018
2558 3778
3484 380
2556 3367
2225 646
1787 45
489 2757
2159 2338
2486 3729
3811 957
973 1090
231 877
1988 51
2079 1240
641 271
1044 4273
1119 675
2433 215
4023 2677
2361 345
1255 2983
1451 4107
941 1408
2557 2986
2796 3997
531 3707
2269 1204
4286 3661
3807 256
1226 757
4223 371
2469 766
2113 146
2702 2466
604 3682
161 4275
1392 4260
4305 4188
1795 166
1738 3409
1570 153
1075 1017
1480 2634
1775 447
4285 3989
1192 1760
1950 871
3772 3376
4371 1201
486 3788
3526 832
3644 2530
1794 1940
4114 3517
1259 3871
3473 1409
1113 3335
2082 1349
664 452
3072 4031
2913 126
3 1071
201 2615
3974 2125
4322 2783
2186 3609
2507 1699
1460 217
3234 3474
2618 108
3531 540
409 2226
1408 1694
4476 467
310 4447
4435 2281
2276 1228
1729 3539
4006 3258
213 4148
1945 2667
2423 4374
4378 1562
2575 1206
1670 3647
394 1474
1373 810
2127 1614
1265 3
3014 1013
1864 18
152 671
1941 3365
637 621
2294 2293
4134 2200
3231 2446
1994 2609
2988 1842
3032 3138
242 3622
2033 1341
2707 1575
127 4164
459 2498
909 3196
2793 684
683 2318
2357 3640
3057 4131
3855 4243
2129 1152
23 601
3992 2504
2854 634
1712 1593
2133 1321
3603 2474
3054 2194
218 2063
3731 4241
3854 3935
2497 1499
570 793
1584 1220
312 87
3762 1177
3035 171
461 561
2455 1637
4379 711
133 720
3739 3524
636 652
515 2639
2875 1672
2527 3123
2134 1900
1862 3845
4370 996
4360 1904
476 1912
129 2349
123 3896
557 2152
4102 3338
3195 3678
1574 4450
1377 1579
4276 3855
580 3024
4345 2075
1459 4440
2631 677
945 3284
1564 2124
2862 2743
3743 438
1322 428
1699 2745
3422 3230
528 3799
1316 4014
3130 2254
4125 738
1365 2535
1895 2330
1681 1180
4003 1253
4193 1361
1536 3221
3098 93
2503 4284
1298 3201
904 1233
1270 631
2167 1368
585 4219
4190 1552
3154 1125
2123 2959
1648 3203
1461 1391
3699 4346
997 2756
3040 3135
2978 767
1153 4151
1494 4142
3585 2860
3257 12
854 3470
1757 3626
3458 2350
4184 3664
926 3912
3075 373
3102 2829
2650 4083
1114 3839
1647 3926
180 4398
1160 1095
1452 379
3388 1965
1210 3469
2552 507
3543 1231
3542 325
3266 575
1241 3310
4045 1025
4355 1624
1970 516
15 2503
1871 1508
238 1777
2765 1196
2537 2813
2655 824
1755 1058
560 4169
3213 2426
3414 1460
661 501
3819 1768
2945 2406
3540 3272
4296 4251
1009 3273
4002 1109
833 241
1843 295
4212 2650
2738 206
1396 3708
3043 2339
3175 2021
2506 2341
1554 783
2308 3570
2871 891
1662 582
1539 2854
2708 3418
2736 3577
586 1758
1845 4171
939 410
3847 1456
2267 745
237 341
1491 403
427 3980
3631 1873
1652 382
1784 1780
2338 4389
2538 2513
4177 1249
1468 2754
2665 370
2578 4288
603 4158
1361 3475
3050 4161
2111 50
3339 89
3816 739
4266 2316
1294 1357
293 4313
2730 4239
2521 553
373 3931
4009 3005
3559 2283
3896 2637
256 3976
2040 831
3196 3948
3503 1237
543 2300
1863 4257
3187 3498
243 2908
2143 1203
3705 1927
1122 1486
949 1973
3067 1808
2441 3809
2027 526
2482 673
1756 1735
3937 1572
3745 2701
375 1914
2684 3210
3334 1015
2895 2290
437 1062
335 3775
2932 1588
4099 4109
2252 4184
439 2536
257 2995
322 4368
1726 1476
3401 749
2617 3836
3516 517
1218 690
319 390
2508 455
587 3410
472 625
1039 2342
2509 1149
4427 2483
3197 2397
2640 4114
785 2078
4105 4027
413 3063
54 809
3629 2753
1766 813
3078 3320
2749 4035
1214 3279
1819 3373
7 3195
3018 1288
3961 1205
4281 167
1310 3559
2020 3776
3107 1580
4316 3494
3601 2348
3622 3384
3612 959
2155 2247
4066 400
3999 3905
1844 798
1281 1218
76 261
2255 1764
4342 3277
3467 283
2808 723
1817 2413
579 1805
2511 3056
1621 1826
1833 2479
449 71
751 1650
1274 2810
1636 354
4469 623
1639 2876
1320 2914
3092 2119
1181 2861
1759 4005
2615 3476
3435 3252
3305 1128
1189 4321
3399 3639
3391 827
996 3278
3419 2336
1911 119
823 2891
3312 971
1331 2695
1457 3434
252 3887
1887 1432
2248 954
40 203
3315 4079
2364 2301
1528 2702
2274 770
1086 1797
850 2088
3991 2797
4447 161
132 3832
2929 1004
3002 313
3773 2991
3588 4004
4098 4262
4468 4120
69 2566
3322 1518
38 1698
3848 3735
3267 3301
3109 1854
397 2705
3829 3765
1861 2507
961 248
810 1931
3218 1197
3431 1985
4382 754
1676 2645
183 419
4148 1042
1884 4129
2268 4306
3581 726
3227 1114
674 952
2492 1671
1477 1625
3651 2750
984 458
1732 2934
3947 2973
4030 4045
296 3541
2760 222
1997 3174
149 2010
993 1451
4303 3020
2632 681
2069 3092
288 4282
2298 4206
2628 3827
2981 3315
1880 2436
414 600
4465 4475
896 3932
2175 3342
4495 1880
3928 4228
3619 1956
301 323
1587 268
2210 189
2983 2156
2398 1427
2131 4220
117 3959
2885 1398
1802 1345
3405 3538
1703 715
3737 2970
2076 1977
3879 304
2737 3143
3744 3349
1256 2382
1979 1023
3271 4411
1077 4059
307 1087
2844 3858
440 4088
3051 1726
3801 4055
2743 549
1423 3471
514 1198
1353 2966
3342 39
2658 111
784 511
1280 3923
3507 90
2035 2589
2649 4441
3869 3667
3241 3220
2993 3753
2222 1642
2371 612
4094 1989
3212 183
2293 1754
2851 4330
687 3611
2416 1176
3649 269
3883 2840
2964 4146
857 36
1978 2324
1847 1047
1900 2939
4395 1846
2257 1329
1940 339
769 1455
1367 2839
1295 2327
3814 204
3485 880
3369 255
2661 188
3460 3568
3838 392
4364 795
2922 2005
787 68
2366 3372
3351 3156
453 2211
4351 1056
4092 866
4400 4094
4022 758
234 4081
2124 683
2692 3870
1949 1489
3204 1887
3707 653
4444 609
1239 3380
4233 4325
2792 1402
568 227
1497 1622
2758 1667
493 1594
1284 4480
2116 3346
2238 2803
1511 2089
1854 3840
3294 2996
4300 1082
1883 3637
3268 2796
2198 663
3602 479
1596 3317
672 1545
629 4393
1893 2652
1904 490
3977 333
3263 4110
1063 4363
2607 790
2272 2462
4230 3998
649 1073
1881 4018
2626 1943
2936 918
835 1164
1828 1857
452 4486
1473 2176
1242 1587
369 4416
2301 4013
1873 2289
3493 1762
303 3223
3703 4421
2815 362
3990 3915
376 3400
1243 4378
3701 1781
2088 462
1930 3968
3468 2506
1735 3732
3972 1502
3201 3125
3451 151
4166 4280
3370 416
1890 2912
2493 1319
3349 627
3086 2116
3265 2296
3165 2885
1246 3436
2481 3308
3917 2192
1540 2276
3356 38
3110 2924
99 1096
3569 1419
3136 2955
2202 3245
547 1790
4348 1643
4128 3389
2915 1688
2577 395
424 3819
875 577
1356 3166
108 3739
1625 1736
2260 2145
517 1936
506 3106
418 2253
1813 2611
3790 4024
2377 3814
1752 3289
4174 3059
925 232
2312 3615
3668 3269
2011 1833
3529 97
2997 3364
2064 1280
3617 1784
25 3318
3189 661
551 994
4417 537
3712 958
1170 825
841 3772
433 4401
354 16
2797 3313
3377 2471
74 3872
1724 2085
3536 4353
3905 264
3177 2900
2520 1590
3126 2079
2001 1416
3781 1818
3296 276
4320 2949
2280 654
1186 858
3864 3625
702 4461
2457 1891
3741 1293
1702 453
1638 3165
786 3521
516 3071
1535 1683
828 277
2005 989
2099 4420
653 1776
3030 724
4183 4231
2943 1227
2849 826
2697 2849
882 0
3426 2393
3706 3709
4135 2534
3538 3716
392 1191
3489 1043
1096 4359
2764 1981
1404 3607
1549 420
1441 1756
3734 421
1713 3036
2664 3635
723 415
3301 4042
3350 1793
768 4432
1312 1473
4498 2380
2434 2590
1691 704
2888 1732
770 1244
4104 2841
2995 1500
3866 2373
2720 2587
2091 3726
611 852
801 2600
2930 1221
1244 2869
598 4326
3573 1246
1465 1618
2341 1746
3359 905
156 1751
1154 1868
3198 1963
919 3151
4000 1411
1325 3175
313 321
3087 1744
2400 3769
3987 27
979 4130
2803 3749
4111 3721
838 2694
3155 1001
3887 3676
3921 3688
1685 760
2568 4443
1521 384
3100 1415
3700 1706
1268 3420
3808 302
4110 4244
1935 4392
363 2038
634 3795
3605 1850
4185 305
3327 3442
4026 3884
2619 1832
1000 4238
2852 1884
2602 3656
522 195
2931 1154
633 3718
2422 2733
2307 3044
318 2202
3914 176
1538 2801
2642 408
388 2554
4 939
659 3254
88 2683
1620 814
3343 716
2330 2097
3970 3951
3365 3503
4103 470
3930 836
2545 590
3428 2220
3775 882
1852 494
4079 1669
1384 1961
3766 1366
1026 2864
4428 550
3474 2573
1112 1353
3141 4247
4122 437
2959 3901
1108 3191
1717 3934
324 617
2999 1380
2161 4331
3089 1495
2061 4291
1567 1458
1981 1215
366 3714
1572 1692
3859 159
193 2351
2547 80
2148 3322
195 1894
1091 3953
2998 570
1722 2605
798 2865
280 4246
3272 4304
2239 2376
3461 1888
2181 1530
2461 3629
3119 2100
3907 808
1573 1565
987 1093
4376 797
2904 3302
667 2760
840 3023
2814 705
1754 4227
2251 2467
3593 2214
829 351
358 155
567 4058
3827 1592
1559 4
4145 608
3615 3153
692 1787
2840 4263
2223 719
1359 2035
512 1598
2369 2898
3620 3369
4307 4492
3532 182
3912 2768
4497 2433
391 1245
423 2045
3205 3262
2543 2241
3012 804
2171 555
1399 3232
370 2933
950 2346
3661 2648
1142 2184
2145 3048
451 3383
2534 9
2183 2953
2109 3561
3687 3715
3761 3942
1624 3140
1105 2968
569 78
2567 3280
2023 3878
4359 3681
3229 1772
1442 3032
3650 2452
1725 3172
712 928
2313 1471
3534 2811
2367 2064
806 1484
66 1480
165 1390
1149 239
3159 2105
844 1318
575 492
1496 1270
3858 2405
924 530
323 909
2576 4162
2013 4369
1052 4185
139 2972
3657 1032
2029 3764
4060 2747
268 4395
4031 2487
2899 3356
4146 3006
1889 1944
2067 178
872 11
2185 2628
3465 4050
2496 15
1576 727
848 1393
3736 1063
4116 1757
254 4483
2501 4023
2856 4408
2413 2786
1758 73
1823 103
3252 1436
3278 2893
3160 1016
1723 436
3983 4414
1330 2263
372 988
286 489
1354 1828
734 1861
3486 1256
2531 1052
173 2155
1002 2420
3616 3909
2682 678
2146 885
3273 1139
3172 3115
294 2127
2353 1031
4446 3117
3525 1294
346 3087
1031 1374
3989 1355
50 1948
3823 1418
2669 1305
671 2715
3019 2944
3900 1962
2846 3815
3691 3256
1066 2230
2285 3388
1812 3824
3009 3109
886 3506
2106 1710
3621 454
3553 2696
1453 4364
2855 3247
1247 1990
157 1142
2445 2969
4383 1755
2624 1549
4403 4338
466 375
2084 329
2290 1147
530 898
1772 3499
63 3226
1376 933
3943 863
2281 3113
2468 2882
2772 3984
3206 3446
1279 1037
3258 2054
2612 324
1364 2497
2319 3632
1450 3130
3647 1229
2234 3185
628 1745
356 1856
1657 207
1666 3018
2530 4372
2622 838
899 2981
2836 3943
2923 2714
1578 4172
3702 2083
3333 1978
126 2388
2633 1899
3609 1202
2414 2931
496 1771
3118 3291
2379 35
417 2904
380 3238
1147 120
2673 3547
3709 3134
3161 228
3733 2383
1215 3344
1126 2093
1416 157
3319 1407
2147 998
2160 543
2767 2030
367 1410
4005 1721
431 3618
2986 3454
4258 2139
2054 3296
229 1663
1168 2082
2906 769
753 43
1406 2486
4101 2850
207 841
590 2027
2057 237
3416 3668
767 3569
780 3422
3861 3090
44 2310
1484 3416
3386 3971
3891 2508
1876 1140
3077 3102
1035 1634
4197 1766
3994 515
4404 3397
3600 3316
4219 1825
713 3679
3219 2614
3384 968
3578 3763
1658 4455
638 3458
1967 3240
3950 3565
3826 2565
2893 4381
3910 3088
274 3430
1796 2593
3751 3852
4406 10
2136 1066
799 662
2584 117
2440 3885
3572 4011
613 1815
1631 3800
1350 1102
969 47
2644 483
4282 1551
345 4096
258 3152
4349 3229
114 3756
2182 3375
2450 1971
1630 1406
743 76
3261 299
1349 4117
1910 1652
364 152
1090 1559
426 2911
4433 655
2824 2308
3483 2727
2321 3783
2686 3216
2883 142
4137 1172
3754 1260
2299 3522
1618 257
3698 730
887 4029
1760 315
2641 3053
2323 3601
275 2294
2514 4376
4459 1251
3357 3685
4143 1527
750 2419
273 1178
2979 2917
13 963
686 2516
351 3822
4107 3508
2043 2465
259 3868
836 539
790 1718
3515 1173
460 1996
1197 2444
3633 1986
4247 92
3153 3574
1024 596
3969 3429
3636 2978
2670 2515
3463 839
1609 1165
4239 2193
2245 1621
93 1437
1439 310
3302 2907
171 3717
2585 2836
2049 3933
1269 3699
994 2149
510 3705
2768 3091
808 3994
485 3927
1501 75
3244 1999
3560 815
2352 1133
1378 2533
2320 1722
2459 2360
878 4259
1217 536
762 1913
4117 3178
552 1668
3738 2323
1653 3654
1225 2888
3346 236
178 388
67 2942
4387 463
225 3414
640 1423
1739 1795
3374 780
3584 904
4357 1783
2300 2050
2449 412
2714 240
2166 2582
3495 4174
4198 193
4004 2581
3147 3250
4084 4386
1229 2894
4270 4293
4329 1883
1530 872
2154 2607
545 3391
1980 1394
3646 4419
1336 1088
1190 2979
31 3771
1513 966
4118 1193
884 3386
3041 2918
1663 3580
1562 3268
4062 1292
49 20
550 3866
1682 2183
2063 4132
3976 1005
3582 272
2656 2936
341 42
2773 2134
314 4256
1580 1608
2355 2961
2620 3745
2560 3459
3746 1691
2254 1566
3150 1322
3170 3973
1029 1604
3725 1449
240 1146
4302 2779
533 3880
3203 993
65 4197
1821 2227
594 4494
387 2167
1680 2430
4033 267
2892 1337
2347 658
3558 1397
1807 2764
2653 4061
2038 604
1824 2905
3117 1964
2376 3190
2566 2051
4141 594
558 2196
2748 4452
1202 2260
1069 2844
2502 3750
816 60
448 106
668 3176
473 1786
791 347
396 1610
2326 3095
2024 115
2015 377
347 3460
1912 1546
1211 224
355 1919
2411 497
3042 3225
3740 1492
3564 3468
3438 628
1152 1814
1600 2856
824 4264
4480 3026
3630 2577
1248 696
3663 381
1486 2744
2003 3192
12 3988
3981 1421
4159 2020
3328 230
0 4103
2630 3286
1333 4493
3842 1356
1098 1472
3546 4446
943 4070
1290 548
2078 3448
3015 3076
166 1800
1071 2242
33 296
4397 1497
1007 1011
3590 81
1200 2902
730 2845
3870 667
2220 2463
2629 4106
873 1156
3656 49
1171 3408
2442 4431
1235 2017
521 4465
3148 4092
1345 1101
3611 729
1987 913
327 57
988 2478
4335 2159
2286 3949
1673 4166
2610 30
1363 320
1324 986
362 4064
2405 1813
3926 234
320 4373
1240 3246
4080 3730
3469 1620
894 4497
1503 1676
2837 2434
4018 1739
1707 3402
71 4030
2515 3658
3502 1665
1412 3497
731 914
1750 475
4388 3612
2510 4133
2256 3644
4211 875
3332 4180
3895 2321
3595 944
1055 4341
726 3818
4356 2387
1352 4266
820 1378
2297 1523
4191 2240
632 1807
2344 2776
4053 2521
1640 1686
3097 3394
1936 2576
3966 2834
2419 4221
944 1110
438 3186
3053 1039
2699 3703
1382 2738
291 3669
3932 1836
1968 3333
4108 2237
2713 3331
1447 829
3046 3631
1426 1137
846 3677
497 3061
4216 3666
1487 1968
4040 317
30 3217
3653 1684
3228 2400
728 4351
2546 942
2407 3808
3785 2190
2331 140
4328 1952
4036 114
1938 2817
763 3131
781 4453
859 3961
4228 2171
1695 2476
1196 897
2688 1567
1263 4451
2701 1496
87 706
167 164
29 391
3984 640
1187 123
965 1290
3945 1392
1141 109
2055 1010
3799 1791
2975 245
3099 2396
3456 1561
1939 411
2178 3366
1011 1387
4410 2428
2192 699
4482 3760
3565 312
2522 3696
3520 4072
3787 3841
468 4290
3587 732
639 2935
3642 1336
2002 1281
365 2344
79 3540
1696 4200
2030 1915
3764 3164
3834 289
3289 2843
411 1326
1228 1506
3722 1820
384 4066
2118 965
1917 2291
2058 747
1919 3137
2955 3853
1207 2560
3013 4026
326 2684
1966 4201
4038 4099
3021 3325
4464 4463
416 2945
4396 1386
382 3505
353 638
2771 893
2532 1612
4161 1740
289 975
1516 3862
9 4417
1318 580
4470 4454
870 2221
263 4230
1720 225
4253 145
1046 3590
2401 2456
3245 2475
4234 2737
1421 3888
3561 3098
203 3967
4344 2004
2207 3101
648 1308
2412 1505
3113 712
3659 3449
2536 3170
1524 1309
2100 2147
1506 3985
3375 3551
2473 4093
2806 1134
2365 1945
1048 456
1100 3813
2483 2025
4242 1239
1523 4022
4131 2897
321 3594
4263 3066
1282 2201
3627 1596
1597 572
4487 1627
4337 212
1136 1759
80 3033
2763 2883
3397 1317
3443 3110
1156 369
4415 554
2762 1104
2634 1626
714 3545
3345 2131
3952 1629
60 955
2456 1067
2551 2090
316 1163
2724 2542
1901 651
2782 3293
1283 65
607 1782
2586 2029
2340 2232
986 2630
1644 4128
4463 1405
1236 3465
3671 1431
940 728
211 1439
1448 1537
1867 3957
3549 1584
1277 3849
3758 1009
2831 1677
350 3859
2905 2353
2097 3680
2528 1376
4165 3034
4368 4140
2726 1153
261 2423
3574 3829
48 1265
1816 4385
3183 2272
1199 2359
3872 629
2970 2087
400 330
2488 2067
4280 1811
1995 1731
1001 1487
3831 147
615 4121
1015 1606
3095 964
3784 3019
3085 3794
2372 4487
1208 135
4288 1802
4452 3329
1054 273
3575 2693
2394 3148
2861 2329
1188 4034
2917 951
2740 2001
94 3620
2060 2623
3509 3768
3217 3294
500 2679
90 3748
115 288
3188 2246
3544 1115
928 2395
3589 2288
1604 2022
1110 4183
164 1568
3255 2213
3186 460
2096 3058
1492 4354
4374 3886
3607 2325
19 1161
1693 3509
3115 4254
2404 1702
2918 4489
2047 1863
1642 792
343 1655
622 2668
4424 4048
3446 2126
20 2432
499 1930
4284 1564
643 2223
2813 3634
2318 294
4407 3194
1308 457
2475 2938
1292 3724
1818 1966
3570 1809
1195 1917
374 1169
3728 1327
217 1937
1603 3457
1831 1932
883 297
3182 639
3576 2692
3555 4086
3794 743
735 1342
3919 982
478 3741
3680 198
2 342
1710 499
3425 1174
1989 3936
3497 624
2041 3642
1993 1864
4221 869
1344 2461
2841 4113
1544 672
2780 2494
1107 2686
1846 4122
2544 169
2332 3636
3164 58
3556 2761
1751 291
3353 1898
1946 2189
3445 741
1804 1212
2881 3919
2657 1708
4420 1430
1954 2037
1050 1752
2418 2713
2896 1834
450 1516
4413 2755
1106 2538
2085 251
2960 2529
2912 3963
181 358
3655 3892
241 1428
1925 3355
1490 1733
1431 923
871 3860
1814 292
1288 2298
900 1324
2072 77
2583 3406
1926 2502
177 1729
1593 3918
2170 2306
444 2496
287 2923
2973 781
559 1396
3770 4490
3367 1303
4453 1171
3430 4344
198 4339
3852 3952
3284 1452
3695 3562
676 3127
699 3928
3604 3072
1782 2132
208 3112
112 2884
1770 541
1649 4100
4272 3787
2985 3649
3111 2245
3978 1261
253 2107
4043 4163
1607 3263
4076 1092
359 360
1111 3803
3686 2866
330 69
4373 1060
3931 1926
4243 2901
1788 4342
3242 1673
2643 1503
200 213
4461 2833
412 2391
2591 3643
1744 3733
3291 3014
807 899
703 4402
2968 2655
2048 1040
103 1121
2572 1113
4326 3307
222 3363
3499 586
2162 1801
573 3321
3308 1312
494 2619
4418 1208
1462 4154
1099 3633
1548 3861
2623 3554
842 3983
647 1006
1475 4067
4010 1285
4423 1211
4422 513
554 4143
880 1803
2205 1029
866 3211
589 2690
2339 2957
2890 3295
1858 434
98 1581
3817 2548
1709 3977
4323 3638
1307 583
1579 1003
4007 1660
3524 581
1761 2831
4008 259
3045 4498
1394 365
2523 2271
1267 275
4391 2455
2555 840
2838 2782
4195 3065
809 3385
2750 3482
2967 4235
4492 1335
2287 1785
3873 1874
952 644
777 2625
3120 3785
1778 713
194 3093
2209 118
32 2837
4224 3553
513 4292
1996 4248
246 3432
4016 2928
298 448
3362 1645
1478 1371
4257 2759
2826 3838
81 4371
2397 2231
864 2418
2573 559
1018 262
