4500 9000
80 2169
4 2182
4160 3771
774 3431
2116 201
3687 1016
4388 3107
3592 3607
3623 4119
3004 3059
855 2470
3447 3027
83 3533
2593 242
1407 581
676 375
3786 347
1250 3570
86 699
2904 819
3818 2768
2092 70
1816 1800
3448 3777
2590 1071
3591 2105
1687 2211
255 966
2095 3479
3084 3039
4140 3438
4169 1109
3648 2329
1990 589
900 927
587 460
3832 240
1670 4391
2233 2730
285 1644
657 321
3186 2263
2262 3631
2681 3452
2172 3111
2272 834
2306 342
3071 3115
459 2304
1565 915
2655 3420
554 3312
3495 3251
932 187
1709 1666
2258 1891
3301 3603
2719 2623
2943 1360
1963 1493
1721 4433
1810 4325
3470 309
2809 2627
1353 2576
2212 3638
3165 4291
144 3729
1952 2925
4497 296
3693 1553
807 3118
512 302
3250 1423
3175 2145
72 4042
3244 228
4432 2866
2761 862
3247 4449
3266 696
1933 1442
1918 4419
4180 303
2632 3474
678 115
1953 4274
1371 1990
3307 1082
3620 1197
4060 42
1560 2073
2737 3013
1509 3094
1570 1811
3481 1757
2018 1536
1651 1607
297 3590
185 227
262 3928
102 2430
904 2443
3626 4199
901 3437
4253 788
627 174
446 3116
2293 1629
4346 2238
2171 224
2403 3934
2838 3020
1530 3360
1377 2916
32 2065
2463 438
3381 3901
141 2922
3847 3016
1330 1735
1174 1892
3291 2484
73 2403
346 4077
2197 3706
2513 838
4431 2811
4433 95
3661 1096
2308 3088
721 3426
1780 706
2287 314
3145 1093
2250 2682
4291 4427
2400 2590
3194 3441
2444 1161
2939 3064
2854 1743
2375 472
438 1336
2667 1856
1917 1741
2008 542
635 49
2128 2095
1455 4470
28 1277
3930 1799
3261 204
333 3147
1061 149
3309 907
481 3051
1800 3795
4306 1650
3645 2203
3224 363
2928 3981
4425 1822
3680 900
1968 1906
4282 1482
3642 2503
34 3383
2307 1961
3516 105
1278 715
3080 4336
1176 1041
3854 1959
1288 611
1808 367
819 1139
4434 1522
206 2455
1389 652
3380 3314
3998 2770
4166 2239
3099 3342
3558 3507
1682 3043
2190 1430
1957 2594
4131 2686
3603 2119
2634 4036
2828 2640
3692 2166
4489 905
1881 1588
2094 315
3276 529
1002 1446
978 1533
2146 3190
54 2247
97 901
1280 3446
2084 3390
4186 1046
1272 4104
1268 2210
3819 3962
2325 3518
3576 2005
2264 3885
3798 3262
912 2078
3409 1683
2895 72
3902 2849
717 1243
1634 1750
1520 2797
4445 2493
3831 1156
3073 4088
3155 2516
1760 3544
3966 3308
2868 2368
1090 632
2505 148
1062 3131
3361 1047
3637 2450
1910 4285
2279 4149
3132 3214
2150 4112
940 4031
1661 476
3258 996
3050 1334
4097 4008
2340 194
933 4280
3864 765
2944 3167
3296 2383
2560 1062
2093 919
1154 2659
1291 3350
4398 60
2050 2530
2509 267
1447 2136
1662 956
4259 1530
2787 688
1837 3271
208 1881
769 3985
4465 4019
500 3101
2158 3310
2786 4022
3110 3958
2109 947
2822 3812
3114 3724
2410 1266
3718 2206
3493 1369
2075 591
1572 1175
282 3867
2453 1751
2516 1611
1106 2056
2076 2295
1350 4443
4123 1908
1036 3582
1831 243
1200 1510
4214 3176
4152 393
4250 1565
1450 4193
4226 2777
3788 1722
1871 1083
3734 3253
2779 2082
4113 2822
889 2343
3610 545
2564 1708
1555 2706
110 2753
596 2749
1956 1272
3905 1924
1151 1246
3600 483
241 1033
1027 1638
3297 1806
4289 567
1772 2586
1718 2101
771 1002
4206 4143
1150 4041
2503 3950
2937 3946
1025 2809
3791 3294
1008 535
1747 3150
466 2617
2240 1877
2471 2958
768 4205
3235 2318
3525 1966
3753 1861
3552 1978
76 2032
3499 2707
2729 1299
2455 2195
2029 2357
469 866
82 705
3387 1307
4435 3058
320 1095
409 1179
482 381
1595 1223
457 1486
3399 1427
2978 1432
939 516
4446 3221
899 3416
1756 816
2300 2964
157 2948
806 1572
3123 835
2938 22
1149 1507
1479 448
3689 3318
2699 2732
1089 2988
3000 401
3154 1804
3970 3902
603 111
4281 1992
182 1514
2221 1621
2470 2477
3599 1317
2350 3627
3669 3283
495 3498
614 1425
2037 4073
1384 2814
3094 562
3944 1476
812 1958
3895 213
994 1180
1927 3513
3627 2361
719 1896
176 1105
620 418
3556 2482
3298 914
737 1940
1086 3716
3776 215
355 1135
2027 1111
3721 4109
61 4213
1996 2871
301 830
3862 4023
2492 2416
3668 332
1734 1189
3178 277
2361 4358
782 4214
2083 1220
848 4130
4365 75
3410 1284
822 2758
2825 2933
2610 1396
762 1830
433 2208
1610 1803
112 2048
3889 4078
3064 3511
1162 1862
4004 1036
3739 3727
2724 2992
1627 1207
2020 752
2148 1919
974 2402
231 768
511 2978
1083 3412
2311 1890
3269 419
484 1630
3657 2720
204 3975
2619 511
246 2231
3118 2842
3239 3830
4045 1825
3491 4479
464 2622
3742 2155
703 3560
3259 912
1639 4368
754 1523
3805 1295
804 431
3091 244
2443 4198
2715 304
2567 1104
197 4311
1656 1368
2237 1869
2165 465
4242 2598
695 4229
1825 1206
2077 982
4391 4164
3452 191
4205 1348
2155 4138
3737 505
598 2902
3607 1647
4479 941
3329 1169
2630 3323
955 1795
2464 184
4138 4058
4137 1667
4158 2281
838 2335
4167 4423
35 4248
3474 960
1829 2168
3286 4462
2199 3191
4047 519
3230 3714
2166 4362
2687 1069
292 2568
2616 424
1633 3106
1468 232
3311 2799
2266 443
1208 1292
4230 1981
1354 1017
937 3430
3628 12
1847 3496
2712 1312
2301 4097
2005 3581
4292 4478
3483 710
503 3923
128 4170
615 2427
3698 1325
4240 1392
672 1504
3521 4037
1116 2128
3265 4145
2848 3063
2232 3333
4265 38
1298 4049
2911 1852
1696 2282
825 4156
4181 3776
1524 2929
3403 913
1122 991
2959 747
2670 1409
3508 1221
1028 2457
1242 2444
2892 3082
139 1658
1548 250
4098 2436
60 2608
1806 617
1850 1351
4413 3397
1362 2075
799 497
2512 793
4031 4090
2949 3649
1337 3957
4490 539
2600 3633
1166 3478
623 1948
2561 1447
1158 3301
3356 2472
4044 56
3673 717
3936 408
3757 2612
1346 3522
2390 3903
3917 3411
1038 3421
1075 874
4284 96
2131 1344
916 1335
2407 3661
1814 3572
2568 1039
4378 712
2884 2160
3076 3135
2230 1902
3816 2990
4090 1244
1809 4332
3072 2966
1322 1094
473 2393
1900 3732
4014 2880
470 4286
2948 2920
931 3428
2184 212
3758 1517
3456 4052
1316 4216
927 1153
2449 4442
1470 2945
1471 3213
1063 229
2510 245
3738 4294
3794 1930
1993 3921
2875 4176
375 1563
4232 200
1699 3973
2956 2152
3468 1676
1764 1754
356 455
748 976
4403 2204
1428 2367
3562 2711
1163 464
2297 2420
2205 2619
445 1528
2506 427
2288 3803
3595 1913
2565 4099
751 4100
3263 1380
1347 3517
3043 2359
2515 2054
442 1935
507 638
3445 675
2563 130
2036 1587
3279 3584
4023 2497
2651 1726
1164 922
485 3851
3416 3956
1714 2743
3009 1721
528 4447
351 3848
1964 1329
4405 255
1374 3929
1797 2821
2817 1605
2890 1876
1640 1734
1630 1333
1769 3645
3246 3779
1521 663
730 238
2781 3679
534 2131
1289 4060
4422 3075
2408 1173
801 4192
2330 4467
917 910
2562 2569
4037 226
595 1715
2861 4480
3541 2602
294 633
289 351
2740 983
323 48
1757 2045
1297 3297
2542 2332
3046 2803
2913 944
4481 2181
2722 1672
4119 949
2203 3433
3950 4197
675 4456
2795 3387
1262 799
4455 128
4193 547
4154 716
2778 4465
815 1680
1895 3739
1631 582
3964 3916
3560 554
3827 4047
147 3922
14 795
1659 2839
3405 385
260 2798
1380 3834
219 4441
2388 2701
3804 3807
2385 3169
2261 1874
1654 415
304 2666
2840 3141
3216 3304
52 2581
3003 263
2736 863
465 1617
278 1939
1004 1210
1580 790
2695 623
713 2857
1801 3932
467 4184
2785 1190
1252 3393
3062 2011
1693 1555
3806 4488
2495 4127
1215 3445
651 445
1281 1031
3019 1655
4270 3868
4462 2392
2209 973
2743 2591
2918 2000
486 2566
4189 2713
2067 3859
4258 1723
2369 357
3865 133
2648 1894
2429 800
1034 3545
4063 3662
2545 1362
2814 1952
1955 3913
277 4372
3677 4054
3393 1925
2548 3715
725 469
2706 3515
4356 1953
1127 504
330 2120
395 4142
2579 1622
647 849
800 44
860 3109
956 4089
2994 3612
4099 1326
63 1812
2827 1499
4424 771
1020 2157
1300 1140
775 1249
3676 2517
3947 3847
3671 4207
2185 3782
2859 1460
2090 1453
1072 102
3353 4044
4303 3790
1305 328
266 2387
649 3347
1383 2319
2121 2432
3802 3223
3618 3968
2289 515
2927 3500
3965 548
3454 2331
1160 1084
859 945
3036 2008
2211 992
2912 843
3450 3487
1668 1956
729 894
3918 2583
2472 4141
576 1652
1652 989
394 3047
3955 4180
4393 4096
2582 2507
1251 520
673 3032
4473 2764
3554 3315
1001 3814
4390 1535
1569 1752
2328 3690
2529 2132
4364 3861
3316 1222
1531 643
2885 4004
1676 791
302 3930
1184 2229
3273 271
1522 2388
1987 4435
450 2106
13 3550
3314 2047
2194 2721
2413 1048
2003 3124
949 610
23 929
4414 334
3927 1229
1960 4299
2462 2744
3415 1303
2524 288
687 3823
2613 2373
3574 1941
107 1361
3795 2564
1609 1872
2006 3246
64 1816
3496 1697
2663 1271
3190 906
1324 2580
223 2801
3115 3090
2641 466
1053 1129
2180 616
2183 1291
3277 3835
1348 2462
2007 4038
1518 4095
3948 859
865 1184
3376 2852
12 2366
1890 3110
2654 4152
513 745
550 580
919 4464
2841 3772
1502 3737
1839 4376
714 3053
1607 3955
2310 693
1011 1727
4402 2067
451 3698
3011 1575
3886 2997
2227 4082
4245 4326
4056 4240
93 2398
1425 311
3956 3485
1199 1196
2607 383
3700 1967
2573 3504
4051 3760
521 1003
1717 2788
3589 3656
172 1554
3197 3505
626 648
658 1241
2354 4350
1852 3940
4297 777
1942 2513
1430 1632
3328 197
2458 2083
5 3125
1147 3139
3915 2734
710 91
1326 1265
3679 289
4021 2043
3659 1525
4212 3241
177 857
3707 4189
2204 2681
3553 3741
3845 3170
2362 3954
2380 720
3053 93
736 293
1999 1758
354 4002
2292 2107
4239 1692
33 2103
4309 372
664 940
1263 2087
1424 41
961 1626
3799 2369
1533 1279
1408 2874
2484 142
1979 1234
3666 2003
1843 2180
535 904
2557 1304
137 1113
4301 911
89 382
3717 4346
802 4173
2858 1183
1357 179
4268 3502
1830 806
3814 3073
4000 1870
1807 2127
2575 181
3151 436
2142 1049
624 2646
2302 2499
3054 449
3350 1917
911 3842
3510 728
3144 882
767 1285
2224 3046
1190 2609
1259 3486
1723 6
2824 109
4070 3688
628 3840
2527 762
20 2639
248 4289
881 2616
985 4237
1514 2615
2339 1200
2704 1731
4487 1018
3205 2883
4178 3243
3371 2893
1775 1717
3335 935
1276 3547
3563 54
3500 89
243 78
1227 4490
2750 1087
3501 2843
2459 2434
791 559
1071 3050
468 3066
3826 1620
4076 3623
2758 3694
3634 3613
1702 4025
2106 409
1356 355
2963 290
2922 2688
2879 801
3931 501
861 3151
1972 249
4397 2947
991 4340
3722 845
44 4243
4483 2355
696 1032
1948 3897
1077 3637
2666 4121
3765 3817
3303 4129
1282 3295
4267 354
1449 1443
1245 934
1146 3585
3214 1529
3527 1512
2202 2191
380 268
3271 498
257 356
2377 1350
921 3174
3809 3300
846 3990
1386 3988
2604 2463
2389 2259
2119 106
3459 1056
980 2486
3987 2060
4223 331
3386 538
3624 3002
2832 1102
1094 506
158 3256
3522 959
892 319
179 3568
3177 403
4175 1275
2313 116
3105 2823
1138 825
150 4188
1307 4498
79 568
1439 2449
3476 2414
1178 1544
4028 2302
4345 709
2626 2074
3479 3596
3138 3936
2215 4079
2839 3362
4276 186
2528 2705
4156 3232
697 1947
2187 3670
3651 2084
1039 2593
843 1526
2488 39
138 2854
1052 4268
709 3038
2674 3311
3215 4035
3665 2346
2024 1028
3184 4411
656 2380
3835 2137
2192 1559
2436 588
2117 645
4036 1421
3047 3332
794 3442
3156 2068
1387 2161
4174 3863
3240 4247
162 3750
2379 2911
1153 1283
1379 3388
621 1009
1930 2401
1440 1137
654 235
1865 512
4293 920
389 2018
2465 2441
314 3425
3519 2303
1084 2636
3016 787
2396 584
3732 3152
3081 1462
2248 2672
3137 1786
3223 3127
347 4256
1107 3792
3916 916
3502 3225
1413 99
1435 3423
4080 749
981 1389
2802 4328
3141 808
1400 3865
1677 3900
755 2557
3937 3979
970 1895
2178 1702
3341 2637
4355 97
2771 337
1240 1582
4179 3260
2004 4067
1143 2022
200 3752
4343 2731
2873 3998
1136 592
1443 2020
689 467
2673 442
2460 2038
2923 2962
1706 1933
2395 3028
480 3853
4077 1321
4427 3787
541 1550
3609 125
2168 1264
2766 4407
2497 4087
1345 3171
2899 131
3039 1258
1600 1078
368 3493
3312 1810
311 921
2182 735
3726 4222
1512 2116
950 2091
4351 3578
1501 3742
2114 3119
3429 603
1954 14
2133 4253
156 3321
458 1383
750 2804
3963 994
2987 2735
2332 3528
849 3269
3803 3077
1373 3328
3875 2081
2945 4126
440 3348
3406 1474
1752 256
529 1043
2763 2844
3579 1357
3848 4203
420 4257
4029 1497
3097 3697
1496 2755
747 3871
3684 1142
3208 812
129 3624
1087 3541
1701 3196
886 2029
4002 530
2242 887
1674 3179
728 3465
4010 822
1465 1052
1568 1108
731 1746
3018 1405
1851 543
1420 965
813 68
4086 176
2299 2719
2162 2728
69 599
1778 3619
2733 3677
361 4440
99 3824
348 975
816 1659
3685 3263
2834 4070
1683 1035
1594 4001
1474 2772
4416 237
1301 4185
1026 3510
3327 193
4429 4123
4499 73
564 1768
2291 2704
3158 4319
1308 4108
153 358
875 3554
1009 84
4444 886
1355 3146
3531 1928
2756 2783
1409 641
958 2351
1896 4450
74 4394
2364 649
3898 4457
1913 634
2108 1601
1266 156
3152 2138
2303 2896
858 3448
2865 4026
522 2058
2628 2658
3349 2196
170 3164
1823 2184
3530 2747
49 2519
2081 275
96 1419
2915 3344
1415 120
3390 2126
1463 1921
1336 1775
3616 1998
2263 1422
3059 3793
3662 2460
4210 1613
3719 3391
1746 2130
3462 3997
326 2314
159 1163
3572 1403
114 3349
4043 1215
4142 3153
471 1398
3484 65
2749 1393
763 74
2792 2766
3771 876
4182 1301
2098 1340
504 1725
1725 1356
613 2961
10 2864
2025 3018
1273 2064
3108 612
3257 1273
688 933
891 2114
300 1641
832 1171
2748 2262
2290 1469
4308 1314
1648 685
3625 2850
299 2932
2572 4354
510 1274
1872 1700
1279 2296
151 1468
4018 909
3705 1057
792 2028
1394 282
993 4474
1884 3473
1577 3788
3844 2350
1638 646
641 46
2642 3083
261 3718
2649 697
4482 3802
1121 1539
91 3206
925 4128
1506 4323
274 2887
1125 1929
3007 3667
1766 2606
3234 76
3933 1384
2776 4408
4127 2426
3407 4062
3346 3048
1043 1088
3068 1366
1817 4317
3957 1260
4155 671
92 2510
2916 272
3513 3001
3168 281
3686 2670
3446 3754
640 3265
4105 1976
2277 1365
472 386
1755 3811
1783 931
4387 2935
726 26
935 2347
758 4429
1144 3639
2662 3691
3440 2140
4478 521
2186 167
2886 514
2973 2718
2650 3192
2216 119
2333 3978
2283 1801
2049 2918
2686 3081
283 500
1733 2520
4125 2298
71 1665
1141 950
432 2578
1547 1256
2276 2183
1689 3887
3568 810
3364 3121
1958 3655
1612 1564
2594 3098
834 587
2198 2378
2111 3683
3729 440
3441 4397
783 1437
498 1987
1982 2994
4213 3652
142 2041
3389 283
3066 3512
1015 158
872 3987
895 2926
4441 3250
3638 1125
4215 1848
1821 1875
2113 251
3551 2650
1596 3854
3746 553
988 4204
1264 2100
349 609
2791 2910
1849 1358
3 3744
2847 150
1947 681
3031 211
3324 2149
1167 3931
4439 3874
3183 4315
3427 3658
1293 4380
2275 4335
2317 4309
3867 3689
1859 2905
1437 3982
4162 3096
1320 2934
2467 4084
1102 2696
3860 650
4469 482
2672 489
979 2573
2744 1219
4129 1338
3302 1022
797 1217
2734 2643
4050 1945
2876 3363
3435 3352
2373 1813
1938 836
2869 3460
3523 858
105 3884
4134 3267
1583 2716
1803 1579
3546 1567
3198 869
1779 92
3253 1679
506 2872
1339 3947
250 1167
926 183
976 2251
1304 2542
427 3309
393 3277
1724 117
920 1709
4411 147
659 4234
532 1188
1737 2528
168 4225
1998 3052
938 2677
565 8
454 1631
374 968
3974 2742
3219 146
3702 352
3015 1007
3232 3313
1006 2684
663 3687
2406 1006
4211 3646
1477 2256
1056 3209
2887 4400
665 1370
839 2088
2580 3642
2430 4475
1626 2395
508 936
1459 3525
2775 3743
1559 4154
2245 1165
505 1339
1485 1635
3374 343
2708 680
4067 4438
2014 3231
1197 3459
3471 2144
1945 2879
2104 2072
4466 2017
686 3015
668 219
46 3161
1206 980
175 3734
3430 4083
1750 4223
344 2345
1445 1024
1586 1159
4102 618
3577 3195
222 3201
2685 718
557 3377
1767 2695
1511 3911
2414 4238
3439 2977
95 1796
4039 2121
2140 4425
109 2936
1877 2942
4436 635
2249 4337
2980 2631
1048 3769
3582 924
971 1373
1671 3529
3869 192
2645 3392
2889 4045
2862 2489
4161 2912
264 3346
477 1934
3267 336
3083 4378
2797 1636
2423 2046
3070 3103
1961 3149
398 4406
3584 3881
2953 4120
1941 2178
3148 3469
1065 563
3274 4210
2096 2579
3182 2466
609 3071
770 2781
727 3467
3206 2545
4420 2277
2480 3781
1480 841
332 2537
1381 2324
3326 180
1973 31
3967 4186
131 665
3074 2235
1331 4482
2566 1341
3709 3281
3413 2522
571 33
556 2989
3334 1566
567 2894
2046 173
3524 2244
2034 3960
4298 3999
3033 4215
2653 4387
1 2086
3688 740
3670 2122
2713 2199
3343 3980
2000 1247
1789 3337
2747 746
1232 1230
4126 1654
1099 4208
1319 2019
24 3597
127 595
2907 2511
1515 2754
701 2951
882 2725
3884 1984
1861 3678
1991 1121
2431 3138
3654 3676
2253 4283
271 4499
2391 1747
1614 4114
1302 1971
2286 3583
716 2808
4468 1480
3887 1127
3173 1157
453 4028
337 3611
1286 615
1712 1736
2720 619
3682 3621
1218 236
2646 4195
4032 2377
3221 62
679 1549
4115 2010
1688 3831
3934 3166
2144 3657
1694 1989
3254 3204
1657 2943
3612 480
4382 4124
3912 824
856 621
3909 3532
1857 957
2304 833
699 2478
2072 1845
4333 1192
1311 98
4058 2437
3727 3640
1537 1730
1369 155
2337 110
437 4027
1838 2276
1708 2177
837 4239
2189 3276
1729 1719
1179 171
4401 2141
3139 566
4255 4398
586 4367
795 3266
3877 2439
3164 1541
3352 1814
2816 2998
4317 3193
4300 1319
777 4158
2030 893
3200 770
2682 2939
275 2642
2716 2647
2984 3829
3079 2419
111 2418
369 2461
3743 1737
3423 3113
1500 558
3369 1508
2532 607
4027 875
3748 4091
2857 433
732 3707
4395 3850
4290 1857
1486 1424
350 2004
2901 3100
2252 3894
4192 4273
1269 4279
3238 1779
193 1543
3760 1765
561 2286
516 1070
3520 1838
4217 1124
2511 4201
1241 569
1258 3006
3458 1313
3146 4209
3796 2708
2363 3080
1905 3490
4428 2680
555 3492
4204 3892
4085 502
1191 701
422 2993
106 3879
2342 2863
3438 447
2124 5
2970 231
1140 4265
2818 257
1340 345
4375 2644
3260 2458
1934 2836
1481 3306
1845 1282
2982 2529
2323 3797
552 67
4361 2163
592 1391
1529 2118
1080 3843
2500 4137
2278 2999
448 4495
1137 2153
1188 1119
2644 4461
907 3282
972 205
126 597
237 3215
1854 1537
3526 1761
406 4074
2438 496
4083 789
3089 4103
2725 2227
4458 348
2986 325
3639 1714
2844 1887
4385 4013
2752 2524
4030 1013
2177 4377
2493 1936
1552 335
1410 3499
2823 1527
1904 4383
826 4007
1513 3755
3231 729
1405 2386
1919 3996
1456 1185
1545 322
585 269
2623 1879
48 2104
3321 1557
781 1298
1003 3484
2402 4415
3475 2033
2238 3825
3820 4231
924 1681
2702 3130
1666 889
2483 4140
2919 2914
2336 1609
3766 307
3021 3864
2376 1261
579 3606
2757 3948
1335 831
992 969
3300 813
3999 1337
1165 3049
447 557
3773 767
3747 2219
3032 3891
1271 1790
1906 524
387 3804
125 1707
216 3229
3363 647
4472 2156
2614 2985
1329 1960
462 2796
2881 1850
2741 3010
38 2538
1710 1982
270 826
305 481
879 1689
2080 3856
4447 1977
2624 101
3943 4116
531 961
3674 2953
4055 1777
3306 4106
4287 484
1493 4065
2556 2446
357 1300
4130 3404
174 4233
4108 4455
720 2328
862 3489
3597 1077
3287 4405
1454 2940
1427 1411
698 3128
2320 1970
2254 127
3237 444
1551 1431
3606 2665
2015 1371
3859 1063
1332 1372
4190 2853
1315 3422
2494 1354
1277 4430
2538 4244
4275 2805
2639 3458
310 2549
1556 3937
590 1212
4277 1448
1911 2490
2314 499
325 2495
2620 879
3593 3509
3466 1740
4159 402
117 3307
1628 1059
811 1705
4437 3403
2047 136
540 4200
2244 1315
4207 3759
2173 3591
3724 3917
307 3099
2974 2611
3735 3938
2753 1836
1499 1385
3482 3992
169 1732
2499 2424
1287 1250
1672 3261
385 2620
2341 1227
3932 4107
1452 2230
3792 2882
1168 3531
1207 2626
3385 4379
4073 1589
3196 1098
692 3089
2700 79
426 3173
2660 3248
2442 3379
1653 3774
1451 346
735 3941
3417 1287
4285 1670
1429 3650
1949 2873
1697 230
3465 2294
424 3579
1869 3878
3433 848
2800 2714
3529 3546
1363 2908
2208 2829
27 1465
3708 301
1462 3274
1054 1290
3317 3588
1367 19
2010 4269
4026 2858
4171 422
896 2044
2040 679
3821 492
3217 508
66 917
1862 87
1029 370
2486 3559
3632 4000
149 3786
171 1045
2999 3200
1364 759
3511 657
2229 1501
3272 3819
681 952
3532 676
4261 601
853 4003
377 391
2882 1178
588 3054
1562 3524
1237 1408
4228 1594
3838 1232
2324 2787
1812 2778
2683 2311
3778 246
3992 4468
3069 1472
1504 2411
2549 4389
3763 2527
2322 732
983 4245
1217 1548
765 4399
3028 1561
863 1027
977 2412
4273 2129
4421 1387
67 4153
706 2968
821 3818
3824 3609
4198 3536
547 86
59 310
1975 3625
989 2515
2955 522
0 2200
606 4338
527 2660
2265 3355
3013 10
3086 2052
3367 2192
1156 104
2908 61
15 3005
1108 3778
251 2525
4331 2751
2891 3780
1195 2652
2855 3078
2032 2352
2482 2898
400 4333
2696 4393
1748 958
3839 1328
3919 2724
384 4412
1615 1791
2807 2098
2196 1974
2387 3188
3575 4085
2446 1767
2474 3341
3210 2965
3322 1320
403 2216
594 493
410 870
4280 1255
582 2223
1432 656
2883 1577
1965 2349
4475 1597
4358 3185
2769 3927
1655 1637
4461 208
4209 2919
3396 3198
1079 2316
3360 3182
828 1205
2611 3400
1069 11
634 3801
4321 1064
113 3055
3566 3145
2401 4471
4305 1633
1864 1503
388 573
3037 4364
3472 2376
4264 510
4100 943
2690 4392
2997 1075
3861 1693
3313 3482
1822 2381
608 2030
4327 1903
2718 1774
4235 160
3641 410
3871 4486
3388 2226
1390 1388
3437 3268
2103 3389
2967 786
3660 2189
1292 3270
3191 1294
1098 2540
2247 406
1338 4232
100 4178
4116 1378
887 2833
4101 1657
4052 1429
4143 4071
1044 2972
568 809
4495 4366
1731 4361
780 586
894 4
2768 1297
3544 1363
3442 3735
4072 2521
4093 3440
1978 3409
1765 3023
4216 3984
4046 2480
786 644
4369 3021
2772 620
1503 2327
3487 1897
1698 1625
3935 3394
327 3806
1846 4050
1584 4493
1078 4302
287 2607
3305 3538
1754 1458
4049 2390
2255 1853
43 2291
2417 2050
3420 667
968 2034
4136 3993
2374 3236
2440 2759
4238 817
4247 259
303 2596
3362 77
2553 2813
3109 727
2677 3371
1444 1483
584 285
2850 3133
3436 2523
1220 544
789 3279
3318 1910
1267 1029
3879 2123
898 2372
1711 798
416 579
4008 3317
256 2501
1313 1166
1623 1346
1101 446
1591 722
3578 3085
705 998
3904 3904
4241 1177
2201 1144
1576 4055
2058 2487
1571 4250
4362 1828
1799 417
962 4322
4464 1995
1589 3070
1223 970
3951 4235
2595 668
334 1455
742 2981
3281 1898
3477 3062
3431 1851
2894 4330
566 2323
1770 2285
3366 2906
3488 2907
2831 1477
429 1473
2698 4417
746 2915
2273 1648
1878 1484
562 3424
3587 326
1525 3345
494 1122
724 2253
2537 1844
135 3534
4377 1997
3119 4148
3262 2923
4363 1720
2621 188
1818 2741
2235 3693
3055 738
2536 2293
2129 2973
2826 4117
3690 1602
3890 902
3241 1213
2218 2589
371 2786
1907 1416
9 4355
2485 773
365 3745
2796 1495
2013 437
75 426
2382 2002
65 3358
2432 2317
4409 3447
2394 2674
249 2802
805 1916
3189 1585
4400 1248
3752 2983
4448 2776
1244 2697
2570 253
362 452
3211 394
3608 2956
425 550
1882 2733
3785 2769
2633 2175
1681 2574
2508 2301
945 1789
2635 2250
363 1015
2477 1900
1785 692
1642 2024
1058 3501
1325 2795
1123 1270
195 1839
2257 4175
1198 2337
964 2150
548 764
2701 995
2082 333
45 3180
2815 686
1457 1531
2872 3183
2136 85
1411 4445
2451 4006
1111 15
1221 1364
1643 2483
3990 4221
269 1784
3540 3914
2550 396
16 2582
4202 2892
1110 4385
492 2572
1224 3357
1376 4056
1498 4303
1231 2409
412 664
952 1276
3398 3143
2331 3102
2028 552
4147 3695
1988 1699
136 840
1543 1733
3379 34
2226 984
1828 3165
373 4321
2061 260
3907 631
391 3628
3469 2793
1133 2473
577 4228
4025 2465
2378 1012
1159 1053
2064 1627
3770 2037
4081 2727
407 376
1402 1044
4194 475
1438 797
2085 2577
3167 3210
2710 2628
430 3454
3227 2146
3598 1471
4078 2559
2356 4371
2223 2365
3505 1509
779 1020
376 2870
2012 2835
3703 4086
618 4414
2897 2070
604 3364
479 2139
759 4348
545 1686
1826 1986
3408 4069
3348 103
3857 3003
3761 895
987 683
4084 1867
3652 4318
4294 453
2466 534
3222 2649
1234 708
1645 461
201 877
4170 3959
3658 1782
4302 2506
41 1498
3030 2428
2764 3906
553 811
1115 2889
946 3756
3812 832
81 1490
4066 2834
2717 3910
2035 459
3841 368
4132 2026
690 1518
58 3569
3846 3120
1017 1134
3980 1214
4109 2996
3288 1420
3565 3953
3710 2431
2420 2096
2903 397
808 3334
3001 1311
2531 1698
2132 602
2767 3212
4392 3542
3928 3886
2309 1583
2448 1819
1183 938
3373 3076
3355 2654
760 420
3278 503
343 3114
247 122
2456 4014
2357 4064
2055 2694
1035 827
2051 329
4493 2237
3636 3514
3096 2794
2622 3203
3067 2903
4053 3401
776 4072
3157 4101
4075 1322
194 4422
4074 1001
953 2976
4295 3330
312 3731
3351 3104
2507 677
543 379
1109 4133
3426 4212
3772 1254
1588 3137
4278 210
680 3924
639 670
316 2938
3977 3376
245 606
2274 2283
2504 4375
3169 702
1763 118
922 3586
3147 3551
2684 881
1442 3338
17 1664
2060 1263
2163 3373
220 3905
1592 2669
1527 3893
637 1061
3497 4487
281 4281
2105 3336
890 3557
3162 1829
3424 3402
154 1240
2995 1911
842 2389
3024 435
4477 3291
1484 1578
3580 3370
1351 1464
4107 4314
148 1568
2636 2869
3345 518
2830 990
3034 1574
1726 254
2533 114
4488 2599
3368 1624
1798 287
4201 3407
1593 273
2123 653
1805 4194
1887 1538
2392 2963
1898 3577
3358 3244
234 3305
55 2197
3852 3012
1037 90
1519 2838
2023 2422
4438 2634
1372 1496
3372 2429
923 3331
3161 300
1536 1176
1370 1724
1295 2621
3128 3561
94 166
642 1593
3443 1643
908 407
1673 3444
4423 4267
3332 556
3614 1375
1606 1878
2284 4287
3663 3708
3823 3552
1744 3719
1874 2536
648 1494
524 1226
4165 4168
3959 1343
1983 3733
3176 2051
2086 2013
50 532
1792 3527
3129 471
2992 985
3768 2248
1669 1181
1611 306
3075 1962
1585 4134
3713 2846
3463 2111
2584 3963
3093 1674
3545 2151
711 3574
3320 4432
600 2370
2368 4260
2461 2885
4408 3369
2793 888
4118 666
3720 2061
3395 2407
4112 1661
3837 1980
4033 1148
2097 2391
910 3815
37 316
2110 792
2220 963
4111 3564
752 2633
3958 3366
213 2819
1969 974
3290 4010
4491 1711
3756 66
1368 4296
1804 3665
906 3965
313 1581
1018 3329
941 3439
866 2817
2099 2917
3586 2036
2551 3747
4096 2476
1931 83
3035 2338
1328 3526
2853 814
2437 2789
798 3184
2709 2077
708 3290
1790 2950
2434 4219
2017 754
929 4496
1219 126
685 20
1431 640
2983 2423
1811 3327
2788 1466
3646 4020
2156 429
4344 3601
1842 494
3873 2031
3728 151
291 4226
2957 3775
3764 533
2606 1975
2367 2941
2469 248
3195 2685
3754 1502
421 1406
4016 695
1866 4404
3672 3573
3434 2172
2829 636
2705 776
633 598
984 2471
1703 1656
3048 2726
2243 3896
3929 928
1835 1815
2694 313
3414 1452
3375 3890
1528 2342
2088 3944
4314 487
2175 1988
4019 2736
173 214
1214 1511
3056 2012
1650 4206
3767 4040
238 1305
460 4439
2852 3883
3121 3483
3331 1463
784 1615
1867 2448
3226 1914
2305 3160
3489 721
3078 1591
2370 2909
3512 654
4208 1580
3894 2952
2145 4270
4103 4263
2251 1640
1771 2397
1057 4390
2888 3899
753 3543
3539 4211
490 4272
3731 3664
2043 3986
1021 2588
2157 4448
2637 1086
1022 1918
133 594
1417 28
1118 3728
1667 578
2296 3644
1541 216
3391 1614
3810 2094
3714 864
47 4230
1833 1899
2115 2812
563 2228
3402 2975
2833 4492
864 3302
1505 3558
2125 2224
1901 2167
3744 772
4061 2027
871 2467
4244 3042
1832 4343
3952 846
3783 1110
497 3647
3872 3784
3203 4157
4266 3675
2519 1675
1209 891
1088 178
331 2185
4176 3284
2932 3472
198 27
852 2165
2421 3942
2411 185
4313 1532
2167 2069
68 821
2267 3751
1796 4416
1740 896
4470 1500
2468 1402
3797 2779
192 2531
4117 763
3649 4494
2502 2884
3535 2133
1730 2205
2820 794
1131 2447
1820 818
2161 1685
1201 2782
3486 4016
824 2897
2222 842
4144 3339
3615 2760
1236 4048
196 1117
3464 2307
670 3530
3982 1331
3124 4401
2755 4373
4139 124
4337 2364
3455 1316
1210 2171
1989 43
2031 4370
3908 3519
7 113
3181 3222
2191 2310
2026 4320
2723 852
164 4011
1929 1327
3428 1712
3179 3374
4442 2080
3896 312
1211 3764
712 1186
2318 159
2069 339
1713 2877
2540 1738
652 1106
2958 880
3498 1888
19 2543
869 733
4122 2417
3212 477
2631 3470
4220 3156
4340 2362
2721 3129
1590 1864
2127 4017
2130 898
4459 2552
4286 4386
2998 1562
3180 769
1636 365
4347 3908
1664 1238
3954 541
268 2089
2629 1199
3060 3132
3130 2375
3969 4418
488 2193
3292 2312
3264 2876
414 2001
2835 4264
3248 1193
3201 1257
1635 1893
4071 3219
1679 218
3604 1646
3777 2715
2068 1793
4452 4093
578 490
118 1267
1436 3218
3049 829
121 4484
439 478
1625 3449
3619 2496
3025 4365
3825 1770
1720 860
1359 967
2546 384
3014 2042
341 937
1691 865
155 2851
2294 726
1309 3836
1097 855
1404 2638
1490 3457
4168 751
3921 1055
3509 1489
2559 3562
2866 3907
1742 395
2425 4485
655 47
3635 3385
298 760
3997 137
4366 1818
4480 284
2836 3961
3304 2246
1045 897
352 1964
496 3296
2617 3168
3740 639
1182 3808
2679 629
1680 1355
1926 3230
3653 2258
4451 2974
188 2790
605 1174
2856 4324
199 3855
2609 2825
1813 2632
966 1449
40 4489
3751 1781
3275 338
3347 2109
2033 1843
30 993
700 2233
3397 3575
4057 4125
2349 1619
1204 3618
236 2826
4322 2006
1613 1576
399 2404
2754 2290
116 1671
1759 2859
474 279
2138 2488
1042 1233
2490 1318
1517 1938
572 1187
3923 3068
3564 414
1013 2762
1192 16
4252 1759
1616 3720
948 3372
3880 1866
3199 1540
226 2702
3813 1492
3133 4018
2491 1748
2153 3785
2073 2305
4069 565
2592 3382
1360 873
2149 3354
3694 4282
1426 2901
1579 2740
1194 1944
456 3713
3460 3877
2126 2249
3422 3343
2664 2775
1453 3408
4011 2456
1187 3093
1120 4363
1126 2308
3100 4162
8 2245
90 3738
1526 3828
3040 1546
2893 1236
1358 4410
3650 2102
4329 4334
2315 3726
3822 4460
3901 3108
2581 3898
718 3252
4224 1994
2001 674
1554 2560
1014 360
1844 341
597 2827
772 3443
308 1688
3891 1269
2358 1280
4443 3949
2896 423
353 1596
3985 2374
3968 1073
4371 2405
2321 3367
345 608
1573 2971
847 3235
1601 2865
3515 2498
2478 3827
29 1809
4012 3273
4256 3154
1422 139
2239 2791
263 2115
408 3969
2574 1136
2164 555
1318 549
1124 2546
3020 145
2544 3951
3404 1753
1421 4227
2039 2202
2804 1628
2950 1103
160 3674
2731 1252
2898 948
3986 3540
2586 4307
2874 3275
2384 2563
1912 4374
1343 1756
210 761
610 1011
1937 3703
4048 1160
1148 2891
3065 1126
2343 1417
4195 2676
1870 1042
902 2142
4440 3549
4094 4046
1647 1653
254 3523
3725 1349
1922 3019
778 4033
1916 4146
165 2079
2228 3475
3984 753
2843 1817
1306 2984
2366 4469
2961 3140
1986 1695
2312 2188
4110 2881
520 1592
293 2481
2270 2348
3140 3766
2112 4451
1074 2336
224 3242
493 3725
4038 1999
359 2539
4196 495
1885 1058
3830 2671
1873 1860
694 1467
4041 4403
1189 1450
1602 1478
390 57
2591 2353
3103 320
1782 844
2489 4402
1157 4300
3022 3671
1581 4166
3774 3926
232 3974
1066 1118
986 1957
1685 2505
3023 4259
4386 3418
2669 3468
2577 3378
2009 2603
235 3453
653 823
3451 1696
3533 1288
607 4177
1261 4202
4304 485
1507 1604
2555 154
3467 1459
3172 1436
252 1235
2837 3964
1100 2379
1617 2856
684 2913
1012 3681
124 3069
187 4135
3926 3298
1256 4356
423 2567
3605 1195
3315 1616
840 4057
322 2845
936 1158
1257 2474
1112 4477
4088 4360
3284 50
4360 2040
2426 399
1939 4262
2214 2207
2914 4076
4318 2709
2726 1912
3617 604
3882 803
221 2867
70 13
829 1155
2454 2007
3960 3199
1416 405
2541 1780
2427 1434
2801 1766
990 1837
306 1107
1222 1382
2583 2384
11 2555
1260 1884
3784 2562
3255 3285
3557 3789
455 4061
1135 1242
1392 1608
4133 2464
4310 1923
452 4032
3534 3626
4353 3405
2053 3060
1599 3325
1476 4053
1758 517
2207 3701
1875 626
1010 3
3453 2533
3280 2108
1448 766
2962 4190
2946 428
1303 317
2964 52
857 628
4007 4444
1323 3178
1047 4446
2169 3672
2917 1407
340 4098
3077 3841
189 3705
3492 2212
1761 2135
660 4224
1692 1612
2693 878
4419 4476
3855 1397
3547 2556
244 3494
2326 1116
2933 2468
1879 165
2842 871
2599 2076
2910 724
2335 2585
2501 3684
1226 3663
519 2921
1749 3461
2860 1787
4095 2675
715 513
2338 4339
4453 925
583 1132
3715 3765
203 2550
691 1010
3102 744
166 2635
1483 3799
1649 1133
2638 939
4251 2134
132 4241
2063 3450
631 2930
3051 1076
2271 1440
835 3163
4476 734
3681 3417
382 673
3745 3286
4225 3682
3678 4115
2522 1824
4320 2832
1935 4352
1549 551
4283 3227
3858 3435
1728 4347
104 669
2851 3516
2952 2565
1382 1841
1962 942
4042 1840
3741 2147
3514 3610
3537 3643
4381 3614
1678 2840
2867 163
3480 132
1051 4220
4349 3239
3849 318
1103 1826
3012 3967
3002 1000
3972 731
1414 361
2100 1943
1067 3220
56 1038
2812 2970
957 2752
3588 1182
661 4122
2977 3587
2481 1404
4323 2738
2981 2288
3142 4271
2195 867
4128 3866
2602 596
1819 2309
31 2895
489 3034
2929 2194
4177 488
3204 3257
2585 1021
3878 1209
3567 2341
4332 1037
2900 3399
1553 69
1920 1143
2225 1915
1290 2413
905 2445
2457 2509
3213 2059
1000 932
2159 2179
2990 703
995 4172
212 2099
809 1551
1170 2667
820 853
3026 1485
2188 2025
1391 3017
1366 756
1046 2124
1736 1728
2596 540
599 241
2598 2847
3811 1820
2445 1797
18 1008
1994 2187
2139 2868
3188 3870
78 3711
616 546
2665 804
152 2771
4456 2784
1005 2382
2692 3122
4191 2662
2065 2321
601 2861
4339 1085
996 170
1216 2154
1791 1996
574 21
4315 977
4222 2645
589 3659
3528 3011
1946 3860
4003 3556
3697 3598
1841 3074
3996 3858
85 4147
1753 3920
328 661
3187 4426
4229 175
666 4431
2002 2954
3787 3668
1735 3398
1433 3849
1815 411
3057 723
4383 698
36 4094
913 261
3630 2625
650 527
2371 2435
2399 1101
4200 29
1321 4428
443 1034
2676 2837
1997 3919
1719 3736
3061 739
360 3757
211 3480
3085 2452
3252 3095
143 2255
2678 847
2473 3616
3421 2236
290 1909
1196 3794
1393 359
338 4163
463 3087
2703 2700
1751 2544
1840 4277
1246 2629
2498 2354
3555 1040
145 3249
3251 3506
4449 971
2038 1524
1175 141
4376 719
1095 3615
830 1386
4054 3873
2352 4030
3116 3565
3815 1645
734 2053
2282 308
803 2570
1950 3939
3228 2209
2344 35
1249 1542
209 3692
4141 918
4135 1377
1858 3429
2587 1827
667 234
4374 4472
3631 199
3377 3651
593 2066
3749 1831
2176 4029
1469 1951
4120 3730
3828 3805
965 4139
3401 837
3548 4459
741 4246
1928 2927
2412 3600
625 828
3647 9
2968 780
1970 1931
3897 1954
3602 1718
2870 690
392 45
1827 1713
549 2221
3723 2995
1019 2260
309 3247
2011 53
3432 2092
1629 1151
4243 4313
3243 1687
415 1584
1296 2991
885 2693
3149 1
757 3768
3041 3466
2688 292
3925 2148
4079 1985
1134 3056
2102 421
417 3326
1177 2284
2920 3872
4373 1883
4407 890
814 4105
2746 1682
4396 2143
317 63
4307 196
1023 3181
533 1886
4341 4179
108 3758
2742 1225
3781 2275
2217 2063
2680 2526
1566 997
1060 1558
3113 3324
2280 2739
2439 2220
3236 450
2989 2816
2514 434
3973 3555
1113 2828
4059 583
509 3237
4040 3620
2042 3187
3712 299
1856 2339
2714 704
3134 2689
575 3882
854 655
2966 3224
1342 1310
3581 3004
2386 2855
1494 3648
2360 1026
2668 2410
619 2900
2691 2016
1984 3157
3150 1663
2381 3994
3294 3605
1932 2982
3801 340
1738 856
3518 3952
2941 3723
1171 1873
2799 2394
4104 3158
2475 2334
3691 152
3543 463
3095 758
3092 3287
3622 3272
2925 1600
2428 1293
2078 2159
3027 4382
874 392
3899 2687
184 2535
1574 3571
1899 854
909 1268
122 58
87 1969
3807 2320
4492 3045
1966 209
2991 3037
146 239
2554 1067
1892 32
1161 4381
4486 637
475 1239
1403 1470
4221 1253
2790 4261
867 2547
4034 1306
764 3746
785 1092
336 964
3087 479
845 3159
2193 456
2808 2222
3490 3971
3485 3918
4311 1054
1539 802
3683 2055
2134 3838
2521 3602
559 3451
4164 4308
1419 3205
3978 3976
383 1764
570 2987
4249 2558
1855 1904
1132 2664
841 2213
4319 2656
738 3630
2924 1520
1283 1150
1024 2440
2547 1352
539 198
3504 3477
1516 2090
2319 1926
1378 713
2675 781
478 1763
3640 1131
4336 1716
530 2085
4163 1669
3411 2306
893 2021
3883 1198
1119 2009
1352 3749
3117 3029
1880 2890
2727 121
3338 398
1540 3065
4368 1963
4498 593
2041 3767
2057 1441
612 3888
449 2442
514 3008
1624 4252
2416 64
3339 1749
2 1949
3664 1677
3310 3995
951 2433
3220 4021
1802 711
3953 2729
581 3207
4279 3097
3159 1154
4359 1668
1049 4284
4357 3365
749 3704
2170 387
1418 1922
1203 1821
4494 2198
3656 3844
2143 1379
999 3040
2048 3361
1824 3629
3461 1571
3193 4396
1889 2661
1788 576
2347 1513
2770 585
161 1080
1894 182
3163 2810
3569 3026
3975 400
1777 3194
3233 276
3601 389
1557 1649
3494 1744
2231 3455
315 1979
3218 2240
4328 1245
1460 2641
787 4276
3856 972
3870 4345
2152 4043
1716 2243
1510 892
3716 330
4326 2815
2359 2690
1478 2408
2647 3057
88 2848
183 4005
2056 1932
2393 1792
4006 262
4184 3846
288 2959
295 4169
1180 3933
2122 3762
4367 1413
1891 4165
140 3925
4172 660
2120 1218
1535 454
321 1515
669 1081
1032 903
4145 3696
2268 3067
3010 2750
2526 4297
258 4290
1235 2225
3394 2201
1230 3783
4471 1115
1310 2415
4017 2330
1923 1309
1225 1289
4271 3641
2281 1556
239 3880
1064 784
4426 2035
2409 3660
276 3686
638 3414
205 100
2979 3280
3911 742
1924 1569
1637 129
4399 2937
4379 988
817 1415
831 3822
3299 2597
4467 600
4384 1202
2739 1983
1155 962
3090 605
1564 3508
2059 3761
1229 378
844 2710
704 3977
4394 4409
3914 3292
2530 3406
4417 82
1886 1807
2487 4497
850 2780
3994 3604
1172 4080
2625 2980
1995 3909
178 3845
202 3991
476 37
2517 1381
2523 778
1093 4331
3893 1595
959 2592
3962 2785
1690 4118
3449 4066
1299 926
4352 3912
4484 3773
644 2692
51 3666
4114 153
876 3567
3052 1014
4272 349
3775 4453
1128 564
3655 1678
2147 2287
3384 4155
120 1570
2777 3699
402 4327
103 2683
2789 1849
3851 1905
982 3763
573 264
997 1573
296 1880
1762 4039
3333 135
242 4182
2210 3117
3340 1410
1605 2946
2689 2186
2236 979
2045 3289
2846 3177
4274 2344
364 3136
1632 574
884 1606
273 4298
3418 1950
1863 2575
617 220
4068 2406
2940 3595
2206 474
2601 1145
1472 1805
2450 1907
436 1865
4338 2904
2871 528
2447 172
2397 730
3583 4218
4457 1428
1238 2356
1663 1868
1893 923
2345 1050
229 2280
366 861
1139 1418
267 1208
3344 1114
1563 1367
4418 805
3979 24
4485 217
3800 3589
1715 195
4150 2699
1169 1505
1604 1164
636 3259
1532 850
230 4295
3166 3852
3946 3943
4020 4481
1542 2831
3836 1457
1497 2886
4237 2818
1940 94
4153 4357
1059 3092
1971 3599
1732 3970
3101 3456
2993 2300
1660 1203
2697 3211
379 1560
1902 572
870 3521
2935 2969
2760 1618
1096 2279
3874 1456
883 1846
1085 1521
3005 4075
518 2292
740 3471
1441 3105
181 323
1461 3436
4354 1889
2346 2820
3939 4329
3940 1739
1193 4144
3112 265
2496 3024
3863 4113
1784 4160
4348 4102
2571 4341
723 2252
1205 1920
1523 2241
1776 2170
191 953
4463 55
2960 1146
134 3740
4406 3800
2615 3566
1959 468
2942 2698
2659 3091
1743 1590
3392 3036
745 2899
434 3875
2089 1439
1333 2315
253 3142
4410 1769
4316 369
544 2257
3256 3112
2479 1479
1016 2469
2021 1323
1270 2554
2372 3821
4106 294
2864 981
707 3535
1489 4217
525 2878
3850 883
2762 291
2295 123
1247 4258
2627 3636
2954 3413
2044 1968
227 2425
1868 473
280 2512
1597 1833
2877 4110
2355 2164
2661 1742
3478 899
3733 3594
2863 3033
3594 748
1473 327
2298 4131
1312 2663
2558 1051
2821 3254
3419 3123
2062 1662
2819 2806
2569 930
2732 1703
386 4466
2052 2518
1395 1091
2200 1835
3160 1993
602 2532
4219 3322
4091 1211
1550 4183
3949 4249
318 1128
397 613
3342 868
2418 1534
788 796
3473 1798
3876 4305
3283 2049
3517 4342
2329 2325
1344 4491
3790 2242
2141 2648
1334 2548
671 4434
3538 3635
62 3359
2976 3857
4430 2057
3571 2955
2652 3293
1980 1019
413 2668
259 4151
3282 2807
3098 390
3506 4136
4173 3685
3922 1065
4299 1004
722 3031
1396 404
2019 470
4325 872
4183 1308
3045 3381
4269 2097
1834 4463
4148 614
4203 1191
2151 2110
4185 2737
1598 3876
2101 2800
3885 2093
3829 3335
632 4174
1908 3869
101 3316
1294 1074
591 3717
1914 1097
2618 2600
2070 1972
1686 672
969 1885
1675 1079
3038 3820
3976 3983
265 364
4372 590
2597 3217
3834 3172
3621 223
1285 3340
6 1454
3866 1123
431 4388
3285 1660
502 108
1704 457
3590 18
3780 3839
1848 2176
1981 3264
761 1552
1561 4473
1202 4059
4260 1842
2576 908
3323 755
499 2117
2643 2756
2365 3497
3357 1060
3993 1400
2906 416
3991 2454
225 144
1925 1089
1152 570
517 3255
1482 3144
3644 3007
3675 782
833 2624
2154 295
880 1259
1114 3915
3336 2960
1265 1488
1936 1401
4236 3464
3971 2399
3704 4420
2404 659
682 3086
4087 3972
1646 138
2931 3278
888 1461
975 1519
2589 3810
4257 2541
3611 1112
3293 1788
3153 3798
2947 3186
3840 3700
1117 4063
4350 134
1705 2014
370 725
967 1755
2783 2830
580 987
1722 3710
1794 1701
4197 2270
3249 1376
2422 714
1033 3796
1412 575
2612 1353
3082 3826
3888 3238
1458 1394
335 1704
1104 2214
3570 1847
1212 807
773 1090
1883 4293
26 537
963 2613
1314 190
3706 1859
4312 1194
2996 3608
3643 3966
2327 344
2784 1330
4248 451
1684 2125
1145 140
733 3368
1488 462
4389 4132
3354 3654
3111 2967
2137 3384
2745 2979
918 1706
1641 4266
1603 3481
2759 999
1967 3462
3779 2841
629 2261
3542 7
662 3753
1985 2601
1544 25
1700 684
3382 161
339 750
1793 305
3270 4081
836 1729
2951 3208
3913 3770
4146 2763
329 1390
1487 1130
2535 112
2022 955
3981 2158
428 3709
4092 1296
2016 4316
928 1481
515 2924
2921 491
2926 3895
3782 1262
3808 783
2398 4012
2780 1172
1897 2297
2348 3548
818 2491
4005 622
3135 3303
2845 3380
3185 1100
3667 687
2433 1946
2452 373
756 2630
4024 1435
1915 4068
2971 3833
1186 2679
3699 221
930 2479
2657 3634
3853 736
2936 1204
3209 2475
1876 3226
2334 526
1741 978
1587 2944
1275 143
3961 2928
4412 81
1976 2113
915 225
1142 4436
1361 3653
1836 1141
1903 3419
319 741
4404 3288
1538 30
3063 353
766 3816
739 4015
1582 1834
3225 1673
2640 1147
1921 2272
1397 3155
42 1778
3383 694
286 274
3507 1120
1622 3395
4187 1516
2160 2451
3762 380
53 2062
3989 3258
538 4150
3596 1475
501 4024
1007 1858
1768 3386
4065 324
2578 3832
2424 4301
4234 707
4415 691
3192 951
3503 2722
3006 1149
2794 2765
1399 1005
4288 1651
1475 432
2751 266
2066 4344
677 2218
1233 222
2241 1785
4324 177
1853 1251
4001 2264
998 571
4157 1598
903 3233
487 627
2849 371
2588 4254
2707 3009
1774 3748
646 3503
2415 2326
873 3580
3425 1603
1707 3240
934 3415
4335 4424
1745 1760
630 2745
4454 3351
84 560
942 2485
3701 3072
1365 4369
2934 4251
2711 4236
1081 1642
1082 509
2543 2313
1092 743
3106 1802
2909 1025
3058 3216
3695 4421
3042 2
1341 441
4450 1342
461 40
3143 851
744 2691
3833 2453
810 1359
4460 2761
272 1599
2798 80
2525 1444
3585 2514
2608 107
2476 2584
3365 169
622 4196
1787 2986
3370 3476
2985 1783
3730 486
3924 774
491 2610
218 1399
3892 88
1349 815
1786 4009
1385 3563
2813 885
1213 3061
163 531
693 413
1406 986
98 3044
3549 2267
868 3375
2880 233
3242 2746
537 1871
827 1412
1040 189
3295 1762
1317 3537
1284 1168
381 2774
1781 1345
3900 3079
611 1162
3536 1854
2728 252
536 1823
190 4181
4254 1170
4496 1965
4227 4275
973 839
1446 3320
2765 4349
4062 3197
2965 757
1665 247
3337 1745
3903 682
3170 4395
4124 3592
1567 3228
233 4161
2603 2561
1495 2400
3202 689
4262 1808
1375 1639
3008 1901
186 678
796 278
2091 362
214 1942
2246 3189
1773 3022
3268 1224
3308 2254
2213 577
2811 1545
1255 1138
1274 2931
2405 2269
1185 412
207 1973
217 1710
2074 1927
483 3025
1239 525
3125 1623
358 2824
1055 374
1041 2421
1608 3989
1327 1426
943 4310
2972 51
3412 4092
3995 71
435 2271
342 561
3755 350
1619 1068
1173 2875
3400 1072
3759 2396
3029 2492
444 1281
4013 3935
2805 625
2518 3491
2118 3148
3793 2614
4474 624
418 36
39 3319
4296 258
1974 3134
3289 23
396 4312
2552 2508
645 4437
123 4384
4035 2360
2419 1586
1888 2215
1050 270
3942 2587
367 1855
551 1487
1578 737
3127 507
643 2363
2656 3030
2975 3669
1546 203
401 2112
115 0
22 168
3983 884
1091 1937
914 3889
3842 4413
2179 3234
3750 523
1621 388
1068 2723
878 3539
4149 4288
4380 2162
419 2173
25 2717
947 1278
240 1773
1944 157
3044 1451
3319 2358
2054 3356
1466 651
1464 1201
167 1302
4082 2232
3126 820
3174 2322
4330 2273
897 3680
3920 4191
324 2748
2441 162
3122 1491
4334 1794
4121 1772
372 17
1658 4051
119 2553
1508 4359
77 2618
1727 2504
4089 2888
2803 2551
3769 202
3359 2174
411 2678
2810 425
4009 2860
3988 3632
1534 2023
2774 366
2219 2605
1558 4304
3561 1237
4151 3410
1129 642
3711 1414
405 4167
1860 2773
1992 1433
4233 2340
4342 458
1739 2757
2735 439
1795 1506
4231 1152
3843 4255
3171 3396
3378 2289
2285 3427
2605 164
3088 536
2773 4351
2738 2459
2988 1832
4263 2862
2658 207
944 59
1909 954
3945 2234
1388 1395
3633 4187
3207 2333
702 2217
877 2653
3573 3353
21 1776
526 2266
2730 1216
279 3576
4022 297
3559 1438
569 662
2256 4292
3120 2299
2316 3126
2174 4278
1491 2438
954 4454
3696 1347
3906 3014
560 3000
558 4458
2539 3837
1248 3432
180 2949
3457 1882
1618 2502
4064 206
2671 2274
1030 3299
1070 3553
523 3202
4370 1374
4199 3622
2234 3702
3938 3673
2902 3721
3104 630
284 779
3136 2657
3881 3945
2259 2071
3229 1547
960 1324
2782 3791
1228 4159
404 3593
228 1231
2079 2385
2520 2268
823 946
441 3175
2269 2655
1401 3035
1467 1099
130 298
1181 2571
1130 1991
1575 2190
1695 4034
1951 1691
1105 280
1398 377
2930 4306
1943 1955
2260 1863
2353 2371
1423 430
3017 1771
793 1286
3444 1610
2534 3434
1977 700
2969 3722
4015 1690
3330 4171
4246 2703
2878 3041
2383 3245
378 4353
3910 3463
2806 286
3107 3520
2181 2957
3613 3809
3789 2595
3736 2673
743 2534
3131 1634
1253 2494
851 2039
1073 785
1620 1445
546 1023
2071 4452
1492 2265
1254 2015
3941 2767
790 1694
2351 2278
3245 1228
1076 2792
542 3162
2135 775
3629 4242
57 2604
2087 3488
1243 3712
4218 658
215 2651
674 3084
3550 1684
4188 3495
3817 3862
683 2712
2905 2500
1644 4483
2107 1332
1434 3813
1031 4111
3868 1030
3325 3617
2435 1066
