4000 2500
1260 859
393 2757
1733 353
616 259
2930 2413
2337 27
2572 2183
3833 2155
1957 447
1283 124
3101 3714
1751 1518
832 3308
2341 1215
2917 1604
1339 3054
321 3140
37 1035
2624 50
3602 975
1467 1833
1719 2645
1096 889
628 2374
3223 3717
2872 442
974 1999
1147 3945
123 2851
3747 2764
3042 204
1956 2050
2613 390
750 2401
834 2505
2 1391
1025 97
2349 3007
1328 497
527 3159
1 3778
3012 2444
2103 592
3921 3289
2766 2919
3823 2462
788 3197
3991 2389
2257 3469
428 3960
2207 2680
2410 1187
1140 1170
2373 369
2292 3969
3166 1247
458 397
1201 3362
1659 1651
350 2894
1166 2997
1652 1011
3561 1961
3400 1714
3269 1984
585 2143
2110 1864
3038 2863
1558 3420
3852 1200
918 1595
94 2012
1348 640
2579 2316
2045 1055
761 1204
421 1219
2415 834
1018 3321
548 2644
989 2410
3345 2606
1606 3989
767 1175
17 1526
1708 1762
3417 244
3565 700
1376 1284
1257 3244
1883 102
2948 3913
3600 160
1981 2647
2833 3704
1473 1931
3448 3242
602 1453
2534 1603
508 2763
1776 2366
2807 3255
1634 1701
3266 3434
577 2331
3753 415
2462 294
252 1582
827 2713
1075 971
1236 1843
3024 3829
282 2489
3201 310
531 3160
3869 2999
2820 3788
3285 3065
3875 226
1448 1268
473 1609
471 3659
1706 2864
2565 1719
1370 2543
323 1223
117 3252
328 3609
1174 3648
2675 470
1644 2209
2039 3666
1363 789
314 1316
2369 3480
2141 1229
3298 1851
1402 2416
370 3446
1880 3986
2839 21
877 1760
3762 828
3289 433
2000 463
572 3102
2983 484
2727 1014
3617 48
175 89
412 3221
3590 2378
1949 1273
3941 883
269 486
2370 3720
3720 3426
736 2565
3955 1565
1001 1107
2568 3656
486 2898
1298 2696
2476 723
2936 2523
3035 2440
646 928
638 895
127 3587
695 2053
1901 558
2312 421
419 35
1744 690
1874 2741
1766 3475
242 3182
2647 3470
1414 988
3822 3483
1458 2588
1856 3004
3158 1826
3483 2760
567 3170
3692 3262
3558 1643
2201 3465
1476 724
3719 3376
1578 3839
3212 1809
3533 3130
3004 840
3669 2356
179 3508
1915 1068
2864 2024
2296 1497
3623 929
3214 1342
2622 748
951 830
1347 954
2348 51
3585 551
2673 2244
1326 1871
1356 3533
1235 2847
2277 1280
3053 1071
319 1759
1725 2883
2937 1394
755 3796
1999 3412
3494 2688
3274 2981
1828 1652
1440 677
3177 1124
2291 2043
1779 1855
2243 3919
1630 1738
2564 201
536 2337
3812 334
664 2536
2002 947
1642 342
1746 30
2621 528
183 976
2846 2895
132 1429
3210 3346
2700 940
806 189
2630 888
1662 3476
2480 3947
1024 2992
1483 1254
2968 1104
605 2809
722 1557
2832 230
2491 116
1563 386
1821 3028
3414 2958
3228 2936
164 1101
2271 1634
3730 3488
3549 3618
1366 2676
3430 1468
1443 1076
1730 544
1322 1027
2740 195
198 3505
1851 848
3450 1657
1430 3456
2648 2699
1802 1042
3017 961
3322 2555
366 1626
683 287
1278 2824
293 524
46 2974
2743 1120
3905 907
1099 2937
2001 315
3981 99
2836 1914
1769 2051
1106 2435
521 1169
1592 729
3857 2729
613 3754
3795 2177
3051 3012
2537 869
2738 2077
1658 2121
3492 2135
1148 1505
802 2586
1142 3563
3111 2417
2597 3010
1980 3486
326 1269
284 541
3952 820
3002 1712
87 3549
493 3077
2368 2127
795 934
3807 375
1997 3545
3233 3513
449 1968
2658 2950
496 539
1124 3892
3754 549
2904 1742
3202 3944
2087 2646
3563 3790
917 2191
2104 779
3531 3725
1244 3517
3326 2428
3146 2342
2140 1804
1624 1810
2813 2126
820 3613
3948 110
285 587
3336 2158
1861 1578
2789 2407
833 3256
1125 2430
3830 521
1666 1449
1280 939
3150 1471
539 130
2078 471
1667 3343
3765 3552
773 3867
970 1715
1670 792
2333 2632
2055 2096
526 3267
3910 2695
1003 3995
2628 43
2825 1194
2068 791
2238 45
1269 2717
2075 355
3338 307
184 220
2575 3716
826 2708
3000 2574
251 1137
2713 2325
3485 1211
2751 1326
2554 1708
3157 3124
1777 3912
1941 3801
3877 2655
1019 3438
3313 2193
178 450
1177 474
226 3339
2423 2991
1695 3768
2157 3444
2566 32
292 458
1220 2387
67 2144
634 2903
1342 445
564 1487
2753 3482
1334 3076
1676 156
3363 66
608 1291
1064 2862
2659 2915
316 1221
595 3880
2254 2556
2166 2048
3321 1954
978 1350
1865 2115
555 2964
842 3373
3729 16
3302 2215
3637 2830
1199 3155
797 1443
2555 2998
2577 2619
3357 3213
49 3873
1308 1536
3153 2545
868 590
3480 1365
3528 2112
708 2357
2664 3590
2232 2438
51 3025
2169 1004
835 2842
1927 1417
2219 3371
2293 2815
1503 1286
19 3851
2637 1891
3455 2610
907 223
1944 1359
2652 778
1113 2067
2569 1155
1735 3681
2301 3009
1178 1126
3788 2022
1480 3254
573 1757
9 1438
1506 194
3785 2714
685 1908
1345 1288
2009 532
459 3882
3005 3424
1855 3902
3850 2054
2655 894
2862 970
2641 3931
1683 1862
1897 3340
696 868
511 3732
1547 3214
709 716
3215 3372
1970 3537
3959 3448
2072 2227
1224 1178
791 2885
1202 3922
3670 3763
1929 1975
1284 1543
3034 1264
1920 437
2517 236
338 2036
3580 3156
1216 1675
3524 2393
697 1656
146 389
3695 1671
2812 1469
3878 2443
2892 1406
1082 2804
1623 3617
3896 631
2557 931
612 429
3928 3634
3145 3654
1208 2806
2016 2855
2456 408
1543 3713
914 24
852 3673
1793 3876
3893 3889
357 1437
1924 1065
3667 2953
1655 1041
2336 3803
443 392
2672 1569
3726 2059
1062 1686
424 2734
2011 157
3849 3036
3888 1016
1934 2575
3377 670
1681 1481
3379 750
3996 1003
3724 3843
2040 3821
1516 262
1255 636
2958 2856
2965 1639
1452 1682
2843 3525
1335 977
3810 2682
1869 1234
2199 3959
2154 1953
2042 1337
176 818
1729 3941
763 845
1538 2039
1437 432
1485 1541
547 1876
3224 2653
3817 2879
445 2552
3684 573
1674 1025
281 261
3978 1942
210 3022
2730 3619
523 2691
1012 2372
2264 1882
1853 3856
3126 2008
2426 1929
484 525
283 2259
2877 505
1731 983
3715 980
1640 162
1962 3096
3945 3774
3775 3791
44 57
1085 1601
2460 1573
804 3089
1103 1413
3992 3131
1767 73
855 571
3413 1138
1275 3297
1409 3543
655 3674
62 1549
1923 1486
3437 1970
3772 2701
2705 523
2580 3738
263 171
2588 1063
1522 3329
2774 1782
1984 3097
3188 3088
2171 3101
255 3652
1323 1662
1743 2640
2970 2788
23 2774
1039 2404
816 2232
1277 3496
3250 238
3859 3168
364 3445
3349 2049
1318 3507
2399 2522
3891 2376
260 1691
1340 1026
2960 527
1195 1301
401 140
70 379
1241 332
243 2439
3325 2961
2910 3384
1601 1006
2894 2216
302 1780
2010 2508
1740 83
2508 1594
3227 3204
574 2710
1426 208
949 3317
254 37
2129 2612
2817 3436
3064 2251
2715 2868
659 1046
793 2850
3441 3356
32 683
337 1441
2925 2712
3421 3306
1375 3167
3608 962
1011 380
1469 1407
407 1412
2669 782
1364 419
3717 2346
1700 2087
233 1467
3213 3394
913 2199
754 1355
3710 3797
900 2801
3922 1232
2931 3181
3086 1679
1227 464
596 1058
3851 656
2398 2107
1367 642
1954 2261
253 3158
2163 546
359 1504
2941 3224
1688 2661
3679 2344
801 111
1071 2808
3373 1459
1228 1659
487 3269
1899 2102
2357 2820
1491 3698
1613 2197
1887 3950
305 3611
3366 2280
1998 3078
215 972
2978 1312
3181 3226
3843 2826
3609 1472
158 2040
2408 3422
3139 96
1539 170
3847 986
3504 3845
2265 2507
2543 728
2248 100
2511 3691
3542 2986
2716 583
1835 2900
197 1078
3180 772
3031 401
930 3313
342 3472
2815 746
821 1775
2759 3398
3790 451
219 3430
2184 2488
2544 2045
163 1206
1545 650
2702 734
3058 3401
1351 3020
312 1520
3688 3819
2601 2643
1401 2243
2646 1973
882 127
1188 996
1282 2347
1528 1048
3270 3287
3799 2896
129 3225
2284 542
400 2979
1482 151
3820 3582
2474 989
2901 3417
1765 3439
1496 142
267 3070
1170 3911
742 2570
1720 3580
1900 712
2729 3595
2428 913
782 3920
1811 1827
2548 2685
3423 759
3115 657
2347 279
162 1343
740 816
3 3575
3057 232
859 2810
2315 1909
430 2924
2313 3098
3271 2822
3573 3352
2955 2738
3232 2520
310 2749
1661 2549
3268 2270
1817 3396
414 3584
566 2874
2785 2029
2594 1587
2971 3437
1407 3928
1810 1561
2845 1340
1042 3023
311 1533
589 1645
2520 1962
658 3903
1780 469
2468 1787
3076 364
817 2394
40 1861
3626 213
542 1527
83 117
568 2236
1069 1228
2429 1163
2224 250
997 2419
3615 2456
1784 2001
1155 2787
2909 2384
969 1102
2208 2305
3744 837
105 2765
376 667
294 806
2112 301
2636 2382
1321 2952
3092 851
1599 1287
1319 969
63 3948
3742 3965
1102 3633
1616 3761
1994 1262
2437 362
431 1884
1911 3623
2148 3200
1274 2503
3066 3706
2135 2094
2241 891
706 774
3358 2395
1872 1927
3513 394
1058 1502
3638 4
1182 2517
1846 2707
2776 3605
2982 1091
2138 1179
3942 2145
1803 434
3643 3021
3970 440
28 2071
680 1829
3916 248
824 1841
1668 414
2938 3261
1959 2343
768 3046
382 373
3344 1550
1664 2465
3473 498
2923 2154
2689 1373
1619 861
1761 345
1758 2836
942 3784
89 1836
3281 2649
3527 3915
2020 973
635 2062
442 1770
1066 3515
97 916
1665 3568
2633 2171
1410 2800
2726 1965
3293 1991
3662 3870
3701 3228
2229 3657
1568 1632
3314 2563
3412 839
583 1553
2924 49
3276 1508
3811 902
563 1146
2451 436
2262 3315
2521 1082
2061 2748
3786 2566
2502 3978
3148 1331
1279 918
2449 2852
3865 1677
3071 2621
2792 3178
947 2132
1463 2265
881 3403
1176 1266
865 3581
3988 2329
3911 1366
2742 3034
2739 1460
3872 1389
870 1988
223 1360
1055 2192
1384 758
746 2295
220 3055
1908 2983
1309 3365
3974 2004
546 3990
823 2914
3183 233
3098 708
1378 2583
1799 1744
2499 507
3160 1299
2806 1432
1705 1636
3998 2165
2764 182
3693 3177
2921 462
3881 570
3203 1813
3403 2605
3465 3812
3766 288
3980 3663
1213 1480
3262 1455
3252 2014
1690 2892
1626 560
3185 2250
52 3114
3713 376
1338 285
3517 1837
1974 3330
3741 2315
3090 316
1836 243
95 2422
1150 2185
2599 491
1938 548
193 3512
2176 1688
1707 1433
3068 1171
257 3942
1698 2453
3008 1577
1252 3149
3848 1883
1246 1704
507 3822
640 3650
517 1754
2393 3750
764 3481
2121 2631
235 1607
671 1476
2814 1495
3386 2794
2631 2000
2479 1177
2755 1371
2882 3196
464 19
3457 3038
1454 1404
2880 3895
1385 495
3220 2698
3510 1081
91 2571
378 2906
3246 3805
3209 1143
2542 3035
2014 1243
1265 672
1549 1885
2758 2460
3308 1245
653 3399
73 2601
375 1339
2765 328
3901 892
1152 3094
3727 1255
3225 3209
510 2016
3230 239
1198 1653
604 2254
3242 1226
3559 2003
902 3215
301 2472
1530 3246
867 3771
410 1877
1481 2477
888 2971
1753 1246
2231 125
2885 2328
1912 529
236 2056
2703 330
2562 11
1023 329
3846 3744
3663 1198
3383 646
1762 2447
238 1113
3009 3883
2589 945
1542 86
2298 1635
2547 371
1057 635
3284 2033
2969 312
3196 384
3272 215
384 3540
2954 3949
3149 2551
984 1185
3813 2034
1068 418
1639 3879
2509 1562
27 309
3654 3840
258 253
3056 3529
13 2324
1118 1483
669 999
65 417
348 1201
3339 577
2741 2923
3278 3044
1005 2041
3479 1450
495 2433
1760 1516
3629 2968
2204 3194
2096 2659
2853 416
1523 5
1225 410
543 2762
1964 1491
735 2618
1031 1733
3704 1473
2780 2973
503 3231
1110 400
3960 1538
3920 1853
2069 3248
2434 3073
2998 2662
522 2648
1649 2776
1829 1622
2488 158
2114 3154
2977 240
2132 825
1823 3825
1756 1423
1892 737
3082 2546
2054 2616
666 2490
320 853
3335 1251
1885 1930
1446 3787
3367 1551
142 22
196 673
2032 3841
1754 1162
2985 2423
1641 3708
3190 3786
3171 2018
468 3263
775 2263
1832 2060
98 3264
2367 3468
1734 3241
159 3896
303 2769
3330 422
1207 1756
3601 1517
2987 2670
1889 1637
2019 1849
2503 3409
462 480
550 3172
3931 1646
1358 1949
1703 2978
2723 2602
111 351
2179 1986
2933 3921
3802 1896
1569 605
2538 3908
352 1494
1567 2959
3954 65
3543 426
3721 1012
2017 925
3927 149
1715 1683
2278 1419
1607 3661
3300 3342
3990 275
1985 943
43 176
2696 3188
1357 3279
2481 856
743 1923
2906 3381
2343 3150
2863 1648
3176 53
1273 735
1320 2068
2546 1237
1906 1392
2571 3115
629 1308
3755 2170
1184 520
998 3776
600 428
3949 15
819 155
1917 645
2591 129
108 2805
3350 260
2145 1784
3649 2231
1596 3207
2448 121
1021 3523
1971 874
2137 2273
1967 14
2883 2984
3318 136
1586 1142
3858 3402
2407 1812
3832 1597
2047 406
2914 1383
340 2392
1490 2641
2052 3566
2501 3006
3748 1021
246 2954
2432 955
1791 3110
3831 2139
2810 3388
943 2431
2358 1239
408 1947
2304 2587
1380 1956
3835 593
3973 3877
1310 2526
887 430
3045 3868
2757 1839
1471 1764
3037 3757
1163 567
2711 1514
2318 911
739 2252
1966 1555
2818 829
1511 1579
2433 817
2919 378
3396 365
55 163
1360 1860
3369 1462
3324 2960
2670 1220
2079 3635
1843 192
3633 2359
2048 1981
2436 1086
3147 1317
771 2693
2247 2091
287 3925
2406 540
1112 3199
3499 1253
1161 2113
1073 2791
1097 3810
673 862
2375 1295
1562 796
3957 3888
3458 77
3598 2306
662 3165
1474 3050
3239 3963
1294 738
3438 783
1830 42
390 2175
3962 3344
131 639
1637 1224
3743 3137
2545 1484
2947 2607
3947 1470
2314 299
262 2560
3610 3229
2605 3485
1212 920
983 3526
3440 2881
3621 211
1397 3898
3159 12
300 1195
1597 2530
1600 1182
2656 1451
213 3345
2932 348
2663 1277
2060 1943
250 298
1442 2491
448 619
2237 2448
898 295
245 1556
2907 814
843 2922
1808 995
2346 1020
2464 274
1172 625
1493 1037
2803 3001
379 1090
899 2061
3333 60
1945 2897
2688 1869
2323 281
3401 2221
2253 2995
1333 237
1462 2196
1933 651
369 467
3050 2161
2493 2230
3204 628
3251 766
2396 2058
180 473
1859 1793
2435 245
2596 81
973 1530
1464 1726
627 3141
1581 1620
2084 3861
3026 3747
3493 1347
3442 2582
1535 3478
1679 1786
2940 251
1561 1328
2309 290
1926 1847
1783 1361
3656 34
1044 2854
2992 1461
2355 3781
996 70
1312 2739
3131 3937
2334 475
3914 763
3013 1442
3740 3338
3060 2140
2452 3460
2927 2070
2362 2400
42 1596
1305 1038
873 1612
987 2005
3282 514
704 489
3033 3621
181 3451
2092 1180
388 1746
623 1408
1693 3063
1544 1380
3254 960
3773 161
1928 1009
856 2777
677 3696
420 2442
189 3804
2350 1985
2912 2686
2618 2044
3792 3957
3329 3795
869 3598
2146 152
171 1915
296 2943
3191 2878
2686 1100
934 1500
2710 3331
1987 3303
3613 2075
809 2223
1167 1816
3658 607
509 3847
2033 349
1904 3239
3197 2122
1422 884
3061 1668
1755 3487
2307 1610
2505 1426
422 2388
3303 572
1718 431
691 1928
601 923
2192 1752
794 460
317 1753
2088 74
1494 3008
3829 2136
3917 3091
715 952
1787 75
3576 896
204 2338
854 3849
2245 2697
2051 3328
3415 3064
2326 2511
413 3999
2725 3574
2875 255
1948 3427
815 2114
1975 459
1675 554
3882 1403
2261 2160
1388 2182
1325 538
1763 2272
2444 25
575 1145
1083 2084
2091 2633
2117 691
935 2093
968 576
1792 2352
1287 1951
3411 1205
639 2212
1030 1734
1331 679
489 3615
1893 2989
499 3670
1369 2955
104 887
1588 2289
2389 38
3646 2362
351 352
570 3201
1128 304
2732 3951
2471 455
1080 1840
2540 3887
2606 2913
2235 3697
467 2770
2896 2912
848 372
2847 2313
3316 1047
3816 1540
999 1457
1405 1616
3478 197
3969 3053
92 2679
1438 1119
641 1593
3319 1820
2329 150
2498 3105
1095 2118
675 85
1922 3193
1046 3120
1955 993
2754 1440
3137 1889
2400 2724
880 134
3768 3682
3025 3934
478 1791
2225 1867
3502 3406
3687 2867
1796 3571
919 120
446 807
1187 2746
2446 824
2616 1850
1721 29
2854 1661
3105 1135
932 3938
3084 819
1862 2920
2397 985
3110 2314
2975 2238
3125 3119
1344 2608
3987 1458
3798 3236
2561 2264
530 2982
772 3326
306 1384
2518 396
1837 1865
3690 3361
753 3972
2551 604
101 1036
218 3630
3162 1903
1505 2773
3193 804
2683 13
1472 1674
645 387
3404 2727
1910 1707
2654 1980
2233 682
3081 3910
222 948
3503 3865
2108 1998
1218 615
406 476
2859 2454
810 992
492 1127
1553 2591
3198 44
2801 273
3521 2657
3156 1023
2567 1570
3112 2795
2744 914
2667 2542
894 3112
2793 3195
1953 443
2153 2189
1343 1485
1487 3191
2902 2756
619 3142
1229 2282
3163 3695
3280 2812
1550 2478
3588 1576
3895 1475
1636 2660
3612 2373
1609 1548
3676 2723
2535 665
479 3031
3767 3731
1421 3853
353 2120
1160 3715
3722 3807
154 870
1204 404
3887 3497
1537 1320
3796 950
2840 341
2956 3614
2821 2425
1627 1748
2634 1647
1559 346
1570 696
2160 2554
3801 1240
280 733
3245 2396
2678 1150
1895 2891
456 1987
3047 7
1818 1800
674 1421
1529 3689
2409 1743
3545 483
2259 1488
3074 800
945 257
2884 2055
397 231
3703 1892
1120 3660
751 1436
540 1856
988 1737
1221 1633
339 2609
1961 122
721 482
2100 1542
1034 80
2828 3779
786 703
141 2889
2660 282
652 1766
2124 3752
2849 2779
884 1767
1114 2072
3641 3126
1694 1334
1657 3729
2270 94
3425 405
3587 1801
3218 3243
2086 456
1313 1678
358 3175
1677 2089
672 585
875 2598
925 3594
1867 3143
3871 234
3809 1444
1497 3360
186 1259
1456 3577
648 2494
1618 2492
1206 3642
1916 3846
3675 148
2119 3680
373 3222
2586 2397
2980 3924
372 249
1489 3639
2081 2098
1403 1088
2775 235
1826 3301
2811 3273
50 1950
1056 1805
3192 3296
2784 821
3804 3268
582 982
1302 3901
618 1586
2335 3375
3622 3510
1262 425
3418 2402
3624 1868
760 2568
2984 1900
3923 1592
3355 1209
3839 3636
1682 2380
2602 3068
1809 1270
3752 219
903 3305
3016 221
3467 1131
1222 3134
418 2550
1709 3690
2722 3163
1084 2471
3506 3099
2006 2957
3739 2010
2973 1958
1603 1846
1368 626
2961 1939
1524 3799
2671 9
1004 1482
1827 2104
2595 3387
1515 2128
1579 1498
1399 2733
214 1336
1418 2672
14 2464
2527 1785
3907 1351
1181 2744
3015 3355
847 649
1631 2370
1389 3090
2034 785
2371 3238
3297 76
4 3435
203 3881
3497 3926
976 178
119 613
2635 1716
2888 3100
3639 998
1250 3748
1123 322
2619 2149
2127 3531
2989 705
2582 1705
1239 172
2066 997
556 1309
1745 3166
3574 1045
177 3139
2899 644
3659 1680
2180 725
3491 3984
1919 1024
624 1886
2865 3084
2549 720
991 1396
3253 33
1574 3904
1415 1398
432 2100
450 2495
2228 850
2037 10
3530 3083
1932 3109
57 2813
497 3815
2895 812
278 1673
3678 2406
208 3093
3579 3266
2143 2624
3433 3743
1047 2797
1393 52
3380 47
3464 2834
394 1335
2191 3227
850 2187
3205 3741
1580 1158
2939 2336
1411 1241
3889 1052
2281 3232
2064 3923
2767 2870
2384 1193
1886 1141
155 2821
1726 2857
692 3662
156 2833
3134 2349
2214 1399
2920 3721
525 1554
3124 3492
1094 2418
3023 2312
908 3973
962 3759
86 485
2900 399
1245 501
3113 2704
1711 2367
1479 990
271 2572
1408 1111
3406 2527
1486 1445
482 3524
1993 1073
361 132
2196 3739
1768 2318
936 3327
1461 3366
2704 2802
1032 3935
3682 2368
1635 2736
665 3675
2454 1912
2220 3522
3007 1507
631 3930
3548 3223
1387 2845
3070 1490
1824 595
3141 2875
792 3407
3142 860
68 1191
3075 3106
1842 2020
2194 1112
1687 2421
2149 536
790 2909
21 802
705 1293
3826 3814
1432 1344
381 427
3040 2994
2392 1989
3814 3862
3288 1132
3184 3890
3523 511
1988 1845
2809 2758
656 3210
1546 660
885 3410
3972 568
2363 3983
3470 3040
1433 3751
1234 2613
3995 358
952 2678
699 2502
2697 3358
2193 367
906 1699
3647 3086
2724 3019
1090 2181
3841 2768
3672 3974
2911 2184
693 765
643 1256
920 54
3469 1096
3466 292
3093 3048
1878 2755
3301 2458
2402 1819
1349 2479
3575 662
2035 1029
857 1456
3950 1397
2187 2038
2786 3688
2249 3677
2142 2569
2871 3061
1259 2939
1183 1330
1591 2427
1196 1732
2158 1727
3567 1735
3348 1357
896 377
915 3351
2185 1183
2118 2242
1391 3770
3304 1118
3946 2623
779 3363
1028 2194
1361 3561
3143 617
3468 2398
48 2880
3010 1122
3821 965
1512 1133
330 3220
1425 2103
3317 1452
1359 1893
47 3835
2475 3425
849 1167
1395 1478
3459 3762
1127 2141
1786 1741
3867 3395
598 3538
2279 3113
1016 3544
3429 1740
1520 715
1952 3864
3982 2674
3525 745
469 530
427 2557
3595 3832
2477 138
356 1466
2651 2468
1169 2567
2115 196
1541 2361
2953 3377
1841 2283
2782 581
12 2463
3818 3391
441 2620
3912 3161
288 1957
3231 1874
3800 776
2177 256
3854 904
322 2092
2322 3379
617 2117
3312 3548
3640 2219
498 1844
2735 1489
3489 3838
519 1053
3723 3285
2957 3117
112 767
752 1405
1518 1281
1431 1781
2004 1768
270 580
3208 2414
81 283
3983 3186
3422 504
2489 2292
490 2436
1429 3421
2269 1372
2425 3655
3509 2110
3544 661
1555 3775
956 1411
304 499
590 3145
1297 701
630 1624
614 2956
2829 3643
1728 3886
3594 3866
2709 2970
1782 41
2974 886
1902 1535
3393 2065
1925 1114
3699 3479
524 1379
2524 1547
565 272
710 755
1903 3240
3080 2375
2600 2249
611 1623
66 2302
2200 452
1457 2940
2620 1901
687 3026
11 374
3054 994
1258 1192
2942 3033
1219 20
1211 3107
2573 936
2286 2247
2661 1375
3106 569
2414 67
2834 3368
800 2907
636 684
3625 268
2469 446
1061 709
3627 1376
1330 181
3264 3631
2320 793
982 2391
654 2916
2285 1641
3378 1621
1628 2363
161 1625
308 1795
2822 1568
1226 2652
1770 383
399 1684
2529 3072
2022 699
597 3521
787 1368
2972 3489
3471 1225
941 2334
500 875
3828 1605
3116 2718
3118 2190
3063 3270
1470 3592
1406 2210
3886 1415
3764 82
3716 1186
2856 722
2216 3453
3059 2482
0 3454
3751 3043
3771 852
174 1129
909 2341
3226 2153
3757 3295
3167 3745
3591 303
128 3597
2364 1294
463 1695
2516 3802
1134 2351
633 2835
205 2248
626 3151
2182 1144
879 2597
812 2201
3104 2411
1595 3463
1306 953
592 3121
274 1952
3376 2564
1324 1377
2227 3056
33 2753
1615 2240
3398 1402
354 2580
2665 575
960 1181
3043 1725
1564 3953
580 1
3164 280
1365 1606
1303 1583
2255 3011
3779 2296
3368 2013
2282 1022
3674 1061
1575 2002
3267 323
3787 1034
2387 2350
1584 773
2297 40
2007 3443
1540 3148
1804 2803
1288 668
825 3562
717 764
3596 1967
3299 3610
2747 509
3618 1374
1232 3230
3611 265
3129 822
2430 900
571 3672
2267 768
1247 3792
2018 1751
434 3350
2099 2129
3586 1897
3099 3573
2470 2163
3894 266
36 1902
2401 1222
1088 2590
2855 574
845 1263
1350 413
3870 858
3705 908
1969 1356
3454 795
3589 1382
2466 3235
2395 1834
3546 2859
1800 1994
470 1203
2005 1285
1173 3694
1701 1857
3453 623
1896 2377
737 711
3570 3767
734 740
3135 578
1724 1134
2999 17
718 144
2473 2996
3495 3813
2861 1248
1960 252
1678 678
3534 1696
1052 1513
3323 942
39 1890
3902 1454
840 1918
1931 1446
1453 3854
3435 2169
3555 3550
3994 472
1271 601
2823 1777
1217 2584
3522 1993
3557 2722
1789 3884
3265 1425
1041 3699
425 1598
2013 62
409 2893
2295 3275
3932 3291
3597 621
173 2148
2514 2134
1444 1654
116 1324
838 3837
2851 1821
231 2625
933 2371
344 487
1133 2735
3424 3318
3862 2635
168 3502
3365 1018
3389 2028
3320 2600
2959 664
3680 1279
3456 2918
2848 3871
1732 2750
2472 1655
3933 1824
438 1319
437 1564
3235 2814
130 3081
3686 1276
861 742
1194 756
2442 1799
796 1274
2213 803
731 1013
2268 1306
1942 1814
3294 3169
2717 2466
3079 2441
239 1364
1714 2274
209 3693
1771 1318
3036 2807
562 2385
2991 344
2133 1631
1214 68
96 3192
228 3579
3014 1955
2391 2235
2897 1818
1797 319
3806 3940
545 3858
1291 137
3279 1292
2151 2677
247 1363
3103 3836
143 2220
1270 3144
1510 2164
3735 1069
3286 2537
454 3309
1686 823
1583 638
2515 543
2380 1558
2431 1969
2113 2664
3258 1257
3243 3800
1413 2716
3089 228
3953 1590
1864 1964
3392 1778
396 3982
1231 3600
2026 563
3481 1545
2737 93
1299 356
3861 1265
2027 775
2887 1152
1671 2007
3508 2873
700 2684
828 3719
569 647
3915 3280
2779 534
1450 3374
2768 3103
298 175
3331 1713
212 3404
474 1218
1059 2426
3892 810
2530 2967
929 1051
3127 643
1036 1064
3581 385
2290 357
591 2124
1672 3353
2203 2761
249 919
1451 801
1702 2521
1132 510
839 3002
3763 324
2274 1649
3793 3782
534 2650
1404 1297
3514 269
3420 1367
561 3233
2098 1706
2008 2297
2674 788
944 1783
2181 3894
1492 1321
2457 1315
3934 732
1015 3891
3707 1815
3486 3316
994 2412
2413 3576
1504 512
3083 2415
1190 2694
25 2470
836 168
109 912
1750 2844
1293 3385
1315 2910
2167 222
3178 1278
1419 1546
904 3418
1752 3585
3642 366
2868 719
206 3005
2760 2025
3482 3622
1552 3247
3402 3649
1820 3773
1074 2825
2752 515
3405 1093
1141 1978
1111 2604
290 873
1858 2887
1772 2284
954 1130
1146 1190
3630 1932
3540 3637
2276 1282
2643 2150
3783 2293
2800 3442
2360 1332
3029 205
3794 594
3452 1156
1048 2200
3984 3129
2714 3136
3039 3798
404 2702
783 296
1209 412
485 3736
3671 1803
429 1879
2558 922
29 2846
5 2675
3706 797
461 3897
1119 1000
3077 246
3287 3707
2918 2271
3827 3612
765 2534
2608 714
88 242
491 3632
3207 3827
1043 3700
2550 1039
3431 1694
113 1362
2256 1739
2106 1304
365 641
2144 1435
2563 3218
1656 1644
651 790
1033 1333
3657 2142
2351 634
277 2785
3856 3348
3277 3259
676 3808
599 865
1329 537
3803 3578
2841 903
2838 3678
959 3557
864 2938
1009 2409
1943 1424
1371 2544
1986 564
1873 338
2507 622
1129 3504
1951 2131
1104 3257
3535 2445
3175 3219
2666 1995
3732 1779
3864 2105
1466 3685
2381 2946
1253 3616
1860 2799
965 1354
3761 187
217 3179
3200 2558
3119 3171
1175 1448
3449 320
805 1188
1354 949
533 754
1638 608
2701 3626
667 2969
374 1267
34 3293
3718 1933
758 2819
2049 3447
3532 1584
891 3274
2057 3184
1977 1976
3462 2106
335 3516
1468 1416
551 2354
1507 517
520 3466
713 2167
1881 3629
2188 3069
3863 2861
15 3758
1460 123
778 2793
958 1822
1109 2162
1741 3499
1822 1465
436 3176
2412 794
3219 2869
2331 1898
515 3162
2857 535
774 842
1266 685
3229 3405
2687 2365
1499 101
3635 1591
3845 3085
3067 337
558 2237
3628 1790
1423 1387
225 90
2553 3450
2251 3586
2638 2838
1165 481
2966 3284
2866 403
1548 2233
2416 1506
3733 2269
1868 1139
1203 1189
1816 3559
2305 2276
1871 3041
559 398
3446 1289
1286 1940
1180 743
3451 2816
2645 1718
2046 2461
3938 1983
3041 2576
3583 968
3696 2532
2321 979
392 3606
625 227
2522 3455
2178 603
3199 217
3354 305
953 760
3410 2258
2339 2905
3554 1325
2455 2796
2867 2287
2657 3830
980 1390
3397 1560
3709 1667
1268 1617
1168 457
1914 115
895 552
3291 2541
3965 2501
3275 3556
2244 704
2653 1213
1261 879
3182 3530
1972 3302
1992 1089
529 3334
134 864
2858 3449
3560 753
3343 84
3913 1054
780 935
703 565
1381 388
3547 3528
3769 147
3926 2525
2226 3518
192 2383
3708 2109
3655 620
2439 730
2585 2108
1434 522
1593 3906
1327 381
2030 3298
2607 1788
3700 3828
2485 3737
1210 314
1006 2871
331 566
99 270
2317 6
702 225
1484 1060
216 302
289 3927
1602 1252
2614 3311
148 2234
594 2483
3121 3322
694 3679
964 3152
1054 1184
3782 1979
1424 2322
2390 1080
2761 3216
122 2333
1521 2728
2523 1660
1605 1258
3385 2047
837 1115
1590 771
1894 3459
2964 3569
2893 3
3645 731
2377 2839
578 318
3866 1669
1795 1296
725 1528
3296 1493
2952 3234
912 2298
2539 1905
2889 2709
265 1963
3172 1599
593 3332
3660 2737
3384 1531
3606 697
2908 1509
992 206
1392 2888
2891 1017
2584 3794
125 1825
3432 3987
391 1938
3018 2364
2804 2711
1151 1106
1412 2481
3399 784
732 2681
53 1977
2787 2320
2944 3039
3211 2321
3189 3645
1801 811
3999 736
1736 493
2210 1136
2463 602
3249 937
1621 166
3842 3726
1332 1043
504 2301
1296 2516
1417 3992
157 214
1572 2531
1498 2381
747 254
3834 556
3616 3357
3853 2166
1716 589
2935 3996
3653 3994
553 3546
2506 2849
2236 3967
2441 1418
1086 424
2625 336
3714 2497
3375 2629
1814 2945
1654 173
1982 3820
712 1121
3666 154
1712 3916
2376 3118
2796 545
1983 671
2289 713
1267 1736
981 2509
207 2239
2128 2899
2240 3132
3490 1863
1625 1272
3605 2980
2533 2213
149 741
2890 506
1713 183
1722 64
1979 3283
957 3603
1131 2798
368 2303
1594 2848
3273 184
3187 1522
3979 1687
502 1774
2850 1974
3855 963
3165 1966
3476 3319
2777 2506
513 112
2680 624
3132 2195
3539 2843
435 1492
3924 1202
1223 777
2576 2962
1526 1084
1612 1313
264 1910
1136 559
2111 878
477 3728
1374 264
2136 2358
686 1772
151 3320
41 2594
1833 2339
1620 55
1205 3079
3750 666
2050 2781
3394 61
2746 1176
966 1575
3173 2578
518 809
2679 2340
2043 2424
2706 867
268 2767
3222 1049
2090 3519
2345 2811
3552 991
2603 1765
1653 1895
2263 3591
3463 2921
2424 2673
2443 1941
2139 0
2771 2886
2478 1477
1848 2500
660 2630
1337 202
2385 2241
720 395
560 1717
3648 3553
1710 1031
3778 291
3310 688
475 721
2125 3753
299 686
202 847
2159 3734
1573 762
963 3542
3416 3440
1398 3718
1680 1755
3661 56
1508 3501
2632 1271
3935 327
1164 826
514 2432
3770 1600
3206 2476
1781 1730
3568 2180
1554 180
2155 1151
3985 3032
1577 3833
1890 343
336 3127
3939 547
1105 339
1159 846
2101 39
3505 1307
975 2931
3791 2772
1237 3062
1759 2524
1449 3251
1617 2593
3698 1832
166 2928
532 3260
2044 2080
1913 3153
3498 2876
3592 2360
2682 2947
1598 1075
1495 841
2095 2985
3951 2202
1845 2518
8 1420
2512 2278
2484 2751
3738 799
1551 3899
769 3123
188 3541
2070 2828
3307 2208
2791 1745
3593 3536
313 8
2308 550
1884 1544
1699 3491
2826 2671
481 3724
2218 2229
886 2085
549 2214
3436 956
874 1982
707 2933
1053 933
3003 31
230 297
3553 3756
1632 1427
135 2792
1304 2157
371 2577
1390 3292
1171 2942
1000 3074
1648 88
3362 2224
172 2485
2122 1385
728 915
2874 854
1527 2319
818 780
2926 2692
1013 2255
1079 2031
2990 3237
3562 3393
3512 2260
3443 3765
2065 3217
1812 1830
3825 1001
2041 2487
1122 2759
386 118
1825 72
3091 1030
892 769
2294 3749
1158 1747
2676 3369
1007 752
3390 633
3976 1323
3237 1083
362 1666
1831 3701
3027 2437
1263 1160
2012 1944
3569 3477
808 1125
3541 3198
160 1796
723 3956
31 2420
2222 1722
1517 1149
200 3703
3261 3509
2234 1588
2808 1008
829 2754
911 128
3919 2405
1850 354
170 300
385 3364
3028 2257
889 3885
457 3133
3347 441
876 2281
2707 3337
1946 2778
3096 119
657 2009
1509 3250
2691 1434
1882 3769
1965 2111
2988 3286
3022 1154
3315 2086
923 1873
291 1244
1300 1996
1747 306
276 2561
2028 2975
3337 1685
232 247
455 1216
2756 1724
307 1072
3500 1689
2342 2504
716 2743
3897 350
2762 3900
807 1580
2223 3702
1643 1875
2029 2026
3186 3027
2541 658
1377 3975
1447 2626
2073 1327
169 3202
1002 1925
724 1534
3551 186
2719 1358
3356 2493
452 3547
3737 179
1289 2332
2422 946
1336 2290
3906 1005
844 2832
279 2069
698 2285
733 3294
1092 3015
3371 3128
2950 1028
1608 2403
883 2786
1557 2057
147 1842
3702 749
3364 494
3614 2902
1819 2528
684 3831
145 3042
2332 882
3311 468
16 3943
3488 2217
140 3000
1017 2599
363 702
3929 3059
58 393
3102 2469
472 1430
3361 2017
1156 3092
3975 519
2979 1532
2162 1992
3152 3359
777 676
2560 71
2283 2538
2164 1290
1645 1720
240 2553
3665 2345
1727 3414
1968 3490
3133 1700
3088 2207
1582 1761
3964 1147
22 2225
3283 3968
3838 1948
1249 1711
1749 3727
1692 2990
770 3060
2161 3189
2273 2585
74 2088
35 600
1191 1010
398 3997
1514 308
2036 1393
3746 1792
2076 1249
2405 1763
940 1672
2328 2081
2681 1173
2250 3413
1991 1353
2733 3003
2382 1858
24 1087
341 2146
1373 2174
2230 1608
1866 1937
3240 629
439 561
1301 3071
1465 3852
3918 3051
2781 1346
3109 1103
347 3277
1026 1002
417 1802
3049 906
102 1298
3065 313
606 1521
2215 36
2490 1922
3046 1859
426 2637
3019 3423
2536 3780
3664 1638
2531 3408
3327 2687
3620 3816
2610 2817
501 3687
3217 3080
1790 2275
2496 2965
3295 3066
2993 2311
440 1721
1996 3602
1383 407
3603 2390
554 1512
2805 2775
1854 438
1264 444
2053 597
2067 2480
1689 2818
61 588
1341 3863
2168 3494
1008 689
2837 1128
2609 2831
3244 599
2519 1663
1455 3024
2693 3907
759 3826
3571 3471
2482 69
3538 289
2183 1510
3634 674
927 2030
1038 3817
1742 710
2731 478
3819 2872
2447 2125
862 3433
3340 2066
1072 3400
2461 3506
3944 3844
789 3441
3937 2286
1445 833
1314 3185
201 3258
1439 1370
1863 855
1101 669
1153 3333
1840 3135
1877 1212
1844 1627
2946 2268
2587 1852
273 3710
1352 3730
3550 3013
3128 598
2404 3588
2147 2721
355 3601
2173 1401
1243 3017
2063 1906
2898 3599
261 1140
3351 2499
3255 2539
3986 3653
402 199
3997 3500
1355 2116
766 1032
2174 98
3515 2467
1813 1519
3248 3312
2209 3905
1067 3495
2418 2299
3681 229
2644 198
3925 3998
1976 2204
1117 808
1839 78
846 1934
3507 448
309 959
2949 2592
3374 1990
144 890
1888 153
1589 1581
318 3991
3238 23
3006 3979
2708 1823
649 224
3154 3335
3836 3467
64 781
3100 141
2205 321
3407 2540
661 2930
2116 2021
678 3589
3943 1341
1144 1921
3370 2627
334 477
2258 687
2827 3875
2712 3484
1566 3932
2080 2908
745 2262
2718 1811
3518 843
2440 2719
3963 1210
1379 402
7 1395
3777 423
1633 1431
516 500
813 2639
2280 3116
3805 2218
2089 1310
3241 3082
1788 3029
2748 3514
3032 91
2015 209
451 2705
2198 618
2059 2473
931 844
494 3565
333 2512
1646 1499
3619 3583
2126 1092
985 717
1565 3310
2275 335
2025 681
1513 267
1610 193
2211 3030
995 648
1502 718
2879 1676
137 1214
538 1503
841 2925
830 876
2734 3037
528 1439
2031 3933
1035 2101
380 1529
3677 1880
100 899
2773 1322
2003 1238
2197 3551
3484 1261
3712 2198
2327 974
1738 3045
3572 739
2593 3347
466 1854
1394 1539
2852 3964
3776 815
890 1611
3052 1794
2869 1919
1737 910
1045 555
3734 2514
2617 63
2592 1044
3477 502
2361 1329
2996 832
139 2152
3069 409
2438 927
1739 1574
2668 871
2388 2172
3305 2611
3961 2032
922 3628
3632 1348
1060 1108
3072 164
961 606
2802 169
1704 2006
2590 1692
152 2245
689 966
1179 2706
3259 145
2986 18
2799 3212
2252 3016
3409 2211
2206 1848
286 1789
3136 488
1081 2353
2458 2307
480 2042
3236 3625
3971 3686
3292 3596
3936 744
114 1236
2649 3473
1663 3709
90 331
3334 104
182 1619
465 897
1898 1381
620 612
56 557
2306 3723
69 2579
60 3555
993 1040
1311 3067
360 131
3745 1878
2097 79
3685 3760
3419 2972
1847 2726
781 3560
106 46
1531 2603
3736 114
1794 3397
2465 3386
3582 2279
3328 3772
150 513
1307 786
2071 1916
2581 1474
3526 411
1614 1110
1040 3735
1978 3692
3030 3604
2189 1589
1382 2308
1973 3793
3078 901
26 2515
622 2348
71 2766
3631 1515
1519 680
878 3764
1930 218
2951 1870
668 921
3879 1629
2750 798
2967 838
1157 2877
2316 1033
681 1463
3668 3187
2772 610
75 3146
227 813
1560 2935
2487 1153
1622 1400
3359 28
2156 652
2453 747
2886 866
3759 3049
327 1207
905 2987
2190 1079
343 3411
3904 2451
187 3777
3234 1196
1852 95
727 849
798 663
1186 3325
2356 836
1785 1731
2881 3278
3501 2949
2690 1894
3874 3939
3179 3755
3694 984
729 3893
3968 26
415 3809
121 1208
541 938
2082 2323
2662 951
295 2206
2721 1771
3511 1345
185 1630
346 2326
576 1123
3556 3936
1037 2288
2612 1062
1436 978
2260 113
120 1758
3095 3712
1070 87
3174 1428
3161 2884
2640 1067
1233 3970
2246 3977
738 3914
3956 2097
990 1776
2311 466
2860 2715
831 3711
3885 3138
2995 2731
3408 3842
2876 1615
615 898
3044 2636
345 941
1533 3323
1532 2267
2459 2256
3519 2369
3332 1242
3387 2452
939 930
2642 2529
153 2496
20 3668
2513 893
3900 1056
3636 1709
1254 1613
3844 3658
1029 2689
2074 1148
433 533
1849 2829
1200 2379
453 2589
3221 1710
2797 2099
3434 1233
1815 3108
937 1161
1907 3211
2510 2866
3529 3874
82 1097
1576 1911
266 2310
1162 2667
1272 1094
72 3419
2684 3157
349 1917
1242 863
776 2747
224 2015
3781 1117
2134 692
3195 654
1014 909
2109 885
2417 835
1477 3855
726 363
1346 579
2340 2228
670 3641
2962 1050
921 1070
2598 2827
2170 453
2359 2725
2749 1899
910 2988
3108 2429
2152 2966
644 1866
2994 3766
1748 3954
1937 2668
757 3535
3697 609
3130 694
1774 3271
690 3111
3731 905
897 347
762 212
1995 1888
3890 2019
1918 1409
719 1166
3758 3341
2083 531
2495 584
814 881
506 1585
3584 361
2623 926
2374 3811
2445 1703
3247 106
2763 3147
2698 2615
3884 3125
860 1817
2830 1369
741 3272
3860 1231
3048 2179
2611 165
3140 2226
1435 439
1488 2083
637 3390
2532 2253
3607 3087
3940 3676
3388 3848
1857 3190
871 2133
584 1511
581 2309
1238 1217
2354 1275
1947 3058
221 490
1077 2457
2976 1697
2394 987
3876 2700
2790 3859
2094 2617
389 2976
1078 1881
1441 932
2629 3057
2212 2595
1215 3869
1536 3173
3170 1628
1362 3511
2386 596
3341 271
2023 3667
3989 3722
3797 3572
2287 1698
2778 831
3107 3558
2105 3122
1806 1388
2694 1464
924 3095
744 59
3537 2475
784 1650
3194 2151
972 967
2467 3640
3824 2790
1778 2399
416 317
324 1172
948 2665
2556 2035
1650 2614
2195 1250
2300 2168
2905 2317
1475 2079
191 1159
2056 1563
1020 1077
476 3203
1010 3646
190 3818
1138 2784
1285 2046
872 3431
3391 2203
1459 109
3382 1085
2769 2911
977 1015
3651 3452
3087 3383
1500 3733
1647 2246
749 3354
2915 944
858 3958
2365 2941
1049 1109
946 3307
2627 3075
405 1658
3789 3955
3837 174
2421 1960
1556 2740
3520 2882
2378 2789
3290 693
199 108
167 1283
2202 3567
107 2386
403 3952
2217 1410
3001 3300
610 2535
2922 3564
275 757
211 1728
3461 92
2338 139
3496 2963
387 370
711 3349
3346 2548
136 562
1876 1496
38 1414
1717 1260
3899 2186
1197 3627
45 761
986 2732
2123 58
1909 3174
1290 3539
642 3683
1534 435
1870 726
3122 1422
1108 2291
714 3929
2344 1230
1723 787
126 2277
1022 1199
1525 2683
1126 1338
893 2173
3428 3742
3536 1378
950 2927
1091 611
1396 2745
730 3314
537 216
483 1057
3725 2890
118 614
2319 1523
1990 1311
3516 3498
2528 2294
2379 3976
2093 2137
2745 2095
3381 1769
3784 3962
2929 3966
603 2663
3439 3684
1775 3183
3085 508
1051 3554
2913 3878
822 1872
1256 2222
3073 479
2934 3428
1050 2474
1629 518
3756 1807
647 655
1240 770
2559 2780
2021 1835
3123 3429
2366 3018
679 2634
588 2559
115 2977
1936 630
1420 1670
2165 1972
447 2669
1135 2901
3055 2783
3444 1019
544 3570
3306 616
2497 582
2916 2628
3652 1525
315 2666
2615 3249
1065 1798
756 449
3808 1971
535 857
1697 1773
3566 146
3169 333
2330 1105
2583 3527
2383 981
3711 3458
2352 1095
1115 1642
1192 2917
3020 465
2494 2642
579 3534
1295 2858
367 1618
2945 3971
2870 2335
133 1693
1189 880
1386 1567
1673 2455
1805 325
3263 3014
1100 382
552 2446
1063 2484
1940 2993
1107 3785
587 1302
3360 1946
3460 3909
1963 326
3445 2547
1316 2205
2578 2304
2552 1537
1651 3180
2420 706
2310 3493
1137 503
3447 1997
3868 586
3958 276
1317 360
3216 2771
3780 133
1905 957
3689 3206
3760 1926
1660 159
3352 284
84 103
3427 1235
2325 3981
2788 1059
3599 492
3309 827
3117 3988
2824 2082
2324 1352
2903 3432
2353 591
2492 3288
1251 3389
2844 2596
2677 1157
1807 359
194 3164
6 1300
3257 3593
2175 727
93 207
234 1349
2981 2926
1838 3993
2699 311
3673 3474
10 3746
866 3520
2720 2486
2997 2581
2650 2622
3260 2654
2266 3104
3114 3367
663 3290
80 3789
2038 3382
2770 1165
1076 659
3155 1116
803 3047
488 1723
3683 2074
3909 2138
3967 707
2450 3416
1276 2327
3691 2123
2299 637
3815 3946
54 1227
2419 1524
1353 1920
3930 3457
682 2651
505 3644
77 391
701 3620
1478 200
3472 2720
1292 185
3604 1566
1875 263
2186 917
3774 2865
1230 3503
1281 191
3342 958
2172 2023
1428 1907
1116 340
1145 496
928 3532
688 627
423 1924
3840 2090
1089 2027
632 1447
3372 203
1416 1386
3966 1552
1757 2073
2483 3052
297 107
241 3823
1087 3607
2372 3282
3650 3918
1093 3281
79 1314
1027 2730
165 210
3873 632
237 2932
1939 277
2120 2037
1193 188
3353 3857
332 1797
799 1197
512 2147
2695 2178
1935 454
1130 2355
1121 1305
967 2459
2525 2130
2288 126
460 3324
195 2823
2835 1831
2963 1099
1958 2176
256 3276
863 1501
59 1959
2526 1945
1587 1164
2639 2076
2798 2573
621 3245
2626 2266
3475 3850
30 2519
3120 3961
1989 241
2783 1887
110 2300
3880 3669
2842 1479
2102 1838
3564 1571
3256 2434
2130 653
1154 1168
3094 2934
329 293
1798 2853
2150 2408
1834 2742
2303 675
2604 2840
916 368
3011 1729
2302 2
1571 2450
3644 1702
1139 2078
325 2690
2685 2533
3487 2188
2272 105
1098 1640
1879 2119
272 3205
2928 3917
3097 3705
853 526
76 2841
3908 3665
3168 516
609 286
748 2510
1427 1690
2062 2703
248 2498
2794 2929
2427 3834
2024 2330
124 3671
3021 2513
3749 553
1691 3647
2107 3860
1773 698
411 190
2486 2837
3151 2656
1669 3985
2500 1806
955 3392
2077 2562
3144 2951
3728 1007
971 3624
1604 3806
3898 258
557 420
2831 2063
926 877
18 2904
1143 805
138 1913
938 2159
3062 3336
229 3824
259 278
901 2052
2943 3370
2403 2011
3578 1665
1248 3872
2242 3265
586 2638
607 3783
1685 1936
2131 3304
444 1074
383 1098
2728 143
2504 2658
1684 1935
2736 3651
650 1681
979 3299
2816 1904
785 3462
1921 695
1696 3380
2795 2156
3883 1664
3977 1602
2873 751
85 3253
1372 177
2221 1614
244 1749
1950 135
2574 1303
1585 1174
377 1808
3993 3208
1185 2948
3903 2449
2878 3980
811 2064
1149 2782
2692 2944
3577 3378
103 3464
1400 924
3138 3461
3426 3740
78 3638
851 3664
2570 1750
2085 3415
3474 872
3395 1559
2819 1066
1501 3608
1891 1572
395 2752
2239 461
1611 2860
1764 1828
2058 964
2411 167
