4500 1000
1168 316
1629 3173
554 3143
4365 2862
3144 1808
3951 3162
3214 3166
2489 4310
1093 4163
2296 1049
427 3752
2493 3059
207 439
130 2209
1712 1096
4187 4454
2483 1471
2256 402
598 4499
67 2187
2008 2831
2176 2911
4193 3463
372 2884
3273 4083
142 1190
330 242
556 334
3964 3645
2592 1271
2152 3293
4402 4226
3276 2393
1624 1455
807 1812
3485 2288
1881 921
2565 1164
1508 1655
3028 4313
712 1544
2130 1789
826 559
1258 1638
2815 4005
373 1334
952 2959
1864 4013
1847 2556
829 2456
1170 668
2239 562
894 2590
3356 849
3282 3832
1428 1814
2349 3784
795 1460
1938 1516
561 3770
3345 736
4492 1971
2503 2184
1822 2813
1325 1436
3944 3801
3212 633
4279 2861
2568 3611
3520 4308
4264 50
3154 2084
2193 2612
3239 1399
3853 4100
1238 1531
60 1412
2571 1888
1189 4355
4100 1610
1251 2172
2777 3168
2264 3126
1743 2465
1109 1618
168 3078
1272 1329
534 3622
2424 2684
87 2858
448 1451
3977 1331
1541 2748
3971 2123
488 4205
4023 2776
1831 183
70 4115
2237 4415
3069 1839
2248 3073
3463 3496
2954 3172
3077 4350
1009 2566
2509 1224
2136 4086
3491 2971
1161 1685
119 1479
1223 423
1529 1333
1809 1239
3078 775
1067 4069
4355 730
1304 686
2501 3637
961 2904
2481 112
1002 1621
2601 341
3471 2234
1888 1844
4446 2654
3830 2966
2431 1112
3805 1291
4451 1093
1231 3568
4229 2852
769 2771
2979 721
4035 1599
2198 4370
112 1754
2227 2272
1642 1320
693 307
2614 605
4459 2650
2434 3145
3780 2161
1782 218
4296 581
223 305
705 4135
706 4449
3084 4267
39 4462
2535 4014
2659 4268
573 3748
3252 3807
4293 3113
1618 3497
1967 1765
236 2768
3449 2778
3085 3989
2887 2670
3482 3688
4300 1835
441 4271
626 2973
2591 2899
110 722
2747 3146
3672 3133
2330 2363
1859 71
779 805
332 3845
3583 3343
1215 3373
1343 2203
1517 142
1546 1886
944 2406
1756 3890
1433 117
2464 3037
3856 4277
3045 541
2691 432
1492 1022
4278 1438
96 2979
3877 1743
3942 3056
272 3538
2888 3027
708 3976
2326 4088
208 2181
27 999
296 3810
314 2351
1519 672
3195 704
4291 426
1935 2070
502 1611
1254 3743
268 4156
1214 4460
3087 367
2293 3882
3086 2953
4110 1715
3315 127
309 1345
1810 4217
2905 3375
4021 571
4307 601
3029 933
1446 386
3863 538
2006 2036
2574 3717
2454 2583
1911 2941
45 877
4346 2724
684 279
3122 3254
18 1926
2836 4179
22 4103
147 1034
2466 3857
308 3991
2561 1579
2912 3851
2253 3947
1364 4216
1425 4261
3479 1132
841 4351
4464 527
2986 3628
3568 3494
1034 1298
352 4231
2087 3263
3715 3805
3827 2
2351 1563
1057 3590
153 418
1898 4153
2784 525
1875 1540
718 1623
3306 1356
632 4259
2033 4015
1783 3887
3439 709
1453 3529
2303 3269
1192 3400
1850 4137
3305 2346
2401 2337
726 2990
3833 1002
3556 3824
3927 3220
2558 1276
1201 3698
1378 2546
874 4012
1240 2213
546 2722
821 374
4108 1675
1929 3938
1368 3556
2618 4067
3368 2280
1762 2863
3814 4346
1044 3131
3938 75
1052 1018
4152 1066
1422 2617
2131 138
3571 948
4361 2857
958 1128
3963 3248
2308 3327
4232 2019
254 3191
2228 3423
1741 3151
116 1382
4027 614
2544 2027
1220 224
1224 2258
1711 3155
4432 3919
1814 1394
737 2256
2171 3625
1418 296
2444 1243
1779 4043
601 2626
1964 2638
4211 634
1403 1696
126 2969
3406 1137
3249 4294
4194 4003
699 1371
2463 4162
851 4157
3788 1728
1637 1636
485 665
1111 3282
1593 2618
2814 462
1727 2497
3489 680
2289 3804
2366 2501
1462 2538
1476 3352
3986 2069
2479 246
2382 4223
2154 871
3862 254
2875 2445
939 3431
2387 454
3420 4057
1728 3920
2077 1321
3200 1831
1653 3661
1395 4368
3049 4456
2749 98
2075 866
2772 2632
192 4257
3596 1568
2206 3216
1695 701
2022 3036
359 3233
3943 1466
3711 3076
3979 2815
2853 2553
3572 358
403 4109
1798 4275
2271 157
237 685
1408 859
3553 1097
2367 4341
4393 3393
2241 2323
4415 2993
324 263
1903 202
3925 79
3068 394
3838 3674
4369 2449
1464 3665
2797 1788
3918 4090
1930 1556
1937 1284
3173 1078
3065 1918
3740 2168
2711 3700
3424 979
1186 1260
2492 1827
3825 2937
3157 734
3243 2782
627 3231
1934 1727
381 2742
2353 1488
281 2414
3057 2729
3563 4155
4107 3201
3419 1354
2860 3900
1933 1583
2740 2780
1449 1659
3300 1919
3326 268
4452 356
732 1845
4437 4253
2208 2579
645 2589
311 1955
79 4345
2634 4487
4265 210
1747 3071
663 2104
1209 350
891 4110
909 631
4405 2587
808 2796
1463 3246
4111 3827
1076 4075
1739 91
987 4222
3261 2398
2661 3418
1971 938
1535 1318
3554 2039
295 3922
1909 3161
4236 3048
1032 1108
149 837
48 1100
1250 548
4086 3738
3151 2124
4321 3646
2882 4279
2551 1016
3590 801
2345 3371
4453 2254
1682 1523
966 2075
2279 1850
3791 2494
3751 2816
1232 1139
433 3105
2307 3255
1202 2133
2094 315
2452 1417
4390 1202
4448 162
2469 1978
3706 1915
258 2545
4298 2716
3397 4128
2617 2277
755 3330
277 4403
2553 3553
1851 3057
4306 1570
4161 4469
571 3526
6 3731
1715 3841
3202 1889
356 495
3849 3761
505 372
1702 1499
2743 1143
2633 1004
731 2557
3985 3946
4269 3125
3893 2248
4367 2312
354 4247
2212 637
3687 2604
1961 531
2727 1029
3253 346
322 159
3776 2215
3920 3324
3926 833
2843 1113
3390 4035
904 2379
4364 4143
3606 1280
484 931
3842 212
3298 453
289 126
3829 2174
2145 419
424 3006
508 3181
4292 1233
2993 3655
535 2194
3521 3579
4439 1335
2965 3234
3660 3898
709 3377
3999 724
2863 285
3224 84
2363 3943
2255 2909
2468 2682
1431 4373
4460 3158
2754 2485
3186 2205
86 3864
1996 2925
3921 2847
2537 1571
449 1893
3040 2094
428 3587
4323 63
2009 867
2240 1916
4403 355
852 1891
1206 879
3837 648
2162 2880
2247 608
4058 493
1234 2436
1132 2709
4326 458
4412 839
186 3077
1465 3951
1244 1843
1198 3034
1450 3355
185 4171
1926 420
1195 3249
2437 1350
2088 1435
1660 3029
878 3328
749 1925
3265 1683
3817 2246
1665 147
3400 1616
19 375
2539 4146
3081 3405
856 3455
4277 1859
2790 3270
1427 3426
1318 2986
3223 707
3815 884
3890 1209
2921 4160
4396 3067
3176 2048
2100 1725
2746 2037
2739 1468
2057 363
2833 523
1915 3729
3792 241
1954 2701
1968 1043
3627 2736
4494 3848
4249 791
1370 1854
2412 223
4332 3240
849 3499
2146 1811
68 2415
3115 3996
3665 3713
1523 44
2379 1296
3759 2519
3530 2265
3286 275
2895 3609
4395 990
3624 1151
990 445
78 3051
58 3481
471 286
2040 3154
1013 1902
1096 3669
2049 4390
1315 3753
1522 1393
4085 3586
3457 2273
3139 4330
3003 1489
2913 3562
4205 3990
491 4019
1420 2229
2734 2706
155 2703
2919 706
2752 1974
910 4244
768 3542
745 3471
2335 1194
2174 4148
3749 774
1939 1163
2213 3223
1885 3754
621 4331
4426 1566
2708 1677
4275 4374
3167 1485
3932 535
129 69
4040 2997
4014 599
1374 3979
2584 39
2682 49
144 4328
2826 2362
979 3683
2798 1953
624 206
3512 281
3710 3243
3602 1250
1687 2278
2188 2653
2413 2024
3981 2389
1367 3135
3640 705
106 3264
2499 4152
538 3613
342 2132
4316 103
2061 233
2550 456
1400 425
4394 974
2277 1557
4153 3493
1444 3098
2194 630
2600 1413
1631 1316
367 3295
2167 846
1673 211
900 2458
1844 2068
3412 1674
4348 508
1893 828
630 354
1871 1717
3505 2743
95 1388
1981 1359
1296 2155
4209 3584
4001 430
1630 3360
3118 2514
93 4320
4076 3571
3952 697
1005 2859
1024 1039
2039 259
16 474
1752 1553
543 1169
3280 2597
1559 291
2710 652
2391 1158
672 1957
1320 993
1876 2635
3850 2067
822 3420
1506 185
3325 607
1479 2962
3975 4189
341 3596
2856 404
3564 2717
2656 1900
776 1622
1127 4493
1802 3566
2010 878
2778 221
887 2640
4481 1429
2327 1145
2849 2292
181 1107
2588 4081
575 195
2323 2563
3651 3879
2972 4362
3481 1795
4373 3641
1547 3814
2714 3038
143 3192
4389 3329
2265 4290
4087 2781
3507 3972
2576 2061
3929 2565
2410 1238
504 2687
992 2879
2451 2439
550 2055
3661 3971
1530 3284
1674 60
741 574
4443 765
1350 1958
4284 476
1341 3844
3207 3728
2717 46
1163 308
3796 2510
1645 891
1104 353
3493 628
2978 29
2839 240
825 3705
3019 385
3279 93
3225 4361
46 3010
517 952
3472 457
328 1800
511 47
1354 1753
2189 1841
555 3402
4304 3581
2097 627
1483 561
751 1426
4019 3309
3096 1863
3428 4048
526 3244
436 1567
23 21
3878 778
962 2480
2644 323
1357 2965
3914 2047
3535 3670
2526 20
2725 326
3784 588
4457 814
4343 1055
1691 4377
1951 1222
2650 2384
2829 518
2358 4154
1406 1201
4160 3523
4101 2569
4204 3202
2941 4010
565 1343
59 3079
4256 2608
809 4093
321 196
437 2678
872 3559
2540 2622
1 2573
3025 1983
2732 2022
4078 3759
498 2271
713 3574
4178 141
2609 3372
3183 3508
3487 3928
1387 1476
1137 1667
402 1257
1468 311
1227 2089
1007 3535
3030 1967
2219 1459
2175 164
432 3033
2132 3009
1326 3338
557 2437
1808 3144
1451 1691
1226 3875
2427 3267
1539 2659
3134 752
4290 3000
890 603
20 2404
2312 215
1294 398
3227 176
710 253
831 1117
1620 2544
3636 987
3663 1521
3343 3395
1349 906
3716 4058
4399 2753
1475 3092
1922 227
1943 345
1176 2156
252 351
239 3707
4318 2188
2310 1174
744 299
3528 3468
4044 4476
1692 2996
932 451
1856 3652
3427 90
3881 1134
4062 2149
921 1869
2974 2192
530 1782
3386 273
2231 2649
2196 4450
2069 343
3917 336
753 2462
667 2195
1608 3066
17 152
4379 1950
3598 3691
766 3787
2442 2757
1121 711
3619 2675
1846 4262
4065 274
4349 3634
2698 2289
2400 2330
2673 4178
1484 2328
1078 4291
683 197
3968 842
963 3572
3196 3367
3106 4367
2104 973
3551 3323
2802 410
3976 989
796 3150
3206 3408
4455 3833
2027 1358
84 943
2149 1058
1845 2921
344 2043
2045 4316
576 3747
4476 1822
1016 2572
2106 1127
3189 3548
1268 3043
3188 172
955 2396
1901 3286
4015 2908
4470 24
3041 3139
1604 1787
3510 3238
4118 3687
2760 1473
997 4198
4472 2567
3502 1718
3742 3110
2852 1940
2180 3718
1006 1092
2695 4276
3478 2957
2098 2338
3538 3058
1072 2947
4180 4251
1128 3385
122 657
66 4242
3666 615
232 2496
3635 835
1670 1761
3246 3615
1299 4185
1473 2797
4466 1745
3055 2097
4488 4119
669 1427
40 2549
1039 4061
4483 4431
3147 1013
396 2468
1447 3765
4121 12
3381 3998
4490 714
3323 3973
2709 3913
4313 3200
3613 3237
4409 2871
723 1200
326 2954
2119 565
2157 1348
4165 3
3285 2820
3292 2138
1998 496
1365 465
3169 1319
1594 1147
3562 4412
3772 2008
3496 1046
3733 2867
1573 3435
783 1299
877 4230
3824 2562
47 2353
357 4461
2042 2840
3422 251
4091 1142
1300 3856
1610 1721
24 2741
3128 3378
2570 105
3998 2580
501 140
4037 3251
1614 4283
742 2242
3462 4030
4447 3464
2112 2818
1001 2516
2906 3649
3575 748
288 591
660 1574
3958 2812
2751 521
4309 3427
2750 3292
118 3585
2275 3961
1077 4050
611 64
2103 2774
2313 2489
1092 3187
2333 4053
75 2752
4226 957
1811 4188
2216 1625
991 2534
823 3416
3593 3610
1612 1177
2290 4423
1324 2891
348 997
3461 2864
2948 3253
1351 769
1087 2667
4311 396
3182 3867
4036 3926
331 3849
3524 2819
2738 971
721 1665
4408 3912
1340 3664
947 3823
957 2483
649 4443
799 4118
3498 3111
3219 2991
843 1764
4075 956
3867 2849
3101 663
3574 440
2389 376
2996 67
2297 577
1969 1444
3094 3421
3993 2860
2782 1911
1777 3074
1379 3600
4231 1418
2951 4051
470 33
1247 3953
182 3620
4215 1188
439 1301
956 2873
3631 167
1392 4437
3473 1905
94 3503
4302 4457
2170 2560
1944 2402
3366 4052
2245 4238
3259 3319
2093 1503
2002 1660
1953 3960
1069 144
1532 2064
3453 3723
1396 2049
2687 946
859 472
2635 1633
1317 2509
671 3640
3768 4089
3339 3647
50 1431
2036 3949
2497 4159
1714 620
2460 4295
1419 3866
92 3551
1650 2920
950 3160
2020 225
351 1572
3327 1138
1329 3941
704 2382
422 802
3959 1069
3043 1816
2608 1141
395 2595
4320 3313
2409 984
3379 576
61 2769
2274 2602
3363 2994
2051 3624
3233 2656
2360 1964
404 2419
4106 1656
304 4020
3283 4477
4276 13
3116 1101
4438 3279
1090 1856
4148 1530
2566 1292
2959 3170
3048 941
2707 151
399 3021
4020 3525
2226 789
1601 4002
2471 1796
1339 3018
1314 1373
911 617
1269 4092
919 3607
3435 3072
1761 4452
1824 4352
946 1217
2627 3369
2235 4434
970 3916
4115 3582
1835 467
1169 955
3456 865
51 3340
2195 2751
4046 2749
2321 1180
1755 3869
345 2469
4172 2734
173 392
1053 3603
3421 710
2359 2021
3125 3167
1774 3936
2000 4039
1439 2767
4478 3174
401 80
1216 1056
724 2628
325 2003
1921 4387
4202 654
3023 3197
989 3322
249 1068
2552 2435
566 4060
467 549
3789 995
3980 2044
1348 3281
4143 902
1457 2641
3236 222
1494 3957
1323 2490
3459 4317
4283 1508
2035 2131
32 550
2298 4409
589 1430
1436 1074
2690 1586
2311 3120
634 992
2120 2976
3970 2697
3162 3119
1515 1387
3146 3940
3402 102
603 965
1445 280
902 3694
544 1223
4117 659
166 3039
1536 3544
1571 2300
3143 2331
3407 1030
899 1575
1075 2324
4068 245
4260 2721
1148 1769
317 443
860 2460
1581 3871
593 1653
3616 1010
3277 3094
1701 2731
1105 4023
3895 116
2021 1724
2017 3616
145 128
2816 4297
2073 2066
590 4240
2774 788
985 3399
2429 1411
854 3798
1295 1395
3120 2357
2125 773
774 951
3032 427
974 219
4104 1818
2306 816
3557 1988
1346 298
746 2739
411 3755
2804 278
4055 1501
2585 3948
4310 236
2924 893
3222 1912
2116 900
2041 4104
2341 448
3333 1277
1499 4116
540 797
1204 2401
820 2082
4067 942
665 874
531 4302
3123 1951
559 623
4221 228
2320 3741
2236 2481
3698 2119
1738 122
3809 2012
1167 3666
4325 2429
4384 784
246 4029
2101 4094
1795 4388
73 3083
1352 3986
3161 3308
3868 3740
4258 4436
3164 2810
3088 3704
1671 3446
2494 1255
2218 1546
1973 1871
3594 352
2543 3299
1369 604
479 3003
2507 1979
2598 119
1101 2219
1283 595
3257 1714
267 190
2970 1590
2975 3737
430 4176
1780 3333
2907 3344
2902 1637
4213 2020
3221 3945
1472 556
1402 4471
1088 3461
2473 2720
282 3259
4370 2676
1372 1486
3601 3504
1257 320
3894 2905
4315 2479
758 1596
1407 1082
3967 3250
4170 1824
3474 522
3098 4319
1882 3915
2072 834
174 361
1792 3341
1398 3576
4322 3736
1356 694
1337 696
4113 2206
4112 3188
2678 681
2109 4068
2014 11
1470 2881
193 1229
3737 552
2459 1581
4429 2779
406 4064
1153 92
2524 2240
1958 1963
2737 1731
1863 545
2137 2010
1321 1534
1182 3211
1566 1419
3073 3838
2496 3903
4339 747
3996 1258
3864 2763
659 4239
180 3433
623 655
2315 2115
392 1716
805 3321
1236 174
2302 3272
3911 1720
2346 761
4223 1470
814 349
750 3482
4385 2105
4071 4446
3623 4375
2046 3653
1203 2450
1582 4394
537 1244
388 32
1371 3923
837 272
2251 2946
486 4139
2518 2607
1919 1047
3767 1041
1949 3522
457 4062
4218 3124
1496 844
2048 1558
1155 2502
2988 4054
2915 2342
2318 3137
3240 1943
220 4472
3546 365
292 1830
1649 1105
2246 387
2768 1576
3500 4358
784 1306
2641 2257
1284 1385
3232 935
3961 1505
2639 3159
1040 3724
4254 4077
327 3550
3552 3015
3017 4404
662 4340
4009 3449
1820 2332
1460 2375
3174 861
838 1044
255 776
1784 2236
3904 266
2160 2951
2091 2434
2980 3524
2178 61
2812 1324
2896 963
4090 1351
4002 3715
209 2076
3486 1129
4099 3303
3728 1181
3730 1792
2192 4439
653 2708
2704 1195
3683 698
460 3836
4351 898
1950 3779
3360 3082
4425 3183
2099 853
3192 1947
3070 1518
1555 1401
722 2407
3652 4369
3585 3437
4331 1710
1011 1028
1437 397
1825 235
4411 757
3484 3401
2254 3592
816 2120
2388 1535
3179 3767
3707 1081
3653 2121
38 2624
1721 3318
846 4055
1094 2478
2595 3797
996 1207
3662 2327
2811 3835
2769 3894
1083 3366
435 589
2201 258
2655 4066
577 1309
3570 3362
2572 1517
1221 2179
2153 831
3675 911
64 2101
360 3944
510 3266
2971 389
2623 2807
2949 2648
199 1740
3668 2340
729 2610
2348 4129
527 194
2817 2017
3803 2791
160 1759
1700 2737
3358 3189
1108 1241
1906 3325
3650 1762
797 1608
2820 2136
3604 2159
3750 3808
612 616
2869 403
2068 3487
4266 1189
2862 2504
3869 662
3127 1626
1435 4344
4163 1361
2490 1669
2522 4402
4356 2963
3540 4488
1862 1778
1079 2658
71 1658
2916 1587
547 2045
3807 1969
2161 1851
563 3930
2546 555
3291 1922
2806 327
2803 2691
2559 1705
3922 4386
1156 2983
1520 1813
1690 3175
643 3789
2186 2833
3936 2011
542 1160
2837 1775
3669 2016
1526 1613
3047 1085
999 1738
1636 2789
2920 2302
533 3268
3075 1589
3738 438
2721 1944
1966 2559
4263 3439
306 1300
1063 887
2742 2154
4000 16
1277 3011
861 4282
1377 480
4392 2918
3148 364
1920 3684
1689 1959
25 643
2163 2237
3822 2059
1766 1921
2435 27
2262 1095
3591 1475
4271 276
802 505
676 3656
4486 580
3058 2898
438 532
3906 113
4338 2645
4003 10
1255 2146
481 763
3937 4288
3973 114
4368 3004
3633 1635
3334 2001
4197 295
4281 3358
2775 2784
3126 1780
4456 4318
4230 560
1857 728
2500 2877
3418 2073
3190 3891
2510 3310
2156 2890
347 2427
2105 2630
772 1050
3012 1730
1397 515
2589 4108
3425 1525
420 1948
3034 4400
4013 4278
4088 3709
1267 1657
2567 2533
2520 270
1159 36
1853 2193
4130 154
459 1166
1745 4211
2328 118
1287 967
2504 3262
1839 3226
4039 962
318 4422
3729 2298
4489 901
3180 3515
1060 231
3336 764
2791 1872
1222 2409
812 3050
2404 1303
3746 229
469 1999
855 1565
4063 1091
2881 23
3437 200
483 3417
512 3457
407 3388
791 4252
1289 1064
88 678
2484 3772
3270 1161
2070 4466
1749 2261
1542 369
716 2264
2177 3552
3592 739
4248 3107
1056 2821
2619 1259
4235 4017
2587 3364
4089 2698
1940 1294
918 4144
1826 2420
2448 650
2536 4199
2319 2333
761 4006
3712 2923
2405 675
4360 171
1048 2083
2495 1932
2917 4480
2840 2005
4177 855
3903 2916
1183 1980
2770 4356
1574 2287
184 2919
3587 2262
4354 51
3874 3589
1551 484
3135 1248
99 2522
4280 328
983 3632
3294 1263
2502 1031
2257 1165
3541 3055
1218 1227
1478 3225
2846 2325
1228 1230
720 3893
1089 2197
1837 2515
77 2290
1904 2680
1570 2500
4173 4379
205 1121
291 2294
2081 2606
1736 551
2138 1367
4359 3644
1833 475
1982 3142
1133 1252
840 3075
13 466
3165 852
379 2581
2785 3242
1124 3918
1319 1287
2873 796
762 1646
1989 1391
3934 587
1803 1793
1030 3412
953 3397
1567 583
3645 2555
4056 2907
3054 1048
1390 3799
156 528
3745 3984
36 2186
3005 924
1440 2938
3483 393
482 1666
2446 3398
2593 2453
2486 486
700 1212
1500 1781
2847 794
2796 400
4424 3578
3620 2958
615 876
3654 3816
2071 4273
2261 1972
2854 2599
2267 3227
2933 1057
2055 3534
4095 785
668 3008
788 3570
3870 3024
243 2792
2233 2467
3680 3796
1815 4208
2113 4321
2031 1591
3335 3881
3357 3885
3582 829
1918 1131
1992 1648
3597 3520
2927 3165
2207 120
98 2666
978 1550
1681 3136
4123 3575
109 3657
3231 575
1164 3214
1694 2486
111 2060
235 3533
3031 3287
2485 920
3431 1270
4144 2260
3773 1249
419 1037
1675 260
889 1447
3350 1192
3511 2740
521 3855
355 731
920 25
1575 1400
1716 2140
2258 2451
461 2006
3997 133
2908 1993
1842 862
3812 2949
4122 2984
3036 4264
2287 3846
1143 160
3543 2103
2945 436
539 1094
2238 1077
3319 182
647 2210
4330 2392
3972 1067
1438 2799
580 4207
906 3289
3364 4482
4329 2178
3897 656
871 1984
3329 1690
1768 3519
1561 209
2521 2693
2604 1933
231 4429
2643 3696
1611 1061
3133 1000
3104 134
2947 4136
2376 771
3401 2746
4383 3474
2197 1088
3413 4286
1553 3444
349 306
1753 2109
117 1266
3634 3186
3657 779
682 153
1014 2940
3848 1703
4206 2932
242 3768
1816 3983
2215 2343
2314 4071
1945 1542
869 687
3875 130
3549 4045
3726 4293
752 2009
3779 19
2052 1009
1049 232
2465 3830
3550 2539
386 452
1118 414
2269 2013
1708 2948
4363 3406
3369 277
4016 1472
3835 3235
2491 3933
2143 2317
1046 3387
2016 3648
2347 3682
1432 3331
3375 2126
264 3409
257 3583
4377 2413
462 4263
3823 3817
3000 708
1947 4486
1960 1629
4080 1480
1355 679
4158 1210
4045 2582
1332 14
2719 2530
63 148
2903 1125
2060 2683
4203 2872
3371 2334
1852 4491
610 411
2445 1183
3469 1119
4128 3775
1897 793
1558 3834
1271 1510
1776 3868
4480 2474
2939 2093
2955 3950
3415 3348
1866 1555
658 3326
3989 4353
1975 2503
692 3484
1074 4314
2164 3934
2523 2609
490 3547
1139 1688
2294 4125
1082 2775
2621 1533
2596 533
4102 282
1501 1726
673 3786
81 4494
297 4225
1135 1289
787 3970
3907 3007
4376 2135
3066 2935
2141 2554
3748 1079
2794 2428
2793 3993
2181 929
2773 503
2407 786
3561 1154
735 598
2064 96
375 2987
924 823
3720 945
1145 4246
2781 3128
2603 3198
1265 2322
3301 331
4473 3537
4334 1712
757 1040
1328 542
3108 622
2332 1924
520 3065
1217 3541
3820 3662
1785 669
4136 1157
1373 3714
2961 3927
3494 2185
3215 606
1112 1930
4282 3633
1482 4425
2880 1446
202 4420
4224 3361
959 2212
652 3510
2317 3732
1020 3506
3289 1784
1031 2232
2779 2758
1301 3411
29 726
937 2793
3810 1606
1699 257
1765 4004
1794 808
2458 3460
3689 845
3670 4105
650 3121
8 3929
679 1045
3948 4492
340 3580
1748 1415
3966 3212
3063 4098
1058 4150
664 2283
3396 2673
4468 2015
3429 4121
247 1772
3509 1204
175 3068
3067 2399
4140 2980
3739 1370
789 3904
3896 2961
3409 936
134 1023
1042 2528
1525 1783
1656 428
654 1221
3260 4258
1015 4324
3691 3478
2474 1001
1928 3910
1286 238
847 2191
1197 399
3204 2387
2859 1537
2697 1025
734 501
3367 1003
171 1339
2209 1375
3171 3044
3362 4433
1916 2600
2336 3314
3455 2391
3658 1378
4028 885
767 1228
150 478
1652 4393
3755 3391
2879 3465
4175 3486
3610 1253
3908 3089
2211 1019
293 1457
2339 3567
474 1178
3709 4435
897 869
2111 980
2813 3130
7 923
10 1272
2393 4465
2891 1098
613 2372
968 3152
3962 1256
1064 4076
2365 2968
1658 4021
4247 3185
3714 553
2190 2220
1405 3260
3798 2802
133 3800
2872 904
3287 1007
3470 3901
1580 4138
4288 1357
4267 1443
2085 2313
3600 40
3641 3045
167 368
1102 2112
190 2211
2203 1643
3452 3528
3965 1640
3537 889
101 2773
3743 733
4482 2865
2151 2596
917 2358
786 4063
42 1927
3855 1305
43 4209
1467 1681
4125 755
3443 2018
1887 2668
986 3977
69 3518
382 3721
1394 1678
896 37
836 216
592 1797
2398 3280
3632 4260
4029 3668
413 1981
1896 357
3497 1755
2533 2412
617 958
656 3974
2128 988
2402 1578
1360 1887
1628 1577
3902 1559
3702 3873
3051 1820
1977 4392
1270 4292
3681 3265
3245 2410
824 1548
3605 787
941 2888
2204 3964
1556 1692
2753 2071
3213 1491
1502 81
3464 3317
456 3788
1391 4478
316 741
2124 1996
3001 3638
4198 2981
2004 2386
973 1722
1886 4194
3555 975
3466 1498
3018 2930
3131 1768
2950 2883
113 3332
516 3017
3673 3532
901 1707
2994 3859
2762 4287
3056 1547
4353 1858
3313 926
2173 4141
564 1090
320 237
2516 4311
4179 4192
3744 4224
335 3543
4098 191
1770 4366
4317 3451
3399 59
214 9
2937 3396
514 111
1185 3275
3915 3171
426 2613
3076 395
518 184
1643 822
1003 3320
362 1377
4336 1060
194 1802
641 3608
686 1307
2967 2623
3517 3870
2529 1450
1900 2889
628 4300
1292 651
3442 2470
4421 68
4174 2715
4259 2894
4006 4376
1959 2385
1565 1960
2616 3725
815 3825
1724 3492
2771 1849
4186 1991
3991 412
3209 1897
251 516
2871 3276
1686 1866
1085 1374
3811 4322
3317 1998
3365 4497
152 812
4142 2244
2011 1697
1142 2499
2748 4335
572 626
4156 1928
1205 409
4427 3315
3373 2988
3102 3140
1986 1562
1663 4453
1509 4419
3444 1895
1640 3353
1004 3498
2681 1752
2380 1
2911 1987
775 4001
2878 2696
1276 4336
2356 3195
466 3843
3079 3389
1471 800
1035 1463
1413 4114
374 3569
1548 1120
1305 4418
740 4130
2217 1582
4444 4416
2892 1602
2706 468
972 1495
4240 1770
3410 4348
338 3298
3879 3639
1858 1456
346 903
3281 1231
1985 2895
4133 3995
3026 41
1664 914
2139 1033
3655 804
522 3626
4233 330
951 1140
37 1966
834 4407
771 977
3722 1103
2735 2122
136 1729
4484 1084
3984 2917
602 4413
503 864
4032 2026
3931 2634
2425 1267
1524 421
198 4101
3539 2141
1036 2732
1131 3840
3690 1026
2615 1569
782 2493
14 3306
3447 916
685 4000
3695 431
1607 2162
1426 169
3844 3931
4245 2541
2712 4203
1084 3822
2222 3477
1358 1011
3501 2665
3909 3711
4004 1363
1242 2175
1338 3285
2305 4475
2408 2570
4422 3193
4416 2822
2220 4255
1942 2639
4181 3719
4487 2326
2943 2531
4312 851
1279 3636
2375 3194
1511 3414
715 487
813 2380
552 691
3708 1686
1579 2809
1710 4074
2411 319
1516 2130
4474 2153
169 524
1454 4405
1991 3483
3155 841
398 2252
280 2723
867 204
4357 359
670 309
719 2369
736 966
4289 947
793 3349
4048 3932
3872 1403
2142 1791
4391 2314
2809 4235
3160 1803
3783 1087
1038 1794
2107 3177
2666 4326
2514 2788
3354 2371
881 1347
290 1898
1609 1527
3595 4016
2776 3230
3852 1362
1621 99
1679 1641
2649 2527
908 2383
1990 543
1388 983
1248 482
2928 2448
1838 1597
2224 3599
2179 937
2766 3667
2890 2461
2047 3679
3024 2329
3244 379
2700 3627
2874 3104
579 554
1771 1290
3235 288
3432 4298
523 1482
1261 1075
3113 1246
2054 146
2082 2233
619 2586
4168 1801
2554 4046
3342 949
3659 1310
1528 3563
1639 3509
2392 4025
1634 2794
201 2725
1336 1014
1976 1042
1157 366
2449 918
2169 636
2472 2733
3699 301
609 57
3450 573
499 4073
1623 3829
2677 3429
2689 1110
798 1760
785 1281
212 4024
2263 1332
1818 2004
107 2535
1297 1275
3646 3090
3008 913
3685 1365
3299 377
4162 3359
1543 2876
2110 558
1184 3096
1298 3681
3092 441
4479 526
3097 449
3567 3959
3072 609
4255 4200
2283 2926
964 3982
1917 3981
3119 3673
4114 1598
2461 2201
1668 3169
2030 2594
725 4332
1393 3256
1312 371
1731 2102
2713 3179
1518 2765
1534 434
3451 2762
4238 1353
3099 4489
2625 3209
2385 3213
3531 470
2273 653
3352 66
2477 512
2757 3252
2992 1748
2868 1407
3741 1126
4327 563
639 2158
3534 3283
1979 1874
625 408
35 2207
3346 2882
2962 2808
2234 649
3573 1680
80 1410
120 3958
2764 1288
4083 4099
2699 2561
2285 3701
1781 3294
3272 2885
3532 3601
137 2836
52 3184
1669 1524
3515 2040
1138 2226
913 907
4047 1826
1865 1994
3723 1515
2692 4022
2118 1805
4270 4333
3016 473
3589 3802
2805 4270
443 961
33 1771
3132 3708
1099 3659
2630 3762
4272 4117
3800 2305
3441 2637
273 3454
1308 2282
3208 303
3584 536
100 1428
1879 289
2573 2231
3761 544
2765 2452
1513 3117
1635 2755
1661 3710
3611 1741
3181 2455
3344 4495
4241 1062
4031 2107
3956 4091
2126 2576
4400 2827
3159 4455
3465 1873
3274 3573
2672 2028
2926 3966
2417 2400
3013 735
2736 1467
1399 2942
1136 300
2936 1668
1188 611
2660 3014
3818 3511
2613 940
884 1214
3916 3054
3522 2057
1008 767
2300 4166
1849 1355
2914 3963
4119 817
3050 2646
4225 506
2818 3618
1821 2157
2667 2077
2344 756
1648 2196
307 3501
26 4177
4007 4378
2726 3758
3753 3441
1421 2238
1963 4236
4208 2377
2990 3031
2065 30
2249 1945
1047 798
3303 1706
3359 4451
674 703
2922 2878
1412 3706
1330 2551
2337 4132
584 1847
2182 3793
3727 3081
1345 2408
3935 1823
224 2360
4053 3221
3110 695
3840 1676
2440 3693
1493 450
637 3530
2876 3149
1021 3203
883 2208
2159 3297
4052 3561
2788 3239
622 621
1836 3100
3569 647
2799 3699
1568 3153
4146 2896
3781 3783
2025 2828
4419 3489
2684 2007
2127 1786
3438 87
3928 749
1891 4044
1913 1295
2983 847
2942 4072
2653 88
3696 362
2877 1763
3871 1226
3015 1453
2531 38
2221 1910
1316 388
2084 790
4285 2764
2832 1315
2455 4204
1122 1512
882 3517
1029 437
1331 110
1442 459
2184 2603
2780 1175
21 1405
3433 313
938 3612
3705 168
384 3606
1235 2506
4026 1652
4109 4498
2513 499
2865 2177
942 72
2800 1118
3523 1862
3089 2259
2362 1148
1899 2359
702 1115
907 1474
2652 509
3747 1448
2541 715
387 4193
868 2014
1521 3070
1870 1506
984 3764
2183 2355
2498 546
4060 4301
1010 570
3577 2269
1259 3002
1572 2025
2976 2065
1596 4212
2841 490
3529 294
2114 3602
675 2956
2134 3485
743 1203
3713 1208
4404 2712
4471 4206
1829 743
509 2756
365 4173
3256 3430
2744 2301
1290 2508
1884 3442
3388 2735
3083 1322
1306 3852
2133 4040
640 1005
803 2352
3857 2727
2166 713
3230 2251
819 3680
1187 95
2092 4196
2808 919
1717 1381
2755 1130
1912 2817
3417 818
2383 4309
811 646
2150 2095
3168 3001
3237 3782
969 2967
458 1421
2519 3290
1729 4034
1927 1848
3145 4459
4239 1990
3460 1644
1997 1609
2952 1711
1237 1136
2117 2447
1924 2660
2044 348
3770 4172
933 1744
585 968
377 143
3331 2790
3423 3813
2441 2838
532 3296
3945 4447
1086 1672
4436 693
2671 1424
2842 850
108 3880
2731 3660
1041 1735
4159 4221
3109 1936
1080 1708
2696 3350
4141 2955
1045 4315
548 3842
4257 178
389 530
412 129
756 3539
1641 177
1703 2173
3153 3236
2324 249
1688 1211
1719 3720
3172 2900
4401 702
2439 446
415 1532
2577 1774
1952 3156
1061 3987
2059 712
3178 1938
1970 2761
1760 1021
927 1701
4350 337
4378 2148
2506 1336
4274 121
204 1408
1180 2633
2108 1135
2453 2584
2007 4056
3361 1278
294 2704
1828 3109
1843 193
4450 1507
270 1198
2357 3819
3284 2518
688 2052
3974 4059
839 3300
2973 322
677 1379
2763 3895
4397 1870
3062 3818
2038 166
1477 4411
599 3939
4199 3443
366 870
4358 2100
3004 2738
4022 2511
265 1742
286 2053
3566 4383
0 2311
2018 746
225 3888
866 1773
1344 161
1389 3274
2487 1465
4237 1032
1797 4427
2997 2754
2931 820
707 727
800 1739
1429 1946
2612 4481
2028 4496
1019 932
595 2713
1382 2950
3340 639
2688 4385
2981 2118
1309 2214
3836 2074
1799 1894
4183 3241
747 3763
3617 2341
4164 824
2390 3053
1410 3994
2620 318
2562 2512
3923 461
3436 718
4445 514
1200 641
2910 2689
2369 1809
494 4284
1592 4082
1746 1076
697 2719
1552 899
3769 1868
489 2029
233 2615
1758 1684
3060 1149
1878 150
4462 199
3724 2279
844 2875
9 836
934 3663
4423 2487
2956 3013
2664 2217
1288 1536
583 2222
1676 2574
3614 895
3900 2421
2205 1167
3308 3621
3311 4201
3703 2558
3648 86
644 3386
1744 1213
1095 4463
960 4113
276 85
15 1390
3763 3921
2662 4467
876 1206
1726 2417
2828 2354
3337 917
3490 4458
943 3122
1606 1904
4061 2837
287 3164
2378 54
2858 2652
1141 3513
587 504
698 3205
3885 3311
2476 3999
1291 807
2883 1168
3642 2235
2886 2477
980 1114
2450 4097
3100 2786
2005 384
416 982
4458 139
3038 2293
2989 2134
1441 3335
3506 1469
2056 1133
450 2777
4195 3502
431 1397
2758 740
2792 1386
1646 3026
4252 2928
91 2824
711 203
1804 3954
739 3686
1583 2540
3946 1368
2982 1952
3347 2316
1923 333
3037 2218
638 3337
1054 4430
2361 564
1027 2128
1778 894
4033 1875
477 3138
76 317
3318 3432
1980 4170
3866 2227
995 1880
2225 3016
2024 2488
1999 283
393 2268
912 2627
3314 2960
4398 6
3341 4391
4314 100
936 1885
2340 3339
187 2498
2999 2472
2155 104
2985 332
519 53
2958 1326
3625 380
3293 3861
3458 4026
1456 1975
2292 2694
2583 78
2355 2090
3454 1152
582 3445
2946 2999
945 1297
4454 464
2488 1881
4341 1311
1841 819
3033 909
3542 1422
828 3558
1229 26
1113 4184
114 2578
3262 1968
1550 2692
870 3030
930 1302
4430 1929
2428 3555
230 2230
3513 729
3766 624
2102 3052
4171 673
1147 2180
506 4389
3854 2543
1626 1949
4352 1216
139 1790
3692 4182
3806 890
1293 2079
1587 2663
981 2137
3799 1593
1595 2432
1055 360
1988 3969
1591 489
2432 3041
1955 2418
3508 1199
1713 2099
3376 2611
2845 3479
2023 843
434 2760
1994 3952
54 1713
1677 4237
196 1829
1191 3023
3941 1254
862 3874
3758 644
1874 2035
528 1909
2012 2345
3721 264
3150 625
74 3781
2929 1193
4449 4087
1117 782
2855 2744
4371 433
2095 1756
3006 1369
2694 3392
892 3780
451 4299
3405 2939
1925 488
2599 2629
1978 255
56 3407
455 3245
2647 1402
1638 4364
863 1234
3839 3199
3516 3604
835 758
219 1500
618 873
2705 732
1775 3774
125 1580
3316 1899
1458 986
2657 77
1363 1986
3220 213
2545 1939
931 1461
2475 1346
3778 4473
1071 1804
1807 3462
4246 1614
4190 1934
3638 1274
3184 658
3312 3896
1230 1464
3271 2374
3014 759
4374 1215
4387 640
1253 479
4340 3086
1576 2856
3804 2491
2470 1372
4228 2160
2789 3675
2597 2542
3229 3791
1889 3458
1907 1344
1073 1433
3785 568
1801 444
2932 1342
3009 1102
853 1842
371 2284
1616 4484
2542 1247
1537 2030
2026 3114
549 4363
141 4120
1617 3273
4413 2165
2638 4254
4382 4470
2606 1883
935 2041
2977 1552
221 82
3697 2023
3477 2356
3353 3069
536 3722
2909 3390
3238 1977
3205 1828
620 2592
1751 1867
2900 579
2467 2411
2897 4195
4250 3595
3834 684
2898 762
1956 4133
2885 1445
1322 3847
765 3557
1150 173
1026 2974
2381 908
4210 1832
4388 460
998 17
905 312
2260 424
3682 3370
2963 1698
3544 3394
2724 4096
3684 4365
3020 2532
2338 1749
1488 3063
285 815
1740 3697
2729 3968
2243 3410
1540 1487
97 777
1037 4381
3679 2200
1764 2347
4381 825
865 1976
2202 3591
794 3806
191 3733
4435 1490
1160 832
4461 226
1577 1360
1140 1619
4261 2677
83 1261
2953 3088
4138 2848
1081 2110
4151 998
3027 1962
888 3863
2144 1035
271 666
954 2459
454 4426
1569 137
1883 1798
2925 2038
1619 256
2759 1059
3930 3975
368 429
1474 4158
817 62
1028 3141
1632 34
3414 491
269 3650
687 2564
4057 4380
1252 3897
790 3316
2594 2832
655 534
3954 415
4034 3739
329 3062
2834 3379
53 2850
3011 3712
300 1689
1091 1024
2894 2671
2686 1662
206 170
2733 944
1984 676
400 3224
3808 600
1941 1931
1597 3792
3630 4191
1273 2685
3667 2785
988 3702
3536 4334
1931 2766
241 477
2701 1409
210 4027
1854 497
1504 2998
2838 4327
1110 2416
3395 1478
3615 2548
115 760
1098 3229
4496 3115
4268 1080
4167 1240
1872 2747
3960 1734
1757 1882
2282 3545
2669 1937
4184 1070
364 2310
3467 455
581 792
1275 3980
3201 1838
1116 4421
497 1746
3581 248
2268 2839
1817 2985
3777 1502
3924 3676
588 145
4051 1172
1100 3745
4189 4070
3269 3862
3392 3899
1481 2647
3912 2339
4286 2228
3694 1173
3832 3955
2115 1036
608 3093
850 1420
3408 529
3177 4124
409 2936
3677 3413
1495 1109
1791 4011
1510 3091
1873 2931
558 2113
3203 3826
3250 3935
3191 1396
4212 4406
1213 293
2605 416
3718 4474
3307 671
666 3727
394 4245
4155 897
3719 3404
4103 2492
244 2643
475 1099
2670 582
4222 4372
2147 2171
1657 1549
4042 1693
417 572
2015 4338
2563 2674
405 217
804 1585
3847 3839
445 287
1600 3536
541 2303
12 4233
4012 959
334 3163
3734 4180
472 3118
524 247
195 252
1347 2364
4477 1236
3884 3447
1498 811
3211 3103
1025 4401
1667 4142
228 4181
3007 1757
4072 2182
3330 875
1262 1634
423 2631
121 3514
648 3795
1507 2577
3137 3821
2090 4126
259 1458
4147 635
2276 2306
425 939
4499 201
2187 3889
3643 766
3111 2281
218 4164
1123 3812
3322 2397
3514 645
2 1146
256 2507
2934 3424
3416 2707
4132 4227
1905 619
848 539
4299 1865
3700 4210
2232 180
2693 4220
2080 324
2716 1750
2870 2529
873 4428
551 2270
1957 2139
127 3277
1062 2662
203 3301
4219 1052
4043 2944
176 4009
4463 2471
2135 3516
3061 2405
1490 3208
1722 297
4308 1785
1806 3565
2368 3809
3251 1877
1012 2536
2923 868
3988 4249
369 857
1181 1170
2129 187
1239 5
1902 2117
801 2286
4491 3434
3686 2598
2083 858
728 1682
2140 2150
3526 1083
4005 3965
3880 3271
4414 1219
378 2711
90 692
4433 2995
3039 4265
2580 73
1869 2843
1633 2841
1908 1917
689 888
89 2050
2421 925
275 3040
3949 2476
500 2376
3091 2307
1786 970
468 342
2420 1992
1119 1383
3117 1449
1212 3695
3717 3278
759 3356
2419 3549
3525 3218
2250 271
197 3134
1503 417
213 2247
283 290
4145 2924
3790 3564
1793 4183
1563 592
2266 4037
1264 4079
1114 2854
3891 2702
3782 3307
3175 2914
3576 1017
30 1699
1225 3785
4497 2166
3268 0
1452 2249
3309 2056
567 1777
4465 1663
4169 2425
3321 1123
3841 1973
3762 1573
3166 1600
222 3035
574 1012
2680 2440
1256 3858
3978 1853
3468 3157
4372 2705
1070 2216
1194 149
3802 42
616 4304
1448 413
2399 2239
2622 3228
727 3630
763 1615
315 2098
440 2085
1051 4234
3248 4065
4253 3884
2037 2091
1177 2523
3678 2745
1469 3905
2396 70
3644 2370
4105 1628
596 370
2079 1330
4342 401
2918 2972
4440 2078
2242 593
1375 22
2223 1554
5 2466
1173 2906
2665 262
1480 2855
3898 994
34 597
1662 4095
3480 3196
2850 3488
1423 2189
310 586
333 3207
1158 2142
2640 1942
1840 2657
1603 3476
303 1380
2364 1896
4251 4202
1974 2571
2822 737
4018 1454
3380 3025
200 4323
3218 585
3138 4219
4410 4033
1723 1732
629 2605
3865 4041
4017 2106
487 1432
2406 3907
4243 1630
1948 725
607 2176
515 2977
1696 660
4093 4349
3843 3815
4441 744
614 996
1693 3032
545 3777
3756 1406
2685 1620
2525 2770
1165 2801
560 1481
4434 1632
1401 2521
3518 1514
248 2318
3771 1704
842 4306
4139 1325
3887 3347
1175 4028
263 3381
1725 3480
2957 4445
3618 2672
3787 1283
253 1836
1590 1414
1335 3803
780 3087
714 2910
1179 1511
1605 1528
3919 670
2528 1513
586 109
1022 3853
3754 2224
343 3312
3609 447
493 3820
2322 1995
2658 3450
3821 1903
2730 813
578 1747
1327 3257
2861 2636
1333 2588
2801 269
1310 2285
3241 45
476 4147
3370 2714
760 750
3378 602
925 1673
3676 55
2824 2853
928 3422
478 2127
1285 1376
4127 2388
1812 720
1381 677
3242 1671
2252 3925
2830 930
2984 2970
363 3605
3883 292
2172 2431
3939 4395
3859 74
832 642
4200 719
4092 155
2628 1171
3649 683
4124 3756
2394 4399
1486 1560
2904 3790
4025 214
2370 2886
3394 4414
1065 1423
3933 391
833 3908
3899 960
3889 3860
1130 1758
1588 3232
261 165
2422 1941
2602 31
418 4408
4207 3619
2530 207
1867 3742
82 2664
3074 1496
2720 860
284 2446
2512 883
1763 3452
3290 2108
3819 1982
1983 115
2403 2805
4185 4250
3527 3617
3042 3247
3044 1834
3112 4432
2244 4280
1162 1539
3156 1313
2629 4483
2286 2241
4407 4165
3828 284
2210 1218
1207 3850
738 840
2703 838
1972 1404
635 2964
2679 1864
1461 2096
2844 3902
28 1645
2418 4186
976 770
2295 1592
3187 1529
4054 2730
128 4490
864 830
1737 2524
2325 699
730 4325
410 1065
2548 3116
2944 2893
3628 3415
1644 661
525 1807
1154 3554
1411 3512
1152 3597
2715 1901
4182 3467
3295 1122
1684 4382
2848 738
3731 882
1790 1225
3957 985
879 3425
1800 500
3149 4440
3228 2903
2270 1541
216 3540
701 2054
188 4444
2123 3909
923 4312
3404 2430
2373 2644
3158 3978
3579 1389
1932 3766
1769 1392
262 3049
915 1437
238 3147
2676 3182
3129 3886
2478 3302
1424 3382
781 4442
3052 3598
3983 1737
3476 1846
886 1086
1651 3097
1409 3106
977 3992
606 1384
591 2321
3382 2366
3492 2394
2532 3962
1219 3005
3725 596
1196 1861
151 969
3105 2897
245 1650
3324 751
2864 3305
4287 2291
250 3865
2301 4266
2819 2814
594 1965
4084 321
605 382
3095 667
4074 881
1311 896
3383 3985
3647 978
3622 2943
3263 3475
1134 795
4344 3456
1023 1810
4220 2661
162 1884
3142 4256
164 4248
1615 1251
3786 3469
3387 2695
4188 3769
1199 2915
3950 1733
104 2750
2299 3892
473 2989
4073 3500
397 3448
696 1089
778 1245
3901 2550
3121 1736
3876 2484
3234 2266
1361 3577
1018 934
3297 1232
1544 3877
2331 3472
4216 2002
3320 3911
1455 1876
4366 2621
4375 3685
1788 1604
464 2700
446 463
633 612
3064 2253
2624 4289
2043 132
1043 3750
1805 234
3377 2525
3403 1337
1193 220
1599 3924
845 3495
733 3219
312 492
1705 2591
2063 4042
105 2710
2626 2844
299 4303
3578 2390
748 3531
1936 2063
463 4398
3873 3258
3969 584
2538 2422
2415 2902
1380 688
694 3112
1512 1317
3349 4085
885 1920
3752 2183
2648 4102
2001 97
2637 2295
2857 3047
1666 3060
1497 2718
1995 1452
2350 3917
3603 2114
982 880
3302 1352
3185 3546
154 1235
2940 3383
3612 638
1789 3906
2702 610
2309 2870
3795 809
2352 892
4150 1425
1578 753
2426 1442
3764 1111
1860 2811
4380 2929
3608 2825
777 991
1598 3631
3599 1670
65 2426
2787 2826
975 2806
4077 2031
3793 267
1281 1723
857 953
2527 689
3152 1020
2191 716
4262 325
132 2835
3255 1603
3411 1817
1313 1594
11 1624
3940 2245
2636 2927
3813 1242
4082 18
2229 2772
1033 717
4301 243
1404 1776
3994 2368
3426 1364
636 4168
1531 2167
2067 4357
2508 3872
452 4479
4295 4281
827 2642
1125 4359
680 1526
3688 1185
1819 3459
1554 3654
1017 1416
1827 3883
1417 485
4469 1694
903 1282
3886 3956
3328 2395
421 3735
1987 3878
4066 4272
965 1273
41 2520
1434 2062
2329 1914
1249 2223
4294 768
3504 1051
2199 2552
3995 912
2745 2681
2899 4161
3355 2901
3845 517
703 4347
3440 3374
3858 3351
3732 1837
3266 4047
179 1293
1533 519
3990 340
3193 2454
2556 2221
146 2381
4059 2874
4345 2443
1430 1833
2722 905
2569 3357
898 510
1733 1627
3348 4107
3267 3080
993 4228
391 2144
3258 156
4041 4384
3114 2933
678 2263
2827 390
1415 1191
553 2679
3639 2297
4303 1642
754 107
453 2086
916 339
3035 2934
2728 3042
3846 3108
2374 826
4242 58
1796 378
1698 3101
4418 2978
4126 1186
1585 435
3588 1664
3140 2614
2050 547
3374 1340
3503 1923
3495 2829
2631 4084
597 2267
3565 1184
44 2378
1734 2361
2122 2975
1414 1285
2230 1477
3372 2125
2998 3473
1129 2275
414 4149
3671 1700
2607 3365
4431 4151
691 3490
140 2204
3304 3204
1678 239
4273 915
562 1304
3385 2601
319 2336
4201 2568
2611 1767
123 469
569 2830
3693 520
2893 927
2462 1819
646 3635
1384 2537
278 4032
408 4296
3141 208
4154 136
2995 4424
1274 1314
2456 383
3194 632
240 2309
3910 3206
3296 3689
967 3629
895 3703
383 3336
770 4215
2964 338
1877 3854
2668 854
1068 3304
1647 4468
3430 131
3905 1265
2029 2202
4131 1159
4135 498
513 557
600 3127
657 1651
1174 1879
177 1072
85 566
3059 1588
1366 2846
2511 1027
1557 2505
3801 4274
302 304
2723 1687
1115 3436
971 186
4157 3491
2165 664
2821 3440
2436 198
3560 1205
1233 4038
2564 772
4467 4134
717 1906
2284 1308
929 4018
1527 2143
496 1840
480 910
2482 2350
2280 83
4406 2892
305 590
62 1989
922 2092
948 821
642 3012
2930 261
158 2464
131 1661
3607 1892
298 314
1659 135
2741 3527
4137 2051
1773 2804
2807 265
2646 189
3093 4448
3953 1237
492 976
3987 2783
3010 1522
103 3642
893 1156
1627 3099
1584 2296
880 2444
3090 2625
2076 3749
1307 2367
3103 2087
3389 3837
229 3505
4319 754
1416 3345
1246 1439
1514 2726
4024 3085
266 1155
949 3593
4442 65
4010 4417
172 2276
914 964
3992 3771
2835 3178
1946 1073
2158 613
361 108
1655 1890
631 4360
2214 94
2579 3651
2987 1054
2969 1601
1830 2304
465 1279
1097 76
3254 7
4116 1564
2938 28
4333 922
3559 928
1848 1015
1050 3716
1754 2199
3021 2198
2334 1434
3955 1612
2034 1695
2505 1264
695 3291
2632 2116
2430 2669
4050 3470
1704 4190
4079 1440
1303 48
2654 2798
1750 1607
4335 4187
2991 4337
3775 4007
370 594
1485 1766
4297 2887
3434 3997
568 1719
1103 4485
3674 4339
3163 2795
163 1954
3816 2442
3391 250
1560 3623
4428 2992
211 3734
1106 3988
681 2690
2291 700
1683 4140
1278 106
2185 2463
2343 4122
1549 2243
3022 1852
1505 2517
1362 1327
4030 1551
2058 1179
1466 2169
2825 483
2013 4145
2089 335
4129 4397
3130 3967
380 1649
3765 806
1166 1520
1385 1197
4196 3368
1126 3354
1545 2575
3332 1038
1892 1878
4069 4464
1589 1063
1386 872
830 2651
2281 1806
806 163
1855 2147
2578 511
1680 618
447 886
1383 1196
1107 347
170 4307
226 1857
1243 4243
1787 1855
1759 1187
2534 1935
2783 4080
3216 1961
1151 540
1564 2335
3736 1398
4094 2250
2889 302
2761 3811
3851 4174
1735 3210
1622 2072
2480 205
2304 2952
1832 1631
1359 3215
4386 1799
2397 4167
2278 2348
2354 1538
3046 690
4097 502
4305 4111
1266 3831
604 1545
3701 310
2372 43
2377 4214
148 2912
1707 2349
4134 513
1260 3794
3080 4008
4362 1106
189 2151
3210 3028
2823 124
2342 3419
2884 3828
2866 1328
234 1825
124 2866
1709 3672
1706 1751
2062 3064
2078 2190
3913 2344
1602 3020
3626 3677
2447 1008
3053 2424
3226 329
2549 2922
2121 1497
651 1268
1282 2255
2168 2319
376 3453
1730 2423
1241 3376
4120 1176
3071 2403
1280 2495
2066 4123
3124 3380
1914 2032
1353 3671
102 4078
390 3778
2371 848
260 2373
2288 4218
3888 8
2582 2845
339 3102
3860 972
1767 3022
2003 1484
1171 179
4328 1124
818 2274
2851 1492
1895 3222
3704 3346
1732 188
3621 1494
2642 4342
2581 2081
2756 181
4049 3288
135 2526
1211 2759
2831 1702
2795 742
875 1493
31 3123
4081 2111
4495 1913
1993 3384
4064 3746
4485 3942
2767 1220
337 3594
3198 2088
358 1605
4234 1956
2557 4438
215 3180
1880 1821
2674 3129
227 1182
3664 567
3882 2225
529 3760
3982 4441
3197 4127
1685 783
4011 1860
4347 1338
2032 230
442 1116
3 2800
3002 2042
3774 2457
3519 2170
2148 494
217 175
4166 1153
495 1144
1210 4213
3338 4031
4493 1584
157 3690
3170 2441
2935 2513
3580 2547
690 3466
2718 4
2053 2869
1586 123
2423 2482
444 4410
940 1483
159 2473
1489 1997
2316 4232
1245 4229
3351 3643
3892 406
2683 1071
1868 3730
3398 3019
2457 2842
1000 3061
2675 4131
2786 827
1823 1262
3384 2145
1562 1543
1120 3334
1190 1779
165 629
3217 2152
3393 3046
3861 1970
1718 1312
1178 2834
2074 1907
4038 2728
3826 2365
1720 1323
336 1441
994 856
4324 4305
3947 3937
2200 3507
661 1709
313 2593
3499 4371
3310 954
4417 2299
1342 422
2096 2616
2867 1654
2547 2058
4214 3658
4008 723
3548 745
1146 2308
792 2851
2651 3132
2438 407
1149 578
385 4329
764 1595
3656 2913
1965 3776
1491 1269
301 2129
858 2164
3199 4354
4 3176
274 1462
3586 3692
4070 1639
1263 1679
4337 2315
3757 1647
3637 373
1672 15
1910 471
4217 4169
1144 4106
4149 2868
1302 2034
2645 3190
3533 1104
1172 1985
4227 1006
1334 35
507 1908
1834 3757
3278 2433
3082 950
2019 3744
1813 4396
2968 3560
3547 1366
2810 4036
3488 2686
429 803
2590 3217
4420 2438
1443 1617
1890 2033
2586 1504
1059 799
55 405
3264 4197
1376 3588
178 344
2517 3428
72 2699
3735 781
3446 244
3629 4049
161 4112
1487 3095
2272 981
4192 2688
3247 4175
3475 810
3275 89
773 4269
1962 1162
3797 3914
2433 507
1613 1053
810 2982
57 2620
570 2080
1538 3363
350 3521
3545 2163
1861 381
1066 2787
183 3678
3558 780
2560 2475
4475 1349
2416 158
2443 3403
323 3751
926 101
3445 863
2515 1519
1459 569
1697 1561
1208 3148
3794 3261
2610 2803
1654 1286
138 3876
3107 192
4096 3438
2414 2046
2960 2823
3136 3084
2663 4241
2901 1150
4244 674
2555 2945
4191 3726
3831 1509
2575 1815
2259 1341
3760 4343
3448 52
2384 125
3288 3342
279 4285
4498 442
4176 2585
1742 2000
1625 481
49 2655
1894 2320
2966 682
2386 56
2395 2619
1772 537
2086 3614
353 3773
