500 7000
102 203
115 271
204 442
10 66
385 497
179 22
232 386
140 367
101 451
197 372
1 363
245 18
404 297
11 362
73 307
134 400
181 255
70 127
419 83
384 140
235 326
396 89
172 421
387 219
198 98
146 163
62 220
337 351
449 432
259 143
282 42
215 51
240 111
356 409
416 314
23 187
368 475
188 69
20 164
478 157
452 63
343 239
15 488
231 159
253 46
220 76
263 464
221 193
289 36
206 216
27 238
383 174
453 290
48 294
208 128
114 34
481 368
377 477
265 235
55 213
316 354
116 225
26 456
421 210
227 118
264 487
212 16
242 345
271 200
395 356
339 30
438 317
84 370
53 70
359 350
168 52
219 427
433 125
139 97
218 126
400 244
129 9
158 375
305 393
122 215
469 234
75 119
357 318
98 122
36 242
320 428
202 423
328 408
39 334
295 364
144 158
196 14
123 359
109 148
13 320
436 276
164 177
450 304
277 81
92 441
336 455
280 443
260 96
301 150
67 41
386 0
121 2
207 467
217 360
354 291
378 134
226 182
17 247
326 349
237 407
346 277
95 418
296 171
288 329
319 132
424 19
465 414
79 169
104 75
100 283
61 131
461 269
106 80
21 485
379 346
376 173
14 130
273 72
495 361
135 479
249 494
156 337
138 217
236 496
182 106
42 198
435 87
258 447
434 204
410 308
477 401
160 330
203 60
141 55
406 179
32 94
69 109
448 43
110 48
194 336
131 108
35 147
475 24
323 172
193 382
311 205
45 448
331 68
157 212
340 253
136 478
251 222
374 486
268 120
41 437
81 154
466 430
446 420
409 259
66 160
38 491
184 180
173 133
372 28
494 381
34 84
250 287
487 196
199 335
307 274
222 168
325 254
28 357
153 95
408 79
279 446
239 313
124 33
51 473
90 40
485 289
210 243
118 306
388 167
443 50
338 112
391 460
274 246
352 149
389 327
85 480
2 86
132 433
437 395
247 300
99 82
322 77
77 311
148 226
490 281
345 78
126 124
223 399
252 262
309 263
213 170
407 25
291 113
180 229
7 241
431 191
57 56
298 374
233 285
12 5
430 261
170 383
380 358
246 156
360 458
294 67
428 385
76 1
403 175
364 438
97 415
344 218
470 227
111 44
105 116
315 474
397 62
56 151
290 449
358 85
200 425
369 301
488 104
192 32
363 99
499 249
169 348
429 416
498 292
50 236
278 206
8 123
272 397
150 176
185 214
143 392
463 252
128 194
442 315
459 258
393 232
261 365
440 493
281 275
29 391
54 240
447 49
96 484
351 110
64 208
37 328
87 230
306 91
405 100
482 93
248 411
392 146
355 38
314 406
255 71
72 284
353 21
334 319
71 256
191 439
318 332
423 347
312 466
454 245
142 114
88 12
58 4
467 298
33 223
497 11
44 398
43 35
183 101
147 380
171 268
178 121
330 324
382 184
425 250
375 37
186 468
52 264
47 342
332 293
324 316
49 419
317 296
333 201
174 379
394 102
401 378
18 457
302 178
420 490
373 436
341 498
460 390
211 65
108 129
83 481
31 344
329 270
310 471
120 61
86 233
127 305
5 199
205 54
229 228
486 279
479 323
59 434
349 257
489 353
362 26
224 23
161 17
262 396
149 273
398 388
19 402
40 483
304 404
457 59
78 452
189 424
471 192
414 209
163 105
276 403
113 377
285 322
166 265
22 454
303 197
117 202
16 444
243 440
299 7
4 492
365 189
256 376
412 74
162 495
441 185
321 53
426 136
472 92
130 413
154 470
484 142
451 310
80 260
177 117
190 461
269 417
445 231
468 429
209 463
381 462
125 331
366 272
283 221
137 103
266 295
176 139
152 90
107 266
402 340
175 64
24 338
151 469
327 186
456 412
63 8
119 20
286 115
254 188
342 145
367 431
244 195
308 137
89 355
225 144
350 29
417 450
390 445
348 267
444 165
195 384
455 288
464 489
60 422
292 207
474 389
413 343
94 465
145 312
103 476
297 280
155 27
287 166
493 141
483 251
65 162
313 3
93 47
462 394
9 373
427 341
112 161
361 499
284 190
458 303
25 366
491 155
432 282
257 248
293 45
371 107
6 472
347 58
370 405
167 321
476 6
214 299
201 10
275 224
267 138
30 181
270 482
159 369
439 153
496 325
228 183
91 410
480 31
411 435
165 135
473 237
415 453
187 302
238 286
418 309
241 387
0 73
335 459
230 88
399 211
46 152
422 333
300 278
492 39
216 13
82 57
133 371
68 352
3 339
74 426
234 15
