5500 3500
2278 1128
2807 3795
2980 2788
4192 385
5236 1069
2247 255
2255 4256
1486 817
627 3598
4425 4073
248 3926
516 714
4136 1431
2019 3424
3228 1270
5362 1263
1361 4483
3954 5250
682 3448
390 2739
4878 2545
5220 3547
1724 3540
20 5383
2520 3984
4413 5462
4759 1742
4134 4015
2405 2613
3203 1031
4910 4094
4430 2269
5492 4097
58 2771
3880 3700
3665 3439
204 3989
3307 1629
4153 2687
5218 685
2527 3660
3257 5013
4915 539
3596 3834
3188 5487
2915 5302
1711 4131
2282 4551
1904 1518
2422 4532
2757 3167
1206 3199
3958 2373
665 3460
1809 3159
937 2070
5467 3475
539 4025
3368 2286
3950 489
4855 1231
1808 2299
80 4296
4752 2336
594 2599
5331 2549
535 4173
882 2969
2724 4702
5203 622
5046 1967
5243 3130
2867 4509
3007 4477
3828 643
3709 1010
4207 2636
3652 2628
842 256
1972 5198
1064 70
308 931
1890 686
825 2595
3342 3672
3731 1906
2500 194
5237 4921
4328 4063
2266 1342
3157 2798
45 2432
4511 790
920 4216
944 3108
2992 3837
4010 2733
3020 5080
4364 3363
1043 4612
370 2333
4875 1544
549 2936
673 970
1541 381
2049 5454
3094 4321
4797 5155
2437 1670
1504 4213
3373 5089
2288 3018
1832 4367
4735 1145
5383 1252
3566 4406
2785 1757
3893 3702
1879 4076
3377 4696
3999 2601
1278 474
1933 4788
4696 4475
1295 15
2950 4869
647 2910
1258 5050
5317 3028
4774 3675
800 1723
3890 3476
3010 1978
165 1759
2888 753
4690 3123
1419 775
3366 2548
41 417
1759 4950
1435 3509
2062 1652
33 1817
4211 3286
2368 5342
3590 327
2971 4186
5216 1421
56 377
358 2218
1906 1027
351 4643
5292 865
1557 4057
4904 4611
3115 683
5491 3129
947 2831
2411 1048
3631 5235
4231 350
4987 5465
4068 4579
1690 2528
1483 2112
3206 3110
4111 5211
3227 3165
4234 5430
4562 5420
1151 3132
2759 730
2060 548
865 3042
5412 5307
1473 172
2481 5485
2964 4162
3837 3791
5261 2037
1013 4046
302 4619
4600 4990
190 1938
1516 1825
4022 5272
1943 1097
5245 1243
3668 868
3295 3359
5326 831
2782 732
2829 4981
3922 4599
1691 2956
3582 1019
2145 4459
1553 1493
4951 555
30 53
2987 3387
2900 1859
3455 2227
649 1769
2119 414
3399 564
2923 3207
3325 3114
1567 1905
1214 1683
4920 4028
836 1865
1919 5057
4093 2893
4039 3960
1041 4841
1176 3267
1053 2529
785 5105
1911 4757
483 1954
4296 426
4648 289
167 225
1267 4119
4311 3306
5078 2862
620 1623
2812 5179
4159 2498
1201 3892
63 4511
3089 1845
885 3872
1629 2487
2239 691
2868 950
4210 3894
444 1573
1459 2134
1584 4269
4122 5387
1765 1034
4849 1474
4465 596
467 4059
2934 3957
5280 2031
4194 2433
1505 923
4500 306
1273 3551
2215 2569
1031 1244
4838 2102
2832 2125
2572 2154
5206 4363
1330 1612
3802 4034
226 3808
361 5044
4126 3421
5063 3596
2559 1071
4444 1591
5107 5217
2395 3455
4167 1309
2619 3587
4047 5425
2506 366
1815 3233
3072 1878
1262 3414
4938 3081
231 4593
4481 4069
5469 712
4000 4728
4971 4801
769 3992
1714 2319
2458 1873
3470 1090
4926 5218
739 1267
4980 5254
3274 5002
1580 2250
1737 2068
2571 4657
1250 1242
1526 3920
4004 2816
5227 4247
1160 3939
3910 2685
2734 1314
4300 1115
4919 5246
964 2216
524 2963
3103 4942
2848 5350
1172 1536
5390 3312
566 4301
708 5346
3611 1890
105 2918
4799 2501
4522 906
1689 5169
1187 1839
4246 2098
700 3773
51 580
4339 453
2353 4305
367 1822
5423 3922
2659 468
3194 4799
4990 2351
2307 77
143 1393
4633 5
3136 629
5017 680
4697 532
827 459
3972 2773
381 1934
2892 1253
1894 4808
3601 2488
3299 5092
621 4349
4966 5301
1174 2944
498 2743
3239 3729
2360 1975
1215 5455
4342 1218
1688 1442
3770 4161
5091 2339
1088 3097
4918 1960
406 903
4715 1522
5444 5371
4041 3277
482 3585
585 3813
2238 715
3204 5470
2204 688
5132 5427
290 110
2032 4249
1122 210
5414 2427
1896 3619
2344 1766
798 4419
4162 1287
835 50
3232 846
3187 1490
1139 859
3513 4159
1671 3141
3426 1292
2381 3946
932 2416
5471 649
2818 4290
4647 3019
3124 3217
5464 757
3087 4336
2845 631
273 2776
1200 553
507 1824
5241 5385
1277 4800
4264 160
1962 2523
2911 231
2701 5091
1844 64
1503 2558
1964 710
46 4304
2068 4737
4933 4208
54 1883
3546 5174
2545 1982
301 717
4858 5456
9 1240
3131 2388
3797 1920
3042 4723
2470 2621
1362 659
2493 898
5354 1403
4824 4420
1903 1316
5430 1132
2727 4218
926 617
4854 232
743 61
1866 2989
4887 594
3784 2674
239 1792
1205 4425
1705 369
3843 4895
3301 3427
2146 5352
3082 2587
1874 4753
1074 155
3183 4111
2894 4314
5332 330
5318 1135
1539 2439
1270 4082
1279 27
1026 567
2935 5271
2188 410
4628 2964
5255 1277
5096 1798
150 4404
4686 5416
2986 1291
5253 1147
3509 2782
3024 305
5425 4961
3335 3248
2393 762
2525 2657
3456 2406
4536 407
4163 1101
5487 1271
133 4252
5024 5457
2205 398
733 254
2735 434
5442 4077
725 2923
4391 5133
755 1563
2438 3513
4299 3727
1231 4316
1376 3345
659 1719
905 5468
3952 2354
3051 4700
1984 3426
779 3713
2869 5444
4094 4855
992 4767
2261 2393
3407 1552
1528 5223
294 1028
3029 19
584 1335
5059 1945
2140 121
2713 4778
343 2663
2242 1590
2656 5404
3448 437
2478 1084
1057 2933
831 3335
1422 2877
2926 1444
2637 571
536 3412
4753 5482
2349 5214
1301 4330
1178 1561
1622 4762
2881 638
2227 2359
37 235
2397 2047
3472 217
1569 2568
1466 1885
4321 2056
4346 2563
914 33
170 2150
2966 4564
156 879
5375 711
3405 2085
409 845
2830 4090
2166 4347
496 114
3919 1471
2921 2257
3763 4192
391 2547
75 1597
2586 2654
3927 4782
2208 2476
3925 4053
215 3776
824 5129
1636 5401
1615 5183
3118 4822
3312 3876
816 542
5230 1604
2177 3137
2367 3116
3493 4614
2361 1910
304 5000
4402 3744
3633 4913
2496 3330
4659 3883
4478 2945
3734 356
5297 5335
4682 4207
1540 5208
2291 5394
261 3869
1973 2263
3521 3044
1410 657
556 3453
1780 1952
4583 4233
4445 4863
1502 3252
988 5114
1858 5349
3760 4113
3870 608
3772 2960
2884 672
1221 1008
2561 4199
5402 2073
4065 1618
197 4539
986 4362
4294 3106
3817 4995
3444 1615
1080 3073
3088 3090
3061 2155
2404 3543
4532 4738
1341 93
4859 4317
872 2509
978 3628
1628 2930
1089 1525
829 1988
4286 4886
1137 165
3270 4703
1283 5160
3060 3809
5208 4838
5186 1226
4278 2749
973 620
1293 5200
2148 1919
2002 587
1937 799
3613 1153
32 3411
2778 189
5134 4165
81 3408
3897 1516
139 4755
2185 2128
174 1303
4674 2206
3218 3507
2652 4866
5393 4766
4916 2195
2750 4585
2474 4311
4563 4391
1382 3517
1876 5143
2154 2342
4251 1657
1458 4096
2754 4117
2594 1712
3181 3798
339 721
3703 2561
4266 4860
2055 589
5468 2975
2721 1695
3916 1441
2773 2110
329 2479
3765 5309
1534 3221
4757 2852
1460 2
3435 2505
189 835
3669 3641
1366 5405
1939 2531
211 3437
1014 4540
515 5203
3855 724
4460 4078
1968 960
1229 3380
1914 180
3648 5315
726 982
4079 2001
2171 2572
5263 1559
4537 1539
1439 4027
2461 718
1775 3608
3069 442
4934 2315
4277 4733
724 60
1586 1770
1597 576
2225 1991
3712 3242
1171 1172
3363 2302
5224 4824
2819 5015
5083 3625
4776 3538
1814 4912
3477 2213
2376 729
757 1464
664 3350
3000 4075
3583 1036
3500 393
4813 1951
1067 4884
42 464
2427 2991
2050 2468
1744 5142
1560 5058
999 605
2624 3707
5424 4139
1147 4874
1934 3759
2091 5004
4575 896
2498 1059
3589 5071
3866 3870
5251 2417
1138 3012
4340 4325
528 3208
2054 5001
5156 4523
1585 3648
998 4265
229 1488
1753 756
1452 3104
144 551
4937 2855
2262 3780
1987 1505
3688 1191
5476 5231
5409 2420
2653 1491
4784 1973
3281 3701
3835 5362
3354 5023
4683 2593
967 1562
729 5368
4421 5355
2333 3194
235 3315
3184 1560
2248 1936
5494 3440
4361 1395
4803 3954
4877 3119
1165 1754
4806 5260
3670 384
3614 1025
4184 3923
1499 3428
2432 716
2107 1894
1059 1857
3872 3220
1537 133
5475 125
2036 3681
1822 5226
5244 1900
3963 4683
8 3818
2685 3988
2369 2638
5348 258
1150 5113
904 2190
164 1057
255 2567
4493 2188
3064 91
4154 3279
3642 2442
4652 4908
4335 3873
3490 4746
3996 3968
96 666
1040 2246
4183 2256
1374 2493
4116 4553
4833 4107
1225 3176
4805 3063
219 4759
710 4986
396 4933
697 5041
2331 547
2825 3751
2415 2116
286 5316
4691 543
5158 1831
1303 3262
3499 1213
1515 2453
4406 4730
3091 2408
3926 4656
2550 152
4050 4339
4787 2268
946 1889
2217 4384
2909 425
571 1818
2366 1306
2051 4152
4080 5295
796 203
1465 1917
1331 4366
2629 4463
1604 5333
2940 1436
3445 3766
1020 2978
3402 5101
1591 3115
4597 1660
1063 4666
3322 3518
2400 1216
3766 5370
5392 980
3344 4848
4110 4777
1182 2381
216 2994
1316 1418
2486 1944
1867 1820
4062 2679
1010 2118
4487 2353
3607 2711
4524 1768
3495 851
3182 5230
819 2291
3438 2021
4856 1777
2243 3974
776 4294
3599 2044
3414 5440
3287 1558
3701 2949
719 1534
178 4573
4276 2215
3934 574
1596 4558
3019 2396
2806 297
709 2713
2962 2447
4851 3126
269 3278
3691 3650
1037 2919
5121 4041
4959 2251
3049 4055
335 509
2649 359
466 2232
4120 4714
3220 5062
4844 1705
2294 4194
3853 3456
5050 2119
4081 5026
4416 4833
4775 5063
1959 4450
3819 618
1173 4434
431 3541
2230 2704
4639 1214
3745 1681
1328 4358
142 4910
2524 1564
1607 1743
3466 2124
129 2196
4650 5126
1687 1609
4470 2335
1624 5186
2555 997
27 4849
4336 187
2380 2884
4728 2867
512 3051
3047 1916
5183 3597
106 2129
3636 5458
3522 4556
5054 4527
2878 2222
2435 3846
1926 3236
2173 3005
131 3070
4066 4431
4517 3682
943 342
3151 443
4348 921
3518 2135
921 1452
3946 3785
5439 2672
4816 2584
1142 300
1981 5172
4874 416
3229 4919
1909 2078
298 4501
1507 188
2744 5317
4404 4029
3449 1105
3038 1733
3202 1193
1477 5213
4829 4188
1805 1528
2901 3320
3261 1415
1665 914
2005 1985
2622 3289
110 4589
3293 73
1252 678
4780 1425
4232 5297
2893 565
2537 3817
4027 816
2396 1032
102 5127
559 2714
3156 708
4979 338
880 2957
6 4667
2842 743
3304 1276
2870 4343
2350 5159
4746 2445
1314 692
3814 1793
4577 2830
4538 3480
2246 116
74 2147
2093 1772
3374 4485
5076 2585
2547 1572
510 2045
2398 1479
3030 1554
3152 1970
369 2979
2852 4675
3947 609
3862 3717
3410 3037
1600 1348
4381 1971
4451 4623
5322 904
5262 4896
661 3736
1738 696
262 4187
3540 1750
5441 2330
401 1470
4268 3071
2302 3053
1337 4382
5175 192
4885 4739
2010 52
228 1438
3300 2738
753 4806
1988 3928
600 3815
4182 3369
3058 315
4812 332
834 3340
1135 1963
4592 3524
2321 4765
5421 3154
3395 4253
2567 1747
2541 2787
4407 113
5055 4873
5457 1249
4326 2968
3420 3268
1956 1913
1733 2772
2769 2635
1068 3570
2793 1812
683 3897
5394 1420
2031 3386
457 5258
2245 3811
5265 222
3801 934
4864 2504
3592 4531
5400 3605
4309 3465
2616 1197
1078 492
259 4303
651 2538
4768 2934
1024 1222
4199 4410
35 211
2441 123
1558 3121
4186 854
617 1337
2564 2500
897 4209
1543 3251
4452 4555
5443 2574
2336 684
2070 1080
3075 3967
3491 4820
4531 1810
3702 2211
598 444
4360 2642
3079 1804
4464 3096
378 3755
1550 3
4350 733
841 3022
1517 2243
917 628
5482 490
2730 3007
1140 1512
4631 5426
1546 3851
5399 1830
5056 1402
1009 5361
4621 4150
1100 4976
1519 1514
3031 2850
4795 4058
3442 3995
991 4570
282 2898
5313 1371
1556 4512
4991 1374
4627 5086
490 2317
59 1915
3705 1457
1630 3365
5001 4734
5238 191
1623 1943
3577 2709
1282 4474
2446 699
4333 353
3044 90
3623 144
1249 1735
3338 1092
4694 3929
412 1823
1110 25
545 893
583 5170
5323 2952
4028 3525
5153 1819
3192 8
1475 992
2712 2912
876 1294
1779 3919
2662 1229
1748 4235
2027 4125
5365 837
2502 4472
4313 5479
4615 17
4848 298
4124 3027
1641 1227
4523 4561
2661 3083
2890 4853
3450 3761
2408 303
788 4770
5101 2579
2849 4035
5360 4140
5187 2266
3741 1702
3429 4467
4602 2792
2534 1588
765 2081
2680 4578
4129 788
5380 2247
2588 858
4998 4037
4800 1899
2783 2046
2840 1882
2143 901
4305 961
3674 2678
2092 5280
5174 427
4635 5045
4700 891
1646 1745
1379 3366
2384 4415
4317 498
1652 4275
4114 1225
4727 5329
3371 1026
4104 3594
4477 3303
1424 5255
1125 4263
550 3079
1095 641
3857 4953
907 1870
1768 1042
803 2175
426 2506
4462 3249
513 4327
572 4387
5111 2540
2816 2887
2443 4320
3045 4902
4593 4710
5069 1396
5064 3925
2469 147
479 176
168 3871
312 750
5041 3536
3137 1861
2998 2959
146 4481
4486 2310
4242 3901
3677 1902
790 4300
2733 3579
1948 4601
3795 388
292 5027
3415 4505
4781 809
2077 3720
601 1568
4741 1519
1070 28
718 2995
2041 4441
3574 4557
3446 1589
1990 2520
4734 3778
2672 3357
2063 4939
5269 3843
707 920
2194 75
5170 5447
4323 3865
688 637
1254 4648
3365 5388
1162 2254
2740 4537
3084 3655
2631 1995
249 80
826 5032
2224 598
82 4127
5266 5277
4368 1131
3279 1045
2738 499
1883 4987
36 3095
2952 805
4842 139
2103 3866
5283 735
2044 4383
2636 4576
183 3281
5333 704
4729 3094
2532 3907
4988 1959
1461 1256
3243 4361
5075 3973
3126 606
2573 1189
4267 1454
2378 2571
1111 4154
333 3257
245 4110
4031 5175
2944 670
1545 357
2562 842
4064 41
3796 1617
497 4262
2444 5049
1276 4223
4074 1907
4946 2346
2847 343
4112 3554
4585 3769
625 5201
4863 3291
4512 885
1416 1800
3447 4332
1183 1462
4088 1100
225 3085
1898 4359
4036 2682
3967 1099
2531 1631
1246 4240
3113 2324
632 4769
1648 3329
2518 1990
3145 3031
4679 2099
2410 1410
5327 48
2136 3290
4777 4455
2553 3212
3222 1704
3494 1416
5450 3526
3023 3565
3275 4954
306 5240
2623 4577
2067 3965
1472 1063
2670 3112
5296 5251
1198 2917
324 3607
5081 2122
982 2632
2664 1734
5022 3714
3066 1937
3037 4554
3155 1136
5105 2735
3123 1814
4053 269
1442 413
2327 4756
4637 1203
1960 3147
1951 3021
4352 273
5472 4837
1651 1815
2995 4645
2364 411
1157 2985
1253 3697
3359 1175
3569 4433
344 3187
1626 1594
3554 1154
791 3514
5195 4580
4310 249
2638 768
1185 360
2394 3722
1116 4598
188 3822
883 4698
3715 1716
3591 5199
1986 3741
1524 1868
4071 1094
1430 2965
4042 2028
2348 3239
1417 864
2904 1169
2919 2941
3637 1783
2102 2091
5301 4323
2671 964
1136 3013
1175 4470
4255 5441
1694 1886
2216 1476
1478 2808
238 5357
5122 2295
1191 2074
5145 3485
5273 4565
4121 5228
3323 3398
1497 5146
602 4754
4656 4212
1199 3299
2414 862
5339 3319
78 4259
4766 4701
2696 2514
2132 5124
1852 4372
4280 822
3622 1424
3166 1979
1168 431
838 1541
3235 402
3940 5244
103 3478
891 3545
276 2410
2164 3034
2764 455
3659 1884
1695 3241
410 4167
637 1463
4762 2671
2495 1112
3362 3358
4322 601
4098 3910
4380 2541
940 2809
1364 993
2596 1986
1716 1782
2771 3829
830 261
1388 5053
326 3745
3018 4042
2389 4342
1245 196
1397 3698
652 3942
4499 1672
268 4308
1634 3356
4128 1499
386 2444
5465 3731
745 2768
1360 2151
2035 3010
4879 3237
7 208
5165 2805
956 3913
3971 5495
4394 1300
4123 941
4284 2727
2776 4920
4411 1677
5371 4013
155 752
3956 4763
2463 2025
4869 973
2345 884
4573 3852
2556 399
2090 321
1620 2225
1383 5239
638 1583
5079 5348
5483 4695
1730 1613
4502 3381
1776 34
2386 2308
4236 461
4924 4856
485 556
2183 4644
1378 1357
3346 2552
3904 2341
4769 3226
3595 3088
1522 3602
1289 4814
3317 2316
3451 2365
2554 2121
5149 2842
3586 2871
2702 3533
814 1081
5103 89
1152 5233
2823 1614
3841 591
2972 4752
4146 1598
3424 1095
242 1809
4285 344
287 4142
222 3497
1287 1636
1489 4437
4717 2034
2658 948
3990 4559
2714 205
2065 2795
970 2241
2746 3149
4870 472
2383 1668
1393 1449
13 4000
3128 4829
2279 2066
1077 4880
4180 74
428 2686
3783 1795
4911 3125
256 1190
124 1758
1710 2526
5182 5122
4709 2522
1868 1363
3425 5408
1363 5489
5370 4146
1923 1004
4529 3466
4922 2913
5154 4443
4940 1726
4513 2716
3259 5029
2602 3640
2122 698
2264 4352
5281 1826
3681 2015
4738 4909
4744 2321
3303 145
1825 4904
1562 1744
953 5017
1298 279
1320 3930
4436 1703
5185 2683
3896 1308
2440 3990
2938 5334
4569 2437
1132 5326
4941 1708
2306 2987
939 2456
5340 3781
5086 4228
5429 3313
4553 5149
1327 5414
3655 3577
5474 5499
3216 1051
3388 1366
4117 5043
116 3144
2503 853
5387 2847
2268 2265
1143 4008
3073 3810
1659 260
5284 1638
1034 5069
3654 2846
3141 1114
257 4859
2862 1201
1384 216
954 3229
1119 3337
454 112
3086 2123
2343 528
1598 4012
416 1049
402 3024
5188 1580
3214 2407
5212 1684
4740 308
5309 2189
2526 3692
5239 4812
2406 3743
4550 5188
1935 3332
4823 1064
5257 5216
1741 185
299 787
2568 2559
5376 2835
4498 128
3489 3972
5042 2298
4623 4935
3081 4010
447 5061
2172 4915
2655 995
2127 5413
2234 3270
2677 3950
4794 1641
2428 2423
1408 2040
4584 163
1698 4123
158 3078
2981 5268
4219 3157
2385 302
4344 1651
4634 860
3964 2361
3561 2783
1411 449
2059 115
5341 215
797 2896
604 4943
2615 2284
4581 932
949 5278
349 4137
2802 1787
2932 3367
260 4793
2536 2142
1434 301
2322 529
1918 4758
611 2438
3567 3463
2514 4506
246 2400
2914 2369
4355 4215
648 821
1069 287
2209 3832
2654 4378
3661 3653
4832 3982
4303 1728
4376 814
5207 535
5 234
3422 5072
3722 3674
3305 2326
2449 5369
1674 4181
3139 3606
5401 5018
5136 2717
3641 2774
1288 4516
1978 3403
3213 4560
2020 1901
2768 1245
3662 481
3685 316
1763 962
3807 586
631 1642
1749 1170
4771 386
1035 2451
1701 5323
3875 3709
5448 1633
4434 1297
3525 312
3787 3921
3097 3705
593 4566
4008 919
1818 671
3617 183
2585 2878
4549 345
4056 2111
5436 4544
4220 3985
2156 3409
1721 201
5066 4436
5247 4517
4196 5390
1974 2454
4191 4412
3740 2618
4834 2647
52 405
1357 1419
5413 1312
1212 1956
4127 3902
4603 5446
2023 3816
2253 391
2501 2148
896 1355
761 1035
2510 4851
2139 5437
4089 2543
1179 2185
508 3806
4018 4587
1304 700
1670 4448
4835 4630
1559 875
5240 2970
3707 3328
5140 1074
3790 4104
1606 1925
4586 808
871 1605
90 3417
808 929
281 4292
3497 2461
1660 55
2828 1852
5422 3557
5310 3102
1307 832
1712 1508
2625 5196
2897 3492
2708 4219
2772 2489
4190 1850
693 1803
5325 3425
4256 4932
1592 3457
2574 887
2013 2602
701 1551
4239 4813
1657 4202
4953 536
4009 5343
388 4994
4200 362
1308 797
5466 2344
172 3627
2570 2669
5356 1176
4599 2008
4166 3664
4839 2907
3437 3450
3320 485
1022 2953
5406 1448
4427 38
1588 1543
2994 1162
364 4807
3011 4836
3933 1587
3107 3388
5279 4840
1616 4355
435 3961
5146 4393
2885 3190
4363 1897
3944 4731
4392 3626
5178 4500
1707 4959
2499 4424
3372 1272
802 1109
3547 4088
2804 3886
3627 958
5189 1264
3297 5137
2226 3890
2763 354
2076 4674
929 1640
859 282
881 4373
2085 1336
3761 4883
415 3452
4617 1976
4250 3679
1490 3668
1798 1120
4257 2652
4105 3733
1274 5084
5408 2495
4896 2922
634 1997
1555 37
3751 3307
60 1801
477 5087
4222 2103
4972 3143
4198 1481
3032 4775
1998 2363
1823 2928
5038 991
5258 2095
517 833
3628 2720
4103 4530
4412 2323
2858 603
4389 4508
2042 563
4716 5139
1611 4014
2300 2027
866 848
4090 1644
1240 4911
3549 857
2982 106
1884 5178
1021 4070
2260 2372
2064 3066
2436 1686
4400 947
2779 4417
923 665
443 5042
3912 4914
3924 4302
1856 3839
1525 4906
437 496
3387 242
2709 506
5359 3059
2250 1354
1862 4169
2801 847
2645 436
3906 3944
2694 3254
4612 5353
2069 3880
3390 3789
3755 2698
2131 2806
5396 288
4283 1178
384 2418
3423 1209
2587 3477
3824 1701
17 43
4351 4955
2961 2097
3935 976
66 107
2403 1949
5428 103
3771 4138
425 5478
4017 3493
2984 4850
3314 5187
2838 616
1355 3643
49 4435
2304 1969
3885 5282
3122 1671
442 4519
2037 1530
3942 3800
2088 5185
1618 928
2557 3432
1233 1486
4572 2948
1650 2076
5009 5262
4705 4632
1848 751
4737 248
570 4114
723 4426
3757 4591
3430 484
3758 280
3773 3966
1979 1581
2595 1017
2946 3812
5330 3342
3492 4835
2198 2379
4698 1398
747 2105
5435 2725
445 2890
2467 4586
4057 1184
2790 1215
4085 1408
1449 1550
3539 4706
4819 347
3602 4649
289 2908
3321 1040
3834 2184
4168 104
3486 1141
4097 2865
1633 418
4459 404
4148 2163
2355 595
488 702
577 2534
128 4582
3735 4949
4997 2113
162 1741
1936 4369
1180 2634
1627 5263
4353 1070
5060 3264
687 1927
1372 271
4541 4062
3994 4005
4559 874
4837 3394
5489 1322
2930 909
3888 1428
1882 5243
2871 5168
1319 2744
783 111
1076 1599
3697 1833
853 1204
5256 457
3110 309
3225 5202
1369 3240
4029 5161
4702 3316
3805 4736
2018 1338
888 4693
716 3001
1829 827
2751 3418
2560 3677
2906 3683
5490 2906
347 4118
408 2272
3915 1965
810 4978
2663 4016
2232 4868
3698 953
2841 1653
4847 503
1703 3657
4935 630
4667 749
2872 5173
3090 4374
3923 1288
2851 3265
4131 2562
4917 2013
3560 3857
3576 4293
4003 4350
2475 1877
4044 1106
5293 3534
1902 5331
4382 3501
3302 4631
3883 3568
1226 2441
4398 4399
889 3796
2736 5076
3752 3527
2726 5081
207 4857
3892 5311
692 534
1985 1621
2074 4493
3555 3856
2834 31
4756 826
4331 1210
3233 3552
1573 1676
5168 4828
253 3663
3684 3969
2160 4100
674 4261
3781 1755
176 3486
1193 3599
2924 245
4157 4234
1188 2811
1181 2236
2715 148
575 4817
3333 131
1565 4489
1821 3539
5274 2258
2723 3092
5162 5098
5358 1932
323 3964
44 2869
1102 1435
5277 1096
1494 415
4099 4006
4557 5051
3936 4574
2965 2212
3179 1196
3419 507
799 4635
322 2455
1910 902
5447 2866
1849 4086
959 4093
1544 1011
3006 3799
1065 3981
2942 544
1169 2160
3543 4022
2134 2839
3671 4552
3017 3379
1813 3400
1413 1207
3629 5461
3778 870
5316 2457
4083 3841
3078 811
2014 1298
4894 1483
4140 3029
4566 4951
1247 153
532 3168
3938 760
366 4575
4109 4629
3223 3738
3467 5459
2314 3637
3982 4927
1113 4843
2999 4867
603 3646
4622 2507
4649 3634
115 2958
771 1047
1642 2718
247 4724
1450 3685
3336 4660
2642 747
636 5046
160 244
3193 2690
908 2176
2066 4182
77 3580
5008 1673
3505 3314
1106 2164
1343 2338
1855 2510
3464 2954
3535 3906
4492 5037
899 4413
3562 2094
5452 5345
5118 956
657 51
678 24
4923 4239
4034 5082
4020 3304
4164 5375
5142 4465
1445 2770
2810 230
3176 1450
4238 3234
2193 292
4625 4168
4840 968
4786 2536
4543 1086
4830 626
3508 4507
4417 1359
2957 1344
2150 1067
5034 3987
3290 1401
5131 2961
4906 348
501 3250
3328 5460
4244 1237
1131 4287
1029 4260
1992 949
3957 2450
2003 3464
50 1649
4237 4613
4472 4230
3717 3422
4590 159
3632 2063
3610 3038
763 3245
5287 2470
1292 3728
5300 3284
3417 2083
405 2039
5275 1622
1446 1024
1593 2676
2756 1610
2223 5234
4049 5166
5173 3311
3563 3002
2276 1456
3034 4997
404 744
2877 1445
2452 2981
478 2513
3022 794
695 4468
4883 3495
101 1304
1969 3718
1851 2680
2576 3060
3886 476
4474 1159
3551 3845
2296 2950
320 4360
4684 2180
1610 3069
3651 4965
2072 3162
5222 600
397 460
3416 1832
3699 1482
3189 374
2682 3999
5418 221
4876 3760
5294 1383
4931 2532
319 3976
203 4903
2611 3404
5093 4206
1235 3953
3851 2823
2566 2429
3129 4604
1255 2820
3759 3725
1750 736
2222 1310
5202 3820
4582 3917
3871 32
4243 2655
4216 4894
2765 2187
4731 4189
2298 3135
4072 5403
154 1752
359 954
878 2389
5407 1013
1222 3346
4836 2300
1743 446
1210 1295
5108 3479
1568 299
531 612
3348 4286
2211 4089
2114 5135
640 3223
3975 2259
1495 3994
1847 3003
728 558
4150 2499
1965 3979
2004 2810
236 4651
3523 2752
1227 611
4059 1738
3737 1835
3928 2238
3831 2332
5382 588
4546 497
2184 1650
5035 4112
5040 4891
1099 4968
4447 1315
1614 3903
1257 776
4281 935
1801 4178
5010 4998
5030 2573
2605 1286
3730 3575
1468 4743
3150 4931
712 4862
1696 3391
2147 220
561 4595
3775 3686
2809 1828
4217 3431
114 2863
2151 4934
3754 1453
3992 5222
251 5445
557 3746
2857 1323
4149 1500
1103 4970
1058 4444
2176 4394
2824 1405
5137 5088
2311 358
3059 3801
4755 5140
1352 2239
1638 4941
3616 610
2516 4043
3452 2570
3512 4600
546 1235
821 138
924 2833
4846 5019
4767 3308
1617 800
2293 1492
5276 2703
4654 264
2382 2521
3102 5359
4383 1333
3326 3043
4270 408
4845 1121
2210 181
5351 2248
2876 3765
4641 4749
845 1433
4955 2378
5048 4403
5321 2984
623 3405
2309 667
1344 2972
267 1569
1908 3615
1297 1866
1202 1799
2635 2843
994 4858
1954 4071
3679 3231
3462 4351
1599 1130
2329 3086
4892 5466
2803 3904
864 2161
4749 5116
4273 1062
1583 4102
1783 2670
4699 4204
4218 3305
4082 4783
4334 3673
4598 4892
1118 9
4271 2780
5094 5119
4751 2474
5163 4354
2169 4636
2135 5229
4292 1494
4723 2464
5384 5313
1536 5492
938 5340
4055 1165
608 1108
4483 3576
1051 3975
3330 1211
3708 1939
1561 4712
3653 2422
5458 1891
2095 5236
5167 322
3226 3631
5373 2819
3821 4164
5201 3912
2462 3026
0 2277
2788 1665
2775 4106
24 5376
1447 5434
3889 471
1237 2054
3432 2803
3978 1103
1938 4498
5157 5324
2308 3472
5246 1061
3167 5491
4176 5433
3255 5215
3693 2234
4366 673
383 636
5379 3632
1500 4288
4330 117
4865 224
1083 2003
2249 4163
5141 186
4048 573
2535 1987
3914 1382
1706 2818
4733 4257
89 513
4693 3790
3385 1662
4747 494
5366 4083
2387 2824
4370 1501
2346 4245
2142 5314
4533 1689
3983 3266
3694 479
746 1692
815 2137
3234 1125
3516 1179
119 4488
387 5386
2614 737
4994 3489
3324 3011
293 491
1170 5294
1790 3617
858 482
3572 516
3949 3768
5045 2938
5346 4183
2391 4664
5403 2971
1667 20
2533 433
3510 3032
4967 5288
480 3721
2108 2859
5032 796
1451 4654
2079 23
407 695
1774 1390
2033 3958
1804 3336
2546 843
2543 5021
4054 4625
4212 5389
544 863
5493 281
758 4672
2920 3854
3411 2281
2351 1710
5369 250
918 4020
3135 1679
987 3754
1787 4679
4604 1904
3506 4541
1072 71
3667 2204
3280 178
730 3373
1309 2484
4945 1785
1213 781
547 4004
3068 4295
4653 4279
123 1230
2485 1318
2644 3383
4011 2249
4076 5031
3842 4486
2538 5177
4118 681
3453 102
574 2966
1807 5011
2341 4960
1166 4108
4657 3649
2758 1964
4261 1575
414 4669
1508 4338
337 1616
38 2331
3726 1188
4388 1082
3545 5090
5337 2260
3401 4647
1747 2343
2096 3172
3833 5450
5324 22
4247 2402
1030 1748
217 5227
5480 4678
5438 1896
3532 2014
3598 2477
4229 10
4171 1238
5215 4526
3127 3348
685 326
916 2870
136 590
5005 2452
3004 1029
5049 3661
573 237
2681 4482
68 495
21 5055
3298 46
3315 1849
1115 4691
125 328
107 2287
279 2201
3960 4882
4665 741
417 2405
427 2419
3241 4407
1061 448
3005 2697
3273 3030
3794 2159
2317 2610
385 597
1797 3948
2417 4092
1086 3899
2908 4341
3937 4416
4873 1485
675 1807
3838 1579
2820 389
5440 3498
3412 47
541 1262
4272 2921
4609 2181
4872 5212
913 4370
3635 5106
2874 3272
4961 1863
1488 2178
3559 2535
4589 1472
1084 5224
3481 84
3704 92
981 1669
1305 3205
309 1548
1989 5306
5290 2491
1368 409
1640 5480
1432 4328
760 926
3120 3150
1889 2132
360 4307
654 85
1885 512
756 4590
3092 566
1649 1999
469 440
2407 4750
4969 4172
1669 3792
4881 1983
2332 2462
1491 1194
2053 4049
3431 462
4509 3519
5166 4720
500 1469
5031 473
377 4
2240 2943
1590 2998
1891 4865
2683 370
1806 3177
2579 4637
684 4258
3053 2608
3724 515
1377 4897
1017 2145
2024 3749
2792 4907
3217 4067
272 132
3339 1538
3291 2197
1932 2606
186 3723
3503 3659
2742 4144
4669 3370
2745 1173
1464 3161
857 5490
4043 3283
1197 880
5267 2084
861 3103
3178 2153
5148 3124
3360 4684
448 1687
2326 5194
576 1157
4552 2409
3357 2448
2430 1247
3309 1746
5462 4515
4963 4254
5014 3802
4456 162
4433 561
2705 2413
1426 978
1371 971
4921 2228
3548 1509
1373 3535
3334 3693
3626 4241
660 3224
3879 872
1771 1387
2883 3101
1133 4009
4449 317
3844 352
5180 4721
884 3155
2831 3544
3920 3047
2113 5336
3191 5273
3379 2421
3769 1881
2741 1260
5449 5382
2431 1475
4006 4776
935 95
2590 1821
3154 3338
3389 3884
1530 1867
280 4926
582 2492
2688 5128
2116 171
3247 3662
952 1656
1576 4663
4804 778
3296 2836
440 552
2220 2525
4373 3470
2630 5060
2491 886
1685 2564
2434 2885
2456 2854
1323 2658
3096 1778
2762 2411
2338 1693
2490 1085
4214 4810
53 5120
1493 2345
3104 4440
379 1228
1644 467
4431 2902
5485 3468
1154 2976
1092 3200
2283 3977
4341 518
5350 4796
4638 549
2228 2255
5459 3153
3782 5423
3393 1529
4930 3927
2450 740
4132 3502
911 3735
5434 1567
1726 1663
1042 83
1595 339
5037 709
2030 4156
1785 2182
1163 1697
283 58
3959 789
1734 4984
2728 3690
2927 2660
847 5339
3140 525
439 1385
2960 5163
40 3402
4245 3593
4534 5283
4658 2817
1668 4344
2241 522
1865 4200
1870 1400
518 5448
3318 4536
4145 101
2081 1611
3375 4155
2549 5275
2634 2229
4107 2557
5288 4312
2305 1006
5116 4160
4594 824
43 5225
1073 798
4950 3474
2267 1974
669 284
4547 2581
3063 4962
3266 1722
893 761
3881 13
1781 4458
5102 5024
2124 1351
2896 4567
4144 2364
3714 3859
4820 5014
5336 2313
738 2186
1655 3484
3811 99
65 3980
2794 538
1052 1593
3254 466
2371 175
3100 2415
1897 276
5197 2089
4897 5360
2996 3416
2731 1347
181 5241
3109 1311
1764 1495
3347 2576
5329 5380
4692 1527
4591 4670
5374 1423
4354 3293
3664 3916
468 3589
2292 1646
2814 54
3756 1052
3163 3623
3854 3410
3237 5363
2214 4099
1554 441
1244 445
609 2296
1612 87
2959 3779
3378 4502
223 1595
3646 4205
310 697
5343 247
2583 16
3774 812
2086 5100
191 3881
4215 1332
2099 3918
2206 5435
3316 143
1613 4195
2519 3734
4415 67
2591 3684
2455 4371
2955 3178
4544 5274
108 1181
1130 5279
781 3087
3877 4364
3391 4266
1441 2644
4185 4011
79 2643
1414 2146
147 977
296 5296
698 4504
1983 3879
1700 1709
4193 197
4260 236
3630 3235
630 899
977 2841
2201 3442
1259 3430
525 5443
2094 156
927 1570
5411 2048
456 2023
2190 1645
958 4427
4554 4542
4944 3133
5344 5074
1755 754
5305 5354
3105 1021
1280 3667
5478 1352
2289 3553
993 1098
961 2278
1589 2815
4785 1164
626 3084
3130 738
1190 1725
4626 2077
1120 1908
4605 3389
3682 1909
533 2986
4189 4971
4886 4785
4141 3578
2460 1876
3458 1730
4962 2431
3382 3996
3891 4050
4608 1377
2640 5429
182 3139
619 2024
307 625
4748 1119
422 531
5012 5054
2337 5332
1838 1739
3083 1942
2976 1186
2860 1127
971 1030
4106 1992
2365 642
4405 2057
3550 2038
5126 4032
4807 1666
3777 1947
4993 3062
5074 3055
3640 4080
3989 3487
3869 3077
331 2036
3874 3831
3052 400
2563 793
1961 1037
1012 3033
2483 2328
2123 4952
1248 1834
1046 2030
2109 4430
4475 1273
720 4668
942 1503
3071 1223
3711 1930
2953 1386
244 1961
5184 1517
212 2384
2521 4001
5249 3555
2612 1111
352 1285
5286 4492
3164 2860
833 502
5319 1608
741 94
3997 3787
4204 4711
5139 2920
1602 3100
1192 4522
151 2592
2129 545
1824 294
62 1284
863 4211
474 383
1055 849
2162 1776
4714 1293
4579 607
832 4031
250 223
3112 228
1672 3382
321 3107
1370 5442
4263 1280
2855 2766
616 1289
2275 5158
3035 3188
29 517
894 2280
1220 3302
5427 3393
4578 2093
3443 1855
4981 3004
3488 644
4240 966
591 767
1223 4395
1912 2006
782 3333
2565 3888
1836 908
1093 346
1443 5418
313 3288
2628 4376
2061 4047
152 1248
1485 4277
327 2886
554 3441
3003 4877
424 432
3144 3572
4228 193
1407 1360
2494 4652
2468 1255
4147 505
4461 4811
3244 1619
5025 3875
487 1068
3987 5180
1161 4147
2075 3385
368 2404
1571 755
837 5304
4720 96
538 1779
1195 395
1966 4818
4793 5066
4957 3098
2259 1066
677 3931
3 1018
5003 5157
3603 2041
5007 3830
3212 952
1427 161
1230 2931
2082 2053
265 4340
985 3556
1788 4597
4345 1217
1001 3396
1306 4065
4496 4203
4393 1714
2706 1911
5264 2062
605 900
5077 777
3899 2661
4790 470
1492 713
1405 3384
2737 4353
1817 825
4695 3951
2813 2029
4520 2904
2026 560
5061 3516
1720 2675
740 927
1928 4456
398 340
70 2736
1625 3295
5143 1144
1428 892
4689 2861
1831 4787
4165 1858
2569 4887
470 1275
1662 4816
2690 2565
2320 375
2354 4946
2956 1376
3911 2575
3584 2651
2508 5112
4077 1261
196 349
1719 1088
4422 5138
1228 5064
4177 3609
565 4398
3643 4774
1153 3753
3132 1993
4535 3093
481 4040
663 764
2781 3309
3788 2853
1676 2882
4587 3522
121 3548
2097 2279
494 373
3732 5264
811 4120
3463 624
1177 3179
1048 5035
2080 1326
2620 3521
3012 392
4086 3629
974 3050
2104 4823
778 5451
1047 3706
704 3638
318 5488
3849 424
1204 2822
526 633
1529 1928
2083 3120
1877 4491
4401 2753
613 4797
2827 577
4387 1104
1794 3730
915 3216
4259 3695
2979 486
3612 214
552 1122
3868 519
3397 451
2795 5396
5013 4528
4596 5259
1203 4819
3593 5067
2558 79
2665 1015
1333 200
562 3227
5312 2426
325 731
4711 2740
5385 951
4954 2079
5298 2530
653 658
731 707
2016 987
2487 2807
5191 3861
4732 5048
1927 510
3621 4237
4903 3885
288 1346
5226 2443
3789 3204
1826 2069
4619 989
3319 3752
3565 996
2922 621
903 3573
3008 1384
1683 4768
2281 5003
1977 2533
1404 4198
233 3174
3581 2914
2513 5167
5477 2387
4495 2605
5120 1674
1686 2612
4688 5431
2009 771
1803 2205
742 661
3867 3563
5254 390
1746 3375
3723 4572
3480 2604
3845 2701
4439 852
867 2625
4252 3581
230 1055
2287 238
721 5095
1420 802
3973 4991
2582 910
5315 2623
1564 3253
4671 3905
4489 5464
4379 5033
3263 569
363 969
2674 2473
4396 3614
1582 2511
4312 82
1003 4045
4403 151
5210 1343
221 3206
3143 1565
2399 3041
4 5195
2929 3740
122 4740
18 2502
2643 1198
4307 3947
1632 4326
1261 2754
734 579
3459 4989
2808 4709
2269 3807
1398 5308
4555 1174
777 78
3644 5028
5193 5123
1816 3893
4595 3724
5104 3151
4822 4048
2693 676
5404 4545
3579 3344
1532 924
2608 2677
1713 1259
362 2553
3776 5493
2798 1948
581 1874
3672 925
1575 365
2879 2307
503 3364
4662 883
3619 4135
3823 4815
4254 613
4676 1072
284 1180
4441 1447
1346 830
1881 2627
3256 1923
3040 2589
4632 1912
817 4898
4327 4979
5353 1717
57 5289
553 650
868 2891
1777 4081
4519 304
2433 1124
5410 5358
3294 2779
4253 2367
506 4975
4372 1624
2732 4985
1679 3895
92 4830
1957 3146
759 251
4664 2726
1991 3978
2912 4751
5098 3863
2168 2594
3859 4510
1484 4224
1950 4346
1893 5162
1510 5285
3649 3127
5295 2722
4687 4331
787 5152
3284 581
2749 5078
2152 4938
1340 4681
5451 4626
5446 2939
502 829
69 2721
1767 3368
5085 1110
5250 5367
1533 2611
1448 4992
4528 2796
3948 429
473 3742
2866 1625
1096 2693
5177 2990
3746 1984
3478 5030
4964 2347
1394 4610
465 627
3186 2982
714 30
4480 3243
5499 1706
2256 3828
3558 1372
3673 1533
4172 2312
135 29
2454 331
3587 1841
4173 656
1745 1205
3727 2167
4564 1584
411 2202
4948 2115
4338 4803
5486 3496
1810 2261
5391 1239
1940 4250
3903 3301
4655 3068
5176 1406
3941 3246
3133 5151
4503 2848
873 1302
849 4271
1421 1150
4801 4925
2699 1566
271 477
1681 4682
5364 5221
1015 430
3606 1537
1056 1182
3158 5068
2689 4605
3343 2544
597 936
1846 4653
3353 2761
696 5006
3968 674
2273 2460
5087 3170
3882 3322
5088 1953
3148 1940
3656 4222
1811 911
5363 780
1860 3247
1996 275
5368 1221
3764 2352
1081 4056
4038 2900
2419 2466
2323 1478
187 3935
1736 5181
2286 2894
3248 4473
3283 2191
1863 4677
3484 4947
820 719
420 5093
5291 5421
3195 3046
1285 164
1854 4408
5026 4251
2121 5209
5092 1875
4399 1208
4384 2042
3618 190
4023 1005
2270 378
195 1966
2039 4964
610 985
1194 1498
3482 4694
1723 3550
3887 2104
3033 5197
2218 1378
1481 2064
2600 2289
5229 3198
5432 2380
966 1698
4269 4687
1232 4588
4450 4232
4521 2340
4181 5210
4202 206
2158 1432
2692 5165
2650 1664
1952 4789
2052 4021
3054 3665
1381 3848
452 2789
4900 5287
484 2177
699 537
2601 2397
5113 1350
3469 4878
5217 4414
4927 266
2482 421
1506 3959
1406 727
4568 2282
5219 4773
4158 2794
4713 1389
3065 1009
1578 1520
2902 4480
990 3117
2388 3203
3710 135
311 1773
2784 2909
3238 1331
804 3271
2698 2648
4318 2108
4395 2888
3501 4615
2607 5132
5152 4036
4058 3694
1359 1465
3471 2309
925 3282
4488 376
579 4264
5389 4462
1656 2355
2161 226
4497 1056
2945 4052
1265 1931
618 582
73 5486
4809 2646
5307 2144
770 3258
224 1254
3580 2052
2997 1510
10 5318
3502 3758
4808 4124
3117 4291
3165 4764
3085 3491
5495 2873
2822 2748
4685 3228
5068 435
1999 615
2548 2650
4408 2140
2480 293
4349 4802
4802 5085
3718 1596
3436 5325
375 3361
4324 4621
910 2166
2648 1126
4814 4633
3433 2763
3153 4460
4476 988
2213 3537
4501 4969
5304 3145
2043 2349
4432 4936
3306 861
4295 963
2165 285
305 5253
1317 286
3404 3374
423 44
198 1506
2512 4115
5498 5005
555 1083
4494 2467
3898 493
2799 57
4287 1054
4871 2297
2182 2915
3384 1761
3168 1007
5415 4225
4860 1914
4473 2800
1123 4179
1380 3413
1994 1468
764 2391
2257 765
1538 142
588 5351
3327 3109
1367 3269
979 4846
2826 1764
1097 4051
3076 209
2028 3214
655 5436
2 4174
1930 4064
3733 5070
4156 1001
806 2051
1457 5373
4704 815
1666 3824
2988 2858
419 5269
5282 1713
4075 3532
4943 722
963 4744
744 1364
4718 1266
5051 3377
2675 4103
5299 3473
4096 5392
241 4421
5355 1521
4471 2131
1837 4888
3134 5248
3474 1192
1071 873
505 1269
1036 2707
3161 663
2328 4538
1094 841
3966 1549
12 5136
2752 2512
2303 4128
462 3941
1511 4844
3454 3407
39 1044
3236 1404
3043 3855
854 4659
4206 1607
14 4451
2780 1301
4983 4928
1326 4066
2274 1134
4905 4680
3895 3821
4290 4948
5099 2237
317 4309
3485 1078
4362 2434
3984 182
3093 2358
4040 3639
4386 3009
1415 1893
711 3082
3460 2577
184 4993
3815 3392
148 4447
1332 2374
2084 662
589 1467
670 45
275 2892
4914 2702
266 4494
1208 428
2200 1460
5357 2556
3268 795
5110 3128
3172 243
4468 1167
5196 511
109 1185
2835 2306
199 1655
4274 4581
4032 915
1409 4826
2800 3505
153 456
277 1851
705 2130
3534 3909
3441 3323
644 1443
453 4038
1608 967
2390 2856
4889 3134
1418 5344
5242 876
4680 3015
2523 5305
3125 3997
1520 1459
285 4546
4565 3300
2476 26
2761 2760
1440 3459
1412 675
587 277
1291 4940
1134 5484
3822 974
3907 2165
722 3099
67 3732
2937 1924
4642 4825
4135 5009
3311 2947
2492 4795
795 2016
996 1602
2137 3938
2739 2942
2975 2096
3258 1933
3364 3353
16 3591
1953 1526
5004 1737
1 1381
4782 2485
912 2050
1916 3175
2777 2903
5020 3680
461 2741
2791 5237
1735 4872
4419 2065
5133 252
537 2327
2011 3712
2392 1473
3860 2428
2316 2459
3014 4386
3657 4967
5285 2519
4035 655
774 593
4530 2012
471 5469
735 1299
3185 1763
4435 3590
4907 2100
1402 3057
4666 324
492 1853
31 5145
1833 3490
3180 1137
4397 3748
220 2664
1742 5192
1647 4319
1512 4255
1186 2087
3930 5276
99 2868
3413 3772
643 1680
1789 3993
2603 5377
4466 1480
48 4074
348 4438
1551 646
3578 4210
3310 3056
3106 2472
161 2235
2144 2471
5248 2973
1895 2322
2540 4686
1739 1361
5460 2977
2632 3256
5052 1411
960 2292
1819 4918
1196 1138
2626 1571
3520 3419
1521 124
941 4839
823 5419
4888 4641
5018 3933
3434 1327
5397 313
5065 4718
2409 5381
4636 140
4091 1586
1717 2032
2324 5257
4548 5281
4332 983
3571 907
5053 2555
2439 4781
2280 2157
3267 5286
4857 739
3098 5407
4314 981
3249 1864
2170 2911
1878 2508
900 1058
4007 3435
430 881
1859 4719
3169 4109
4378 3462
213 1002
4030 2932
2617 3868
25 786
2195 1989
3398 2874
1311 3201
715 487
11 1250
4722 5292
1324 3376
1039 5328
1456 1856
3211 2318
563 3160
4390 5144
4223 2221
5097 5111
372 419
3196 1700
499 3244
4580 3461
2155 5398
5496 4030
1104 325
3159 3362
5342 3823
3820 3794
5214 1844
2159 2554
3002 3045
1463 4170
3057 118
2821 2694
4556 4242
2420 11
1830 2058
4551 1962
1390 5125
4779 4901
1075 2801
3288 3446
4624 994
464 5303
4463 1635
1509 4662
2618 1921
4316 3191
877 3624
5419 1628
5405 4831
4169 1685
3507 3280
491 2494
2770 2210
3750 333
3624 1813
192 2784
1155 4310
4142 2758
2853 1532
519 3512
2034 918
1840 3343
3747 1796
4825 4236
3786 694
3538 4190
95 4274
3282 3583
345 2009
5289 3294
955 368
334 3355
968 769
3246 2253
4138 3678
3742 1667
3074 3326
1899 4974
641 3035
793 4044
4947 3438
1828 2527
5198 619
3780 4497
4862 3900
2604 1545
2459 3263
2703 3819
4275 3774
5124 4149
458 4870
2021 2386
137 568
1664 3621
1007 4285
2958 1340
2192 3040
5057 2385
1527 1496
4514 1784
1792 2357
15 2881
4956 1065
5271 1073
1347 5034
91 2710
936 4584
4325 3324
4457 4380
126 2619
767 3197
3719 1535
4067 4890
869 4547
4015 2603
1922 334
875 4246
922 1922
4139 4620
4101 1847
4329 4377
3931 4704
157 4543
624 2586
1038 7
4037 742
112 2011
4792 2993
475 4562
1025 204
1778 3874
1336 1033
1049 2951
1290 3061
3108 1860
163 2399
3025 2719
2297 4193
1395 4402
1976 972
2774 1802
193 3310
2186 4461
1920 240
3138 3887
752 1129
509 4061
3067 307
3544 2173
3528 1046
4850 3189
1091 1774
2641 4129
633 1039
1109 3908
2045 592
1268 2267
5011 4365
4347 1392
1609 2925
2412 336
5119 329
64 2582
159 2301
3604 5238
449 42
749 4298
1045 4745
706 4665
4764 2785
1708 546
4867 1334
3634 938
629 387
3056 2897
130 3261
4137 2715
421 1797
2101 18
4453 836
104 2988
5445 3691
5144 3186
3286 4289
2592 5171
3836 3983
1791 1365
3173 2262
4293 1630
3457 2615
5453 5025
3645 3415
34 2043
4970 4375
5205 1790
2850 4503
3650 227
732 5184
5082 1060
2313 4151
3542 3882
3001 5121
4115 3574
4201 3164
5023 4418
3955 169
2334 4513
2575 4469
4893 2940
2846 4017
399 3471
3015 3360
1090 877
4301 452
2301 1091
1126 4141
4002 2662
933 4270
578 1358
4818 1946
3149 1149
2133 274
4510 241
175 4705
1871 2857
2106 1981
686 39
3873 4521
2015 4085
4675 5320
4409 5232
2175 4525
1967 2895
3847 5417
2720 2264
812 2017
1066 4072
4291 2503
2843 2751
4976 3218
3749 291
1354 3017
2910 2101
4558 2797
113 1140
1924 3582
3476 4136
3917 2136
1002 3586
2949 2769
4853 2449
4319 406
4454 856
4866 3420
848 3506
3792 5007
1391 3352
4817 5399
2695 871
2968 4335
1709 2366
2141 3275
2954 3006
4673 5102
4337 136
1241 2127
4949 3559
3768 1430
989 3222
4610 2777
5417 4889
1842 1160
2864 179
3114 4357
4707 2755
2522 3584
5067 4143
3208 1458
2528 4792
3918 2560
1970 4685
5213 1163
851 1087
828 3666
3530 2233
4677 4392
1062 2935
2447 3600
1682 2996
3461 3171
214 4842
3680 1578
1812 478
394 1637
4187 4569
4545 2414
1531 3952
965 3482
1579 2723
2678 2757
4958 2350
4446 1848
4588 647
4225 3225
1211 63
1857 2899
3013 4524
3620 184
2963 3166
433 3156
5463 2840
2978 5463
3858 1152
1079 5141
1217 501
5151 3181
1945 1328
3744 1502
2633 4717
3932 1388
263 1202
5016 1166
2505 246
4233 2734
3609 3444
3147 3658
1542 1497
1603 3592
3876 5473
5058 4963
4221 4268
2008 3122
4170 3255
750 213
1725 2849
1425 3842
4203 2588
3806 4217
4013 773
3170 2311
1238 2825
1843 3877
23 5347
2340 1394
4643 2712
839 14
4063 3481
2040 2478
4640 2482
4986 3488
1436 3401
3894 3715
2509 2684
818 1781
4783 3023
3529 5020
1296 1000
2797 2424
5062 690
4540 1367
2046 4988
5320 955
1929 4185
4574 4827
2203 2879
2515 2486
2471 4999
2722 3500
365 4214
4852 109
3021 1762
1732 68
1345 5150
5047 3651
1835 5472
5302 1786
3351 801
1294 3687
3976 804
1949 4229
1028 1307
3511 3786
83 2209
291 1780
2472 623
983 1050
4302 604
3370 4318
3285 401
2001 3708
1167 1437
2126 3510
4518 2764
1145 3529
2363 1133
4357 4446
4760 4267
2716 3065
376 108
948 2270
1437 965
5200 1557
2229 1274
84 4457
3804 2230
2196 3318
1572 774
5029 2010
5117 207
1164 4227
1281 1926
3101 1397
3695 2596
969 3180
201 4548
3496 4930
1128 2162
3116 3770
4230 5364
2187 1895
844 3048
2180 1283
4125 5474
656 1373
2854 828
855 3173
1339 1461
3913 5397
4084 4479
3394 998
846 5249
5164 423
441 4972
2578 5182
1272 2274
4736 5409
2167 105
61 3956
2931 4333
2639 2325
1770 2583
751 4423
639 1765
4374 2705
22 2876
4670 4772
2025 4520
3850 1724
5209 3805
3171 3192
1853 4148
3725 4923
1358 4105
2006 1711
4629 2799
1942 4272
2913 772
2197 5156
4152 154
2667 2203
3921 2000
4012 5400
2747 1751
5150 268
493 1161
5481 3747
773 438
389 3274
3313 3860
3541 855
957 4176
336 3558
3190 4478
809 1349
341 4726
2207 3292
4942 3850
1299 4068
1322 2114
1263 3515
2181 2790
1684 5476
4607 2192
2489 3169
2477 3849
4828 2622
1514 4568
2335 599
843 2813
5181 4592
901 5096
1342 422
2120 2483
2325 3934
2007 984
2231 3612
5272 639
792 2049
4429 3020
2179 820
1901 5039
4418 975
4995 5412
4999 4329
590 5256
1209 2004
476 2742
2130 540
111 4024
2511 1023
4443 3844
4561 1195
2766 957
1535 5395
3269 1731
614 1513
5306 4871
1266 4098
3292 2375
3099 3671
768 1429
676 508
5006 4518
3713 4917
789 1234
2584 4484
1216 1806
1518 4283
1082 1639
1677 3273
3829 483
3720 3285
316 1918
356 1648
4570 2446
3209 2649
4571 3454
2580 2875
5345 3523
393 2838
504 3105
4725 1281
177 5047
1782 943
2342 939
4262 5267
47 88
2651 726
1019 3297
3856 4439
4448 76
1462 2641
1675 3483
2421 5164
4984 3158
1438 3000
3739 3763
1886 2793
4078 3566
4426 819
4130 3458
274 5075
3813 5312
5381 1977
1839 5094
976 4956
1888 3654
2258 296
2905 4893
2138 2974
4719 838
2507 4741
1905 3911
2271 3998
138 5428
2339 4201
4343 3726
3009 559
3468 2745
88 2469
2118 763
2951 1148
4982 1321
813 3618
4965 3670
1006 2458
5470 4716
4973 1658
4359 4244
3905 2088
1873 1577
713 1102
5089 2759
2891 3716
679 5384
527 2620
5125 5322
72 3378
1127 337
120 3511
2191 1659
3479 4084
2058 134
3272 1941
1915 5299
622 979
5335 4348
4882 1547
5223 1279
1727 3562
1631 1620
3676 4514
2022 3530
1754 170
3240 1854
2597 2590
4161 1339
1101 2666
1159 759
1795 2750
646 4033
3884 1903
4706 3784
950 4175
3427 1996
4213 3193
1423 2245
3798 1427
1693 2812
5155 2607
2717 5115
4208 2637
3376 1296
3526 839
3608 3182
2815 807
1399 1325
4968 1155
4925 4177
4743 882
1105 4618
2189 4345
2235 2756
5232 4226
1479 2901
2647 2775
4936 5483
2552 1053
3791 1582
4288 2731
2221 3008
919 3762
4952 4171
5072 1898
2425 2539
2882 4673
2856 120
2743 2019
1218 1626
1993 4422
4482 4742
3077 1523
2925 4401
807 748
3901 3504
3977 3757
784 3142
3383 5290
3557 2398
252 3835
5347 4729
2212 4313
3400 2673
874 4282
1431 2430
1980 3451
1958 4454
668 4220
3367 5077
522 3867
295 4429
2836 1892
1692 3052
4119 2937
1799 1872
4974 575
520 4091
1722 5056
4100 2967
2418 2171
3929 439
5084 2294
86 1691
3779 5374
2098 550
4414 5378
145 813
2786 2465
4620 1576
1637 100
5211 5432
450 2689
4912 97
2941 2732
338 3610
2839 4881
3341 3298
4668 4299
4681 2172
5100 4166
4297 4821
3439 98
2948 3688
2686 2629
1947 916
1501 475
1146 1417
451 3797
3198 2765
2379 4980
3575 5134
2609 894
3588 367
1085 1837
1269 687
930 2126
3095 3196
237 1305
2668 122
332 810
2484 2035
3369 1353
432 1022
2312 5205
3625 783
1752 2515
5127 3436
3498 1123
3406 3971
4205 2005
1365 3260
1587 4280
596 4713
4021 3588
4788 3185
2898 3704
4428 177
2012 1647
521 570
4730 3644
890 4634
3762 5266
2112 2219
4606 351
3519 1788
4484 2207
2048 1789
4143 2283
2473 4732
599 3080
2991 2080
3028 2348
4440 4197
5000 1887
5352 2550
2423 4900
4811 4445
5123 3449
4506 3737
511 4281
3812 4966
3250 4324
3639 2271
3262 4624
5349 5356
2236 1880
4155 514
1189 1012
4226 3219
1008 3058
3219 4018
4645 4153
5095 1236
355 86
3658 5338
5278 1016
87 3074
3329 4622
1552 1143
906 3347
2887 648
2265 3719
2416 734
4033 335
1141 2591
3638 2997
4087 4916
5114 1370
2497 5379
2873 2880
540 2055
1467 157
1887 3847
2251 480
2374 2356
3753 81
2401 4735
1762 3434
542 930
4895 4023
3146 5300
2373 3862
4178 2082
1286 5337
3230 4699
860 2285
2530 4385
4195 2916
4423 1075
459 1808
314 4638
1697 3652
4861 2224
26 3898
2233 1950
2517 878
5138 2303
2684 450
2969 2597
551 557
2989 283
4377 2149
569 3616
1315 420
4508 2370
455 3467
4996 706
972 4452
3809 127
1158 5118
2479 4388
2219 4534
4024 5083
1756 4405
1605 2231
4045 4243
5190 745
3162 5424
3199 3259
3683 2624
4898 1791
4614 1869
371 3750
1385 1531
3174 3232
1396 2143
373 1727
3660 3334
2710 2834
2017 578
1864 2804
227 4748
4016 4876
5044 1775
4960 3067
2903 1219
4796 4609
2277 2390
2174 1317
737 1682
210 689
489 2955
240 959
1658 3739
300 682
3585 2198
4289 3645
1635 2832
1348 3076
2000 2026
2457 2837
727 2072
1699 723
1476 2305
1184 3276
4069 3833
3245 1409
1570 669
2357 2371
4358 3914
4151 4019
887 2653
4175 3864
117 850
1474 1187
3242 3520
2359 895
3345 746
2700 4039
4061 792
4108 364
3666 3764
1401 4535
3810 3399
3504 4640
980 2199
2451 319
762 2821
4248 3571
2704 4845
3111 4428
1144 488
2973 2067
3939 130
486 2376
975 2999
1548 2691
3687 888
628 3803
4601 4794
850 1980
5361 942
3356 3783
4770 5189
1800 3443
2426 3955
3253 3827
2796 2516
3421 168
5426 3016
4630 2905
4908 521
2413 4875
2117 4761
2078 2425
3175 1816
1455 1515
1302 4937
3570 1451
822 4957
1313 4116
4726 3560
892 1957
4798 5372
3597 2614
1718 701
4710 4809
3985 361
4758 1329
3832 5415
2448 1439
514 5103
1601 2524
2767 4608
171 2208
3594 1399
446 3131
2916 4996
754 195
852 2395
2163 660
4708 2706
4789 1142
951 2107
1349 2883
205 233
671 4958
4810 59
346 4771
2753 2665
3392 2401
4420 1600
5106 2872
5135 1233
1243 0
3331 1542
5388 1282
5199 1278
2983 1268
3265 4929
1639 4248
4672 3936
392 3945
1444 4397
2442 2133
1715 1251
243 1
642 2334
3728 5494
1549 1729
523 2542
4868 3072
3036 520
3748 1020
5398 3836
2111 1958
5252 3564
5015 1843
85 4760
1786 4334
1975 2403
2844 3447
5204 2667
3200 2668
2157 4563
530 2158
2943 4002
4827 2382
2529 4007
3689 806
5070 4661
2598 1574
2837 3940
3251 3814
94 2217
1000 4834
1335 4379
127 1603
3568 3924
98 2639
658 2633
5112 2497
2970 1935
1121 4533
1913 21
180 2962
1234 4184
2610 1319
2488 562
2917 4692
5147 933
328 2193
4174 1760
1773 4396
2646 2200
3943 3569
4298 2240
3902 913
5028 2730
2977 779
1271 3567
2880 3604
1117 1654
4279 990
3264 5481
2299 2724
1955 3689
612 3494
3396 4707
3041 4411
3062 3091
1758 3636
4442 1200
1482 3184
2252 137
4315 2747
5314 1540
1702 3372
495 1838
3050 1643
560 5284
4306 1043
185 1356
2687 1794
689 5321
1820 396
2263 2546
3080 585
2593 3804
460 4231
870 4594
4978 5438
2149 1753
5129 4132
2718 3611
2153 2018
5002 922
315 1690
558 602
208 56
1453 3782
4678 4983
1574 4690
2967 199
3121 4688
4051 2033
400 4646
1850 2288
4356 4322
218 379
3716 3341
3403 2762
2589 1156
4542 1678
1251 4864
4902 1258
2356 341
1925 869
2295 4780
438 803
3988 2626
3995 2537
606 3111
1921 465
4479 1487
534 1107
5235 1601
1318 4973
4618 4779
2577 5109
2993 3349
5461 1313
2466 4196
666 1151
4026 2580
2928 363
380 4145
2707 1146
5497 554
1023 3423
1757 4642
1487 3508
5334 4122
4901 5012
780 3630
354 62
4227 5471
4909 2786
3690 265
2319 3351
1239 1320
2581 1688
5311 2924
5043 355
4014 2481
4102 314
2613 3148
1523 1556
4831 866
2657 5330
607 703
1264 2656
4778 323
3878 35
254 523
2939 212
374 3771
4241 3986
3553 3943
3207 2060
342 4617
5115 3210
3046 2814
3048 2844
2889 4571
1997 1076
118 834
4527 945
2352 1413
4365 1330
4761 3371
1704 72
1312 5391
5454 5059
1769 2598
4703 1038
3352 4003
1321 2737
3350 1736
3260 3136
1016 3889
5456 2609
2038 3325
350 1003
4576 3531
5308 3499
3818 2517
3696 3891
4763 5108
902 5079
357 4804
3865 66
4249 4130
1766 2692
2285 4054
667 3089
1566 3064
19 2980
1350 4786
2402 1290
805 2174
3951 1118
1663 239
2115 3183
1931 3549
3826 4133
543 5207
3533 454
2424 1077
2760 5467
2974 2394
3863 3054
3070 2168
2748 4180
2445 1177
1480 541
1796 2109
5367 3656
4939 3503
2805 4238
2666 3642
5027 5176
909 2688
690 5496
5268 3202
2676 5406
4616 3213
615 1694
5484 2220
2886 3230
4437 3138
2377 530
4539 1183
4209 4495
5378 693
3428 5365
1907 999
55 1836
2907 1511
1329 2728
4485 2214
4843 3561
2429 4628
5420 2630
3986 3296
5372 229
5221 1199
3799 2360
4815 5153
418 4945
3016 3317
4160 766
3605 4442
1351 36
4490 2440
4046 725
1793 5453
4235 4671
2358 1968
2315 3915
898 4276
1941 150
3981 412
353 4315
3408 5065
2087 4727
3573 3635
234 2252
3970 3152
2719 584
3276 2436
4701 3036
1011 4854
691 1407
3440 4603
3271 1929
3793 2275
149 823
2539 3962
1033 4847
3743 4905
403 382
5192 1455
4891 4464
580 2600
2310 818
202 2767
4385 202
3224 1232
4899 2071
4977 1414
3908 1139
3205 1014
4884 3039
3736 5298
3803 5245
3564 1634
1834 4658
4505 5402
862 3331
1496 4449
962 3949
4304 784
736 5327
1032 4639
4375 3528
1547 3238
2787 4026
3475 3339
3027 2566
4646 403
1563 1627
1005 1862
2551 524
5260 3433
5179 1661
173 1440
931 1246
3308 1171
1242 2851
694 4466
4560 1379
1050 3970
1944 1829
3729 5341
717 3793
2347 2696
984 6
1861 653
2057 3321
1869 3932
586 3710
3840 1955
140 4790
3340 1362
662 4390
945 905
1325 2645
1645 635
2202 946
3864 3838
97 5310
3556 4676
895 2518
4308 889
4258 3825
592 504
3846 5104
4060 1767
2047 318
5395 469
1433 5439
5433 4496
794 3676
1148 2681
4455 447
2933 986
1917 253
4095 1585
5228 2631
2859 5147
1353 4529
4424 890
2125 2946
4371 2120
4092 4616
4025 4715
2627 4655
4754 219
1740 4079
2697 2086
4188 3287
3686 533
4975 3696
1619 1507
3527 1466
1044 1888
4791 2106
703 1324
3965 3469
548 614
3142 278
1728 5154
2863 257
4005 2290
3816 4157
1892 3163
3409 166
1260 5247
4890 1718
856 394
209 1265
3524 272
1875 2059
4880 1341
3991 4490
2660 2708
264 2273
4644 4722
134 2329
434 2983
1751 1158
3800 1257
635 4977
2056 4550
5130 4284
997 527
2465 2061
3945 2022
5036 4409
2985 149
2875 3703
3177 2244
4179 2314
645 4607
879 1079
2899 1093
2947 1220
1284 173
4765 1546
100 1434
928 3777
413 1994
4197 5008
1236 2377
4567 3853
1880 1391
2375 2929
3998 1041
3221 2781
3839 4499
595 4784
1310 5270
1107 728
2811 4432
2621 3775
775 2194
2725 4549
1673 5252
4742 5219
5128 1827
3358 1369
258 4368
2178 5016
2089 2007
4113 5366
3349 2152
1654 1732
5169 5477
1946 1879
4282 572
4651 897
5488 1846
1256 500
1004 5220
4660 3601
702 5110
4663 2845
2272 3756
1469 3963
4772 3546
5090 1426
4611 1998
2789 3840
330 4087
4410 1412
4613 2927
3355 791
3517 69
71 758
1772 1696
1471 2695
166 867
2673 2304
2254 2020
3277 3858
3252 2496
1338 4899
3974 5190
3852 3633
1334 3406
3675 4060
3026 2320
1963 5206
3979 645
4491 4273
2237 4471
2544 5036
1386 2362
3993 4400
429 3118
3953 3788
4841 2183
5455 5422
340 2475
2372 4852
4369 1632
4928 2156
2936 652
1114 3113
2895 3075
2330 2141
1845 4381
4507 372
436 1113
801 5038
1087 705
3721 1555
200 1756
1470 2746
2244 2864
5270 5131
2199 4158
3600 3699
3210 218
2542 2170
4989 3613
1129 4278
5080 2435
1581 129
5172 4982
4320 2092
2711 840
1731 4134
1219 2002
5171 2791
2599 5291
4712 1592
2606 3711
270 4708
3827 40
3197 4596
4913 4126
3487 5010
840 5449
5033 3595
2504 458
3465 1720
2918 198
5021 3209
1498 5117
4929 5410
2990 782
3700 4791
5473 1840
2318 2889
2128 3445
4932 5191
5073 917
194 2699
93 2242
3552 158
1387 3878
3969 1484
3055 146
4467 5452
3825 2117
3332 3991
3119 2829
3201 5475
4504 263
4001 3937
3386 1871
1429 2616
3706 4627
3830 4306
650 677
2833 4602
2362 664
3615 651
772 4337
4265 4922
3531 1477
4515 5319
4739 1606
5437 4453
786 3390
1594 785
4367 3620
1156 2090
1621 634
1680 844
2110 5148
3647 4221
681 4924
1375 4747
3361 5073
1108 2578
3663 1524
3962 1089
886 2729
2669 1771
5386 3896
5416 295
1356 1368
2284 5261
1653 5393
382 126
5225 2383
3160 4725
4070 4944
1802 4832
3473 2368
5071 3395
564 4297
5479 3669
3381 2293
5039 2075
3380 2659
1995 1206
1761 3429
3537 119
395 1241
2865 1805
4073 4861
1900 5040
1149 1811
3483 2138
3767 310
934 3354
567 1224
1971 4389
2100 1380
568 5497
1982 1375
2464 463
4821 4356
1207 2480
3980 1489
3418 4487
1872 4689
4525 3140
232 4606
5233 1116
4661 2412
3039 262
3278 270
472 3603
1124 4101
2071 2617
1729 5099
5234 4879
179 640
1018 3025
4826 3211
1275 12
1392 4805
5194 2223
3514 2226
3231 1117
1841 5052
748 2802
4516 4697
76 2992
3289 1553
4985 2828
4992 2139
4019 5498
3692 5242
3848 668
4052 2827
2290 4583
2729 2778
5328 2490
5109 3215
1054 1422
1389 3049
3678 2640
297 940
3961 526
680 583
5160 679
4469 1699
1027 320
995 5107
5303 2179
1661 1675
5259 1740
3738 4650
4526 1504
1454 4885
4773 290
529 4476
766 397
1577 912
4721 3622
1403 1715
3515 1168
4438 2700
1643 1721
2105 4191
132 2169
5161 5204
4133 937
5431 1446
1784 5097
4745 1707
4724 371
169 5293
2679 3767
2029 3327
463 5130
3909 3195
303 5411
2453 2337
1400 167
672 5265
3861 1212
1678 3397
3900 49
1827 65
4458 654
3215 1972
5159 2926
5377 5193
5019 2276
2817 3014
3808 3647
2073 267
2370 141
28 944
5338 5022
206 259
2691 4095
1224 3542
2755 174
141 770
278 720
5231 3826
1098 2826
1300 311
1760 1842
1112 1345
4224 632
2861 2463
1060 2392
1513 380
4750 4121
3785 1749
3337 4798
3536 2551
