5000 9000
498 4915
4952 4035
1162 923
1029 4853
4816 669
3554 2419
3553 399
4293 961
3802 2203
2754 443
1459 120
841 4346
4914 1119
3602 3645
1430 1137
2786 2836
3814 115
4606 3573
146 4444
4344 1116
2169 872
2422 4361
1110 2447
844 643
2668 3172
2601 1216
4586 1523
3832 2643
4965 2319
1215 2492
4445 385
3145 4132
854 1128
2724 4594
147 465
228 4062
3343 1320
4648 2031
991 4036
2253 1253
1551 4034
2706 4751
4276 4589
2437 4234
4342 3114
3293 4893
1139 2297
272 1587
1254 4179
305 2302
2435 3919
69 4605
521 4419
3323 4990
48 1630
4848 2762
1390 3699
2546 3169
2271 4899
396 3891
4855 983
2166 3967
1167 1847
3133 427
1673 4636
1742 4105
1186 1410
1286 3089
1377 2415
4413 3958
789 4584
2922 4580
1587 283
127 4249
2681 33
505 3980
3005 4113
1625 4067
1319 450
1596 663
1938 1925
1107 327
2327 513
882 1487
2524 4344
826 1495
3656 4240
1347 403
630 4848
2467 4428
4453 4402
361 2515
214 4898
734 3213
3887 1104
2338 2195
2534 1087
1827 3442
2307 3613
1407 3074
347 728
22 4083
3085 2340
3997 3933
1098 4021
2213 4239
4615 2361
3838 4533
4559 2232
3109 1960
2658 2334
2264 2984
2006 2283
4971 1143
2689 4527
3134 177
764 1612
3900 2161
910 2395
4212 807
3376 3420
466 2930
4121 2225
4651 445
4878 199
3545 4798
1076 4760
4463 1655
1115 2487
695 3032
3681 1576
3002 3815
3382 1215
2146 3604
3499 992
163 3950
3957 3282
2901 1796
3360 1490
832 4493
2617 541
3370 4160
84 2138
148 4972
565 4543
2569 3356
210 3071
2879 2909
4726 153
3766 4136
2186 2872
3013 417
4941 4384
1050 3708
1919 4641
4562 2555
2755 4033
2892 4194
1290 2575
2698 1574
2380 4181
3995 2833
1636 3575
1206 2317
1612 482
4146 1815
3954 1627
2066 729
2608 1285
4560 1194
4040 3687
2211 2148
1975 1321
2512 1302
1490 3769
1983 1473
3246 3350
563 4578
1782 3195
2934 3501
4417 2638
2010 2679
1653 4567
940 5
3015 3082
3475 3689
4104 1927
3371 3003
45 842
4784 4172
2872 4906
1588 640
4622 2712
3480 38
3747 4856
3048 4595
2824 2014
1629 4372
98 1746
3597 4097
4009 1076
685 206
18 3695
642 572
3844 4622
788 2996
1243 4752
3557 4967
3149 2175
951 2208
3776 112
2073 2583
3236 2293
1773 2310
4289 4363
3459 914
4632 2204
2804 2052
4401 4120
4028 3946
1877 4583
4854 3763
1690 1802
811 109
1267 1734
1613 344
1936 4283
1225 1027
3257 3493
13 1493
2439 4620
1426 1074
3270 3225
4248 1516
3041 837
4610 834
2233 473
3728 1494
3868 2223
4964 200
3401 454
510 2687
3032 3095
3825 3908
3961 3380
2115 1990
4838 2242
3783 529
1650 4009
4018 574
1818 2154
416 3714
3607 2565
1576 598
4149 4156
4804 1975
2490 4478
3184 4705
1093 4427
1800 4644
4876 3076
3749 4332
4229 3648
4719 1773
213 374
4847 448
4316 1045
4001 1393
978 58
2346 3585
1875 4051
3294 3473
3264 3013
1734 1126
1305 4452
2739 1418
1573 1114
1132 2144
157 4420
2413 3372
4414 3638
4126 4133
4295 593
2958 710
4826 13
4338 1065
3067 3698
4672 3912
3251 2337
3945 773
4361 3155
4702 382
4601 840
398 4162
198 3551
1375 1127
2920 2255
309 208
4510 836
1547 3249
3279 3709
4227 352
2667 4279
2103 1717
2140 86
2768 471
759 917
2999 1392
2453 2059
3106 4807
1047 2044
1478 319
4380 1400
3292 2280
4925 684
379 2100
4519 6
2417 2079
3476 506
1902 788
3824 2126
2764 4457
1880 3328
4733 3976
1617 977
2188 1450
3443 3961
861 3353
4982 2440
3740 3569
4056 49
1327 3715
249 4321
1509 1038
2320 2505
1371 924
763 3637
3137 2966
703 1776
564 744
2900 4348
2157 3069
3631 3261
4183 3061
1667 2016
4781 4561
4012 2592
1750 3337
1526 4126
3809 782
2109 2819
2371 859
1977 2877
154 4203
4364 3825
4998 3555
2699 225
3891 3878
2035 1531
1424 832
3849 583
36 3468
4906 678
3353 1974
3789 4360
3817 2985
3419 4214
4603 309
427 2124
3478 4991
2202 4186
3878 3458
1443 1909
3977 1886
1261 2552
1777 2750
2682 2640
4405 815
1645 2279
3453 2160
3024 505
4779 1072
1498 2119
344 3131
333 4763
724 945
948 3454
4233 820
3585 3607
2386 4112
1684 3596
4543 4309
896 1123
994 2202
3671 3436
4738 4869
1767 2887
2602 1438
330 582
4932 2409
1000 681
1820 1315
756 4777
717 1810
2829 4635
3779 757
1946 552
1600 3506
375 2389
1262 809
1302 381
2875 540
3846 2958
1809 2398
4174 3559
4928 1057
3921 895
2161 934
4639 1659
202 2040
243 798
3589 2520
4675 1417
2939 2974
2175 1481
4151 414
2128 1262
1692 3088
776 1199
35 2702
4530 3676
1480 1226
657 3047
3221 1190
803 2473
2830 3416
4644 2943
2092 4940
575 173
181 3860
1970 1379
3524 1837
3613 4433
2509 3257
3461 2915
3377 3740
4023 2876
3833 1979
4846 4429
3224 2049
4050 161
1962 287
4640 2449
1059 3812
4976 1214
572 762
1239 3481
1285 3720
3335 4284
2675 2234
1148 3977
492 927
3315 4648
1048 1553
2021 2363
2061 1003
4313 4235
4917 3330
2286 813
644 4285
4118 3286
3916 4545
2746 3511
2462 689
1135 1851
3278 2715
37 3766
2463 1984
3952 1430
3384 4523
313 3756
1532 2949
4356 3753
161 2852
4464 2860
3719 4141
4277 1956
1133 3533
2033 2006
1681 3691
1747 2691
590 4059
3621 3137
3168 3446
3073 953
2127 2141
4283 162
3744 4553
4569 2369
1299 2932
606 2868
511 1024
3816 1819
4125 258
2591 1938
2933 661
281 4487
3172 3617
4536 37
507 722
1131 3308
4323 2794
3853 1209
1517 3959
4790 3078
2609 727
1061 3597
3537 2662
3247 1480
4481 1272
1899 271
3799 1405
831 4264
3548 3830
1678 127
3362 1965
2212 241
522 2237
4862 3571
217 4226
4482 4618
4503 245
1799 4237
3923 2737
558 2683
2564 4043
173 763
4926 3902
2494 2033
2570 3101
4780 4572
3119 3358
2362 3889
475 1799
4734 2424
4419 4591
2277 3743
3983 2027
598 2935
535 1093
1199 1747
1200 1723
2089 1849
2250 4988
744 549
3551 1626
2420 2601
4092 2181
8 2300
248 3397
1609 80
1236 4037
2619 818
4960 3098
3049 544
1349 1724
1548 2994
1021 4548
2036 4728
4448 2754
4286 1921
220 1686
983 1056
4547 3667
4745 3716
3074 1529
2332 2246
1646 1122
1280 1032
2075 3214
2415 2609
2579 964
531 2642
1659 1415
1033 2191
1161 2698
824 2064
1712 3354
3777 1504
3427 4153
2198 2524
3965 325
2096 4861
373 2210
4758 2869
4220 3838
1598 3080
2770 4421
4588 2249
4591 2517
2791 891
2502 4562
2550 2129
1055 2674
2578 4680
1693 2375
2268 2924
3635 876
585 2786
488 3510
4863 4
698 313
4618 3477
1819 1680
4946 2537
4963 3024
1702 2174
1468 4999
2299 4353
2565 4276
1733 925
331 2549
875 1798
2266 3654
1335 141
2262 3006
2846 4629
2584 1901
2345 175
3216 702
3906 783
2122 20
2717 285
3905 1248
3542 3306
3413 2865
4839 875
2545 4633
508 3023
377 4667
2274 4844
1456 336
2400 3625
848 3867
4522 3730
2793 1584
3539 1985
349 4716
4483 4930
4159 2826
3666 1342
4807 1177
56 2367
4265 1999
603 4137
1942 3459
1808 4048
1971 1512
254 3865
4649 2722
884 3289
2343 2881
1410 4168
1615 3685
613 764
1108 2020
2041 3491
627 3960
1963 2986
1841 3004
4048 2822
1160 1167
1373 3447
3162 690
901 3479
3646 3969
2394 4091
1044 1705
4706 362
1212 3329
3144 1245
44 1268
2135 1966
1442 547
155 2012
1440 3868
964 4891
3822 2654
554 4445
4992 4314
3768 2053
4662 4375
3094 1079
384 1377
2004 3059
4851 4840
907 4538
4191 4570
887 3545
3828 350
1287 2686
4164 1441
2703 2321
3821 2741
4290 1843
4723 4331
2508 1446
2751 4778
1965 4265
2943 4426
2800 4786
324 1301
3754 1791
2409 2611
2232 1649
1898 1840
2865 4515
2207 4555
1367 366
2011 3106
4975 3243
676 516
2876 3849
2414 1254
77 1048
517 2308
4339 46
4075 2244
4743 4919
4267 851
3234 942
4999 410
3390 955
482 4342
1772 4056
1249 2981
188 3334
3421 4713
2783 140
3445 2328
4959 3631
567 2682
223 827
3845 2080
1323 456
3060 3075
1057 1385
958 3719
422 354
2700 137
2498 888
706 3762
3091 169
2440 369
2603 1864
478 4335
921 4696
1881 3171
2039 2956
4310 778
4711 1375
128 3046
2817 2392
4587 3615
1530 4849
4735 1353
4531 2726
4565 3417
1173 1341
3299 4238
3441 2411
447 4802
883 524
4198 1594
3725 222
3166 4986
2366 2076
3902 1407
74 1640
2938 622
1701 2021
477 2081
4949 4430
1196 4669
1268 1585
2732 3462
4556 1945
4114 3505
996 72
1437 3180
2280 4845
1451 4710
2589 3929
4150 1633
2556 682
215 2258
2172 831
1732 1146
757 1813
2735 3616
4553 4209
1396 1939
78 3139
2956 4925
4890 2606
179 1518
2930 4740
332 1856
665 985
2710 97
1314 4065
1921 4546
781 761
2557 3498
3102 772
4873 4791
439 204
592 546
4101 1411
216 1697
3948 2000
2709 2041
3442 4338
2373 2967
3403 4324
1452 1017
2469 1801
2975 3672
1144 2189
4177 4316
483 3121
343 3295
85 700
2167 2612
2868 4218
176 2490
792 4953
2426 1132
3795 4262
4799 2721
4158 2878
2638 1292
4521 3428
2384 704
3222 759
3375 4686
2160 1505
726 99
3546 2329
3117 4987
1605 3664
2315 4532
2239 4027
3800 4795
3533 2622
1948 1200
3926 4077
4366 889
3550 3804
656 1606
2340 4389
1955 4753
1013 1316
3307 2758
108 4825
1342 4819
640 4115
1993 2808
3495 535
767 2562
1462 3135
2317 1780
237 1238
3238 1648
4624 4657
1964 871
2781 2584
4477 2889
1523 335
3462 4873
1619 1133
222 760
2455 2714
3572 4127
250 2955
3350 36
3737 3803
4697 697
4299 174
97 3917
4608 2466
490 1862
26 3260
4533 2998
3911 4968
486 2442
2310 3875
101 3582
47 1280
3319 4311
4326 4459
3304 3307
3004 4116
4927 4759
4725 3034
604 748
499 1669
4047 459
4631 1437
3397 323
4942 4002
4767 3682
1925 3321
4255 2533
4230 74
2193 195
959 502
1401 3822
4796 4079
4202 415
4203 353
4423 4460
4694 2184
1910 167
3059 2602
2474 1958
3354 3434
1404 978
3358 3578
2258 2170
684 4355
4546 3999
4200 3628
787 1693
1610 1577
3262 3626
1363 833
357 2799
2629 1007
1030 3070
1589 1297
1218 3785
617 2849
468 515
231 234
4398 4512
4692 2281
3555 3176
4017 913
90 83
3202 3587
2037 2759
4373 3971
1597 2394
3138 858
3992 4974
4305 39
1850 3729
3359 848
3709 3982
4452 102
2507 786
1716 4687
4902 63
2060 2971
246 2289
3879 3432
2693 3554
3450 4771
4370 590
2743 4183
509 994
4218 1419
3313 4820
631 2886
2199 671
3072 237
2356 4325
212 244
53 4757
4345 2034
4327 4768
1845 104
457 3639
2950 4230
4475 4963
96 4557
3567 790
4240 276
929 4129
1406 229
593 2213
2599 4577
3826 2439
2851 1220
1896 413
3662 286
1004 1602
1245 655
1184 2056
1862 4245
4583 209
1992 62
2255 4542
182 2926
4907 523
1052 2989
3243 2708
1805 1224
1217 1332
3367 4679
115 3858
3874 1101
4718 2491
81 4799
3232 2171
527 438
117 4823
3136 1943
3695 3745
72 4766
3956 4868
4655 4107
6 2143
4117 2366
1087 2647
4122 1372
32 4296
4426 4040
4199 4640
3774 3413
3862 1191
674 4085
4584 4664
1039 1947
2607 3994
3245 2298
2547 1905
61 246
3698 2264
957 734
88 394
4302 197
4068 4975
906 2379
4886 4738
270 2605
4721 1527
4749 1355
3919 185
4320 4439
909 554
780 1062
1257 1036
3460 2995
1763 559
2344 3808
3968 1472
3986 3008
99 4908
4493 4045
2540 2401
4748 1741
71 3530
3535 4076
3642 2780
491 1313
1529 3338
1265 792
3675 4253
1118 2070
3938 3450
39 3402
3175 2312
268 3848
2133 2104
1642 4627
4027 4042
3387 3668
2378 1179
3366 2891
4687 3779
3026 4167
3179 4248
3084 1208
4115 958
4237 4685
1961 3882
2928 2873
4544 407
3436 3538
1434 3272
2518 3094
574 4142
4592 3956
3603 3827
1637 2386
1676 2993
3518 1414
91 110
4834 2797
786 3375
257 706
4292 2009
4242 4626
402 3014
1746 2275
11 3232
1192 2743
1244 4119
2860 4876
3141 406
1927 4996
4438 4726
149 1733
3477 2483
806 347
4106 3508
2728 4516
4193 4349
2986 3030
4495 3118
4418 3400
193 2589
872 3119
2287 1323
4274 43
3254 4274
2013 2847
1665 2349
2802 3066
4143 623
2220 4380
4399 2295
1855 2458
1386 3603
647 2218
4471 1581
4511 943
3897 634
3227 2454
1150 1389
3122 1107
94 3484
3088 66
4849 1510
2492 3558
2493 3953
1336 645
2613 3017
3798 3935
1427 1637
1321 3083
516 4476
448 3480
4456 3426
4762 11
842 3463
3211 2696
2424 1952
497 1439
4600 860
1334 791
4660 485
2359 4755
612 3241
1355 2503
1630 3341
1515 2364
1084 1266
4948 2824
3732 887
4007 3662
4828 3198
1550 1599
326 3888
2855 2806
2112 1986
3717 255
2835 4575
1857 536
4865 1051
1950 1055
2454 2980
3269 4063
4403 4193
2762 905
1022 656
2983 929
4666 2637
58 4980
3904 3652
4552 2370
885 3453
3444 4794
797 4707
4789 2895
3847 2597
2392 397
3880 2882
3056 4995
437 4088
1298 4745
1097 3170
2022 3781
1398 2146
1876 2838
4185 4510
1622 3853
493 509
4929 2513
3927 1907
3946 4159
3745 2821
3215 4448
2955 660
2515 3598
4722 2962
4088 650
3498 1968
190 2433
649 2457
1002 1259
38 1449
1595 2551
1866 2965
3993 4376
3936 1982
2050 3110
1028 250
24 138
3191 3900
1695 1174
3223 2103
1065 3669
3190 2222
2533 4733
985 4398
3207 31
114 2147
2147 78
2107 1131
1104 3430
1380 699
777 1762
1843 3754
3075 4525
4874 2025
810 1779
1419 1743
2300 4388
3861 3418
141 3
856 705
4659 2633
4808 4012
881 1356
1183 920
943 2045
4701 4494
2981 4976
1727 1735
2194 3210
1464 1464
4797 4681
2430 3706
1296 103
1884 3678
2964 3314
3682 4073
1223 769
3606 2294
620 179
4671 3943
394 3635
4263 190
2582 2451
3711 4434
1438 1290
4408 2350
3209 378
801 2437
4384 4647
1505 433
2057 1739
4016 4328
4074 1703
3356 2954
233 2023
46 3649
3716 1060
3782 4010
2587 3322
4534 4559
935 3517
1546 571
446 2068
1113 1542
669 2745
3970 2896
420 542
1996 1913
823 907
1838 3850
900 4400
2158 2182
3903 311
3808 1406
2259 3039
2055 4301
579 3988
2476 1929
3516 711
2874 1369
1116 4770
3380 2664
1710 4295
3775 2320
2203 4003
1329 4652
2029 1519
1315 1138
3791 3564
3411 3444
4634 937
3146 2624
2871 1744
318 2252
3648 2404
2782 2677
2276 1675
4911 1645
4613 855
3484 606
1683 186
4170 3535
808 747
3392 4215
735 28
1416 379
4089 2427
1046 740
494 1644
288 1461
2411 3750
3534 2434
4422 4688
4837 3809
2652 479
939 4832
3346 3759
924 3233
2610 4306
1563 525
4 742
1768 577
4626 428
1655 3396
525 2269
2308 2314
3183 880
3340 2619
2853 2791
3780 2405
4000 2438
2773 1440
2962 3208
4968 4938
1492 2908
3989 4582
3908 4251
445 2720
587 2523
730 2084
453 1919
3195 2668
4684 3495
2382 2600
4107 3062
2185 3096
4171 4166
3330 65
3474 2198
2695 2072
1482 3632
3428 4292
3962 4566
4216 636
2181 4241
2449 3486
1372 4031
3306 1477
2257 4979
1824 3302
2448 3344
2857 300
3731 490
916 4616
2850 3580
1276 2292
2947 915
1504 1854
4818 3657
4336 1078
3014 4351
1216 3318
1211 94
605 2256
3352 303
2588 2028
3742 2251
962 4422
2926 3833
2444 2527
1096 1506
1423 2221
638 3045
2102 4190
4688 147
166 2359
3289 1058
2416 1859
2532 2964
4910 500
1428 426
4139 2216
1758 868
4355 3144
2887 1823
2562 4145
4611 370
3691 117
2910 240
3981 4086
2951 4327
418 1135
1018 326
4350 2372
1190 1279
4920 1142
936 1896
1379 3206
2387 2445
2645 4958
4732 3027
3341 1782
3805 3201
4402 1258
4545 2731
552 1306
3434 1070
2303 390
794 3240
3457 4227
2678 338
4450 1
3081 2784
2527 2307
424 4851
4147 2479
3683 3594
2116 1536
4988 4023
2733 936
3644 3651
3288 2325
3772 4455
1229 1766
4809 2651
462 32
2195 1012
802 1491
3241 3237
1233 2489
4300 2277
484 3677
2385 2690
658 3194
4449 1025
2137 2214
645 2566
1700 1917
1359 2164
3087 4611
2183 145
4864 4747
341 1164
836 4492
2427 2629
1157 2167
1009 1502
3626 4517
4128 3507
614 401
974 3837
690 3022
1010 1457
496 4074
4457 3270
317 2920
4043 1558
3932 3390
3520 1713
1506 3576
43 1108
1441 4981
1470 4217
3831 1707
3564 4122
2418 4394
3704 3534
912 1872
4772 853
799 16
2653 3549
3512 1166
4676 4064
4813 3437
1499 4846
2105 4082
655 4966
2984 575
4208 1326
1106 4948
16 3105
2321 849
1129 3741
4912 2304
4081 2461
1952 2817
3991 844
3481 281
120 3132
966 1845
1345 1090
3069 3352
4284 2120
2189 1026
4319 1096
2019 84
834 3044
2741 2101
650 4418
4247 2576
701 4662
1269 3869
4594 3130
4051 2736
1503 2270
2526 3584
4071 944
3311 4693
4226 928
740 1616
4189 2867
3933 1426
3785 4534
4087 4864
673 2680
3417 4066
2231 1451
1240 3964
1790 1635
3959 1476
2825 3767
3156 3985
3581 1115
1762 4437
666 1787
4757 658
3497 3154
3714 1865
4076 3056
2141 4440
1258 1102
2592 2856
1675 2572
3532 883
4416 2247
1431 2685
2776 4529
3381 4779
1903 3192
3980 4852
4153 1077
4986 2050
3558 470
4374 1658
2759 1615
4238 2570
3400 1636
2799 4101
908 990
3955 2253
1090 2509
401 2703
2661 3927
2008 4243
3940 3737
300 322
2377 1926
428 1367
1537 3483
3078 631
2627 4608
1338 2397
4251 3151
177 2001
1535 2574
4978 4698
2333 2157
4693 4350
4593 3288
1654 2659
3943 3284
1400 1524
465 1340
995 1489
2974 1785
354 664
4484 396
2003 2871
399 2150
4590 4025
2995 1910
4712 3768
1920 1678
3396 280
3255 2460
2573 3000
3410 3527
4680 2779
2368 4450
3810 3525
2085 952
3929 4985
1614 484
4429 4675
3953 3244
4388 409
1063 228
1966 1936
1901 4297
1561 2173
3155 2263
588 4473
1324 3177
4528 3085
2775 563
4144 3231
4524 4600
2046 3403
1472 1197
1473 2652
2965 1673
1968 1157
2680 4784
4620 1788
3578 211
4312 3981
4805 2038
2068 1227
2465 3389
3507 3813
2883 4946
1141 881
3418 1764
2313 603
2007 266
1187 1521
2643 2179
1060 3692
2833 2343
3150 716
2656 2376
3575 3773
818 2613
4685 3470
3658 3726
1953 2689
2994 2863
2845 4617
1020 2311
2553 857
2423 3217
3876 4089
314 1825
1945 4956
3422 3136
501 3811
1082 2811
2401 3903
2866 2711
3829 4131
930 1822
378 1767
1331 2341
3787 2542
4264 1842
137 3930
2912 4815
3378 2697
3617 2118
2342 1185
956 2815
2716 4081
714 1016
1385 4959
4005 3732
4751 458
3058 1726
263 4748
3762 3702
2337 1566
4740 4793
2745 1213
3062 130
4492 4396
2915 4479
3432 1841
2757 1482
4091 680
2064 2810
3205 2342
4309 2323
1556 2991
4389 2992
4717 4138
247 2528
518 4656
4337 297
2719 899
1181 4560
2256 3190
1544 4401
1828 4613
3496 4290
4210 2728
2867 1431
1699 2390
2457 3300
2822 332
1644 3957
3758 3258
1582 4158
4877 1294
429 1381
4549 4900
2580 155
2873 4219
4038 257
3705 1037
4580 3581
2468 1235
3295 139
3176 4015
1293 979
4225 4520
4915 1423
4970 3656
3994 315
295 4407
1986 164
2 2941
4759 1263
849 970
4737 4558
4204 4013
2514 4576
3110 4016
615 1821
3519 4198
2247 2608
303 998
3692 341
2665 1069
1389 639
3212 1022
1593 4666
104 4165
3958 3319
3918 517
3910 1876
197 215
4213 1562
2284 1971
770 2999
1591 2273
4479 732
4083 737
207 2739
4830 2695
4901 2704
1780 1486
1766 1946
1577 2950
1204 4902
3423 3589
2940 3327
1913 3026
2278 1373
3694 317
1621 4415
3286 592
2197 3146
2118 3932
557 646
4306 44
1507 3562
2760 4671
3028 3478
3302 3711
2563 3148
2753 4634
1906 2725
1460 4632
4187 4347
720 2626
752 4152
4919 1674
1810 765
339 19
3305 3455
1749 4903
4268 1609
3281 3942
4566 1681
696 2593
1308 2514
138 1061
3748 2117
1102 3885
4269 2884
4486 476
4304 4994
2402 2729
3842 2353
4627 2406
414 395
2230 108
4636 2410
987 29
3687 803
433 4273
1657 1264
2436 55
822 2240
4930 4255
1226 4128
949 1100
2031 615
4673 1668
4351 1225
3177 1533
2393 1343
2501 1996
2281 2846
1083 418
710 2676
3200 1541
4515 2789
953 2348
4696 4008
2138 3091
503 4896
1722 627
2227 3544
1201 573
315 1935
4354 3012
1405 2215
1552 1730
4181 4408
4365 2162
2149 4256
21 342
1890 1878
3165 4354
2788 2942
2959 4095
2597 3643
928 1398
474 1134
4935 2890
3151 3366
3077 3471
2921 2580
4931 4742
3458 4814
4024 3216
1320 4358
1882 743
3259 558
1176 4772
4983 1098
412 2475
3042 3892
1340 372
4884 3907
4652 4149
1812 2753
87 4602
3237 343
4427 3140
4498 1561
3052 1344
3113 119
1297 3167
240 68
2052 1042
2633 4383
2360 1064
520 2582
2053 2177
876 3469
4167 1914
1658 565
4021 3797
2090 653
4272 2166
733 2648
4260 1940
555 3124
4973 106
400 1560
2842 569
4921 720
2772 4872
2484 4725
2472 1855
4990 4829
4451 2557
3543 2809
3225 3018
4616 4805
1779 2670
4698 431
3944 1665
3101 1605
1918 132
4635 2598
972 1795
628 4524
2616 3925
1471 1647
1224 2467
1811 2262
2828 1698
381 1625
4532 3772
2296 750
2694 1781
3490 2854
1525 4068
4311 4954
3089 2906
981 4801
4827 3673
1169 624
2736 3727
221 4319
648 617
4392 4250
195 1632
4654 3186
1533 1388
187 2428
2575 628
469 567
3964 4888
3735 3191
152 3251
586 193
4760 3605
3076 3792
1024 346
3651 2299
1967 3488
3012 4518
2585 4719
4315 441
1689 391
1804 3751
1277 1875
2839 3713
1575 1359
3610 3384
3385 3178
4116 3149
2848 2518
4567 494
4022 4530
2329 1643
2499 1628
4073 268
3654 1154
2831 2540
1842 4552
3840 4702
4420 3320
1120 1230
2766 4587
3267 3904
2475 756
2108 768
2932 495
451 670
4704 996
1392 3620
2811 1544
2294 1018
4341 1715
123 2358
988 2199
3612 2362
3230 665
1012 2701
4044 2219
234 3622
3018 1890
3291 4878
1177 4221
3253 4497
4823 2767
3389 3256
241 2470
4192 510
672 3914
2201 4377
715 3923
1793 3640
4003 3609
722 1517
852 1020
1754 4474
2341 1931
287 501
2902 3093
2132 4813
3963 3593
2114 2723
4036 1145
3037 4024
1137 3502
3492 1953
2025 4320
3198 3529
4485 1162
1303 2229
3493 3509
1634 3063
2805 4416
4638 1806
2129 4463
704 3361
1222 3819
2155 3995
4241 202
790 2614
3650 2324
2510 1500
512 2658
1872 3774
2686 962
2854 676
3055 4049
4006 785
2611 1363
569 191
2242 2011
1037 1113
922 3472
4235 1187
862 2667
809 4447
3433 3765
3163 3910
4013 242
4657 4982
3788 1287
1663 2816
4404 4046
430 4539
2836 4724
2944 4161
4729 2653
382 2331
1281 1792
4496 3290
2749 2777
1316 4806
1696 1835
2727 3818
4904 691
1025 4157
4764 1880
4173 2834
3988 4303
4643 4374
2328 1589
3935 1435
60 3218
4938 3560
1508 2
1447 4106
3920 182
1939 270
1956 586
4261 801
2651 3435
2398 4378
2742 3049
3931 42
3361 4184
693 3810
1304 2827
1081 1387
2640 1545
1685 3259
523 1434
3336 4125
2486 3271
2548 3349
153 2987
899 4425
4180 3266
4395 2787
4858 4465
3835 3521
371 2488
4442 564
4650 940
546 331
3547 3993
2826 3040
1337 388
1282 1121
697 4323
4516 180
821 1786
3466 4767
86 4366
2869 948
968 662
364 3512
1874 3371
9 1222
1553 129
1894 4117
1691 1557
2456 2671
2858 1749
2648 4828
2647 2178
636 1028
191 2356
20 4289
4561 1303
659 2818
594 67
1867 3520
235 1416
4800 1207
4980 609
1835 3492
635 3966
4108 3701
3118 168
4750 596
4168 3851
180 3081
3792 4606
4459 3273
3883 2205
3978 1551
4860 437
3337 3335
898 2713
4184 4992
2196 3934
2421 2082
1932 2448
1260 2066
654 262
2372 4598
2445 4392
1494 2733
2789 1310
1713 1540
3181 2937
540 4659
3759 721
1787 632
2625 1535
682 3367
208 3433
368 3834
1062 261
2447 514
3086 2054
362 2529
4720 4694
3813 570
2306 1478
1638 4783
4728 3487
2969 2187
4258 2904
4119 1912
1309 2800
3297 4197
829 25
2960 4736
3893 771
472 1488
1520 2823
4162 3292
2017 2801
2024 981
3565 3591
4962 3760
3739 1054
4866 4368
4298 3097
798 3360
963 219
1538 52
1203 4322
4322 1617
3509 2508
1751 4399
1778 4456
266 3253
2691 4780
4985 4110
4377 1600
4724 330
1861 4907
2335 3748
4786 1514
560 975
4614 1383
164 2113
1643 1883
4381 2760
774 3387
1252 1168
812 4271
4217 2976
1228 4651
4340 2768
2688 4204
4785 3199
2101 4357
702 1752
2324 2778
860 3230
3127 1370
618 4811
4777 4231
1214 2239
4084 4838
4454 3776
1384 3962
4197 3998
279 148
737 3421
4548 3221
3973 4661
3960 2046
4195 4084
80 1171
1153 1421
312 2168
2549 1006
4447 2301
748 3399
3586 1471
2646 879
2737 3552
3194 1895
1053 854
1949 1089
1990 3881
1825 3141
1403 2776
1413 91
1888 4118
1730 4761
4773 877
1128 451
3054 3365
2063 3906
2246 2917
2407 4053
4602 3161
3025 2136
3871 2093
934 4949
4869 2015
2823 980
2350 2333
360 1311
3640 2048
2971 2997
1829 1163
1854 3864
132 324
4436 1758
858 1336
4360 265
4755 1983
1709 4278
3950 3138
945 1158
1851 1196
124 4104
3471 3215
4550 3658
534 856
3020 1549
1724 4269
3287 808
2598 3181
3718 2254
4957 2309
3720 3407
3608 779
1708 3606
4829 3058
804 1039
1567 4270
4291 1622
1923 839
3587 3238
1775 1789
2919 2217
1755 620
2970 2013
2961 4854
2249 1887
4933 1205
1916 688
1540 714
2165 2669
432 3663
1291 1247
515 392
3638 3916
4803 4263
1522 1236
980 2841
183 941
3529 522
33 507
2765 4843
3752 1347
2245 3991
2614 1148
4778 2469
913 3275
937 3931
2200 351
4032 4750
839 3394
4943 1676
1981 2083
4469 4904
134 2561
4564 4337
931 1103
2205 4926
4811 4808
4063 3680
1042 2163
4605 3592
178 804
2489 657
573 1030
3409 1770
3431 4220
1557 4143
4317 4961
4282 4232
755 478
4558 1095
3456 4703
2124 2578
2870 2432
226 2899
1686 1000
2878 3303
322 4650
261 4936
4756 4225
1837 3821
2516 4785
800 3021
129 2132
3464 2655
3192 1237
2996 3522
819 4952
2076 135
4470 4970
444 4565
1984 2121
203 1695
1292 1930
135 3646
2142 1459
1725 4871
4966 1081
2949 1889
2176 1454
3511 4711
1979 4744
4579 951
2722 1211
2849 2355
2139 57
580 651
1121 2953
4064 4756
160 2065
67 160
286 1206
3266 333
2707 4857
3235 3619
102 1768
747 4409
3807 4984
4658 2062
970 3557
66 825
3158 1537
2561 3983
2679 3301
308 3211
1833 4208
3773 2663
2906 878
4568 2675
4130 3203
3609 4922
2890 3863
4407 2418
3501 3823
1015 1672
2134 1671
3170 4879
544 452
3702 2902
3756 1188
3870 3348
4086 4163
2034 1709
3029 4649
2235 2545
524 1015
172 2088
1064 349
4318 2102
2301 4672
2078 2346
2153 3844
51 2912
4259 3835
415 3621
2794 3890
1119 1198
1095 3694
1832 1173
3611 4962
2506 2585
2730 4754
3070 2288
888 233
1219 897
4155 328
3233 3532
1352 2807
1031 3519
3769 2738
1295 2829
2945 708
4194 4743
2972 3567
2106 4717
1743 892
485 3185
2777 159
3670 1809
2712 4004
1705 4855
1759 2351
219 3832
1488 2211
2941 683
3579 1656
4209 4865
2376 3752
973 906
4794 672
2236 1053
4513 2798
3103 2628
2431 1603
1170 4912
4793 4812
456 188
664 864
2963 1094
670 298
2904 27
450 3229
982 2907
3523 4554
877 3911
3372 519
4472 3267
2555 3441
637 3707
3185 599
1672 3276
624 3539
2323 1335
3915 1844
461 156
4861 3235
4563 731
3282 1654
1300 1329
1124 1391
2365 850
12 3378
3913 830
4273 3761
3154 2423
1350 4498
1041 3168
2816 92
1994 3248
3300 4202
4136 637
1853 2724
3035 2112
2513 3697
3027 3870
4871 3268
50 903
4462 4706
4057 4058
4763 4882
107 4905
3016 1559
2267 1073
2670 4458
1760 1850
3351 1033
1908 4609
1145 2928
3852 4737
4142 885
3130 4206
3549 3739
3508 184
3530 1358
4518 3945
761 1888
1453 3363
480 1046
2750 862
1034 4960
3064 550
732 4597
3386 4462
3491 754
3320 3928
118 3884
130 2813
867 1011
1661 3696
548 4252
1378 2978
4995 2773
17 4092
1397 4185
2459 2746
4324 4643
4894 846
1694 2504
3632 3103
2687 3634
3703 1977
1677 4723
4129 532
4589 356
2432 4144
421 453
1539 3861
1362 3166
3736 4482
2891 1775
3848 2371
15 2110
3898 3997
4138 1399
2844 2435
4891 1923
3173 2559
355 4050
2663 1125
946 146
2204 310
3620 114
4984 3305
570 604
1182 2521
1618 1992
2792 227
537 3887
1001 4564
2450 1548
3393 3423
4169 1677
1744 4918
1043 2345
2899 2783
3858 1550
1312 3174
351 3313
255 4291
4705 1534
1976 4001
1122 1317
1387 2116
2159 3160
4165 4507
4133 1720
4303 329
4576 3909
678 1111
3624 584
3096 2892
4393 912
2595 2700
2491 1972
1185 4044
1930 1995
1873 1567
54 216
3143 3817
3317 1590
4245 3028
926 2948
4908 4571
903 4535
4969 2421
1348 3009
1149 4551
4825 1382
4741 380
4369 562
528 3963
2279 3102
4582 4508
391 2757
1126 4134
1045 2539
3159 1969
1138 252
3599 1422
275 4090
3276 4484
3866 2446
4275 4942
2877 1284
2520 3679
4067 157
65 3362
4996 3590
2040 2595
1513 3126
2843 2137
4881 2061
4060 398
3688 2431
4135 3795
2044 1278
1929 3913
293 1993
2929 4863
864 1269
4604 436
2973 3157
3003 588
4746 2426
4771 3339
4857 402
4844 4835
2289 1351
772 447
3019 3228
4939 1942
30 3104
4489 874
2451 2108
1974 4222
2326 3561
3909 3642
3901 4266
2590 1539
4637 1243
4219 4836
961 248
979 1687
3761 3842
1086 4818
3653 4435
2649 2373
4765 3798
3914 2594
4100 1932
2243 30
201 3247
1072 2933
2577 3051
3349 1873
2410 1452
1788 389
4972 4333
1649 1210
4555 3624
4539 1964
1581 2035
610 614
2442 235
2979 4521
1089 4514
3750 1826
4411 1240
4514 1711
2740 4927
3398 561
3479 101
1937 2238
3659 2546
3515 647
4330 1807
2471 4442
596 1547
2536 1455
1771 4155
3526 282
1723 4547
3007 1202
1158 1136
4574 1987
278 4673
2223 794
3864 2024
1143 3448
3823 1866
4517 1140
2275 422
342 4028
1761 2316
1263 1661
581 3485
1341 752
2292 2563
2357 3188
282 1870
291 3789
741 3134
699 1092
716 1646
3836 3880
4645 1186
4239 1820
1246 4920
284 3234
2987 4937
2086 1153
1056 1829
3541 3496
4669 4839
3430 154
3272 1403
4154 53
1127 2209
3265 35
2224 4205
2525 4385
4768 1255
891 12
4008 3324
625 1682
1570 1231
460 2850
2162 472
1969 789
4079 3531
2967 1575
3438 3788
2097 1867
131 446
1146 1250
878 4061
3699 4599
3010 3627
738 2763
4391 1934
538 1719
1178 1330
1912 703
553 4026
2174 1365
4188 3540
597 3653
1524 1295
3326 568
189 4792
2364 1118
1914 2436
3636 2719
4887 2158
785 1327
4058 2133
150 4875
1704 2603
1278 616
4082 3226
3974 2047
3560 939
4207 4788
121 3675
4713 4140
277 2644
3157 3159
1454 3546
4145 1034
3912 2645
1852 3084
2026 1702
4474 4775
4206 3490
2725 3035
3896 3588
3283 886
2429 3786
4278 275
3374 189
238 1737
1325 4436
4046 477
170 2880
3757 2939
3100 1973
889 2656
4352 3164
3463 576
3966 3841
239 2694
4385 75
2631 3184
2714 3577
3153 1276
1687 1160
1381 3128
3536 2990
2997 1716
4160 4704
1711 3142
4538 4495
3860 4503
2635 3901
1707 3278
2111 4592
133 1899
487 143
4840 4313
335 2681
1895 3852
2282 2495
41 2186
4822 1520
904 419
40 3379
1152 2380
1495 2918
1944 776
4382 4443
1740 3311
4831 3382
218 2481
4359 4345
3998 796
4397 1401
1584 733
1859 345
2615 4914
52 1580
2080 1333
3538 2257
2143 2087
4279 3937
688 2506
1439 1748
1202 3845
57 486
276 4847
3199 3936
2180 1893
269 2543
2752 3452
1795 3464
4523 365
2894 1031
367 3703
2177 512
4710 4173
4783 3087
4236 3794
3985 3528
3447 633
1869 1685
76 3333
2978 1129
1079 296
1868 3955
3334 3109
2734 3041
10 1130
869 4352
1361 93
294 1803
1943 134
1172 1105
1040 1244
3345 232
4294 2530
143 520
2466 930
1620 4822
1417 1852
2347 1871
2254 696
3391 767
1433 1591
3722 2782
4383 4254
4314 4187
2353 1308
2104 2586
4346 251
3011 259
280 4950
1411 2727
122 816
3655 2512
3414 3042
3628 221
1568 2845
1125 3370
370 4257
736 3408
409 2573
2318 1109
529 4917
4663 361
3044 739
1474 4519
1627 1319
3053 3457
2558 340
319 3113
3942 3854
1383 2412
3379 4281
2487 1838
3242 4019
651 1817
550 4689
4791 4490
2673 865
3713 911
976 302
2914 3758
4852 2982
436 3351
4581 3661
539 3586
1933 1004
4810 1879
2216 3489
897 2127
1987 4124
2713 2544
3615 2494
1512 1570
2571 3449
1455 1282
3746 822
3794 2774
2966 3831
2657 2381
2535 3355
2808 2022
2182 4438
3755 1458
2798 3077
2523 1364
1555 2632
4490 3125
4262 613
112 2710
2322 904
677 774
3483 2765
4480 4287
2605 4563
2438 1376
1136 2005
3083 2564
306 17
3171 1601
1313 1699
1521 2502
4334 2526
2119 308
1008 1904
320 1050
2081 828
1909 3465
2395 3451
1429 466
3332 1753
3528 1203
2458 4244
1317 411
3882 3526
2059 3944
3104 3747
2882 1408
1094 3731
1051 1149
3996 4093
1640 1348
2272 2803
3197 1830
1448 4449
855 1761
403 2785
1922 3262
3061 3973
2594 3899
2123 423
2863 3572
671 2226
547 4897
3738 230
3834 1572
4537 2267
1628 3359
1415 709
2622 4260
3416 1701
2669 3970
3214 1318
2998 1525
3949 4646
919 96
2222 2874
3568 468
1194 76
2957 1588
3712 4526
923 2498
2893 493
816 1924
2624 802
3760 4695
890 3523
4053 463
2237 3515
1564 3347
1756 1314
843 3122
3271 3165
1715 3007
1706 2627
2117 4593
4867 1586
2907 2354
1911 1885
334 1460
2511 2010
2671 3722
3574 2923
1543 1763
1633 1526
3229 4267
242 1159
4034 2699
2787 3133
348 777
4285 3721
4888 376
3657 946
3803 3187
2389 2078
1765 3805
4113 2730
350 77
3790 2499
3285 4102
4681 4176
2664 4080
302 2452
3873 1394
3139 959
1887 3281
1889 4022
4623 50
109 3984
815 434
3098 2407
4727 2122
2634 383
3869 1783
4898 462
2905 4625
3240 950
990 3475
2864 4537
584 1620
1928 1515
865 1151
2079 1664
3663 4700
3383 3309
2827 3862
4066 1738
1205 4060
3706 3608
4775 2396
1198 2793
3686 4932
4004 922
1284 3918
863 400
700 2123
3700 1988
796 88
4667 805
4035 4721
2215 2285
2002 2055
3338 73
3186 2140
4575 1530
742 548
984 212
3405 1981
3598 1234
2659 3431
4234 3129
3649 2672
1487 4139
1572 213
1446 719
3248 133
4190 3415
4913 1184
3485 170
2404 2888
998 1175
4512 3255
2705 3304
506 4071
1501 489
1288 3733
1369 2276
3009 496
3730 1900
1718 105
2098 125
3135 1869
4435 1067
1080 2092
773 3029
3595 3924
2012 1325
608 4365
719 425
411 2621
3593 51
3925 1963
2642 2368
4353 921
728 2581
2225 4637
4787 901
3625 377
2428 814
768 4550
4432 4224
4730 2641
4570 2417
184 71
4596 1980
766 3996
2479 1189
2517 100
4695 121
2074 3016
4832 3025
2856 4758
389 4885
4801 1110
34 1528
2711 1181
2583 2911
880 1193
886 3947
89 4862
144 2115
3017 272
762 2095
4686 2036
3273 4259
369 2420
4098 3315
3033 435
4994 3979
3881 1689
3116 1300
1164 4496
1425 687
473 1608
3080 1396
1796 299
2221 1704
3707 4011
1632 1619
1980 1084
376 4774
3369 766
4505 2315
4646 1916
1741 1436
4232 2096
2497 4674
2898 3723
2810 1522
1726 1833
28 2090
4444 3659
476 2425
4301 918
3329 4170
4041 3440
2056 4607
4468 3968
2761 9
2173 3127
323 4901
2630 2109
1562 4411
2330 85
2355 723
2991 1386
568 597
2170 306
4664 2085
3357 713
95 966
1058 4123
2718 1684
4080 2413
3424 4931
2852 81
1565 3516
3531 2734
646 142
4993 2393
2288 611
251 2535
3008 715
2446 1978
2408 2183
1641 3494
423 4513
3937 894
4599 3630
3751 4174
1357 1139
3859 3005
1003 1498
383 98
4390 4147
4880 1361
2918 249
4551 4373
1250 2862
3494 3117
1458 4268
2721 1241
2884 863
3252 902
915 2756
1822 4500
3894 3684
4656 3202
3435 1582
4186 2946
1511 2548
3793 685
4703 3073
2674 2507
3465 2870
3591 4697
1885 2684
4137 3820
3580 2894
1848 1261
2151 3405
4367 4103
1469 3650
1165 3547
4025 1444
458 405
1858 1483
2088 2019
2399 4177
2672 3965
49 1593
2747 1688
3619 1289
691 1503
3142 692
2908 1496
2623 3728
2692 3145
4096 526
1831 4923
1816 1774
2005 3579
1834 1970
2531 4196
4157 4432
3544 3099
2403 4018
1797 1256
1803 594
663 367
765 4075
1354 4192
2126 3724
62 2903
2396 1908
3342 2453
4211 3816
4430 420
1351 1962
1651 2837
3092 226
2812 4614
2312 1346
3093 2075
230 386
783 787
1092 626
3473 4216
2083 4424
1421 4858
2349 4211
969 3162
4991 2155
3079 644
4224 4943
125 3395
1248 873
2336 3220
3875 4683
2070 178
338 4827
838 1797
4131 2938
782 2735
1486 3975
479 2769
82 954
3489 359
4953 1277
3125 638
632 890
661 1270
4205 4461
2485 543
3941 2814
1307 2313
2314 2639
993 2227
2069 2200
174 1772
386 3938
3446 1371
1163 4800
2218 3777
2113 3280
3939 3057
3472 4569
3514 1265
3344 2266
2888 223
1770 87
2896 1212
3023 3633
830 2057
551 3725
1109 1170
3277 1085
92 518
3812 40
619 610
999 2751
1897 4312
2273 4528
3726 2383
3219 3398
2690 1068
1189 492
1117 2306
2077 2665
3672 3828
1941 1013
2297 3871
4494 4665
4903 3600
2568 649
2748 128
289 4393
2644 4212
942 2480
914 4364
1794 1834
3365 196
4333 1670
1306 1286
211 960
2785 2749
2895 2858
4055 194
600 4556
4266 253
1019 3183
1364 2947
1154 3824
1531 555
4256 371
1114 835
2100 4894
3263 1097
3505 4069
1444 14
731 1563
2015 2968
4578 4638
668 4895
989 3840
4045 3866
4033 1708
3854 3425
3274 963
3454 1951
2767 4684
1738 4477
3678 4054
119 976
2480 538
4682 3019
2834 2885
1210 2250
59 3010
1344 4612
2339 997
3863 3429
2586 4236
3987 1448
2654 487
3296 21
4950 2089
965 4317
1935 4078
2099 3700
2470 2732
1798 1784
4097 2957
4223 1273
4425 2538
4112 3152
464 1424
1931 956
4504 2925
1849 2716
3452 1928
3324 3499
933 1706
2837 2142
1721 508
2000 3033
607 984
105 1721
2503 4171
1604 4471
920 882
1666 3115
2047 625
4958 4277
3510 1124
1376 312
660 1613
4014 2400
2014 2853
3469 2828
4788 4039
1195 4913
2163 2330
1207 4890
3097 467
4132 2534
1491 1568
3208 4676
1514 2478
4977 2693
1915 1296
4981 4343
311 3055
1069 4837
1973 3952
3327 4658
3972 908
3115 2235
4739 1663
3298 3223
3455 355
833 247
337 4586
992 1592
1863 4406
2145 3782
3627 2468
3068 4304
2551 1291
4065 1793
2806 2511
4072 4910
2903 4935
2500 3482
3128 3120
1528 3391
4328 909
2168 4201
2030 2973
3260 4329
3857 1479
4974 3799
2240 580
2067 2560
3708 424
1579 1532
813 1281
2566 4821
4379 821
3426 1808
1068 1860
3889 3054
4885 3542
1159 1009
2662 3277
4458 3381
3129 4732
3723 4318
795 3090
4446 2429
1101 4481
4842 4467
2771 3771
4455 3989
3486 4182
3724 504
204 2326
3667 384
4668 260
2982 900
321 4670
3576 2382
1465 1836
729 4955
1648 288
1846 1354
4500 3647
709 4881
3622 1040
950 1736
4215 480
1 4866
675 4480
265 566
2062 1328
4909 2625
4766 2471
3090 3710
2208 2030
3888 3787
2542 751
3182 3612
4633 812
2001 289
4440 2519
3415 3949
1027 698
3449 1959
4598 4585
566 3158
1554 3163
4540 974
2992 4803
2481 2086
1370 2740
1208 1976
2131 3404
4029 4371
3111 4431
1611 2832
1660 1769
2290 18
463 2287
1166 4909
3633 277
3066 4924
3811 22
3601 3002
14 2914
1237 231
4683 1569
3038 4971
2683 4412
775 675
1500 3274
2244 3940
336 2403
2685 1485
3256 556
871 3920
4918 2522
2779 988
2488 3548
4287 430
245 1683
4897 3414
4140 3990
2082 2125
4736 3296
1360 2472
3729 659
549 2553
1220 3153
1510 1304
113 4006
1339 843
4707 2587
4069 1465
4679 2156
562 2152
267 1360
3112 4765
2729 2666
1168 679
1856 931
3999 3189
2190 4573
1998 2910
1301 2486
3975 348
559 3212
3039 82
1477 387
3226 4486
2989 3986
3786 4993
4371 4228
1791 775
4078 2067
2797 3704
2419 3574
1191 2185
536 1757
2027 7
4875 2796
2130 4300
4595 1920
1527 4965
340 3829
283 2172
1549 2455
1792 4390
1924 2744
2552 666
519 1874
1786 1667
4111 4334
4879 3614
3917 932
582 3897
751 123
4331 3264
2543 4191
2544 2265
1382 1305
2226 2616
4061 1898
3605 1298
905 2510
2539 3409
3312 1954
4944 1021
3734 4749
2156 4714
3047 2568
4281 440
3258 745
4571 2051
2464 1882
784 707
1991 1922
3303 321
622 1182
1432 2657
2807 1091
3107 3847
3951 279
1958 3079
2120 124
4520 2844
1737 2192
3467 3717
3126 393
4396 973
3161 4660
621 3323
2150 4692
683 1468
1365 4453
3250 1728
2880 243
643 4330
3275 4207
835 3568
3036 2422
3797 2931
4922 1274
1541 4615
3488 2673
3521 2944
1414 4782
4628 3193
1878 2840
4987 521
4979 630
1995 2188
1784 3784
4937 2631
3885 4880
3689 4336
3318 1427
404 3978
3639 1777
419 2233
1326 4499
1669 999
196 4977
694 4639
4124 1712
2862 2004
365 4764
679 2755
4020 1082
4421 730
3721 2282
4961 819
2178 605
4835 4055
4297 4830
1999 4488
3830 1607
3614 2017
1230 2788
2316 1554
4951 3712
1016 1846
2144 746
2916 1714
392 3757
2331 1511
2723 126
3500 1249
1934 3265
2726 2781
2018 4489
5 3796
1988 4809
1099 1176
1599 4029
3804 3291
3364 4391
4176 1192
687 1150
489 34
2048 738
4372 2618
1461 263
758 295
1130 3150
1764 677
4853 1183
2821 2224
167 4722
3770 294
1959 817
1836 79
1481 2983
4883 4506
3778 3826
1005 724
859 4699
4497 4540
1893 2623
814 560
1757 2805
1085 898
3623 368
4349 1002
3193 4164
2125 3674
4410 2617
1978 1338
93 3383
3665 1863
1688 4690
2813 1029
1720 2159
83 1944
977 2114
3394 3388
3592 3038
4246 938
1951 972
3801 1651
3043 3343
1674 273
2304 4874
771 4258
3616 3439
425 2752
4099 1425
3990 1221
3843 3254
1343 1492
4156 4536
1467 3331
749 947
2352 2296
274 806
1639 4417
3470 4867
3600 320
1559 1623
1807 4804
542 2145
327 531
4577 725
1032 4356
616 201
571 503
358 2327
495 1732
356 1267
3506 735
7 1598
1399 3108
1583 3873
2071 3377
2606 2231
1590 1252
4617 3886
4094 1759
471 2615
4814 4933
879 1794
3645 1556
299 1442
602 4654
260 4397
3924 4041
2574 45
3561 3427
2576 2336
4059 1462
2784 4541
2778 183
413 838
162 2474
4619 4610
2838 4454
4093 4834
4529 4387
3647 1692
2065 3601
4467 192
168 1634
1450 4154
952 1239
917 2003
4250 3326
2559 4180
2946 4470
3677 4047
3406 152
847 3298
2859 1420
3668 1307
1717 4850
1566 4663
2363 2963
209 3200
1213 2940
2696 1824
290 511
629 2008
750 4298
1066 4826
639 3537
1328 2248
2677 993
1333 1169
4674 3242
2325 3893
3784 4720
1418 4929
4819 810
3679 4370
345 1041
3 2261
3322 667
4501 4472
186 307
2192 198
2567 1172
845 4275
2636 2866
2581 464
2383 579
1078 867
27 3681
2815 4341
3517 2831
4708 4734
410 4404
1388 4175
1905 4631
3167 3972
4882 4109
1703 986
1077 3644
205 3497
3373 2879
3641 4859
4715 4796
63 1447
3309 2450
2528 3987
2473 3814
705 2414
3886 181
2369 987
1735 2961
1623 1144
4343 896
793 1217
4934 1961
634 1948
4843 4969
175 2843
2897 3236
3051 15
4443 1052
2738 553
3201 2245
4026 969
986 2497
3664 3293
1270 4441
2388 1463
1318 3460
1728 3067
727 619
1067 1790
2028 3718
4525 4188
925 4148
4228 2770
3562 4939
1519 2839
3204 1195
2886 3263
4597 3376
2861 3836
4554 1579
1806 2384
3669 2037
3976 1152
4824 203
1017 2848
2148 589
1241 1390
2054 3310
2504 2042
2241 2516
2020 4146
3660 3896
1830 3048
3710 474
2283 3205
2936 2476
3673 1818
4476 4816
2702 4934
1074 1868
4607 3693
723 1063
1826 1147
2809 4199
4363 274
3095 797
4152 3332
1652 1223
1670 4070
1817 4288
3063 4701
4394 2360
106 1453
4249 3364
298 2456
2209 1242
1748 4135
1007 1745
2913 2399
438 770
3781 2212
2931 1742
2676 3456
667 3857
1680 1466
2560 3883
3147 2071
3325 1080
1463 1696
1310 4776
1679 318
2641 291
3715 3316
1123 4395
1753 2444
1907 4446
4077 1610
3000 3072
2121 2922
4109 4367
2265 2591
1608 1112
388 1848
4940 2588
1560 673
1493 172
2990 4111
2952 824
1592 1366
1253 1731
3588 2303
4690 1812
1485 1374
4899 3156
3697 3629
329 1204
1682 4741
3316 4964
4742 2748
533 4491
4770 2661
3819 648
595 3738
1635 870
156 2365
1091 64
1545 176
2780 3179
4433 3503
2187 2339
3120 238
1038 4032
4163 3245
3827 1666
25 41
1197 3992
1821 4947
680 1507
1578 2098
139 3283
2522 1937
110 488
4002 1657
285 1497
1070 4100
4872 2130
2980 2230
868 1997
292 3688
4508 3269
4015 1915
4409 601
1054 4282
1475 989
4585 1805
1174 1894
2744 2988
3169 2590
454 3175
158 1955
641 3209
3407 1232
2354 3373
4085 2074
1917 3086
3482 686
4103 652
3213 144
4630 149
100 337
3934 1384
4466 1891
3314 1228
1251 1555
4945 421
947 2630
159 1350
827 2692
4288 4655
2248 2220
3164 3755
3280 1989
3892 2893
4307 1618
3855 3856
1289 3182
4893 3246
4431 3037
2261 1546
3196 3800
2412 537
3872 3227
4905 2128
1266 4005
1989 4423
4641 3518
3556 1571
2968 3068
3818 1751
4011 3610
1402 1832
3268 4307
1391 1443
1255 861
769 2465
3022 4469
3676 2556
561 2338
4612 4604
4754 1352
393 3196
1466 224
470 429
1155 3905
111 1565
297 1828
4689 2979
304 1180
4182 2804
975 869
3448 4020
4836 1508
1865 1892
406 4052
828 8
2441 69
2820 1639
2072 2007
171 1814
4123 290
4506 24
4792 2073
4541 3954
2650 498
532 3941
4535 4889
3261 3368
1264 2335
4325 4293
2191 4781
1774 3285
4270 2547
2298 2525
2841 2897
541 4315
3451 2063
2094 1339
1536 1941
359 3898
530 4892
4376 3239
893 2898
760 2111
1294 1911
2370 933
55 3504
3140 3445
4691 408
2405 2916
3395 2286
4967 551
1247 2180
1036 1075
807 3461
385 3092
4499 2385
3050 4921
2632 2883
1259 1288
2016 1853
850 4945
583 1271
2697 2151
1904 2830
3188 2377
4859 4213
3308 1357
1366 2347
3884 749
256 3764
2600 1275
353 1652
435 2607
2924 3939
3577 4485
1840 2646
1585 165
2095 2709
1580 491
225 1035
3131 1014
4700 3443
2238 2864
3652 612
2319 1578
1311 1044
3114 4195
3979 4369
2038 187
2758 4466
1356 2900
301 2107
3594 239
1603 2378
0 4310
1188 3107
707 533
2084 2391
1972 1083
1156 3419
380 3894
3928 3705
3899 4581
3630 2569
3969 4326
2988 3951
1422 3872
2406 416
820 800
902 2604
4375 4464
713 629
1516 2243
459 4549
449 269
1594 4574
4428 3802
1940 3660
3108 2764
3634 301
1100 4403
817 2706
857 2579
2660 530
4406 3385
3522 1700
502 1337
754 3204
4491 1967
2832 357
4841 2194
955 2290
271 3744
140 1816
258 1725
2731 3671
1745 107
3895 1474
434 2802
2425 131
4172 1395
3618 3895
3429 2913
3057 2039
3930 2771
3604 2408
1719 3801
3331 3790
779 2193
4997 2795
2136 3770
1736 375
2087 1800
3439 1897
3348 3412
1997 4030
662 4099
944 2636
3249 2493
2391 1293
3590 2026
4244 3197
3504 3670
4095 4413
1844 1324
1668 2106
3527 481
3837 1543
4527 4451
2348 4645
3437 3467
2801 113
2596 4098
4460 668
352 360
3890 1334
633 2790
2390 264
2538 2374
2305 284
960 4130
4699 158
4678 2960
4868 4210
1602 4178
2769 2861
64 2634
805 3775
1729 4841
1631 4928
1332 3855
4795 4286
1671 3207
1954 3556
4845 4468
4437 1005
4798 483
3148 2029
440 3641
252 587
3030 2571
136 893
1985 4087
1283 3357
1484 527
3321 3553
1073 3386
29 4729
4439 2091
169 3346
1558 3876
1656 2201
4175 3690
1049 2929
1601 4603
79 1583
1023 3915
2977 404
390 919
4892 3060
846 608
2228 2620
4924 4247
3203 971
3693 539
611 1624
3347 2459
3502 3749
1789 1513
2937 4246
224 3411
3596 534
4625 2649
692 1765
1111 1470
3132 1099
4196 3100
4110 267
4923 701
1234 3143
745 4590
4214 4410
997 2969
3174 1564
2911 1903
2796 2650
4415 1729
192 1638
1014 1727
725 2558
3046 654
3034 1201
3021 4294
4308 4509
653 4261
2529 439
262 3791
1626 444
3399 3655
467 1950
2715 2596
2993 3064
3124 2139
185 4677
4776 1621
3189 3052
4434 3111
4386 1010
1900 2859
1180 2043
4335 1345
2637 3011
4231 2484
4478 712
4400 1246
2521 1831
3865 1484
3701 4601
3856 823
1006 2259
4090 2747
3796 122
2110 1283
4642 717
1607 4340
4956 1165
3907 305
1457 4108
2293 2322
1147 3474
2756 3550
387 1059
918 2792
259 2430
4752 2835
609 967
4774 2169
4502 1660
3220 4502
2433 595
374 334
4782 4233
3210 2857
3743 3623
1374 1650
718 4096
3850 1071
3867 339
3820 1750
3727 4568
746 2165
3629 1229
892 111
4895 254
2058 3340
1839 3393
4321 4072
4473 845
3566 1368
4179 1552
2927 1679
4358 1857
2051 4504
1235 618
3180 2271
1496 4708
151 2197
971 1957
681 3666
19 3839
1891 1088
1870 4762
1227 1219
2774 1722
2381 363
3468 3665
2593 1631
1926 1998
2045 3636
1662 2131
2152 2599
3121 3595
4542 2718
3570 1877
452 3565
4201 0
2397 3336
296 1413
3922 4773
4329 4715
2639 1043
3982 4730
556 4797
1664 1691
2171 2190
3284 557
307 3536
626 1499
1731 1156
1698 1233
1476 4957
2379 3252
4461 23
2477 3570
4347 884
145 4414
2620 3116
3402 2772
2790 2002
3301 1299
4677 957
932 2318
3290 4787
941 118
3420 1642
708 4951
2483 166
2909 1694
791 1120
927 2176
1497 48
194 151
244 3279
4042 2077
2043 3438
840 3780
372 1629
1435 694
366 1445
3584 278
1179 2388
2885 2500
1781 753
236 585
1571 578
1752 2496
3661 4886
68 1397
2361 3541
578 866
3071 795
1449 4362
3217 4386
895 2482
4916 1991
3425 4272
3001 3793
3637 449
851 89
4031 591
229 3524
346 3345
4947 4305
543 4887
1860 3043
3851 1597
3733 1404
1569 799
4049 205
2291 47
2482 4718
4526 95
1892 1362
2655 4877
70 852
2206 3406
1112 497
4817 3297
2881 1756
4653 1754
4148 4359
3187 1902
4488 3392
232 1008
2953 2196
42 3312
1408 4242
2154 4709
165 136
3806 3342
1714 741
686 1778
652 4989
4802 1641
1330 2099
3218 635
2541 968
4062 4405
4348 2284
1502 1309
2554 4998
967 4653
405 736
481 2462
4936 1349
2179 4769
3363 432
2495 3874
3563 171
623 3031
1238 718
4134 4623
4856 1086
1242 847
3513 4731
2889 457
1175 236
2285 4628
3503 1611
4621 2501
2375 4522
2374 2970
1221 1861
1801 3778
3440 1331
689 1412
2704 1614
4019 2274
2530 3294
4280 2775
3685 2678
1883 3476
1274 755
363 2705
2443 1378
3412 1433
711 1755
874 607
2818 3922
2478 2207
577 1257
4989 545
2210 2901
2252 641
873 910
4120 455
3031 1933
3006 4308
3569 4223
2229 3566
2612 3224
4709 3921
3328 1710
3690 1380
1542 412
103 61
73 2742
1886 1467
4665 2477
853 4544
1409 1049
1586 1432
2460 364
1275 2717
753 256
3877 2554
4747 2485
1393 4630
3065 841
1395 2820
3355 2635
3040 3065
4378 3926
1171 3369
3684 3686
3540 1501
3841 4978
4039 475
142 2875
4889 1001
2628 4916
2505 4200
4357 1251
328 4483
938 2228
4744 4121
431 2387
2023 2135
4253 2952
3339 4169
1814 3734
1103 4973
1346 2402
3674 2058
2217 2149
2309 3036
2803 4983
2269 2951
4629 3325
443 163
3310 2855
1394 3563
2260 3806
2367 3424
1232 4511
601 4339
3753 3859
504 4302
1273 758
4412 4831
2214 1066
4037 2945
1947 2241
1412 4810
4670 4735
4105 949
4833 2464
2496 4150
2302 2291
3105 2153
3767 1141
2351 826
3771 1604
1616 59
442 1509
1483 4789
3388 461
3244 4505
4647 4588
1813 4790
2840 3287
4509 2972
589 56
911 4531
455 3742
954 4642
4900 2441
1142 2660
1489 3948
4716 4596
2942 1858
4487 3877
4178 2097
3583 1312
23 2463
3839 4014
1847 3500
227 2134
870 2060
1026 811
3582 528
2009 965
4573 316
310 2959
2708 4883
4815 3374
2847 1573
1574 4475
3239 4727
3741 4381
3099 2032
1088 693
1647 2610
3571 3543
3552 292
325 1047
395 4739
721 3602
825 3807
4572 1918
4296 3611
3984 780
4271 60
1256 1595
2295 1117
2263 2567
2626 1475
4806 1884
3967 793
1193 1218
3947 2206
3206 3618
199 4682
2814 4579
1353 4501
514 4817
3231 3001
1420 2905
4252 1178
3525 4691
1209 2260
75 3843
116 469
4821 935
2948 2069
3487 460
426 1811
407 4941
4102 3020
4368 4833
4052 3974
2234 4000
1011 3846
2184 4870
2925 3222
1960 2268
1864 3599
3680 4884
2334 829
3045 207
4424 90
3696 3401
1272 4151
1739 2531
4507 293
894 4944
1445 4094
4753 2921
206 2352
1322 3317
4030 1429
1624 2707
545 2105
4161 304
3333 3173
4243 4678
712 2018
2621 4860
1815 1402
1697 995
1105 2977
1368 1740
126 4007
2042 1949
3815 1106
1140 70
3763 3583
2032 3410
1436 3736
417 2532
2954 4017
2091 581
2358 621
837 3112
2572 2305
2452 4712
3228 1409
273 1804
31 781
4955 2344
4661 1827
3408 3053
2270 218
4870 4114
2604 3746
4769 150
4221 2936
1776 4382
2251 3514
3152 2094
1358 602
778 1906
4141 2272
591 2577
2684 4824
500 3147
1769 916
4362 210
4896 1653
3559 600
4465 217
2985 4911
2701 1718
1075 3735
1279 1662
1518 4997
4222 10
1151 4842
3404 1760
2519 784
4257 2332
408 499
3643 674
3160 991
1802 4746
4761 1839
4010 926
1783 1538
2049 2851
1271 358
3178 314
2537 726
2164 4229
4166 3879
3971 1881
1871 2536
576 1161
4731 2842
2093 1456
2311 1260
4054 1994
1479 2278
2219 2550
2434 1469
3123 982
4820 3050
1957 2975
2666 1023
599 373
264 26
2976 214
4714 4379
1879 2443
1134 3683
4254 3466
441 2357
1823 2761
1534 4038
3764 1155
2618 2541
866 1596
1035 2688
4070 4621
4332 3250
2935 4057
2819 116
743 695
200 4619
2461 54
1231 3123
4954 1428
4127 2919
4609 4299
3082 4668
3573 3783
4850 2927
397 4189
316 1322
1982 2825
1606 3299
1071 642
2720 3219
739 1019
1785 3422
526 1690
4387 220
4557 442
2923 2934
4441 4624
2795 2416
2763 1771
3765 3015
513 2812
3368 2236
253 2766
4812 3513
2917 4280
