5500 3000
2775 1047
276 948
861 995
3331 3894
1253 3766
4585 4447
4153 4052
3850 4676
2681 5310
2836 2040
2617 1532
3652 3545
2227 2980
4347 2156
2063 3497
3223 3022
4456 4273
2903 1661
82 1654
3995 443
2758 5069
3575 1645
2776 668
2142 1510
99 2813
5264 1058
5021 5043
4779 726
1811 734
3048 596
1090 4875
5379 3043
60 5409
176 4368
3323 1760
677 5463
2243 2084
1425 1459
1082 2904
5451 4528
1666 959
4414 1258
5116 1325
1487 2004
3170 4176
1184 105
1320 377
769 4987
1151 4480
3994 2844
3884 5398
1437 3199
3671 2621
1660 4432
5171 2704
4060 5252
3149 4350
3704 1393
1058 4654
679 3098
1585 4656
2810 3335
3842 528
3172 3542
71 219
1205 1574
178 2355
3316 2821
5345 4303
764 408
5432 3941
3266 3796
3736 4825
631 2591
15 3825
806 5329
1633 700
3060 3833
1066 158
3075 5471
886 140
6 3028
2705 881
3829 3402
2671 5204
2696 2733
4273 1460
1769 2434
4223 2706
4628 633
4385 4120
2488 3448
3413 4850
3181 4336
1736 86
4193 1543
2260 2648
4879 2564
1173 3287
2512 2886
4022 56
3707 964
3927 1167
4096 4320
1256 793
3666 3529
1758 2174
4052 4040
4342 4431
2072 1664
3270 2298
5413 1584
3308 2663
4519 4900
128 5006
4438 3235
4335 2503
1077 5227
5163 2841
4716 623
2013 873
449 4548
2964 2100
1640 1703
5104 4227
3677 1340
1687 3391
5111 4188
2160 2529
3968 3530
32 4912
145 3148
2191 4938
382 4559
4607 60
47 1578
718 3552
2285 389
2395 3958
1594 4053
4187 1719
569 2115
1712 4760
4252 620
744 2318
2375 2368
4300 395
191 5187
3978 2936
115 5374
3686 516
4832 3772
3326 2702
3506 4
3004 5200
553 486
2649 4234
2205 3493
3086 121
264 4835
4595 4848
207 4843
2639 1192
81 2155
2608 4810
929 5356
1845 1975
1577 1300
4558 4916
1742 2240
5070 2553
1716 2869
2391 4666
2708 5172
3050 2586
3873 2397
2636 2309
5415 251
1004 2827
335 2590
1363 2809
308 101
4918 3234
3556 3981
2088 561
2196 2112
4706 4474
3673 5417
5460 4363
1290 3318
1824 2560
2442 4427
4790 4210
4570 4258
2294 5133
5220 4688
1513 2271
1255 4970
2499 4508
486 1660
1178 5037
4661 5363
425 4777
2918 116
2060 3605
4766 4518
5315 913
5161 4722
1224 3775
3930 2717
4112 841
2029 3562
187 2955
4835 157
3448 1904
390 279
77 827
1119 2122
760 5081
5084 1003
1039 4015
1349 4402
2942 67
691 5335
435 5445
5289 4134
2478 2595
1202 104
1635 1155
3779 4206
2956 4936
4822 315
4283 178
3570 4451
4499 5
2843 2164
3063 4738
853 3269
5003 4971
5085 1276
1240 1183
1160 687
4026 247
1643 1980
3922 2093
4479 4130
1387 5485
1067 1149
4125 4948
3660 156
5227 3330
4537 672
1981 1594
4601 3468
962 1600
329 3070
2324 705
5184 2951
3257 1711
4546 770
3756 1659
2765 1931
3013 3333
3956 2256
4613 1174
1140 5137
4874 3109
2095 1951
725 1206
399 1076
1960 4410
5231 4122
3168 3052
3883 3910
2537 5154
2338 4783
4889 5349
3519 573
1701 4387
3796 1055
2742 2180
3112 4630
4442 2540
5221 550
1044 4814
3958 2023
307 2422
4739 5240
3900 3653
5283 1288
4669 1753
3252 3888
1851 2842
4662 1988
5206 125
3647 2430
5007 3230
5358 3409
3095 375
2358 1818
1857 772
5359 814
1823 3139
5414 457
4583 3346
1059 4943
4400 1308
126 383
3716 2069
5125 4162
4913 1755
3476 4276
3869 1335
3676 1344
4498 492
2560 5206
3964 2065
3192 1588
2256 5430
351 4737
4260 1186
4707 3849
5129 3808
777 453
4397 2956
1265 1893
512 5352
1267 3513
5058 2628
2508 4330
3329 4880
360 5139
4146 4576
4875 3671
2971 3640
2378 552
112 2289
2226 3289
3150 3626
4294 3261
5204 1930
3586 2073
1781 2976
5075 1829
1502 1838
1484 4437
876 2793
3748 1210
2398 742
4560 922
2532 1898
4268 322
2264 5058
3973 4003
4823 2228
5353 3281
3926 2196
3567 5135
3893 1824
4228 4245
3855 1223
3005 165
1298 3228
5203 708
931 1572
4289 1406
2164 2231
772 1450
4201 2080
2316 1761
804 1334
4381 5186
794 4560
406 4784
4427 3863
5218 3532
4964 369
2816 3450
2998 231
2783 2828
3991 222
3067 3617
4220 2160
4842 2170
3397 5221
2329 3074
2655 2029
2548 677
4365 3461
1603 2771
5406 1256
209 3133
3457 4594
2030 4703
320 2727
5188 2555
2281 4571
1551 5112
734 3097
3803 2829
2157 4151
4711 4220
2008 106
5131 763
4592 5021
2381 1524
1761 11
1707 5002
1893 4307
1466 2102
2409 209
398 894
1022 1710
310 459
2825 138
4805 27
2720 4847
1709 5008
1657 2313
101 3455
2893 286
2854 4452
1972 1461
4009 4016
5019 3145
2449 3889
3675 1749
125 1374
1273 1968
697 5158
2511 1357
2595 1738
4529 2140
220 3315
4524 756
3577 4758
5151 2669
4199 3990
331 1783
5176 3326
2724 3704
3009 1136
1581 1014
2444 4895
3288 1101
865 4075
3841 4653
2782 4575
4279 4289
1017 2525
1647 380
3901 4137
3429 5009
5146 4862
4999 977
1672 4780
5173 3528
2412 628
657 3394
5053 897
2583 5315
1756 1799
2275 4060
3351 1488
4797 4903
2902 4583
2795 3256
313 2393
4828 1224
1438 2491
1997 3412
1196 3219
3945 349
3947 1190
3307 3463
4882 3353
4133 2769
4196 5469
2089 971
5052 2532
1567 1106
2756 2248
312 5100
1609 3440
108 3648
3522 1944
154 4510
2006 2585
3857 2291
1534 2520
168 1627
3965 3212
2217 3936
2871 2061
555 5123
3302 3221
4947 503
938 2567
3980 4546
257 2279
4717 1828
1880 3202
1895 4844
3313 2120
3633 2127
1385 1
4789 3038
3206 382
2679 2697
5062 3055
625 780
1051 4745
4571 1599
2757 1490
9 3216
2924 2575
4968 5140
1210 4274
4255 5239
4386 540
1411 252
3449 4620
4205 2469
3022 1616
213 4885
3328 5226
2866 4619
11 2246
3540 2087
5147 416
4378 1227
3879 270
3932 82
627 853
3809 4007
5225 137
576 541
354 2582
1911 3559
2104 3555
3072 210
1406 1355
135 4933
1751 2713
3046 4851
5278 1739
591 1131
3208 162
4188 968
1926 1435
2171 2332
28 2685
3216 1410
1842 3539
2300 351
1771 825
522 1676
4973 4860
4721 2650
3454 3000
2503 3673
1103 3418
2785 4139
1399 464
2972 3240
3082 3836
3971 4484
3249 670
2725 5178
647 4902
3507 3730
4787 352
3265 54
1269 3687
186 3414
3025 5142
3065 2799
2186 4019
157 280
2999 2584
2129 2637
5363 1986
2519 1389
2373 691
4535 232
4464 5177
803 4106
928 3242
5370 2064
2830 4148
163 4443
1556 1520
3484 3042
1776 3009
5433 1133
4506 3474
4666 5479
2838 4034
1111 130
12 679
5249 4311
4742 2297
2180 2722
860 495
4357 1747
4488 1311
203 4750
1988 331
5442 2344
4051 3525
3154 5080
4653 3823
2469 1284
749 4481
3175 571
3079 2718
2390 885
1029 144
3287 4569
5423 290
2992 1961
3952 1697
5467 5292
3311 3741
3406 5350
2630 3744
830 216
3215 3940
4491 5010
1724 551
227 5236
4136 2501
3334 3521
4872 5411
5144 3911
1805 4159
5342 4514
3766 5499
2868 4842
2261 2892
4810 5368
3786 3164
3295 1843
3942 1608
2276 3860
3408 2323
3874 337
3064 5077
3594 3569
1831 4826
2161 1866
1495 204
2547 545
296 236
4159 1371
932 5107
779 1127
1397 580
342 3130
3115 1070
433 983
2354 5461
3499 1617
649 1745
1493 1092
326 5498
1285 3685
4962 2546
2252 3924
3689 1641
5016 2611
3649 4399
2430 4586
2198 870
789 2588
4019 3568
1958 4124
4012 2472
642 3246
3627 2732
2576 78
491 3018
341 4214
400 4607
2447 1006
4895 1034
2958 3718
2193 42
3758 1044
5390 826
285 3160
5365 3115
2291 2219
2253 2744
2411 3154
4681 2302
1480 531
2028 2234
3904 3355
1543 3527
5490 601
4484 2305
4712 4694
2635 185
113 3584
2669 131
4548 4521
3155 340
1231 44
1367 314
837 519
3034 1250
3061 795
3558 4475
738 794
3892 1441
4403 3329
639 5403
4910 3327
3635 5122
920 1024
2427 685
5026 5031
1965 617
3532 4385
2087 2539
2659 1478
2803 3558
2218 4189
4461 2114
3069 2998
3304 4038
3189 3060
4516 3116
482 517
2732 5261
3238 3517
2582 3832
4922 4228
3504 2670
968 1622
1479 3598
439 2667
5077 4588
1854 4468
4994 5404
2968 4852
2151 112
4807 2372
1186 2233
4330 830
1680 1448
4683 1803
2016 250
471 2967
1331 625
5444 2850
3123 3225
3120 4287
5470 2307
4424 1797
3207 2934
4928 5197
3606 4638
4634 217
2384 2224
3432 4087
2943 2701
1719 4911
1101 764
2497 4965
506 4901
812 1864
1360 4419
2289 2387
2665 3802
570 877
3662 3875
3602 1466
1093 2786
4314 610
4077 4193
2323 944
3539 3724
1254 598
4145 2056
656 381
3241 417
3278 81
243 379
4248 5343
695 5079
4276 811
162 3193
629 748
2596 5083
4462 1544
621 1449
4047 1628
4334 2459
2100 4841
424 3841
2920 1948
72 5230
2249 2476
602 711
1968 5173
167 2874
2315 3110
5273 4146
2599 3118
3511 460
4278 2823
3743 1349
4453 5435
321 1369
2709 1272
4785 110
1521 2383
2282 2482
3605 3020
3310 5385
846 5038
3401 533
2946 1868
974 3694
120 1894
4924 4050
587 2877
1980 4187
4002 5259
2869 2883
84 3015
1092 3692
2856 1298
4589 4789
4792 5033
758 2933
5223 4520
5113 3931
5197 980
5200 136
2554 1041
5005 3293
5391 2764
3296 2449
4087 945
4582 824
5036 2295
4632 4751
1408 5119
1319 12
2457 1851
1161 3508
4411 2728
3259 761
504 206
1802 4083
5017 4677
3300 1463
2027 3162
3159 4858
3954 932
3903 1268
3369 3985
1036 3848
3142 1724
4965 4112
1297 1849
452 3842
1426 1526
4057 4596
1637 585
2885 3507
2883 3658
667 2209
4489 2770
2824 2607
1587 5456
3128 458
4851 3915
1924 4360
4773 3260
4425 2587
3419 1919
759 2345
1545 4682
3379 429
2983 644
3346 3903
2821 4141
3623 2890
1789 2166
3813 1945
4709 1764
2405 4488
1855 2678
4210 4096
568 554
3788 3621
1200 3185
3186 3122
3981 993
2675 4221
3361 1270
2845 49
1264 3946
1199 2267
3391 659
413 2666
3818 930
2406 3453
472 2083
4143 1486
3806 4335
2634 2097
922 5393
2201 3663
4599 366
1650 3125
3913 5436
272 172
4214 673
2534 2754
1099 419
1510 2351
2400 2577
1631 2534
3898 3880
3785 80
5455 2222
3092 2455
3510 2649
1678 1693
1999 3799
2873 4516
624 1704
4696 4697
1574 3644
1045 3393
3315 1367
3626 20
3445 2970
25 2698
5195 511
4598 1107
1211 4181
4530 3208
5314 5120
5412 3086
5352 3163
2755 3705
533 982
300 1642
4552 4696
4346 3641
3157 4958
5190 4487
5027 1065
4803 3169
2682 2471
1912 5444
3045 731
3418 4086
1679 5437
3886 4771
1427 1095
937 2051
5108 5124
5428 715
2456 14
1617 1017
3524 4896
5445 736
4031 5024
4163 3317
577 2537
5393 2400
3607 5072
3584 1171
4566 3358
4490 1313
4263 5066
727 2749
1994 2627
762 2852
2021 452
336 3292
5051 2876
2876 4781
3863 1801
4689 3891
3564 2388
4940 757
4349 507
2407 4169
4746 2615
1402 1741
3646 3182
403 4138
1597 4129
2138 3080
3293 1277
2005 3857
1778 4078
750 5231
3877 5371
1459 3446
4308 132
379 4706
513 221
1171 3583
2440 1199
874 1212
4693 3308
3910 560
1060 3114
381 334
2977 1456
438 2977
3870 2348
722 1502
4654 2756
2602 2002
1335 4264
991 2740
1226 3633
362 5130
1001 2946
4840 5462
3441 2622
2094 4184
492 1443
2047 4331
2906 606
1608 5175
2033 992
5032 2893
3989 3590
2525 4298
1989 2442
442 4641
4687 2919
666 3023
5230 1061
3710 1568
2573 2548
475 2484
2917 353
3000 36
5 3107
4298 1946
5255 974
2394 1615
2277 467
4095 2203
1744 713
551 3722
1275 5280
4903 4978
200 2236
4896 2033
1688 1216
2345 5447
2417 5117
3267 911
3338 3368
3597 4278
2780 946
4584 1914
4206 2861
3240 4036
1033 991
5312 5426
3102 3524
3409 2138
4069 1808
4905 1604
2041 5167
5236 3780
2513 3662
2073 3604
134 3352
1798 1353
3290 5347
1072 2569
2272 1266
4486 755
3588 1164
3363 1924
3691 1195
1000 3947
4227 3570
3469 532
2067 5342
5424 2176
2245 5440
808 2177
4581 3858
3442 4727
3843 1972
1863 1688
1689 3452
3810 1289
53 2834
1213 4178
590 198
5137 5339
735 1193
3705 4063
2590 3140
170 4893
4927 917
3851 4211
1417 1035
3912 740
2557 328
747 1718
3493 2444
1263 4519
3228 2533
1498 2273
1469 4185
4006 1535
2238 1480
1610 4709
2441 2282
3212 1590
2735 4407
858 5054
4157 3226
2202 122
4061 3498
265 4770
3248 208
1888 4513
3180 4453
3698 303
4866 1146
4132 4785
1682 3674
5420 2262
5192 3013
4140 2172
5170 2481
3763 1126
90 3196
4827 3533
1413 2232
4893 3923
1104 2630
1141 2866
247 2906
4980 3597
1614 4786
2317 3310
1677 3969
990 1853
4652 5014
2446 1913
1886 2110
2768 1862
4493 2124
2867 1430
1995 1262
934 3708
150 4909
5049 681
1779 1837
14 5369
2032 1260
2081 621
4426 3364
4337 3811
237 4815
1774 2688
926 4381
3831 3123
477 3198
715 142
612 4145
8 5169
598 5459
2023 1261
65 1854
3160 1315
1468 1060
1409 1762
608 111
4649 126
5392 196
4360 3435
3858 3299
1323 943
5041 1202
378 4633
2542 2206
3593 508
3462 2775
2581 1954
1974 2535
2466 5294
1720 1025
1806 3758
5068 2360
2195 174
3096 5419
4237 4393
3967 2058
389 587
1486 4163
4373 1147
5035 5020
4249 773
4452 1833
2074 263
4623 1881
5400 4563
2953 3156
2623 2872
5317 2730
3219 2987
999 2618
4670 548
262 583
2140 25
1239 732
1674 3069
357 1198
3113 650
4359 2290
5127 3410
1925 1623
761 529
3963 2189
80 3323
402 1774
1982 1901
343 299
5065 1820
3826 4613
4062 3795
4796 2545
4539 5068
1220 888
5211 530
31 1907
1530 1778
4179 4812
1340 729
4553 962
2269 3264
4780 3316
798 1538
1619 3610
1429 5155
1669 3380
4976 4828
2001 564
4318 2392
4892 777
1582 4041
3444 4018
2908 1440
421 3778
2026 2135
1225 3370
355 3252
4756 1018
3730 3166
1809 990
3548 2365
4908 2973
346 2494
4164 3034
839 2327
4812 4746
3494 3906
4642 858
4299 2094
4503 1653
4590 4377
289 2536
3390 5248
5330 4512
4466 3501
795 413
4969 3987
1443 2337
2491 3871
2119 5475
2792 1792
3895 3612
4643 1049
3438 4174
746 4416
3620 2646
1252 4624
2396 5416
2743 5250
30 2414
3760 1392
2344 1001
4355 4426
58 2506
918 2779
3440 5450
790 3334
3925 4158
219 611
755 702
1654 1071
3775 970
1176 1787
4565 3827
1218 522
982 5005
2165 5395
5453 244
4394 3732
2973 2746
1922 2394
3887 2699
4267 926
921 4955
3833 4415
364 938
3983 3314
2692 5047
3036 5232
4845 1464
2562 5271
3416 5300
2112 3255
1415 3729
4528 4231
2658 4734
3230 3938
33 291
4600 3249
2589 1482
852 1576
3599 1872
706 3296
2863 401
501 4752
3769 374
2379 1040
949 5157
3683 2373
800 2285
3301 2499
4150 2005
5172 582
4771 4284
1899 2884
159 3096
2574 512
2835 846
1242 1364
947 2830
5438 3746
269 4493
4760 969
3242 4667
1892 3153
44 4212
4070 1680
3816 4989
5292 1865
2713 2416
1683 1656
3527 3467
2711 1321
3839 4140
2858 4724
4448 338
3393 3828
4147 371
3709 5028
133 2474
783 690
1079 5089
1068 4152
3225 2907
904 1339
3516 5228
3894 965
1206 2116
630 3175
4647 724
407 5244
1450 5344
2938 3268
2645 3681
896 3158
3224 3898
593 5165
323 3703
1542 6
3924 1932
3178 2651
3372 57
4388 1583
2437 867
2397 2794
2244 488
5261 2299
1081 1242
3578 4180
5066 1722
4295 4114
5081 1816
985 985
2919 1592
141 3993
4391 1362
1354 3392
3573 1434
4281 2632
1703 3557
1310 637
1628 3840
2600 3072
4447 4110
2 3876
122 2963
832 1721
1550 4384
4540 5348
2900 1928
2694 4446
2127 4136
5386 615
4446 1903
1952 1243
1180 358
5013 239
3303 3700
2221 2950
2448 5493
37 1707
3700 4599
255 3155
5046 4831
2335 3973
3641 3734
4808 2941
3349 5060
4421 4997
2610 1337
1394 3066
3739 2169
2044 2320
5483 4662
2859 3945
4345 1123
2109 1063
5384 5376
687 2036
1416 5057
275 135
5059 1779
3024 2772
4412 988
5380 789
4848 5341
1260 5394
2278 1997
1490 3602
136 5334
4941 1148
3935 1726
5088 3213
462 3128
2062 3442
2846 2896
199 3592
1653 1579
3330 4033
2521 3079
1984 2776
208 22
2750 4600
4172 4026
2770 5121
1299 2485
3726 4837
2199 1581
3479 1896
4916 3886
4144 4037
1757 4173
1963 3441
2895 2398
3011 1649
4871 5432
1717 3884
5290 1531
295 4731
1901 2554
2327 3266
3555 4044
2208 3150
4043 2522
1853 2999
2265 2205
2763 1781
5296 2085
5426 4359
600 474
1065 1668
246 3873
5266 4293
4646 4364
2875 4059
4501 2136
4974 5091
4362 1709
4083 749
2913 2845
5208 1236
5436 3927
2424 62
3789 4692
1735 3864
3340 1530
5148 2805
4621 4012
465 5011
2643 847
5388 1605
5045 2113
1908 5229
4392 3369
4609 854
2719 636
4017 4334
4901 372
4383 1319
2399 834
1560 546
2250 783
618 1886
3688 285
4240 2463
4011 5452
1821 3499
2428 4242
5232 4725
4568 5377
4732 5110
1234 3566
3891 1387
1784 5205
2189 2201
467 1231
3002 211
4013 3348
2376 1436
2333 2181
158 4355
2065 5219
1706 5324
4384 1361
4659 2453
3289 3400
1843 2674
683 3631
3459 5116
1262 3248
3345 2748
349 2129
5373 5396
1336 5418
692 4356
1942 2303
3415 2304
1625 2521
2292 5070
2907 3779
96 227
1390 2090
912 4529
2891 2336
529 4301
1673 4353
1091 5208
4399 631
2187 5048
3798 1573
2353 3408
2721 5148
5158 3443
2987 4713
2163 240
2947 4232
4821 5151
946 1993
4694 1110
391 1918
1056 3714
1221 5180
4113 4907
4261 1118
3197 4650
699 440
1694 3224
4003 5141
635 1383
149 1295
222 515
4804 4754
437 2557
155 1920
913 2984
2213 3298
4514 484
5073 1173
1130 3138
1630 5249
444 2009
4722 3786
1684 330
485 3375
327 5466
3902 836
2070 5425
1063 3968
2690 3757
2454 3365
4001 1960
358 1039
5115 3214
1970 1324
3478 2966
64 1267
3825 3037
1303 5488
1800 480
5087 4226
3733 5086
2459 1022
1815 4002
1964 76
528 2446
5061 4102
4765 972
3286 3717
2686 2082
369 4829
5207 1472
3017 815
3028 5192
4222 35
4981 2396
2103 3420
970 5301
3529 4348
3094 4312
245 3933
2839 1271
2761 4769
4195 1431
4802 3791
3878 556
3697 1589
5422 1632
5160 52
644 5263
1261 2168
2043 2496
4458 5319
1797 2111
5348 1712
3464 669
396 5313
4310 5270
4027 844
4959 4305
3712 139
353 1874
1787 3451
1035 2969
1760 1187
567 4084
4366 1880
4481 2137
3724 1363
660 605
3218 5218
2097 1798
1306 2217
3934 5372
4633 4715
3976 1674
4931 1971
2107 1809
986 1970
4437 4820
1727 1840
5064 2497
2565 3411
1741 1219
3321 599
3456 257
1992 1438
1527 1312
646 3695
2487 145
5494 4728
2200 2603
5419 1556
3041 3535
3663 4422
4075 709
4640 4143
3139 3893
2952 361
825 2782
3565 4507
4574 4489
1139 4680
1208 3172
2501 4478
3470 4972
3703 3771
4090 4918
242 4315
1711 3341
1133 647
2923 3874
971 1633
2607 1733
581 1094
1266 4329
575 595
2652 2270
5090 557
1460 2598
547 1185
78 5253
4171 309
373 2104
3166 4635
89 3206
50 2672
1348 2705
1251 4920
1949 4207
2962 3812
4439 2088
1646 1916
2320 1831
802 4649
2314 2427
1768 345
4680 2854
172 2773
2452 34
693 2761
4178 4695
457 3331
3491 5328
1002 4973
1579 1888
3388 935
1475 4217
2517 2119
626 3477
2753 94
4071 3032
2870 1445
2823 5355
2833 4243
3245 3523
268 2149
711 1205
2242 3332
4800 4357
4877 671
4078 3797
5187 2008
129 4409
1300 4262
1194 981
3274 3818
3152 3739
1477 3582
959 159
3133 2185
2738 1465
2174 2412
2915 2409
2214 386
1341 3029
4358 4882
2410 4768
21 2283
2965 5489
2715 197
85 2716
3801 2808
4650 800
3400 538
1421 4644
3916 3546
4082 4699
4085 364
3035 2600
4054 2105
3604 803
3645 1285
5177 3270
3722 1074
1868 2098
488 2428
4169 779
1967 3354
855 4994
4370 1869
811 871
1704 4939
872 483
930 2981
3639 2012
405 4017
1248 4005
2385 4579
2306 4285
525 5266
5157 4479
3256 1723
3342 3061
4888 4959
2793 904
905 3047
1827 3774
4575 3422
138 5013
884 608
4247 4636
2531 3918
1308 3475
1455 3579
42 2125
5265 2334
100 43
415 5073
1195 1328
1961 3599
1238 1770
3601 4056
5456 1671
229 3607
1244 2260
4587 956
5023 2193
887 420
1435 3768
4533 2900
4815 3340
3875 1528
2357 901
3838 5211
3423 454
5250 3244
3038 1012
4995 195
702 774
1902 1669
2994 2737
3231 1842
1503 562
1204 3995
3512 4545
610 5106
5234 324
4229 660
5031 4930
3054 191
714 2347
446 776
731 2049
5498 5312
2413 781
1869 1032
1096 4073
701 1516
1089 1152
1836 4404
2403 5401
3802 4866
4174 3643
1725 751
61 3751
2949 3578
3196 766
2609 1785
1596 976
4884 4631
4806 2815
4119 2671
2433 2221
1374 2468
3687 1098
1007 2531
5009 4339
4801 2858
1540 1159
2688 3996
5122 4292
1461 477
1483 2441
1095 5468
848 4477
539 5203
515 4321
2007 1682
5105 3986
5492 882
4829 3286
4715 642
5037 2824
3428 456
1241 97
3177 241
3998 4790
4891 514
2777 2851
4525 1134
1274 3399
1337 1958
4309 1878
2477 5406
1376 2848
1311 2580
1718 4108
2125 425
4793 3082
3674 1522
2612 2401
5201 3361
3182 4652
3547 2041
3173 4584
1105 3336
3957 798
817 747
1230 4536
1232 2923
5011 4115
4911 1365
5362 4011
5482 2067
3993 430
2779 5472
2139 127
2365 1492
964 5027
4319 4541
3317 5433
3868 1667
1292 2511
291 2753
5274 2642
2974 1232
4084 0
1529 1439
3131 1737
891 4867
1526 2543
117 2150
3638 2562
3076 4058
2359 3215
5233 5277
3382 5399
2904 5392
3435 2432
1492 5246
2231 1876
4417 297
428 3696
686 1643
782 2868
4475 418
3822 1407
4554 423
2143 4230
4724 72
2131 997
5047 1515
4354 2645
2976 2978
1328 4113
4162 654
810 4082
663 475
721 268
785 1557
3534 2559
919 1042
2068 2550
3129 2429
1228 2831
4522 1806
2536 4440
3235 3994
1588 662
1889 220
1745 3806
1565 4459
4791 771
418 880
5118 5050
892 3534
3200 1630
3821 4735
3495 2258
1557 3054
995 5202
5086 1115
3121 2068
2257 397
3844 4626
4567 4685
2255 5322
4531 1080
2056 1100
2178 5378
1313 2856
5459 1401
2080 3183
1154 33
1181 2982
1405 3960
877 1694
4946 5088
4217 2287
4232 2604
3089 4547
2981 4502
190 3233
5429 3489
1766 3975
5381 3445
5327 3574
4685 2616
3797 1534
3876 2404
3553 2570
3643 3551
5080 3192
2336 2277
123 3510
957 4465
201 1552
2769 2867
578 5464
386 2443
5044 819
2350 61
1996 1965
2860 2371
5128 3367
545 1509
4118 4719
1070 1765
377 4606
1191 3229
5430 1370
3357 3844
2997 1408
5259 1766
3104 406
67 1405
5385 4861
1391 684
3117 4029
2215 59
4960 3126
4718 5323
643 2519
1525 5458
5038 703
4743 2230
2864 5354
966 2379
3365 1399
4937 4085
668 920
4297 778
1944 2276
3665 3930
5022 4418
5435 1848
2986 1648
3395 3382
5164 5185
4993 2369
2496 2526
102 21
670 4291
147 487
1837 5001
4605 3879
4719 1511
23 1036
996 3785
978 2812
2356 4389
5145 4149
2211 4430
4364 3625
4734 4801
3561 1129
557 607
13 2767
5487 3917
1514 2738
3694 4962
4725 949
1515 3075
3750 4702
2363 1508
3424 1794
4772 3959
4624 4197
4541 4642
2982 1132
2621 2478
1622 1067
3110 168
3538 4486
1414 1415
230 4908
3600 839
3033 4733
1933 2425
4315 4150
4510 4030
2889 4423
1966 4941
2570 5132
5136 4194
654 952
4407 4611
5245 928
5159 2993
5443 3
4418 2325
3325 173
1177 4615
780 451
4859 5255
950 2684
2832 1309
2267 3862
225 2613
2516 3792
3280 411
2670 4741
1535 4558
3899 1736
0 2352
2929 3377
2302 245
3834 1307
3167 3481
5329 4327
4042 1957
2979 4855
152 77
1198 3657
4604 3159
4692 4370
1008 1900
2340 325
3616 5405
2959 3342
4577 3502
3915 1398
3126 3702
3404 4609
5101 1651
76 676
1569 1756
4699 402
3368 581
1321 2386
253 2208
2280 4531
3653 3783
732 2836
2801 5153
3651 4209
1523 1474
4213 1444
4836 549
1584 3909
2050 4135
1878 2801
119 4986
4939 4378
4777 447
4186 5222
397 2145
4748 3490
1907 151
5367 3790
4902 2860
2330 2264
2533 1978
3269 835
1547 3295
3618 4495
3446 4573
3184 1929
2697 2207
2236 3030
1052 3434
2701 4947
4733 4996
254 3845
132 4094
1818 5034
4063 321
2120 4375
4934 1296
658 1912
4839 953
736 2657
447 2992
1428 1678
1338 2508
2744 2729
1993 4681
4495 4707
977 914
2995 3750
1867 2357
5337 438
5468 1555
4382 3339
2458 155
372 64
2349 4379
3670 4729
2362 2797
5092 1253
1370 1209
4614 754
2539 921
1396 4171
3867 5138
703 2747
675 3004
799 3815
1005 1548
1986 3821
3576 4975
4312 1952
1097 3897
2851 4883
4843 799
4515 2329
1935 2498
1983 5093
1282 5105
2814 2527
2515 3274
5228 1426
3984 3254
2307 2673
2049 961
3693 5388
1731 1870
4265 3519
3355 1715
3163 2641
2462 47
3455 4857
5258 4544
2849 3503
2293 3447
4160 4990
4753 2269
5109 4553
993 4807
3727 3385
2369 2760
3387 4024
4102 1670
586 4107
4697 184
1165 5183
5303 1411
2771 2039
240 1917
4898 3419
4923 3905
4101 3063
3465 1637
5355 3294
3122 741
5277 5216
2698 2619
1602 4640
5333 226
2348 1102
1318 3360
628 5338
256 4324
3384 5415
2239 2467
4817 4951
2156 2623
4833 2696
870 4421
3250 1428
2017 1629
273 1181
4066 3615
948 2565
2422 348
370 2147
5324 1558
420 3210
2439 5126
2520 1310
3982 2665
2862 874
4296 2512
3012 276
2297 367
2874 4927
4727 4557
5015 3782
1143 4509
5120 1454
3950 759
3719 2849
2726 931
5347 2679
2502 360
3830 2800
5299 2194
3236 2758
2185 4144
1473 2853
2759 929
3692 1150
1528 3111
3648 2912
1819 4567
2241 3794
4886 5491
3911 478
270 2523
2168 2898
4781 4730
969 2350
3617 4199
2510 95
130 1685
4747 523
2934 4251
3655 590
824 4824
3997 5361
171 74
4321 1138
5229 1082
20 978
1434 744
3198 5094
4175 3344
3497 5382
548 3839
953 2796
3130 4598
2633 5303
4322 4887
2416 4618
4492 1891
2566 2431
5000 4054
410 5146
740 4464
340 4740
2990 5220
5043 4119
1326 2171
5054 5288
776 1860
394 1908
3366 2410
3800 2939
1333 3932
2149 4204
2872 29
1604 4267
4932 5134
3897 2795
1546 2435
3475 1338
2181 3853
1943 2654
4513 2885
1392 1962
4511 3306
5237 373
730 5449
1078 4637
107 2719
368 4382
286 2915
4200 4097
3371 4870
2741 1351
2460 1105
4039 4439
1386 468
3297 4976
4921 3954
1201 1553
258 2986
3486 2251
5454 3504
4211 3942
5093 4296
2806 3914
1278 3761
143 3892
2541 2974
4846 616
3015 947
2828 4408
41 3016
4757 2015
2419 3522
4100 1767
3629 3743
1431 3027
3592 5402
189 1938
3246 310
5166 1125
1222 3877
4957 5276
4690 2954
1613 2837
3905 1372
2380 1103
3753 3005
365 3187
4141 3567
2762 313
2305 1394
4738 675
671 2846
4356 2664
805 502
4873 4099
840 5018
5449 4881
404 4963
5377 612
1598 572
1280 3117
4677 1983
4520 4271
1921 5196
3835 2781
2057 3398
1019 4799
651 3838
3237 3829
2031 4244
698 3456
4658 3167
2002 4167
2099 470
704 190
1499 3561
347 441
5042 4103
497 4946
956 4198
585 658
5102 3388
2834 1291
2076 4229
4377 1835
3852 2918
431 3002
3078 1889
3080 2346
4750 2343
2674 3085
4262 4080
1595 2128
322 4166
3199 521
5427 2413
1879 4589
4331 5025
1012 2660
681 3405
436 3291
2748 739
2991 5274
2101 5365
4142 4470
997 4838
3451 2480
4953 3313
375 3887
5407 19
2404 2292
3792 1343
79 1031
2855 4456
4406 5302
2794 4578
4344 2288
1324 4028
5322 4394
3333 808
4961 1982
3595 5291
4303 1926
976 5059
3194 98
1923 2965
498 1290
5300 5189
2736 5413
4361 4438
1027 479
489 1495
2402 4371
3554 2680
3272 30
5098 4923
5138 501
669 4429
827 3581
401 3629
3735 2668
3762 1807
828 4932
3193 5345
2146 4127
4034 1230
838 3033
5475 3174
180 497
558 863
5307 3547
3885 2608
2295 3014
2556 3433
2492 5171
1121 3850
4324 817
43 2551
2505 4068
3291 3119
3500 3053
1359 1093
127 4736
5018 4414
1148 1143
1087 284
2988 2406
503 113
383 2349
5462 4436
4104 3609
4837 828
1448 565
4986 2596
5216 472
1423 664
1913 3101
5209 1706
1032 2376
3782 5497
1544 861
3344 1639
809 4126
3542 640
1520 1122
2093 4467
980 4117
4183 5102
2540 1427
1041 1995
1568 1821
1670 506
773 3141
4991 4462
793 2510
2957 5467
3032 1679
3521 4338
1829 4621
2279 4982
1573 1086
169 365
801 3500
1667 4133
2648 1782
2509 312
5491 760
1903 4401
1159 3642
2739 641
3156 4969
4007 5201
1404 4716
1295 555
2880 925
106 2216
3523 5477
2543 363
3820 4572
4317 346
4231 600
4190 1646
992 91
4838 4582
2000 2229
1369 3613
361 2752
3591 3738
2815 5223
5302 465
5295 5278
862 3591
2663 5075
1881 4154
5134 2925
212 5235
1233 2947
1998 2418
1015 586
4443 102
36 4490
2538 2237
673 5282
3071 737
5119 1419
3358 24
2723 855
1780 327
1312 3466
4099 5448
536 5496
1137 1462
2182 1257
2737 2530
4869 4892
2667 3350
5285 1942
3944 248
4307 2683
3747 5040
2453 3753
3530 3017
2888 4237
3609 2759
4774 1038
4865 4647
2170 2865
4735 2690
4674 4806
1918 218
4704 1683
2955 2903
4576 182
103 2757
1053 376
3880 4540
709 1540
3426 2338
521 1320
1746 2050
2978 462
2347 1278
682 1571
5240 203
2553 1293
4168 3209
615 5290
1197 5383
3481 1506
2162 1246
68 5258
4067 5380
4885 1062
2546 879
1497 2957
4088 4524
3890 5359
5202 2509
807 2739
2714 1839
263 4395
2303 1091
751 1000
2498 3374
2597 167
3531 4877
487 3697
110 4904
1662 5053
4870 4205
1389 2516
3318 2466
2944 1203
4149 2784
4963 3620
5472 5357
5280 2274
1659 3258
2169 4483
4269 4798
2568 2421
530 1996
3389 2405
5341 133
4880 2504
1835 576
2535 75
1538 1657
2117 3401
4434 1730
4610 41
1258 1305
1580 2457
4977 5457
1372 1640
4788 3670
3375 4023
4257 3677
659 2692
1695 1096
4131 3040
4469 678
3732 1380
571 1332
3996 2804
3016 3217
5402 753
2598 534
1743 2158
223 4794
1671 5161
2853 90
2475 5108
4775 4466
1343 2247
1865 3302
3937 2025
3746 2045
4518 2300
4367 89
3977 4655
3158 4876
994 3046
4985 3241
1656 2200
5272 3057
4044 1142
5499 4313
3587 1777
5461 1791
301 4808
4203 4275
524 513
5185 4304
820 1396
4341 5247
105 639
3866 4200
1113 5191
4611 129
2678 3077
1268 849
1700 305
4191 3161
5205 4155
3598 1045
4040 4067
2401 4417
2343 1194
1977 1655
414 3324
1433 4934
1729 3854
1153 68
4618 2515
1114 2943
894 13
4987 3220
2559 1002
1927 4648
4212 2364
1564 4164
1384 4076
3644 1927
2197 277
3755 2391
3771 4449
924 822
3103 1595
3772 806
3975 577
5215 1336
2852 1051
5269 940
4244 2175
5247 2820
1424 2864
1287 1963
1476 2423
1826 2043
1339 5412
2132 3624
2677 3639
4368 3363
5364 171
5194 421
3239 3021
2706 5039
1929 2914
2588 4879
5323 1582
4137 2723
3959 3543
2631 3725
3849 688
3917 234
622 1979
4857 3706
2578 1056
5235 4424
2183 5150
5446 2686
279 341
1478 973
3014 260
3551 866
958 3239
453 246
1847 2254
4549 3861
2455 2995
4862 627
3889 1877
4091 2072
3596 3026
2773 2990
2020 212
1690 55
1973 2415
2259 674
1246 3976
3742 3665
221 84
1377 272
3706 4116
4914 5373
5394 4055
3020 4818
2004 1079
3091 2791
733 3686
1219 1607
2048 5176
4990 2479
4970 2960
901 3926
2760 1512
4825 1064
3062 2021
2616 3495
3699 4759
4767 5332
3258 390
5212 4345
875 1871
3528 3006
1606 2210
2879 543
4219 3855
52 5320
2666 1197
2740 831
4430 1397
5100 1447
748 3885
989 1845
2431 1501
2613 2220
4509 3045
5246 721
2153 3231
388 2356
1410 3064
1840 2465
2096 3577
4182 1083
4230 3478
5450 1457
1358 4280
623 1984
5361 4577
4004 2037
2003 3675
4887 3733
1388 259
1356 1021
4287 3720
2175 539
4813 4343
907 3847
3569 862
1138 3830
4726 4753
1549 128
1247 2133
3353 5420
294 4952
2890 4856
5156 1297
1381 3977
5484 5233
5286 189
2058 2489
4763 2682
3210 5473
2685 4046
1190 4928
1519 311
3114 951
3132 5136
1897 3595
2710 743
3417 765
2054 2972
5253 986
3871 2028
1129 100
1554 1613
4500 1897
4478 461
672 1596
4856 3966
5029 3251
1481 3127
4751 2001
4811 1750
3364 2579
5248 1580
2038 5103
4419 1077
306 4294
648 5460
4573 4931
2704 1681
5241 2027
819 179
1445 4346
5338 1686
2941 4219
2480 1026
3552 2810
1109 2402
653 1204
2484 4325
1936 1940
3845 4165
3566 332
3147 1602
3921 3516
4177 3278
1726 3105
4682 1915
3827 1505
5331 5160
5493 2833
4325 3701
3906 3301
601 3596
4154 3384
857 2839
2587 293
2850 4774
2781 9
35 3526
1621 15
2624 3728
3860 1358
847 3426
4224 1154
423 5016
4221 2103
1524 1424
3143 71
5383 3514
4059 3636
2558 1248
1753 2417
356 2724
2415 2857
3784 3407
1522 2502
1257 5131
4686 266
2786 1403
2911 2832
196 1157
460 5084
5244 1786
2684 50
2774 3950
161 4031
4556 5279
3385 4386
2528 238
3052 4849
3489 4628
4440 2255
1511 4272
4024 2573
1693 3379
3100 3104
3029 3630
3436 1306
3341 2887
5336 432
281 1603
4909 3564
495 93
3492 3165
2229 2983
2571 4131
2807 3506
4236 809
5213 2802
1976 4587
2894 4747
3023 4568
3940 410
1791 1725
4129 5410
215 3745
4703 967
3105 4669
1652 1773
1 1140
5356 727
5191 499
3350 1385
791 2711
2141 2263
1021 2768
2734 3152
1322 1714
609 3001
1740 1377
5343 2151
2426 758
1179 4657
5002 4704
3631 1029
1216 3654
293 5152
5463 1863
4502 4471
4156 3693
595 1899
271 2879
4930 5238
2177 2195
4238 722
5431 4279
3019 683
4274 594
4702 5145
1288 3721
4176 48
1046 370
954 1601
1401 5314
2925 1701
1418 28
5219 1784
1115 5262
3496 3194
4053 4045
5260 2639
3411 450
3708 4344
2219 1606
5178 4195
5497 4302
3744 2078
2121 4674
412 1521
573 4448
605 4917
2360 5035
866 3669
3169 3222
3625 4525
4444 199
3987 4919
2523 1161
5332 2487
2114 4147
1832 3713
473 1178
1020 229
514 1990
3057 4542
3433 957
380 5330
1463 148
3777 3102
4107 3899
4018 2547
5305 2755
3314 3307
1870 4809
5186 2803
1890 192
1950 4021
2747 183
4148 2378
2436 143
1928 706
2040 3807
3376 852
2601 4010
2789 4316
4989 442
2166 1895
2206 5224
4121 394
4055 2558
4114 1658
332 3058
2886 4767
4975 4057
4103 3999
2152 4175
3864 1233
4612 2593
584 3259
1755 2253
3970 2932
4 2659
4542 1442
2271 4027
4494 4473
3664 3444
5263 2592
4655 2266
1504 1259
2493 308
4124 476
114 3834
3948 5336
4259 500
833 5408
900 1729
3590 3290
2926 4935
4534 3957
2544 2875
2629 1612
518 2054
5033 602
4700 3998
4622 2399
2937 2464
5060 3372
384 1577
3047 666
818 3458
3919 4265
173 123
5226 3486
183 2644
1576 4535
4729 3540
4218 3925
3285 1529
2661 4614
3986 3428
2346 1182
1152 4391
1462 4988
2286 3056
3636 1128
1259 1624
4708 5225
2504 3008
3398 2563
1561 2159
716 2945
5121 994
3780 2408
1047 3089
4332 1170
1279 1689
3882 3576
5079 3989
3463 4496
616 3683
348 558
2077 2790
352 5465
3526 843
1749 1226
4569 1731
1859 4698
330 1437
652 3387
771 1858
1723 489
534 3189
5239 923
4579 2086
464 4721
4664 526
836 1702
5025 1089
3051 1121
4123 1220
2809 350
2148 912
3778 2358
1355 3322
2420 2792
4547 4492
2945 362
1770 1004
4305 2675
1702 1156
4912 909
2332 3094
2745 4457
151 4406
1398 4687
4983 784
1856 3928
3612 5055
882 3087
684 5422
4602 2363
4997 1359
5294 1269
4593 5470
2308 2538
3765 1238
1014 2989
5410 434
5421 2997
1915 147
4952 5061
1623 1402
1772 4326
177 4390
579 4413
4025 1304
3088 4342
1959 4061
1375 3223
3421 2123
5096 767
2647 504
1539 597
3255 1073
3854 4549
4014 4191
4198 4629
5404 4678
916 4811
4752 4069
4878 2490
5198 5023
3001 5476
1132 4523
2699 4168
3862 2190
192 2424
2339 2807
4625 4203
4744 4397
1649 4358
2564 2278
387 2081
3525 2096
2954 1111
1858 2011
3434 716
451 2920
325 4689
917 274
3951 1638
4667 1237
814 3921
1844 391
4433 3019
4830 2448
2967 2381
638 428
5469 883
393 243
3619 164
5139 2964
22 4840
4615 5042
2672 1625
1003 1705
1848 1145
655 5370
1145 4859
3678 2736
835 1635
338 4764
3571 3462
2812 2047
2220 3773
4929 5281
5001 5304
111 3650
3343 4049
2961 3723
923 2953
5340 1981
1006 588
4097 1172
4216 1059
4280 3618
2936 3789
3153 3267
4376 3190
3859 3403
1272 1084
859 3397
2912 2377
5417 3764
4454 318
1512 3482
1559 3297
2414 1491
5069 2988
2019 32
1436 1925
4596 4761
5210 2625
4591 2614
961 3623
688 3279
5024 3121
5095 1561
2111 1507
38 3784
973 1503
2351 505
3 1713
4189 801
4639 3541
4194 3760
359 812
1412 2806
1013 2888
4894 3801
1773 719
5339 2725
1846 2268
142 5474
3472 1081
694 4574
3185 3424
3714 1575
4045 3554
165 3916
1906 3776
604 1446
1916 4295
5434 643
5020 1414
960 400
3026 65
3642 287
2234 1610
4208 786
563 2635
1562 653
542 2038
2594 2202
505 4500
4673 1072
1917 201
3824 4839
250 3575
2284 5051
583 1422
3537 3749
2897 1825
3347 5264
4508 950
3909 4964
4665 1788
3377 1728
4363 614
3195 31
5168 4398
4423 3275
4282 5495
4527 4074
1934 813
5298 4956
1930 5295
509 1570
4979 124
4020 4874
4984 398
1330 2179
3720 4757
4907 2215
3420 4527
2996 4960
619 455
1626 1751
1163 2689
2287 5421
3679 2715
3656 2353
984 3767
4477 3151
2840 2452
2246 2589
92 205
4551 4247
5471 5242
3254 3646
2467 2745
3562 3431
4431 1935
3135 966
314 262
897 535
3251 1068
3667 1247
3205 955
2654 891
3431 3770
3319 4995
3837 2060
1379 3788
723 1883
1351 3667
607 2192
4111 2899
1203 4632
185 1177
2878 4792
1975 1517
4636 2013
2331 3712
1400 301
3179 3769
1122 264
4728 4593
1648 2507
520 466
1713 5101
2527 1016
752 1196
1715 3321
767 4328
266 1303
267 1318
88 4235
778 2568
4863 2281
5154 242
4155 4250
2393 2631
2603 2450
4818 1477
5089 4025
4867 3195
3740 622
1235 1109
1801 2653
3211 4216
3482 1887
4841 269
4387 4458
662 1375
2468 3719
496 584
316 2010
164 1108
1775 2826
1810 4967
3213 1885
3227 937
3684 3423
5082 4454
2882 3083
4550 4910
826 3280
1830 1769
3425 3593
4861 5490
4290 1542
1084 5251
1882 4718
822 1536
1932 3454
4050 4022
1334 4505
2311 902
1920 5429
131 3415
1167 3436
5110 3201
259 10
3243 439
3068 306
1458 4476
5309 2284
1162 832
1214 4347
914 3345
3721 254
2817 344
206 1650
1642 3943
925 3680
4958 3666
1062 3904
188 435
2646 3787
2729 4945
5074 638
1953 3852
2312 3520
1537 3173
4617 5446
97 5367
2605 4361
2102 149
1639 2571
1344 2871
1661 5162
1150 1176
3480 1796
1971 4717
3403 2359
5375 924
490 437
5189 2687
1624 4775
233 2374
1686 4743
3681 2979
1583 2321
2881 4098
4271 3983
2829 3531
470 1859
5183 3479
981 16
3848 3781
3059 4128
1548 1169
2691 3135
3794 1850
5180 5032
4435 3191
2993 4172
3731 2783
1485 624
86 3438
218 1663
3098 3036
5152 2917
2425 1213
4858 2022
1362 5214
3312 4732
4854 1218
248 1347
419 3099
3477 2605
4455 2601
4561 2929
1655 5212
166 3937
4853 3120
66 1020
4130 3660
3768 3473
1518 4999
1120 3817
339 837
1785 1467
787 2071
4152 1087
3622 5181
2754 1346
4496 626
3791 5190
1737 3464
1158 603
479 1373
3610 4686
4467 1046
7 999
1807 5307
4139 4693
54 1350
2766 2272
337 3878
2966 5087
1085 2652
305 5400
2591 3041
278 4020
280 1909
2322 2074
2939 4627
4695 1953
1209 4233
3260 4051
4951 3143
2826 1498
4925 4318
943 3386
2012 3586
3367 1836
4379 1013
1790 169
617 2162
1896 1964
4485 3762
4819 1010
1804 2426
274 2561
63 4865
445 5360
5320 1299
1451 1593
1885 4222
1112 4914
2382 3494
4982 1425
3119 2634
5437 1614
1117 1264
1102 176
1237 2863
4731 1560
3138 1763
3988 2470
1245 433
4428 3073
1395 4942
2251 4090
3485 2488
3557 4773
2524 878
4740 717
2660 117
1563 884
5308 4125
2935 4953
1166 680
4000 2046
2083 2361
282 2225
3360 1800
1814 3843
2173 5358
3795 2514
3668 5389
1590 5159
5132 5188
2718 1941
3161 1698
1430 4898
4672 267
481 2315
1748 1015
661 2218
2811 2726
893 4065
2130 3614
4897 1609
4619 5397
1465 2710
1025 876
1488 1485
4058 3804
1794 3180
3847 3819
3264 3747
148 3813
4173 5003
5056 1861
1697 2153
5396 3007
1086 2996
1813 1814
4167 762
4072 4891
1347 3491
2092 2777
4688 99
5326 1902
2061 2789
4978 4270
2552 3049
1834 5362
1296 2994
17 2942
883 1327
1898 5431
284 4679
3811 5026
5313 3343
1378 3803
4758 3651
5288 26
4375 4830
4326 5166
3174 5480
4207 635
2683 8
979 3548
5366 4309
1453 4032
574 491
3049 1282
3474 2366
4350 3979
850 2835
3165 895
2790 2908
889 3238
1026 2707
3962 2721
3374 1720
895 655
3111 46
1482 3381
3460 2926
3422 2161
3084 934
3546 5414
1028 3131
1505 4351
2969 750
2435 4748
1494 3366
3490 2339
1555 4886
4292 1955
3327 1458
2472 4192
3437 5269
5369 1241
2984 4683
4523 1636
249 4506
2689 2375
1627 3371
871 1135
483 2034
197 1294
844 2462
474 5063
2495 3425
4651 1966
4864 4795
3865 2223
4076 3649
1759 2731
4250 592
3402 3186
3953 4323
46 261
5350 3476
4741 3505
1833 4834
546 5207
3672 3608
5099 791
5281 5364
560 1758
5306 4282
4128 2825
867 4797
1192 175
2134 278
1127 2324
4526 4396
5401 4354
640 2862
4301 728
543 4604
234 4260
2082 682
3488 3288
4304 4925
4663 2894
4809 4498
2059 2241
1329 3616
3781 448
4242 4675
4008 1727
3589 1221
1675 2889
3055 699
3509 2818
4420 3093
4068 524
4016 2602
4564 2647
3386 1251
705 4949
333 1019
3549 2477
4429 2243
1570 1400
851 1329
4824 3606
4316 3659
4286 103
1249 1160
729 4455
4023 1005
4245 816
4323 2031
3632 5272
1380 1949
856 694
4641 4744
4849 3953
4476 1368
4881 4832
3066 3934
251 695
3209 2070
2960 1348
2124 2130
4606 1732
3125 3205
4483 4472
2116 2419
2009 3549
774 2095
1938 2930
3202 4367
1645 3062
1350 2148
1698 1033
1817 5492
3773 4554
4684 850
5124 1302
4080 578
5106 3518
3320 1692
3990 120
4158 2235
786 4253
3407 5453
94 907
1371 2991
1223 1069
5409 5111
1116 3988
5478 3404
2126 1910
4799 3716
2014 1494
4117 1563
2328 4281
2577 604
2299 4592
517 4658
2865 2518
685 3383
998 2924
2818 38
5181 463
5142 3980
4005 1245
3030 3851
4256 4182
1601 3170
1636 1585
3745 5243
4671 2091
3650 1934
3006 860
2569 4501
3299 3472
1407 3309
880 3211
1730 2897
2627 45
2212 3207
2301 792
4826 630
3888 4899
3718 4156
1383 3305
2563 1395
1293 4444
849 4968
5293 2242
3070 1832
4543 3868
2451 4710
1866 2109
2619 3347
2296 1421
1692 3232
2313 609
5473 2199
3244 1677
4906 593
3738 87
4701 5213
3044 712
3116 3092
1471 657
3637 568
4936 1028
3559 3272
1558 3628
1900 692
4945 4095
1217 2843
3021 823
1876 2249
1508 1281
3725 3594
4352 730
2045 2026
5112 1673
2377 5036
2361 3012
2788 5297
1914 3691
1144 4742
4586 2640
3669 3964
1607 4940
74 963
823 4257
2989 3124
2084 2141
1552 3632
1575 3449
3580 810
768 1992
4028 2024
841 405
2567 698
4226 3512
214 1330
636 4254
742 1057
4432 3587
309 449
304 2765
2304 317
3931 4608
83 3356
5291 1386
3176 1976
1187 4555
19 1675
3872 3901
317 2314
5405 1541
3949 1620
3383 2330
3972 1497
4015 2552
2820 544
5321 4705
4820 1455
1553 4998
4239 2317
674 4503
1364 1043
3191 4403
1023 2483
5097 4720
4272 1366
5123 2188
1207 1382
3362 393
4900 5096
3846 152
4293 4297
426 3664
1696 3707
2687 3982
1777 3800
2901 796
29 2438
1910 1533
3074 4550
4184 2709
3085 193
3581 1699
2579 4239
4474 579
1764 3866
3985 5351
4536 933
4660 1742
2133 1882
4938 5118
3073 4888
3729 915
2172 1780
689 320
40 4977
5457 403
493 2931
4037 5019
2461 4093
4644 296
4795 4673
59 1452
2733 5114
395 2163
408 4435
4487 4863
2916 1811
3751 2245
1978 4392
2035 697
2118 1768
239 1817
2751 939
55 5428
430 1856
1110 1423
4398 2961
1301 1481
4497 905
371 3962
1422 4853
1294 2927
292 1130
5222 2788
3711 868
5287 249
2309 2597
1403 3912
1506 1500
741 3756
1126 4299
3536 1207
2481 4374
5271 288
1987 5095
4713 5333
756 2184
3776 745
4675 4109
4225 4047
1600 2354
3545 5078
1307 2319
5408 1569
1155 3600
890 1496
5254 4300
2421 4190
2927 4064
5318 3865
1839 707
4371 5022
775 1249
972 2694
2798 1911
4954 2142
5174 4570
4899 2117
2787 2308
2928 790
2450 1549
1796 2118
5452 3822
5267 2921
2848 213
1467 2968
834 3488
1904 4597
4949 412
5262 3144
1638 4252
109 3682
535 3974
5214 1716
1792 718
2135 4461
4253 1977
1227 5017
1767 2152
1368 3678
1131 4821
1852 1905
1464 2440
4876 896
2980 2766
241 5484
3757 5092
3640 4623
5301 3515
1985 4218
4204 2250
1850 163
719 3900
1641 5195
5167 5483
942 1052
4860 5346
4521 3010
724 2620
3907 1117
2847 3031
2930 485
3517 1184
2802 4762
4852 427
3447 1696
696 2910
4413 2052
3979 3373
1124 1104
299 3992
5276 5045
5485 2042
2545 4308
3728 1823
4814 1537
2465 1890
2108 591
3003 2971
5040 3736
1533 1007
4389 646
726 851
1765 4991
5447 1662
2225 160
4630 494
1491 4009
195 4283
4092 1939
2110 3359
2831 5375
5357 4499
3468 2227
2036 3820
4036 5273
770 1088
3734 1879
680 336
2364 1514
5107 3068
2653 3726
5411 547
1057 4420
815 446
1174 3846
3141 1740
1782 1188
3107 1342
532 2014
4409 2486
1489 2798
3204 3965
303 4013
4883 4035
4762 2763
1315 1567
4105 1695
5039 294
4786 2528
4246 4380
334 3655
2154 4691
1612 2447
5479 2280
2034 3951
5440 1844
137 1273
73 5454
3164 3157
5268 3872
5141 1341
1284 255
1134 1775
1050 2905
903 3176
3715 1030
1658 481
3221 2662
939 2656
4855 752
2355 3763
1500 1009
3515 4526
252 4659
3487 1827
3563 2019
2813 3896
3856 3084
5135 2838
194 5104
3097 4186
5481 1618
745 4643
4759 2296
1106 4277
3127 2859
637 2183
2463 4646
2593 4004
1183 886
3087 3177
2274 1551
2167 5287
2228 407
1439 1846
1825 5390
1071 4179
1281 5062
3281 4537
975 4261
4049 3487
3613 5391
1873 3100
3405 4306
1841 797
3234 283
4657 829
210 570
2837 892
5028 4383
5175 4434
3461 214
4572 4836
4035 2395
5351 4048
1722 2505
516 1417
3723 2439
2932 1479
1946 4376
4284 3024
1083 1381
1271 4105
417 2003
3201 725
527 282
3187 2720
226 1412
2909 2556
1714 5127
941 2089
1874 3798
2011 5340
2604 4532
2673 4663
1011 1994
641 1413
620 1810
2752 1754
4555 1586
4010 2316
2640 2063
945 5179
3171 3044
816 2306
3458 1566
4151 1998
2877 1099
717 469
613 856
3268 4552
174 92
1691 3304
1212 2847
3217 4817
5126 1352
1175 4915
2625 689
1447 4556
1452 3263
3614 4530
3615 295
1168 2913
5344 2935
3136 3727
4351 2714
3214 4332
4343 4979
1034 58
2464 1471
829 354
3414 4042
2015 1857
3037 4864
409 1225
1571 2944
523 5193
385 3276
3439 4504
146 4215
4166 1451
3137 275
2423 2572
455 4241
5368 2610
181 1244
4264 4822
2522 119
1270 194
4676 3585
4563 3611
5063 1684
5006 2624
3535 5308
3090 889
1509 4400
967 2286
1884 2676
4340 237
1061 4202
2370 1301
4165 2312
2749 4121
5252 347
1969 2681
2039 1279
757 431
2963 281
1681 4388
5199 493
2746 4263
3960 2106
4782 5381
2290 1772
302 2411
1100 5076
3696 4533
211 2959
4277 4450
843 848
454 910
1123 3709
1955 3810
5398 1165
2951 2157
2921 256
4313 1937
753 3351
2800 5268
2176 1255
3560 2916
2268 838
1705 2703
3799 859
1605 271
633 2370
2270 4088
4086 3416
184 1591
5376 701
4329 1141
3145 782
4336 5256
2248 5407
1828 1956
116 1539
3840 1483
1651 3067
1593 5199
3920 4100
580 1378
4241 323
4110 17
5439 5494
5130 1634
4338 5384
456 18
5371 975
3814 4256
854 5331
4233 820
845 298
3817 202
367 1855
160 575
5316 4428
3955 4905
1872 4551
2371 4739
3466 804
1135 2197
2899 4787
2618 3108
3354 114
4202 775
739 3460
510 2131
5034 898
2651 4651
1615 2167
3261 1626
796 2044
2046 1037
5196 4601
4270 3645
519 2226
4933 2407
3359 3051
4736 5293
4723 1969
1948 4208
898 5067
2549 4804
1018 4937
728 4929
5182 4534
4769 787
3276 3601
3058 1113
2090 4317
1795 2000
499 5041
3541 4873
4251 1665
2224 3883
2700 1360
4904 899
5030 5306
763 4714
4029 890
1586 842
140 388
4410 335
2387 333
3793 4118
3277 5007
902 4071
5140 1429
1470 40
1939 3907
788 355
1762 3805
5256 2035
51 5455
3999 3179
5071 3395
434 5156
3790 4701
198 4984
2263 2542
3027 307
75 527
2490 188
27 3470
3108 1345
2489 2057
1332 207
104 2566
1291 482
1496 2473
3396 1611
5165 4153
2184 1215
1236 3218
1532 1943
461 2742
2482 2658
4948 2139
3162 3325
232 788
3630 1597
458 785
1276 5439
4215 384
4770 2077
3233 3303
4926 4827
216 4539
3928 2643
537 4433
1108 5097
4122 1789
4794 3492
260 833
2804 3511
1644 3902
1094 4497
311 4543
3654 3469
3081 3459
2975 356
1188 51
5346 4872
1919 2451
3513 2436
3099 2882
1215 4517
2695 4791
4288 300
4645 4425
603 1409
3220 4772
2258 4803
4372 908
2337 559
2024 1793
4073 4412
3040 2173
3533 2901
2842 161
1788 2059
2614 5198
3543 409
955 4213
3572 5209
2592 1999
2822 3580
3282 3961
873 2636
4920 83
1353 2213
707 4980
3933 1469
1591 1162
885 5056
1732 5326
1049 4092
781 2712
228 1153
2799 396
3946 5065
4126 2144
2722 1420
3381 3544
5489 4236
2155 4077
4021 4957
915 768
4482 693
3443 2751
70 5074
5012 1672
3332 2341
3373 3485
2037 4081
4798 1048
1010 2495
5418 4014
708 3236
3018 2191
1156 3320
4181 1830
1317 1691
1754 2962
2676 115
2235 3920
463 3538
3853 3378
2808 3919
4065 1987
3717 3737
4134 2819
1516 4595
2702 490
466 3509
3226 3417
713 5071
3031 4924
1956 3571
16 4805
3608 1991
3896 4072
2572 2032
416 4711
842 1468
366 1554
3284 1274
4457 1790
4679 1137
3190 3634
2232 3243
244 4538
2717 5194
5057 1647
1517 70
2985 150
2637 1168
4089 180
3380 525
4056 4442
1864 4793
1076 223
3410 2335
3502 4366
3823 2238
784 4079
4266 3997
3077 667
4754 663
983 1967
3140 5113
2712 1283
204 2437
297 146
1185 4726
5496 3948
2443 2633
4850 1211
3183 2244
2471 1235
5310 3816
1128 2433
2366 5424
5072 2774
3628 5115
3399 2182
2318 1008
1031 2949
5474 4142
1507 304
2216 5284
4451 4310
2055 3735
3579 2708
2772 7
1055 5000
4844 3457
1316 3603
484 2389
443 1097
3943 2891
2392 4823
2716 2154
2819 2940
2555 3755
3007 3622
1871 5434
561 5285
1861 3563
144 5129
3503 5317
4234 5030
2500 2340
5387 1252
5282 4591
4339 3856
3808 4411
665 5109
298 4897
5360 3835
4668 4889
2561 686
3770 2902
3306 228
4192 292
4691 5366
3124 5427
5055 5311
5328 5442
175 1475
1947 4255
4473 5215
4608 5090
1169 5163
3378 4854
2368 5144
3574 1180
2841 4712
2158 4290
1069 4610
4705 4224
5078 2594
4616 5309
3812 4314
4698 3710
261 4617
2053 4580
4197 887
4422 4788
4404 2937
468 3285
2580 1023
2262 2016
2209 473
2693 5029
3008 422
3053 5254
3752 2099
3452 1379
3929 4763
1277 2385
4416 2186
3471 3319
5004 5052
597 900
3508 1513
3473 3271
544 4089
1710 5044
4755 537
2586 2006
4115 3668
4868 3637
4831 4333
589 2578
290 1354
690 960
2914 1151
4390 1826
2137 2053
476 3134
754 414
2530 4269
2210 4039
3658 2420
1365 2333
526 1124
3263 1476
4942 4612
10 4362
2367 3247
4285 3048
2861 2076
34 5170
1763 5149
5238 3814
2844 1746
507 3300
1849 1208
1474 3619
2288 224
1441 5305
4320 1066
3787 3826
2905 5443
283 2030
3659 1936
4915 893
988 2576
2078 3824
4656 1333
374 1805
344 4043
3741 2778
3148 3427
720 2524
4778 1314
2374 5438
3370 1743
315 989
3680 696
4480 3011
712 2958
4578 2382
2010 942
3685 2460
1286 3349
1164 3142
3941 805
2222 2785
3514 3537
205 3831
4950 3091
614 339
1728 509
500 3312
1501 2952
592 3867
1125 3237
1080 85
944 5325
737 4966
2071 4819
1620 2661
3232 343
2731 1050
324 4894
24 5099
3450 919
5488 2403
863 4266
3335 1200
4094 1652
121 1201
565 1947
288 4765
1536 979
869 3679
5349 5487
2857 2384
678 4373
2473 4369
1611 2092
3322 2146
193 1923
5382 1179
235 2787
4460 987
4098 177
4631 2342
2372 4349
345 4006
1136 2454
5464 3132
5416 818
1157 3859
459 3935
700 1316
3337 1116
2887 2380
1937 1748
4966 253
3881 536
868 1545
156 2629
1040 5049
2319 3972
2192 1085
3118 2310
2334 1985
1838 4845
1419 2928
1541 4341
765 392
1940 3432
5319 154
1314 2328
2657 802
4504 3793
5243 2691
1931 3103
2204 2261
554 3059
2727 187
2022 619
599 404
469 319
2892 4091
4620 5015
1941 1078
582 1973
4468 4515
1048 4372
1357 4778
5397 3390
2341 1054
3828 2878
3805 3184
1589 1470
93 4913
2321 2134
1043 3698
3356 1139
3146 3956
4626 2922
821 903
2389 4322
1440 2211
3761 3573
5486 5423
1566 4755
951 1813
4764 109
2526 399
4415 2743
4445 1263
3203 3106
2585 3171
4408 4993
1957 1834
596 4921
5048 2066
2896 166
4768 258
3759 2599
3702 1114
5465 5441
963 984
5477 1473
4120 589
1064 3337
49 4833
5169 1228
4471 645
3624 4066
1808 2609
2123 2326
4235 1416
879 2165
1578 5265
2273 326
1472 1547
1979 4981
4956 1239
4730 3262
4116 73
2254 3137
4507 4813
2940 3754
4079 1323
4538 941
2476 3439
4472 3129
1752 2007
376 4985
1676 5275
1799 5387
5193 5318
1708 845
1189 3245
4935 2840
2237 3480
2079 1217
2662 4974
4041 865
550 3963
95 3699
182 1404
710 4664
2931 5168
3505 3311
831 649
572 4160
5155 656
2611 4645
3737 1875
2950 1453
2910 118
5335 387
5270 329
5334 1959
2730 3076
3774 1933
3392 1234
881 1546
2066 4581
3144 3071
3819 4782
1098 1812
1432 1504
1860 3389
3969 4802
2150 1735
4992 79
1883 1286
3043 2475
3283 2018
2136 648
538 4522
2247 3273
650 2275
202 3944
4776 3188
2145 1525
4393 1331
5466 5237
4638 66
1146 1867
936 63
3657 5257
1088 4639
1816 864
2948 3430
4559 3200
4450 233
3908 4668
3518 1229
3807 629
2805 2873
911 4603
4033 1873
1954 4868
1073 3328
4761 1189
4380 4132
4109 1527
2970 3970
594 3227
502 4482
1750 1884
478 4123
4637 4062
1894 4605
62 807
427 3265
3309 2549
1616 4708
1592 3253
2051 141
3042 1795
4720 4950
2085 710
3151 2583
5091 3740
2408 2617
2207 1906
1951 2517
4374 96
5389 4661
2445 2259
5284 2513
3585 3984
1783 2
5014 3913
4209 4690
57 3112
3348 3684
1042 1564
432 424
2159 4616
2575 4157
3430 574
448 88
1599 1752
4678 1717
1393 3025
3253 2574
69 1518
888 1815
2791 4562
3083 3837
1366 1433
1345 4756
1734 4352
1030 3556
4710 5064
3394 5478
1074 4700
3713 1384
2352 875
5010 3690
3992 1326
813 906
4258 2204
2025 3483
440 4238
4135 5379
3271 4001
5378 3250
1531 1356
5094 4340
1182 916
3262 289
5304 3146
3010 5245
2507 1759
2778 918
909 3922
1862 3627
2203 2143
3101 4288
4138 3090
4834 4268
2797 1666
39 4196
2664 3283
1699 1493
236 4890
5480 1922
2326 840
4627 1191
1442 3881
4890 1090
4291 2541
1170 3113
933 1158
1721 3003
5395 3429
2884 3731
4943 3357
3661 1950
1962 3777
2827 4566
4562 1734
3292 1487
2432 2214
864 3437
5448 4983
411 2178
1820 108
2091 1254
3749 3376
4635 3949
3039 3869
2641 5451
549 2985
4783 2880
2584 1892
2650 4590
2386 3882
3701 704
2518 496
4588 1390
1793 1484
1373 4177
1283 2500
987 3413
1665 4170
4998 2458
3836 5260
3582 542
1075 2855
392 769
1054 4104
3275 1802
1149 3136
1142 518
3134 426
3498 1075
1250 5046
3861 4749
1454 5289
1618 2948
1456 3197
3936 3978
927 1989
1309 2252
3339 4405
1457 4670
4512 1499
2764 1619
1629 4337
588 1644
4594 4884
3453 3396
541 3967
2388 954
4745 1163
766 107
664 1119
277 4248
2115 4878
3634 2811
4127 1144
676 634
3093 5481
4816 37
1446 215
531 4111
48 1776
508 3689
2434 2367
4275 359
4463 2239
3412 5286
2310 2870
3966 3991
4557 2741
5495 498
2298 1523
3427 3550
1738 2187
2933 1819
1663 368
1449 5182
4038 1391
118 3178
5114 3168
4395 2265
350 2293
2144 2390
4917 5353
2190 872
4311 3688
1685 3050
1822 723
4030 2762
743 5482
4505 1240
634 4240
4401 1771
2494 3635
5153 4201
363 1489
3764 1166
5297 4800
2622 1214
2325 3421
2098 378
3918 2544
2042 958
328 3939
1172 4469
1572 186
1945 2079
4944 3282
450 53
4996 4485
3294 1287
2485 3748
562 3081
224 3471
564 4564
2429 2750
5224 2456
2632 342
2479 153
2069 4871
899 566
2342 316
4369 3095
2240 2362
2105 2814
153 4161
632 2126
3279 4460
2188 1388
4544 3257
5311 3652
4955 3088
5083 3181
3690 1011
4517 3870
4603 5004
4106 3647
1024 2062
3974 4869
5458 1027
3483 2638
2438 2107
3923 4671
5354 69
4597 385
3583 3661
5325 2493
645 273
2506 5125
2796 2331
2644 1847
56 3277
2266 5210
4847 5184
3939 3560
494 3890
2194 471
5067 5174
5143 2257
1342 3955
91 4625
540 1053
2680 2626
139 2492
2075 3465
4919 39
2064 5337
2707 1222
2470 563
4449 2121
792 4660
3229 632
2668 3484
2620 4561
4648 230
3188 2132
4988 3536
2514 1690
3603 998
552 225
2551 4183
2147 5164
287 4286
1327 5085
2638 4511
1668 569
2626 4246
2383 1292
441 4779
3754 1550
3247 444
1352 5012
935 3284
511 2677
87 4846
4046 3672
4441 2445
4306 1804
2052 4494
3273 1852
1887 3971
5425 5082
5476 235
1193 4585
2615 302
2703 3715
4108 2612
4784 2212
1634 3362
1305 1565
238 4565
1444 4000
1733 5234
2086 4225
5403 436
4081 720
2656 1280
4302 2816
2767 1418
4972 3203
2728 2881
2223 735
4545 1598
4161 2655
1016 1757
5399 2108
3336 1700
4629 4634
4180 2311
3611 1322
4971 5316
2106 4766
559 3078
3815 2911
1009 520
1891 567
556 4622
2642 3496
480 3638
5179 3742
1747 1631
18 1974
45 4008
4396 2822
217 5147
3961 2780
5150 5241
4333 3149
4749 3759
3501 1621
2283 2294
965 746
3109 4602
2550 651
2113 4463
2486 4906
26 4249
1037 4796
5441 4491
231 2198
2628 1587
1243 5386
1664 3676
2128 3908
4348 5321
2898 3656
4328 4672
2418 4223
4459 2075
3682 2301
1420 3952
4737 5296
1107 265
2529 4816
1739 2735
5217 5298
2483 857
3832 613
4714 4319
940 2817
3298 4954
952 445
1304 3765
4580 665
1909 3589
1875 1112
3467 5143
1382 3147
1038 1841
1229 3752
4243 5098
606 2938
1302 1562
5117 5217
4353 4070
3324 4723
1905 927
3305 996
908 5327
4327 1376
2179 3204
1803 2020
3695 4922
878 2581
4093 869
179 134
906 23
5279 4684
3914 3588
4074 4665
124 1921
5162 936
1632 3338
4032 181
611 738
5374 2975
1289 821
1147 3929
4048 2606
3544 1265
3938 553
5251 661
566 2734
3767 3711
5149 5267
4436 4441
3568 2909
1991 3895
4470 4365
319 714
1325 733
2122 3553
1990 1317
4402 2017
4064 4944
1118 652
2922 5486
4405 1744
5275 5128
3550 1519
2784 510
5050 1120
5257 200
4185 4961
429 1687
422 357
5133 4445
1877 4101
1812 3065
910 2700
3621 2693
2230 4992
5372 4259
5076 2695
5242 2048
5103 2055
3056 618
3352 2895
1346 2101
98 1275
797 1708
4465 4776
1786 1822
4967 5299
3106 2322
3222 170
4532 1432
4170 5283
3783 3406
1361 4926
3520 3035
3804 3809
2233 2461
2474 415
318 1175
2018 1559
5008 3565
4254 3572
2606 3039
