5500 500
1757 5055
2744 1307
1317 967
623 4593
4602 1830
4956 3486
3983 1232
2192 2636
4145 1222
1763 1840
5105 4769
4772 109
5149 895
2705 5365
2727 1192
264 3354
2812 963
3976 3891
186 4352
357 2898
928 1832
3314 3839
2087 5298
116 54
1743 4081
1908 4375
3261 174
1885 2506
3415 663
3652 713
1421 1649
4929 4656
3809 2989
2055 4115
5207 3713
2437 286
3355 5230
725 2433
5102 2729
3880 152
1874 3231
4516 4336
2953 4306
3676 2663
2387 3278
58 45
5238 2029
2206 3682
1403 392
2338 4933
3623 2555
3481 4287
2579 2384
2241 1975
664 2011
416 3774
3054 3153
4300 622
967 3218
4106 2503
3285 430
2904 3154
4912 3776
1180 297
2042 2953
2162 913
1587 3825
3178 2592
579 1798
1695 5128
5255 763
1846 4859
1814 3554
3396 818
4078 5132
4997 4361
2791 936
354 3291
5113 126
4682 4286
966 4652
4645 3502
3913 2289
5305 3456
3889 3196
4052 4777
734 4730
3075 3659
4207 1003
5167 1342
2681 4694
4961 2107
4070 4116
2109 5281
3286 5375
5189 1140
1728 5484
4087 4077
2148 394
2263 4058
1274 568
1163 2713
814 3224
1085 3171
3849 296
3994 5035
4658 1166
3288 1000
3851 16
4168 4880
3651 1337
1770 3180
285 634
5202 1398
2856 2046
5014 2010
5247 1794
1195 2209
2887 2423
4950 2740
4311 2971
3593 5411
4869 5177
1818 4853
81 1722
4987 4020
2554 4221
4046 25
2931 2446
4876 3959
3281 295
451 1650
1916 495
3340 4016
4298 751
4959 510
2924 3538
3375 767
292 3286
1345 4507
2925 662
2234 1385
4081 2646
691 4526
2781 5025
2467 947
3043 5202
2995 523
1005 1951
2262 3718
607 3973
4893 3053
586 2580
4325 4559
231 1550
793 2062
2610 1112
776 3019
4530 428
4217 3170
4917 2066
5375 2345
4537 5496
5321 3041
830 1801
4232 3651
1738 2359
674 3233
5297 160
3443 234
1092 3073
91 609
5489 1486
3350 3114
173 1530
3619 1182
4301 2807
395 5225
4932 4919
816 851
1499 2546
3405 2032
1512 5330
2106 617
1042 3824
1415 2711
2224 2081
403 985
5033 2140
4170 2610
1790 5451
1609 4623
2975 4108
4045 1251
4991 42
2519 2821
1578 3757
1930 4037
1436 4114
3556 3093
3897 537
3618 4920
2753 681
241 3897
250 3543
881 4339
4114 1883
3464 5449
1836 648
1764 1927
3367 3654
5182 2015
3378 580
2222 3357
5311 1052
4025 4676
2690 1267
2758 4254
2853 267
159 4982
4927 979
812 1554
4524 541
3409 3144
4245 4235
310 1638
2103 5497
3032 5414
4343 3567
3122 2425
2595 3889
2556 1333
5465 2367
3979 2708
1771 2212
1955 1023
1639 3314
1518 3131
5139 4571
1515 1507
2555 4242
2407 660
1480 5272
4533 138
3302 3253
3112 2990
11 5090
3884 732
5098 5221
3459 212
4228 1719
4868 3650
493 4297
4402 1101
1214 3924
1786 1751
2962 1206
2782 2448
3121 2682
4378 1591
3799 3467
2025 2583
330 666
2204 2992
1538 4971
652 4879
1387 3853
1570 1195
1503 1399
4002 1125
3110 1786
3828 2815
4401 4146
181 4602
2165 4964
2910 5
5056 393
2513 4065
3063 4309
682 4900
3789 538
1351 1878
3649 2105
2300 3915
3917 2460
1753 2814
2252 5266
4901 3387
512 1067
4695 2798
2999 34
3083 375
2733 4580
2004 3616
4686 2835
4728 3993
1226 1257
1994 1726
3982 4899
3706 103
5282 5499
2281 2957
2489 3221
2000 90
510 531
1886 5322
2315 4849
3717 2930
4644 1468
2372 3333
1548 5020
3655 2420
5216 842
2268 1701
2143 2450
1536 1243
2065 3833
2779 306
4182 3931
4065 2187
534 4725
2897 2126
130 4871
2140 1602
5318 3852
4306 235
515 2704
3634 5231
4922 833
2808 5270
2607 776
4440 4762
4766 271
2716 2904
289 5380
4857 1496
4967 4582
1969 1378
3663 2961
4694 4577
2784 3474
4774 1369
306 5305
3704 2786
560 2644
2501 154
2088 2115
5294 5111
3984 679
4267 4893
4034 889
909 927
3577 1923
4642 1374
4690 3232
464 3642
2696 1877
155 1789
4318 5335
3307 4811
5476 184
3401 3099
4132 3039
686 4399
1439 1587
259 737
3352 4738
2514 2217
1698 143
2619 3382
1302 2479
3674 3681
3656 5038
4237 564
2913 3306
3293 2309
3491 456
4881 2465
4639 3420
2047 2732
4386 2974
52 3711
1766 310
854 4049
1507 4436
3912 1218
4860 4349
3488 1985
4856 3759
4744 3540
4873 999
2698 1598
4955 3312
2197 1817
4606 177
2766 3459
5393 1778
2207 4913
1540 4607
3859 3340
3497 1560
5211 2934
495 2806
2848 3014
3484 3095
1247 1445
507 3069
4633 3409
3904 1845
2551 17
5432 2134
4097 3808
3158 4215
2294 5073
4229 1981
4261 3963
1566 3832
935 3938
2399 4137
3929 4261
2956 4222
3977 4050
4519 3655
663 2802
5021 4678
3035 1812
4082 1654
360 1904
3749 4006
4909 4191
1027 2737
4220 2922
1678 4778
2339 706
3209 2457
4322 4996
1424 4585
4894 2760
251 1312
772 1961
949 3700
373 1344
981 3848
4567 3027
3978 4555
5343 2837
5046 1714
4659 709
43 2537
2086 3246
4687 3601
201 1418
2099 4959
569 1484
5285 4543
267 2685
2930 3888
2550 5473
2282 2228
976 3829
1296 2926
2417 4434
95 814
1305 5169
754 3198
317 1351
2507 4588
4019 142
1576 1252
5109 3133
3852 5268
2760 3350
4864 4524
3402 2535
985 562
4520 5074
5312 588
67 258
760 4633
497 346
2457 581
2821 1990
3732 2469
1279 2096
3143 2866
229 8
923 4992
4447 4158
2902 1253
3165 3627
2309 3015
3646 5260
842 3109
3429 1932
1379 4664
3268 182
4329 4185
4714 3934
4940 3992
757 2613
2906 1164
4307 4907
1447 505
3446 2910
2219 3845
3813 1902
74 3430
2915 1673
4076 249
3298 2220
3712 5291
3668 3792
4707 362
2756 1439
4799 621
3148 5193
4900 774
2711 5071
2743 2154
179 2780
2740 4510
3584 1559
2035 3473
3382 4089
427 5224
4412 3321
4204 2513
4513 1744
405 4630
3953 4486
1076 2671
3776 3696
925 3110
5138 2114
4671 4354
4781 5215
3173 2980
2816 700
5119 1567
2509 1082
1933 5160
521 2388
5334 5255
1423 1327
5015 3648
4654 5360
220 1260
2351 4135
2866 1453
756 3885
1020 3152
3457 2637
741 3298
2578 2876
3007 261
1513 4450
2464 3013
2340 4010
4006 1661
3921 1716
5367 3530
1165 2369
3068 4544
2053 4980
3103 4736
2839 3155
1523 3034
4270 2199
3198 5252
1104 2679
4288 769
832 678
1731 3254
5379 3953
1987 365
1083 2643
4680 3599
5478 459
2346 5011
5170 5467
5329 5349
986 5308
1590 1944
3421 3529
426 1228
3508 4735
2586 3250
4710 3389
685 3929
3760 4129
4712 57
4372 1408
665 817
3310 1541
192 60
3408 2838
2107 4439
5346 1919
3225 4934
4683 3861
453 2480
1124 4145
1956 2655
345 1667
3617 1553
76 1836
4968 882
2511 4531
14 898
2752 3716
1828 4505
813 3213
5477 1432
3708 3523
4611 2552
3679 1670
221 649
483 4033
5491 242
4887 2875
4007 2630
1360 2303
5181 3937
4134 3641
3675 4583
1736 3418
5160 4829
5213 7
852 3957
4792 2156
5229 5279
1113 4130
299 3266
4431 4953
2512 4112
3510 3161
3720 501
2166 4323
3232 3105
2702 5196
2541 4883
1119 2512
1856 3346
3128 3521
3756 2690
2428 991
161 2055
5123 122
3823 4756
2626 2290
1028 3572
1450 2072
1398 5333
528 3909
3395 5468
5266 2069
5420 4156
3366 579
2837 3488
1173 1514
2671 4032
3616 2859
3689 4776
5292 2554
1208 181
390 3911
4421 1538
1473 2515
335 4904
4367 4831
266 397
1690 4303
3959 5064
904 2242
593 1404
972 4798
3890 2865
2169 4460
4258 290
4253 2994
4557 616
1761 1881
124 1630
3306 3234
3389 1320
491 1056
850 69
3465 2853
4435 5389
995 2582
5377 3446
1009 4892
1142 2365
4196 2294
30 1774
1231 4421
3630 2880
4698 3190
1493 2477
3349 659
4846 3199
375 2149
94 4869
1013 2335
2959 1528
4172 4617
1036 1534
3196 3666
2213 1288
1919 3281
3241 1733
2074 1656
708 2431
4416 1564
938 110
3811 4301
598 4384
1082 1767
3671 115
3764 1725
2265 1015
2757 2091
2321 2560
4790 121
4944 4105
4871 864
156 2304
4441 3563
4506 5430
3202 3441
1543 473
2059 3823
3523 4193
4278 3209
4865 916
4275 3594
1008 2445
622 3847
5378 1513
4285 2677
4832 4504
2305 486
2257 4514
1267 5253
496 3285
2068 1648
1455 3203
5081 805
727 2752
4086 1562
459 2998
1371 129
543 5466
4938 3090
3511 408
4946 589
2689 4161
1014 938
3438 5043
3498 2162
3824 3835
4392 5277
1873 2629
802 3918
1310 4355
3183 1756
604 2109
4276 5058
4415 1004
3820 4480
4985 3438
3715 2808
1307 1481
3636 2378
4544 4251
3105 1745
3231 2110
3473 1509
1732 661
4249 55
3082 1302
1136 2273
5446 1200
1255 4244
3745 2012
4804 3951
4255 4969
99 4830
3731 3419
134 2352
2901 2406
2526 1030
3228 1444
3445 144
5169 3513
882 5009
1071 4922
1563 1177
1118 429
3941 993
5341 4046
385 2489
616 437
1949 3454
1789 3020
2547 5486
4141 2310
2873 1759
5327 1021
4966 3747
3462 3080
5485 2545
5417 492
4854 3879
4290 2292
5072 2466
1862 4467
1920 3515
2641 4612
371 1384
3018 3995
3641 3471
4113 2080
3736 4930
171 71
1918 2686
5304 226
1000 5109
3220 5046
3624 2426
4457 3799
3925 2611
1897 576
4751 1971
3653 414
1492 3146
2543 2053
4577 5455
2923 626
2486 1346
1293 3982
1505 2461
2051 280
3365 3184
3737 4792
5325 800
4877 416
2137 736
3573 2736
2030 1197
954 4372
785 4843
2945 1121
4215 3925
1962 2665
5061 1855
2524 2608
1073 750
2470 5345
63 5098
5039 518
4848 2153
401 1676
613 4391
2730 3658
5131 3478
2033 632
2426 788
4418 5125
1012 4560
3359 4705
2188 3338
3686 367
1365 2886
2833 3107
3252 1997
636 1339
487 5354
1943 5391
5426 5388
1348 871
2803 3251
3205 304
3899 5249
964 3453
699 4118
969 3379
4130 2401
2634 915
2312 4210
2115 1620
5455 4986
4601 3215
2324 4637
2269 5173
4840 4277
5364 3943
5017 248
963 5048
3920 5287
565 4563
2713 1018
2989 5458
2415 227
228 3512
4703 3520
2317 3243
951 4691
3343 1230
5077 3178
945 1727
5296 3907
2814 994
2037 4186
2272 2159
2422 2863
519 82
3084 386
564 480
24 4133
5086 4638
1047 2214
959 4731
4093 2404
2719 418
583 5060
5414 4462
2175 1720
3024 3638
2163 1008
2845 990
1388 1301
2424 2061
3807 587
3494 3581
2418 1828
4835 1234
4017 647
4499 3566
5338 1988
3578 3290
3277 31
2738 549
4662 5141
1401 2355
1709 107
4802 4499
4808 4150
2100 2024
2979 4392
2370 2581
3502 4508
3168 4080
126 748
3166 3431
4990 2706
4741 436
678 1712
1899 2084
1023 4007
2612 5017
4012 1356
672 3256
2466 4973
4185 1731
5450 819
2797 1142
189 2179
808 935
4354 3303
549 1964
3410 2985
638 2745
1845 664
5412 5212
4211 5188
2860 1480
947 4727
1806 131
1535 5453
2538 716
2093 2803
2720 2634
4717 1117
4382 791
5022 727
332 1315
4597 3241
3027 5039
3133 3556
4607 5031
5298 5284
3775 3729
2333 1535
5188 328
2353 1116
2436 1955
3521 3440
2124 2825
2771 3857
5323 959
169 911
1744 637
2200 2170
1075 4061
4919 4205
4738 3873
2805 1317
1551 4171
5111 3894
624 4529
104 4826
2386 3923
4452 1775
3544 3258
2992 1730
1152 2311
5115 1713
208 5200
2874 3782
437 3165
4992 2833
2336 1053
3284 2612
1555 5167
4268 3882
5457 1380
324 339
5011 3816
2794 2625
1669 3470
5117 65
2679 772
2828 3981
2259 1039
2900 335
3914 4360
1697 5013
1192 4861
247 447
217 1172
2964 1967
1199 599
2487 4643
449 2237
5315 724
204 1979
2927 446
4803 102
1241 529
348 1764
5283 3634
1968 2176
3001 761
338 923
1434 3112
1 1078
2849 2827
4216 3388
1372 2851
2195 315
2181 1119
112 5315
2785 1472
20 3914
5307 2799
4104 1816
591 2703
3089 1205
2789 3347
4632 1940
5433 1470
194 2078
2665 4518
4592 452
3598 2275
541 2712
828 91
3019 2996
2596 2058
4077 623
4248 4113
2822 1842
1792 1081
1115 3534
4951 4272
2762 2210
4660 1266
1137 1642
862 3586
2182 3739
1316 1469
3530 1074
1174 4642
249 4485
1252 1240
21 298
2919 1446
3985 1159
843 2908
1923 3421
3874 4545
4523 603
2255 4910
2410 3800
919 1869
2692 4908
4668 431
2966 2872
821 2731
3972 3905
3138 1826
3552 2001
4098 2747
2452 533
5461 4246
1397 1777
1829 4207
387 3837
5157 4413
5234 101
318 1087
5031 4799
31 3049
1330 3021
1248 3319
2502 590
4891 2981
767 4068
4608 1111
3104 2578
3067 3942
4872 1884
4843 4230
3792 3528
2623 1659
3348 1451
2535 3367
1631 680
3098 4048
5129 4655
4933 4427
2039 4825
1396 4576
3203 4367
2737 4875
1125 3050
3356 5362
3141 4321
4319 2281
2123 2476
1644 2414
3515 3784
2528 1002
3664 3619
455 4897
4599 113
187 287
4360 1107
4405 631
3106 139
5440 2432
2411 3721
3485 2473
1298 4636
4649 2721
895 3680
3991 4204
5085 4775
96 3849
1364 3904
5019 4086
1702 3380
4814 1294
879 420
621 2525
2468 2036
1121 2722
2007 3122
4679 787
3300 3328
3988 2966
421 2348
4589 3038
1807 4142
3086 215
3608 4852
1759 4672
3124 3141
5354 3201
1782 2539
4432 2734
3903 1839
4841 1191
2615 4029
902 2945
5030 5208
3127 369
1341 665
4272 3305
2832 5072
3786 3621
4011 1757
3028 2657
5036 99
5074 4564
4965 4771
3946 2320
1229 4740
230 1325
4133 2014
1443 483
1974 1221
855 1155
3210 3415
982 2972
3857 1241
1323 3324
820 2449
3565 4689
3613 3684
932 4828
3547 2093
3267 764
1101 3518
5358 2882
4720 4818
536 351
1805 4538
3030 3156
4505 1007
3447 5431
2218 4935
4013 155
835 3893
3026 2054
4800 378
195 4453
1380 167
2238 2488
2118 23
2044 1696
2011 186
485 3490
296 3386
4349 5246
709 3877
1978 2589
3448 1819
2463 1890
4385 4340
1646 360
2798 203
1926 4547
3846 1213
125 5182
2344 5062
3174 2142
3803 2849
2199 2889
5218 2500
970 3174
5180 3025
1624 605
513 2493
4566 4395
934 992
5366 1186
4571 1739
3021 1057
3215 1729
1108 3886
367 852
885 4787
1130 539
2019 3448
4095 4521
4074 3550
4834 2521
1043 738
3835 1797
1361 1036
3496 2357
2855 1624
2296 3322
1273 1662
4153 2709
5467 3731
950 4566
2082 3671
4334 4729
4371 4465
3002 2175
3391 4124
2444 4101
3669 3908
480 3750
1971 1261
4697 2927
650 1875
4665 2475
4715 1005
3147 1393
40 4591
2245 5457
4551 5323
1883 4590
551 112
2380 426
2170 469
3790 5275
3324 2336
1189 1436
844 1345
1600 4821
3492 2530
2178 5385
1775 4082
762 72
556 875
4930 4833
4161 962
1059 3191
707 2207
4740 1737
2836 4671
3017 4567
2391 4688
788 4804
4480 1242
3120 2454
3587 3980
5328 3325
2363 2958
743 1929
3394 1185
2385 1405
1998 3630
4486 4760
3567 116
2493 3573
3260 2600
5397 1593
4250 3949
4591 1583
747 4368
3411 4862
3258 5304
5418 1449
4394 4257
1207 919
5185 4322
2638 983
45 5313
3919 73
49 5156
3236 5100
476 3423
3692 4886
1315 1171
1750 3533
1383 4604
1913 445
1939 3727
4018 2337
4315 5358
3797 4551
1167 1289
1610 2042
2605 5429
4111 4856
2454 5148
3466 3292
329 5217
2441 4136
1004 46
1306 2353
3323 5494
2202 4680
16 485
3076 5126
465 571
1979 2136
1531 2350
979 3532
2273 3364
3426 3348
4280 2300
1959 5165
3721 301
1808 1328
3848 1309
1266 4690
2763 2590
4398 2040
4472 4474
1675 4569
1498 1962
3351 2743
4931 1143
2776 4715
3763 546
3794 4166
2277 4066
960 5276
4884 270
4773 4472
5144 856
2134 5192
2981 3477
1485 1096
2587 1952
4116 4030
4 3187
3058 5338
4559 5363
576 3665
1181 135
3006 2606
3647 4989
2714 890
4030 404
2220 3447
2485 691
2522 231
4103 3179
3536 3844
2883 1903
1995 607
2620 3948
2094 3371
484 4812
4989 2050
1378 973
2831 5139
590 5409
1032 2645
3005 2020
1693 3086
4462 358
3719 2534
4183 2790
5290 3173
654 4226
1794 276
5038 2699
648 2319
4365 2788
525 2754
755 201
190 1503
2113 5005
1827 2255
4575 2792
5006 2801
454 2025
2851 1758
2877 630
4785 477
3733 2122
2801 5028
2809 2789
4736 552
477 4924
2381 3168
863 5461
3304 2508
1224 4479
4128 3735
2196 841
4068 4255
632 756
2517 2648
1169 3511
4685 928
3132 3327
3878 1960
4294 5032
1188 1024
4404 5407
655 1921
2057 3945
4672 191
3184 1908
4910 5024
1325 796
5203 5273
3751 2635
2430 3568
571 4239
1559 2680
5190 1094
3322 4864
2369 5131
722 2669
1168 2243
4829 4677
4879 3497
2190 4619
3195 4550
865 712
5316 920
109 4620
2861 2642
5441 3457
940 164
2928 3580
1780 671
3759 1604
2472 5271
2728 318
66 1419
4521 1077
1931 3136
1752 26
273 2672
1575 5151
3883 595
4399 4985
696 1770
1623 784
4582 3851
1064 3614
873 1900
3570 2660
2244 4827
270 5001
3296 2028
3879 12
1838 2800
35 1810
4198 2839
3767 3633
3673 2410
3432 2039
2575 2517
630 229
768 2241
2073 458
4092 812
180 4310
532 3936
3995 4650
4458 4790
4180 3928
1126 3008
115 3834
4438 708
2403 3260
2515 1184
4641 1463
764 1255
3160 411
3151 2727
5108 1006
5024 4275
3662 2932
3866 4314
4091 1982
5087 1157
1830 3030
547 808
1603 695
5277 3270
323 1366
73 3363
3331 946
4576 2120
738 3267
2063 1749
2006 1709
326 1118
3154 4816
4346 4356
723 2318
2409 1089
1250 1992
1172 1614
1632 735
799 4247
1154 4350
5134 1031
1039 2123
3339 4093
3107 3701
3677 66
857 52
397 5404
1741 4258
2914 461
3094 753
3601 3066
5252 5295
4638 2396
57 3102
5267 343
2777 2252
2026 1153
3545 5093
1238 5145
4610 3608
1440 336
5070 5172
1989 3247
234 2471
2 4943
219 4250
3333 1407
750 2430
135 4975
3908 2763
2881 3643
1422 1128
103 2402
2961 2208
2938 5122
679 1454
3450 931
2126 4684
71 165
2859 4083
4903 4371
2774 3535
1333 4584
1463 3395
2810 3240
4246 2937
3424 2408
1079 5237
3932 39
1502 2809
2156 3994
692 1686
4525 1281
922 1520
4428 1880
3659 3432
1810 1332
1350 1254
3247 625
3660 20
128 624
2214 1452
2947 2618
343 5439
286 1859
4974 667
3713 3244
2770 1455
711 5427
4473 804
1656 2125
2364 490
824 4978
1086 3806
726 3571
4252 4200
2291 3001
3039 698
2658 5394
4336 4040
1393 2598
5303 3769
3280 2948
1970 1144
2090 2571
668 482
4939 2272
5253 5178
1776 5185
1595 922
2788 4469
4200 1825
2393 1497
1602 4034
4899 4067
629 1175
5037 3352
1627 1953
703 956
869 989
278 2615
1150 5495
2481 5029
1681 2494
3149 4501
1729 4611
1795 4279
331 3728
1476 4855
1300 305
2495 1209
1427 1274
1635 1367
5460 5448
3550 63
628 4008
4459 1991
5058 3227
4174 3265
86 980
5425 4994
121 687
1572 4601
3469 4168
2307 1556
2764 1557
605 4381
4941 574
1619 4025
4691 1341
4154 3300
1726 4456
382 525
2189 1032
653 3487
988 4687
356 2822
3297 3372
3781 1097
4022 41
4342 1013
3966 1915
4584 2424
1511 4870
1715 127
3808 3954
3489 536
2729 932
183 3522
1652 3330
1520 886
4986 676
2029 4026
4324 1174
2614 669
3077 4291
2009 2231
5361 1695
2899 530
1914 2983
346 3559
5055 3121
1155 4950
3013 3111
5291 2413
580 3375
2662 349
4833 2034
568 3104
1201 89
2628 4709
1504 1168
4653 1268
4796 4044
2572 728
4704 2288
603 5302
1148 3585
149 3047
5260 3778
386 4232
3346 4926
2083 547
1928 4781
4979 4492
626 2190
5398 3645
1674 307
4484 855
5401 5008
3802 4599
3335 4702
3263 5361
1986 2591
3487 970
779 4072
4348 1033
550 2541
4286 2621
3750 5187
3798 3494
4936 2501
3010 4269
5080 3525
2982 2297
3319 1120
1843 977
3885 282
4442 655
4495 4208
3224 1215
3670 448
3463 3628
4842 639
5396 1438
752 4814
3779 2151
4129 5290
5226 1617
2423 171
1658 5129
100 4289
1847 3316
4509 3476
913 3401
2697 707
2356 4794
2032 3740
1824 918
3161 3010
5360 4024
271 2429
3305 5318
4424 3137
1694 5063
4159 4914
1367 1443
4580 5263
5424 1433
3031 5207
892 1055
5161 3927
763 4937
2591 4376
2221 4162
509 942
1861 1010
440 454
4465 1474
5076 5316
4206 5108
5389 2106
3111 136
325 3779
4914 3615
4479 3635
2136 3052
4063 1803
704 2139
1871 5378
5067 1429
62 2035
1707 3101
942 1282
5451 4757
1230 4452
4020 978
5186 284
3371 2770
4166 4723
4010 2360
2890 299
1892 934
829 5254
5029 807
555 423
1366 2920
3748 4045
1157 521
542 2291
158 5118
1952 3293
3818 2787
4263 2087
3477 714
5394 3398
2787 3108
5497 120
3990 3763
5184 3991
1376 3257
877 180
92 1519
3726 4348
523 2167
4538 3745
4849 5343
1087 3646
413 3435
1338 409
2490 4562
2248 4078
4366 4631
2145 1808
2909 3455
5172 921
2840 3353
1537 3036
1256 2343
4817 2250
1711 4952
5130 1857
3700 2696
867 1938
671 4965
3440 246
2476 2626
470 4121
1965 322
3842 3399
2131 4627
5053 3289
3838 1458
2699 3753
1327 2899
2155 3475
1065 2088
1352 2229
2319 5051
304 1718
5083 3541
1222 3162
2477 635
2251 2510
851 68
1778 3733
129 117
5028 1684
88 2227
5159 3576
3801 2715
5382 1532
765 2455
4526 1760
578 1787
702 2256
3837 3082
3266 2198
85 2511
916 3732
2846 2526
899 1490
2742 2579
3004 4169
5066 5000
5168 4819
431 4682
1497 225
4743 5226
4688 2129
469 5228
2341 789
4770 4022
1046 3793
2823 5157
5151 3142
3928 4572
2142 3519
4596 566
1961 2341
1370 4668
3057 3933
957 1126
3579 957
2077 1901
1622 2470
2345 2108
4488 132
642 3756
5050 2670
2503 4316
1191 873
2888 1843
2651 166
3513 3917
4333 4484
2622 1460
4023 2905
1592 1488
1977 4060
3500 385
1525 4165
1049 4813
1964 5339
1182 733
1596 4182
5210 1183
2985 2013
3650 4064
644 2584
2446 158
1676 3754
4563 4036
3514 4095
3589 379
5342 442
384 5014
1334 3675
4727 1181
1767 4018
3752 4803
2359 831
4620 5265
4345 4087
2488 5015
137 2834
28 4271
1129 2817
5322 4748
906 88
1510 3128
4905 1933
3456 2333
33 3744
1626 5085
781 1169
4410 1596
275 488
4062 4126
3436 2567
362 3116
5276 1364
5481 1882
3423 3842
29 5152
849 3557
2817 1042
733 2869
3433 4428
4218 3768
5370 5418
4339 5299
2955 1248
883 2132
739 5142
948 5352
287 3469
5475 4847
5395 4874
2337 5398
2942 1058
1580 3921
3942 806
3922 540
2015 4681
2841 1217
3633 3632
826 4459
973 3775
2736 975
1264 1887
1122 2667
1853 528
2603 412
903 5364
1936 2879
2012 1272
612 1348
3162 3006
4277 4481
3070 4343
1864 3944
1593 4214
4647 1527
3038 4179
761 3668
2176 2918
3257 197
1218 3551
1634 702
2316 4298
3625 1898
3234 3310
5003 3546
5164 2371
4444 2950
3600 1914
2111 3339
4984 3239
3965 3610
3936 4615
2419 2097
1114 4759
2080 3862
2767 2368
1852 2691
3930 376
3472 4635
4032 1943
23 2447
2343 586
1896 2820
2427 5004
3882 3369
132 5088
859 5498
53 1437
4945 3723
3308 2444
361 2135
3003 3297
3358 1448
435 1130
298 4122
4613 4274
15 1639
1791 5368
1445 3188
1831 1612
4531 1065
983 3620
530 2577
3805 5481
260 2662
3191 917
4259 4053
742 3000
544 1668
2144 4070
5392 5236
5469 4632
5407 4981
4326 543
3907 3755
5422 2314
5224 4234
1564 4791
5208 1906
1418 2323
2643 1618
753 1540
2146 425
3414 2742
2565 3693
7 778
4725 3223
5004 4515
4014 4159
4778 2855
584 511
3059 159
875 2652
163 62
2949 1998
4998 3489
4029 4761
5387 2382
1386 3828
740 4407
4755 3351
4587 3343
1905 520
248 4536
2368 3402
5390 1571
2434 2375
5192 2315
2075 2049
107 4511
4674 3786
2739 901
2334 1983
5054 4699
4225 1493
1944 4120
2943 2848
256 5144
3812 5344
800 5487
5245 2559
3041 1100
4239 940
933 861
5062 611
4954 4346
1688 3939
1758 3051
1804 3417
1094 5425
4469 2240
3181 1977
5231 5250
4976 2002
3699 866
3428 3434
3283 4494
4765 4477
2970 5386
2034 5327
5147 1028
1149 4949
5349 3498
503 5107
1641 3830
2416 1796
2448 5426
4578 4895
2017 1269
887 56
5381 5300
4935 1578
3563 2816
1685 2987
4084 331
911 2951
1751 3794
3131 4167
4636 2695
4031 3377
891 1949
3927 1299
1311 608
1748 3443
2573 4596
687 1062
4511 3647
673 5019
5419 3678
1037 2434
1704 100
102 3390
1212 1599
3245 596
4244 2587
1691 1799
5099 5399
4541 3985
2660 5474
3047 5353
1638 1012
1145 1095
3845 2280
3416 2978
3538 268
1716 1621
5259 2528
4813 5387
2884 4345
1855 1194
3933 49
5228 4513
2085 3138
4105 4574
1785 4868
868 2440
658 2000
5016 2070
1040 2504
787 3539
656 1815
1984 3018
1057 4175
2834 821
2438 650
3672 3029
65 4918
432 3600
4723 2339
3341 1105
4088 4471
4545 2884
4651 275
907 4383
880 721
498 1088
4791 5140
3612 4047
4357 2540
783 2497
2977 4198
3893 5320
1131 954
1318 5405
2827 941
2673 704
2741 3211
998 3403
4656 4783
1081 1416
3761 3033
3822 2399
1768 1290
4040 3500
4163 1212
3309 3899
1591 1207
5265 1936
2712 1968
2625 1188
1909 5351
2553 3058
1048 2342
5045 3804
3911 2316
3681 512
4975 5204
2491 1703
4742 1406
4585 4719
3560 1376
4878 263
1117 3725
283 3967
4064 1109
1159 5106
848 1134
3987 2048
3271 3249
4426 858
4583 3946
2227 3042
4734 1791
1467 4955
5445 1110
2898 2778
3585 1871
272 316
3130 2442
847 4779
2329 3212
207 5482
2971 4517
4733 2891
4503 15
1024 2964
5075 3205
1938 1972
424 3717
321 3017
2755 1606
1277 3561
2290 3220
3064 3302
3549 652
1179 2716
1876 3002
5193 3752
4678 4231
5254 2956
864 3622
1228 1746
2384 4884
2568 170
2271 777
3831 3445
1038 2901
2773 108
1382 5218
3569 2379
2589 1865
4771 2383
2974 2617
4242 470
3971 4921
4618 1763
5096 4011
5472 1769
606 1051
1482 3663
1055 5123
4684 3318
501 2828
1416 3145
188 3838
4338 3965
1335 356
3201 1935
452 2085
3512 1381
937 2131
2562 1627
191 692
4844 3827
4916 2830
4234 5294
2842 2995
1606 1987
1733 341
197 2793
1322 3056
878 2947
2139 1569
1408 2692
210 2624
3119 5251
1190 5133
3185 1632
1812 1041
4477 183
4297 4264
252 3501
956 3864
4867 4035
202 2784
1354 2380
2177 210
5230 407
1466 3465
2993 1391
4308 5197
5013 4059
2806 387
1357 1773
4075 3702
1321 5092
871 4265
1605 4370
1588 5194
3507 5077
4167 1854
3045 4338
1074 3368
4786 4947
1901 4256
166 1870
819 4097
5437 4546
974 4669
3046 2472
337 4786
5084 1607
1599 4685
1390 2485
3629 3836
4623 1236
5336 5485
915 4001
1935 4594
406 4420
4724 1154
5146 3118
1257 3676
3910 4056
2747 64
3696 311
4904 3962
279 4039
3607 986
3817 1576
3139 2358
4819 2148
353 2596
4463 2296
258 1947
2154 2694
2892 3381
3626 478
1561 1597
4501 4332
3854 2574
1213 2458
4149 3088
5261 2168
4729 1279
3376 4353
1377 1189
1993 4178
3025 5205
5356 4263
98 503
261 2074
3023 1555
3947 1061
2559 2283
1573 4201
2298 4379
1800 558
4550 37
4619 5314
4952 5161
1501 4746
2725 2519
1419 2185
4655 508
5225 813
715 5257
2998 5258
5175 3705
3735 1246
1234 2251
991 1838
1381 5089
2147 1736
2921 966
1516 4466
561 3531
5200 1450
2891 4665
2969 1064
3777 2544
3230 1350
4344 3814
444 1523
1171 3245
3791 2768
2677 943
2104 4229
2584 1804
1016 28
4722 5053
3471 233
396 4138
2682 4069
1542 4073
5171 785
2933 4700
4370 4565
4746 2573
1946 5373
2125 836
3870 4104
206 2984
4612 1016
2229 1368
2893 2213
2654 2975
4913 4125
4227 591
4888 5158
2186 2244
4316 3986
746 1704
2960 797
3996 2649
1280 3493
224 896
1772 21
5357 1403
3146 3856
4332 466
3315 4312
2325 3063
1703 1705
529 496
5141 2370
975 1293
2299 4962
3040 4540
1557 1108
912 4753
4436 5112
4527 1070
479 2604
901 4443
5444 4796
1430 4840
3419 262
4581 506
3164 4890
2748 2264
2922 2988
4837 1697
4212 3871
5174 2374
2471 2293
5483 755
5097 319
2061 77
162 1916
1527 5239
1056 3425
5402 4701
2054 257
3055 1800
5405 5422
5480 205
1363 4523
4107 3070
758 629
2092 4296
1217 2257
347 2381
5439 914
4379 2166
1509 4103
1312 4490
559 3570
1645 900
3100 3562
2168 1313
4732 3022
5331 909
4005 1647
263 5166
446 754
4994 1084
5023 1994
3535 5030
2965 2235
5449 2079
4422 3059
2232 2331
2527 1273
588 5432
1787 2279
4090 951
3542 3807
3182 1295
3454 4390
1784 1223
2289 1529
3455 3679
2669 5045
2646 4578
3235 4863
2129 3416
5416 3504
3102 214
2120 499
4403 5070
3892 5203
567 4634
1457 4898
777 2668
618 3916
4934 3922
122 334
3876 1355
2706 172
4870 2813
139 874
5301 5179
5179 1537
4191 1066
4948 2852
4461 515
803 4541
3074 879
2293 3189
4911 4199
2871 672
4493 5346
4358 1980
5344 3123
378 1625
4024 3930
2212 1485
2313 3607
1532 1822
342 1636
1980 3468
1735 4667
597 4651
1116 303
2279 544
689 4141
3080 289
5008 2553
5044 4708
4866 44
4896 2700
4492 526
3478 2860
5198 1531
13 2841
1721 1700
1490 5435
2895 1459
366 1674
213 2181
5287 670
4408 366
4595 5274
4983 2868
837 4415
1437 1894
3826 133
706 3547
2635 5059
3969 2633
4960 677
1235 3819
3722 4
5148 5326
2558 4326
1929 1071
2132 3815
5351 453
1737 4662
2247 4218
834 1318
5421 4717
1500 3964
4387 3228
4460 863
178 3762
5442 1035
2366 2347
460 3074
1552 5406
5288 147
1544 1501
516 3987
5227 3631
1730 5421
1429 2744
4776 1631
3399 1152
5140 1104
2700 620
4836 2819
2237 2095
1428 1011
1951 2438
1469 5026
728 2659
1098 4448
4820 406
3238 169
3211 3055
4119 3883
4390 3370
801 1543
3741 3185
4468 997
3206 2557
4528 779
3551 532
1237 176
2973 240
2283 2484
1091 4873
1683 2111
3172 5436
3690 2952
415 2031
2256 3163
131 4909
3709 902
2254 5068
3400 1970
212 2684
4709 415
2650 238
1096 3147
3858 3150
1399 3605
1186 5190
2597 5036
4874 93
796 1807
3016 2112
751 4516
410 696
3022 3007
1151 1517
1718 3707
831 4809
3872 2774
1459 4704
144 4589
2354 2019
4152 3484
1313 2818
3097 1876
1822 792
4060 4673
3299 5220
1891 193
3387 867
4605 2902
732 5050
78 2308
2912 4054
1866 1229
4026 3054
3591 598
677 2524
3705 4622
1950 1401
2003 2065
4546 3865
4942 2468
1140 4519
2371 5332
4347 4820
3506 247
369 4597
4676 2564
2549 4837
4067 3603
5262 2772
3958 308
1653 4774
5383 4575
475 245
4004 2854
1196 4283
3525 4770
4353 2215
1066 1581
37 2417
1755 2622
1850 4385
365 2038
5388 3103
3540 1343
4035 389
2576 3342
170 2172
4374 4581
3020 4187
2121 2962
2879 5209
771 4696
458 3356
3940 3722
1336 104
840 309
4821 1780
4155 1133
592 1210
2721 802
3548 1465
1797 1001
5400 3376
3380 2259
2128 489
3597 3503
5326 2575
41 2829
1967 3182
2327 213
1391 204
5411 2725
4593 5460
3175 5371
1308 2409
4915 2073
4973 2152
2475 4974
2968 3997
2920 3582
1133 1072
572 2302
3644 1422
3702 2531
5241 4337
3793 2812
3757 2443
4978 5041
3945 4273
1209 834
3091 1354
1451 1198
1346 3548
3568 5355
3364 3217
3580 3159
3213 4882
2863 1135
1286 1375
471 618
1877 3407
5335 4188
5479 3625
1444 960
2249 4117
5242 1657
3244 1138
770 865
3200 5259
2302 2561
2421 2856
3871 3527
2102 1688
2322 2710
2504 3604
3744 3884
3993 1291
3778 97
2040 3320
1585 5146
4320 3999
5459 2186
5009 4988
1922 3349
2772 3674
3347 1202
4273 4177
3734 551
4560 4542
3087 1512
113 4396
2600 5075
473 5379
1863 4127
1120 827
2050 3950
5010 2502
1534 1646
3724 3442
3532 847
4768 3906
1458 5491
3276 208
4634 3023
2076 1588
2862 2756
4136 2306
4615 1161
3163 726
4448 4442
4008 1717
1747 829
2031 1500
766 2753
3229 2305
4663 1386
133 81
2405 3704
2691 1494
1442 651
4413 2796
3566 604
1833 1728
1648 218
5244 1311
1052 190
4323 2377
3746 4657
1193 3974
2117 2602
2686 236
1749 1683
3386 383
2482 2171
531 1766
2529 2867
4783 1561
481 1505
2201 3742
3480 2313
320 752
4165 3737
2108 2260
3177 3866
4027 5480
3222 3085
3029 5462
585 1996
4552 5475
1867 3311
2288 3618
3418 1050
1449 2130
90 2346
589 3345
355 3043
5458 1298
2937 2022
4395 1388
1900 4724
4482 5054
269 3947
1337 4419
1667 1615
4351 1873
3728 1296
1095 527
968 1565
1940 451
3999 1136
4980 3068
4380 1163
4625 1911
2819 4062
4188 278
1369 3495
3603 134
4039 5105
3810 1141
2566 4822
1887 1603
2940 4939
3638 244
4863 5307
3096 4311
5372 1149
3895 198
3806 1360
4474 1814
4588 1338
2217 2654
4099 2527
3816 4764
2066 151
2670 3160
4222 1671
2627 1784
4051 1820
3740 2372
1594 4785
44 3361
5496 4997
1395 4170
2308 1594
1349 5319
2735 1122
839 5347
5345 384
4391 3204
5289 955
4788 4090
4028 1394
2636 3143
5280 5134
297 1754
1654 1645
2122 1888
2865 4857
3937 1595
301 2496
2664 2698
4988 317
3605 2900
2722 2483
1263 1220
3836 783
5152 1049
1953 314
1460 2037
3065 5003
4908 952
4892 285
782 1655
3541 912
4445 1699
659 2274
1239 1643
3915 4152
2632 548
294 971
3312 4640
4144 114
1990 3424
136 5289
2349 4435
2469 1423
4758 718
75 725
1924 1278
2934 5397
1679 638
1558 1244
4549 1475
633 2456
3975 5056
2119 3296
5118 1984
1202 2183
3707 3878
1210 1473
730 765
1893 4995
3773 5018
4826 3656
791 3262
3586 1043
3290 741
456 2761
1945 3609
2864 1823
3881 2516
3923 4675
3313 4554
4824 3134
3363 3863
1487 1498
3295 3644
3126 3458
2478 2047
2375 906
3049 5412
744 1114
305 5040
2946 2844
157 4628
3287 4330
3863 5283
174 4447
428 4425
3505 1891
1988 5367
545 859
992 3129
5380 3821
4409 2687
5256 1482
1373 2057
3422 930
140 2051
3998 4220
1044 1689
2231 1813
3192 5423
0 1860
3294 2896
1297 179
4373 4749
328 4325
4226 1868
1045 2925
2815 363
4393 3466
374 3887
2014 5248
697 1371
1404 3035
5436 2017
3282 2697
1670 1330
5499 1937
3270 1920
2994 239
2365 3003
1642 4784
2688 5381
1809 811
680 3699
3430 4726
3632 3624
921 4647
3635 410
1331 585
2804 2482
2544 3181
5473 2738
4794 222
5177 1059
3981 5311
5350 5084
3499 3167
262 3841
698 1139
1249 2481
2292 472
1932 4743
5025 3990
2754 2077
2637 4805
4622 3670
1176 3611
5492 1526
4299 3077
3392 5007
4818 860
3060 4209
4970 4795
2323 4015
2685 5454
505 524
2567 2656
2225 2218
1662 1924
4369 2864
2661 3662
4937 3005
518 1779
4648 4936
3114 2009
4430 2733
4677 3272
4797 4248
2734 1377
3765 612
5040 619
1432 1022
5258 4042
4953 4903
962 4012
5399 413
172 4595
898 3087
3771 4648
3787 1572
681 1132
3766 13
5162 4259
846 5101
3483 4021
1420 4755
2179 1978
2499 252
409 4195
4661 5206
5474 391
4897 4800
381 1300
833 2023
2505 5483
4055 1809
242 2586
2826 471
2759 1793
989 1224
2367 4386
4295 5113
3949 3593
2174 269
3637 4848
1233 4674
2844 3192
3997 3268
5201 887
5237 5256
2896 4369
227 1326
717 885
2451 1431
5001 3553
657 2720
1412 98
1018 2464
3869 161
1135 1633
313 3746
2693 1687
1966 2008
3714 4019
1663 1622
3582 2006
2645 1250
1143 1609
4305 1973
5 4123
2571 5296
4352 1483
1392 1610
1496 5419
3265 711
2532 1741
890 2509
2389 4916
3404 327
1077 1414
1464 3686
1058 4180
5041 3738
1668 3329
1637 1886
3167 1420
4689 145
2843 2599
402 4359
615 782
4861 645
930 1199
645 3831
1093 4520
114 4945
1618 850
4518 4423
4364 251
535 2487
2101 5065
4748 4925
4798 2631
2715 953
4801 1866
1123 1146
4882 498
1710 3660
5206 2728
315 3766
2138 5150
1687 5464
1452 325
4699 5292
243 1340
1288 2395
1355 5433
2320 4558
1577 3259
3204 1511
4041 422
1468 4211
25 3089
4429 2568
5116 187
5319 1851
2885 5110
3938 1190
3377 3119
538 3428
4470 2427
288 1899
554 2783
3590 3479
3986 1080
4192 484
2041 5175
806 1400
2704 2762
4328 353
4924 2993
2825 3219
5368 3626
2160 4192
5434 4373
594 849
123 95
5032 2474
3317 556
3955 22
4109 4641
4548 3275
3861 4252
2270 705
3239 1999
3844 58
2916 4530
3137 1651
4446 1629
3486 3606
5431 4548
4112 4714
5133 4839
939 4954
1259 5359
1078 1931
2807 173
5302 1829
472 1585
2868 4357
1661 491
2731 3393
4845 5312
870 606
4009 435
1254 2924
214 4380
3639 178
1854 1879
4427 1675
482 683
1917 628
4556 1788
4331 2338
3062 4851
2141 5384
2537 4773
1030 1592
291 2354
182 3284
4125 3450
5156 4906
4384 4810
2723 5465
3053 1275
2548 2133
3179 2877
223 968
4880 4394
1132 137
4921 4923
4763 5094
2640 575
1411 1864
4780 2392
4202 3126
3948 1461
236 5416
683 4958
4851 1158
5278 1440
3417 908
1832 1352
2793 1499
2352 4317
4158 4553
4573 67
3435 433
2390 96
175 5199
253 405
3482 5337
1088 4915
293 2021
5217 693
4920 368
4131 3589
2198 4224
1680 2805
442 4487
997 3590
3894 2102
5121 1495
5104 3308
3682 1076
2048 1129
1541 3771
281 1573
3093 5264
36 1909
2275 550
352 1545
3539 105
436 877
1727 3801
1029 5374
2894 417
3116 2658
389 2463
2018 545
3864 835
5243 1558
2395 910
5173 4987
2159 1421
5137 2203
4885 4280
1522 4876
4943 4071
4500 288
5136 5006
1488 5136
1265 2942
2951 4716
1869 2676
490 4697
5272 1732
1746 4832
2792 2092
3951 1957
4702 2284
425 1824
193 1106
1221 1755
4485 697
46 1370
1033 3132
5438 4666
2536 4401
4890 2405
1219 1479
3611 969
2580 3602
4260 3383
4274 2254
463 1160
953 3542
3718 593
2161 3307
3434 283
2331 2490
3262 690
5063 2478
4303 3177
4964 4111
2157 1644
4496 3578
876 1690
5484 2585
3867 1029
4291 717
1127 156
4667 1038
2210 3890
3476 699
3648 4888
4117 3208
1660 4461
257 4299
1601 0
3253 3545
2153 4445
2069 2150
152 2735
5486 1492
861 221
4719 3508
5376 4866
662 2418
1589 5336
2209 5401
3493 2194
4825 1417
3840 1137
176 2064
2276 4999
3509 4189
1925 2103
2474 1063
3301 1502
2941 449
666 4932
2732 3076
1289 1284
1431 3009
1067 4476
1178 723
443 1605
3774 4431
4443 1619
1960 5262
4971 3194
1614 4692
4476 5492
2378 3860
3784 3230
3785 1235
1170 2861
1053 2928
4049 345
398 2777
3537 14
690 254
1519 2804
1400 2847
4540 5183
5219 3092
3819 4737
4996 2903
631 3517
1236 2328
639 1781
4162 688
4635 4055
5284 293
3834 3765
3687 982
3661 2779
4356 4328
1156 4721
688 2566
3398 1271
539 5242
39 2549
2239 5288
3207 2119
3622 2113
4784 1912
4213 3148
5490 3248
3194 4426
1054 820
778 1897
4827 460
3056 1706
1903 1113
2672 432
1565 3083
4233 2717
3015 4661
2850 4267
2590 4788
93 3966
858 3011
5060 1950
4547 559
5233 1669
1110 125
5453 801
1103 4616
611 3237
4675 4342
1299 3688
2024 4266
433 3544
2606 27
32 816
4069 4290
5222 4449
3602 1837
1100 1637
1183 3094
1579 1762
5250 2675
3960 47
3101 264
3533 4366
5362 1489
2750 4808
5427 613
2226 4190
200 1692
4108 1748
2613 2701
1991 4539
1290 668
333 2759
4451 2556
4419 1014
5114 5446
926 3514
4624 5463
3249 5010
3413 786
4657 2749
3278 4718
936 2322
340 3406
1817 838
2158 260
2328 3510
1581 4451
3862 1521
2907 771
4042 1666
350 2491
595 839
2456 3422
3467 2831
3369 2627
3226 5069
1910 4838
1982 3868
5196 3172
494 2044
5236 3758
1682 514
3381 1954
1406 3988
4628 3481
4314 1092
1060 583
3891 762
38 3075
4847 1806
4603 370
3373 1742
2997 439
716 5171
2433 5395
1283 35
2429 3125
3048 61
2655 3117
1724 1917
5248 4128
2382 3919
4381 4990
4673 3719
4292 30
3152 5022
1604 2597
3452 2083
1483 419
1740 3869
4433 2439
4073 3895
4437 2912
2023 846
1328 1677
1353 3378
2778 1930
971 162
2394 5061
363 5195
2525 5356
1696 2089
5456 130
417 4405
339 463
2342 273
4529 2547
1484 3097
1625 4344
1474 5164
4053 2938
1793 50
1734 2683
2786 3436
4407 3279
780 1549
1435 2893
4696 3091
1954 5096
2533 5301
1438 403
4502 2278
1069 2330
5204 3222
701 984
918 2327
2079 682
2709 1297
5059 1761
4554 4763
4764 1237
3796 3783
3218 844
2829 4739
1486 4823
254 3583
3193 4885
5195 1411
4231 5396
929 427
3136 4202
3703 557
927 3751
1287 4074
457 4278
1777 1574
5000 2661
2724 396
795 475
5069 853
2574 3596
1545 2781
2133 3277
5240 1060
3303 1464
1583 1304
4262 3935
1211 4598
4208 2147
5337 1409
2633 330
1144 40
2563 388
3698 3044
4096 5191
3952 1710
2260 1723
3621 2324
1975 2929
675 1462
1796 1203
4569 2632
5052 925
4789 3139
2749 2422
3839 2366
1220 5478
714 199
4491 5357
4483 823
1478 3613
1225 3536
2171 5282
769 302
2413 535
2461 3714
5355 211
1035 2767
1384 4038
5220 4446
1539 2673
237 2407
1185 2239
1105 3437
419 1846
4629 1747
4425 5269
866 1516
1530 2862
3710 3295
2360 958
2215 3805
619 1608
447 2180
2939 1270
646 2881
2373 2373
822 1874
3609 1743
2348 5340
3762 4084
2869 3822
6 2137
3860 5434
1898 4365
3069 4228
667 1329
3645 2326
3066 1735
3403 1942
1062 1752
2936 3400
399 3439
2362 4194
794 2917
4327 988
4265 3724
108 1590
284 4728
2167 2797
2967 757
4230 884
1839 4663
5145 3715
2187 2004
8 1566
1640 3958
118 4099
2458 1665
3666 3384
3092 869
649 2923
1521 840
1774 3362
4169 364
3159 2888
3474 794
3576 740
2046 2492
2539 3261
3129 5442
3332 3449
1472 4649
643 5116
2668 4098
3627 2551
3683 1396
5094 1750
853 4549
489 1079
2678 2681
4160 1805
1197 223
3526 1678
4721 3061
4586 3360
2557 3355
3362 3149
4806 1047
1664 642
1799 5057
5047 128
5239 4751
3150 148
5385 2141
2581 4225
5187 3309
2648 3067
5215 972
2038 402
1651 3195
5464 5328
4083 3892
3170 1939
1722 961
1582 2887
1309 1430
316 224
3553 256
1816 5443
4859 2764
4895 3637
412 2823
1339 3040
1414 497
984 4031
303 1889
3693 5488
1506 1510
3827 4693
3935 3809
5221 1162
5309 381
3614 1085
3316 1361
4838 2197
4036 4417
3723 759
2996 3216
1232 4608
1562 614
3052 2523
3233 5214
4100 646
411 3412
5295 3124
1465 1582
1769 2219
3768 3200
2680 4901
804 534
3140 2647
3169 374
5082 1693
5498 4488
1981 2843
26 950
2882 2451
2935 3710
4056 3391
2944 3685
3877 5317
154 2979
2205 3098
4337 2286
5205 4498
233 2127
2193 2205
3073 1522
4754 3235
5135 4621
1489 1708
958 2960
2726 633
3518 3037
522 5233
896 5102
2957 2041
4536 1306
3628 2184
3534 4268
4281 80
2295 964
2392 479
4362 2726
462 467
4406 2005
2258 106
1347 2340
4981 2518
5112 3689
1461 4347
1161 976
308 2390
2604 2364
1820 1316
600 3057
3769 3726
1402 2614
798 481
3216 4603
860 4389
1495 3016
4148 4600
3360 4835
2652 2411
5347 4400
5078 2991
3901 3764
1070 1613
1177 3263
3042 462
5155 2507
1706 1740
439 3060
4982 2757
1699 1357
1647 2312
2683 1504
2450 3956
450 2027
558 1847
3873 1575
2621 3499
4177 2128
2594 4331
4555 2538
2518 3926
1128 4106
4852 395
4669 4227
2242 1867
2203 686
4197 4308
2152 2124
2602 4236
720 3683
368 1848
226 3840
4562 4163
1649 5229
2644 5325
4522 1487
4236 2222
196 361
2795 1180
2114 279
1405 1314
1166 3238
4340 2178
429 1776
4241 1283
3071 2609
4015 600
1815 1413
22 2453
641 2498
3337 4527
3902 4865
3453 5042
47 2906
5018 1397
1198 250
2546 2233
4558 1852
5466 3698
4579 2356
2150 1579
5126 2193
2990 1211
5106 83
2027 2
4400 2067
1788 1204
111 4497
3188 355
3729 3748
5330 3026
2483 3749
370 5168
3504 3274
5042 4509
1453 4817
138 4143
364 3206
5274 2385
5153 2666
4822 2397
5235 905
2952 3084
4498 4473
9 5120
5333 2332
4793 32
2374 3210
2875 3880
1050 3273
4140 2603
2516 3691
2991 373
110 5232
1508 2638
1475 4270
4283 3790
2016 1691
3256 2269
1942 1724
3219 4374
4184 4532
5027 2099
4969 4444
807 1075
5071 444
524 1753
83 3703
3279 4960
4779 4004
5101 1863
4411 5091
3072 4844
2180 2785
3950 3996
2216 3901
4021 4815
3264 5083
2303 78
2629 5135
2506 610
4194 3071
2211 1928
2911 5047
2988 2146
1823 4928
4193 5278
5089 1844
4487 398
466 1373
2768 2714
5251 2249
4604 4304
42 3912
2616 3392
4759 5245
404 2794
4600 1156
4080 5372
27 4085
3788 4496
1549 337
2929 4240
3832 1862
1628 4927
2570 643
3594 146
4839 4807
3156 371
5012 4894
1719 4478
2783 4991
1368 5450
4016 4887
3571 5044
5435 5342
2854 4079
5359 3565
3642 933
2617 641
2820 2832
5165 1225
2005 1589
640 3617
2796 382
941 4092
5150 1173
3561 1715
3243 1941
3311 3592
2498 4197
4809 3202
3503 758
10 1518
1269 2791
1882 998
3186 4241
2870 3743
5163 572
3142 2919
4747 2428
2284 1196
2666 601
2675 1131
379 3770
4886 2216
4756 3813
574 903
359 157
4637 1548
952 4249
3559 729
4247 4495
809 5033
3727 640
2631 734
3050 4683
601 4500
3909 4537
5125 1054
319 4429
4302 876
5293 4789
2599 3255
3237 4948
4054 2748
1798 1653
146 1768
461 1017
3747 2976
2497 4733
838 3280
119 4573
1272 2895
874 5413
2611 1600
4787 5184
3449 3826
3490 2307
4190 377
987 4164
1097 843
2983 1660
2388 5189
1278 894
334 4282
167 3843
4038 2916
3197 2436
4044 2441
3393 4556
3804 1305
5487 674
5043 3482
3961 1292
235 3639
55 2949
2585 3955
946 209
1021 3461
4761 1986
670 2495
2647 888
3180 1379
4176 582
1835 1347
4995 274
3479 5334
710 3120
1848 3335
4243 3365
4666 2850
2867 1073
4142 3366
2095 188
1215 281
4478 195
3008 3485
82 3640
1714 4896
3468 554
4767 3903
2376 1069
931 1
5430 4418
2780 3115
1260 3323
1281 1276
5300 2840
1015 3452
4534 3773
2561 3855
2560 3976
3320 2824
1686 4993
160 51
3044 1783
2987 2075
1112 4281
1754 3405
4171 2389
4862 4929
520 5114
2598 4878
2406 3106
4646 2158
2761 350
2657 4243
4539 4780
2449 5447
1937 4842
3441 1694
4178 3850
1708 1835
3519 2321
786 2970
5273 4482
2070 4363
1394 2007
1533 3480
5020 1969
5317 237
617 507
4269 2885
3081 1872
4464 897
407 1811
4254 344
400 4464
3754 5403
718 1833
2886 1363
3989 232
748 380
445 569
3 516
2858 719
2480 3460
2908 745
486 2164
3830 3875
2618 4014
810 5021
1153 372
358 2532
5423 1544
5271 2063
3036 1285
3254 2116
4594 1616
1291 2569
1471 2795
4858 2223
4309 715
5352 3186
1894 4984
5093 1681
1659 2946
5339 494
2045 352
2377 1765
2852 4979
3461 4938
1344 2026
1860 2195
1611 312
1375 2873
1762 2169
4003 5428
797 1698
2383 1586
4423 965
3442 5408
1304 163
4993 602
1374 4320
2950 3706
2002 5086
2233 3341
1320 5417
1514 4940
68 1635
2746 3574
150 4917
372 2349
3898 3463
3085 5138
3412 2200
1742 5471
712 194
3770 2188
4359 5180
1203 4023
3212 2565
2811 3736
87 4409
3742 2688
5002 5324
651 2201
89 2189
3574 5159
996 2104
309 399
1633 2221
570 4977
3171 140
4033 4951
3815 2674
2462 2173
3240 5267
894 3078
2280 4836
5092 4153
4757 1259
4561 2871
4289 3358
1802 2968
1001 5420
3520 1508
1941 1679
1343 3414
1524 4057
2253 2771
2918 390
4883 3598
59 2117
4471 3881
3546 1664
2857 354
5176 3225
2432 1441
2717 2719
1529 5243
3924 476
5264 3410
4564 1563
2425 2936
1342 1412
3847 4557
3667 2499
3931 2746
4139 883
4830 1123
2062 2248
5488 2536
2460 141
246 4711
4708 872
1902 3524
3370 1925
3658 464
2494 4767
660 2157
56 1037
467 3898
827 2913
1857 2361
1858 2969
240 38
3739 29
4752 2846
3517 259
1462 4998
4928 2874
2545 2419
4238 2192
4670 1466
1712 522
4377 4411
80 2741
1138 904
1879 3798
3615 770
3475 1821
4681 5392
1677 3913
4214 493
2984 3789
3011 1034
5313 2907
3821 1090
3980 981
5454 656
4664 5402
596 84
499 4626
4179 1552
1756 3169
1080 320
4205 4646
4089 3276
1362 781
4963 3969
1268 881
1481 3028
414 2145
5314 4793
434 929
3543 3096
5386 2870
1550 1308
3595 1795
1880 3854
101 2605
5447 4041
1992 5174
3327 3785
3135 4742
1617 5280
3190 5117
2978 1834
3856 265
2400 4292
2540 1083
1851 1772
5371 3555
418 4956
4454 4102
4203 878
225 1850
4037 1040
4553 2394
1147 5238
377 3282
1973 4351
1783 119
4296 1858
4251 1734
2185 3549
2963 3872
1491 4695
1332 2755
4532 4412
2431 2973
391 2376
978 2263
2230 4629
4156 2533
4201 4341
2459 4438
3458 4358
1684 924
3325 2155
4735 1577
2358 5119
1494 1663
2542 3664
2330 3708
1844 2301
2917 2572
4490 4174
815 1258
1276 4506
4266 597
533 2883
3336 3788
2264 3867
2064 742
3176 2639
1870 4313
4574 4782
4341 123
380 4905
351 1702
2335 810
215 987
2001 2939
3108 1247
719 53
1303 5350
1630 1428
3905 3
1672 4458
2838 4846
2649 5437
4210 220
1972 5213
4157 2268
1477 2362
3145 4002
602 3970
143 2628
610 4881
4621 2262
1826 1187
511 1019
1301 153
3583 3577
577 592
1999 2118
2135 2689
3078 1477
1456 768
4434 3031
5369 1658
142 2935
3558 1093
2274 4362
5268 3977
3123 272
2521 2245
2397 1435
4730 1179
1546 4307
2775 3591
4335 2707
5448 2285
3572 4911
5493 5066
2097 4679
3695 1219
1526 578
4855 2718
1034 1611
3383 3334
4812 1802
4626 1568
3755 347
3527 4703
2164 2060
4101 1926
4701 1570
845 3207
70 434
3361 333
825 3214
2191 2391
4059 4051
2326 4972
4543 217
3640 1910
341 5382
3906 4961
3155 892
3384 79
3967 945
4807 1849
3099 4491
3000 3978
4958 2295
4058 2775
1556 4096
4517 2068
1912 3197
3009 701
1947 5479
4439 1359
5452 1893
999 2416
749 2160
587 2653
5391 974
2240 1818
3012 1478
1615 2595
4925 685
3865 1547
537 3081
5223 5306
3916 5321
1158 2100
1957 4457
2398 3595
2078 2640
1875 1427
4449 4493
1963 3326
2287 4877
3900 4284
4627 1790
3957 4075
3357 4528
944 4422
2694 4747
2751 1321
2311 2641
5306 2265
573 1515
1253 5331
1017 5410
4650 1147
1655 1390
2194 689
4617 2543
1139 1226
2552 2857
3850 1895
4256 3874
4287 111
1329 4824
3014 3932
4375 5241
625 1861
4475 1963
4705 5235
2958 3301
2878 1974
3680 2607
2799 300
1244 3979
1007 357
1051 2702
2314 2723
488 1115
3853 2030
1031 326
1621 400
1206 4013
3109 2997
4304 5348
5091 2163
3843 5476
2707 4535
3501 4424
1996 4891
60 2911
4094 4732
2980 5293
1326 4654
900 3537
4355 3072
884 2016
3944 1365
3743 2623
3888 2298
4816 2400
608 4592
1781 4470
3918 3264
3390 3896
4831 94
4310 5261
599 3796
422 2594
1479 192
3758 3673
2402 4741
784 5440
3599 5049
34 1124
3974 2271
4312 3960
4219 4052
4737 2282
244 5444
4572 3584
2408 1831
392 3972
5494 2693
5120 324
1294 5441
3374 3509
3795 790
4151 3065
1242 799
1106 5037
394 4475
4122 3374
239 4570
3272 4329
3388 504
3217 3694
5495 2941
1859 2101
3353 5082
314 2933
1282 517
5462 1127
4115 2196
3208 4552
168 4148
4693 1782
72 615
553 2045
5249 1476
1223 4941
775 1044
3117 1442
2098 3337
5403 313
1643 1533
5214 793
4769 3299
2246 555
4321 202
327 2230
5209 219
1002 474
4745 2944
1061 4867
106 4063
4388 1682
1720 891
3753 2056
3344 2043
2235 216
54 3820
4224 4315
4962 2258
2010 118
1597 3113
2081 36
1671 798
4692 3697
2465 5176
994 3413
1019 4335
5409 5198
84 4160
1841 4670
1194 3140
5158 2059
2659 5201
164 4094
684 744
2769 3176
388 2393
4127 1457
2954 2421
1448 4157
430 5303
3716 2548
694 1165
1356 5383
1246 658
4739 4698
1881 1958
2112 1525
3825 899
3495 4713
4187 2750
3596 33
255 5130
735 3902
1205 1447
886 4088
4223 2921
1517 59
1089 465
5154 3777
581 1245
4640 3130
2582 86
97 1551
1470 5153
2824 2588
2297 2398
3342 1086
4828 2758
500 3373
5079 2931
5128 2563
2043 4404
4209 1353
2609 3802
1385 2412
2127 255
1692 292
2531 4410
2708 4579
4282 3100
322 1334
268 561
3665 4151
634 1402
1041 4203
3685 3304
3588 636
1904 1025
575 2769
3829 1145
2630 1216
1665 3505
4120 1989
4630 1885
566 2845
5404 657
4313 1151
4467 1601
4057 780
669 4797
290 5149
5286 87
627 1048
5408 3429
2084 340
3516 441
3575 684
1068 1148
77 2071
2745 3652
4507 5227
705 4408
376 3730
1849 1392
1745 2967
4284 5121
1613 253
1906 3135
2036 926
4121 2467
943 2892
1243 5154
2663 4455
1146 2782
4173 2914
3431 4364
2058 4397
5107 3780
2674 74
2361 3709
3318 1896
2420 18
1811 4754
420 1536
3780 4744
4048 1256
4397 4944
64 1993
4643 4216
3321 4931
1084 185
4330 1976
2695 2246
3684 4144
637 2909
1819 5219
1314 907
514 2351
4494 5170
1407 2858
1187 5012
3385 3336
3688 3690
4515 277
905 2529
2802 1099
48 455
5232 4403
2439 3870
5406 5469
1425 4416
3115 2204
1262 4734
5183 4659
3555 3712
3033 5366
526 4533
2151 2138
5100 2593
552 3397
3246 1913
203 48
3427 3046
872 2182
3730 4132
924 4149
1164 4300
3968 560
1574 3910
2414 1208
4383 4834
2676 2018
3273 3692
1063 5023
4061 4402
3451 2191
731 2086
1878 4758
2880 4912
2105 4522
1026 1287
914 401
3954 4706
3896 5415
2056 2724
5049 3558
1888 3661
2948 1945
4000 5285
3631 2144
3125 2751
2830 4110
2492 4378
141 2003
563 3653
5199 1233
1713 746
79 4140
1010 760
1997 1026
3524 3623
2520 4294
4137 3597
1359 1841
12 5490
635 243
2642 1491
3964 228
540 862
3437 24
2396 4609
4716 4154
2800 4489
1608 2177
3061 189
4455 3411
3528 4173
3221 4872
4317 3998
3291 2437
1285 3720
5034 1178
184 3552
1409 3952
1927 5400
4368 3636
5194 2334
790 3313
1976 3236
2592 323
1134 3579
1607 3024
4508 2878
3034 4319
1612 4406
5073 584
4815 3344
5332 6
4497 1652
3420 3760
745 5377
393 3004
280 703
4146 1956
3189 5081
4749 4752
312 4850
4889 1264
805 3612
2013 1426
2110 743
4590 332
4957 5234
3554 4561
5281 2954
5310 149
1090 3812
856 2225
165 2811
2267 3496
1275 2363
2835 1471
1107 2202
4875 5341
4898 3507
3439 4147
5468 3506
961 1785
1553 1680
205 443
1251 3394
2847 3516
2130 3229
3187 1170
1985 329
1006 3818
1547 2143
2072 200
4123 1640
1258 4131
1865 1965
2601 4245
1554 2520
3275 4454
2008 5027
2710 76
1813 673
4823 1387
5068 450
3691 1214
4050 1167
1801 1068
5270 2386
1872 2963
1324 1020
993 5438
1295 3048
693 468
5340 1176
1261 4107
2278 654
4947 4028
4235 1506
4907 1827
789 1103
4609 2276
2052 3315
311 207
2049 857
1983 4686
4972 4586
4271 5078
4453 5459
5178 824
199 2982
3242 3657
5374 3629
1921 2267
1111 1626
502 168
724 1227
61 1424
4902 949
2173 1231
51 5470
1821 775
1779 2403
1889 4614
3292 3859
2588 4212
4570 3667
3725 2678
4079 5080
2986 3242
3274 4223
147 826
1175 4750
1245 4176
3090 4172
3134 3158
2172 749
1227 3193
1584 2082
3051 3332
609 627
438 2514
2583 4610
3562 996
4043 4327
917 2486
3939 4155
3269 4983
1571 4003
3425 2619
2332 2664
2903 4841
1204 567
1358 1434
548 5223
3470 2550
2593 1628
302 868
4706 644
818 4183
145 4845
4456 3672
2684 2765
506 594
4853 4976
3407 5034
209 2894
527 2576
5005 4854
2261 1249
508 5163
721 3669
4918 2651
1528 5147
3956 3183
349 1856
4118 19
492 5477
908 438
2096 1193
4164 3151
127 2842
5320 3492
153 1265
888 893
2932 2226
2236 2236
2116 3252
4221 2739
3079 4433
2060 2986
1160 3846
4811 1623
448 2329
889 1286
2435 4722
4414 3560
4753 4196
2765 803
3855 5329
5197 3858
4565 5369
5363 5097
1340 2836
5166 1201
620 5216
3875 4653
1725 3983
3783 2266
3354 5124
4616 5456
3227 1045
19 1580
910 1362
3926 1641
5429 1584
151 3989
517 1389
4568 1771
3610 2977
4731 3064
17 230
468 2452
1760 1672
729 291
1895 2174
4199 1456
4795 653
3643 4625
1433 2052
4147 3795
3444 832
2455 424
695 4276
4700 4534
3372 4333
4598 815
5415 2121
3772 2826
4126 9
1666 4970
3592 4388
562 4644
2286 2562
1868 3761
2639 4806
5090 4606
3199 4206
5348 4217
274 3462
5275 5493
980 2462
893 3426
661 3781
4072 3803
546 1542
3943 1634
4150 1918
2183 5079
211 3483
2876 1319
4071 4645
1907 845
2667 2270
1022 795
4750 3427
1700 4772
2091 4219
1270 848
4999 1372
336 4009
3934 4382
4489 1238
811 4393
120 5186
1739 1091
5308 2650
3088 739
2149 830
2889 1685
3157 3464
1723 3587
3962 3787
5088 2211
2250 2766
3782 2955
2790 747
3250 995
408 4285
1616 5247
5279 1905
2089 730
5143 3012
5482 2232
2818 837
4001 722
5263 1336
4186 2033
3330 2261
3522 3526
4782 75
3338 4334
277 457
4711 5297
3248 2620
2443 5067
4102 4745
2440 828
3992 509
4510 1959
1410 1323
3833 1539
736 4181
817 5310
2184 241
2872 43
2404 2897
2479 1358
4977 5095
5051 4503
3620 4768
1011 854
700 2253
3697 11
1389 3797
1834 1280
1568 2959
4850 3175
1003 5016
3970 4293
1072 3294
3868 4963
2656 2317
2718 3791
823 5390
4923 4712
3460 206
1184 5370
2496 3079
4631 2705
3529 3734
1102 4109
2530 2090
3397 1467
774 2076
1586 3984
5257 4398
676 502
307 2094
2484 3975
4293 2999
2301 519
4138 4587
4805 2776
3144 3687
5471 3032
3701 870
5142 1922
1162 5393
5384 5452
423 4707
1629 4942
4906 2161
3328 3269
5065 3767
5124 5076
3251 2325
2357 5127
4420 3649
276 4043
232 3695
2972 1383
792 1410
1200 5099
759 2505
2028 4766
3654 3920
1673 4233
2624 5210
4949 3941
2703 2915
1560 5309
148 773
504 5472
3604 3385
5035 4468
1284 513
2228 2940
1636 3164
4396 4483
177 4710
955 577
1657 3359
3223 1310
50 2730
4257 553
1915 5489
557 573
5127 1395
344 4324
3886 85
1292 2522
1958 4100
3973 1009
3814 4525
4777 92
5064 3408
1765 1524
2445 4946
1705 3404
2442 3166
5132 4430
4535 3810
2523 1853
2223 4966
5191 338
920 4902
2569 2344
2243 321
2020 1331
5007 4658
582 3876
3368 3961
1417 3331
198 3157
614 4441
282 3451
3841 4134
3334 4802
5365 4639
18 2287
4718 4618
1446 2224
5212 1792
2687 4968
5470 4213
4504 1349
474 565
4713 939
5103 2943
4124 124
5428 4437
2653 3968
1109 4017
4135 1946
69 2165
2401 359
222 563
4614 4139
5095 3433
3581 4119
441 4076
5324 825
5410 1892
5026 266
295 5104
2022 3588
3678 675
4279 4238
3326 342
1948 1150
1825 1102
4175 421
4775 500
841 4377
5246 4318
5353 1707
2577 948
2310 10
4189 150
2347 4605
3113 1277
105 570
4264 4858
3095 2459
4762 710
265 3817
1717 3226
1890 1098
3564 1303
4726 1948
3657 4624
4110 5162
2447 440
1701 5103
1911 3564
2412 4512
1837 5155
117 5445
1025 2415
4760 2601
1413 294
5269 731
5299 1425
2306 5211
2379 2773
3345 4860
3037 1046
836 1263
1884 1934
1099 2387
3329 4801
3800 5181
4085 1721
1842 5424
5048 1546
3406 3900
2500 3287
3153 4889
3379 2238
2813 4613
2508 2965
4363 5376
2453 3971
245 694
3711 5002
1934 3741
4066 4184
5373 4260
2510 348
1803 4432
3255 1382
4652 2435
4361 4027
647 4414
1598 4720
3557 822
1650 809
4926 2234
2067 1027
1567 4957
2208 70
713 3045
2701 1335
1840 4005
5110 4237
4514 3288
1454 944
2285 3772
216 4463
4195 2206
1141 542
4810 4765
2976 5087
3289 766
990 5143
4542 5240
1271 4440
478 2810
5443 3472
4047 4967
1569 2616
238 4000
4240 5052
3214 937
5413 4502
4389 3283
2266 4091
4417 5115
1689 720
897 3062
2473 5222
4181 2277
2350 196
383 4288
3118 5244
2021 2299
4481 2542
773 3444
218 4302
737 3811
3694 2558
4376 175
2355 3575
3738 1738
4512 2890
5057 1324
4143 4253
5122 4387
3259 1966
1441 4305
2318 1262
2905 1239
1240 4295
5463 3396
2926 3271
3606 3317
2534 1711
4350 487
2564 3940
4450 3127
965 5137
4466 1907
1319 2570
977 3491
1216 4262
185 5286
1620 2247
3887 1995
300 3677
2304 1415
3531 4568
1773 2098
2608 3569
2071 1322
3963 880
1426 4660
