500 5500
368 489
138 320
341 146
207 257
61 133
216 261
304 473
256 61
319 394
279 7
261 54
299 430
26 476
372 235
186 358
107 134
405 424
241 121
365 177
335 197
22 365
204 327
292 344
277 475
153 315
418 291
467 12
64 386
281 427
378 14
162 467
380 229
394 136
427 469
189 294
69 164
459 352
24 356
80 451
205 481
184 460
158 492
498 15
370 227
10 482
28 231
328 237
121 239
273 342
36 149
57 234
462 306
131 74
460 120
419 369
288 191
78 67
68 414
414 350
128 168
226 439
73 179
311 218
18 326
253 246
235 403
109 359
163 103
113 443
114 289
477 296
342 128
142 371
164 388
29 160
384 222
401 110
272 111
122 183
133 474
484 397
386 78
482 236
144 90
223 260
478 421
324 79
225 16
358 432
7 253
106 459
483 23
267 283
39 153
455 252
70 409
34 181
284 131
411 206
417 278
331 258
71 497
390 297
89 263
348 208
159 56
65 265
147 290
413 200
3 64
21 374
289 243
244 486
250 95
4 18
118 480
340 82
259 345
155 276
346 194
134 101
303 220
458 477
123 338
354 415
383 150
364 324
201 268
233 267
67 210
475 389
285 355
471 307
19 167
91 9
188 405
75 125
274 377
12 298
13 105
35 346
132 383
420 60
441 48
278 159
320 49
337 313
437 102
174 244
227 46
246 282
410 250
408 308
160 73
175 247
336 59
461 127
32 141
83 80
56 348
429 219
495 97
443 494
424 305
426 186
40 449
87 193
11 132
17 264
117 362
0 381
315 433
465 284
248 89
224 24
313 187
9 370
167 198
102 185
445 230
234 165
402 241
63 382
38 319
275 373
245 34
77 299
379 309
468 274
193 225
369 88
30 75
84 280
359 277
103 453
203 2
453 436
260 392
156 104
464 27
230 452
314 438
239 419
232 318
362 328
409 26
182 490
141 407
361 437
282 43
489 115
177 408
301 118
129 86
168 273
322 96
99 21
297 351
200 53
329 37
436 171
62 76
479 368
8 245
60 434
307 398
44 109
2 335
323 39
472 174
219 19
407 207
439 301
435 226
271 376
124 65
497 178
270 140
422 108
196 302
393 212
349 325
265 416
90 70
23 156
449 98
396 372
85 106
485 464
334 113
442 32
187 209
45 71
170 322
191 435
111 1
406 353
27 428
293 393
1 143
351 99
404 454
79 77
49 42
119 347
16 122
343 357
247 340
20 417
316 10
367 266
397 182
287 272
258 400
317 448
194 255
94 169
222 50
220 188
326 314
100 151
242 196
356 406
374 367
474 215
208 323
431 47
178 279
339 498
330 190
229 152
238 87
321 456
333 300
126 4
302 491
466 445
305 145
344 426
357 233
463 262
476 69
423 354
74 126
169 94
360 447
294 139
494 123
149 483
444 455
257 375
399 175
209 363
101 157
338 93
457 285
55 422
37 333
192 224
451 51
416 470
352 418
469 173
400 485
345 130
264 316
433 440
6 17
190 28
214 466
395 144
290 33
176 312
371 205
291 52
76 256
487 248
105 138
157 119
432 192
438 399
450 35
252 107
255 36
488 202
127 462
310 311
31 232
428 31
148 38
179 471
263 66
295 444
217 495
296 334
350 13
430 384
276 29
154 420
376 331
221 411
237 468
392 378
98 72
120 22
213 288
363 199
115 396
266 176
97 62
481 332
403 478
72 163
283 166
249 203
137 259
306 339
48 496
135 457
145 147
491 155
268 379
88 221
150 100
218 170
54 0
327 135
82 3
42 295
325 364
269 401
151 275
490 195
15 431
353 450
46 137
130 180
387 63
51 385
425 330
456 20
173 337
215 281
43 216
139 57
96 154
25 161
81 380
136 254
388 310
125 117
421 402
470 92
446 8
499 461
53 142
454 317
309 387
47 25
165 366
181 6
108 45
183 395
493 68
59 287
286 493
298 148
377 472
492 30
92 270
318 249
211 336
300 488
447 238
41 240
110 211
448 269
251 162
308 441
415 349
210 41
262 223
95 158
140 361
312 81
236 391
280 124
58 228
143 271
33 114
381 5
86 303
206 425
197 293
199 84
347 201
171 484
398 321
480 91
146 360
496 442
93 40
66 85
243 329
355 286
202 423
373 487
231 83
198 292
389 214
112 446
452 129
195 465
385 463
161 55
52 242
332 116
116 390
166 184
366 343
434 251
375 189
152 11
50 58
486 458
228 204
212 410
473 44
254 412
104 429
185 304
440 341
172 112
391 413
382 479
14 404
240 213
5 172
180 217
412 499
