500 3000
268 182
326 305
14 139
344 14
461 309
222 98
18 100
314 441
348 148
402 447
234 385
88 1
490 465
339 419
62 274
178 76
392 475
26 128
99 160
365 36
380 458
96 359
448 201
324 448
249 421
318 321
135 285
148 430
421 88
431 66
394 407
48 171
267 246
128 368
248 380
479 38
406 84
481 39
473 423
358 99
57 107
487 486
377 147
409 92
229 365
331 494
212 197
9 414
304 156
429 256
17 400
137 386
126 67
55 125
38 393
353 272
250 431
123 356
175 388
411 317
144 17
241 324
298 96
162 408
237 311
288 153
190 127
199 230
305 339
440 196
498 89
49 433
342 137
100 326
39 87
205 229
27 476
307 348
369 123
165 278
376 243
379 310
430 370
32 410
231 331
346 492
432 468
133 248
387 354
213 477
433 445
464 26
338 77
415 403
130 75
182 387
245 342
469 223
259 488
401 225
403 363
150 485
442 120
142 216
35 117
251 353
203 273
12 90
206 82
208 303
362 55
157 140
485 192
61 460
378 181
98 207
71 422
191 384
93 300
323 174
124 58
455 177
43 11
145 478
395 396
272 237
296 32
195 498
28 401
180 389
19 232
418 352
381 283
139 316
52 481
468 479
21 63
437 429
240 313
115 482
347 253
63 292
291 91
462 233
325 59
65 450
480 332
210 381
374 449
215 355
383 94
280 119
1 443
457 290
154 373
261 459
37 299
290 442
477 269
302 121
294 409
220 188
340 7
84 415
349 68
13 416
273 130
287 376
188 483
390 189
152 464
295 318
281 471
211 212
247 369
496 499
166 134
360 112
313 16
470 78
238 247
164 104
423 9
322 221
113 113
414 487
306 238
453 435
114 161
91 294
169 224
265 52
103 172
170 377
328 347
116 250
327 452
301 436
368 195
134 187
163 351
472 395
256 24
413 374
108 296
258 151
140 439
117 378
221 227
483 257
218 194
73 404
282 209
34 399
354 205
400 31
151 166
129 102
120 215
484 473
334 40
22 175
385 271
8 131
200 259
486 495
373 264
491 364
276 0
207 349
321 150
2 19
159 12
366 167
404 424
405 50
308 480
177 45
193 287
297 245
79 145
399 261
226 23
239 375
391 252
389 97
454 152
262 329
422 3
333 226
76 366
310 79
187 81
7 37
355 28
396 217
181 8
122 333
233 319
312 29
147 193
155 426
149 185
444 65
416 251
492 391
336 255
388 308
316 25
311 56
104 62
319 70
446 118
408 213
223 455
286 297
254 398
47 136
253 440
83 21
185 95
106 298
16 358
300 397
384 240
11 472
371 60
119 6
81 48
412 327
64 493
172 335
15 200
230 361
36 280
489 382
263 312
397 64
463 288
393 413
435 244
466 406
69 315
111 5
269 307
410 116
235 110
25 338
68 170
428 236
53 218
167 474
198 169
202 457
465 190
196 53
482 13
54 489
156 265
59 101
359 434
341 126
271 115
125 132
107 10
171 49
332 46
141 35
40 428
434 412
351 199
320 484
445 154
60 71
138 284
475 57
278 295
45 437
363 322
343 469
183 211
146 291
41 491
427 43
112 163
375 106
495 191
4 141
292 93
357 183
497 231
136 446
494 61
330 304
242 204
174 286
192 51
467 463
420 168
184 41
407 111
459 133
31 239
33 268
370 219
50 456
173 293
274 337
86 301
66 470
46 254
450 30
101 164
439 451
67 186
75 208
329 390
488 103
317 149
493 146
85 420
386 214
102 453
161 234
110 241
0 314
168 343
474 73
350 20
458 467
275 357
424 184
143 277
6 262
364 138
217 461
109 334
456 114
425 362
452 371
160 432
56 405
441 372
277 42
82 383
89 202
5 270
285 27
293 427
236 69
132 260
224 47
51 157
447 109
204 129
105 323
279 235
90 282
335 34
97 341
92 258
225 418
260 108
23 392
10 379
246 210
419 178
443 289
197 279
315 263
58 86
94 411
74 330
284 22
398 142
303 74
153 18
214 124
299 176
118 44
476 15
201 249
460 143
382 345
194 162
216 346
471 454
176 72
244 462
499 2
80 497
209 80
252 179
255 155
95 490
179 206
337 336
228 394
352 276
449 158
451 275
283 350
42 281
367 159
356 33
30 328
289 320
478 302
345 222
3 417
266 203
309 54
186 344
243 266
44 228
436 425
264 198
72 173
77 267
219 4
372 165
417 325
87 242
20 135
361 122
29 466
158 144
78 402
24 360
127 83
70 496
232 444
438 220
227 340
270 105
131 306
121 438
426 367
189 85
257 180
