5500 5500
848 4485
4805 3958
3927 377
3207 5288
178 1221
4323 3658
634 2886
3905 1227
2840 1981
2842 963
700 2692
3908 1328
4160 915
1189 4170
767 3615
3176 3089
1143 1601
2746 4732
2793 1724
3243 3815
4750 856
2296 4676
4040 5257
1094 30
2449 5322
3539 2456
1540 1866
15 4377
4602 5284
1348 1582
2896 4185
586 1354
1271 2315
3932 4073
3428 2466
1812 4403
444 689
3400 4468
3082 3628
3338 1509
4958 837
2187 5157
5461 3306
1866 3171
4600 2541
3390 4570
5170 2073
950 3038
4133 4161
333 815
4882 1909
78 5421
849 1537
2764 2668
501 2475
1379 1369
4560 4086
3618 4675
799 2857
2203 22
4790 3125
5191 3253
3597 1280
3475 3483
5032 1023
1234 4742
1454 435
4911 2079
5443 1904
1930 4448
4466 5058
2621 5415
1193 4648
1079 3060
1997 2730
674 2110
2247 2375
2963 2843
2158 4818
1223 1900
4435 388
49 721
3155 1522
28 4121
5267 29
1671 1787
5142 1379
2624 1074
1938 31
4372 828
558 5293
2936 650
1676 503
1718 5451
3119 3245
4984 1485
3118 3681
2180 3947
2356 104
759 1767
901 5107
2844 5232
3970 5131
1404 1145
3464 3808
4877 5408
4730 3886
5093 2724
3360 4016
188 4698
3975 2559
4838 1823
144 66
310 5097
2773 3368
3536 2891
1811 4152
3815 1457
4661 3502
828 5491
370 840
2112 4893
1693 1738
189 4213
3242 1359
1503 1304
928 216
1659 1726
5137 321
5474 3743
3485 5290
1131 5026
2284 5191
4491 567
3667 5358
4641 3572
1977 3518
5381 3902
5202 2313
1633 5149
5394 1914
872 4956
3166 1111
1013 1793
1837 2391
497 5222
3116 3088
676 2629
1324 3794
1407 3098
3293 3241
3604 3855
1336 348
4582 420
137 1953
3160 3216
5179 3630
4421 4297
4592 5430
885 1137
3402 1901
2048 2258
4772 2009
5498 3386
4697 3665
4392 1725
5091 4921
4400 607
5158 4678
2214 5374
1520 3684
1727 3228
4778 2525
793 3150
2340 446
500 3850
1564 5360
2649 3967
3057 2162
2580 5426
1430 5488
536 1038
297 1170
1861 19
3980 176
2083 1042
5026 1308
4192 4934
5388 3003
5194 1113
4315 1470
1714 2496
1739 4168
2098 3757
10 3414
628 3165
3212 4135
300 4413
3241 172
1227 868
3919 1138
3675 4409
435 2236
3710 812
3659 222
4043 1698
4299 2459
1752 3759
4579 5154
4775 1055
4774 4291
1617 4592
5025 2773
177 3801
4695 3352
335 327
603 3261
1135 4707
37 4465
5229 1837
3952 4278
1537 4405
3215 1668
1758 1885
1892 2696
2283 2966
694 5039
4656 3496
2603 3068
2800 1630
3565 1146
2986 1735
524 1730
5281 1024
1734 859
2198 272
5361 425
261 478
46 3175
1956 4226
5383 1160
4428 1408
4134 2543
1942 5066
4763 3894
3271 4611
2784 2463
4980 3456
532 2134
1828 4699
5305 2931
304 2856
3683 3281
2720 2071
4111 1084
4388 3489
5224 2256
3820 1301
2124 4359
301 244
1060 1967
1717 205
801 3462
3878 2323
3872 3571
2252 240
680 2293
2149 3199
5264 2337
1823 713
306 5186
2390 356
287 4028
4973 2731
4717 3473
3058 5472
5056 5407
605 5480
4394 5224
3996 5209
3316 4496
5172 1842
2460 3409
5054 2341
90 1456
2508 1512
5444 4910
2485 3677
2802 1883
451 2712
4618 282
492 945
1179 2652
4445 4481
658 5205
3858 1401
1545 1258
3274 865
1102 5424
540 2590
4417 3065
3689 3739
1668 5077
4476 3718
5094 1637
3198 3295
2373 2507
4815 2269
2668 2054
106 3119
309 3832
3218 4560
1374 870
733 1765
383 2113
371 1564
1171 4153
4920 219
2412 181
2676 3900
4827 2861
991 5208
1857 685
262 2556
1021 611
4505 5109
965 4247
121 4478
3052 3443
4141 5498
2070 5397
4379 4038
4841 3039
1924 5106
622 1228
610 2068
3486 3722
4404 449
245 67
528 661
1995 253
4074 3285
1801 4542
4396 119
1770 2955
2855 603
465 2710
4903 3865
66 2385
1038 2970
3237 4528
1036 2634
1367 68
2242 3012
817 2753
4707 407
3466 3426
35 3167
513 2195
4350 624
1053 2086
1118 724
3831 2031
1698 918
3394 4069
4514 2349
4817 2795
5046 5100
3041 200
2374 1192
266 3093
5458 2641
3574 4847
1672 33
4298 3589
2712 5130
3361 3980
4361 4978
330 2972
3435 3560
772 461
1381 3613
4265 3404
2035 2706
3020 3787
1632 125
294 5283
4312 4129
1830 255
1969 97
2549 1257
1726 4350
4814 2402
4065 5044
5250 3329
3600 3383
4303 3301
4332 4184
1082 0
5241 3286
1191 4517
5197 495
5125 4467
833 1397
4566 4294
2044 1488
1474 4187
2109 5443
4219 1086
1424 4005
5438 2173
3736 5295
852 1406
4158 2912
3822 2907
5442 2540
2140 952
1662 630
2215 4192
3903 4127
3998 3354
903 1676
5477 2842
3602 4330
1748 2848
395 1312
3169 447
1201 616
228 466
686 2097
13 3250
2967 3730
556 735
5038 1164
5245 5260
5244 826
1365 1804
1551 3042
713 4001
1990 4582
63 3141
3322 2551
443 1606
3774 3831
4184 4425
3739 950
4097 242
4829 508
299 3516
2843 875
2334 280
4037 2368
4495 2424
4875 1931
1933 1584
2241 1467
478 2421
693 697
2876 4207
654 3411
979 4583
620 2986
5023 147
4936 2373
5352 1850
1081 3498
431 1318
3791 3147
3401 2760
165 4329
1795 942
856 694
3749 2232
4488 3820
2144 4051
3965 2615
2034 1576
3520 639
4320 3954
3039 1028
5386 5276
4357 4394
5013 3737
3284 907
5333 464
3236 3394
3362 4261
220 2938
2146 292
2825 310
5152 849
2267 4315
327 1602
3586 4610
5258 608
5002 4629
3853 1471
2050 2359
3838 2051
30 1977
567 4292
2806 411
4293 16
5035 1950
1567 1396
1086 4860
4703 4856
4127 4452
2442 1463
525 1663
3063 223
4240 3800
5204 787
4913 1599
4999 4829
3434 387
3568 4854
4305 3059
1181 1875
948 2343
5057 2736
4247 1596
1463 930
665 3145
709 4180
537 3961
3906 1037
1700 4021
3054 5101
480 711
2849 5277
108 3993
1076 3763
5243 1851
128 3392
4653 450
3924 2035
2997 560
4056 496
642 3148
243 4459
3960 408
2889 3636
5065 594
3639 3670
5079 112
356 3458
2052 3108
2984 4156
1437 5396
1185 4133
5223 1597
2410 3495
1754 1543
2860 1155
52 1697
997 5429
3966 4288
982 2515
400 2436
3901 4111
4687 5080
3438 2226
2060 4355
2396 4647
5329 3892
3793 3082
2017 1348
3995 134
278 2865
489 300
2608 2868
2985 3218
375 2980
4408 5074
4368 5401
4907 2548
4304 2626
2237 5138
4359 3824
3811 3707
77 2793
2006 3745
4948 2040
1806 2727
869 3480
5427 614
2377 980
2820 2852
2042 2289
3976 4718
3538 2303
520 2083
4039 1930
675 1644
957 5211
1411 4814
397 3694
2993 3773
3377 2308
196 3519
1184 32
4450 2824
3096 782
3111 2348
1083 804
3968 1916
2233 121
1949 5414
1985 386
4642 1813
2261 2994
416 563
1773 5299
3596 2108
2597 2367
2727 4054
2286 3888
4294 5162
307 1487
4099 803
4856 3971
1685 3960
671 2693
1156 2469
1637 595
4245 900
3657 481
1369 2111
3558 4571
3958 2637
1175 3097
1347 2669
1864 4584
1710 1367
3696 620
170 4370
367 3403
3228 3534
3775 1029
2457 3927
1571 1247
5003 170
1913 3474
4102 4969
3187 2976
625 3242
3794 2942
1800 3326
436 2690
696 727
5328 3063
4850 1277
555 533
2901 4475
5434 3156
1980 1426
2001 1031
3351 516
1007 2386
2529 4730
3181 1936
3549 2077
1561 2922
1516 1819
4071 966
2726 3690
4126 355
740 460
2273 847
2737 41
1040 4486
5288 4249
1478 4615
1054 1497
3579 703
1385 3370
1262 559
2497 4537
448 5048
938 4554
3514 4616
4067 5200
782 2169
750 1519
1236 3384
2369 2863
4892 779
2893 4274
1555 4101
298 4204
1915 2066
2423 1046
5463 517
4034 5081
2415 3006
2401 3725
339 3631
1077 5047
2751 3441
238 2965
3990 5056
3159 4199
511 2277
136 5492
4085 2914
4626 2334
687 4735
4734 130
2255 5076
1312 741
11 3067
2657 441
518 518
3269 1686
3526 3527
2335 2959
1928 543
4447 1474
3643 1218
4151 1619
3805 4507
155 3209
4288 1256
471 523
570 1623
328 4251
543 2503
3018 2627
3488 3786
3839 4831
2456 4385
4621 1751
3654 353
3801 3365
5412 4569
1694 3708
5219 2332
1133 3510
2093 3372
3500 11
599 1728
1708 473
5017 3484
2930 5220
1994 2728
4375 354
4168 4077
2774 5479
1429 4937
514 3726
4614 4529
3623 5070
2357 3323
230 1612
4321 1891
2262 4579
5085 442
209 3755
3341 1737
4477 1764
2058 4777
4035 1073
4365 3969
1140 5248
5005 3843
26 2925
2490 1096
1579 1481
781 5490
1902 2934
1772 221
4416 655
3103 2300
5115 3849
16 82
5430 4761
4765 3413
4224 1727
3771 695
1235 5354
4710 4464
414 4853
5396 2433
4955 1762
4541 2829
3323 686
996 4514
2638 2850
4901 871
771 976
2393 1434
3645 746
3550 2900
1971 2211
1626 208
3493 3247
3546 3316
3783 3983
4860 775
4629 115
1183 83
4230 3862
223 1371
381 2143
1413 2457
5106 3938
267 2377
3148 1246
4932 4235
587 1278
2553 3979
2171 2884
1494 475
987 4421
5060 1124
4666 4653
5033 2095
496 1418
4526 2794
4499 2874
4737 4243
2660 184
5365 3052
1322 3637
3294 3345
516 2102
4959 4792
1640 142
2265 254
3132 4363
3898 2288
2081 631
3512 5331
4879 3987
5431 4705
5011 4747
4000 2353
5304 3661
1838 5448
5306 4256
659 4491
175 2004
3807 2379
3460 3005
337 3562
2538 2599
3971 2616
2998 465
3157 4843
303 4695
3487 3114
1160 1098
5190 58
4282 4183
3956 2374
2899 57
5476 4562
5081 790
4206 164
2594 4438
1091 2725
3758 3436
3312 3318
3030 5198
2368 4550
5356 143
5485 3768
1341 4322
4496 2171
1730 4955
239 2198
1073 4375
3510 2235
5221 4958
3707 4431
3615 3249
1548 3879
2729 227
441 2147
2768 1399
1955 2123
3 2145
3483 127
2104 4429
4563 846
1550 4318
3563 2153
3761 248
2761 2714
3156 618
4300 2203
2540 5251
2040 2131
2295 2880
1377 1040
2838 526
623 891
4068 820
190 1079
4162 1149
1059 1525
697 453
5347 311
4762 4203
200 4397
2829 1168
229 1862
1467 633
4434 3290
5108 284
857 5153
4894 3835
85 2069
1508 2761
966 3221
2487 1590
4773 2631
204 1375
2807 1566
2384 3871
4978 1821
1451 4266
3456 2807
1209 1021
419 2785
2585 141
5452 3691
2544 4368
720 2984
534 2766
477 1571
1286 1988
4147 2943
5291 796
4556 3376
2317 5359
2227 3092
3484 192
2564 990
1914 3762
5114 3769
1502 5254
1216 3537
5039 1638
1927 2382
1756 1511
2269 626
3184 3868
324 2485
3887 3309
2193 5376
4306 3193
4084 3989
4696 3299
3585 2552
485 93
5252 2417
407 762
208 3514
5425 2259
768 723
2556 2381
624 1008
1329 1621
1709 3210
4222 3020
3945 3139
3185 979
4204 5318
876 1741
272 2530
1873 4968
4239 4112
2330 1184
746 2280
3691 4802
505 1577
2486 3982
959 1814
4077 3238
4340 3837
2960 1610
4140 2522
935 5395
1918 2473
4427 80
2064 5084
1151 2667
2910 2643
4740 4622
5340 2607
2185 1710
705 2784
722 4446
1269 698
1657 2896
5320 3524
1505 2015
5001 3814
5416 582
2598 1237
2632 4383
3035 1818
4954 4811
1457 5133
4680 938
4449 5182
3616 85
1246 2192
4589 4720
748 1299
4289 2124
5140 4943
958 895
5071 1530
288 1425
3425 606
4493 951
775 2118
59 158
798 1699
3249 4586
1063 110
1325 1202
2883 583
3125 5147
4409 592
5123 177
933 3269
4631 366
1188 2796
1314 1731
2789 1104
4786 2973
4568 1881
4050 1249
904 5171
4596 5059
550 4868
2755 288
64 3375
3099 5099
3951 726
5377 1085
2272 2644
4108 2755
4810 3419
5161 1600
459 1626
2600 2781
1964 5385
2745 225
679 1553
4354 3591
3224 2944
2724 2758
2909 1945
2867 2312
388 2774
3788 4022
1241 1070
231 3939
2610 505
2254 2467
4128 1333
4761 4620
3053 2806
5313 5455
575 2160
3306 1794
342 1078
944 3917
1245 5179
1061 4398
4741 3976
5484 4752
1280 2767
1804 809
4650 5169
2581 2314
5128 3972
4942 510
3120 3968
93 3344
3517 1114
1294 4295
2554 4162
2812 2476
3172 4062
1553 1130
2830 1994
2923 786
952 1337
2467 2294
5260 1286
1538 2355
1364 2208
2628 3756
3480 1719
2584 2150
5265 729
3033 1147
1498 1167
4736 3233
4337 1171
4660 5470
3760 5339
932 1782
4728 1275
1948 338
3352 827
44 679
829 246
4003 4048
1072 1288
1692 3431
198 2744
2183 2875
811 1119
4027 1377
3279 2534
3708 1350
4498 5150
4887 5464
1589 4091
2532 1282
2631 5341
4079 2750
1 3556
4348 547
1570 3659
2402 4276
4806 2715
3365 501
2459 5036
2470 634
115 5018
761 4916
3647 1250
3459 471
3880 2156
148 5053
3055 3656
4770 4764
669 5050
4675 854
863 1685
1581 4721
1074 2408
3750 5400
1683 897
235 1197
3923 3410
1045 5316
2833 4822
707 2005
3556 4974
5426 1643
943 5250
3436 268
2674 4390
5064 2591
4444 800
3059 1669
4963 1803
4181 1135
3366 4564
1121 3922
468 4663
2092 5438
5199 3672
1113 1326
4180 1861
4263 1524
1829 341
4929 4082
2100 893
3482 5215
2282 2831
105 3639
2458 1313
1656 283
1051 1554
5047 406
3735 4382
1684 4872
2165 5128
3772 2699
2948 1385
1452 241
3993 2803
1267 2155
5332 370
5449 1616
3339 383
4754 4574
2274 4979
1390 4172
3925 4840
1052 934
4538 912
3501 593
1578 2221
3928 3149
4637 3283
2723 1886
1506 2579
3587 5010
1370 5062
4378 4258
596 2825
2955 3190
1482 5016
498 3882
2790 4263
725 2395
1836 278
3607 2471
4599 4539
4813 732
5097 382
4793 5392
1966 3229
921 1520
1205 5231
2533 2554
1493 79
2448 4881
378 4083
5154 4812
2859 3230
4689 4713
5138 5105
3105 3557
3065 3771
1318 2366
3476 3128
3613 4963
4198 4321
4358 4202
3999 5378
2677 2099
440 314
569 4561
291 1779
5398 4132
646 5259
1644 293
2639 3031
4481 4896
4381 5291
1263 4504
1663 3377
4113 2082
1615 3033
2872 4691
4914 1609
2328 2563
41 1882
3080 5156
4643 4776
2222 2833
4821 4887
1899 5242
3458 3712
3497 1493
4500 635
1575 4601
4280 2460
5121 2003
522 2786
5354 3072
3728 2969
2781 3371
3257 2278
2602 688
4310 3699
460 171
4886 150
3031 622
3592 1390
4448 5096
1039 3937
4945 810
2557 1381
930 1896
1647 1927
1853 967
3299 1344
1651 1477
4504 1309
2622 4710
1448 3857
961 2624
5277 5255
2419 903
2145 4623
2411 3817
4041 1129
576 3399
4581 4246
1122 5442
546 1523
5213 5357
2927 561
3897 4138
3907 3391
1150 964
4859 267
5316 5310
2025 313
4845 4217
4998 4441
321 5344
4904 2978
2822 507
2130 4657
4405 133
1037 2404
4869 436
2611 4455
3386 3231
2363 3186
4534 3577
813 534
5180 4947
2277 2007
5061 5213
5207 4572
1868 2595
3358 1581
1311 1789
2343 1017
4403 2823
630 2858
2928 1370
3048 745
1660 2612
660 2415
5196 4753
3174 645
3617 4095
4784 2161
2816 1822
3826 2138
3447 1327
1126 5336
1089 5494
3668 2562
643 5004
3541 1587
3450 2261
4544 4408
79 5327
2856 2018
2425 4789
181 1853
219 405
2575 157
3282 185
1674 4034
2956 1880
4726 1183
3347 774
98 4518
366 5241
4259 4380
2908 4922
804 3490
2972 123
728 5287
1270 1424
4497 4842
4386 5127
38 3864
24 3651
4430 5177
3318 3466
3776 5037
595 2350
4387 2494
970 4642
1513 2717
3889 4044
3593 5462
227 1462
1187 4709
3937 3701
3533 2723
4465 1934
2767 2659
2935 753
1541 1712
4503 440
4640 1216
1779 4680
2500 1349
2765 2047
4885 1050
3414 1116
2111 670
1117 2805
2762 4032
3248 2091
4940 4915
2027 5178
4668 3985
4673 5098
3104 3469
3370 1942
5269 331
4183 2968
910 5483
981 2535
754 2126
3126 444
641 3799
710 1634
1974 4222
1071 365
969 1935
724 286
3029 1555
3947 2135
3084 102
5236 3956
1015 2658
4636 462
880 781
3678 2330
3382 4677
3380 1410
4571 56
2135 2930
392 2132
4655 3137
2518 2840
5268 3078
4605 4319
1432 4057
2871 2995
805 4870
1917 4757
92 3748
1870 4827
1522 1314
182 5017
2804 5197
1584 1080
4767 3010
1780 3001
4981 2070
2954 617
4457 2053
4628 52
1945 1535
1585 4483
1011 1572
2614 4360
1363 1734
226 3804
4004 2997
5453 586
1775 5011
1793 4726
199 3340
3673 1140
1443 1291
1098 860
141 5372
3002 203
4830 5083
2520 3058
4390 2006
530 189
2128 3732
1265 2372
4201 2682
2019 2889
3833 4308
5459 5158
4630 4563
1396 2320
4227 3341
749 118
5249 4268
4019 2248
4281 4995
372 5420
184 1925
988 301
1543 3455
2740 2324
566 709
4018 3468
2138 2175
3173 4354
1781 5371
1047 750
4278 4719
257 2990
2932 5440
5418 1913
695 3679
3830 48
4013 4536
975 5137
402 4310
3122 2571
2213 1800
1414 4953
4080 1569
2536 2172
4380 1785
4117 4800
1704 2836
1745 2947
3648 2483
1104 46
1566 18
3747 1867
2405 3447
4087 4432
3188 3212
4700 5325
918 183
1313 2506
2612 2572
4511 73
2306 2514
420 5240
4988 3499
5141 290
2271 4646
2453 1444
3292 2356
2531 2234
1136 5055
2801 535
1230 3054
2858 1696
1515 4884
4494 1856
2454 4534
4891 4782
4624 5113
5189 4522
5043 1469
5078 4008
1703 324
70 5206
3869 4813
4604 1103
1607 87
5073 4392
2257 960
3281 5366
820 2193
5050 2601
4915 2025
4517 574
1943 3423
5374 1203
862 4299
4722 4105
5275 2012
4836 632
160 5473
1600 1947
5165 1045
823 4110
81 166
1643 4357
2430 5485
831 766
3900 3942
4033 4190
4787 2240
3091 710
835 715
3251 4685
3230 2224
2823 777
1594 3476
1572 2517
3751 3975
1057 3049
2291 3644
1769 4076
614 469
1885 4581
2228 768
1458 1943
867 4376
4711 1722
4173 962
2234 1830
286 1558
1755 1265
1276 4205
2239 4783
4314 2993
4284 5176
4519 1414
1009 5352
1022 13
5102 1068
2278 2578
2386 398
4744 88
119 2250
3621 5135
2731 484
3827 3222
3819 3533
1050 669
1472 2441
1808 3032
825 1351
2316 3121
4724 2783
2705 1672
3317 3911
4552 2597
187 5247
802 5043
4193 3623
2706 5187
4492 864
3296 1627
1792 573
2652 3994
3226 3590
3535 4700
4557 2243
4663 5073
1328 1271
210 1538
3709 1809
3674 1980
3931 5
3569 91
2309 2826
5334 1491
4044 1248
2941 5189
5460 3582
3490 5380
205 5088
3963 1786
1988 1303
2890 2166
953 187
4982 4527
3981 4973
574 4231
1442 50
3046 3223
1733 4637
5090 890
1517 584
4489 3004
4586 3046
1043 1701
292 3711
3857 5286
4681 5333
3315 4690
1681 1144
1831 3307
2484 1440
5239 2526
2434 2260
1361 1496
699 4144
3663 4341
845 2299
887 3236
3722 3066
5478 1460
4743 2128
4580 3356
3359 843
1299 2873
475 4603
5292 1897
2818 3227
3846 872
5132 2998
2020 5394
4236 5368
4855 3653
5435 4393
1996 1388
1066 909
4081 4760
4906 4353
1810 5263
1574 4142
5075 1150
850 4673
1799 5174
113 1279
4319 2094
3267 1108
3474 3627
1273 2623
618 3770
554 3215
1067 1384
2945 2144
4213 1494
2099 1832
1525 3710
1922 4396
5209 1989
3227 2362
75 4756
487 4650
1940 418
1608 1253
990 1262
2682 3753
2815 4174
2868 4039
5031 1655
2920 2197
3582 3412
3004 3217
4842 1273
1723 1482
5178 748
21 2364
4664 1887
2817 4313
565 4023
553 707
483 4366
2659 1513
3706 789
616 4159
4994 2062
3152 874
4460 1563
2917 896
252 3988
1701 2977
1867 1769
3277 3378
3724 3296
3529 1285
5497 4532
3525 4575
4258 4687
962 700
5173 4817
345 3594
2030 3581
664 2787
1936 5399
3288 3552
506 3357
3147 2470
2680 3526
2545 5015
3044 2453
3123 1939
364 4940
3608 2756
1778 4271
2371 3765
3468 1902
3010 4901
4823 3635
1816 276
1569 2697
3423 344
1591 1438
1650 3225
4986 1317
1120 2405
1204 3595
5068 4862
3191 1870
4456 4326
4644 2275
2897 5116
3664 1158
4214 4505
1049 4064
1658 1647
1488 4102
1939 5381
4156 2489
5469 2979
5397 3689
4334 2636
3640 3257
5314 2945
4254 2158
5487 3889
1776 825
2587 3576
3595 1118
5280 4731
4595 2605
2089 4220
1019 1768
3576 1660
5293 4790
122 718
4854 4578
1046 5136
4995 1302
3345 2707
3573 2684
1507 1393
1018 3131
3454 4477
3929 3254
5228 3369
2298 329
1251 49
4172 1998
1190 4014
410 4602
1415 2104
4665 1547
1565 5031
4232 4348
4802 4649
4926 1472
4130 3243
2763 5082
3610 4932
1821 2738
1283 1095
4843 4436
2992 4103
1827 51
2916 914
3077 4337
3261 2924
1327 1908
5203 3695
861 2231
4467 2338
5107 3087
4881 319
4819 3073
1233 4597
2365 2698
1475 3601
1016 2854
807 684
3443 1873
3256 2452
3818 61
1455 2700
2186 445
133 1932
2288 4074
320 5119
3863 5467
3814 4580
608 1252
5116 3584
1614 4089
3646 4440
4803 493
3524 2500
1690 1874
1395 2148
515 4395
4283 3288
234 3335
5448 1412
1655 4283
1920 2137
3916 1855
1459 3293
1736 1964
4924 2122
2073 5160
2795 4200
2732 4984
3108 4694
4145 2205
4521 1673
4438 4289
361 805
4155 4785
3304 1065
1839 3432
2038 4999
3753 3568
274 1817
816 1700
2443 4494
4322 145
1896 5025
4530 4767
1366 3596
2717 40
1900 2023
4058 4900
1998 4037
992 12
3701 491
1653 5386
1218 1243
879 3921
4182 1115
120 2509
4946 2810
3235 3449
4487 2389
3024 1995
2572 1671
4611 2319
1123 3200
4883 5319
1586 472
4888 5431
1845 2089
4186 3592
3499 691
4957 3822
5403 1659
3633 880
1791 3161
3978 4424
283 4104
2667 76
1888 716
5181 3159
927 2129
3892 4025
739 4609
1298 4557
3196 4113
922 5061
3283 2651
3983 1198
778 400
5058 997
5218 1126
3232 5282
4801 3040
2591 3085
1519 1651
3940 740
4384 2918
5193 3353
1099 4857
5015 5417
2231 3204
5389 568
3067 3963
4699 644
1878 5165
146 3112
673 5090
4794 2752
2311 4754
5482 845
4262 4298
2527 1615
2562 4058
4020 2982
4273 1518
1289 5035
2664 196
4215 4824
1030 5323
4759 2422
2118 4858
1352 705
56 4834
841 2675
2852 20
2289 3952
1431 2450
1677 3274
1005 3048
1628 3528
2432 3724
5339 818
2625 770
666 1044
3016 1121
5155 1341
3982 4633
1557 1702
5092 4919
2151 1395
2166 3984
4022 3662
1178 1479
1394 3904
3532 3798
2029 4996
815 4050
2496 1586
325 4825
2024 3654
2169 2633
706 5168
3262 4855
1368 3887
2429 5117
3635 5338
96 3319
3868 3550
3319 2588
588 3532
2627 4239
2643 2919
343 5095
3528 1459
5130 4624
2937 1267
4853 2096
2481 916
5143 2454
4684 943
1666 124
3373 1242
926 2146
2217 5148
3143 1907
2760 2306
1766 202
5399 4045
1817 3891
3194 2188
2382 504
1963 3735
2943 2547
4671 4891
5175 5269
3121 1815
2976 3475
1092 326
3229 4688
403 2139
3305 5433
5423 1664
2259 5194
2851 1532
4490 3733
2014 1514
585 1944
2483 1689
3325 527
2084 1366
3670 1999
164 23
4054 1711
253 4796
3258 3838
5230 2913
3199 168
3141 2950
2455 3521
2352 515
2999 1938
2221 1499
4652 2635
3959 1131
3553 4765
3388 2569
1293 528
5084 5350
1742 4248
3651 984
4952 1142
4893 2596
4799 2580
1461 4309
3850 4945
1017 4476
34 3124
3192 3720
462 3751
3543 3513
3941 3554
2609 2670
139 3991
156 598
1786 1180
3211 2398
4454 3536
1618 4935
3416 665
1078 3445
4518 3103
4804 4805
4546 793
895 1490
911 2245
2634 5383
639 4255
67 2063
847 4040
1469 2791
1620 1742
1627 3379
2332 245
1339 1798
5160 2876
3217 3090
4105 3858
1840 4738
3332 1320
2697 5141
3337 1226
289 2130
3214 4182
1686 3616
2769 5146
4376 1374
1738 3688
4363 467
883 1194
4429 2820
4221 2893
824 2801
3291 853
401 3852
3441 1831
3856 1110
2561 152
4753 3621
5471 3465
4399 3878
4851 1061
3911 1495
442 2881
295 2775
1065 2479
4136 4252
1477 1709
1427 2105
2300 3990
4205 2370
1744 2648
2167 600
5048 167
2468 2539
4244 604
4515 2777
42 3136
1146 1928
385 5002
2348 4693
2225 3163
2741 4063
2666 132
5019 4772
3823 3363
4171 1688
617 4525
1802 1492
2590 4640
774 1435
5457 2049
3704 2204
212 3812
1466 5342
394 4729
3777 1937
909 215
2202 4987
2669 497
4918 2899
3164 3349
1613 1650
3859 2032
1397 1429
1774 2434
1206 5347
884 5321
2903 3439
3320 4775
4276 1695
1138 1032
1907 1196
1813 1007
1846 4344
4608 3723
1332 2770
4591 5345
3796 5214
812 2860
1376 4
5200 2037
467 2743
3808 4949
3392 1771
1946 3287
4832 2357
2082 1872
4066 1454
4189 1502
2714 5046
5307 2735
4708 1165
4791 5022
5468 2327
3311 3265
5270 4838
912 2981
3519 4920
5028 2771
194 1657
3387 4708
3589 690
4757 5020
2650 1678
1824 201
4583 2864
3470 5418
580 1746
5472 1756
2658 4033
4431 1847
1456 3754
4473 1335
3628 1402
611 3827
2322 1022
150 816
2121 5227
3102 747
2420 2501
4170 3772
2555 5121
103 325
4755 3182
3933 2866
2683 759
2463 3507
4550 2242
1258 480
3342 4771
4275 1579
545 84
4174 1506
2314 919
4601 1941
3605 4810
3404 4488
2776 2546
1652 1059
984 4090
4100 3667
4633 5052
1484 2034
989 946
2216 3045
2403 1640
1822 5456
726 4123
1724 2511
836 4510
5086 1039
998 3144
1972 4347
2189 4830
3098 2790
1635 235
3599 4324
4268 74
822 2557
2504 2834
3128 1580
4975 5170
3186 1436
3433 2409
4782 4778
3260 2694
4296 2566
3809 3055
1026 4605
125 3397
1959 2878
2333 4237
1526 5086
2150 2882
130 3444
1890 3647
2547 4230
819 2163
4868 1858
386 1071
491 4798
1654 3099
1416 848
974 4914
1096 2797
2900 4898
1197 2665
4203 937
5348 1729
2736 140
421 4614
4840 2384
2719 4740
2780 3505
4286 298
939 1983
4970 3077
4474 4873
1128 3076
4758 55
3939 1965
2218 4234
2913 1141
512 3146
1625 822
216 10
2799 3545
4190 652
4345 3604
2623 5065
453 4674
519 5085
3307 421
2656 3183
592 3015
5120 2885
2753 3926
350 86
4896 3503
503 3280
744 424
2372 4079
3090 5012
3620 2939
2196 5014
445 5193
2725 1173
4031 4980
2576 1056
2588 4913
3092 3493
348 587
65 1781
5368 2574
2219 2827
2595 3153
2687 3177
2170 1952
4055 4426
1460 3075
5322 1097
993 2662
3025 1958
25 2909
4178 3729
3197 3017
5020 3421
4820 2872
4576 258
3448 4739
4470 5218
5401 1442
4965 1828
663 2769
1968 2492
2116 15
4983 4345
351 4096
4569 1824
4702 5411
2028 2002
690 2523
4471 1972
1696 922
89 3395
2845 1201
4598 3334
36 4548
2979 4670
5100 3251
4858 2822
3915 4116
606 3292
353 1251
1716 3155
2074 3071
1435 2537
3222 482
3756 211
4461 4903
2563 1329
2981 3810
2446 3178
3734 4018
315 2491
3264 4788
4828 5449
4818 3541
573 2100
3095 1662
5254 4176
2711 3021
2018 3741
3934 1690
4423 4639
557 4301
2492 4664
3797 2610
2811 2618
207 2048
1302 1926
2892 1763
1471 2964
83 3389
1875 4240
1598 4908
20 343
3851 2649
4862 3487
2869 5281
4549 2107
2565 2444
3081 250
3465 2974
2404 4906
964 186
2087 1618
4977 197
3444 3834
2759 1921
685 2946
1330 1413
2075 2115
2691 1829
3165 2008
2389 3479
968 536
3413 3438
4383 3118
2117 5436
1491 2505
4627 3154
1833 1557
302 4553
1947 1707
2062 3359
1979 680
777 3797
396 144
2176 3084
2123 2687
5238 2992
3636 2776
4110 1920
1450 4895
5344 4626
2204 5412
3834 3940
583 1675
2679 5314
760 3547
4235 2957
1207 3749
4242 4412
2321 3358
4462 2292
4990 4576
4638 1839
1468 5444
1764 2573
1784 4617
4752 3294
681 4991
1735 3035
684 720
3124 4384
3989 392
582 4273
3804 5142
2522 4808
481 3511
432 1747
1240 2340
1386 3454
2264 4327
2194 4314
5406 60
5492 2732
3348 1373
2433 1740
4771 3805
5336 4750
4612 3909
2914 1036
317 4338
1879 4119
1518 977
464 1595
2873 2290
818 558
3502 2438
2133 1592
1630 3728
4852 399
3580 4262
1609 569
5083 2304
3666 389
5246 3434
2026 974
1492 2538
1912 75
3313 4839
3873 728
2392 2757
5156 1979
5289 4625
1929 5239
4422 5264
3578 1784
1212 4346
5145 1305
923 1091
4042 3461
2471 1449
2925 5199
3716 1684
1842 5307
5220 3094
4395 1128
577 1233
3003 3809
2550 3558
4847 264
5273 2322
4369 1760
1746 402
5066 3338
2438 352
3855 5422
3516 5029
3922 2609
3790 2238
5186 3256
551 4894
4402 749
5163 26
4360 3312
3424 4723
2307 135
3209 5067
1587 323
2385 4942
4053 3899
4045 3170
1923 4209
946 3933
1665 1706
1534 579
3437 5032
891 2985
4209 4982
4210 2442
5135 3189
2521 2622
873 3381
5119 3573
3769 1753
3567 2531
842 3925
3275 96
4165 2103
1760 4727
43 566
721 1963
4764 487
1405 4061
3290 1153
2543 2877
1359 5094
1274 1001
3110 5406
2722 4114
3540 234
2626 4211
5285 3158
2139 3813
1084 1573
4211 4879
2754 1403
1679 948
1619 1212
1590 6
479 2647
752 3957
1962 1956
127 1343
5153 2255
488 62
4905 1177
398 5355
2885 2504
1436 5087
3518 839
864 1422
1014 4019
5286 2518
314 3816
2142 1611
3730 1076
4979 4804
3974 858
4412 1391
2870 1178
1048 925
1777 220
702 4228
3007 1749
2771 4020
249 3944
151 1151
3848 2916
4124 4803
2325 2963
365 1984
5095 4689
1465 4774
4059 4302
2474 4492
1850 2594
2248 678
1426 1427
1304 3951
5272 3053
4070 3561
1595 2472
3398 619
2088 28
791 2406
2519 5235
5296 756
5010 2176
1125 3185
4796 738
363 882
2063 1432
2721 1214
4233 362
4606 4227
458 2133
1371 1172
338 3918
195 4402
2878 4770
427 236
2021 4988
5049 4027
2528 2241
379 1407
2439 3840
3389 1799
4723 4017
2970 613
5312 1241
4584 3692
1978 459
2571 476
5337 24
3665 226
4574 3043
3498 4711
4693 4985
360 2045
48 4655
5411 4173
1682 1220
1725 772
1881 565
3612 488
2672 5027
250 1656
4367 3013
4547 2493
5261 4768
3170 117
3422 867
1202 3168
218 3460
4295 4060
2589 1270
2391 3574
3083 4071
384 785
4486 2036
4114 3276
1535 4520
1993 3324
2646 2967
168 638
5454 1923
2292 4801
2462 3160
1384 4100
3473 99
3453 1048
4939 5457
2232 3996
3489 4055
2154 4636
601 993
2599 2849
2791 562
4479 959
1268 985
5234 2638
1317 2484
5271 3061
2530 3881
1597 2397
22 4473
1487 4400
374 2090
790 4594
2973 2435
4146 2920
5450 1187
3112 1526
3679 3766
1119 4807
4443 1752
4701 3030
5405 3437
4672 232
255 1531
2887 1307
1967 2936
4691 1852
2560 739
4139 4331
2911 975
3843 3668
1711 1653
1423 1568
4256 1261
2475 2673
2675 1034
4472 776
2136 1628
2465 413
4555 929
1751 664
853 1957
2067 1679
2435 3440
1646 4136
1958 4106
3992 2837
5387 3777
3117 5279
661 1057
5446 879
762 4143
2995 3374
282 1533
1706 2603
4512 658
4313 2318
5208 861
2987 4806
1398 954
4677 1863
5136 4387
3614 521
5359 3740
2364 1358
1300 2029
3189 2202
2276 3081
4002 349
905 146
433 4011
296 3179
541 3895
5169 403
2971 5072
1865 2265
347 2185
434 3255
3298 4964
1295 3626
3153 4056
1217 2329
2542 537
1401 2281
3552 5317
1277 3408
2129 4737
3314 1971
4207 4150
5376 4120
3583 5092
2450 2080
2841 806
3598 3120
2094 3606
1006 2742
4639 1199
3723 1100
1991 315
2950 1996
4716 2960
3178 2941
5126 877
1732 548
5483 4902
2327 1970
1345 3702
5327 4316
1101 1912
5117 2844
4243 1360
4826 5377
737 1825
1250 4728
3755 3625
942 1680
1199 1570
4238 625
4835 3396
1588 5212
3463 2625
4943 2284
1536 4189
2792 4108
495 4882
3462 4926
2750 4972
1768 2639
3881 3683
4632 2191
5212 814
3782 3874
3531 3700
135 1844
3145 3417
3481 3501
3045 163
4987 347
1641 1209
417 3642
2181 4087
3662 2016
5413 4524
3225 4206
1894 4195
3114 3807
2301 5132
3570 485
45 2182
5176 2502
874 3327
4374 4107
5263 4918
2324 259
256 4422
3195 552
2654 2038
1391 5152
5045 926
2566 3235
3162 4484
5053 3244
5082 3448
5338 1717
2716 3546
3244 470
2772 395
3693 257
4212 4304
4685 3485
2229 3482
157 1123
254 3717
5122 773
1916 5365
1854 866
225 4435
3353 4799
3584 4568
4331 2600
2559 819
1109 5402
960 2154
5206 5476
8 2121
2071 4671
3972 4471
4292 2210
1832 2136
3130 1613
4864 754
1337 904
840 1716
2836 544
1278 5217
341 4259
4413 3226
1055 702
846 4607
4553 5484
3346 1845
2942 589
865 2022
4607 3252
3759 1287
2436 2961
4872 5382
672 193
4676 1361
1787 1705
3594 1347
4103 4587
2964 2495
387 1269
5373 2044
4014 693
5462 1940
5309 1263
4418 911
4889 3478
2662 2437
240 59
4953 4351
5299 3793
3849 364
5067 4816
80 5143
3816 3390
329 3962
123 3784
626 5324
3967 429
2303 4864
4709 2184
2207 4241
1041 5294
4397 217
2379 4379
5174 3686
3259 1591
5087 3992
290 4047
2505 1030
2990 3429
1602 1892
5351 898
1421 173
5470 1649
4407 5447
2275 4411
1410 262
2709 2301
2477 5306
3071 3070
1334 758
2629 1614
3762 3364
2175 1058
3985 4989
594 2564
4670 3277
1983 2642
3721 1266
521 3019
2499 3646
1354 3398
2861 2021
2347 2363
677 3106
2407 2890
5257 1559
3376 2702
892 3747
1530 5308
5159 1565
5256 2254
4218 4530
0 137
5419 3914
3062 3764
3455 3632
2110 1323
2172 4990
718 4420
1749 2729
1688 1009
547 4683
4941 3531
2848 5364
1306 4482
2119 2183
110 3923
2752 2838
3842 3008
2428 2800
535 576
4931 2754
704 731
4506 4167
3109 5445
1085 5219
1001 4952
5466 4759
3542 2019
4645 5410
4565 1949
3649 1156
1531 1134
2779 832
2279 3206
3920 673
3977 3314
717 1409
2143 5069
4229 557
2579 3703
4261 2819
1771 3607
5489 1181
3015 637
1402 4755
4144 551
560 3373
4052 4328
649 5367
1852 2789
4029 3050
4706 5434
4993 3839
2678 829
897 1888
2863 3346
1356 3351
3921 2426
2924 1296
2037 3337
2810 1230
3829 2862
1211 3407
1338 672
1783 3107
4208 1605
2551 2996
607 5370
3545 539
2881 2619
4096 550
2461 923
418 3767
2596 2112
3014 1677
4377 428
1856 1346
4501 4012
102 3331
4030 2680
1987 3565
4166 3208
1281 4577
3870 4874
2757 590
4535 2762
3962 5246
4138 3315
937 4340
2452 8
5295 4849
3611 4497
3247 5192
5253 5089
2661 1978
4976 3709
5052 3512
4966 2416
3321 299
3852 1910
3374 3559
5147 3239
4619 2555
3930 1051
670 792
4861 5233
1010 5111
956 2455
4291 308
4324 2050
2701 5005
3626 2808
4863 3224
3326 767
474 2817
916 3802
3040 3009
1552 3943
4996 722
2312 3676
197 3135
4353 5238
1382 2052
4028 2520
3875 2325
1378 328
3660 2621
657 2
4937 3415
3327 4242
4078 2295
3731 3467
5393 2383
2339 427
4307 763
1343 3342
5301 4218
5391 5115
1132 3180
4572 3083
3449 35
2880 5320
1008 2347
3953 155
4164 4080
5324 3433
5148 2342
2655 4139
1903 5349
2749 4085
391 194
4714 876
1514 1455
2515 2056
2349 3029
3079 1761
3661 3123
3100 2519
743 2839
5287 434
851 138
4834 5204
4188 5328
552 195
2304 3964
1163 780
814 409
4522 2217
4690 2429
4768 3018
3300 3847
633 2904
3632 2481
3571 414
1707 1206
2832 1260
2297 3698
2698 2908
5342 5228
4808 4418
313 3014
2866 3897
1100 1372
1360 1654
2141 3977
832 1411
1162 4733
3624 1027
2684 2394
4264 2425
1242 4081
4712 3648
2685 1
1165 1629
4076 1445
5167 2602
4738 1607
5225 999
316 3789
3047 2291
3375 3714
3027 4697
1699 1775
2208 2536
4651 3291
3013 5226
753 5311
972 2360
273 5393
5024 2815
3588 742
568 2396
5201 1556
4016 4823
2380 101
4411 3893
949 3643
318 2685
4101 5267
3219 3856
3266 1691
5318 5265
1439 4352
3644 3823
4824 2440
5437 5063
1134 4178
1664 5391
4135 2695
2718 2074
5070 1015
1350 2811
2681 4815
2819 4722
1763 2983
529 1575
2808 3898
1500 1693
1176 2937
5004 2516
1182 1791
4120 3872
2630 4480
466 1991
1264 1721
4169 1578
1737 3143
747 34
3239 2582
3329 4233
5428 850
4469 1515
3836 4158
1511 991
5282 4954
613 294
3220 2480
2509 2218
3101 1182
4822 5019
1624 2593
94 3598
1825 852
871 4608
844 5172
719 5478
1375 2092
1616 5302
2113 4929
1075 3037
3559 412
71 1161
5370 1176
3393 605
2031 5229
4682 5273
1333 978
1874 1466
3521 206
2090 1968
3167 3007
2174 4188
3653 4215
2689 514
1931 956
1905 2894
1483 2014
593 2257
533 3111
4705 647
3440 5450
2079 3205
4083 266
3445 2611
2294 237
269 2567
152 190
2023 4166
4961 1340
1025 1744
1952 2464
2926 2949
4921 4493
4426 4214
2813 2228
2056 98
2615 3023
1307 2247
3534 599
4508 3051
2944 4899
2263 2814
1479 69
5062 1758
2206 906
4742 431
3899 1297
2114 5038
1661 373
645 995
4463 5363
2839 340
637 1778
2837 3866
4149 2528
5283 5108
4917 4417
3049 2975
2209 2393
2524 4072
5096 360
3656 1562
5319 564
86 1468
3530 1405
2949 4284
3295 581
3287 113
124 2462
766 4401
1297 3418
2894 4635
838 1272
4062 4992
4616 2413
2381 5468
3979 213
5357 1089
2091 174
1284 1107
1731 1281
3005 2490
4025 3915
3754 3760
224 656
3183 4320
3780 2832
2235 1088
4260 3896
349 1703
2076 4905
3223 542
794 4702
357 3803
4910 3086
4176 1224
1247 5453
12 474
2406 4503
3043 2664
1290 3266
3692 2142
3137 455
3344 1210
3113 3640
1238 4128
1869 2708
3798 797
2341 1368
730 965
368 191
4185 5195
5343 2953
875 3234
4005 4479
2367 894
4287 2084
4026 3588
1157 4861
454 4410
682 3543
1944 824
5101 2932
2184 4526
1228 2468
3757 2296
4017 663
4634 1895
4373 454
3714 3127
3088 1284
438 932
3133 506
894 2927
4867 1865
3765 2910
2012 1292
3336 4821
716 3100
1965 1777
82 1276
5488 2251
2072 5459
2671 648
186 3981
305 1334
908 2358
4142 2632
1982 765
843 4848
1675 3997
5475 3122
1266 4137
2016 307
1906 4859
4971 3539
1582 5028
61 725
3669 3279
3200 1948
2345 4457
4524 2558
4106 2830
2922 5023
1252 3388
3727 3336
1855 4669
5298 5207
4876 2748
5279 1002
3006 4305
3066 4780
4718 4224
58 734
2939 3129
1221 3821
2069 492
1249 1527
3862 1736
3406 2043
5266 1298
2245 4793
5491 5379
3208 2655
7 4391
2996 3580
2854 1127
422 5000
947 2344
3987 744
3840 687
3688 4068
4622 1093
3638 5234
1759 2333
3252 4962
236 231
5420 989
4123 3271
2068 2734
1761 981
2673 2809
2211 3470
5098 4766
1973 667
4161 4286
5467 161
3684 5201
4812 4794
202 175
2895 122
4317 3931
3263 3026
3812 3442
2375 71
1243 2759
2831 3011
18 4871
4934 1255
4870 1801
3795 4865
4107 1345
4338 2316
1636 2213
2766 4604
509 4641
3949 5243
1229 3854
2011 2524
4649 677
4623 1498
1321 4833
3076 4888
2670 3529
2491 2212
4154 2013
919 1362
3334 4003
5494 2821
2095 844
4570 2646
5099 4714
5284 1788
3944 333
5188 1641
3182 2390
2085 179
1095 4925
3074 3110
5308 807
3700 1810
1919 3472
1422 1854
4196 4513
1282 4052
3289 885
1237 5126
3890 2782
3778 940
1373 4201
2051 4046
4603 5346
4729 4555
4252 4558
584 2565
4216 5409
4223 3207
2738 1652
1728 3162
1908 5091
3737 4516
2426 4362
3893 1006
2004 332
2618 4270
1441 1598
4874 4042
647 2279
2015 1077
163 3181
627 4959
1186 433
5350 2233
1898 3289
4057 2253
2077 612
2039 2780
2033 3860
2479 3706
1310 367
3948 334
2424 3044
2644 4667
2416 1906
4513 541
4255 555
5129 4221
1195 2772
5105 4590
3764 3669
2613 737
1062 1903
1747 1879
4617 5163
1891 3157
4152 5181
3233 4490
3705 588
917 1355
4311 2283
3942 2640
1592 5167
5375 1465
232 3347
2097 696
3085 2585
2834 3322
4425 3738
3824 114
5006 4010
323 2335
757 3041
2320 3220
4179 4212
3566 5068
5134 271
983 2926
2983 1622
2179 2297
4347 3079
3452 5262
2574 944
176 5124
2022 4134
839 1718
1161 3457
1741 3508
1611 4487
4122 1816
2707 2679
4777 2859
4046 1918
4543 3201
2735 3282
1130 1109
3717 129
17 4253
1670 3214
4776 1827
1256 649
2437 921
4908 2078
2157 683
890 5006
755 432
4301 2059
1765 540
222 5369
3744 1319
2796 1658
3175 2443
3028 873
4 5481
2847 3913
4930 5184
5455 2177
977 1534
1152 1666
1489 610
3861 281
1895 752
476 3328
4346 1133
201 4743
1481 5007
1142 1000
5358 4229
581 5461
1224 2869
275 238
4551 3884
796 2747
1960 1215
3431 4749
242 1893
1563 5173
2318 1973
1757 554
4092 1205
4464 1546
538 1035
2299 4786
4577 1604
4542 1082
1355 4386
507 2399
795 2431
1166 162
1387 1025
1149 4621
2178 4463
3061 2219
3886 3929
2593 653
3547 2892
3986 1431
1544 4374
2601 430
810 3494
3590 4904
5127 3593
4575 1529
549 2093
4678 1357
3677 2011
5077 3428
2787 5145
2493 5266
3073 2672
3888 45
4330 2676
3075 4781
3676 2140
792 2225
2546 4630
2742 2812
3871 1003
4539 1067
2785 1585
2770 1043
785 927
1794 4938
2567 4118
5303 798
2921 4944
4090 5261
1556 2285
2469 5460
259 1428
131 3350
1524 2818
3625 3948
213 1733
920 2510
3813 1094
2989 3876
3561 270
1695 5343
765 755
931 1211
1020 881
5146 714
2226 3731
5216 2933
3350 1439
2057 2901
1196 1415
2552 3535
4997 736
986 3682
786 1087
834 3325
6 2298
499 545
1549 4638
429 2620
3072 4194
3419 4596
3070 1163
2991 3105
461 1207
4972 287
4371 2392
2582 3302
2526 5351
5184 3548
5150 1049
5355 522
2947 5114
2302 2041
636 5428
3177 4342
1504 4997
3205 105
2346 2451
3457 4450
1909 3517
2258 2663
770 1245
3310 3380
311 3551
5 1776
5018 5249
2874 646
4964 1674
3131 4591
1547 3134
3767 2971
2906 1720
1705 3402
4713 571
1173 426
668 1310
3658 1213
3609 109
3134 4257
2132 1754
5323 4406
2635 2101
1554 4662
2748 2010
4153 3566
2230 1339
2105 479
4865 529
4991 4863
1473 1069
3973 1667
3363 4339
5325 188
1068 1549
3938 1332
4279 1911
1155 869
5433 1404
2353 3074
2270 2428
2002 312
1629 322
217 1433
5171 1101
1255 279
279 1416
2977 1383
1667 5210
4458 4889
745 4094
2507 5103
652 1159
3250 4093
2586 3880
4947 5274
4116 778
3548 3903
241 889
999 3792
2054 4535
955 5280
1871 5225
3403 256
2268 5140
5059 3655
3136 3197
2637 3649
4194 228
4884 2149
3781 3721
3086 1540
1497 2853
2 855
683 1969
3680 1750
5069 1464
1558 1330
4919 1508
3879 2799
47 5223
2155 3750
4415 378
3697 1185
1546 884
413 1975
2337 2474
2827 5001
3011 3578
2535 3002
4200 2042
1042 1105
5185 886
941 2923
4257 9
2398 1186
1841 5313
1127 92
2240 2262
1153 983
4587 4169
2344 3678
4036 483
158 5008
4783 3169
2918 5139
3369 1648
3246 3853
758 500
3127 136
3411 1894
1849 2846
924 3599
523 2119
88 5275
5341 3791
2260 2196
4657 4907
4441 992
29 2127
1713 4744
369 5405
4241 970
3056 4966
358 2179
3372 3645
3642 3284
3606 2186
1319 1026
3491 5482
3994 3463
4962 4658
1782 2592
193 2630
1934 532
591 1486
2902 5296
1743 3424
1158 1997
4558 817
60 4762
4938 3259
3409 2828
258 1232
2134 3555
527 546
3254 4712
902 4163
2445 1631
4250 3811
2957 4186
3019 788
3009 3452
4329 1826
1835 2935
2525 4124
504 1011
963 4078
4290 961
4694 1092
4658 1235
4248 1924
3726 285
4225 1162
2604 913
5041 699
609 958
423 1020
69 3906
3161 5278
3943 3332
667 3420
2512 1148
281 1959
2578 1504
3577 1951
2690 4115
4060 3567
4809 2267
648 4092
1989 2346
2620 1869
2606 5203
3238 1238
5330 3102
4797 2446
1326 4885
2877 3859
4800 1204
3694 5441
5008 5180
2441 5118
2427 2614
4199 3624
5247 1452
5183 5292
899 2532
161 1274
854 1387
1844 833
5112 2200
2293 888
248 1552
3495 3300
4195 3525
563 2309
116 4264
3522 4030
1697 1012
405 5463
1897 955
373 3945
244 4998
2238 2116
3349 1583
5410 381
2929 957
3508 887
3012 3666
5379 5024
1203 2181
5294 4836
1499 1451
751 2423
3687 5129
1425 2704
4086 1593
107 1802
2422 1807
3847 1588
450 4957
1400 1933
4667 5454
3603 3464
1292 4154
1107 1990
517 5071
4831 2847
1606 4951
2951 5332
2043 4415
169 3522
473 3618
5372 1179
1788 5102
2096 5104
1883 4075
3699 4219
2417 44
4484 320
5407 372
4177 2220
2969 1646
5088 1796
3725 5216
940 2439
5414 4443
2974 1833
31 2120
3379 795
23 5298
1058 4260
2053 4141
4561 3775
1532 3953
1729 4165
2013 2380
4745 4975
4251 371
2982 941
2152 2167
3285 63
5300 4543
692 1353
1847 304
1680 5268
1639 3497
2224 2657
3806 643
3146 4269
4349 2527
3505 3488
602 2170
97 2816
2331 666
1649 4126
1750 1859
3026 4160
907 4099
2061 987
5029 4002
2358 4458
3631 3330
5151 2345
893 2403
68 4453
2408 764
5111 3587
2409 5389
4562 5051
4362 857
808 2286
3190 3116
2865 1062
2665 4125
780 642
3718 2087
2539 1120
830 1010
4442 1792
5363 5159
1521 4981
5364 1682
2640 5041
4960 3585
3139 5040
826 5256
1180 2553
1023 4445
3383 3818
1358 3634
3560 2703
393 1632
4944 3140
3234 1780
4732 2229
1320 4378
2370 4307
4285 2570
3280 3973
3946 4035
689 3262
5262 1528
265 3523
5139 4272
4789 4449
1542 3825
3672 43
1631 5196
2511 629
2980 4619
858 4461
33 3713
662 1289
412 813
5480 1797
1803 2508
3032 585
2803 346
4187 2117
2431 4923
455 2326
3037 3883
2862 2666
1200 2604
1501 390
4478 5161
4779 5471
4167 3237
1634 5304
1445 2549
1796 3563
3253 4456
5007 5446
4451 4686
9 4414
773 5013
5310 3152
145 712
638 1066
615 1864
1583 4059
4006 4725
5080 4495
3748 4939
4064 4285
1798 2686
3355 3400
1715 2376
344 920
2066 4993
2782 2287
1351 3916
1449 1446
2047 1539
1719 3477
3391 1715
5439 2001
732 2039
447 2061
590 3109
1093 2948
1992 1681
3107 3101
3634 2628
2814 1419
5177 4245
2361 2276
4683 3273
2775 2688
27 316
598 1336
494 5375
571 2317
1722 3195
1028 64
4125 379
3142 2560
1141 4927
2934 2660
1495 3080
5353 791
837 443
1080 4523
2946 783
159 4265
1244 3776
2541 4097
3068 3382
3732 4147
1112 4146
2036 5237
2828 969
4132 5272
5124 2064
4049 2311
1691 297
821 4588
5014 3685
2147 2432
5371 3912
4061 230
4899 207
4648 3829
5276 2617
2778 4734
406 3057
3690 556
4015 757
143 165
5464 4736
2354 5495
84 3774
3364 651
2513 1322
4956 4423
1115 1835
326 3202
3743 831
1935 1770
2182 4682
4688 4373
1279 1986
827 3851
4414 1759
1678 908
3554 3873
3330 3492
4246 924
3022 1922
3792 2804
4720 3213
4468 1898
54 676
2636 836
362 1448
3695 1877
1950 4070
114 1016
332 2940
3864 1633
1603 5427
390 1157
1148 3138
2577 3305
4635 4912
973 2709
4647 494
1702 525
2378 3446
1911 3117
4873 3232
2153 4372
5103 4606
1843 2201
985 4356
3954 2282
2161 3258
4935 374
4269 3308
32 4175
1876 2072
1056 4130
3686 358
5113 4281
4625 4917
5400 410
246 3845
4419 1694
4024 1300
860 3188
3240 2721
995 4618
4302 5404
1315 2705
5233 5390
1638 3401
5311 4844
4112 3890
510 3742
2319 3600
4475 2645
439 2249
3511 1356
3825 4660
619 2568
4370 5435
4516 309
1464 2216
5131 4335
4446 5499
1820 3405
3742 4909
1622 1484
19 4521
3877 1033
4253 1019
3158 70
2756 4784
4529 1389
4756 2199
5429 3248
5164 2713
5222 4451
4769 274
5445 3194
1863 4323
5195 3782
877 5361
4610 2017
5242 1315
2010 2802
3050 3564
2633 5166
5366 821
1194 939
3371 2361
2007 3870
1568 2654
2444 4545
4391 3609
3904 3425
4735 5398
5214 260
408 3638
2879 4897
5378 4791
3506 3064
4536 4067
354 2076
866 2412
1476 3298
99 5301
4578 4745
1789 2321
1527 95
2414 4511
95 1064
3017 905
40 2606
4091 1290
2734 2227
5496 1890
2101 2447
2041 4371
2850 1878
132 5045
1767 2458
5034 899
1893 1190
2786 5305
284 3758
4816 3936
1528 295
5392 1081
2148 3176
789 660
978 3605
2739 4454
4527 4181
57 3027
1712 2991
4069 3509
3513 4009
4531 3974
3395 1790
1762 4644
2888 1670
5385 2268
2959 1054
5432 3828
409 3348
1408 4665
3093 3746
4439 2263
1937 2075
3210 3788
4440 89
3763 4589
1797 835
1596 3727
2086 345
192 3783
1159 3620
166 3715
3278 3450
4807 486
5198 3
4094 2897
74 2178
4545 361
3451 2533
4781 972
5417 760
3115 210
336 1708
597 3297
4878 4428
4452 3025
4073 2718
2994 4065
2400 1772
734 2958
2243 4502
4104 4751
3681 1195
203 5285
1444 4599
2694 1766
4509 910
1951 5123
456 4013
2220 277
1901 5413
539 4976
2476 1743
2120 2410
2805 5112
1453 5315
2005 4470
2305 1982
3719 2400
2699 3303
3168 668
2162 3844
5493 2962
3303 463
2249 251
736 2888
191 2187
2583 968
4928 5416
3439 339
1687 1974
3078 1838
5021 1560
109 4155
1301 4193
4725 4287
2115 5439
1560 524
4249 5042
4308 4439
3038 1962
1004 169
1309 3955
206 1169
5042 54
39 5075
4339 3570
2177 3907
1420 401
4436 917
2360 4828
3496 4659
1986 733
4191 2339
270 4343
1446 204
5302 4773
1139 3597
3698 3716
868 3877
2000 4148
2864 3540
1428 2681
3335 4049
3629 4053
3637 78
1848 148
4021 769
153 706
3477 1774
1029 4544
1198 342
2686 318
2473 3362
589 4149
4593 2813
4316 4703
2647 1364
2366 3091
4923 4177
3821 3965
1886 1501
446 4886
3331 3830
4766 602
2376 1755
5182 4043
2127 5009
2168 3614
4228 704
1034 4462
1529 5329
3381 4748
5089 38
2953 5245
4309 3779
4129 2845
3202 106
1362 5134
3206 4191
2447 451
3203 4986
5447 4369
1383 2027
1106 2512
711 802
508 81
2570 151
776 640
4974 4600
3446 4567
4749 153
389 5486
3129 4407
631 1188
3874 1545
2212 801
635 4442
1110 1805
2394 3096
1877 1363
714 671
1673 2378
5408 2252
3023 1004
3421 1013
4951 1955
4270 2870
1926 397
4510 3115
1406 996
73 2477
2797 1217
3828 4841
1168 808
4880 1053
5274 4924
1819 1868
215 5120
2107 4361
221 1517
147 2328
3770 3367
4364 4538
4082 1437
2537 3126
3601 4846
929 3173
3955 2906
4328 1541
1145 3603
5362 380
4483 2057
3918 3846
154 1441
5402 2544
976 3608
1805 2427
2236 1443
2548 5337
5335 784
2821 1574
896 2209
4008 3062
2137 1200
2568 5034
2244 3069
1496 3491
1287 2246
1239 1687
1523 2677
1291 199
5149 139
5345 1400
1226 5244
3789 4198
1438 3406
4482 1820
2875 1240
5259 4706
4385 4444
340 4004
4272 2407
870 1714
5215 214
2758 2745
138 4866
4012 512
3001 2065
3866 4911
5424 1331
3509 4389
2853 4946
2049 3267
3469 3575
4927 1992
2055 4826
4001 1884
3652 368
859 1324
1399 1503
3935 2739
4327 3211
179 1378
5000 385
4849 154
2342 1325
3442 692
3926 1293
1577 3133
3883 5496
3997 3950
691 2239
2898 4656
2835 2951
723 986
3841 2033
4704 4883
653 1338
4047 3998
4548 2581
2059 4519
2744 4084
2730 701
698 5252
2362 842
4048 4643
2399 4404
1447 1961
5382 2661
4410 5054
5055 1321
4131 4546
1392 2887
2201 4358
3702 3538
1740 499
882 416
2350 3579
2592 2929
2569 4931
1335 5452
1815 4613
1088 437
4159 391
1981 4515
428 1550
3865 1117
1599 4880
285 4381
3562 2449
3378 5221
2160 5164
1984 1014
4780 5190
1177 305
449 3641
5016 2168
3884 4869
3773 4367
1105 1480
2826 4983
482 5300
3179 5155
4266 681
1032 3928
703 5093
3969 1112
5315 5064
1111 4877
380 4769
1331 4551
1353 4430
4115 3841
2256 1836
3087 5474
3844 128
4890 2915
2323 615
3988 4681
263 489
3575 4474
1393 2067
5205 4364
331 3885
4137 3674
214 708
3479 1589
2280 149
2287 4279
5076 3941
4662 3736
3384 2388
4968 2180
4898 1476
3286 5289
437 3530
1576 5297
1342 2542
5495 4306
4739 2746
2747 72
548 2674
4393 1561
4698 3427
3171 553
352 570
3902 2273
4900 306
1807 4317
3368 2898
5232 1521
936 2586
4615 239
3515 4336
2988 65
4217 1236
322 212
3991 4573
4336 4506
1169 3435
100 4941
4480 1398
1114 1507
4912 53
1862 1306
3051 2683
4564 3657
2663 4024
312 4890
1539 902
5022 4015
4459 3361
1372 100
2329 27
2195 2550
2708 4416
2696 5469
3671 5202
2648 3240
1154 1423
5187 862
5380 2141
2199 2716
562 719
4620 3836
5133 4661
5104 3693
5227 3311
2788 1222
4833 1450
4356 77
1064 5258
117 4645
1260 2024
1593 2302
4811 2608
3551 4447
399 4275
1954 2689
1214 4763
3418 3272
3193 4225
4523 509
4727 1834
457 3164
3231 376
769 422
1975 4672
3255 1072
172 3930
708 1915
1645 1268
2078 3174
233 2711
5118 4612
1433 1536
4748 4164
1174 4701
3523 4232
2191 4460
4844 296
4234 3761
688 1713
5051 4466
4846 5326
2478 4290
4674 3924
319 572
2645 5033
173 3875
2607 1083
4731 160
800 3304
4433 5188
4747 2768
2978 1106
3069 794
888 2999
1809 2060
1573 2733
5040 3650
3180 3166
3895 4293
4721 3104
4075 1841
4866 1239
4719 1665
4613 4809
3936 4552
4175 823
3950 2576
4032 1843
2952 3660
3591 21
915 3619
1129 1739
3432 971
655 5425
5421 4852
346 674
2080 4244
3557 973
271 654
4274 621
3733 1365
3021 4724
3832 1985
934 4668
1002 3113
4009 2352
211 2418
3720 317
3427 628
185 5458
2966 3028
3036 337
3799 4965
3854 94
104 4878
3957 2151
1003 1060
3913 901
3302 5110
855 3696
3367 3680
2253 1075
4335 5303
3800 4210
756 3806
5465 1889
2336 2088
4669 1732
5110 42
4197 4509
3396 511
1340 4332
3641 4933
1087 3172
3910 7
1462 1254
3410 3355
2480 289
5409 4632
1440 1311
1904 4157
490 4832
3627 1420
2009 180
3420 1208
3650 3842
2395 841
629 243
2488 3549
4989 2871
3867 4875
2108 2917
2514 249
111 2207
783 1063
4277 953
4023 2905
1308 5489
2516 609
2281 4399
5490 3471
1031 468
3802 4835
5349 4585
971 4006
3779 2722
472 4717
5063 2737
3340 2020
3333 275
4969 4876
4093 2106
1389 1723
3144 2430
4573 3946
2651 3506
2503 4254
925 3901
118 1143
4760 2478
4455 1783
1753 2719
1344 3671
2857 4026
4871 2740
377 159
2794 982
3478 3790
3752 3932
3270 2486
3089 3704
2641 1548
4839 3016
1623 596
4271 3416
469 2189
878 591
3882 490
2616 1458
1785 3826
183 2215
1296 1189
600 4758
3504 2701
4237 4549
4585 838
3008 3504
3149 457
4825 1090
1887 4779
3471 1642
5211 3734
4785 25
2809 597
561 1136
1033 1516
1222 717
1814 2584
3845 3422
4559 743
2003 3034
3060 936
3308 4427
1403 4692
4220 4498
4507 4540
967 3905
4848 3219
2710 4994
1388 2726
1272 3553
1208 2223
134 396
5168 5388
3785 2046
3407 2589
4352 5253
5481 4151
2250 5078
4011 4197
4051 498
779 2653
4525 3268
1000 2678
1790 2895
2285 4593
3715 675
542 4704
2246 2763
2192 3863
2355 1005
3896 575
1108 1692
5297 1544
4163 350
2961 5060
4063 4627
2290 2305
1509 4851
4594 224
742 2902
2223 2030
55 5475
701 2264
1069 369
1580 107
5390 1976
2965 273
3766 5079
5367 878
76 156
2466 452
424 415
101 4684
2573 1421
4692 3622
729 1191
4520 2751
162 1352
2251 3719
5240 1899
4424 1919
4366 359
881 1295
4528 1748
3555 2835
2975 2272
3768 2545
4588 269
1305 2165
4792 1430
2008 2587
5326 2911
129 1052
4038 233
2704 4501
1925 2779
3703 363
913 1223
463 4333
3276 5312
2938 3673
3412 1018
4532 4977
2188 3867
3581 2765
4401 2445
1941 1475
5072 3697
3544 14
3213 1166
1932 4652
3713 4140
5012 2085
2962 4296
1485 662
5404 3919
2653 2230
4925 3705
4157 17
2131 2271
3622 3515
3494 1244
171 3260
1116 3663
788 1812
715 799
112 3451
3273 3192
2326 3995
4897 4797
2440 3910
1219 2798
5331 3795
1124 883
4798 1510
1999 1905
5422 229
1490 1386
787 1635
293 1505
1257 5030
2693 252
5248 2214
4343 3949
604 1132
1090 4117
1380 2307
5290 2575
1164 577
2197 3317
376 641
2310 4312
3894 3270
1859 519
2715 1811
4949 1624
3787 417
2482 4971
2190 3151
87 2000
3297 2529
2315 4960
3837 2656
260 1102
4351 303
484 3652
4453 4282
712 1259
308 438
1884 5057
5109 3848
2102 4500
276 2174
951 1382
2156 988
1720 4171
2106 5183
1349 2720
3154 3184
2308 4867
4916 2778
2351 1473
3265 4437
1412 3275
2907 2598
1434 4967
3221 2650
1070 4533
3914 4631
3216 3675
2045 1193
4537 3586
4267 4654
1024 477
3301 3310
2642 502
5231 4277
4072 4628
3324 994
3106 4434
126 1806
656 3387
3415 4541
3408 3036
4895 3602
914 1683
2388 4007
3786 3819
4902 4267
3711 5334
334 1380
3426 3520
268 1960
3876 1392
5441 2921
2703 3453
430 2159
3204 2371
142 4489
4089 4433
1559 5185
1834 1745
763 2152
2695 2098
5226 3333
1167 5384
72 5335
612 198
886 2497
898 263
3492 2465
621 2055
1826 4419
764 1417
2046 1542
4010 4300
3503 2879
2891 5230
2733 4948
2103 182
5044 3430
980 4679
2783 448
3034 4216
1860 4196
2032 2583
149 3633
1253 4109
2958 4666
4992 2788
53 1041
2464 580
526 578
650 1174
4788 3908
4318 4696
2506 4598
3097 928
2126 1231
382 4029
3429 4131
3655 3264
2931 2928
1921 1229
1721 5437
2523 4556
4837 5348
1288 3047
3405 1294
632 2561
3685 3000
1648 538
4654 3187
264 4547
3740 5125
1231 3542
784 3022
1417 2671
493 1376
3000 2488
1818 5487
2534 2157
1316 5144
2210 2331
564 1636
1254 5175
4432 2987
3738 394
3201 3785
5486 5387
2517 2461
3682 2867
1418 4499
2692 627
1248 108
4119 90
2502 2270
1261 1860
3572 3833
91 3385
425 302
994 4041
5346 811
4590 1483
2489 265
1357 4031
3385 601
1097 5021
735 3459
3343 2026
4088 834
3467 1645
572 771
2387 131
2205 209
4746 5403
1605 3780
1409 3544
3810 1846
3354 351
906 4469
4933 3569
3245 116
2700 5466
5440 4936
4922 2487
731 659
1889 3366
738 3278
1957 2274
1220 4311
1486 2956
4150 520
4686 1617
470 863
2200 3481
14 2114
2359 1152
2173 1099
3430 4715
2413 3263
174 5493
415 4365
1689 1840
2824 4850
1512 751
1213 1871
4202 4950
2798 2448
2498 4837
1612 4066
180 458
2495 3664
954 3142
3835 4928
741 3246
2383 3198
4437 3629
4118 4566
2743 4970
4355 3610
3619 1283
2915 530
3138 3196
2919 4565
1172 4098
2501 36
2702 37
5479 3986
50 2989
945 657
4597 5497
2418 3959
5237 5423
4382 1795
1953 5356
678 3920
2065 247
5210 2851
140 1987
1346 1453
4297 2266
2266 2354
3135 2419
5321 2365
247 2841
2886 2244
4398 4250
5278 1608
2713 1876
1621 5271
411 4334
1604 3203
1035 4716
5395 384
1961 3486
1601 439
2905 3130
2904 423
5030 2336
1215 1625
5415 2190
2882 218
2510 2222
4967 2482
3741 4930
3746 4508
3399 2988
1275 4559
900 4000
803 1342
3357 2883
809 4303
3885 4036
3917 1849
1910 5432
4231 375
5037 935
452 4819
4007 2125
640 3393
3860 2613
3803 3861
5157 111
1669 5049
404 4961
3745 5477
579 4280
3961 4845
797 1478
62 1808
4715 949
1225 4512
3328 2741
4325 4145
5217 419
3064 931
1851 5309
4646 2351
4751 2521
1137 3583
3151 2109
3912 1594
2125 3778
5255 1219
1147 3313
1642 4820
5456 4349
2122 1966
4326 3343
277 3191
4341 3869
5251 4746
5144 5353
4502 357
2605 178
4533 2411
237 2414
3094 3934
2884 5003
2451 261
3784 1929
4344 5465
5027 4795
5436 3360
1259 4787
426 4122
2728 1603
1872 1489
3042 2577
1480 2028
889 4179
1027 3611
3817 335
2940 1122
4098 3320
2163 47
4389 4388
3712 1639
5384 5236
2313 4223
2558 4651
1044 998
51 4208
4950 456
4333 1773
3417 336
4567 513
1882 1264
4148 4531
1976 2499
3150 2387
2494 2855
2777 4741
3461 5270
359 1954
1419 933
2617 4472
486 4325
1210 3339
3140 3056
5360 2513
3564 3935
4485 3781
4143 3024
1012 1848
4795 1620
5166 5330
5317 4634
167 1757
2933 2206
1533 1139
3472 2420
1103 3970
1880 1993
4406 4088
4733 2749
1192 2691
5162 2903
1470 291
2688 5419
2912 623
5009 5373
5074 1461
1510 682
3909 761
544 1946
1970 947
3891 1225
5369 531
2397 549
3984 39
1232 2498
2159 892
2338 1567
355 3095
5473 2194
4857 1917
502 3617
559 4236
5235 2952
3163 3999
4659 2310
3729 2764
1610 2081
2421 1500
4679 3978
4909 830
2619 4595
4226 5122
280 3612
578 2954
2968 3687
1144 1175
4540 4892
644 3500
3272 2058
4095 2237
3356 2401
3964 1704
806 126
3397 1154
251 3321
1285 330
2472 5151
2846 2164
4554 636
4985 4238
5499 2792
5036 1125
1323 5362
1562 3132
1303 3752
531 3744
4121 1394
4109 393
3537 2369
1858 404
4342 120
4420 5340
5451 103
1170 1551
4609 1047
3268 1661
3630 1316
651 3796
727 3966
3507 1234
5192 851
3309 1857
2164 1447
3527 730
