5500 5000
3269 627
4655 3820
1521 1482
1286 4474
3547 3869
474 5348
4723 4526
4276 5356
2132 1344
1499 1317
3555 4482
3005 1399
1960 1324
2572 2380
4958 3684
4588 5219
2015 5158
2883 4697
4732 976
2779 2703
4073 1694
2004 2071
2158 2792
322 4737
5142 3171
3046 2793
4228 4562
1965 1823
1331 2088
4768 1603
3139 4970
17 214
3230 4030
3080 4949
2454 458
2125 495
1095 850
1712 129
3865 4145
1151 4627
4988 5145
2295 3395
2913 3254
1329 58
5274 2981
5087 2784
2340 4415
5271 4146
1057 2806
747 5069
4018 2183
2539 934
2217 2672
5486 184
4365 5469
5494 2816
517 500
571 3945
1631 5411
4489 4446
2679 3560
4133 529
1429 327
1632 1233
5259 2819
78 4231
3822 4607
3424 4808
4714 305
5040 4527
2489 4600
2693 4873
1019 682
3580 178
3730 4741
1770 2429
3013 1641
5189 853
994 3321
3672 3722
681 5404
4024 2065
3123 2399
2856 636
3161 410
3706 5480
154 2109
1345 3882
3002 1513
2822 4129
1767 2
4062 3401
434 1902
4673 5419
3166 3573
1491 555
2842 2996
1390 4185
4653 5455
3421 2959
3733 319
234 3576
1347 3312
1069 5231
2538 1232
2772 5428
5299 68
3003 836
3102 2051
3345 351
3153 4256
4309 5148
2757 997
1870 391
296 2014
3768 1453
4050 2175
467 3727
5048 3916
4132 3661
3436 1922
2589 2374
2457 2114
5124 644
3179 180
2986 3392
885 598
1335 2205
4797 3823
917 3377
215 4915
1714 1589
4360 2186
166 1945
4672 3674
2474 1751
839 1126
4887 1102
4968 1280
1867 2574
3309 3818
1799 4156
5079 4766
355 2027
87 686
1027 37
4241 1088
2405 1224
4395 3752
3770 4426
624 5475
3164 4216
2462 4370
352 3787
4700 1185
1909 5233
5411 316
5157 2445
3320 833
3887 5228
676 1389
3899 2977
3156 4642
982 744
3263 3650
4405 3612
2151 3828
745 22
2749 2215
2612 4032
2904 3837
2566 380
686 2281
857 812
2365 3261
359 2836
4215 3881
3224 1665
5180 2871
376 2196
4943 640
5245 3457
1360 246
2644 531
5392 2872
1995 448
3169 4148
4982 4245
2299 3313
1782 5038
3806 4186
1483 4489
5026 3384
5150 3074
2581 4751
561 4659
3634 4551
5459 98
3692 2863
4633 3614
4259 1251
3412 5437
235 3041
2109 732
771 1395
5464 1700
2733 164
5348 3197
1321 3179
3909 5221
2762 3833
2919 3715
51 2970
3077 2238
3731 3144
4583 1551
4665 2834
3408 2341
1238 5272
4046 3344
2921 1554
1052 802
3795 1891
2836 4095
3637 312
2038 265
764 5017
13 1799
4710 4466
4182 2598
382 5197
3303 972
5379 2008
3997 2383
3348 4284
1217 2963
2665 1878
2535 3028
2022 139
1268 3783
5094 3781
4095 2494
1289 3527
5058 1618
281 1519
216 1926
2640 3656
2942 670
2805 2420
3299 2580
3126 2046
1679 2659
1443 3522
1776 2393
3072 734
4396 4540
3118 3930
4415 4249
4292 1726
2554 4506
5300 4347
1363 2117
2673 2626
1711 2312
5432 5177
2660 2400
2788 1079
3467 28
2987 2468
1595 2290
1701 1993
2098 5234
3712 4165
1824 4511
3737 3746
1778 2260
684 4609
1323 2960
3796 3720
2156 509
3831 3944
4957 520
793 3683
4493 1508
1133 3694
3339 62
2184 264
5086 3967
3811 3550
2430 2395
2027 3745
1034 1809
4047 3155
4370 3658
693 4008
5265 201
3482 430
4557 366
5093 740
3628 1478
4658 1904
813 5423
2094 4901
797 548
102 2876
2780 781
5268 1836
2256 4289
369 671
1015 4173
29 4229
1056 2107
1154 5162
5434 1197
1193 5264
3942 3256
1496 4462
979 5190
186 5078
2808 136
1757 1340
714 2010
1854 1367
2371 4704
2279 5049
5493 4746
5195 2972
488 973
3476 1027
4278 232
1880 1021
2879 3607
1727 5462
2026 1469
822 4391
4816 5308
3184 1820
1550 1723
1533 1830
4222 2934
4788 4114
1047 4952
1132 4329
1713 5208
668 4798
173 1887
4295 5060
623 3747
1821 2937
3453 2394
4369 1731
2268 1443
4516 3480
1529 1494
4237 4096
90 1020
3725 4055
414 3284
4303 2161
4569 2912
1794 5082
5082 3064
2802 617
1989 910
2016 2594
2578 4152
4574 5101
278 1614
2815 2671
651 1872
784 4645
1861 3594
3520 2288
3676 5203
5262 13
2145 3548
5024 1606
3302 2365
5056 1250
2470 1838
4896 2539
971 2242
4242 516
1129 3626
1930 378
1492 3542
4906 194
4531 2125
3592 4953
4227 230
1176 1390
2681 4522
4257 5175
590 2560
1357 4330
1773 3988
4631 1915
5103 5000
4579 2692
3781 1129
1843 4348
1804 1369
2389 484
284 4270
5186 4189
4162 860
1542 1797
833 301
3663 3245
3846 1956
4128 63
4059 867
1961 3162
4213 3549
1620 3124
1242 2187
1839 4632
5292 806
1236 2357
4978 23
181 4941
4283 4301
4529 981
1240 4842
5485 1136
36 3518
634 3671
1768 5464
3817 1957
5208 2151
157 4689
3237 4833
5213 5087
1377 5025
3292 106
4195 506
405 4531
1589 3796
615 3731
2712 333
2001 5212
930 2826
2533 5130
2235 1854
1121 2176
763 1794
2035 985
2553 44
2444 4398
5069 1623
2949 3873
1972 2867
794 5332
2059 4603
4949 2198
476 2708
4781 162
3157 3691
3868 3798
3277 1909
920 3012
774 3184
470 1851
4916 1543
1998 1270
3928 2846
1956 1196
3489 3890
1134 3735
1298 1175
241 970
3059 2916
578 1976
362 3039
5001 963
1420 4059
939 2056
2360 2279
521 3952
4650 1622
143 4694
4973 837
2403 1495
3418 3784
3078 1738
3507 3109
2950 3999
5242 2657
2823 5446
890 4057
2283 3673
4983 3296
2884 3669
1330 852
3979 2957
202 3519
4976 4496
1648 5305
3398 2880
2097 5381
2800 2133
4879 4972
4006 2208
3176 1101
3588 1772
2872 673
5257 611
2564 780
2697 2368
1402 59
4644 2830
1399 2264
1407 1764
3646 923
107 526
391 581
425 4087
1517 5438
1438 115
2778 5040
562 1841
83 4976
3988 3093
1064 4595
4638 5418
3319 5120
1658 2428
2423 2474
874 1917
861 142
3037 2517
1739 950
5421 2774
4942 4342
3583 4687
3965 861
1789 4356
4271 152
3551 615
4662 5010
2465 1426
5181 1374
5127 5129
5054 3328
4457 3960
306 1388
1797 1666
3405 4037
331 2285
4427 5238
1602 3468
4917 2585
4080 2609
1035 2610
5322 4453
2629 678
418 73
1903 2582
2006 255
4733 848
2428 3324
2700 3111
1997 2632
3454 188
4514 2811
236 2411
3844 948
3859 4966
2431 3363
346 2316
5269 1848
2092 3476
3858 3297
1689 5014
5377 4662
389 4262
4846 2319
4123 4872
3943 4457
4697 2611
754 5312
58 5032
2829 1521
4145 3845
5149 4449
4152 3409
3162 1257
1873 3883
924 545
3828 2576
1562 3708
2747 4707
4326 2588
1993 1691
4311 630
4355 4973
1848 4222
1853 3766
1028 4655
4864 2809
958 3826
1944 1476
460 1825
2617 3182
1055 2018
5408 1582
4560 1919
1381 223
1662 703
264 3139
1164 3329
316 5227
4023 4963
1720 4563
4748 5136
3964 478
618 2831
3800 2093
3620 2711
810 476
523 4775
1788 471
3363 3046
5461 3975
3193 3507
468 2638
62 1995
2633 2538
2325 5172
537 1090
1143 4322
5060 3985
1280 1671
515 204
1921 4604
666 4589
5115 3016
5204 2765
5366 650
4782 1210
4382 2200
4013 1802
455 4471
2510 3690
4208 3685
4509 1752
3984 2943
5200 3733
2790 2083
549 1711
4854 4311
3952 1806
3946 2268
3391 704
2347 2455
1534 199
2487 2650
1959 1947
1371 2324
2835 2226
3766 3265
298 3637
2243 2749
1185 5026
1777 4722
5306 1892
1676 2497
5389 269
491 1542
525 3453
5077 646
3783 3786
3133 2738
1079 1341
2934 4221
4939 4818
4402 5073
4111 4333
2313 4045
185 1659
1675 541
139 5248
669 3953
4142 5029
3521 4353
1814 3006
5278 4125
3815 2373
911 2992
2070 2152
5298 3546
153 72
3503 3610
4491 1757
2676 3369
2940 1215
285 2799
1067 4718
4912 4113
2637 3569
3719 5491
4930 859
4902 1062
937 4560
4570 1748
2902 329
719 4223
3655 727
2258 1894
2937 3510
1717 1219
4490 765
2226 3405
3086 3354
5027 402
2650 3772
1938 562
4279 2604
532 672
4584 1265
2524 1220
177 1209
67 1573
3929 211
1527 895
3253 1448
5468 2057
4031 1028
891 1970
2318 1928
4571 2438
2713 2824
2796 3579
5479 2492
1545 360
1380 1628
3682 5377
4057 3860
2955 2548
3689 3429
1250 5313
3741 710
92 2889
630 2999
5331 3076
3364 5436
1615 1182
2863 2248
981 1727
2334 2717
593 2217
2905 776
2411 5168
3326 1719
1671 1742
1197 5399
5096 3577
498 2940
4891 605
544 4112
3703 1696
1937 5064
2710 2351
2469 4928
2549 1927
2669 3185
840 451
2651 1753
1137 3143
5147 4866
4346 2303
3041 3526
2599 1570
56 1214
723 3776
3826 2925
5076 2575
378 1721
1315 2432
3057 3600
2473 2005
776 798
3632 1813
4757 2620
1262 4183
2233 398
576 3892
4619 3376
254 865
4263 3646
819 183
2593 489
3584 3605
3567 4844
4403 3356
3614 248
3753 513
4972 2423
3861 465
3867 777
4076 663
5446 176
3715 4619
341 3058
830 1014
511 1461
3400 4430
4043 2140
3098 1899
531 2463
3196 807
4281 4367
2101 4743
4473 4977
388 1483
4660 2769
1828 620
863 5183
2880 2651
5074 3897
3855 2619
3493 2804
1449 4556
2838 5353
5228 1354
2025 486
4054 2193
2798 1085
1669 2158
3308 3456
4002 1150
3684 2825
1351 4824
2439 2047
5496 3259
1673 589
3251 3654
2882 1199
1978 299
1370 4658
1383 3148
3365 1406
2214 1333
4196 2315
3423 2974
1272 1792
489 953
3920 677
3765 2988
1170 3932
46 0
4187 424
3278 4417
4444 4817
4119 4631
4205 3337
3860 1852
3530 4360
3789 4538
3353 4485
899 4443
2667 5295
2785 762
1212 1512
1219 47
1374 3172
5423 4126
3523 4118
1473 4047
812 1980
3805 3190
4040 5229
735 2228
5175 2956
3599 819
371 2684
2753 2917
4620 4747
3926 3982
350 432
643 4964
1859 4932
3812 1328
1738 1180
3574 90
4954 4138
326 956
991 4618
5317 2845
125 2105
1068 1373
148 1139
796 4259
4445 1668
4284 1160
2992 2602
1864 5109
3472 4486
3384 4465
2397 4501
5 3829
3954 4502
3804 2775
1333 4776
1223 2275
1334 228
1344 3677
1222 4723
4827 241
155 3843
3914 1540
1581 1674
945 1760
1596 1203
1274 5173
3764 3765
1820 1322
3728 3557
4021 4661
1308 2855
1045 583
4446 4354
3147 5483
2601 4984
442 457
1934 4068
3696 949
3173 2898
850 5384
4674 768
2670 2336
2985 5093
1073 3147
2409 4990
103 4266
3296 965
5042 602
5415 1259
4853 3554
662 5226
2124 3017
727 1800
4074 91
689 1446
4893 5413
4586 3635
859 2894
4112 2964
4391 569
4206 488
3050 1987
4749 688
3289 3214
2445 2192
2288 4890
289 1773
2114 4049
1484 1827
4639 3156
1544 3087
138 4452
1198 2737
3778 1275
3388 118
2285 1381
2065 1912
1271 1216
4126 3986
4858 170
2664 2592
360 4459
3889 1241
5365 5492
3998 1771
4750 3211
2698 1996
3542 3894
2764 80
5070 1267
4510 969
1284 4206
2888 339
3245 5489
3875 2617
3168 2237
1364 831
4304 4879
2776 2378
3746 315
4425 5252
5012 300
4466 376
726 2656
4108 2800
3249 4823
886 4875
543 1765
4480 3421
3999 1475
320 4394
4559 5058
697 3895
970 5019
5047 4247
2060 4123
582 3483
5447 1595
3233 355
3821 595
3801 3083
3788 5448
2751 3491
3449 2283
5413 2923
4327 4795
702 3292
1468 2130
5287 3901
1516 3763
4287 779
4771 4239
4027 1629
2613 3464
2579 1277
2875 5477
5041 5222
4731 3146
2345 2032
3199 3649
1605 172
2701 2589
4712 915
2259 1489
4801 3515
2695 239
2108 5416
2073 3034
2748 1106
4247 3438
4725 82
503 3470
2839 3080
2140 104
2382 226
1296 4074
2307 3351
2262 1982
5153 5482
1213 2741
5328 3789
3341 4134
4625 3283
2989 588
3122 757
789 2520
4719 2427
41 1520
3189 4918
4084 2860
722 5086
2388 1430
3829 2376
4573 3167
2185 2434
3814 4584
1686 2144
2355 1763
674 2550
4706 4378
252 4429
2449 367
4883 5269
1549 4895
253 1690
2547 4759
4641 3128
1305 2757
928 4456
5465 1254
1568 927
2819 5476
5036 4834
817 2663
282 1712
135 5091
3312 817
172 453
3972 3702
54 4455
3151 3410
3397 1708
3420 2363
4492 4636
180 4162
336 5253
288 4424
2281 3775
943 3969
4411 3404
3939 2838
4679 2891
2658 3711
4082 1355
1640 1153
4243 3484
2008 2789
4605 4445
1579 5052
1368 2426
1702 1929
2711 4345
1417 2731
609 2247
4367 535
5039 3909
3550 1402
871 1860
3285 1940
1559 313
1653 2954
645 5299
2186 3238
1983 256
3434 4305
4318 771
2619 4302
1874 2837
3533 5337
1680 4054
251 3099
3239 306
1405 4634
3222 321
2401 4865
4511 5396
4377 2778
4841 917
3957 2407
4599 3280
4065 995
5021 3958
2448 2006
1958 2828
3244 1749
2661 3511
379 4583
5416 1601
740 652
3149 3885
5334 5193
2278 3668
1202 3250
2962 2414
3373 3485
5233 2044
5473 4442
3732 2534
1053 1442
3270 5020
5221 1625
825 3842
4690 498
11 3523
5339 5041
848 2713
3478 2212
749 1930
2694 649
3923 4804
200 537
4919 4351
1724 4208
4597 3161
4354 1329
3393 1888
612 5037
1009 5111
2577 905
5264 3839
3819 1190
736 407
4677 3290
225 2978
1846 251
421 900
4099 935
4471 2890
1421 4250
3679 1724
152 2405
1506 883
3927 2466
2387 1522
76 2971
552 4167
3625 1135
2580 117
3428 2652
4246 146
635 4131
367 2335
4421 4272
2495 2646
174 1450
4593 5012
4518 4635
4462 3445
2162 1907
291 2269
2763 3898
3673 4732
2386 1998
5340 4516
3061 5225
2746 1988
1072 3336
4680 2878
82 5400
194 5324
5437 3726
351 1747
5092 5153
594 4995
4555 250
4825 5195
2231 1053
3884 2388
3921 3812
2440 3547
3932 1969
1822 193
1140 2386
1415 1268
4587 5217
256 130
158 676
1033 3378
1564 210
3798 4665
2246 396
2970 3948
4543 1074
4766 699
4793 1000
1920 3918
1209 358
2951 2591
993 3106
1041 1249
5171 4903
2029 5357
2302 3314
652 4800
1091 3230
592 4657
5449 4576
4306 2379
2641 968
1807 2364
1456 3007
1385 2601
3607 403
3748 1158
4451 897
4640 4117
3606 3770
3772 1194
1842 1608
696 3207
2820 4559
456 1518
3107 1041
4898 2245
804 444
5393 2469
1355 293
3827 2808
5023 208
2864 4093
2337 3819
1878 1281
1539 3675
1283 2424
3142 1434
96 4409
2245 5300
2181 3276
4523 2343
3232 1679
5456 5045
1754 4731
5320 3121
4178 3578
5173 3416
2269 5097
3294 2267
159 1883
5002 658
5369 2174
3009 2055
4752 3849
5172 1057
99 2542
5376 5410
2557 297
3337 3132
4430 85
1722 4733
3878 2590
2447 4864
2508 2321
2876 2099
2860 1856
4787 4104
501 1269
3743 4738
1570 829
3644 4827
3862 804
2832 259
2893 1692
5102 4338
2657 1145
3608 1599
3664 2189
1569 4691
3301 1639
1883 789
2723 3008
5276 571
1598 1977
2853 1649
2991 2443
2198 221
2341 2239
2452 3516
4443 192
4727 5285
4359 528
5480 288
3847 4724
604 871
168 3393
2983 4897
2878 81
864 131
3917 667
1716 693
2791 3984
3481 974
2390 3780
1180 311
1448 148
620 349
1474 3362
2314 3431
3225 2567
526 149
4815 50
2455 991
4150 1227
3209 236
1341 1107
865 1975
3554 2128
1313 5456
3945 2750
2896 2975
1179 1300
3994 957
5223 4388
1349 1246
3165 1481
1475 5155
3403 1896
3863 137
3598 116
4630 507
121 2807
4032 4701
3501 1663
1601 5167
1002 5188
394 5140
5075 4406
4772 2482
3590 3449
4375 2728
4371 1458
4428 4832
2834 472
1943 1658
5214 473
2635 4240
1005 5114
4373 3131
1949 3852
2294 4252
4856 247
3697 2073
2516 3154
2789 3693
1756 2119
1183 1769
248 1439
4280 5316
293 3821
4913 4142
1497 3130
607 2727
1395 5270
2756 959
490 2993
1309 805
4058 4368
3629 2013
1936 4171
3949 175
4220 181
290 4441
4117 680
4829 3225
2122 4787
5414 3809
1743 3681
2195 1812
3477 1382
5043 4106
4453 3971
5248 2437
5273 4974
1292 4861
4720 1864
834 2688
4030 3981
1587 3533
1947 2512
3101 881
2568 3030
2346 2637
4484 3680
3557 1204
3802 2770
3966 1910
5297 3520
1572 412
1751 296
2017 2030
329 1498
5191 795
509 3063
2348 2234
856 827
3033 84
1320 1784
1454 2375
1205 3757
2845 3169
4656 4422
952 855
3144 2801
1102 48
4301 3640
3775 886
4648 442
4508 179
3181 4116
479 83
3534 1656
3931 5260
2363 4542
999 878
5187 4101
1709 4060
3799 4504
3876 4197
4140 3492
2705 2216
4148 1149
4695 1958
2781 4071
4861 4314
2264 5161
3333 5102
715 4488
3633 4579
2055 2931
1478 2136
1904 1147
3214 468
1196 202
1614 368
962 371
998 4277
2338 2842
1260 2823
4016 4420
1968 994
226 5292
482 809
547 2918
5018 3432
4634 2326
2715 2206
1157 3213
3215 4582
4698 5258
3055 3904
829 4188
5003 3137
3750 4139
116 3287
1502 1534
2858 5317
901 557
3042 4927
3455 1161
4051 330
966 987
1 801
2925 5150
5488 5320
1063 854
2115 1737
5427 5245
2434 2896
3693 5282
5146 3364
1508 697
1616 5
5055 5443
4817 3195
3228 1701
1574 2524
1787 1966
4296 797
1301 4310
721 5343
2179 3995
1876 4713
3948 2294
2766 3947
5226 89
4366 4979
3394 2528
762 2150
1048 2546
1001 5273
4783 2674
682 743
383 429
906 1285
1090 2053
2376 4434
3026 1293
4989 3505
3155 2667
2475 1685
1173 962
4423 1261
5078 5189
3329 3091
4666 4448
2523 4999
3956 4313
4645 2843
2546 5420
5184 4566
1338 421
1808 2561
178 134
2773 12
5381 2001
5373 4438
2170 5149
2786 3090
2509 79
1204 3177
4743 4174
1486 769
4320 505
2920 4699
1149 5345
310 4536
104 3748
1637 5382
4122 1875
3243 2220
33 2869
3976 1178
5164 203
3407 2204
1131 3196
1725 3521
1964 501
368 1084
2496 3228
1105 452
5148 3219
4136 3003
4106 5290
2 3279
294 3936
1906 198
5038 3529
1107 1278
5448 418
3526 5244
4709 4339
2477 4510
2901 3730
3784 5039
2154 161
3791 4690
150 756
4711 1424
1510 1946
5275 4018
642 4393
3221 4416
1962 3200
4540 3954
457 4957
5355 1906
4315 2662
2372 4044
3874 2862
1694 3917
814 2577
4290 4672
5477 4219
1142 1230
5495 4038
5474 914
373 4546
4596 4137
2668 608
4261 3926
3331 2997
1148 5220
3508 1604
1324 1831
1412 4158
4273 409
2135 885
2706 1821
748 3987
2885 5453
302 4678
2429 1563
2917 2911
4413 2966
4675 3644
1030 4710
2718 3027
3808 3357
3396 2930
358 3764
417 2621
881 2201
4739 4596
4436 1842
4322 2729
1872 1473
4838 2967
2625 2389
4103 4575
2826 2082
2988 4073
3185 1707
487 318
1692 2888
597 5417
4636 411
675 14
4999 1008
4595 1047
2391 518
5109 4968
508 3152
2461 3129
4209 2103
1397 4727
3410 4401
1011 3158
4147 3077
872 244
2793 4532
2010 5293
3129 3663
5177 3508
5305 3848
145 1316
992 2229
5241 3340
3754 2513
3883 3651
1826 1637
2752 4344
2147 3189
266 2253
4532 2689
4684 4836
3016 1740
3447 4812
2173 4599
1882 3236
1688 1660
6 2665
3989 1730
5282 3157
4526 898
1378 4135
5230 4512
780 1242
1228 922
2775 4192
4828 384
333 1895
2501 2141
4604 4280
978 2821
976 712
2171 3385
3119 2920
1783 576
5330 3222
2828 1303
5099 3260
2267 3933
5139 643
4483 4716
71 1558
4753 751
2491 4384
318 1986
3242 3020
1860 5365
4353 2877
2569 1565
5260 4846
732 1115
2795 3389
118 5458
648 4014
3180 5472
705 626
4568 4621
1464 1174
1621 1787
1763 40
2945 4545
1457 270
261 4620
5252 3459
1935 2921
500 4122
4894 5444
5321 5451
4805 3908
4789 2387
667 633
1485 4680
5152 1989
3145 4518
2152 2690
65 76
2071 1256
2209 721
1735 3588
4372 2086
2517 1863
3880 5405
2837 3884
213 3699
1224 5360
1700 5239
3640 3887
2889 445
3722 295
307 822
4717 5169
5312 2886
3958 707
3838 1734
581 4187
2590 1218
1356 3896
3310 4913
5205 1796
4876 4514
540 2557
3047 4128
1066 3274
4363 1359
4545 2190
4143 491
4537 2780
1092 4705
709 4484
744 4194
1310 5053
1875 745
4844 1140
4090 3509
4803 3850
2585 2171
2877 3031
3918 2875
450 2968
3543 5186
112 2786
5238 434
198 3922
1031 2734
2472 3567
206 2012
5407 1687
2143 4935
2150 2853
101 1921
1622 1058
403 2852
2978 128
3286 938
5471 3721
3723 5281
3338 3753
577 2251
3023 4831
3276 3907
3892 2016
245 3262
4488 3596
1742 2859
2959 2132
2134 3659
1811 1379
130 3872
335 1876
3377 2660
1171 1552
3114 2167
260 653
4014 4651
1500 1531
3787 760
5280 2932
5112 5378
557 1438
5429 419
538 1758
4000 844
2271 2385
392 5387
880 4802
4613 2564
3117 4629
3036 2519
3525 5259
1317 2882
2656 3769
131 1501
2079 165
88 4669
308 1240
1410 4763
5063 664
4561 364
4671 1023
4302 2490
2247 5303
1158 3688
1803 252
548 874
2895 2464
1393 2766
3577 3914
4554 1550
1862 4237
5403 759
4777 3634
2851 2926
644 1295
324 4786
1302 1845
2301 401
2961 2984
5344 5106
4708 1635
5380 4905
3159 32
454 1234
73 3436
2891 4554
5179 536
380 2696
5073 3991
3359 4573
2180 4427
853 940
1425 659
163 1903
2638 3532
862 2722
3645 2072
2136 1670
2317 2063
5210 4190
903 4908
716 1205
2081 1585
698 568
297 33
1482 1111
2483 132
1781 4907
1297 564
520 1645
3654 408
3603 5427
2049 1037
2412 1120
1435 700
2903 1968
5217 3066
1316 261
1277 1697
713 4752
4759 5057
1216 5048
1080 54
2163 2612
5327 2939
2384 3972
2408 4257
1910 67
1089 916
4909 5315
1825 593
1900 4274
1218 3928
4991 456
2453 939
2291 749
3797 4004
2350 4431
4993 4033
1635 1462
3683 1024
3459 4597
3982 5160
2912 1913
144 3253
3445 3601
133 4423
504 4232
2977 2195
1627 3366
4525 4015
3842 2124
4357 3361
1899 5216
3915 1485
3486 1409
3001 4299
4042 2033
4536 2700
1849 4845
2874 3744
18 2642
4385 960
573 5406
439 1732
653 606
4328 5296
2219 839
2742 2525
3096 4494
5219 613
3431 4682
2207 1176
5118 3800
1472 1296
4393 1650
3866 5255
4336 584
1253 1044
492 363
3210 3911
2844 2137
1538 5468
3404 1255
435 1502
4499 558
3328 1934
3401 1260
1666 4264
4915 3037
4437 3801
2102 1874
4647 5079
4254 887
3619 2635
1162 4951
4811 3271
2908 4648
2704 53
1889 274
3202 2350
4155 3864
4722 902
2511 4594
1893 1026
4795 5479
1723 1549
2631 4529
5089 3002
1734 5487
5052 282
274 1407
4439 1572
3062 4644
3226 4410
4683 2982
670 2038
5185 5156
725 1466
3835 1167
2121 803
2275 4346
2760 3782
2272 5379
4223 1918
2349 140
407 3589
556 5232
1736 1346
4903 4719
1278 1991
119 5131
5013 3174
4602 1371
2088 2605
1352 1326
2567 4392
3414 623
1696 539
1580 2180
2118 1855
950 3126
4728 2163
5364 27
1343 4258
2064 2856
927 2733
1233 585
1573 684
2598 5184
2886 1239
2041 4647
347 2762
1455 717
1111 2274
2520 2776
3148 395
2525 750
4438 5088
3505 2681
1075 1170
3490 3707
2063 2188
257 5266
3760 5352
5122 4856
598 4341
902 1467
1076 5350
1000 1901
1607 5143
1325 385
114 2509
3032 532
4998 5339
3112 4591
2210 3150
4897 2207
2521 219
354 2653
916 5009
1319 5359
1051 4539
2678 4853
2343 1893
72 5351
1984 5452
182 4693
5258 1138
2743 4285
2112 3584
338 5182
3803 4889
1210 3670
5136 2185
1733 3187
2353 1754
1441 4369
4581 1408
799 3164
2563 1245
1966 4993
536 3725
2995 5284
411 3861
586 3452
2229 3544
3560 4102
2639 2910
2990 3108
3325 2851
1836 3440
3935 2803
569 450
2582 2295
3950 1181
2282 2553
875 2847
5397 2092
1765 1750
385 4098
1366 263
5049 773
4091 845
4774 862
2286 2486
1018 4273
3647 4558
3027 4296
2818 2833
4390 1112
1168 2431
5194 946
4601 1662
3626 1693
2868 2508
3109 2331
4937 3876
2801 3728
5353 1633
2997 427
3322 521
5126 3592
3540 1826
3254 4475
80 4934
955 1334
4139 2089
3426 3343
3666 1559
4334 1315
1008 2345
50 177
4226 3383
2956 151
3043 2907
4177 1837
1281 2458
847 1380
3330 657
5467 3750
459 787
2463 4178
5134 3186
4171 3322
2197 479
1189 4498
5482 4048
5338 4009
3498 4056
1087 1834
3882 1032
5375 271
894 3105
244 3979
677 1555
1656 2973
5405 4204
4310 447
74 2726
3517 3192
3904 2767
1123 4685
2870 1634
343 4695
1178 1016
1536 763
2559 1165
4340 4091
5251 1345
4551 280
3636 1004
3818 563
323 1859
2758 4753
1963 1689
2490 3060
3259 283
2464 901
3605 4505
2999 481
4737 1471
2339 1231
4048 2739
4859 317
1624 1868
4011 5015
3206 5441
1991 437
724 4797
1476 3286
1114 5061
2809 5431
3661 1310
2020 4876
5227 4202
4035 4622
5478 3551
965 3617
3597 383
545 639
2855 2298
4351 873
4553 2915
357 1067
4202 1397
831 511
5061 1465
1026 2184
2541 3403
1744 3924
3710 4439
5161 5309
2394 5192
3011 772
4649 2933
5101 2866
219 4588
1895 2613
3287 786
4286 262
4434 1061
3793 3832
2736 1511
232 18
4963 3595
5178 1363
699 4652
3130 3319
311 4307
964 4491
3600 2142
3442 689
3700 4195
4440 979
1165 788
1887 5371
89 4160
4087 3996
4802 3767
1833 3463
3425 163
3514 5237
5372 4726
3087 1320
5497 4326
4258 348
4232 4024
1625 1193
3008 207
4741 5164
1577 1487
1365 135
4966 3723
2311 1541
2436 2735
212 4127
4866 328
1418 2447
1610 4945
919 4235
2570 2850
5360 4164
127 980
279 4421
1413 112
2104 3223
3721 1746
171 3408
16 5490
5361 3334
3993 1602
2471 675
3639 5096
786 930
1470 2037
1890 1704
5132 1274
94 399
828 1824
611 1617
2769 2796
1954 988
3992 1252
4265 958
1016 87
3207 3564
2062 1951
711 2827
4350 5055
3275 4405
595 5075
5017 3692
305 5076
3070 884
3127 5328
1975 2596
1195 5005
3810 2873
1774 4460
5098 4034
4348 2581
448 1217
2377 16
1265 4153
4820 5243
2137 730
271 2820
954 575
3250 1429
2468 2019
422 354
2476 5033
2847 4771
5015 1756
1661 4150
3757 3513
1432 1778
2130 435
3850 324
2205 2146
3995 2219
1916 2514
1451 5004
2336 4702
2968 4649
4607 2009
3140 4278
2451 5242
4358 1208
961 3970
695 3497
398 5138
4089 2569
453 4914
63 3311
1318 2145
1244 4
5452 619
1851 1568
933 1121
5352 1033
5240 2177
967 4785
1567 3373
2565 3481
925 5421
2249 4772
3231 2344
5311 1006
2298 3420
4418 2748
1933 4016
2914 4788
4129 1736
995 1675
5053 2760
4168 1384
4524 4919
989 2887
361 2415
5481 4143
3727 1744
638 3145
3291 669
3402 2606
4533 4029
222 3402
1077 1377
3510 3294
5057 5280
3934 1404
4905 3639
2406 3140
1604 1816
775 5134
633 519
55 538
2051 1130
1844 3015
2830 1192
5346 2348
5387 2791
606 5178
4412 2240
3056 2230
1232 2356
3538 1003
1651 4509
5209 5369
3470 1272
3019 715
1800 621
3438 2785
3469 4035
2218 594
196 2135
4562 3335
2290 1793
2556 1401
4997 4686
588 1803
4201 3045
4067 2026
4729 4730
49 4027
1563 2772
742 2640
4911 559
5490 3846
3238 2070
2976 3460
3809 3535
2305 4036
959 2541
304 39
579 2535
2019 4365
2646 1779
4420 1114
4100 5257
1924 5062
4083 3442
4823 1212
60 1356
737 1360
5000 51
2616 1598
506 1786
1584 3695
1130 1835
3018 791
2248 5099
3038 1229
1291 977
2133 5499
3546 5283
5072 4097
5378 3327
3014 1184
1058 5117
4758 5085
3432 52
3907 1924
2628 2698
1372 1880
527 1052
507 3568
115 3811
3903 1621
3870 2227
5301 1305
2737 3642
683 738
218 3570
4967 3107
2206 1095
2887 3834
4738 2235
2729 3565
340 206
4935 1195
2074 2812
4275 3870
3492 4023
3576 1358
5081 3272
941 857
1495 5021
2816 3212
912 1567
4539 722
5293 1082
2928 19
4500 4956
2238 3941
2000 818
2426 5092
4305 1364
5295 3252
3759 894
1541 2927
2481 944
2522 4892
2033 483
3873 4523
3200 2106
1847 1412
399 3014
5097 3149
4479 4528
1247 921
2316 5056
2494 1898
4486 4304
1446 1353
755 2112
4556 2858
3290 4236
3496 182
1613 3138
4394 3891
4233 3566
3894 1031
5445 150
370 2241
2996 4734
5004 97
3060 5113
1246 792
3891 101
1626 5276
167 5461
5460 3545
4185 3467
2203 4472
277 2989
845 4375
4431 2322
1946 3582
126 2223
2149 4064
2550 3447
5231 3232
1480 544
599 3233
4668 2300
942 2496
3167 3370
1042 4684
3720 1527
1463 2495
437 2958
2310 961
292 3905
303 2794
4701 527
5425 4602
2139 4615
1326 634
4159 4909
255 4463
3807 4912
3255 3135
4798 936
4325 5267
4447 1352
1670 5070
3258 1642
5080 3000
2200 2897
4745 4761
5475 4633
1785 31
996 3338
688 926
4210 1920
4422 5297
3315 209
1553 1361
2849 4099
4637 2403
2833 560
3132 942
4756 345
900 2675
4383 3641
3006 4822
5343 758
3058 2563
2984 1054
3370 1119
914 3151
5285 3469
4224 123
1012 5470
3039 3165
4616 3428
2576 1012
3191 4218
263 4616
1633 3494
860 1314
3216 1468
3236 2533
1285 2817
1591 1276
1337 2301
342 245
117 4847
1054 3435
3125 289
2329 3880
37 2143
3307 1805
5071 1932
3083 4991
2527 3625
2873 4269
484 446
4535 2744
3681 4276
1845 2310
2303 279
5304 2433
5307 357
2274 3255
5190 2944
3069 5465
905 1318
3559 832
3930 3194
2369 2649
4572 1042
1718 3604
374 482
2688 5327
1181 622
5424 1418
1469 2129
5394 1728
1146 2899
3869 374
2009 2654
876 2401
3457 2349
4975 3854
2066 4407
1266 5147
463 4910
3506 278
3916 767
2100 2024
3240 1832
4763 1652
2659 1984
4392 3902
4426 2677
3691 616
4045 3398
2177 2454
2911 5077
1728 3424
640 755
2113 1099
5007 3844
779 3603
26 909
5014 2547
5032 5112
4170 4224
4904 3241
649 841
5368 1741
4138 4166
622 5366
3371 2743
1459 2906
4485 1557
4778 4043
2652 4700
472 3536
2379 1222
339 5302
3451 1492
1044 174
3443 925
4015 5380
4704 4334
741 5008
4251 4848
596 1323
2418 2413
3071 4092
3591 260
4944 4107
2096 912
1085 284
2932 668
4176 5249
2910 2969
4077 2745
2042 2148
4347 840
3305 74
3713 4880
2674 4321
546 3585
1029 5142
879 3867
5022 3295
2335 1506
5105 5459
4019 1313
541 3115
977 3865
3446 3120
5044 2721
384 1994
330 216
5281 1547
2741 2179
2654 4395
2691 2521
5270 2725
3849 3919
3473 4201
565 5063
179 4796
4884 2164
5308 4373
2907 908
654 191
2867 687
3824 4017
1792 1078
2750 3879
5163 2723
4361 2028
2929 3586
734 3502
4808 1948
772 2342
5399 4530
956 1523
3936 4942
3512 2751
4169 3486
2204 2746
1715 2159
5090 326
3933 3498
1241 2257
3652 1505
963 1419
563 2502
4875 2178
580 3774
2057 4709
2574 3923
75 292
2421 1108
1565 2244
1481 3430
4566 2277
1932 695
4096 4497
2759 3269
137 171
2584 1967
5289 1035
1894 5051
1431 4454
575 4286
4678 2023
1525 1584
3154 3847
301 5071
4356 731
2215 1127
2881 811
756 3360
5008 197
949 754
3701 2556
3991 592
1806 1869
4192 3112
2111 3825
4404 4319
1650 3921
5158 3005
781 1050
566 3525
2831 3831
3392 2213
4435 189
106 4469
672 4706
3504 2555
3248 1148
238 147
969 3010
1693 2491
1014 4630
3690 3061
913 1171
2131 5450
3571 4549
2636 205
3035 1157
2871 1086
1520 213
3729 523
2005 2252
2963 3704
447 3305
798 1173
2605 1378
605 3856
4925 4954
1135 307
4799 2074
739 1051
4149 4754
4495 5307
4955 2955
3545 2529
3651 3221
3386 2381
4452 3400
4980 2059
2513 899
2545 352
3587 5126
2161 1019
4773 846
4063 1497
4410 2020
1434 3950
4692 5388
5028 4108
190 1978
396 3631
1942 2543
2287 4992
3121 4924
2649 1818
4959 3866
4441 4207
4578 4643
113 5409
5279 1414
2717 3419
4186 4447
2330 3660
3602 3023
2364 1096
325 4513
5286 362
3105 547
1293 1080
1023 4548
790 1092
4575 3791
3362 4601
783 1039
1065 4151
3187 2406
2967 1935
1088 1117
806 3794
738 2552
3389 3053
1649 8
1084 2436
4038 5358
401 5402
4470 4656
1829 2962
2236 851
5470 3755
4238 2976
3650 4570
5130 387
4892 1900
5324 4534
4867 4437
1681 3816
321 1801
2194 4293
2196 3779
2739 4553
1032 3081
2202 2929
1078 847
887 5376
2417 1159
475 2113
3025 4094
4061 4507
229 229
3015 4628
4688 3382
4863 4490
2730 1871
123 1574
5045 690
1645 4418
1359 3450
3448 1847
613 3714
2220 353
462 2706
835 4926
4961 5119
759 1588
1737 2015
4910 1810
35 1761
2366 125
5358 3358
3358 2042
1898 1828
3488 3803
4116 3990
4229 2965
3549 4184
2037 1368
4933 2607
820 5011
1660 1683
2726 4233
4289 342
3429 4217
2328 4578
2183 455
1436 600
3671 3310
3973 15
4442 5330
800 2222
3051 1164
5491 696
444 825
3735 2781
2099 1886
2936 41
4900 3899
619 1330
4663 4012
156 4916
1892 1455
3561 1923
1471 870
1314 2194
4882 4213
4755 1046
718 4010
1603 5215
3163 3929
2918 4355
1779 1009
275 843
3211 1638
5367 5493
1885 3875
2419 3734
4724 741
2398 1447
3552 2197
2690 1678
1905 3388
141 344
95 4053
1753 5210
4833 3696
2600 4736
4624 5286
3079 1636
2089 258
3749 2961
1575 3871
3321 3094
2253 1725
4623 683
2166 5205
1831 69
621 308
1124 2334
3879 1514
4455 3166
1248 4778
3223 5103
30 377
4603 4849
4520 2287
4806 43
701 7
4069 5027
317 3208
2308 4332
1104 2568
1869 1151
4085 1168
2119 1198
1376 736
1110 618
4001 4432
497 3375
1099 1143
2571 4688
4527 525
1528 1627
691 661
1221 4320
3458 2634
3304 2123
1391 2840
513 285
1981 1965
3053 474
1813 1071
2319 3512
1113 578
4552 3537
3134 5484
4996 3682
2157 2998
1973 5199
4036 2705
4217 2507
1117 3350
3462 2623
1387 3317
4780 2779
568 2304
4221 2487
2630 5372
1691 2854
2168 1298
1188 3199
2486 334
1306 4480
224 1297
1748 3761
2738 5043
2526 4080
2155 168
4362 309
3136 1331
957 2025
4792 3291
4400 2271
4646 1351
3985 1309
2260 4124
4478 1949
1488 5080
1300 2255
240 4115
1155 1553
2432 449
1988 3534
1458 235
3390 967
2716 4001
5313 1963
32 388
3659 3790
3335 4335
5390 5326
2817 485
2958 3069
3742 291
2105 4703
1982 2263
3833 4809
4960 4673
3342 3807
3776 4803
5129 2523
3714 5342
4830 2004
3947 1643
2381 154
3366 2532
4585 3024
4974 3738
400 4265
5025 95
2323 4717
4397 1889
5354 3737
4862 1515
269 2752
1086 1971
2106 1571
1059 215
2090 1644
4250 3055
534 3215
1187 4225
4131 4376
1010 1536
4337 2527
39 3446
5329 1365
273 17
3518 3102
3990 4869
2078 2531
533 992
2128 747
4376 3678
2148 4288
2212 504
4230 2714
3967 5274
4218 4413
5463 2687
728 1076
2370 3496
3186 2822
3024 2645
3464 2788
1925 2715
1852 4200
975 3903
4332 75
4934 2987
889 4768
1551 4483
1439 3939
3832 3633
4113 2629
5170 1488
2528 815
2410 110
47 597
3658 254
1061 4843
4496 5165
5266 4052
3562 4886
2221 113
164 3913
2814 3022
4175 1931
2107 1146
1120 2695
1433 1301
3456 1774
4270 1338
5166 4308
1706 5031
3194 294
1396 1739
3212 4668
3790 1781
1652 4085
2939 2636
393 1680
687 4069
160 3188
124 379
1600 2396
5332 4065
5370 4940
3624 4564
4877 1428
2648 549
4746 3104
1108 3038
778 490
1169 3940
3316 5089
4158 3367
436 5275
868 1866
1346 4230
1730 1714
2821 607
1184 431
932 2763
2948 100
3090 3201
4037 4077
4549 3676
2344 406
5362 4863
2047 2077
2003 2289
1398 1247
1192 1590
2023 3372
2438 1767
1489 2881
1911 4757
4157 1905
2799 907
3856 2323
2943 2790
2555 390
3825 4764
128 4617
5222 510
328 153
3687 2901
4926 4170
5033 1134
4124 3575
2178 550
1424 3399
824 4569
452 4468
3566 4855
3427 2459
4965 190
4872 1597
884 3493
4291 1400
1257 1839
5326 2165
1784 601
5113 1766
3635 5198
4784 4450
259 3079
657 3653
2680 3628
3499 469
1554 2097
1855 2126
2540 3973
446 4838
3548 3935
980 335
5068 2864
5188 1908
1100 1943
15 1814
3354 4083
2941 276
247 3413
1760 2554
27 3119
528 3741
2208 3949
3519 4503
3088 4851
2069 1398
5085 666
2536 5319
443 4774
1322 866
427 2571
3281 1422
522 3240
1186 2479
4333 4425
4260 892
1342 3587
4881 3160
2846 3247
5111 4215
2518 3231
1040 4191
4141 4517
4298 656
1952 1669
1307 3309
3794 94
2512 1576
3000 5433
2935 3170
3544 5486
2425 3830
9 4783
3675 2209
1941 5454
1411 2017
1687 3036
3021 1137
258 331
870 5335
5235 1877
1592 2062
1160 4303
132 4246
239 5124
5347 2460
4448 405
1940 1686
5325 4524
4269 1221
3044 5007
280 3239
2242 11
1552 5072
203 5278
3758 2584
5359 5042
5141 5298
2324 1238
1530 3052
1759 1528
217 4109
3450 3983
1128 610
4212 5442
2548 2102
4449 4175
1401 3141
904 3574
1251 3771
3657 4557
1201 298
3839 2320
4945 1445
2597 2633
3150 3889
5182 1718
3937 4521
3585 3743
4600 2439
1020 5030
1229 2284
2244 4959
1070 1472
419 2457
1731 4377
4198 3048
3573 1925
309 3018
4114 105
5198 4677
2965 3116
4216 2682
3172 5497
430 4182
4464 2000
3612 4144
4947 3703
3007 5338
4790 5473
2012 2718
2655 4681
663 3365
1891 4828
2862 3910
4899 4371
3067 5440
1226 2699
1400 1630
808 4568
2331 1452
5114 1177
344 3466
743 2054
3068 3282
2608 494
5333 2090
3631 3205
4245 2048
353 735
24 3797
951 3618
5412 2419
4852 1258
627 947
4308 1962
2969 438
3283 3713
516 893
2787 3813
1858 920
4621 3758
2854 4666
1526 3288
3416 4837
1561 993
5005 2870
4432 1504
1182 2680
2427 567
4331 4515
3662 1405
3531 1755
1477 2986
4608 2069
4890 3710
1327 5121
4335 4541
5206 5006
4465 3333
3711 4811
3969 4478
5436 5179
19 2118
175 5137
4454 4773
4163 4169
4342 3049
3115 2562
429 4955
1823 337
842 1093
3905 3257
5083 1843
64 2372
1389 2893
1535 428
3399 1
1046 4670
300 4920
1915 3989
4964 257
692 3234
4505 3686
4107 5368
2588 4550
2050 3243
5006 2908
4071 5018
637 3499
3610 2305
3718 4829
3677 187
3877 2622
3813 2354
4950 3851
4519 4789
3475 66
1918 4937
1994 782
3665 3993
3572 2181
873 1477
4713 1857
5426 2064
1392 2476
3461 5224
700 2761
2488 723
2720 1581
1408 2261
1336 3760
1003 467
1519 2783
1422 4639
2153 243
5167 111
4476 4739
849 5457
2754 499
2924 913
1837 4623
140 1509
4664 5488
2923 4451
3864 3235
2086 480
2052 1410
2359 4611
4214 3193
708 4799
2263 856
2222 5159
2433 3501
136 4572
466 1063
2682 2011
1199 5067
2067 2627
4767 3841
465 3242
877 3942
2558 4168
3347 2360
195 5044
4987 919
3171 951
3941 5434
1780 5094
461 1403
1547 998
5294 38
1582 1306
1677 4372
678 2506
3208 1017
3030 4172
4796 2536
3017 5251
3537 4881
2560 3886
3422 2802
1462 3175
4028 2408
451 3623
1152 2430
199 3458
1074 5166
3986 2949
1071 4477
3845 336
4754 2061
57 3624
283 4735
3669 943
782 876
3674 332
2993 1717
2497 3306
3975 1759
3987 2377
3961 5355
295 5467
2165 5334
550 3630
4718 2127
2199 1795
2413 1964
5224 4268
1990 99
4736 2266
3940 1073
2848 2493
807 4179
4408 253
4642 4981
191 3125
5029 2318
4940 4315
1332 4327
4610 3638
1594 2157
3851 2615
2604 4325
2537 5408
589 1048
1971 863
5291 1491
1674 1133
5455 3808
2289 4948
614 4996
767 2942
1606 2515
2719 3316
4810 1290
4262 586
2933 1066
2843 124
3494 4051
1275 4058
4039 2036
4003 4537
4236 800
416 4612
2018 3418
1877 3689
1406 3379
2592 4958
5203 3998
3685 2565
2499 890
5296 3224
5091 4580
5243 3956
1453 3580
3113 1339
4324 3026
5162 1282
3898 814
751 4340
4338 4433
2852 1586
535 155
5283 4387
5431 2211
2458 4006
4632 1715
1590 5211
2982 4076
3356 3951
4506 2367
3160 573
844 3597
1707 5322
2116 4380
12 375
4716 2134
44 5247
1273 3571
1543 924
1967 1999
3589 937
2618 1569
4075 2416
4104 1705
1623 4002
4463 4379
2164 4000
1919 1776
3279 46
98 2412
750 3853
757 2818
4990 632
3419 61
1450 3298
441 4885
4012 2599
4151 5262
2141 1783
1282 2787
1986 1953
3264 1530
1663 5213
2250 624
3284 3893
4953 36
1611 5460
4870 2724
5135 5230
4956 4226
2687 4227
587 4565
1832 2034
3227 2291
2228 4587
502 240
5483 1011
5084 2913
1593 3478
68 724
3440 1762
2159 1059
345 1846
1643 713
3487 3559
2783 1200
109 2076
426 2327
2361 4399
5144 2203
5239 3877
3740 2278
2500 2919
3076 2558
4419 5373
3091 647
934 4181
3273 2603
2227 1486
660 2060
4826 1105
2794 4473
997 3013
5439 737
445 1853
4938 286
2352 2116
514 372
4399 1069
100 3417
471 4290
836 1366
1868 5432
1888 3359
2380 1396
2897 3795
3175 4807
2827 879
791 3113
2414 3583
3485 4987
3085 4967
5211 1068
1685 1357
664 5363
2611 2710
2677 864
485 2035
1423 1672
3045 4729
3897 2108
4008 4075
3065 1961
3974 5116
4626 1271
5218 4888
5337 1427
1115 880
1641 2884
483 4792
1840 4242
3100 3406
990 4141
3771 603
5288 823
2420 3323
4144 2587
1339 2272
1802 3089
2270 761
5244 2991
2211 423
4501 3472
3452 3739
1697 5364
1367 3857
4979 1939
1174 3326
4097 1815
184 3451
197 5141
2806 5340
1288 3555
214 144
4832 3134
2998 3047
4172 1459
38 492
3843 1470
4676 5301
768 496
188 3391
2187 2473
1571 1545
433 1169
3229 2332
3369 691
1025 4614
4822 3912
4316 4878
631 2156
629 225
3177 1972
4300 4177
111 3029
4005 3355
5065 5407
1761 4389
1953 5426
3594 778
584 2861
4384 3632
5020 955
2506 906
4681 275
2076 3590
3012 868
5050 3178
3466 1288
1112 5003
2300 394
2732 3059
4458 4725
2375 2384
1227 2313
4627 70
1812 3648
1200 4663
3411 2498
3182 138
458 3009
610 2630
1976 5386
363 4352
2034 1291
553 338
5396 3070
5137 1613
1945 4203
2609 2483
3763 1640
2596 2597
3183 2256
3099 2678
4160 3100
4433 1010
4088 1097
2850 3835
766 4050
4256 1319
2160 3613
632 2353
2467 1631
4456 3655
3734 3719
3698 2233
4055 3778
4101 4586
560 1546
3702 3425
208 1441
4225 2488
898 3301
4081 5132
1815 4592
390 5054
2707 4100
3944 159
3137 3759
2460 4481
4044 2308
4380 1001
4294 4361
896 3423
3582 3974
3902 4930
1515 2471
3260 2676
519 4805
4775 828
1955 1873
4791 4404
2117 990
2480 4698
4635 5022
591 2938
262 1884
866 3415
4267 3562
3854 2952
929 370
2909 4750
1294 5265
2702 5250
2043 2451
4544 3561
2077 4769
2251 911
659 3001
1375 2259
1190 996
1494 929
2859 2874
1082 3181
1504 3609
4694 1142
3135 1525
5250 1632
3195 4906
481 1235
5442 2094
1231 2485
2892 681
2689 2813
3217 2953
2692 5268
4667 4606
1354 272
3092 1376
1442 2440
3066 1237
3556 1435
2504 1243
680 4782
4855 5383
3563 2029
1150 932
3541 3043
5232 3593
4995 2418
926 4593
5193 2669
3630 2994
2503 2087
539 3057
4871 904
5419 3441
1522 1745
1299 3444
2407 2643
4034 4260
192 4552
162 2338
2095 3859
5169 2254
1362 2449
3622 343
2309 2600
0 2221
2603 1289
3568 982
3978 1416
1267 705
4735 3330
4165 2841
1258 5375
4022 3088
2011 2499
3031 3209
4349 503
1214 4493
4010 5144
45 1464
5314 1109
559 3264
4313 3706
1980 268
801 1840
1348 443
4064 2448
3357 1564
5116 3085
792 5133
3178 3598
2744 3805
4475 1720
2058 631
4661 4883
1428 3191
4497 4708
4398 290
2645 1882
2804 3381
3028 719
4654 2465
3565 3814
268 5403
2947 386
4026 5180
1775 3229
4041 2307
1353 5430
183 5271
1618 1202
4110 96
3596 4066
2975 4794
542 1343
2514 2052
267 3943
499 4624
551 2747
3108 3591
3124 3888
3912 5389
4450 454
1503 4944
4498 1985
608 2160
243 1500
70 440
1512 813
5106 4925
2973 195
1886 4362
4534 4336
3906 554
3834 2182
4651 3204
4878 3963
3063 3345
2810 2422
3667 4674
494 1013
1585 1273
2167 4902
4105 766
276 4962
2595 3320
1708 3751
3089 5263
4482 3427
5410 1104
4467 2104
2297 4220
785 5024
1798 3473
1460 517
4590 1132
1501 3978
4992 2503
892 1688
4769 1383
3717 5349
4312 4946
2193 475
110 3266
1639 4806
3346 2673
529 2249
4199 3977
1830 5395
2357 4765
2714 2191
3516 1941
2036 1393
4120 4679
2312 3448
3970 220
486 726
1350 3762
2216 4211
4368 1411
972 2446
4409 1391
4522 2693
4181 4692
1514 2668
1999 2647
1245 4238
4985 4072
1558 3959
327 1015
5290 24
3375 3581
2188 3729
1996 2810
3618 4402
758 5288
3491 1591
20 3838
2740 824
4461 662
4928 2720
3201 1959
5035 891
2138 5463
2841 1083
1249 3246
2175 4214
2797 3736
3387 674
893 417
1790 1539
1931 3756
170 1125
4020 2754
953 143
2734 3293
4594 5385
3579 3938
3020 2280
843 3248
3468 4357
2898 2980
3500 1456
1928 2777
1747 5390
823 1417
4521 720
3355 3572
2443 3785
5385 4411
1912 4209
4102 4784
1230 121
4197 783
2322 5311
5159 502
5438 2511
2257 4911
2040 4683
3081 4777
2075 3487
760 78
1865 3647
2293 1337
2957 928
1948 3380
4984 3258
3609 2759
4702 4081
5030 3955
233 2138
1505 3994
4614 2355
53 3095
2442 1451
1403 3855
1163 57
2767 4318
5302 2618
1511 108
2358 5171
5100 1713
2306 5289
2424 3067
3959 141
2176 2691
3528 3827
948 86
3218 2461
5484 641
1444 739
2002 4862
2326 4696
2225 679
4066 3251
5441 3267
2620 2530
1161 2768
2466 3073
1447 5066
3953 2655
4941 1865
5066 5495
5107 4039
1791 4983
2944 2003
1207 2518
4173 425
4364 400
673 572
1509 120
4857 49
1239 3836
2960 1735
3480 3414
3688 2031
2234 4898
2083 4026
3611 2719
2189 4728
3288 3176
4659 3606
3996 2985
2643 3210
408 1064
2552 4858
3317 2041
746 4343
3726 42
1386 3353
2543 5081
40 4487
1897 1312
52 3965
5168 4555
1588 1457
4652 820
1144 1332
4691 4111
1518 5329
3430 4255
4188 2573
3777 2644
655 1575
585 1152
1644 4408
5034 3479
888 3980
3340 30
1103 1858
2623 5341
496 3371
1452 3815
2402 1954
1311 3657
4618 459
524 4328
4429 4756
3483 1228
1276 3117
3569 1790
5469 4745
505 340
4703 5391
4264 5279
602 5016
1834 1955
5395 4852
348 5050
4847 4870
3314 4019
4174 3792
4851 3374
2054 1807
752 1646
3755 2868
1172 2121
4468 2162
2675 2246
1038 2236
3247 4936
1096 3664
469 1556
2782 3352
2422 2616
120 4205
4164 1785
1612 570
4986 3514
1269 1616
5236 2641
5406 742
1252 5412
2039 5201
3082 2139
1487 25
2479 1413
1279 55
935 5104
2615 4819
4842 3075
3261 4929
5201 5401
3439 1510
438 2402
4751 530
3623 1592
1004 5496
1060 3724
4424 4292
5476 2624
5225 3098
3141 2983
1404 3961
409 3662
5176 3697
1704 4985
3971 1698
2938 4585
1093 579
5059 1822
1264 4748
4530 3799
805 770
3535 2608
910 3159
2745 5098
2415 522
3951 1916
1667 3318
4580 3992
4253 810
5341 2333
4760 4400
5382 3802
1969 4461
1950 3004
4669 3025
4885 5246
3656 1423
1638 882
5420 5176
3841 1533
381 3035
5037 2358
1007 356
3368 3050
1540 4640
5237 2709
512 1116
1094 5424
1642 4159
5401 983
3529 872
5009 2478
4874 3616
710 4084
973 3868
3575 109
1801 4041
2021 4155
4244 4279
3350 4163
3235 3082
570 3768
4994 2299
3980 1610
1206 2586
3280 4654
1373 3717
4053 3712
402 2522
2662 4871
983 4005
1153 302
854 774
319 614
5498 56
753 577
5143 1385
2169 5397
2922 2756
2252 2397
2812 2067
404 65
3271 1524
5156 5494
3578 1862
165 1248
3143 1283
4762 1526
4135 2501
2761 2339
2807 1938
1017 3044
1119 4363
4007 1415
3925 5287
1083 2404
2378 4978
1987 3925
4389 4980
2084 1503
3694 4840
3268 497
2273 3123
3745 1789
1203 4986
1419 1933
250 1612
3074 1172
4200 1437
4 1460
3627 3475
3962 2153
4577 1292
2606 5344
5357 4641
4865 2043
1369 4323
5384 1188
356 422
4234 3299
1430 2444
3378 4821
4130 637
1659 4960
2755 5127
788 4337
4840 2755
105 752
1732 3390
922 2347
5088 4860
4770 3602
3293 2990
1513 415
22 4176
3146 1529
3767 3411
2530 5200
3532 2398
2045 3426
2191 2472
2972 5023
3649 3203
5404 3198
3351 3608
2906 5151
2492 5439
1929 3619
3311 3021
2485 3346
1974 2039
410 1347
3895 4499
4009 1284
1006 4011
4850 3051
2708 470
3323 1060
3344 612
4740 320
1118 2366
2172 1791
2450 3817
1382 1593
5350 4868
1884 4283
2396 3530
2261 1183
97 816
703 2122
852 5185
4406 1124
1985 3168
397 1002
803 433
1524 4605
1796 156
1127 794
2093 1798
3064 3118
2534 4079
777 1211
142 2797
3708 3806
5256 2914
4848 5331
4339 4894
2072 5108
1409 4826
5323 426
3707 3477
1358 706
1531 1236
4282 3347
79 1463
4381 3793
1175 3627
3471 3489
4153 888
4179 1065
974 441
2276 1981
1532 1036
4079 2683
23 1264
1657 3011
4297 346
944 3396
477 5152
1384 534
3616 4625
4901 4749
1654 4297
1740 2115
1578 2369
2223 4820
3736 2168
4598 2306
4341 1342
5249 2297
625 1179
2266 461
4025 1493
5133 3142
3204 1960
3306 4982
5492 3563
2532 4867
3744 5196
1901 212
495 1372
1024 1350
3004 4841
4494 2773
5067 1307
1039 4921
3704 5115
2399 3455
2014 4495
2103 1885
707 1626
2634 2131
2320 5123
1793 4988
2900 3966
984 3237
209 3434
1461 3465
4049 4816
2980 10
2728 4300
1556 1425
28 3701
1896 1335
4344 5028
5422 1213
3900 4758
2531 4366
5125 1244
1437 1075
3593 2462
3120 2625
3938 733
3052 2250
2213 4720
4266 77
2393 1914
986 3101
193 3407
1566 3268
4515 3488
3955 2979
4546 5074
4268 4590
2192 1207
204 1997
1608 2453
5220 5068
220 1186
366 249
1698 1299
270 1609
3901 3709
1617 2559
770 1072
4693 3068
1116 1431
3762 1944
432 2526
1555 1484
3699 1983
2201 3698
406 2701
5363 2730
5145 2544
4167 2075
4923 4767
4888 4721
93 5362
1498 3672
1013 1141
2507 487
931 2639
1237 3281
4272 642
1866 3538
4592 145
915 4793
639 3740
3502 5118
299 4381
2190 5036
1863 4317
207 1122
3848 701
4785 4520
1710 2078
1340 3056
5383 1867
4240 533
3524 4917
4503 127
3792 1311
1097 1538
5051 414
91 4543
3334 4938
1927 5181
5402 3754
5131 4086
386 5474
3919 2302
77 2282
603 514
3786 1548
2437 1128
4809 3543
5371 5498
5261 3976
129 4744
4127 373
3265 4947
1479 4646
1690 2101
4591 5034
2774 3325
2056 3439
2493 1870
5487 2337
4849 2172
3960 635
2926 1673
3613 4997
2515 1562
2586 4281
1159 3462
1548 4740
5151 2481
2373 173
583 3490
2981 218
1750 1620
5019 1808
1379 945
729 5065
14 2905
558 4535
2813 2844
3774 1223
2146 5095
2174 5163
641 3700
1361 119
3756 9
1647 4464
230 1973
4800 1702
4252 2262
34 4638
3853 711
1762 1440
601 5435
4407 933
5119 1881
1388 1729
5451 4650
1109 1287
4204 2685
1726 4199
1490 1578
3360 3645
5216 1038
2725 5256
2046 4003
3782 975
2529 3552
4931 4762
2374 2225
1609 4403
66 1098
3643 2950
2404 1421
2792 3183
4299 4358
5277 2614
4609 341
4343 4070
882 5415
2627 4198
4072 543
5315 784
4567 5422
2368 4715
4971 5370
2573 716
3131 4021
2575 3270
679 2258
1668 5090
43 3517
2966 3302
923 2169
2946 2224
4721 2147
415 3033
4166 3173
867 4063
1597 5325
3553 4061
2280 4825
249 1018
2505 3718
1122 3531
1445 838
4248 4309
1125 1392
1922 3558
3495 4040
4207 1733
3441 2170
1939 3906
2333 1189
1167 5202
1049 4062
3298 4133
2974 3422
3497 4383
473 3556
4118 463
2866 3962
3678 4544
3385 941
1957 322
2890 515
5374 35
440 5318
3203 3934
3073 4419
1290 3273
2916 34
4615 1030
5154 2648
4513 3386
3382 655
4352 2549
1106 1226
3751 4801
3433 877
3336 1911
2784 2007
1628 2805
3213 6
826 5466
1746 553
2614 166
1810 2732
1769 1681
2459 4884
210 1206
4643 2311
2129 234
1655 834
2803 4067
1062 4121
1537 5084
1427 714
3374 1279
1772 2058
3361 4282
564 4943
2927 185
3539 565
1970 4492
1913 4193
5234 4390
3820 1782
4219 4975
2624 2079
616 729
2356 389
851 1605
3300 2173
1254 599
4542 4877
4726 3620
2722 4130
837 3
1665 3084
3769 889
3463 3394
3188 875
1145 64
5417 1619
4550 2540
2013 2795
5253 3136
5011 3110
3924 3216
5128 2243
5386 3341
237 2210
7 3103
1101 242
3379 1516
2498 2947
2663 2579
3977 4210
4765 350
2484 26
3192 2758
3437 2371
2048 1657
286 1607
2435 2293
2602 2202
86 2470
4873 2231
1741 4519
4417 796
1560 3278
4472 93
5345 1780
3383 1703
1917 4132
1136 4969
3641 587
4060 1788
1879 3277
3111 2697
4715 3249
21 2045
4946 277
2085 1263
706 1294
2551 5392
2478 3062
4804 858
4190 1661
3103 2066
518 3553
1838 5125
731 4755
4786 2740
4922 466
334 5187
149 4467
2239 200
189 4287
5197 2694
4277 45
84 4271
2583 3092
2953 4770
287 2537
4235 918
4388 167
4307 5128
2952 1768
1576 3611
2126 4440
5418 1577
647 2477
59 5209
4293 3824
1287 3622
5319 2945
858 3348
5316 2149
658 303
4914 1162
821 392
4092 3937
3527 4922
5046 989
4589 2865
4538 3019
936 4676
555 5235
717 281
3910 651
704 4561
5336 1817
5117 3437
2931 1370
5263 5346
3460 2712
3752 325
665 3643
5303 4760
4836 4893
2861 1942
4517 785
4969 2232
2292 3679
685 692
1856 3065
2765 4476
3075 2002
4528 966
2587 5361
5255 1517
4121 3339
4606 2716
4004 3153
1126 2480
3564 266
2777 931
761 5059
1805 2340
3084 102
3968 1651
2964 638
3376 5374
364 4364
2771 2359
4908 964
1926 3303
3785 4244
2703 999
2327 4140
918 29
4687 2516
2030 1070
2770 5035
2110 5207
2709 369
795 1544
272 3997
1721 4931
420 2566
4512 2050
1817 92
4094 4508
4839 4119
3262 4212
4807 477
1304 381
5458 552
3158 2441
1850 2848
4779 1029
169 5478
4617 3716
2127 1336
4685 2924
3219 224
4686 2900
3680 648
147 709
3029 4839
1719 4136
2367 1225
2626 3244
1270 2832
2811 2814
1255 1833
61 986
2351 1804
4951 5194
3349 4436
5391 728
4314 1695
5160 4779
1752 2679
4134 2902
4977 1664
3695 698
3267 3687
4730 3749
4670 830
895 1049
3724 4275
3095 464
2400 596
2061 1022
3104 954
4184 4923
1557 3218
878 4711
1194 4042
2865 237
4401 3332
1295 1454
3054 1034
4564 2346
1166 2068
5202 1990
4880 3732
628 1583
3234 1163
4183 3541
671 1349
48 4359
4895 4971
4948 4835
869 625
4504 5354
3034 1094
1629 1131
4469 2456
3747 4263
8 3957
510 1321
4078 1654
1630 5347
4502 3163
3615 2095
2315 5310
3823 4814
2182 1420
1907 1682
187 2362
1234 1811
1043 231
478 3874
4869 835
1745 4386
4330 1537
1147 1611
3205 1716
3515 4533
69 609
10 4414
1466 2154
1857 1979
3406 2742
4288 217
3536 2578
988 1777
897 2166
3896 5046
1795 4874
3983 1676
3327 551
2894 107
3479 4581
2120 3133
1766 1819
4813 1561
4374 1081
3922 4896
4699 1118
1426 1474
4086 4961
4837 114
3761 2080
3773 238
2446 382
2224 2484
2321 3368
1841 2995
832 2570
1141 439
617 1829
2123 5367
5016 5139
228 3946
802 3180
3840 1444
2544 2928
3174 665
4812 416
1312 4396
4239 1266
4657 1615
85 4790
4414 971
985 4161
5229 2155
1703 3315
4387 1743
3686 1100
3913 304
4033 1123
5215 4613
572 1624
827 1375
81 3964
3138 4815
5064 4291
4929 4458
3409 436
2284 708
1672 2091
3617 5154
4098 5304
4824 1706
846 5445
387 2892
3106 4660
1827 4598
2686 4028
5196 2111
1835 103
921 3300
1634 4374
4565 3471
690 2935
4682 2325
4161 2500
1914 1587
2724 1849
3780 5100
5388 685
4776 2903
4211 1187
4378 2704
1786 196
3872 3071
530 2218
773 4020
3581 2885
1156 5323
4835 3054
3435 5261
2683 5105
2768 5146
2241 4900
5031 186
231 5110
1191 524
5462 4248
2087 2330
3170 1348
4622 4574
3601 2120
1220 3636
2971 952
3670 3742
1992 3042
1328 4850
818 2593
3372 5236
2519 790
838 3822
1036 4196
4927 645
2277 1154
4137 273
4821 4294
1243 359
554 2631
205 5449
3963 158
2825 1253
3511 3433
4696 4046
4628 2835
646 4316
3888 5393
5062 2096
1684 3503
811 842
4249 3304
2857 157
4068 3878
3660 2286
4056 4234
1818 4904
5212 2270
4818 227
134 1684
4744 2661
5489 4891
413 314
2899 2425
4379 4859
816 542
2237 2329
4203 3114
5466 5425
108 5223
1699 3454
4193 4013
5123 3615
4255 1286
5318 660
1208 2510
3040 4500
3152 1499
3558 5218
4115 775
2031 3705
600 4714
1695 2081
4477 2435
4563 1952
2142 540
5272 5047
2915 2040
5309 3528
4936 1594
2395 1937
42 4254
424 2309
3716 2545
4474 4267
4612 3086
3413 2879
1599 5204
1664 3482
3380 3127
5443 2702
4017 2370
5183 2273
2383 1532
246 3331
1507 4989
3739 5241
265 5191
4794 233
2840 1113
1771 3307
3367 3206
2456 2100
4180 2110
3110 3202
5335 4312
855 160
2354 1580
3022 718
4819 3495
4845 5277
1215 512
431 628
2024 3927
4460 764
1977 4781
3097 5002
938 604
412 4742
151 3078
5104 849
2979 1166
5174 629
3444 4120
2685 3217
636 2670
3852 361
1523 4830
968 5083
2672 4712
5140 4261
1177 3599
4231 3621
4189 1056
3465 5336
464 1043
2080 1386
5165 3858
3220 2839
2671 2505
1493 580
3738 1327
4146 2551
1467 2450
5409 4397
2232 2883
4747 3920
2230 4667
314 4103
1416 1496
3885 4780
2091 1507
1303 169
4487 267
5454 591
2696 2199
4154 4331
3190 4007
1138 2049
3522 310
908 5157
4156 4428
4329 1308
4764 978
5398 3504
5192 413
3381 590
730 546
3836 4610
3509 2583
3779 2628
4576 4444
841 4078
2824 1566
2622 2265
2254 4031
2930 1479
3048 4479
1682 1191
1923 3443
2032 4626
4886 1045
2362 1677
4907 2771
3197 3263
765 3810
4611 4149
3272 3349
2731 3097
3246 5013
3313 4253
4323 1722
769 2417
656 222
313 4349
423 4324
2144 393
1583 4154
4029 1449
3570 1304
1139 2782
907 1850
4868 460
1235 1844
1755 2951
5453 2442
2332 4435
2994 5306
3010 3032
1819 4810
946 3308
3395 1089
4814 5240
5246 4664
4194 2467
2610 3040
5095 3289
4962 4105
574 2798
227 5485
31 746
1261 365
1979 1596
3256 1362
2240 1992
694 4350
1211 2829
940 1667
5428 71
1619 493
5284 4298
2385 2489
5444 1710
428 462
1764 3666
5351 5481
3274 4637
4109 2707
3908 3122
1256 1144
3484 753
2735 4110
5110 4470
1902 5214
3653 3900
1263 5314
1414 869
5267 347
2304 2410
3198 5471
375 2391
1908 748
4558 5122
2727 3665
1758 3804
947 3227
4459 2292
5310 896
1729 2390
2721 556
1646 4882
5457 984
4860 21
1259 3226
1465 1936
1951 4022
2699 1490
312 2085
4889 826
3586 287
3 1579
909 3863
3621 1699
1881 4567
1816 574
5120 1110
3094 1600
3318 5398
3093 3072
4345 1433
2621 2214
3857 2948
3128 4933
2053 2904
2653 2098
2265 4653
1021 2392
3604 1156
211 3397
4416 4899
4921 2409
25 3412
3837 1535
5199 1005
1636 2452
2082 4950
4507 3862
2632 3915
960 3652
3266 133
1022 4965
395 3220
4629 1974
1683 1432
242 5107
2642 4571
5356 3629
4052 1394
4834 2936
5433 5333
1871 3773
3474 3540
4070 2946
5450 4577
5472 4082
2416 126
626 2328
4541 4608
5254 1560
3705 2021
3709 2382
3324 4090
3881 2421
4547 4180
2954 4671
2647 1775
1586 2361
377 3539
733 2664
365 4228
3417 4675
3668 2296
4924 4887
4274 60
3911 2857
4920 3387
4481 582
372 2764
987 725
720 2317
4321 1201
223 1040
3415 4385
3816 5447
3116 808
5247 5001
493 4998
3642 404
337 1087
5138 4088
4981 799
449 3524
2542 694
5430 1055
349 702
4742 3506
3257 1007
3049 5291
4317 4547
5440 2475
221 1387
2502 1155
3352 3840
3297 1302
815 397
3282 2658
5108 4243
4952 508
2594 5394
5349 3096
3241 5414
1050 3931
4191 4147
3595 2314
5121 1655
1081 4025
650 2595
5400 3968
4707 5206
3638 1436
161 4306
5499 4994
4386 1025
315 2352
3830 420
4843 3275
2028 5321
2666 1879
1678 1325
2562 4813
4932 2815
2684 4412
2392 1950
2342 5170
4285 2666
4918 5174
3343 4382
2441 1647
883 2572
3890 903
2255 5429
4831 2849
567 3667
712 4525
5155 1262
1037 5294
3513 2753
5435 4157
146 3285
2044 20
2482 566
1394 3461
3893 1648
3981 1103
661 3777
1809 4939
4319 1897
4761 2895
332 1653
2296 2909
480 1861
2561 1077
4689 88
3332 4251
4705 323
201 5135
787 3788
1749 821
2869 4857
2007 1770
2068 2504
4734 1709
2607 4295
4125 1480
4548 2084
3648 2686
4582 2736
4970 2276
1225 3500
5010 3474
4093 4241
5342 2941
3871 4854
176 793
1546 1890
2591 654
122 1091
1440 3342
1098 5254
3295 4089
3886 2922
5207 561
3252 2022
809 4791
1705 122
