500 9000
219 254
299 20
38 283
243 18
117 484
419 301
296 205
25 463
163 73
70 246
176 2
353 185
267 406
443 8
13 53
250 489
180 424
107 190
97 244
98 160
496 306
450 415
429 410
22 321
485 338
190 168
377 305
128 41
12 210
126 317
337 324
192 113
339 85
100 479
475 401
138 98
305 446
93 241
94 46
120 198
123 62
272 230
248 144
406 12
231 161
347 124
302 390
372 411
72 435
351 135
409 447
144 320
410 64
326 275
238 498
432 67
66 237
44 296
130 295
103 239
352 152
198 260
270 339
232 163
62 444
348 297
458 361
59 408
9 57
45 488
426 223
479 300
177 118
39 80
497 380
370 423
186 417
431 173
122 359
21 363
294 370
373 290
29 352
110 189
487 430
336 293
235 140
308 437
461 138
52 248
288 240
273 256
263 436
439 351
327 156
191 478
480 310
99 265
364 226
196 186
197 6
145 193
259 71
187 245
185 78
418 211
385 427
427 332
388 378
42 139
23 492
315 360
314 181
407 183
342 329
368 97
221 100
7 495
349 224
486 250
474 451
258 453
300 456
376 381
220 416
344 316
165 145
367 382
101 148
24 49
359 104
63 428
83 191
311 299
173 247
157 389
316 349
282 79
156 433
312 233
383 93
398 311
49 22
55 110
1 212
482 251
115 354
82 177
134 188
428 327
247 215
227 481
74 121
280 171
297 130
68 387
322 201
234 103
490 179
346 268
86 259
445 95
184 462
309 318
249 441
15 238
436 99
292 282
164 379
229 23
464 182
437 429
236 271
141 277
102 418
438 209
73 214
394 131
155 308
81 343
33 367
266 142
210 213
256 467
414 208
158 88
41 482
483 44
111 443
119 94
269 40
218 197
142 471
211 107
95 465
46 344
88 116
56 353
261 336
303 409
77 117
199 29
161 455
411 54
362 314
216 284
181 172
405 399
341 51
440 102
374 298
319 32
3 75
423 386
271 252
160 151
240 175
179 204
328 43
277 37
391 38
495 365
416 263
417 346
237 9
208 52
10 287
460 165
459 115
137 460
264 109
194 36
499 262
230 114
358 222
224 342
207 337
152 176
413 404
304 167
340 132
60 496
276 69
131 150
275 272
255 159
355 227
104 303
206 243
16 178
455 249
254 141
85 0
310 120
124 270
471 375
430 42
380 34
34 273
226 146
32 225
228 14
281 383
202 384
447 369
323 472
241 147
283 76
301 123
80 475
76 174
201 192
89 218
65 371
139 414
257 279
420 126
37 348
135 473
400 101
0 274
412 216
332 134
239 33
149 397
395 499
453 368
330 264
382 202
494 39
472 483
334 267
153 395
498 27
390 445
125 372
452 276
143 125
69 326
54 207
146 400
17 50
112 162
61 74
79 470
286 136
188 468
375 257
287 158
195 61
151 119
389 66
293 319
476 5
425 490
290 394
484 439
140 196
183 269
345 143
354 157
172 149
313 258
4 166
295 231
205 493
415 122
408 362
360 81
174 341
402 405
108 309
31 388
96 10
251 333
279 229
193 137
182 457
84 253
324 106
6 21
397 291
320 72
225 82
105 187
35 466
203 347
369 340
333 194
262 485
468 281
28 322
18 3
133 155
335 497
53 86
71 449
381 200
26 89
448 58
492 87
162 1
274 486
2 184
92 261
90 63
456 313
265 403
493 154
47 323
329 11
113 302
289 464
422 325
338 477
463 454
242 19
466 421
424 412
200 422
307 31
306 391
11 377
449 83
434 426
132 26
473 331
433 373
121 425
175 402
393 450
57 65
169 448
317 420
8 458
246 452
435 469
253 195
244 355
357 70
116 4
209 312
343 112
387 376
478 285
325 292
401 30
214 334
118 24
215 358
245 28
457 432
129 328
291 413
223 255
58 288
189 77
350 60
171 221
14 356
148 7
167 315
50 364
136 235
378 232
260 491
491 206
462 407
399 398
114 90
470 15
159 294
5 17
454 13
386 180
384 128
321 440
489 111
154 366
222 307
233 56
404 442
365 431
446 153
87 286
106 419
67 92
30 105
488 127
213 108
469 45
27 228
78 55
64 385
166 461
170 396
127 217
441 48
212 16
19 170
40 203
284 35
168 25
147 494
371 392
363 242
467 84
178 487
217 438
366 459
356 68
318 91
51 59
268 266
403 345
43 289
252 220
477 280
298 234
91 47
361 374
392 96
444 393
36 129
442 335
481 133
285 236
451 480
48 434
379 219
331 476
150 169
75 304
421 474
20 278
465 357
109 330
204 199
278 350
396 164
