500 2000
54 0
199 76
423 273
140 398
80 362
403 492
448 138
264 136
155 436
24 121
201 475
145 86
484 111
496 261
476 186
223 361
11 460
200 229
424 264
157 255
474 32
395 62
387 387
494 357
461 159
46 44
246 215
7 474
354 386
260 48
17 292
384 481
382 90
308 12
170 314
1 146
439 133
266 291
326 275
236 395
463 43
72 290
102 49
311 35
371 79
8 471
153 421
185 114
130 459
21 327
172 269
287 13
228 265
438 34
77 7
328 206
469 208
320 106
112 4
142 355
16 364
389 50
296 6
67 38
237 185
62 437
75 328
480 118
372 214
460 234
69 313
344 397
240 9
213 422
20 499
390 349
419 172
216 200
365 426
437 179
230 371
422 165
219 311
143 400
117 127
262 280
207 306
271 233
379 318
443 463
50 221
177 370
91 158
481 450
243 369
211 142
55 377
295 282
225 454
227 217
139 17
285 53
405 451
358 336
74 181
61 109
30 352
238 149
457 16
465 442
165 378
331 77
148 52
281 141
32 131
33 488
68 33
482 477
127 193
339 69
193 325
39 188
288 366
409 98
293 258
445 161
273 263
298 396
221 39
374 373
133 201
485 374
458 324
330 353
98 256
10 209
263 416
87 78
294 334
353 281
268 257
276 322
428 384
247 148
6 189
363 231
95 70
101 399
401 316
454 241
34 107
128 23
115 31
256 347
147 2
370 380
161 46
478 315
250 187
269 93
351 243
272 195
232 424
261 122
455 403
96 239
111 63
360 393
31 167
453 123
483 237
278 60
174 71
79 19
164 224
324 434
73 483
107 202
258 410
420 150
411 284
203 225
359 110
233 300
346 409
442 372
425 493
303 272
444 419
43 30
415 182
291 274
280 337
450 132
131 153
375 497
312 128
307 130
361 176
81 55
337 85
70 433
100 253
179 83
321 171
362 271
265 147
497 154
299 29
210 20
125 420
433 190
110 350
329 250
477 402
267 162
114 359
286 236
13 338
28 298
190 238
35 196
333 45
176 390
66 443
397 346
231 340
0 26
104 28
336 388
283 235
229 230
386 330
217 80
15 47
297 289
322 74
126 5
178 246
23 198
82 295
368 415
192 276
63 96
340 251
92 279
78 220
254 401
398 287
171 405
429 157
315 116
14 469
90 294
381 368
58 37
83 3
244 329
252 219
459 40
349 360
416 444
426 391
414 470
310 448
137 430
146 15
160 392
341 339
97 425
53 342
196 205
181 64
152 160
129 333
251 156
108 91
282 309
158 394
241 226
257 358
404 498
319 412
491 1
180 455
366 356
270 166
26 452
65 411
367 496
37 408
400 92
109 228
169 51
184 151
412 248
89 323
103 351
44 140
189 365
209 115
490 461
182 286
306 304
402 163
25 457
220 22
279 27
120 345
471 252
435 321
467 473
156 204
86 407
186 170
394 423
215 383
318 125
309 73
187 429
249 100
364 97
488 341
159 344
462 479
214 24
242 414
486 42
418 75
440 81
380 119
47 102
71 449
377 144
290 464
350 211
18 268
456 259
173 216
434 41
259 305
4 490
56 169
123 262
113 456
373 245
5 183
316 487
88 58
167 104
135 66
446 427
144 227
85 242
191 406
42 210
304 101
305 283
134 354
388 155
392 113
383 440
348 65
431 174
93 207
132 308
124 296
277 266
498 88
64 213
385 54
49 331
468 465
198 270
12 244
378 57
121 453
327 494
317 431
197 112
345 288
399 472
275 164
245 302
493 134
224 203
464 389
369 135
499 139
289 317
206 480
22 25
94 105
410 95
41 404
475 432
332 382
194 11
151 192
393 152
449 303
175 199
202 491
36 417
183 277
52 124
472 56
205 458
208 232
149 218
441 129
222 120
313 441
479 137
302 478
27 178
141 223
166 435
76 177
301 87
466 446
352 94
234 84
421 418
248 18
325 82
106 194
343 310
122 438
3 10
338 485
99 36
59 117
204 363
300 59
357 439
432 222
334 61
40 379
38 301
2 14
239 267
396 348
451 145
195 247
417 180
119 184
413 126
188 447
116 466
9 175
342 343
407 312
226 307
436 482
376 72
427 299
470 326
323 197
48 108
284 375
154 428
162 445
292 293
274 278
235 191
430 367
335 249
492 462
391 319
408 413
163 332
136 67
45 68
51 381
150 484
57 385
452 99
489 476
255 21
84 212
29 467
473 254
447 103
347 173
218 376
406 168
487 320
314 468
168 260
105 335
60 89
118 240
212 495
356 8
253 297
19 285
138 486
355 143
495 489
