5500 9000
1459 698
4922 4191
572 4825
765 3735
4203 3642
717 1715
3391 3273
1310 1886
992 1989
2106 4641
4150 646
1313 555
2650 654
649 4893
984 2005
5438 2158
2360 4445
3511 2283
3361 2453
3867 5064
3026 3296
2641 2735
1059 4938
4389 72
4414 2704
4141 4581
2185 5439
4296 5059
3637 4507
2842 4088
435 2815
5395 4156
306 3117
3232 3729
2173 2748
2087 5078
2913 3324
573 2705
4617 401
1872 4279
1039 3556
5134 1853
3961 2457
4033 1079
5162 4520
1595 3431
3425 3830
172 2866
184 2491
3013 4136
4372 3908
2843 3630
3482 4303
2365 2663
1605 1654
3218 5091
628 2835
1780 417
3488 3272
93 2223
5110 4953
4546 4052
4363 1141
3259 3613
2448 4196
2497 68
5089 2413
1241 2932
2673 1514
4418 333
4252 1151
4655 4744
483 34
4509 1361
2781 811
1685 2454
3836 4245
2447 1852
3615 2009
3049 591
4703 765
3717 4204
2196 4817
2770 1145
2922 2286
1695 3686
4013 1689
1385 2492
1352 3112
5184 5065
1702 2189
2945 3538
4584 1414
2341 813
4944 4914
5031 4069
192 2922
4595 1657
4961 4035
2815 1161
10 4982
1881 282
2139 1238
2560 632
1062 2195
5133 3239
3437 1686
1877 1533
1928 394
399 4555
3490 1083
1517 976
466 3675
3546 4532
4410 5151
5158 1293
319 4826
640 3435
3439 341
5488 4997
4583 2125
698 3056
5468 1600
832 3292
1326 5404
901 5029
1315 1208
1455 1357
4235 945
49 4222
1518 1277
3671 482
1890 3408
3400 4176
619 4002
3705 2052
2199 233
2427 2187
2490 1516
1829 5066
969 5233
19 5201
1082 893
4998 1001
5250 2917
128 3325
2924 1622
3540 402
5316 1705
3329 184
3555 4574
4701 1489
1109 325
881 4587
4424 1968
2260 131
4778 3380
4020 1364
2306 4525
25 4792
1762 1940
4066 4790
648 3801
4102 3258
244 2536
3486 1504
5449 3195
4868 2013
3298 4377
1646 2643
4899 5346
4805 2873
3244 1032
4946 496
210 3158
1372 4333
3525 1110
1077 2972
3699 1621
1433 4428
1759 918
4392 3777
646 3446
3101 4538
4305 3470
394 568
3371 269
2944 155
5462 5144
3633 4754
5282 1790
3781 3961
3688 5405
3709 769
2240 538
2077 3177
2126 4210
5106 2629
3947 5488
1204 3115
1479 1507
949 718
1633 1156
3639 3305
5101 2957
2893 3905
2137 2639
4122 2913
538 411
2503 1518
5356 3463
1120 2542
601 1150
2619 5468
2468 2526
2720 3069
4914 1259
3001 4682
1963 2795
1330 5099
2212 1774
2112 3430
1951 1070
369 1541
2090 3935
2136 862
3340 3183
5131 1857
2530 523
3338 4490
5228 3670
1752 2844
1150 2036
4312 3145
2793 2244
2400 2024
4217 3479
1676 1583
591 1442
2535 1120
2897 1851
5003 263
3976 3688
5048 2151
3645 5360
3429 827
1166 2926
794 3036
4210 5263
5328 1176
1519 4829
1275 4358
789 1191
4132 3603
3048 959
4824 2155
1849 4986
2783 76
1276 1370
1580 2500
246 5393
4108 666
1215 4252
2591 3361
5360 3259
3348 2637
3257 1803
975 768
3282 1733
427 5371
143 3939
4457 3151
3975 4856
4165 1166
1640 679
1498 3459
2805 4969
1158 4089
3558 2855
260 2901
2370 4270
4035 2180
4353 4688
2752 5479
214 5133
1270 103
1378 1052
5062 4338
239 1830
5448 3885
4661 1769
3528 1515
2143 3072
235 644
2292 4448
3032 3166
480 4530
2188 21
968 3787
1982 106
845 3874
3145 358
1977 3902
4087 5242
3451 3881
807 4928
4532 5198
1816 2205
983 1977
3448 1602
861 1923
479 4773
4358 2478
156 2743
4429 913
665 444
2855 5084
2413 2661
1531 3422
4529 4001
3895 3876
555 1652
4959 2698
575 4233
4386 1041
1650 531
4905 5454
3132 1209
4941 3008
2595 3872
5105 4915
5181 3753
4665 990
1654 4292
5095 4793
2968 1617
2239 5116
1613 5407
2142 1080
4710 1255
4579 5130
1854 1190
4131 1942
1895 1908
1590 1222
4114 5012
2229 4277
5270 1197
3212 5104
3802 1118
1677 3256
916 622
1027 154
190 271
1512 4918
2539 4131
2734 861
4668 3699
3014 2750
5020 5214
1389 2216
2904 3327
1399 2095
2792 4201
963 2702
5030 2293
3564 3541
4324 3867
2879 1034
1884 2378
1003 3407
5363 1699
2710 1047
5404 1381
2160 5379
4085 2906
833 2211
1693 1248
3266 1820
3758 2561
2955 4355
3317 4692
410 3244
1229 1418
1520 2353
3209 3232
4678 2857
668 1227
3079 601
2812 1710
1866 1897
627 3172
2313 2063
3723 4168
396 4681
5460 1074
3386 1550
1346 5003
5032 4198
5165 4421
973 3421
4712 3554
289 1392
2457 1809
3984 1980
910 1759
2643 379
2086 2441
4145 2356
5088 4647
4859 4334
2172 302
5242 775
3664 3393
1457 5278
3776 2566
639 1413
2195 4563
1570 2192
2125 5209
4408 0
3871 4391
4326 1059
1111 244
3538 277
3889 872
3706 1806
167 4891
461 5334
3468 3142
1770 5142
1370 4459
3620 4208
5226 4691
1303 1639
3799 4140
1127 1307
1198 4667
1285 4474
4865 453
1915 1585
77 4564
766 3503
589 2093
1284 3934
3263 465
2983 1258
3818 595
1786 2275
4962 726
4072 2127
4826 938
822 4534
1408 1555
3027 5053
2616 4365
4816 2322
1544 380
1471 3723
2697 3725
5078 143
5302 3320
664 2140
4336 5326
3877 977
5390 3211
1169 1025
1574 5229
3170 4968
1237 552
4775 2810
4873 4068
1294 5314
4293 4351
471 4426
34 1954
739 3929
2366 2689
2439 3045
3782 982
4096 2173
4776 4473
3527 528
1317 633
3308 3568
650 1217
354 2528
3760 2578
367 719
2932 4289
1709 1858
206 412
1686 2987
4892 676
873 4393
284 67
3964 1077
1216 2647
3863 4373
756 362
5417 2432
2158 4200
3857 4944
5256 2279
4930 4157
3075 3595
4361 1722
215 5243
2790 323
2340 4107
2570 2517
4495 2558
468 4246
1277 1199
4861 3703
2283 3795
1417 5288
5212 942
987 680
2419 144
1462 4802
43 1510
1290 495
1168 987
1865 3793
5464 5292
4004 695
5104 650
3505 4618
2075 3113
150 2956
4878 4395
139 978
4772 4451
5275 4892
3423 3301
2437 931
3584 5009
1966 1913
1274 3980
3366 357
418 2736
4689 299
529 2588
635 2303
4280 3702
5341 758
2280 427
1016 3042
3629 260
3582 1497
47 4357
5113 8
4421 5401
2300 563
1651 2487
3832 2004
3316 3103
4064 2437
759 3768
5337 557
4222 132
964 3960
4023 3551
3618 1848
2450 1677
375 3598
2935 2710
1344 1404
5018 532
2256 3358
3405 3790
957 1764
4037 124
609 3747
4988 1474
4693 4635
5118 4542
2971 2845
4082 2060
2920 3657
129 4262
1995 767
697 2550
4966 1026
4136 2196
2232 3850
1242 3873
825 5304
3404 510
4232 3105
1322 2569
1454 5358
1187 3269
145 1613
4563 1712
4335 908
2592 3562
1960 3817
4417 1177
2092 2751
5001 3483
2972 31
4071 1846
3283 972
4474 2824
1781 569
393 1969
2776 467
5470 4835
1648 1566
3746 4819
5402 5197
1412 5470
265 1256
1670 3636
5480 2411
2743 1683
2 2265
3957 607
4785 4942
2552 612
1600 17
3108 2466
805 1627
1828 4600
4170 14
1291 5137
5391 5039
786 2725
2934 1939
5273 247
2640 1786
365 3175
3120 2389
2111 4759
3040 267
3894 2923
4257 3602
3662 1487
4267 4945
531 946
5076 3157
2575 4981
4713 3582
2104 1006
830 1210
557 4932
378 1633
5414 3669
1589 2064
3229 3563
2755 3310
3275 4638
470 175
4608 3066
3097 1457
2540 2826
4058 215
2858 1976
3935 1349
2841 2247
3214 2918
966 1716
3512 2541
2795 5251
3831 60
1244 1024
5173 2726
2245 1398
2394 3345
1594 2245
5185 4328
1782 4203
702 4654
4291 1245
5296 3108
2999 162
1134 1169
4965 5415
4086 1826
408 58
4481 1887
33 1874
941 2580
1324 2863
3632 1576
5196 4762
3828 4106
1080 4727
1469 1780
1375 229
1220 630
3923 108
5214 3098
3314 995
525 1513
1425 1286
3599 2347
2305 1291
1913 1590
4640 5186
3321 3887
754 1656
1110 522
4649 2686
3113 318
2859 5122
1509 3537
556 2120
4261 4437
1558 5245
1081 432
3295 4923
1664 3089
2923 603
136 4888
1623 1523
3260 307
5429 782
401 847
998 880
5431 1658
4837 859
2905 2695
3946 1527
442 3405
587 3749
922 2071
2194 5441
753 392
2737 389
3130 3894
3980 3966
597 5491
1139 2947
5090 5231
4468 4471
506 2783
3077 2255
1358 971
537 3049
5494 191
3051 5135
4014 2059
2577 2377
4256 232
1543 1731
1994 3661
2418 5320
424 2513
2525 1755
959 4287
3110 418
3732 3906
5394 1355
708 1628
1819 1148
2807 3552
122 3889
522 598
2395 4105
2756 2185
3471 146
3325 735
2002 3974
1588 2435
576 577
2027 4005
3158 1618
844 3482
2045 5353
4569 1558
4285 1146
1511 4567
3131 113
4110 2242
1280 868
2694 588
2555 2089
4448 4366
2197 3592
2625 332
405 3343
1556 626
3583 4837
4223 2113
1440 4661
1889 2455
590 3488
4397 1250
1095 573
4694 4862
5450 3673
1209 554
37 2612
3396 5085
1560 3654
553 4523
2004 4217
3874 1785
1445 2715
4676 1919
263 683
1423 3493
4734 4502
1212 2233
456 456
5211 1215
5408 3203
2822 2907
705 2115
4317 4109
2652 4061
2082 1356
3485 3813
4572 4394
11 5289
1888 5261
5083 816
4631 2538
3163 3825
1142 4517
2161 2190
2326 1727
2505 4243
2442 3087
1697 3957
4854 3520
4453 4785
4620 4325
4125 1823
2704 594
3810 4414
2164 414
2310 288
58 4975
495 2955
4845 547
4345 4919
325 3270
2279 1827
942 678
1207 5367
533 4742
1644 3736
301 1695
1435 954
2410 3714
105 1284
2587 1725
1064 2296
518 645
340 2568
930 3466
293 4758
4289 2524
615 4241
1224 5075
454 2522
1930 3023
4643 4324
4189 85
2950 1262
4846 2175
5254 4320
1925 1324
5160 3074
1562 447
121 2978
5009 805
4383 2570
2120 506
1078 419
1279 2312
4723 3132
2962 1890
2885 3235
137 4741
3554 433
4360 3414
979 4432
3327 4853
2774 2484
3560 1084
2747 166
2060 3683
1176 1795
337 2706
3 4620
2402 5297
4278 328
5300 3988
2130 3337
1642 3766
4730 789
3408 2649
2602 643
2054 4924
2166 1461
2872 1353
3117 1341
3395 4360
3470 5345
1953 3564
103 2720
3622 4184
4 649
532 4585
3925 4776
5247 3640
416 3364
1387 355
2829 3739
2026 2853
1068 4713
5334 4624
2960 920
3784 1236
1785 4181
3193 2284
2949 1450
4137 3179
234 2213
4779 4946
1754 4651
2917 347
4646 3647
4178 2646
1443 5247
5039 1560
1957 3571
1167 321
1147 3791
1678 1295
4224 3487
3126 1810
3953 54
4660 3250
2261 2421
851 2757
796 542
4213 2849
1025 1879
1413 4023
3496 3342
14 3304
57 2254
4896 4430
909 351
3192 4335
3885 3061
5461 3767
4577 4494
4411 4042
4602 2092
745 4060
1051 4117
335 216
41 4236
1718 1559
40 2969
1652 3643
3189 3718
339 1069
2965 1557
1920 3920
4309 4820
2702 4658
3567 2285
4956 3003
3996 436
1258 4726
565 802
3524 4353
2405 3744
5075 4973
3160 5258
1624 4371
4514 425
1017 752
3254 4655
4440 3710
4807 4936
3326 4526
1072 4989
3052 2804
4627 5483
607 5082
4354 3508
3787 96
2123 1985
2516 2271
1848 1409
4749 4724
1836 955
1355 1322
1554 2034
4243 4174
2529 4010
2001 23
3531 4312
3858 3947
1852 3515
213 3811
141 860
108 5028
4370 1844
5268 711
4982 4216
1450 3814
1728 3106
4077 2745
2150 1379
2246 3995
4152 3924
2444 3346
2817 128
1266 2054
267 2407
332 3621
4928 777
2567 3253
4281 2626
948 627
2430 4508
5092 4372
2966 1468
2536 3652
182 4686
2095 2079
1662 4167
3918 3805
1253 837
1289 3114
2669 930
3151 1997
1801 1751
4503 2188
4426 1092
3081 533
5466 4705
72 5490
3761 584
4488 5192
1349 2641
2658 890
1165 635
2372 190
824 1475
1193 1902
1682 356
2709 1417
4144 4573
4025 3862
4925 1614
2763 2640
1717 80
338 4495
2170 3575
1024 5449
2029 1952
3086 4639
5246 1022
4311 1508
4747 3121
4871 83
1804 1073
1667 1675
3154 677
4500 5152
2190 3456
3384 5349
2938 3641
4304 5161
430 4609
5481 2358
2978 3833
2025 1433
3518 4528
3904 1625
4373 720
1553 5160
1339 115
2804 1998
5283 2820
3136 4883
5248 1221
1135 4834
2926 708
4554 4833
960 3544
882 2342
2061 2842
5236 5207
1058 3696
292 3734
1919 1634
4218 1899
2386 2818
503 2583
3447 5222
1521 2143
2522 5335
2952 3843
3041 2085
4470 4319
2319 3711
2420 1856
5406 4278
2690 3633
124 2935
4696 3984
4299 5185
4171 3994
45 4527
799 4412
5286 354
4644 5445
1587 4418
1259 2760
2528 4896
3800 2836
3811 4170
4441 3246
3625 2898
2664 689
2919 1765
760 3063
3845 1346
3449 4381
4531 3785
469 1332
2925 461
1632 4376
421 3834
3825 3204
826 4596
3047 5384
1992 264
1126 1596
4672 3759
64 3574
1803 2959
1990 3765
2502 4064
1591 2442
848 2909
1882 659
3054 863
4893 781
1000 5463
1684 2936
4628 2769
1056 740
4423 4642
2657 5426
2617 297
4909 4847
636 2697
391 1661
3390 1501
3433 2096
3139 2430
3264 855
1569 2073
2138 2104
1719 807
548 2278
1465 1477
4493 2944
2227 4706
859 5340
377 521
1045 1605
3009 4329
452 5108
1492 1792
1776 5295
3417 4783
2290 5147
1348 350
1009 3289
3335 2291
314 4808
3808 2875
1063 692
2482 1666
31 1301
4185 2762
672 3835
2213 3635
4471 1003
2500 2363
3262 5403
1403 1610
519 1800
1788 3360
3409 1107
2861 3798
1113 2201
3563 3543
817 986
1318 512
3303 728
4850 2979
5303 4070
1013 2416
2698 4253
3526 161
4461 2678
370 3631
1581 936
4867 4879
578 2474
2129 2381
3718 2086
2407 4400
2040 5148
2802 5138
902 3156
2315 1055
3548 3267
1987 3608
3908 3629
4549 3784
2211 985
3748 3297
3387 2563
524 3580
3057 1472
3626 3923
2866 3927
349 1180
2544 1752
634 897
3082 2509
4340 1465
3907 1569
2642 4850
3690 2921
5444 2427
4651 160
4338 1103
1197 1377
485 1234
3245 5280
4697 30
1392 4392
3357 3090
5230 293
3178 381
854 1687
3087 4732
3198 5376
115 1736
3274 2683
3860 2984
1552 3243
2277 3220
3579 272
1245 2914
1864 1532
2028 2624
2140 2952
3621 19
4993 5337
2618 3016
392 511
2937 933
4764 3869
1985 5381
2986 1645
3185 5212
1464 3911
96 4673
3341 2119
1783 615
4475 3181
5099 3419
3930 2220
2486 3612
2880 819
605 2902
3063 2449
1629 3402
2877 491
802 4275
1316 3122
3616 4147
3598 5007
3604 4290
5150 5149
3462 3722
5471 3550
4658 3321
132 4816
918 5218
923 4094
5148 4734
381 2565
3678 5477
2281 2790
4877 2062
1199 3389
2050 625
1959 2597
3394 1975
1747 2584
4535 3202
1515 87
3469 1090
2066 3700
344 1359
4855 4735
2101 4604
804 5010
3319 2807
2653 4058
1177 5046
290 405
5050 3907
109 5165
663 4803
176 5424
4704 2308
2517 3799
2057 2530
4684 4343
2476 4209
1893 4643
4008 3525
3122 2805
2541 593
4262 1281
5305 3680
5145 4670
2110 3819
5172 3780
1477 63
5452 3501
4815 2882
2706 785
3223 4175
3157 3290
2964 24
415 808
1362 2306
237 5042
972 1842
1907 4784
2159 1525
2357 2595
5041 1446
110 2160
720 814
2545 4680
2827 59
713 1813
59 2518
119 617
1327 4873
1128 4779
3171 4814
3870 2386
3096 2424
5116 258
3588 2846
4874 2318
3966 3752
3179 4717
1040 4332
1813 2930
5453 2529
3757 1498
3121 4572
795 3682
1084 3349
467 3478
2053 3176
2176 2867
3427 2112
1608 2714
2731 3104
3306 1599
4465 1387
4768 621
3786 4672
905 5011
3301 336
146 1459
3731 3671
606 3959
3392 4704
3058 1376
1826 602
1312 4350
1540 3972
2392 1836
4862 93
3021 4125
764 1847
218 4985
3161 4839
600 3706
1859 1038
3099 743
2546 3891
4478 5431
2809 1231
2177 4995
4931 1491
472 180
3933 296
2956 3335
4413 5464
2094 3234
2264 1358
4067 4018
328 4685
3865 1889
4803 694
3127 2816
712 470
5017 3059
4718 4699
3635 1690
1891 4248
2994 3025
2942 125
4757 2403
186 2332
1164 342
566 5237
1136 4880
3460 1825
1351 3681
2754 5387
2865 1760
2735 3697
4638 3141
2157 4503
2900 2172
3677 75
3173 1520
1668 4390
1810 4438
2493 1448
563 2803
4912 3070
4843 2350
681 1290
5495 5461
3541 99
1096 3913
1997 2817
2590 4460
412 4336
2318 1831
1926 4285
1807 2881
1175 2010
3064 1140
5143 3438
2524 5016
1791 5175
5253 4093
912 4272
5209 4138
5149 4703
595 3827
2969 2656
2614 3130
4111 3769
2484 1754
3434 5014
892 3837
2135 3569
2874 3802
1655 5423
4097 3287
2801 1867
1052 5206
527 2144
2580 3864
4545 3468
3751 4211
1688 5132
2789 3786
3246 4254
4840 18
652 4013
5100 799
1140 5048
3956 3282
5147 5153
4811 1029
4795 3138
3156 1775
5087 5440
2622 5086
120 2395
3654 4368
3638 2585
199 733
4829 3071
858 3336
2512 1877
3652 1352
2273 975
4031 5172
5322 4907
3104 4715
2429 2993
2118 3712
2860 3863
4528 2015
704 1035
5346 2665
3998 3663
2373 3638
2654 3188
5292 292
1817 147
3374 3439
4729 4026
5045 44
2387 2003
2270 747
4089 4841
4352 2996
515 1978
4715 1534
5120 4811
4733 3545
28 4866
4053 1338
4527 1402
4501 4269
2506 4584
2467 3981
1273 2399
5252 4513
1034 3727
872 3485
715 3159
5263 535
1145 3774
2097 1708
5220 4745
3572 4207
2609 2887
2065 1122
4974 3050
1037 2833
2627 4296
1365 3443
5447 4589
2707 2170
803 1778
5186 582
655 4683
521 3068
3945 2632
1612 2067
5272 3708
4940 5327
3580 5166
2102 1668
1272 1983
1658 3028
5176 134
5428 1407
3807 163
4970 1706
4173 2606
5197 5408
3892 1336
4823 3490
3072 4652
3269 4387
3499 5067
4888 2021
181 998
4499 3925
3970 285
733 4342
2187 5131
3480 2910
2579 4431
3565 858
2291 3865
2632 2560
3972 1439
1931 3977
211 1907
911 1749
1975 5098
4214 3043
204 246
3174 4636
4760 787
83 157
1522 2103
4367 4230
1802 4992
4539 1647
2906 2687
5412 4710
3015 416
915 4979
1201 1971
3873 4009
1219 5056
2723 5155
1674 4730
1333 494
750 4967
3687 2056
3074 4223
2980 756
694 3127
610 3180
2422 3060
2397 202
102 3720
2163 3717
5168 979
2343 2973
3478 3674
5420 2468
2031 2326
953 3940
7 2525
900 3392
925 3314
4115 3413
1489 922
860 2895
1927 5298
3617 2700
4127 2334
4875 4240
1867 3329
486 4380
1446 4375
13 3351
2131 3796
1745 2232
1131 2016
971 1065
3292 1194
388 4180
4005 415
947 1992
5324 2087
1481 1479
2035 3048
1883 1864
3219 4123
4236 2850
4674 1114
1905 2072
3332 177
1631 2047
1911 3896
5443 1015
3640 2519
2600 4189
3815 513
2383 1664
3922 483
4303 222
1092 5250
2574 1757
856 3882
5370 835
961 2020
2719 903
1530 4579
3826 710
5377 3031
101 5389
179 1649
616 46
2124 5001
3866 4139
4001 492
3985 1670
3152 1313
3463 35
3236 2132
549 4926
3887 2567
2847 5043
1958 3651
1647 5176
1599 5452
4766 896
1008 3743
602 4684
1617 3535
1897 1185
4039 1115
1472 5037
4977 56
5376 3914
3698 286
3949 4215
4400 2387
866 2964
3659 3590
198 457
3820 3116
5439 4733
3002 4293
4806 4144
4081 1635
2771 2791
4686 3576
2800 5061
448 283
3556 2134
5451 4359
2761 2949
1863 1606
4942 1964
3522 3206
3250 927
2013 2148
1914 378
2073 245
236 452
4950 2253
5424 1384
4364 2620
2630 1067
1858 98
894 110
815 1421
1121 3308
2566 1441
4771 4738
152 2139
608 234
4722 951
2721 2782
1430 2337
4374 2544
2888 3573
4920 3034
4328 2081
1750 370
5319 3639
974 1196
3798 2965
248 135
2100 2485
4288 5092
5034 1676
4872 5301
3793 3379
5491 5336
4835 3897
4051 249
2481 3919
4146 2749
783 503
4657 49
2511 2299
135 610
1839 3173
4876 4663
3226 1660
2674 5391
1789 4590
1491 5467
4645 655
651 3792
1758 1840
3456 2579
2064 4433
4337 4033
4047 281
1508 4540
4126 142
3273 4865
4550 236
4504 2178
3277 5221
2745 287
459 4800
4650 1570
1331 334
3844 1133
1089 4129
570 3223
2550 474
3300 5200
5068 5272
1542 3701
880 4417
1825 5313
1798 4115
4113 3047
496 1538
2216 4012
2623 5347
5205 5484
3346 2077
1321 3376
886 4288
3700 3315
2492 1932
4334 1528
2081 3014
2933 4566
4759 4087
1020 2268
5255 2215
2724 4007
1833 3518
1980 1253
2958 2505
4598 3082
5378 3350
1161 226
4709 431
1659 4510
2979 4591
5141 2534
2411 4568
1066 1709
2957 2848
907 2070
3578 2766
1487 984
419 788
3134 4659
5486 1435
701 1738
718 3713
4292 109
4347 5087
3515 1375
4677 1616
2127 800
5137 3976
3590 211
3137 1577
5132 3856
5315 1427
5098 1449
2984 9
4745 1243
3225 1289
1328 559
5477 4103
4163 1163
162 5478
3034 3619
177 2619
4623 4535
2661 3685
3442 5482
462 3189
312 4491
3772 1872
256 3313
3769 4476
3539 2000
1596 2559
2403 3748
3475 941
1572 3200
5386 2263
937 66
898 1128
4578 2812
390 3946
1144 687
4382 3078
714 1154
3484 4806
487 71
2513 3399
2055 641
4129 3938
2648 3193
5061 5210
74 3542
3735 2053
2826 2497
220 1603
2080 2066
884 2600
3726 664
1238 4383
3294 61
4916 5447
893 4025
2154 5002
3534 3015
2867 3776
3248 939
2953 3773
2048 462
3354 220
5129 2670
1283 4796
3963 1463
883 887
3861 2503
2520 4863
5478 3614
3987 1444
1307 1521
3285 5103
1749 2163
61 969
3661 1329
4444 1909
4614 5462
4359 3231
12 3704
2214 4148
596 2539
2521 2723
178 1473
1367 2397
5188 3978
360 5471
2221 3524
5125 1539
3742 2400
3658 1064
4029 772
569 2884
2672 1588
3967 2784
5180 5018
1130 4872
780 4162
4416 2464
2473 4145
2128 4456
690 2876
2301 4994
4717 1930
4371 1219
69 4299
4603 1883
1299 4937
3520 4998
2687 1046
431 741
2287 3474
2954 1365
4945 3610
4972 2650
1724 45
374 2533
4731 1970
4849 5100
1680 1187
654 383
2797 2101
5171 2954
4797 944
3440 340
516 1252
552 721
4060 2463
2787 4031
8 4901
1842 1698
2831 812
3028 3558
3745 3412
1248 943
138 3135
2777 2212
1047 4559
3673 3403
1019 1895
1598 2008
3186 4551
4041 4266
3777 2893
4036 4903
5002 1505
4989 4902
3165 3709
2200 1524
1090 1772
395 1085
3500 1728
3657 2555
2438 3968
4904 5213
488 3504
4801 3330
3651 2364
366 4864
2598 4956
498 5283
3085 4615
846 1131
737 597
1585 407
439 4205
2931 28
252 871
4978 631
2322 5331
1991 3548
2208 1604
3221 2361
4399 2311
1048 4378
4249 2084
4048 2206
1760 2029
3142 841
497 4497
1376 5022
2825 714
1354 4212
1451 2372
5026 914
180 4232
5446 2809
1235 517
268 13
2330 1386
5271 5106
785 648
233 1267
5163 1999
3928 241
4175 3910
4581 2827
3856 5174
1211 1388
5183 514
2645 1273
4124 4084
4135 3448
4205 2261
3012 3770
5191 1629
2834 4610
3379 1363
280 3915
2472 2295
4237 39
3739 4569
1922 2408
3920 51
291 3926
4626 624
3424 2078
4919 1935
3536 1082
5035 4576
5027 4197
384 856
4735 3589
2597 2324
2603 2343
2886 4770
749 1784
4239 4897
1615 82
2042 1049
3576 850
165 1268
1091 1650
5260 2251
5000 5420
4891 5498
380 3506
2899 1020
890 2958
3909 1279
5459 289
3164 1068
400 2473
5496 3818
2076 439
3728 567
5210 306
3854 4128
318 227
1741 4264
4632 172
4272 1797
5421 3002
1701 5088
1660 167
345 5474
2631 1053
270 2877
2134 4628
1853 2470
1706 4102
326 3755
4951 704
1338 1962
0 4630
2732 4074
2309 3275
5053 4876
4183 1260
2355 5183
4331 1662
4200 4015
1486 4976
1730 4608
4599 4273
4707 2141
4716 322
1032 839
3071 2046
1125 4720
5052 3617
4434 3742
1945 1354
1999 3782
4576 3771
3506 3432
5380 3055
4221 1106
5351 1348
4496 324
4971 608
1743 1314
1071 4881
2463 963
1722 4906
2018 2951
2122 760
2915 1164
4611 203
277 4515
2432 5262
3279 1987
449 2033
1845 2871
3549 208
193 4586
170 3226
2996 1443
3788 3348
4923 1266
3774 4158
3875 5333
644 3761
4589 774
1502 4900
3911 4550
3288 3521
4999 1271
2268 1078
5201 1791
499 1319
5364 842
1737 133
3744 3357
541 4886
286 3205
3627 4952
782 739
4164 516
1940 3150
2832 4665
1767 1500
2147 2489
2884 3997
1835 4627
3577 2592
3055 5450
5169 4041
5208 4104
1223 2586
4138 3695
4828 2856
251 2131
1257 4769
2651 596
1054 1305
1830 2039
1170 923
778 2929
2941 5119
3363 3409
4310 3013
2559 5190
5063 3529
1961 4598
149 2043
700 4748
2839 3839
5387 4772
80 2041
950 4895
5051 983
2068 5208
3090 3871
3106 3831
4981 1859
3835 4040
3412 3225
5411 2434
20 5080
1965 3498
1551 156
3217 4407
4287 3958
1292 2543
1771 1155
1954 489
1023 1854
2695 2814
1968 791
1035 5248
1153 2834
2247 899
3734 4578
2532 5496
510 3528
3992 3845
3557 2321
1123 2933
433 3757
63 898
5331 3271
3783 3954
1679 2982
3149 5394
2017 2911
5330 1218
3205 3161
1841 3480
1575 1928
3393 1470
2711 3451
2302 3594
4195 3017
2401 5126
2509 5101
5353 4789
5154 1624
1112 5113
3343 4993
3931 4454
4271 3953
4780 1814
2667 2634
1295 4403
357 396
1353 248
2332 4964
871 3140
1260 4370
2285 1343
2480 530
2217 2392
1561 2239
4702 3721
5279 2167
474 88
1923 393
229 3806
626 3993
3971 1732
643 651
3138 4549
2907 1096
281 1086
3436 2633
1541 2099
1993 2608
5144 1773
429 2889
2206 4004
482 2691
4162 929
3792 280
1256 5194
1214 4468
1523 1692
2901 2401
4301 5195
1727 4416
5194 909
3133 4701
2440 459
4639 4101
2207 5167
2729 2813
5243 2599
148 235
2816 3492
3183 2426
3679 4812
1171 3449
1557 2370
1228 5125
1203 3257
3900 2405
2596 2032
3112 3465
2193 885
1622 3599
1254 5033
530 5398
913 4512
2334 3838
5182 4083
4597 429
680 2941
413 4472
2222 2042
4388 1637
853 3546
4886 5143
5112 3201
4432 3444
4698 4450
4103 5305
2940 3967
1868 3394
1105 41
2854 2983
1619 2448
1989 2774
4344 3024
1799 940
1380 773
4781 3455
2228 2406
5382 230
696 1580
2443 5330
5193 3416
1410 3625
3045 5458
187 410
1055 2630
1271 5230
645 1044
2005 2145
4980 1172
5419 1123
3927 5008
1516 1646
2063 2393
4002 3962
632 3854
1151 2191
5177 2309
4848 4247
4010 2701
4610 3245
3642 1105
1006 4933
5308 4541
216 4467
1240 667
232 268
3355 616
362 2409
5437 1678
5126 4193
2441 3288
659 4631
1282 5236
906 5241
81 4251
4123 2680
2303 2537
582 2631
4143 5383
3999 4065
2238 550
4506 3948
4770 5188
46 5388
3724 2450
3042 1771
3715 3600
1482 3816
1191 1589
1230 926
4901 3362
1947 1729
4476 2128
1681 50
2223 2181
3891 6
1714 4463
3899 3319
1794 4950
1480 4925
3030 817
4255 4143
4882 5070
5025 1091
3190 1247
4463 1393
4074 2396
2997 4664
5115 2858
3443 1320
3323 2552
2220 4714
904 5076
3806 2604
3596 5481
1021 1905
5066 900
348 2412
3663 33
4021 424
2141 2257
1366 4282
2679 5375
982 5487
272 1142
980 5034
2733 3626
294 4501
686 2674
2146 2521
5038 2870
1149 876
1342 3374
1087 4676
5082 121
3320 2030
1981 5472
1689 3877
500 2718
5175 1454
4394 2111
5397 3540
3502 1306
1028 2202
4245 2200
2542 5430
4180 3779
4765 4922
3716 2759
777 2581
3650 301
1116 1863
16 3334
3056 3555
4960 4632
2293 3228
3883 1437
1117 1910
4551 1644
996 628
5479 660
3749 2587
4024 3509
368 5255
2149 4771
3258 1406
3159 4499
4139 4149
111 2388
784 638
2265 5260
4691 4054
1384 2262
3095 4774
1886 4341
4926 3611
1820 209
5195 2345
2021 5105
3180 4422
620 957
2882 1350
3200 5455
6 904
932 1702
4605 4036
5433 1595
879 888
1221 3741
2376 4696
2998 4226
3553 3807
3065 5264
66 4852
4908 585
4522 256
1029 864
3568 4259
1036 4885
5227 1066
4385 5239
1301 815
315 3119
62 2444
398 4974
5146 1546
3755 4027
2175 1584
351 1915
1832 4382
2263 2589
1510 1488
4034 73
2928 3368
5204 1021
3023 1632
2191 1476
936 259
3607 3423
2510 4073
2629 1694
5189 1611
3046 4151
2367 3666
1236 1682
5046 2498
3261 5000
1334 2135
4699 4415
1263 1315
361 298
5111 4592
1946 1285
592 892
3419 4440
2519 705
1862 2234
4327 3417
2959 1311
2813 2847
2351 193
1484 4556
4936 2298
1154 4640
642 3942
3286 200
2891 2547
5287 2074
4043 3065
2266 481
4543 5275
2903 520
4976 2277
465 1302
1311 4693
2019 1121
4121 4846
4808 4100
2071 4616
1122 2446
3973 3149
2052 1492
2282 331
2133 2516
699 1405
4737 5271
4864 4987
5102 313
397 4588
2446 3899
4607 3950
2909 2861
2605 3975
2012 3917
4773 168
4116 251
2434 4613
253 5351
1729 3099
310 4561
926 2658
2612 3565
629 1309
1967 693
5383 4030
2353 3458
4906 3390
171 2967
5016 988
5455 2800
1186 2602
1332 4755
2186 2460
2205 1724
4153 3716
1740 2758
2350 1232
2883 3039
545 315
1357 2197
1614 5428
5332 5050
2988 4188
5085 4711
2336 3118
4613 4607
2347 261
5094 2605
3474 2117
4242 1667
2337 2494
4692 2601
4494 700
862 1901
4473 2108
888 2662
3116 4951
3816 4522
2003 5072
2316 3053
2671 3495
4435 265
5213 2217
4112 1921
1704 3286
3830 3601
3886 1333
3829 2788
1185 3507
5238 5378
2686 3347
4117 4996
2601 3534
2295 3198
3385 1483
1396 935
4059 5294
2465 36
271 3567
630 1553
3202 865
202 1216
1097 5184
1988 2778
770 138
2108 5146
2853 2102
493 1294
1645 1300
4405 3627
3333 4166
2417 3018
1850 2287
4534 5395
2537 4298
2226 4153
5290 5006
2314 225
4464 3922
1114 471
1309 4096
1438 3236
2458 2985
5056 2767
4462 5414
1341 2771
2078 980
5320 4314
90 4617
2995 4111
2380 365
965 3655
2181 4707
5472 2819
1504 3514
5239 4354
2151 2508
4542 4429
603 5451
2759 1469
3859 3533
1563 958
1415 1345
4172 1033
5445 348
3537 4053
5151 1012
5361 541
3350 5410
3813 5199
1943 3931
4254 1530
1577 1561
169 3951
264 1317
1735 1548
2116 1088
4219 3441
773 4195
2985 706
3814 545
185 1207
2533 4268
691 4465
2363 891
3785 5342
1419 4575
4436 5421
2426 2614
4900 1347
4625 921
3128 1779
1368 4999
4885 1565
333 178
4355 3040
5473 2110
1656 1296
3656 2130
3838 2988
1792 722
273 2390
1592 4283
568 623
3318 2150
1628 2603
3431 4086
981 403
3977 5228
2308 749
3114 4356
32 783
4206 4249
201 5282
4719 1057
2371 10
3093 4199
5333 2594
1878 7
3747 3428
2274 4475
3862 691
3069 3440
3878 2721
1400 5460
1335 4337
2728 4939
2349 681
1050 2048
3103 1812
5280 2616
4106 1673
2333 3307
513 5083
1548 3091
4057 5170
3025 4318
2107 1223
2857 5277
1687 2162
5335 4051
227 4832
1300 2747
842 3895
2668 2316
3461 717
1174 5273
5167 548
2237 1579
3994 250
438 5117
4073 3522
3296 2157
3624 4848
4409 2121
1565 5350
2361 4842
3508 53
4351 4719
4544 881
3924 480
2215 5095
404 43
4404 784
1964 1845
1784 3094
4647 3762
2311 5373
5389 1839
1505 3690
1041 1734
4682 809
2390 3691
3491 5227
4070 3165
5012 1496
3204 786
5368 1485
5403 1741
2571 2535
4026 195
2433 2666
997 2040
258 1711
1288 3095
1033 4504
4492 993
2738 90
4706 2623
661 3083
4161 4984
4094 2169
1887 500
586 404
3473 1640
4459 663
2257 2711
4774 1943
3446 707
4241 1130
2824 843
2089 4970
5161 3658
85 2897
1306 1631
1475 194
2778 4877
4924 3832
1900 1822
4580 430
2459 883
1506 3591
4377 4225
1323 989
3312 5446
1178 637
2317 3007
5043 1420
732 440
952 217
194 3737
2069 779
1637 2433
2312 1927
3243 838
5384 964
3255 1747
4181 5259
1160 3829
4798 1101
2896 3139
2740 5145
1104 5322
1843 606
967 1960
2982 3484
3543 1367
4387 1
2688 4008
551 4455
1442 2357
5454 192
4226 2317
4984 4055
3910 20
1463 1855
4913 566
558 4255
1152 3526
2722 4121
2675 4553
878 3426
1564 5344
1371 3616
3344 1866
1698 5202
5415 2014
240 2159
282 5005
3043 4098
4209 1726
1115 4331
3403 3298
4990 4751
425 2611
3464 149
3623 464
5336 3162
3016 466
727 4257
4929 4815
4198 1979
3779 4267
2811 2219
1356 4612
1468 4743
56 4095
389 4595
4526 2147
2038 1334
1710 1261
22 4482
4075 4047
2501 2068
1213 5433
4329 3840
4777 4466
166 3846
1800 2582
899 5390
4202 5432
2396 3615
758 4791
903 4807
1744 2088
3019 2499
279 848
4834 2122
4325 4413
4050 5436
4390 3370
1278 4114
5352 4753
4881 5316
1394 4187
1663 3366
1441 4801
5156 1019
5086 1440
4711 4229
196 2794
2930 5466
330 4092
1984 2404
2633 3291
2624 3184
1636 3912
212 136
4630 70
2098 1972
970 916
3376 363
161 3371
2099 1509
1838 3356
2868 1860
1513 1934
4250 3687
4169 3197
226 3395
2495 1990
250 3653
3339 4406
3083 709
546 1005
1329 239
511 426
1162 3344
3797 776
3382 3930
2421 1212
2918 4458
481 853
3450 3740
3958 2133
4895 932
1699 2354
242 5238
342 1282
5484 529
5298 423
3685 116
3686 2028
3766 3134
97 487
2234 74
5440 1636
4393 4781
1247 3471
1567 15
4197 2425
2766 5136
3960 3067
160 3331
4615 4557
985 2243
1377 486
3293 5485
2385 1746
2890 5060
2253 22
4142 5370
836 4164
154 4411
1086 330
5164 3578
407 580
4708 1383
4748 2829
475 4339
334 2222
1812 3110
1696 2576
2272 4116
75 2628
4616 1391
3271 5047
5140 600
599 119
2621 736
3851 5357
1665 2118
4860 770
1239 153
1972 2418
411 1953
3756 2830
5343 1124
3762 3418
4724 973
5241 5343
3523 4827
183 4479
68 546
5392 2002
1046 3265
2470 2989
4323 2137
943 458
3287 875
2819 2431
3373 406
4604 4533
4460 3596
3805 1318
2973 114
3529 5315
2838 4134
2947 1551
1733 4614
5249 2006
577 2480
2259 5049
3003 2843
434 1089
5097 5224
2628 2391
2032 796
4720 2368
667 3169
2406 4291
2445 4235
588 2319
1157 5062
1507 4152
4606 4097
324 3605
4949 5079
3833 4099
4536 3561
3399 478
1536 1941
2647 746
1675 150
4430 5045
4368 4405
5218 4860
813 1037
283 2198
5245 1076
2821 4657
657 5427
3644 3607
3162 3434
2242 3268
5130 3137
4159 797
3530 831
2563 5158
2072 4935
1885 2146
386 3152
1466 3513
151 2573
1635 3274
4992 3154
3991 3101
1894 3097
3707 1168
1690 2696
2167 3848
4547 732
2584 4694
476 2168
2399 2290
2248 2975
811 4408
2070 4943
2083 5097
1861 5396
1973 2808
1932 2126
1731 1045
2514 2177
914 3126
4592 1102
3228 5296
3937 2549
67 1961
976 3194
4012 1562
4398 3532
3194 810
2876 2058
5430 1626
2526 5096
5198 338
3053 2523
4987 4911
1470 2075
3337 4461
3372 2638
18 1718
5309 1578
3701 4854
1287 1896
4052 305
4045 1438
3695 2679
622 2229
4415 2551
2576 2264
685 3178
1499 3999
4157 737
978 2490
1015 4660
2568 2129
4402 672
4042 3323
89 1554
4467 2235
4769 2741
3943 3751
4099 4948
428 2462
269 2438
5170 3190
5436 729
3281 3491
423 4330
3561 2556
746 1058
1707 4904
2115 1031
1879 2186
4022 2176
356 5480
3936 2237
5492 3237
2024 4165
2554 2838
1822 5311
140 279
4246 2373
2374 4154
2810 3222
2231 3756
1601 376
4663 2477
1837 750
4487 526
4011 1339
3827 118
3660 4076
4314 574
885 1986
1107 3637
3492 3254
3252 3884
788 556
3426 3038
744 3309
955 665
1194 4
3044 4374
2585 366
1756 2731
3466 3208
2321 662
464 1331
1163 1821
4681 2116
1896 1988
534 2511
217 2801
95 490
4225 2214
4265 2274
2806 4716
2391 1330
2461 1283
4635 4478
2044 4305
2046 1522
1205 3909
4427 1659
5262 311
3753 3878
1436 158
1302 2734
2255 4605
1461 5216
5261 3566
1182 1547
5489 5223
1716 4775
1805 4028
243 1581
2760 1119
5072 4524
2751 586
5340 907
1085 4940
5366 4858
3380 1586
1723 3058
3519 5435
3008 4656
2611 3019
5096 4637
3010 1326
3778 2154
2768 2621
2016 1351
1070 290
735 2248
791 2057
3667 3046
709 5438
302 1723
5276 686
9 4536
4174 1950
2059 4446
3406 3987
3982 3746
2478 4003
3704 4698
5362 1697
3022 120
2201 962
1611 553
3418 86
5405 3577
3018 4127
535 126
1761 884
2455 4346
3988 5204
2849 2754
385 475
1734 2445
4571 1933
816 1882
3304 4648
674 2138
1583 2018
5310 2315
1252 5422
4341 3033
5463 3486
383 1623
5354 5127
2224 112
2469 2360
131 5141
1766 4419
4917 4172
5033 123
295 4489
1814 4046
3697 2367
3898 3809
346 5306
2278 1249
5297 472
3696 3810
3365 2481
491 1996
4520 130
3655 2694
3916 960
5155 4016
1250 3879
3939 1165
2518 2520
1490 1835
4880 3247
1493 1136
1075 3123
1969 684
1527 4017
1460 657
2034 5017
1582 1735
787 4452
4234 5109
1011 2510
781 1948
1067 2831
1 95
3896 2676
5422 4498
2325 2221
4080 5284
299 2204
2007 186
296 2346
1360 1017
4406 3821
4954 3620
3906 4830
4192 3900
3210 4179
1986 1188
2527 1184
2109 371
4762 326
1363 4250
3989 4081
2485 4823
4269 1543
3929 4399
2180 4067
4431 3109
4055 2627
693 5359
583 4697
4403 2313
42 4963
1402 3464
3552 3916
2573 390
4964 2501
1524 3041
4028 2327
1703 4700
2398 5303
5350 2840
5266 1655
2773 2241
1998 2744
4056 1369
3472 2707
455 2738
874 3192
4349 1205
5498 4917
5207 3860
5371 2336
2010 1075
1373 3209
1899 38
457 1955
2556 3648
1918 5369
1336 915
382 2297
5413 2883
3381 1815
2635 1991
1593 2238
163 1175
2782 952
2412 4875
1325 2171
5187 3102
5070 4420
4510 2369
580 4577
3575 5036
1774 4090
4472 2716
4552 4777
5153 670
4339 2314
2543 145
2156 5363
512 761
2304 2915
938 3341
2008 188
4270 527
810 1189
4038 1242
1904 4221
4967 581
670 1292
1030 1211
5040 3214
4683 2123
3614 2260
962 1213
3759 2459
3187 549
1108 2208
5042 397
54 970
1079 3215
4275 2554
1226 4601
543 1456
3070 3758
868 5409
772 3516
222 1147
53 2869
1044 2458
4228 2252
1978 4242
4356 4311
5485 673
2258 5163
1195 895
3902 4760
641 1529
1970 1805
2375 400
2000 270
5216 1287
3912 344
4260 84
4308 359
2454 3163
1189 4882
4590 2864
4093 5425
3754 2495
5345 5475
946 3328
2121 443
841 4725
928 731
2764 5180
2369 2591
3507 2564
1488 335
4000 5023
598 2900
3237 5115
1429 745
1391 2461
5217 2786
3351 518
3550 1445
2974 1957
4593 3990
4231 2280
4820 3196
323 266
3362 5444
4259 170
1340 4898
1319 409
1763 836
1692 2019
2037 4545
4376 1430
5288 3388
823 1937
4069 3823
2791 924
5157 3352
4675 2106
3414 4206
4847 1875
954 3207
1099 4845
5142 122
3822 3462
4985 320
4863 4171
5294 3628
3682 4746
3934 1008
4369 3005
1934 1787
1305 437
990 5114
1673 5044
3852 5402
1129 3668
5267 3044
4512 2149
1083 2300
1857 734
3331 1028
1042 3174
571 2161
829 4957
2691 312
956 3943
719 2164
1700 2657
1057 829
1190 2482
684 618
414 4326
2117 1206
3849 1742
1298 1170
5019 2659
4833 2351
3668 242
3559 206
3821 3353
159 505
3955 905
1545 2854
134 212
437 4869
359 57
3416 4890
4659 4434
3880 1050
581 806
1778 4650
3801 4756
687 2502
4297 613
4282 3129
221 3037
4516 1366
671 2607
1917 3084
1031 1936
877 1214
3646 1072
2898 3593
838 3659
123 2374
1359 560
5469 3387
891 4310
1547 214
3017 3963
2833 2076
1874 5372
2453 3672
2634 715
673 658
4525 3530
1361 2249
371 3644
4160 3410
372 3996
4744 5324
2914 4931
88 1862
1979 4634
3926 2025
3182 4059
4166 5156
2902 3285
2762 2344
3037 1701
2364 2717
3729 4795
2557 3731
2758 308
4728 2927
1456 4874
5202 849
2298 2548
4188 4916
432 4234
939 5416
3006 2684
1262 1027
2981 4809
526 2272
1525 3264
2848 3581
1641 4788
820 4021
2748 4983
4491 1503
4015 536
2693 4768
2769 3311
2767 3081
4263 1257
1751 2865
4517 1838
3610 1641
2252 3391
4346 3973
3708 1373
5499 2097
3665 2593
4695 353
2022 1237
5329 675
4229 4851
1159 4961
2342 3586
4825 3032
1061 3469
1249 4855
2271 2506
2165 4548
2784 4276
4365 2109
3153 4750
2388 3281
547 5129
821 4345
4714 4308
1666 1235
539 4859
3962 3557
5401 878
3837 3549
4890 4228
125 3842
716 696
3364 3760
2682 3622
798 3517
1437 1436
2189 137
5348 1462
4957 1743
4555 4947
5057 4958
2908 755
3848 507
4568 5291
895 4965
2561 1719
1173 4611
2119 2304
2887 4110
4637 4363
4294 4137
1996 3539
743 468
4511 4256
3834 317
4277 539
2174 4079
3091 388
1638 965
2586 55
4943 2203
4458 1959
5475 5323
4821 3536
5425 3447
986 2980
4437 912
1639 5266
3917 2476
2020 2598
1014 213
692 4929
2990 438
1458 640
4540 469
3672 1574
3410 2796
197 1428
4149 420
4831 3006
1155 544
4207 5154
5277 3783
403 1060
3216 2772
3692 3705
5396 629
254 5293
2660 257
4283 3107
1621 4238
5325 1744
490 2514
317 5068
3203 4908
3968 1270
4948 1108
1192 1967
2610 2467
304 1798
3532 2065
2345 3340
2093 4317
5136 1224
1713 639
2713 4019
300 65
3438 2027
1222 3944
4857 1432
2558 4038
1501 1030
5224 434
4194 5332
127 3475
4814 4861
1559 4934
2041 3277
4420 3775
3359 614
1971 3460
278 2124
1296 2939
3585 4824
2103 4991
977 3932
376 4878
3039 515
4447 2976
2477 2199
2132 4297
1444 4260
3824 4294
4040 387
561 2023
3795 3678
2620 5400
779 29
2414 3384
3613 5189
897 5308
4839 3133
2830 1750
5323 3803
1439 3624
1818 3312
3242 4469
819 2465
4101 3445
4320 181
5119 4990
4869 2012
3349 5270
1880 1312
1453 3255
1148 1014
1181 2469
2796 5026
4318 4443
908 5244
1225 349
666 4518
4079 882
730 399
3730 3587
2507 5157
3197 4506
1018 2366
3979 3160
834 2183
3251 4786
852 5140
373 377
4155 1171
1146 3853
3005 4718
2096 1116
3299 1429
2677 1788
2320 3597
157 5413
5222 3855
4937 4857
4362 801
2588 1651
1206 4813
2169 2974
4819 3010
436 4690
1428 4731
3574 185
1390 4871
441 1707
1584 4899
2765 5187
3974 4675
1533 2340
5103 4747
5138 2908
5059 3904
4858 2999
3233 1951
4740 5279
4455 1824
3591 803
445 4349
484 4887
2449 3249
2354 2325
2219 4126
3809 575
2327 4120
1073 4870
3736 2276
560 2371
2088 2928
3383 2419
1422 725
3636 5374
4505 1638
1630 2886
189 4135
5128 372
3868 2307
736 4646
678 3365
2241 4159
247 1167
2474 2362
4903 278
313 3437
5369 2832
2084 337
4897 525
4519 4988
584 3991
21 5338
4968 4385
65 2859
755 2828
2466 2226
3336 2515
4812 2950
1603 2821
1314 968
5037 2891
2368 1299
3602 917
4140 1929
1503 1325
4452 3120
5482 3124
2889 2690
3954 4011
5024 1389
808 571
343 589
3763 352
2049 1768
116 2007
347 1545
2870 2380
3211 201
604 89
4120 3851
4133 197
613 3857
4853 5459
2656 4039
4286 5361
2736 4108
5342 3111
4761 5448
2051 3378
3593 1011
1942 1368
1949 4401
3790 605
4119 3971
4938 3992
3119 4849
5178 4570
3589 4321
298 2142
4451 4219
617 4511
1347 2903
1875 101
827 713
3172 1665
70 5021
4018 5300
3240 4306
117 1906
1012 1958
3594 3242
3719 1850
3397 1327
3334 159
5338 5417
3915 3677
352 1794
2460 4000
5374 792
4084 611
1669 3989
4804 463
3150 2256
1261 3822
308 2977
4670 1517
3290 2330
3600 3210
4190 1094
5258 5118
3842 421
2646 2779
2178 3279
203 2218
747 2557
2739 2776
5014 1451
440 4020
1100 2960
2564 445
5234 4124
1231 3143
1769 1298
1337 578
857 1881
1478 1183
623 682
1705 4239
1088 1412
4407 454
3495 3499
406 3020
4634 5162
508 2654
36 4552
5240 3936
679 3888
3168 1938
1119 3572
562 2635
4524 1382
4997 3570
3146 3689
3330 5494
5344 3260
4095 1265
1496 3241
3313 4112
843 1251
142 4449
1607 2981
4156 2888
4673 1173
2715 1721
4870 2756
2794 1071
3544 2636
4450 2763
3062 4022
309 2152
3345 3632
3794 3080
3905 117
3315 4971
4995 661
341 339
4753 1371
2356 3559
3743 375
1775 3660
44 3096
1432 823
17 4132
4332 4930
2967 1713
4273 764
1790 4295
4211 4441
5206 2069
5355 2781
2593 2645
1787 1254
5457 3502
1694 1434
2352 1482
1869 2553
2233 5385
5251 4397
4953 2493
4751 2699
106 104
4653 1782
3378 1002
2727 2355
2192 2727
3513 5364
3569 148
4792 2937
3641 1009
3750 2349
3278 1531
1420 2575
3302 2880
3796 3527
1381 3167
2895 4797
504 937
921 3187
5456 127
39 3136
5064 1965
225 187
4685 3588
3089 5110
331 1720
5465 291
3941 3812
1606 1399
1739 3240
5200 1328
3890 47
3592 778
5434 3148
5487 5348
3195 107
2009 2209
4193 391
1118 2823
5049 4868
1937 2752
3402 3295
4570 1127
50 2753
2198 3302
24 4546
2823 723
4636 4457
3432 254
3841 3738
4767 4384
358 1158
3986 3054
4794 519
3415 2986
2750 3185
2487 579
5244 3650
5225 1174
4600 1832
3712 3698
896 5035
637 1275
4279 3339
3220 1308
5301 1816
4378 4218
76 3433
1532 4799
4154 3164
4557 5041
4624 179
5219 5265
1870 3064
2808 3263
3078 3306
2696 4633
4996 1135
4182 3794
2749 4322
3509 4764
4445 3844
1827 4316
5093 2045
463 1691
1397 1868
15 1016
2757 4514
2662 537
2683 3276
3611 5120
2250 2471
2840 754
1217 1422
4969 4301
3098 636
1929 2787
2549 422
536 4629
5005 100
2692 674
4866 4910
1844 2755
1597 1871
863 4404
4469 1608
4049 129
638 2026
768 2966
2582 1512
542 928
2775 2375
4247 2667
3358 1653
3978 4130
2798 2802
191 1966
494 3385
3389 2963
1350 5442
458 1609
4449 5473
4994 5380
889 2673
4083 504
5423 2672
1715 4920
3489 1873
4827 5256
2864 4398
275 2671
2275 3283
2384 221
4168 455
2547 5093
3102 1401
2494 2798
4380 1452
4485 2429
999 319
917 4687
5359 3085
2210 1380
792 1770
935 1360
2404 780
1550 1591
4130 1619
2155 2919
731 5281
2680 4396
2613 992
2892 5356
2856 3322
1500 1480
4952 4163
4619 2320
2615 4516
2254 2184
195 2210
1060 4194
5044 3452
2393 4161
540 3382
1379 1471
4530 3473
4078 4315
4813 5055
550 5267
3725 4082
2637 1730
3676 3964
3031 5054
1793 3754
4315 2851
790 4562
612 5134
1246 2414
259 4049
4817 4224
147 4091
1179 2693
3241 1160
5233 1303
1712 1054
2225 3893
173 2417
4687 1766
3421 3512
675 3553
3181 4481
4456 4818
3256 2789
3767 906
653 5486
4741 2329
2878 852
3710 2728
1672 2194
387 2017
742 1178
729 4477
5114 3284
3817 3299
4521 1898
3238 1556
763 81
4654 846
4302 1042
86 3979
4290 5081
2079 3679
1414 1225
238 4602
91 869
2452 1396
2963 1849
3234 4739
5393 2507
1452 1411
4216 1112
5291 1288
126 3662
2491 3772
4582 3332
1748 1903
3191 3221
4902 3429
4894 1587
1141 4794
1343 3707
1188 5354
5458 1010
1473 1397
4191 4909
3983 4265
3481 1340
4007 493
1924 4828
473 570
1200 314
1725 2044
1586 2571
4587 1519
2299 3035
2936 3442
1407 262
4480 2997
2056 4214
3765 3420
4618 576
3109 4712
5427 3808
3901 2868
1768 4728
2047 4543
1831 3052
734 1378
3208 832
3038 1486
4818 1132
3111 5164
4212 3892
1821 2655
631 1672
4134 2615
3289 2402
1243 1502
4669 2504
2976 3338
30 4185
3609 1843
1939 303
4561 2182
751 4810
5174 2685
3184 4043
4233 1767
3737 3077
2772 4024
3249 5019
3458 1799
2323 3519
4109 2035
3740 1125
104 1571
2269 4274
231 1869
1808 3983
5139 1740
2162 1944
364 3147
1902 1885
3169 1240
1426 2945
1657 3547
748 3941
3770 4980
4784 2862
5069 5274
1948 5150
625 2574
4594 3001
3239 2995
2416 2990
3675 1056
4003 4749
1962 798
4591 1756
1514 4977
5257 1269
1720 4889
4215 699
3903 4150
3024 1220
2294 62
5117 5074
1010 1669
5135 5024
4802 2953
5080 565
5318 4119
1386 329
4425 1811
721 2224
2987 1674
316 4838
2362 790
4244 3230
5231 374
4322 2338
2236 4386
2663 947
2230 5339
4641 294
3897 2625
5373 4594
722 3732
2006 4071
5365 5205
3586 4761
740 171
1449 446
5410 252
4186 1000
2921 3861
1138 2785
3007 3363
2036 4662
3603 4709
478 3511
3881 2992
4836 3457
3398 996
241 2440
762 1739
3803 3560
266 2420
1286 105
5127 3030
1038 218
5314 5073
3036 751
2717 238
4091 4063
2183 5377
71 825
261 1099
711 2644
1691 2107
23 1297
4158 671
5007 3212
505 395
3235 1575
1535 3027
3011 488
98 2310
4009 3606
311 2733
5166 3781
4438 364
3267 1542
3465 1761
1267 1036
3224 3051
2179 4927
4889 5171
3570 5107
3952 4805
4648 345
4017 3354
2852 1922
988 4453
1076 3372
3670 2258
1398 2305
875 997
2846 1828
3914 1403
2785 3898
2436 3400
4934 1819
924 2765
3733 4177
1906 2439
1546 4500
2286 2270
2358 879
82 2080
927 599
4343 4348
3324 3401
2939 476
5237 1876
5432 1801
1649 4599
3207 2912
5399 199
99 3510
2788 210
1797 2948
1950 5102
2244 1563
1172 1549
991 502
1293 164
3088 1478
1941 2994
114 4133
4428 4679
2703 4778
2659 2341
4321 4192
4671 647
2249 4361
307 2331
2970 3937
3630 4894
5474 37
4666 4722
1406 2365
2803 1337
1602 4169
4412 3824
4921 1109
3435 3011
5311 5031
2409 3182
4629 4409
2148 2479
3430 2878
3872 2546
209 508
4319 851
3605 3450
2814 3870
3125 1526
3612 1679
1004 77
274 1582
1777 2384
4264 1484
4446 3645
4832 25
4754 4966
2014 2652
3764 2082
4664 1344
1005 3453
4588 1138
2381 652
3307 2292
4274 1193
2684 5492
4783 435
1049 2961
4963 1956
2464 3956
2742 4702
2523 4313
2818 1817
3804 1499
5015 4077
3888 759
3144 4075
3247 4424
4947 1537
100 4066
4366 1087
1795 1162
3938 4304
1404 4593
1434 3131
84 2899
801 1615
4755 4423
4750 766
4381 3847
2850 820
5091 3125
2267 4032
3628 1620
5079 3955
5011 3649
633 564
4128 3489
1411 4029
3819 3969
660 1648
5409 4300
4883 902
3959 4736
4680 5252
850 3477
1653 3000
2548 1911
2993 78
5441 3604
2262 1410
1809 5268
1281 441
87 3224
3951 346
4560 1195
3944 16
2483 5493
5339 2811
3921 824
4422 1244
775 2924
1002 3386
828 2230
1765 1511
3483 4244
761 4621
48 3454
4518 3998
1811 5437
4758 3086
1742 3866
3444 3251
4533 4280
3981 2352
5108 4006
5215 925
5317 2688
4401 4565
4721 3155
79 3719
4656 1416
2910 1808
4609 5
621 3921
4433 3788
3360 3425
4090 1280
1755 1153
4483 1494
4793 1793
2946 1916
1772 3406
3969 2739
2863 688
4276 384
1604 3355
5426 4558
4565 5139
1901 4470
3084 2852
1616 499
5293 1663
564 5040
2589 1239
4065 1974
3050 2301
3995 1926
1568 111
4738 4787
4796 3694
2873 1917
3428 5269
4621 1310
682 1783
3738 4402
3545 551
4842 4182
3059 558
5497 4912
3720 795
3504 386
2927 5317
4790 1573
3454 2410
567 5382
1232 1949
3441 2703
4489 4678
4357 656
4705 5310
94 1870
5121 1264
426 2281
5029 5181
4622 2764
2456 310
4513 151
4307 1829
5312 1703
2670 2091
3631 5234
4151 1431
3643 1095
3606 2572
3118 501
3647 3170
1944 4539
5381 3815
771 2098
710 1241
2379 4606
1773 1040
4559 2423
2599 3901
1573 5211
683 4062
5071 4085
3268 2100
1876 309
1364 5249
2335 1789
5065 866
2114 4603
417 3073
767 4352
1661 4425
1374 4669
1579 4327
2338 1758
3542 1893
2504 1684
26 1426
2845 3494
3175 5411
2594 701
4187 2609
5493 449
4253 1272
757 2746
1892 889
2553 1149
4910 994
5388 3062
477 1385
1184 4302
5326 4583
658 3022
1227 1228
1022 1423
2881 1861
322 2269
5 2590
3476 5341
2638 590
2744 1552
2202 5220
940 4689
1856 2740
5476 3217
1626 2792
3231 874
4556 2001
5306 1592
2681 2610
2705 1061
3222 3745
451 2742
2912 5456
305 2422
2689 2031
4238 140
2074 4496
3521 4752
2948 4671
3876 3092
706 1495
223 3280
3035 2970
4786 1680
2871 828
4991 5386
3370 3945
1094 42
855 1316
5442 690
4743 5094
4375 3467
3291 1374
4027 2971
3401 1226
1137 2943
1132 2713
5289 3764
1308 4488
107 2797
2105 5443
507 1466
1618 4141
989 5318
1103 3076
4541 2724
3608 1051
4266 703
2203 4493
4973 4571
5435 5276
2288 1039
4787 141
741 198
4105 408
1053 2773
2184 873
1834 3436
2726 4202
2608 2991
3950 2456
4690 2428
3727 477
453 3377
3547 4369
1304 2920
4852 2527
1847 3075
2471 1063
3452 4362
3068 498
1382 2681
1383 748
4732 4155
3455 738
1753 2207
4841 3828
2389 5112
73 2037
4350 2618
4612 534
2209 1425
4799 5203
869 1204
208 724
3649 1200
502 5051
2836 3820
4068 5168
614 4765
5067 4447
4107 3415
2741 3100
5006 2488
4220 3375
1779 2055
1369 2443
1098 4118
2943 5219
4019 5302
2307 981
738 3730
800 304
870 1924
3143 2250
695 2136
793 273
4601 4666
2284 3186
3368 2225
933 3733
3494 4364
3061 3316
3176 5489
1393 1152
5281 94
3206 450
2297 2094
3105 854
4515 3797
1726 2682
4098 5090
230 1818
1860 2165
517 4057
3768 2452
3510 4844
3694 794
3669 1704
4184 4668
4652 2231
4567 368
3284 5321
4763 562
2820 3664
1124 373
2085 5077
3107 1884
5274 3985
2929 5025
2851 4780
5109 4529
812 3692
4979 4258
4508 2664
689 91
2531 3216
3407 4884
118 5057
1846 543
2779 1192
2961 763
4148 5089
175 3918
2324 697
2685 174
2168 4695
5159 2
2328 3411
4586 1804
3124 2339
4727 3585
920 1323
1233 5121
4933 316
219 64
4104 1129
112 3852
2296 5325
200 1945
3691 3728
3714 1458
618 40
2428 609
3595 5429
1955 3497
1448 3373
1264 2240
662 712
1409 3684
4204 27
2339 275
3000 3262
3265 4034
4507 1424
5304 2022
4564 4729
3948 5004
5074 5217
994 3144
2606 2540
5235 619
2348 4767
2488 3404
5073 1186
5295 2719
1851 3128
4523 4284
1074 228
3367 4050
4752 1362
3587 5290
809 1233
676 5235
4851 5499
1418 2780
554 224
2091 1753
1494 1004
460 3199
3280 2653
5004 3859
806 2669
1476 152
1609 5312
4879 2596
2152 92
3497 1229
113 2730
2171 3219
5013 3191
1974 2793
336 844
2062 1601
1101 2179
1485 771
5385 5240
2875 485
3135 3584
1495 2050
4330 5392
5483 3227
2039 5052
2869 3531
1764 4388
1431 886
5372 2938
3501 4309
2636 1994
514 5399
4688 3665
3498 1230
52 2617
5232 830
2144 1043
303 1198
887 2228
677 4708
1855 5124
4983 367
2644 5362
4932 204
4240 1104
492 5177
520 4619
27 2968
2030 3278
4856 3153
5321 2382
3619 3481
3076 742
4295 833
688 360
4642 3986
3893 2193
945 4485
3721 1685
4935 2904
3188 2648
3823 1643
4822 1598
1427 999
1643 4379
4046 5215
876 5111
2011 1568
2730 3424
3487 2259
2424 1455
1467 5307
4789 1276
2716 5173
3533 1918
4258 4142
4348 2273
3227 1134
2415 3715
257 2737
4955 950
703 2934
3551 870
4810 1143
1824 653
3913 668
1711 4531
188 845
1401 97
2951 2708
3493 2622
409 1925
1736 4521
2572 2892
4756 274
2578 3093
4177 2894
2607 1159
4844 4237
3467 4014
3199 5285
2655 4286
29 730
995 102
3347 3213
4887 3461
5021 3381
919 176
3155 634
624 479
420 1572
3230 1777
2423 5058
2666 834
3060 1544
5407 4122
4553 1493
144 524
3305 2677
2991 3726
5058 2153
3413 2288
255 3472
3703 2532
5284 5179
4167 642
1903 1878
2479 4582
3115 934
3129 79
2182 1467
4558 4622
3882 182
2581 4484
3780 48
4061 4483
3713 4044
288 3750
2145 1321
2058 255
3459 5257
5036 877
38 207
509 5253
3094 3656
1796 2051
3666 1717
1234 183
2251 428
2344 1834
2489 4836
4251 3318
3503 484
1908 4307
4032 1807
1183 3826
4490 1139
2989 2709
929 196
4391 4740
4030 1274
4838 5232
5084 4831
656 2768
2515 1481
5418 1745
4700 1098
321 5465
3711 2415
4939 5030
3352 1097
3597 4160
3840 1995
2435 1246
207 1947
2043 1981
2113 3724
4742 3952
4179 3397
3684 5071
1001 1776
5347 382
1405 5178
1202 1564
3029 1023
2153 974
2346 3646
1898 2822
559 4072
4548 4231
5047 1535
707 4644
1683 2383
329 1394
3879 189
1133 1181
4300 3778
5022 1137
4736 5352
276 4821
3997 4905
3141 2770
1956 4344
4333 1342
3196 3383
2329 2282
3020 4804
2665 5063
544 1062
5055 1395
1732 1841
4396 2512
4800 4263
4791 3294
1537 3079
153 1781
1721 857
164 1865
1534 3004
2626 3928
847 4580
2565 1946
3067 3579
4306 2613
2243 1984
3213 26
5152 948
287 4949
3033 1335
4915 4323
5192 5169
752 2114
1952 2761
5123 3868
835 4913
993 1796
4975 4649
5008 2174
3990 3858
3100 3303
3869 953
5299 5469
2992 2105
4466 1920
2604 5419
3571 867
3310 1982
574 5476
4088 2049
4442 2379
3297 284
3066 3789
728 4183
2499 2328
4479 3875
5357 5309
1102 1900
4538 2447
4454 5069
2276 901
4176 4519
4788 165
1483 2061
4585 4537
5416 5368
1208 4623
769 5495
3377 4080
1255 4721
1529 473
5107 4045
1823 3029
2786 5159
4199 5497
55 3171
3253 1490
2496 1111
2359 2841
4227 1696
1627 11
1196 5412
60 243
4484 4227
3993 2712
3683 3261
864 413
2538 956
1746 604
249 2294
3674 3333
1416 991
4063 2775
3562 3293
5327 1891
446 1973
528 3009
1909 4757
3942 3583
1210 1912
2916 2545
1421 4186
2975 1748
951 4867
1578 911
402 2289
158 1113
2218 4487
4006 5032
4342 1419
4596 818
647 2660
2425 4547
2498 3676
447 5128
5490 2732
944 2376
285 5196
3479 12
3516 2942
245 592
2408 1013
2475 2267
4298 583
726 1963
3581 2896
4566 5457
1708 1453
849 5286
450 4763
579 3057
585 4281
2718 5355
3843 460
867 4554
5023 2302
3839 961
3322 2839
1474 1888
4054 169
5398 3317
1156 173
3752 1400
1873 3982
1671 237
3846 1464
3850 2916
3453 744
4739 5013
2911 1506
4986 369
3741 2166
5307 4492
3004 4505
3148 3476
320 685
5077 5365
2451 5397
3445 4843
1976 4271
1069 5328
2678 3326
262 4960
4062 4798
4573 2998
4439 1837
4898 5329
4118 361
3855 3369
4562 2729
1566 1597
3601 2246
4907 343
155 5191
1388 1007
4725 727
523 3359
3789 1880
1935 3266
2714 3398
1424 2825
593 442
3771 5226
5060 2531
3177 2011
3309 3880
4016 1126
594 1642
3648 2777
5285 3609
4044 4955
2583 4941
1143 4509
5358 2940
4092 5225
2708 1263
1555 3634
4230 2642
1251 2451
5229 3427
3680 1594
611 1372
3272 497
1757 1278
3311 1048
78 240
3167 219
725 1931
958 4766
4746 2962
1320 1914
4575 4978
3166 3623
2431 69
3092 5406
2562 4677
2378 4439
3853 2475
3375 1182
133 2156
2023 3026
2894 3667
1297 561
3080 2860
2862 4078
4100 2236
1538 1144
1007 1408
205 793
3123 1892
2828 2577
3681 1093
2331 4544
3812 3841
3388 2472
130 572
501 1833
1634 3248
2551 4486
2235 300
3328 1693
3884 821
2676 5366
5199 5020
865 2837
327 1081
5010 2890
723 4723
355 4822
2508 1612
4384 2925
1620 4782
1269 1415
839 1894
1840 1762
5223 757
3140 3146
5124 669
5122 1304
3353 2359
3693 4737
1910 4261
2725 52
4248 1100
444 5254
168 1447
3342 5246
3411 3763
3517 4427
3457 4645
2649 4959
4830 3903
814 3229
3965 1688
934 3300
4782 2722
5203 1018
353 1460
3215 5193
4667 3523
5400 4560
3573 3396
5259 4921
3073 3367
1026 2806
4379 2323
3356 1607
1806 5299
5190 1157
724 1700
422 2675
4443 1201
2753 5287
3932 4597
1065 3088
3147 2333
1938 3883
2015 4173
4911 840
297 4462
3477 5038
2289 3949
3702 2799
3919 4220
1936 2692
228 4113
1912 385
1180 2651
2067 2496
224 1802
931 223
3420 3800
5028 139
363 2668
4208 4389
5179 4190
1625 4962
2746 5319
3514 2874
1526 3890
4809 966
2639 894
2977 822
3940 1179
3689 4480
4316 4954
3422 3505
1916 826
4482 2394
4196 3618
1268 4444
2462 4464
4419 5015
4268 1540
443 2090
3201 1202
2700 967
1871 5182
3566 4972
831 762
379 2879
35 919
174 4367
1106 3021
5367 3
5265 5123
5379 4146
4147 804
3535 2872
2701 451
3775 32
2837 2348
3276 3012
1093 4178
4076 3836
5278 295
1921 1904
5349 1737
2377 4037
2780 2335
1539 253
5269 2038
4201 205
4662 1763
1497 3500
3270 3233
1395 1203
1218 2486
5221 327
2569 448
2844 231
4502 3933
3773 4625
840 3496
797 398
3847 2227
1528 716
1345 2385
2699 949
4486 4213
1043 4442
92 3970
818 4048
4477 3252
1265 620
1576 2398
669 4436
2534 1117
350 2266
4726 509
489 5418
4958 5027
3791 2483
4497 4653
774 4626
1549 2905
1447 753
776 540
2799 1536
3369 1681
51 2436
5081 2562
4395 4840
1933 3965
1571 702
4927 3693
4313 4340
3634 4347
1983 587
2382 3804
1738 3238
2033 4056
4633 1567
5054 910
5467 1671
5264 4674
5375 1714
3864 1993
2835 2931
4284 5453
3722 5434
1610 3218
837 2885
5313 4410
4498 2946
4918 2083
4574 276
2204 3168
2712 1630
1815 1390
4537 3849
4884 3886
4679 4435
3653 1593
