5000 7000
3949 1550
1538 865
2105 206
3255 4588
1718 4350
2606 4581
3833 1370
3897 550
185 1664
1399 4522
1860 2608
1432 3978
4640 4862
482 2515
4496 4275
1720 1068
4691 3177
612 4553
1999 1314
643 2302
4201 1443
2700 2180
4701 3863
2542 377
4694 3540
4618 4153
3509 2572
2418 251
4382 3914
2739 2891
1301 2587
3164 4640
537 3268
3791 463
1543 3603
3393 3679
4067 2195
3145 2044
3857 1315
3170 3476
4206 2471
2509 395
2800 2046
217 2390
3854 4655
1319 2012
2302 4389
2536 3162
125 2982
2008 2150
164 2429
793 4691
2901 4731
4416 3622
1535 4807
3967 2058
4704 2062
4349 3765
735 1505
908 3533
368 1643
3683 4559
4992 47
3822 3934
526 1129
3063 4028
2859 1876
2290 4111
473 3827
2079 2484
4983 428
102 31
1817 3562
4282 2820
2443 3856
2338 4528
3237 1380
601 4293
3161 4203
39 3257
4568 3423
2526 33
4226 4614
2497 4866
4253 121
4291 1468
4177 138
1088 721
1058 4093
1316 2765
3142 181
3057 899
3502 4137
4660 3105
4085 4044
2506 3469
560 447
3287 2341
4171 4017
3543 1307
1235 4365
4621 3635
3036 3132
4708 4351
772 916
2796 2522
1157 2102
5 2021
3503 4363
904 2273
4600 3554
4059 2565
1490 4858
4669 4577
2865 3864
4050 1361
915 4102
2535 4334
4905 3432
3034 485
845 3870
3479 4010
1281 2100
3506 3664
3687 1406
1018 3056
832 3577
2897 4628
3284 3363
1032 4305
4359 2842
4269 1157
3412 2297
3192 2173
4116 3285
2695 3571
118 2115
1291 2682
1406 1833
1563 3486
81 4996
3604 4779
758 692
1193 688
1779 4736
2040 2914
4722 354
1336 2641
3869 2878
1731 3475
3403 2384
907 2049
4797 1773
512 2169
485 2773
3846 1711
3335 2283
994 2124
3281 2787
2433 4593
3739 1778
2425 2958
637 1017
870 4288
3242 3462
1078 2219
2377 3507
476 2793
562 1648
92 996
725 3185
3067 3564
756 3661
3551 3747
2072 3716
967 2330
4460 74
2669 1604
1087 593
112 4806
2324 4445
2026 2544
2075 3551
1616 4924
1631 1588
2060 4756
3546 476
3196 2746
2131 660
2681 127
921 332
2175 4618
2090 204
4507 1126
274 4823
4330 2811
4169 2501
3023 4442
2488 4285
1305 4839
3068 1473
1049 1175
4925 357
3167 4358
1398 3819
1645 862
3406 4443
1989 663
4750 2952
3019 4158
1356 3370
2124 1177
878 3931
3919 579
4809 1237
1851 3524
202 3343
3588 3503
3183 2615
3610 4929
1918 335
539 2548
4649 2698
4642 4812
749 1408
1792 3552
78 1654
2980 4201
786 3031
1834 1817
1134 1261
238 3392
3883 1891
1280 3338
4752 2966
2004 2247
1881 528
2964 526
3339 3651
1926 2973
2926 4296
2451 4230
769 4181
784 4236
497 3956
1609 3479
2540 3108
2887 4860
542 1573
2587 4458
3964 208
4492 2045
1139 1615
4079 4709
2362 3972
1065 1403
4683 2970
4133 1593
85 1165
3563 1035
3162 1796
653 637
3271 4100
3499 4163
794 2949
1360 2533
4668 4357
3185 465
4959 1898
333 1077
3968 2954
2350 1540
2498 1790
4003 4529
3343 3855
4469 4777
3931 4297
2271 3150
2094 3020
13 983
4373 843
3065 4834
3917 639
2666 3861
3319 676
1965 1169
2551 3697
3941 292
3915 2797
383 2322
2675 2281
1015 4627
1327 2106
1340 3643
3175 3690
3290 1993
723 4995
1564 287
3178 475
3677 546
1693 4129
3229 3072
4094 1101
67 2680
569 1983
2387 397
2209 4128
3383 3236
2417 2719
2458 4663
958 4767
834 3936
898 2775
2636 4170
1161 2246
2933 2603
3114 3147
1712 1392
419 2167
4345 1929
2134 2913
1099 4844
33 4327
2837 3104
472 4485
2976 3118
3495 4498
726 2784
3963 2419
1212 2051
2768 3665
1062 1828
314 1964
3309 4733
1369 1743
149 4917
4038 320
3960 991
674 4680
4749 2345
1009 2795
3733 1390
3235 4966
891 2235
1752 3106
3820 1100
3201 275
2705 1188
3613 2423
1082 2955
941 3619
1276 2447
2073 3766
4202 4316
1315 666
27 3898
1184 3184
404 3970
647 1464
2892 3811
1482 3471
2981 1998
12 4406
1837 2725
3961 3434
4580 1039
2474 3250
4361 1708
2352 2378
3414 3776
4566 3033
3612 2427
940 3204
431 975
4102 4272
1909 1716
413 3843
960 4919
3195 3632
775 1146
3421 2539
4408 2873
4495 3767
4601 761
2342 815
1462 2517
4899 2237
4336 3000
883 3205
1294 3849
3306 4104
3863 4648
2309 1859
3557 3673
1992 2876
1904 577
2496 839
3322 3587
4314 3989
4912 2794
4194 4743
3596 3754
4264 4811
3434 2309
3759 2394
622 128
4678 2813
4661 3859
2059 2590
3447 147
534 4495
4842 3262
3041 4483
2972 2151
1518 1063
3533 2668
4805 43
1089 2240
671 4287
2065 3731
1960 1052
3064 2043
1473 4932
1362 2411
3217 1118
4572 728
136 4150
4371 289
849 4116
968 329
3239 2969
2142 188
1243 3055
4228 2831
4761 3865
3025 1417
821 1665
2285 2463
4265 1466
166 944
3799 2101
2025 1729
3584 3406
1795 1339
1667 4781
4505 1116
3046 2996
3405 2554
3024 2727
4118 3787
3409 2373
4238 262
2832 3801
1523 4124
2292 4921
3786 2633
4702 1585
4237 3443
4414 3164
1250 3148
1628 2879
4020 2109
4858 2353
3305 3810
4370 1786
3139 1631
854 1639
80 1804
2088 2675
2706 2296
2640 454
4770 366
2460 4753
4829 3515
3780 4882
1378 1251
3488 2387
4089 4379
304 2015
4605 2163
2534 1810
1198 2154
4881 2243
402 2245
4092 674
3962 3591
3026 4032
3621 1921
567 2130
1417 3583
4650 2011
4718 1120
73 2825
1396 1867
1110 2703
1723 165
20 212
3179 1164
70 4897
26 630
2173 743
1556 282
4861 3273
3599 2252
3589 1566
4866 56
4451 1975
1180 973
722 3943
1997 1252
3663 1780
4187 1099
2667 1656
1946 4084
627 3527
4396 1159
2614 911
1970 1070
1516 4822
3939 4708
285 2094
1823 1696
2653 1945
1278 2416
819 1357
672 2147
147 820
3707 1457
4741 3247
4627 1492
4999 515
230 384
4936 318
4236 3459
4121 3607
3593 3701
1684 1184
19 1845
2752 833
1939 2545
3382 4907
2932 2567
338 263
2344 2720
3723 775
4241 533
1675 4207
3079 778
4713 1795
2598 2504
1457 2800
3487 4983
1892 704
3784 1928
3137 3558
4552 1806
2622 291
1187 2253
734 3442
1569 4667
1334 160
2767 3307
1709 878
3134 3565
4232 2183
4053 662
2333 4707
3985 4120
516 213
4113 2948
4014 4853
2257 2886
4122 2896
573 3621
4395 2660
1247 1931
3617 2143
1515 220
2714 3260
1597 2839
3226 436
3564 1726
911 786
2055 1724
4712 1653
1109 4902
2216 2088
2252 4611
4233 3745
709 1021
3783 4040
2659 931
1804 1752
44 25
3124 301
2922 3642
3451 4831
4603 3918
1688 887
1800 1069
4111 1437
3002 3953
1419 1666
135 960
2238 2426
1264 13
500 1630
2437 1213
3925 3317
129 55
869 3319
754 1292
1764 3091
2029 1455
4161 2503
2234 2568
3156 2709
3324 3191
3089 1560
4289 3923
2968 1655
1847 620
823 2476
4833 2204
3681 4302
1732 736
1770 286
522 4908
357 382
3259 4499
270 4633
628 3169
1424 4374
981 2938
1123 2536
4397 306
2396 2014
4331 909
3932 3455
2293 3925
4164 2858
748 555
3770 1260
1812 4461
1612 3054
3016 1727
110 928
2878 3881
1555 2023
3853 2741
3352 4672
3657 258
1561 2951
1113 1179
291 1200
4198 1145
3250 1839
1623 2737
4588 589
3407 166
1798 4518
1956 3689
1375 2714
1481 1801
3767 3974
2143 3143
4360 4511
1464 2528
4594 4791
3090 882
2745 150
1317 4449
2009 1587
491 2766
1265 3187
3715 2165
606 3538
4895 4538
439 892
2015 1229
1968 3712
4574 2402
52 1878
1437 3316
1121 819
2760 679
4893 1319
2091 562
906 3331
4482 1204
224 902
1150 1870
2495 813
3087 565
4585 1008
1149 4099
4394 514
1719 4799
422 3120
936 3675
3847 1033
2593 4985
2243 1637
3448 2674
2220 4639
3515 3439
938 4805
3493 3243
680 3566
4039 1611
4981 2418
2698 207
3916 1800
3581 3927
3978 24
3898 4972
1296 1660
4579 2636
1259 1554
2919 3320
677 4923
3353 3875
4362 4402
3569 4278
1893 906
874 3546
3108 4526
3510 731
4853 3717
3323 3576
124 3154
1466 4920
2774 3920
4884 739
2213 3358
2447 3809
458 4068
60 2929
4246 3171
4560 71
3666 3068
4125 4423
95 4029
3392 1214
4915 869
4467 4959
4030 3224
1125 1203
3327 4241
4821 1732
2782 358
1783 3190
1659 2081
469 4416
2722 2145
4049 27
4196 2665
1357 4527
3440 1547
4543 2126
800 3994
3212 564
2277 4105
1344 726
4307 3769
1433 1324
3480 1552
4773 4885
216 4233
53 1264
2379 1565
259 2172
3459 1879
3470 3638
1216 4638
4480 3735
1389 3889
4801 3704
1870 79
3724 1811
4514 2105
2156 764
64 1140
4097 961
1928 4062
871 2574
4454 2619
1671 4469
4989 903
2157 3024
2494 2348
467 1143
1993 3959
4493 4730
4259 8
1527 3873
4323 349
4328 91
2062 4956
4835 2377
2895 1020
411 827
3274 2767
1323 278
4313 1954
2401 2936
3981 3397
1155 1556
2694 2000
4839 2632
1506 508
2804 823
134 4877
3286 162
1499 1171
36 2561
1581 3869
4822 4477
3943 559
1682 2549
856 3107
1427 4900
173 1907
4064 3222
1735 3225
4438 3631
2082 433
1128 4711
1890 32
4346 2122
2371 149
4427 1327
2599 4114
1651 4486
1985 42
4984 4135
3345 958
2356 4546
1081 2292
2354 2530
2361 740
578 2579
3871 1461
196 3988
3758 402
2444 4479
2063 3506
396 4656
1304 2997
3140 48
2021 2187
797 790
986 537
2789 4145
2853 4896
42 4002
4229 4508
995 4279
75 2398
442 4642
2677 2547
3211 4441
2196 4482
839 4356
2430 1304
2913 1150
2751 4394
360 2509
4778 2140
2349 4216
229 2472
3215 625
2590 4884
3602 2040
1244 2802
4230 2396
686 4534
247 855
4293 1520
2809 471
2335 17
1829 4048
1755 3093
1042 1663
283 2227
3879 4456
1271 3309
4406 2588
3200 2185
2287 2927
1587 3122
3474 1820
1051 3215
4057 2397
3639 982
4186 2001
3483 469
2991 2532
3501 4832
3431 3163
2596 351
401 4191
4316 793
4413 2200
4063 3547
1026 2184
3678 3444
2050 3137
113 2039
2573 4355
3149 806
3590 4474
629 3065
774 2525
2831 2772
1589 1892
1966 1318
4461 1288
1530 3427
4592 4759
3132 4758
3341 1568
2456 2055
822 847
1298 4417
4243 4277
918 4424
2891 1661
617 1270
3700 1044
2146 1441
1001 658
3159 4845
2862 1866
3184 4235
4892 4566
4754 4606
2166 2030
3781 1979
4405 451
3669 4888
2245 3041
2578 4864
3430 2508
1888 2712
218 3637
1934 3526
2920 2420
3645 1053
4218 2597
1932 3782
3468 4699
3575 802
375 197
3848 3050
660 4139
963 3167
2484 1326
1210 4202
1408 4
2286 2880
4301 502
4310 2758
40 2076
4790 2141
1258 3226
3902 1755
461 230
1791 3095
3829 4290
3398 4689
1151 2317
8 1334
3028 2224
4300 1320
1392 1007
1624 1271
4927 3662
2795 4262
2824 783
3356 324
4886 2686
2295 2863
1526 1838
4715 4762
1177 1946
2041 3102
2408 1782
3993 586
2605 243
4100 2672
3893 1022
2222 4042
4870 4155
3800 420
3706 4154
222 3305
2179 4174
2275 2205
1196 3365
3377 2470
490 2887
1205 1624
2024 1023
252 2401
3373 4136
2486 1480
1902 2161
584 4321
4931 62
1951 4239
1753 3275
2211 628
2974 1722
4434 4944
275 3683
830 3399
1331 2868
2112 2690
4876 1156
2520 2791
3578 3181
4720 3553
2204 2085
3042 4324
1024 1462
292 2487
1091 28
1085 3248
111 4366
4484 921
1325 4252
153 4875
3 1050
3762 4861
4730 4407
318 323
3466 3209
2480 456
1478 3221
1252 3239
4769 3733
3662 247
634 1470
2169 2979
2554 2995
4630 2371
2602 4427
2682 2041
250 622
1176 4331
813 36
1806 1580
2273 4021
141 1055
1039 926
1363 4964
4698 885
1075 3605
2940 3888
2873 2890
3415 2559
2467 1040
1724 2593
1343 2697
349 3755
4272 3195
4945 317
4096 1476
1268 1598
1027 4360
3830 2354
3011 4958
1416 1693
3445 3061
3901 1871
3199 4938
1105 2352
2984 1125
3760 2803
1456 3742
2475 2226
4923 2366
3903 2527
2171 2537
4491 3660
4637 4426
2114 4909
55 1460
3249 4034
1880 4019
4302 3467
4894 3109
2802 1004
204 745
1006 3494
3691 1676
1495 4771
2483 3601
4976 670
4521 566
1636 861
2866 1903
872 1078
262 1974
4904 2915
2556 1575
586 1465
4106 2512
3103 2564
2047 1691
3535 2932
2904 2638
2158 1450
1685 1966
2756 445
3542 1343
2731 2926
159 4270
1497 228
4471 104
3699 98
3368 654
3818 1225
3017 2705
1608 2293
3433 4702
3257 4829
4017 4251
550 3512
203 1141
802 3429
3616 3200
2128 69
2006 1325
3595 2807
4938 2027
2384 93
4587 2625
803 659
1648 3448
3194 168
3188 3135
2652 874
3355 3518
2453 571
3872 1131
2612 2830
2808 1527
1054 945
2762 3166
2432 2193
3071 672
3600 3955
2013 2004
4599 2361
2232 1385
3959 3395
2958 2663
1582 519
4251 3714
3055 1344
1534 4970
2864 3207
4156 512
4381 1856
4001 894
971 3808
4758 3557
409 3477
3921 1029
2164 4223
3811 3740
3704 3606
1875 3330
1754 2635
1843 2459
209 470
4045 124
2627 3654
1874 1510
2902 355
942 2207
1827 1620
3247 1172
3514 3949
2648 2413
4818 2940
4607 3251
4439 4491
3143 1072
1379 4969
2792 4070
181 3060
3088 2513
3366 2393
1359 3658
1170 3246
3642 2903
1095 3364
4271 3349
1898 4576
548 4385
3266 1402
1665 3649
245 1378
79 4939
28 4436
4522 1652
2538 3398
4424 2110
3058 2194
3157 4148
1143 3913
3576 4989
2389 342
4520 4352
571 2176
2473 3361
1388 3170
3425 1259
4542 1968
3950 1792
579 344
213 1646
3777 3412
3685 2764
2894 1972
380 3835
4593 1242
3268 4022
4575 193
2844 3371
2102 1612
1775 3063
3831 4005
2487 1935
307 430
1942 4090
923 1194
2820 1382
1925 2376
1441 2444
1030 3794
2363 717
824 950
3970 881
944 2480
4178 1174
2479 4961
4636 4053
4891 3117
2435 215
3954 2852
615 4106
240 2087
1577 2308
310 3971
3246 233
3965 1681
2185 1805
876 3335
1710 795
200 3813
4033 2400
1376 756
1746 3347
1455 3155
2429 3302
3953 2228
3463 2020
4738 4564
84 1130
3270 4372
2409 3266
2726 3672
1290 3670
2084 1272
1365 3438
4504 3227
4082 3460
1646 4830
652 606
3153 3489
400 2121
4324 2921
2657 4515
133 516
3676 990
434 4986
2994 2282
4555 2855
2080 2592
2490 3962
2068 1831
1257 837
4736 2061
2258 3193
2251 2107
4442 2065
495 3617
3478 4695
694 605
3297 1812
576 4318
4114 1346
1493 2962
342 1066
4775 4723
587 1254
237 1626
4962 1669
603 101
2033 2289
4506 2618
15 4339
607 4050
1832 3152
3295 3822
945 2116
2574 1986
1537 2988
2953 1984
3102 2693
4392 1276
4219 2306
2129 2828
2896 2038
4308 268
3344 2943
56 368
4928 435
1969 1096
4503 4835
1703 759
255 3737
2562 1115
3293 2651
3658 1299
2364 1469
841 2521
3340 3788
235 1249
975 2089
2198 4384
662 854
4060 2630
1292 2189
4695 4063
1364 2327
4200 623
1542 2255
978 1997
4193 1001
3905 2987
69 2025
2205 1710
2736 2907
3550 236
2711 3758
1865 249
1352 2781
88 2760
3597 3341
215 1109
1029 1418
1749 473
2525 4117
3695 4784
2240 4963
3703 4890
713 3202
1172 2408
563 3653
3627 1857
875 2899
1930 4605
4483 2624
2868 3868
3936 2888
4792 4749
77 484
4081 462
955 719
728 2469
4084 2657
3062 2316
4719 3099
909 1391
1418 269
4157 3694
1598 2976
2402 3456
2841 1170
257 2325
2689 2481
3256 3885
4004 816
459 1435
4144 1923
4596 3126
4332 4077
4859 2407
4924 2696
4176 607
4476 4396
2219 1609
1897 3315
263 4020
3832 4462
2643 4724
2201 2113
2398 468
864 1034
1350 2315
669 1235
1760 387
4420 4532
3796 2960
4629 2776
1919 2681
2788 890
3264 1256
325 1430
764 3832
3245 4425
208 4432
1677 1338
3171 2269
4987 381
4474 4453
2727 1937
4285 3874
2507 4687
991 4587
2049 2333
4154 2074
1778 2870
2310 211
2383 3458
4922 3127
3701 4142
2740 1136
1986 1167
4501 2733
1508 264
2541 1054
2519 870
3138 1769
3547 2164
3005 2465
1071 3715
3206 997
2149 3344
4224 1122
2910 3783
3749 1208
175 1065
4632 2595
385 442
1819 2174
983 1671
3732 915
3300 1504
272 4649
4849 1562
711 737
2716 561
2313 747
4134 954
698 1067
504 158
2214 927
115 1897
132 481
3436 1837
1826 4179
4006 4967
1868 4558
4076 2160
4597 379
2092 3407
2111 2155
966 2233
386 4857
3592 441
577 539
4856 844
2061 4274
3220 3017
140 4308
4158 350
1533 1139
2799 1910
2638 3542
1994 1613
4146 4014
699 1075
4963 3586
4390 4600
388 459
3998 4664
3362 1789
2623 1209
2816 4512
1961 2114
4638 2931
3118 1636
2504 3487
687 4813
369 1038
4135 444
151 2622
905 3987
4028 4488
4470 3414
2863 4056
4746 4326
3648 2454
895 1263
4767 2280
303 4466
4707 4567
835 3049
1409 1596
63 1785
2117 1617
3737 2620
1423 3784
993 3756
535 148
4584 3559
4977 2050
4026 256
3095 1113
4011 1205
877 51
2836 1154
1148 2826
3971 3182
545 1699
2390 3030
3492 1494
3037 2036
4549 453
3572 1058
4965 3067
4820 1896
3742 4608
3075 2275
3342 383
1644 3937
4422 4589
1962 372
2899 410
1886 1621
4056 281
4687 1281
2161 467
1856 2963
4994 414
2044 832
424 4617
3755 4001
4315 176
2620 3556
2391 392
1567 1102
1578 2518
3999 1383
3078 1423
2020 3841
1486 2433
1438 2816
3814 967
3850 656
3218 3648
746 4808
695 4031
2954 2380
2719 406
4677 943
1310 2889
2533 1814
4771 1525
556 3256
928 2093
939 4647
2834 3075
4066 590
1676 297
2877 2483
2735 2084
642 4990
4545 1706
143 1658
4583 3504
3554 3052
2132 3501
2670 4266
239 4539
3852 1411
2174 2241
4879 41
4472 2866
3997 4847
316 4657
3774 2096
4365 1006
1935 1675
3006 1584
3634 3101
4174 1784
2890 867
2564 1244
719 3613
4711 949
551 1815
4347 809
1565 781
3030 2658
3267 1642
2054 1739
3945 4240
2145 1289
4789 2321
1040 434
2939 4865
4086 1384
3416 1530
3004 2080
3524 303
3826 1135
3296 4658
2529 4761
4070 2359
4257 3995
755 1848
3244 4280
546 517
299 440
2137 1941
1903 460
1203 2208
1403 2814
2477 829
3053 2993
2947 852
4012 239
4902 1499
4679 478
1751 4256
623 3047
3643 4380
840 4071
3357 1219
2011 3862
3318 2584
2611 2610
4015 2347
4920 313
427 4152
4635 3897
4320 1144
4216 711
511 84
4815 3014
4548 2097
816 96
4352 2382
2368 4330
2880 2505
2459 3770
2709 1163
3150 3267
1008 603
3633 2329
398 4038
1845 877
3045 2127
540 4521
717 2453
4322 696
608 35
4443 1218
4878 1515
2951 4773
4602 4948
2793 3327
372 83
2416 1517
4355 521
3868 365
1256 4257
667 1761
3935 4867
1748 556
529 1545
4753 1563
2235 3786
980 1844
815 2057
2296 2179
264 1243
182 2600
1237 3018
2058 4214
3654 2916
2917 3893
2585 893
4667 4490
2850 808
4688 3965
4533 4814
4098 314
3736 3807
1896 4473
920 2274
4739 1754
426 4789
3660 1207
3747 4130
1426 4310
1878 1472
1656 2854
2805 3671
3401 2272
2814 4393
3896 3003
7 2659
3573 1645
3458 940
3277 1774
1367 4945
339 2563
892 2392
3294 3023
4958 2918
1606 768
4153 1518
2613 4506
1729 2755
2052 1605
4380 848
4258 3878
3316 3901
1188 34
4500 4561
1501 3074
4490 2133
2935 1698
2182 2957
16 3293
2794 1387
4852 3706
2381 770
922 4530
787 4992
2982 4803
4120 4933
1954 4342
3018 2627
176 1577
827 1345
3263 4505
919 2148
2607 3390
2056 3594
2961 4645
137 284
3894 4338
4260 3837
4409 2700
644 3473
2081 1733
214 3289
1224 2562
4214 3795
4280 3110
809 3356
305 2349
328 1939
1260 4851
2966 489
2986 1960
1329 3753
3974 2961
4947 427
2647 971
3989 3447
759 1555
2280 4276
3128 1835
2570 1582
1103 1672
3225 4631
2299 2649
4074 3186
3193 4386
1053 4849
3476 3421
2227 972
1096 1152
2163 4421
1953 4429
4850 4097
189 1956
4150 4573
184 641
2514 3877
4652 3961
4776 1160
4203 3723
3558 255
4991 1234
2329 777
3652 752
4934 4555
502 3333
4717 2581
1097 4636
4463 2066
574 4039
2604 4988
897 1597
3650 1718
4745 4820
236 4876
4013 4514
233 609
663 751
4539 664
4515 2506
1034 1195
4559 4579
1572 3817
2886 879
1321 2203
2376 4168
1840 4294
4000 4009
2199 3022
4191 4347
3824 1333
416 3696
3003 1775
842 3064
565 4481
2103 3539
4047 675
691 4582
4831 3396
3097 575
2501 3006
4941 1103
3881 2342
2231 540
4914 1452
186 2462
17 2751
1936 97
122 4748
4290 4752
1715 1482
3367 315
4018 1374
2930 68
3214 3707
4356 3312
798 3574
1839 2838
443 2249
2454 2053
690 1227
394 2159
4530 152
2785 2456
2500 4183
444 3346
3574 3314
3731 2003
1045 2560
1879 1641
4140 1919
765 2678
2946 2092
169 3043
253 2258
1107 3772
2187 741
4181 2589
3549 1619
4926 3002
4357 3430
4292 707
3719 733
2730 4101
3766 1401
4075 490
3623 2344
296 3947
18 458
2916 2591
4384 4122
2470 103
917 1168
4162 4883
1995 3655
4499 4943
287 4509
359 3426
1106 1258
45 1479
2415 1
3485 530
1842 510
2803 1860
4148 3037
1 2351
1112 2091
4446 746
294 1818
888 87
4567 4079
533 3892
430 2862
2619 3722
4536 2198
3629 3021
3191 922
3061 4080
1046 1193
3782 4243
3363 3752
974 61
3536 1544
4755 3393
2753 818
2440 3894
4036 4253
730 82
3571 3138
2284 994
1117 3450
751 924
1164 1084
157 1253
957 4320
2270 1481
474 1273
2549 4328
1479 1996
2671 1424
3101 1239
1669 2679
3481 221
625 3357
771 3982
4743 2117
4358 1511
286 897
3093 1438
3304 2111
2109 3311
1114 353
2499 1467
3205 1561
2074 4544
354 570
1816 1840
2441 3149
614 2911
1570 3644
2771 1557
4101 4012
4563 3887
2190 3385
3769 2671
4364 2318
1220 175
1048 1994
3716 2699
3427 341
417 288
1871 1521
288 3446
910 551
4641 4809
4044 1682
3379 2779
1507 2757
2069 4653
2879 4074
1859 1459
3109 169
2637 70
295 4362
1031 4353
290 3277
1368 3954
4846 3535
4623 3474
1021 1197
3472 2785
3314 553
4747 3575
1801 4536
1818 3158
2180 4930
3467 78
142 1991
1610 941
4957 3001
242 4212
3725 4918
1807 4729
1866 3391
4426 4802
3875 2026
1072 201
207 685
428 4760
572 1394
621 3058
3680 4231
4793 2222
3920 80
1662 3944
959 400
2609 782
4477 1809
2849 1477
977 26
3269 4994
2007 1714
4231 2242
4223 4651
1664 2337
23 1497
3562 558
3738 2606
435 3792
3804 322
3279 602
1230 1238
4368 3633
1652 1166
57 578
4128 189
1790 708
4903 1041
2001 3271
2505 4073
24 875
2539 3176
3198 4716
2478 1902
2493 2688
4160 3952
4444 1428
3329 2991
3133 824
3580 2360
29 2999
1654 2119
3380 2421
2272 2310
4455 4058
1504 4220
2300 4607
4185 2777
2860 4229
953 1524
739 3695
4672 4599
1241 2983
1701 2391
4341 4401
1615 2177
4407 1413
3977 4732
3587 2202
1016 4594
4535 788
3583 3084
4865 1446
4802 99
3027 3728
2683 1198
1678 1985
3568 4984
503 1340
1591 2445
4242 3299
1887 3424
1120 4113
4830 3136
3116 1715
3808 2424
880 3382
1963 2073
4657 3592
1922 2861
790 616
3607 3517
4263 2192
2610 4873
3527 3416
3956 1793
4996 2374
610 3201
3912 888
3312 1507
1813 2691
4143 1678
4540 3999
2315 2414
1900 20
3545 3511
4612 4309
3166 2812
2071 3046
2852 3139
831 4950
1717 2340
3126 4928
2759 2990
96 4755
3836 3912
1351 4641
4541 2637
61 343
352 3720
1974 2260
2016 3676
1947 912
2776 4375
4779 3818
1491 171
2207 4776
817 386
91 4177
3841 2069
3586 3630
665 4455
2903 3310
1413 1295
3626 3297
3996 3212
3849 2239
1884 3930
3358 429
1584 333
3085 4911
2992 4998
2254 2516
3870 3976
1550 560
2685 3220
3313 3700
43 1098
943 2024
3328 2939
3988 4439
165 2629
2591 3768
1036 4076
1917 4081
1299 1915
2312 3699
2848 3830
4130 4602
4619 2664
2684 4931
1702 4804
2224 3488
156 1137
2544 710
1950 1889
1828 3141
3077 633
3839 3775
886 2267
234 3834
650 1222
4524 180
4312 3062
1502 531
3673 4549
1156 3328
3565 2299
465 1917
519 59
1178 2473
3940 2750
466 1296
956 2718
3750 2717
2787 4215
2704 360
4149 178
269 1051
4606 266
2840 3192
2884 252
2359 4470
1931 248
844 2721
4525 2500
47 3464
2144 2435
509 3071
3728 4404
1991 615
231 3857
3711 114
4990 1274
3059 4335
570 2313
312 3481
4393 3032
3906 3428
4906 4630
2101 817
4887 4011
789 1354
3605 4675
3417 1503
4582 2643
1727 3131
1670 1589
3384 2132
3032 3623
2924 3178
4208 1178
4757 3482
649 769
496 3693
336 1578
3321 2676
4295 330
421 1265
1691 1649
4298 2611
3890 1036
2660 4237
1765 1932
1386 198
3455 4794
559 12
2715 4295
619 4710
4433 218
2835 1829
1245 1355
2566 3121
3679 153
2963 2442
1785 3732
2422 4879
2170 4446
3147 3230
1803 4979
969 1668
3000 3452
1529 4971
838 3342
2141 3986
3096 4398
30 4003
1517 3025
3513 375
3788 883
4763 3493
2305 1112
2012 1869
4167 3523
4319 2578
1949 1576
4449 3883
243 1533
1405 86
448 3625
1811 352
2244 1433
1422 3774
1593 3674
2148 179
4529 4728
3371 801
300 1827
805 1847
4964 951
4256 1590
109 1064
3884 730
3337 1883
337 2287
3714 4227
3929 413
851 1294
2206 2577
3390 2120
126 4260
1690 1484
35 1803
282 1013
1333 766
740 1623
4791 1297
3454 1948
3207 3596
1313 3258
881 3035
4276 3983
4570 4159
187 913
4673 716
1911 3083
4255 4167
4951 3145
2249 3008
358 853
2405 276
1465 2303
4210 4411
812 573
3404 800
3740 4801
3541 2265
3625 4189
376 529
2184 4891
1566 4826
2028 2818
191 4196
494 3100
889 2614
71 119
1958 4810
2411 1367
4005 826
4735 3966
973 4712
1145 187
2347 1570
846 1549
2724 4313
3240 2768
1494 493
1967 1744
4516 2910
1094 1298
2023 3403
1459 1969
1642 3130
348 1291
2851 2535
4175 2744
2934 4821
387 4926
2960 1713
377 488
2708 3636
2345 2248
4807 1749
1981 3026
1007 4447
3986 4790
1218 2213
3512 2206
4988 3838
1990 4698
3807 4816
1326 1224
2314 3153
934 3263
4633 4373
3947 2645
3671 2694
3907 1124
3213 438
1906 58
4710 4460
4919 4766
4398 3011
982 1824
1373 109
1231 1567
4723 1823
4689 4991
4724 873
541 1797
1776 3590
198 1924
524 4259
3505 3702
2821 541
4212 3272
2465 1933
4027 3616
101 2612
3456 969
1602 1365
4126 1976
3332 4377
3789 1662
1277 3208
1971 1375
580 980
4577 3284
4813 4133
3838 1700
1412 30
3354 4542
4284 966
3656 4913
3008 3522
659 1731
2375 4747
4448 4533
2326 203
1047 920
1976 2381
4099 421
2959 1842
1726 1255
1208 4901
1836 3568
493 860
4518 1097
108 81
1945 1478
3221 4258
3856 653
455 3173
2784 2467
3522 681
1434 3629
4502 3805
3315 112
2400 3194
2893 842
2973 4575
2278 2131
1215 2704
4929 3588
4435 523
3942 2583
1699 3435
4954 3950
450 1439
25 2357
4010 3750
777 142
3694 2079
2360 2190
4152 3027
714 2782
4207 2319
4333 2005
3622 2199
1124 126
3653 657
4498 2774
2331 3746
2414 520
1073 1412
2633 4264
3624 3534
1725 2095
4900 2971
4024 2511
3507 2311
638 4162
4827 2683
4729 621
2869 1351
4411 4703
744 1080
2654 4981
4670 1493
926 574
4137 1245
1808 4903
3713 398
2116 2734
4252 439
425 2028
2189 4704
4287 3157
470 110
1038 408
593 2881
2531 2270
4387 4915
4946 3836
273 4035
4918 1542
810 4500
1695 1947
2336 1342
1835 4870
4967 3692
1068 4200
4786 2617
3862 4415
3182 3844
2236 2291
3374 880
4329 77
1492 2495
4410 569
4008 38
1195 308
4087 182
996 1622
3033 3090
1207 748
3693 155
1736 4332
2034 2542
4423 3790
2281 4560
4656 163
330 1799
3326 4571
3413 2959
1144 4484
3888 3496
859 700
2601 513
1440 1434
4190 4348
2838 3851
486 2175
801 4306
3165 4916
847 2599
3521 2531
4937 3362
367 1951
753 3915
335 3059
616 3749
1080 787
1338 1849
4052 4107
2530 1490
2036 4800
1267 4848
65 2941
1885 277
89 2897
3721 299
3525 316
3411 2639
2382 3039
3197 1572
3689 2478
3765 2684
3100 339
506 3499
266 226
4415 3287
4823 4596
1142 3232
3127 3465
2944 1196
3946 1546
4857 328
219 2804
3865 4525
3435 2490
3460 3354
2817 2451
4550 1448
3338 597
3688 18
2876 1987
1547 2788
1118 1199
4108 3624
950 4517
3098 2216
2773 2739
761 964
10 3218
4465 2128
2748 2977
365 2362
3439 3472
1802 1134
768 2710
4179 699
4048 290
3844 2149
378 2156
3516 3133
4654 1602
492 1781
3734 4387
3744 1335
420 2234
309 2685
4009 2334
676 2210
3486 1447
3446 4850
1988 1348
3420 3916
1217 2780
4519 4182
4275 2496
3122 1429
3955 946
397 273
1639 4451
4489 3180
3395 4025
1580 3374
2775 2731
3230 2729
1141 2488
4662 496
697 2644
4952 1938
2407 4842
1394 1767
3611 3281
4950 2129
1944 1454
4273 2934
2466 3086
4608 591
1140 4739
2744 3410
2909 3087
720 3264
1883 918
4855 1816
1201 4194
1503 3543
970 4249
1796 3650
2374 4774
4383 2278
4684 4570
752 2410
3859 1190
1522 1451
4644 3497
2721 552
4294 424
3697 4569
979 4696
3177 2135
1469 1155
2780 3326
3351 3079
1293 1695
1353 1458
987 391
2822 4676
620 237
3489 4346
1444 2440
2014 1398
1033 480
1650 222
4428 3736
2858 4271
4450 1364
1183 3051
1242 3231
104 108
4023 3634
3423 548
3771 4390
363 4045
3105 3505
2828 4669
1179 3313
1920 120
507 1836
949 242
1328 1908
1692 3478
3389 2928
2983 872
882 4298
2410 3969
2462 2867
2266 1944
4109 116
1622 4685
123 4623
4401 4871
2282 3009
4197 849
1908 4591
2104 49
3496 4788
1762 2428
1407 3821
353 1758
2818 3491
3511 1349
2928 4754
2452 871
4764 373
2419 838
2027 1388
543 1569
170 85
2907 94
130 1363
3675 2412
760 1081
4527 1875
3746 1846
3717 3255
4485 4585
4309 23
4021 3725
4288 3377
4303 4311
1132 619
594 715
2845 172
4653 1014
4995 4780
3556 4652
1611 3741
232 1012
670 416
2634 791
4942 4524
4696 4955
4337 1416
4867 3833
999 1980
2565 3698
3895 2947
4817 2214
2353 234
3125 2009
2949 3425
1683 4383
49 1873
3773 1442
1057 4219
244 2498
1475 4619
4412 1779
193 2430
3112 4719
3388 4612
4475 1900
916 1088
3538 4700
1223 399
4234 1226
4297 2875
2077 2320
2635 1760
2883 3529
4281 4000
3698 2964
4674 4824
1349 4126
4888 2356
2492 2466
391 4006
2393 3886
2241 1537
4225 4255
2979 261
2108 3322
3761 4947
2777 4161
4869 2892
3532 2197
2679 901
2127 907
3860 4837
609 3815
591 452
2096 804
3111 3820
4774 3824
712 3325
2168 3549
1204 216
1877 2540
3952 3291
121 2277
1632 223
2223 4261
3110 3276
2557 4643
2906 3895
3021 1506
867 2798
2038 4359
2692 4440
4883 841
3285 2294
2956 635
2870 3096
4240 1583
1588 2191
4617 75
868 2276
4737 4692
4725 3013
241 3922
4974 2778
2523 4157
4513 3705
131 2339
2728 4238
3797 2083
1619 3470
1711 714
2471 1634
811 1854
260 2018
4700 4075
3261 821
3009 1753
2113 1647
3517 544
433 3081
4217 2452
1895 401
1629 4195
4022 2602
1222 1202
1521 1030
2918 3433
4956 151
2997 522
2943 4337
438 4705
4616 3850
3106 3585
4093 241
4532 2298
4286 167
4908 1564
743 1757
2421 4541
3044 3007
2032 2735
4523 257
4970 390
2259 1766
3726 2526
517 1425
3823 1016
4772 1149
2559 394
900 1959
985 4904
162 2153
549 2922
3708 3405
4344 2740
1451 3771
531 1337
423 337
4172 3437
2188 3211
1838 919
4665 107
3718 1436
4826 4735
3310 2609
3864 3498
2250 125
2631 4502
174 2908
3937 3183
3278 634
783 2409
3934 4940
2357 3418
484 1182
3982 2379
590 3244
1620 1581
2372 4887
4239 2266
962 850
3670 4501
4071 3525
1019 3369
997 2168
2268 3719
4682 4574
2608 3161
4007 1851
3696 367
1743 2171
1162 3073
2957 4671
853 4188
2846 4720
3570 1282
2988 396
4814 2662
4487 3645
785 1990
2755 4430
4418 968
1744 3580
4124 2090
2445 3265
3951 706
3827 2006
3048 988
4625 1107
1713 3216
4697 2047
2288 2576
256 122
3813 3785
3381 3853
1780 952
2797 4769
3317 466
3649 2178
2673 2324
866 682
3735 2706
1557 3641
1784 937
4211 4336
2757 1286
2289 1719
2528 629
1135 2257
673 2586
4885 1027
1165 3253
152 1930
86 1241
4173 129
1672 1445
210 3453
4949 450
1079 21
4910 3484
320 4193
4046 2786
2397 1248
3386 3721
850 2072
1447 174
4340 4562
460 1057
3130 1191
3494 2268
2729 4744
4955 1284
4562 4717
3798 1216
2965 4247
1043 4317
2839 3012
1750 3789
1882 3283
3462 1495
4326 1026
4031 2404
1933 3685
1549 1802
4768 3112
1630 2967
3224 1025
848 271
2151 2654
1370 1463
1199 3743
3840 3612
1385 624
4877 1529
447 1852
852 3210
324 4098
4546 1010
1575 1770
2843 2557
2472 3490
3913 65
2676 1943
155 2673
1741 705
933 137
2468 1887
2115 3
1037 923
2589 4725
2122 1759
3730 4134
3815 4510
4378 3521
2005 3360
1863 1819
1366 3867
1841 2834
605 177
344 1371
3598 1005
1275 240
595 1850
1236 3367
1603 144
4744 4345
3772 547
2521 1579
679 3436
1458 1399
4800 4968
3432 2805
2217 2438
2043 1509
2743 2905
2279 2815
2656 3345
2874 2152
1830 472
38 491
2248 3140
114 2372
3665 1230
1158 925
1339 631
2130 1610
2048 1421
4777 4678
4578 1551
154 4381
532 1538
1213 7
399 2052
3803 3803
4966 1287
251 1690
3333 1277
2195 3417
4419 3973
1756 1085
732 4457
1206 642
4647 1427
3452 2792
4628 1301
2908 2900
3190 4069
1707 1104
1853 0
2343 1028
4235 1886
1197 3298
329 2580
1101 3457
4517 4403
1100 2942
1341 755
2571 3282
645 4912
2915 3933
2449 608
1857 2449
2645 2745
3661 2769
2582 584
3842 334
381 1138
59 567
3904 4975
3743 3114
3232 1086
4799 3355
4123 4855
223 4141
965 1487
1127 4315
2555 527
366 1723
3320 4874
3370 1404
860 4422
4509 498
4836 4978
1004 4487
2448 1185
4379 245
3424 3380
705 4910
3637 364
2426 701
4478 1094
757 4613
3070 3684
3619 4476
4614 2707
62 295
3768 4083
2658 4878
2547 2956
2178 139
505 3573
3534 2736
4080 4409
3120 518
1799 1768
66 1751
2106 3929
2210 933
1614 403
3094 2399
254 690
1146 1832
3994 2763
635 210
4671 1360
4247 3550
4279 102
3908 1359
2830 4244
429 22
1694 2068
3979 4713
2428 1877
1358 4951
4968 3730
2929 1874
2395 4046
4837 1432
161 2985
2746 2822
4973 4391
527 1303
2365 1640
2806 671
3035 1024
4980 1422
1443 3919
1514 3537
4832 1594
2825 1032
3973 4659
2783 4768
2330 170
4222 4175
654 4492
2937 4088
4703 4674
4985 1704
1585 1904
1477 1697
2202 415
2424 1389
3378 825
4254 1158
4537 1415
4590 132
261 3384
1854 3907
4705 4370
3754 935
2291 500
1647 1285
21 948
1975 803
1617 735
3878 611
4338 1574
3630 896
276 3040
4069 604
3148 3816
3410 3536
1312 2821
100 4361
1171 1526
3477 1061
2039 1233
2665 3802
604 4960
4933 2847
2646 4265
515 4554
2083 1121
298 511
925 1221
1221 4665
1910 534
2294 3168
370 4693
74 4431
1314 1978
4249 205
836 2573
4890 3034
2687 3618
2882 2323
2624 2365
3347 2
3051 1677
11 1673
2819 185
3482 4598
4497 3842
4581 1485
3013 1362
4681 2655
3635 3561
449 4464
2962 2902
4375 4677
1929 4644
37 3627
3083 722
1938 1267
1070 449
1445 111
902 4497
1279 1884
1768 2364
1404 4368
2553 1206
3741 796
1377 196
1876 1543
1487 1971
2626 1275
3050 4147
3812 2059
2283 581
3603 917
1152 3028
1092 506
1782 4312
2812 1123
1429 4307
4759 3229
1067 1909
3757 3804
158 4026
1618 1756
2022 3376
1274 265
4751 2346
3668 66
3880 1905
2125 2383
2641 1748
2469 2375
3303 4592
3591 4132
1984 4349
4377 1680
1435 934
361 976
808 3738
2990 2029
4844 4697
3702 2300
6 668
3418 4772
544 1369
2139 1405
648 238
589 4828
1921 3639
1697 1043
4978 2989
1297 4765
321 742
1982 2142
706 1000
514 3905
3364 1736
90 1002
2655 3213
4155 2008
1090 2771
4659 3303
1621 1240
408 3419
4391 2575
3450 1512
1773 1321
2261 4166
227 40
2615 1056
2691 2728
2095 1912
1233 1629
2970 2605
3228 2919
2945 2877
4061 1712
3160 3578
3644 2048
568 2307
2998 4450
3792 1949
4163 4281
896 448
2121 4684
1687 3656
4388 1607
4374 3092
657 942
3422 1049
1077 4061
927 3960
2031 3611
2595 4973
4417 4797
1761 1019
345 846
3646 4610
436 2708
3745 293
893 4131
2225 1128
763 1592
1666 4925
1554 2723
2584 3516
4141 4480
457 2125
2160 1686
2018 2230
2786 455
2120 2529
599 3711
2699 492
3615 2231
4838 3609
4296 507
463 90
3659 3614
4117 3189
520 1608
724 3387
1010 725
1668 4782
646 644
631 2689
4664 3420
4205 636
1763 3945
884 1305
3886 2016
501 979
3308 3348
192 1539
4824 3998
3069 4208
4646 2301
1673 3760
3655 3286
1737 3270
820 159
395 542
3001 1742
1063 1407
4072 1011
2066 3958
2067 321
3752 4190
2155 2464
271 2137
2046 3004
964 224
954 3070
4784 95
2518 749
2651 3337
2690 4197
2644 4282
341 2747
3349 4763
2664 4205
4898 2067
4911 1843
1914 689
3471 1247
1769 1765
3473 131
1714 1095
1450 3880
2098 4841
588 3854
3391 2893
2316 4322
1191 4494
2035 2455
3692 3129
1214 1872
2898 4974
2358 4668
479 2042
2628 1632
1742 1201
733 4292
3802 2652
3262 697
4339 3992
1488 19
4921 1942
682 2972
2941 3280
2985 3615
788 3600
861 4138
3504 2871
1347 3946
1964 4846
930 4173
4658 1015
4840 977
913 1302
481 4583
4453 1606
2301 3572
3712 3903
553 4112
4692 393
2732 4187
583 3866
2950 4119
1907 1890
2875 1500
3020 4463
3520 1963
518 640
4103 2443
50 4962
2702 4572
1446 4775
3618 1183
3346 2656
4088 987
4168 3797
602 4467
1154 3948
2119 585
2511 60
1583 4091
373 16
879 673
3086 2856
675 1644
806 3680
225 4414
4808 3306
3252 1062
4250 2846
1520 63
865 774
3891 709
1855 3981
163 2808
4262 2326
384 4226
2197 4942
2355 956
1411 3394
4634 3800
1643 3579
716 2670
1814 479
1655 2474
4645 2432
3705 3113
2867 2950
4112 2063
3548 4043
3216 4578
418 136
946 225
3555 4089
3801 2017
885 3667
2618 4211
1061 1060
1657 2550
2857 2701
4576 2479
1452 4444
2563 1532
2366 2007
3851 4746
3601 4557
456 2848
46 161
3243 100
2969 1737
3537 884
3209 2082
445 1119
3710 702
4343 195
4944 1559
912 105
464 3463
715 1614
2543 2389
3892 4096
2093 3761
4468 2162
3498 3249
4095 4143
265 4840
4615 1635
4782 2312
1809 4734
2045 3748
3911 614
2791 4580
2925 1957
4425 1232
4975 845
778 1920
3426 4094
1923 3415
2885 2182
3529 3292
3253 4085
258 1331
2545 4267
2253 3806
2320 2716
2370 4905
1850 2968
4139 3115
3372 2844
405 626
2672 134
4935 3077
4261 2732
4862 1173
3241 4004
2193 2715
3038 1895
3248 3156
1371 2457
547 2254
2713 3069
4556 2534
4907 2829
688 2761
1757 2894
3202 691
1545 1269
3052 4764
1937 1725
343 4936
2186 2261
2176 1151
2339 2864
4348 2596
3720 1313
1269 4222
478 2368
2769 2336
246 4624
2226 474
3969 588
3060 807
116 613
3876 1223
3500 938
4199 3269
2097 3353
1186 3997
1449 3466
2078 118
4025 4269
2888 2060
1050 2244
1940 1783
4874 2613
1553 3646
374 4052
4486 4738
277 2223
4655 3288
2126 2098
4728 3066
781 4535
508 1431
4794 2489
3169 3252
3227 2726
1017 4475
4366 4232
3385 1456
1159 3628
2527 4679
2276 2851
656 1047
3154 4825
206 3088
731 380
4083 3379
829 535
3015 1638
668 2865
440 1936
1552 4371
2427 2901
4459 1368
1287 2642
3350 250
1380 3401
2829 4248
139 1328
2712 2035
2200 3570
2967 2571
2000 2756
3222 1906
2446 4434
3938 3301
2881 2482
3552 340
4916 2212
3174 2468
3280 477
3066 4770
3899 3964
2051 2849
1059 1627
4511 4283
2810 694
3484 2458
3238 1449
1181 3160
1064 4286
3080 886
1705 267
767 1977
1987 549
4436 1366
1463 2403
138 1189
1957 4783
4699 4489
1861 2738
1558 418
2750 1982
453 4531
3453 732
212 4060
267 2118
1599 1142
3419 6
4151 4087
364 2801
3887 545
2086 3967
1613 1940
3640 592
2341 2895
4327 2925
1787 1306
741 3597
2717 1092
626 3560
1927 647
2576 2304
4595 423
317 2748
1505 753
4766 665
1519 4666
799 1595
2203 1745
3307 3124
655 4604
2431 3581
2322 2598
4 3951
2710 1914
1864 2236
4631 1926
34 4413
4318 2071
2911 2314
1924 3932
611 346
2328 959
1637 3080
1361 4156
1867 1440
1439 3076
2332 1042
873 587
807 1958
487 3681
2348 1310
3889 309
1681 3703
4841 3350
48 4597
4686 601
4742 3134
83 3657
894 1689
3292 720
3402 1586
477 4323
284 3791
2781 2523
441 1687
1227 4478
2153 2845
1282 2188
3775 580
1862 1502
4709 4872
4872 4795
4675 4543
1980 2232
1261 3777
3995 3663
4466 4745
3585 200
4105 1474
4029 4827
2971 260
640 2789
4690 2139
2136 4304
2516 53
1470 3294
4270 1705
4847 4934
4037 718
371 461
1098 347
148 2491
4901 2623
1869 1599
319 3763
2942 1410
2680 3223
2321 1471
1249 4419
4220 2909
2823 3318
1905 3602
2827 734
4871 643
4863 497
4998 3373
3449 44
3146 184
2110 2840
2583 2485
1661 1266
2561 3351
468 2543
3528 2626
791 1475
4488 3528
826 1009
356 1955
4188 3708
2548 2872
4189 3242
2847 3359
4283 3175
2030 1147
3173 904
3461 4027
3866 830
2439 4952
2914 52
951 4246
2010 3935
4547 669
2450 4103
745 2158
1531 2286
1160 1600
4971 4545
1844 3941
597 939
3265 2874
766 4520
3299 4209
2303 1916
197 4516
3810 3659
773 2010
3858 1353
1020 2819
1219 3010
199 1591
1509 785
521 811
1374 4378
2319 2998
4930 371
1824 3389
2989 3146
3359 3308
1716 1995
1200 3378
3972 4250
2764 3085
4510 1536
178 1045
1342 3197
1430 4428
1706 4503
1286 914
3674 1316
989 369
4369 2711
1041 812
1484 2259
3273 799
4721 2077
201 4603
1384 4568
2085 4953
2597 595
984 729
1625 3383
2406 1728
350 3993
3204 3652
1759 2013
536 1347
1011 797
2923 4418
3922 4662
3948 92
2758 3921
1476 1278
692 2835
3609 3005
1810 1981
1774 3340
729 3334
98 4213
2099 2687
1052 4245
1698 191
1640 2406
3753 4635
308 4595
1025 4513
924 2502
1400 2220
4666 2937
4732 851
1147 156
3806 1148
4781 765
2042 157
3530 3352
4734 891
1189 1794
1226 2906
4119 1419
4972 4626
180 3513
1421 2238
4180 2944
3727 2355
281 407
1467 4537
2616 2215
3172 4798
3040 1911
3443 217
4043 4218
2 3321
750 2332
2152 2363
683 554
3272 4115
480 794
4170 4036
1852 4856
3834 1336
3043 1863
510 965
776 4892
1794 4946
3144 3409
119 3530
221 2519
3155 3019
1234 2497
1436 652
2323 1279
2801 687
2386 3839
3336 1161
575 1110
3690 1882
4909 4819
3074 2263
4564 3078
1513 1379
1163 1373
2815 389
1820 4706
2485 1791
3553 307
4569 2994
2228 227
462 4364
2123 2209
489 4192
3526 3451
554 563
2346 1777
639 1059
3594 3798
4860 4893
3054 3179
3298 4740
4961 4620
4248 724
3497 1961
2150 2640
3397 2853
3835 3279
1238 115
2662 3029
41 254
2765 1730
297 2461
327 1808
1190 4787
1601 186
1126 1841
4586 331
618 285
1240 2343
2002 2370
4997 2749
301 1709
585 863
3819 1356
2159 4997
3787 1650
3664 336
332 3909
3958 1717
1133 612
2423 2338
407 4556
362 4151
4421 2980
4882 4273
2489 385
4266 985
4065 2264
2798 1352
4441 2978
2089 1376
742 3848
326 754
179 4750
32 981
3828 4300
1307 900
3437 2677
3809 1535
1086 738
2503 2138
2502 1880
2434 3381
4917 3990
4385 1312
701 1826
4192 4785
4731 3237
2255 3710
2208 4299
4132 2441
804 798
313 3510
1460 856
2678 953
4376 831
293 1625
1390 4838
322 4169
727 4144
334 4957
2697 1888
4183 2912
4325 2221
1771 4284
1595 2823
4969 1741
2256 3375
1397 4392
2403 499
3608 2648
4553 2843
1332 4688
331 3400
1525 929
1728 4859
2215 432
4897 3241
4816 4437
3408 3691
2138 4661
4016 4869
2017 231
4458 1127
2826 3724
2833 3053
58 651
3795 784
3975 1332
1069 3890
51 4471
4440 2075
2569 4854
1131 1246
3763 2386
2513 538
3980 4881
1168 4242
3189 3917
4960 2099
1480 411
2572 3814
1185 1322
4534 376
167 1853
2436 868
2927 3939
3966 1934
9 2070
4558 649
566 1231
2369 483
226 3219
1544 1076
2265 3454
2522 1707
393 3604
3566 1772
2772 744
117 525
3007 1486
581 3727
1028 3608
1337 600
632 763
2177 1603
1576 1558
1485 2196
4058 4586
2778 2841
2246 2031
1138 259
4819 4400
3187 1071
1915 3159
2948 4186
1311 2037
4880 2422
1003 2631
4432 1108
1289 2558
4267 1893
1251 2446
825 4065
828 3823
3135 2034
2546 2692
2811 4412
2742 2759
843 4793
693 2104
3636 1496
1167 2144
4404 4621
1104 3372
3877 494
4055 1962
410 2288
1722 1381
1689 3908
4512 4949
1431 1679
1136 388
3722 2783
651 3884
525 3991
2264 2945
3348 1397
2537 2358
3129 1317
1005 1087
3620 3388
3559 1395
82 3296
704 4459
2183 2524
4321 4622
3400 3563
1831 2134
471 2146
3117 4954
4403 2594
4462 2033
2463 412
4812 1268
4400 4016
1153 2653
3029 857
899 1089
887 1444
3119 2475
782 543
718 1807
1454 4547
1721 1989
2889 3198
1391 11
1733 2833
389 947
4054 2477
4147 889
3709 1037
3073 4629
2855 359
2734 3098
2723 2924
2594 3845
3992 2136
780 3123
3104 4786
1805 2884
1246 4388
4554 3555
1700 2796
961 3847
412 133
4402 4008
3729 998
4834 3278
4268 2417
2938 2331
613 4880
4136 2837
2696 773
1014 4121
2263 3408
4002 1074
4993 431
3928 3926
4825 594
4780 4023
664 2569
3141 2019
2306 638
770 190
2053 610
488 1952
4353 771
4531 164
99 3228
4129 4898
3990 1083
4804 1683
4948 1534
935 1999
1288 4164
432 244
4351 4263
2668 509
1983 3514
3900 3687
105 3781
94 3860
3012 345
1402 4616
2327 1541
1228 3097
3638 4590
4184 2817
1574 2369
947 693
311 4064
1959 3902
4508 4468
1948 2860
4843 3174
598 4172
2738 310
3764 3751
2586 3015
340 1489
3219 1293
3614 72
3837 1834
4090 2753
3014 667
2191 4210
1483 4519
2311 1329
4334 3016
937 106
1474 2284
1740 632
4042 2582
2003 3773
2510 3300
4165 3214
2133 1073
4693 3254
1074 4496
1586 3165
3987 3492
103 3082
4107 1453
3957 356
228 2981
3651 3764
4648 3799
4110 4086
146 4037
220 703
3927 3116
2861 4180
762 4472
248 3290
2693 4843
1383 1290
3331 4160
1849 1740
700 2538
3151 2056
2733 4228
3933 3726
3121 4452
2147 4935
1285 2385
2737 2437
4803 2607
4464 3036
1680 1082
4854 4836
564 4817
2037 2251
1330 678
2380 296
3056 219
2404 192
3442 3975
1996 2752
97 627
814 2262
1825 4889
1000 4681
2854 1003
4940 3977
3113 4609
289 2086
1129 1211
658 2882
3049 3508
833 4178
2996 1186
4062 1018
1973 2604
1512 2335
1738 76
1649 327
1998 684
1322 760
1815 37
1658 4465
1822 4420
4762 3584
2763 229
596 3682
2481 1386
68 1079
3606 1514
1066 3872
1686 4206
3924 1788
4604 1771
2457 3042
4557 1633
3254 2869
2580 698
3251 140
3288 443
4145 1153
4073 4149
3203 4395
475 312
4716 1396
2340 4493
4305 3422
998 2002
4447 2986
2064 54
1596 4686
280 1228
106 866
1395 304
2642 50
347 1703
2304 1501
4589 4718
1511 2439
4748 2742
1641 4123
4127 572
355 4066
1382 3332
3099 3119
4685 64
1696 3111
3072 1309
3301 3876
3084 1508
1833 3411
4982 202
1270 4637
4626 1694
3091 3858
160 4894
4609 776
2663 2054
3628 1822
1498 3238
2603 3852
3131 446
1627 680
3577 199
685 999
4796 3796
2230 3440
3208 4078
736 1701
2239 4199
1889 4980
2581 4634
2318 2754
4182 4565
3438 1377
1229 3128
1194 583
3399 3669
624 2566
3539 4660
2993 1925
4034 3234
1781 3899
3490 2157
4035 4007
3672 3151
2413 2415
4760 214
855 4551
3785 1393
315 3541
2921 2064
3233 2556
914 835
555 3324
0 1861
4868 727
2412 232
1955 1721
2749 648
1528 4408
2442 4670
3647 363
2532 3980
3817 805
1758 2256
2977 2984
600 5
2872 789
4245 834
1381 3295
1295 426
1524 3940
4939 2616
3794 2078
2378 3402
1442 3045
1248 4721
1272 3928
3756 3598
1626 4221
1425 4852
4544 246
2297 425
3022 4863
1978 1046
561 3666
2639 4632
1559 4914
1345 1180
4889 1659
414 4922
4651 4507
1122 130
1232 3240
3360 2388
3076 4024
1346 1601
31 2166
2229 298
858 3739
2600 3261
4431 4217
592 1523
2262 3188
1607 568
3186 963
150 4405
1891 4108
2399 758
2512 3828
2461 4382
2274 2211
976 524
4571 4067
1108 1516
2741 3942
3855 4376
1653 677
4032 173
3369 2724
3843 1236
4573 422
3394 2953
3334 4868
1318 1300
2999 4397
3275 1210
483 4977
708 4683
3181 1787
1786 1798
582 723
346 3640
2267 141
4622 46
863 1323
557 4701
2718 2186
1414 779
2385 599
1255 3985
3631 1358
437 4438
4195 4325
1590 3323
2650 4057
4077 858
3258 3449
4457 1414
1102 4289
1605 1967
22 3048
4598 1899
128 3404
4811 3647
1562 905
2135 2494
4864 2436
3283 4399
4091 3713
2269 1738
3291 4125
1739 326
1633 505
3531 3203
903 279
4676 45
2260 311
1788 557
3311 154
641 1855
3976 4049
779 4722
4019 39
1548 4646
1283 4792
4565 2510
1306 15
4367 1217
3793 4013
1169 1220
2567 2570
4765 135
2212 2824
2995 4234
3158 4015
1913 3595
1943 3626
3152 2904
14 1105
3039 300
498 4715
2118 2836
4342 2217
2754 2634
452 1670
4306 1426
2766 1031
707 1674
2476 4319
3751 319
4611 3245
2558 2930
2218 1881
747 2555
1173 2425
3260 253
2955 3793
2688 3778
1500 3519
2070 3963
183 1215
4389 864
3107 2799
3518 4041
2524 2290
3375 270
1571 3900
2298 1553
1541 576
689 4343
1461 3871
4639 2883
351 2367
3923 757
3885 4778
4875 3206
4624 437
379 3678
1428 598
890 4937
172 123
4104 2650
1300 3582
862 3924
4733 1192
1309 272
1777 1953
4399 596
279 2350
2172 3196
684 3233
1789 495
1415 910
972 338
948 908
3210 3274
3231 3567
1002 1720
2107 4146
2057 762
3396 370
3457 362
1766 504
2686 2850
636 3368
990 2431
3867 1950
3031 772
3776 4435
1239 4369
1873 4092
4437 4993
4528 1628
3429 3339
3882 1862
738 3686
988 4433
3805 2713
2975 2032
190 3779
3464 4198
952 3825
268 1865
2455 1528
4040 1519
2575 3904
1594 2730
633 1106
3092 409
171 1735
4078 2285
4386 3762
3234 3199
4244 895
678 3891
72 1132
54 792
3918 1922
1952 4033
4726 2621
1536 4987
4551 294
3686 4184
3682 4976
2577 3957
1772 1093
120 4552
1055 4410
4299 1894
3926 2553
194 4965
1540 3544
3779 840
1130 3545
2167 992
4896 859
2871 1283
796 2965
4473 2762
2725 4118
1734 1372
2629 4523
1912 2661
1076 4625
4613 405
2720 4815
4680 4303
195 4982
1372 1181
1972 3896
3223 1133
2978 3610
4215 2395
3544 117
3302 4999
1387 3979
3428 2666
1209 767
1604 1913
3475 1483
857 487
4787 2827
2307 1830
4204 683
932 4224
1708 2933
929 978
2140 1667
3540 1522
3983 2975
1263 1657
1182 3620
415 1868
446 3386
528 645
4806 2499
3163 2743
3641 57
1335 1350
2579 962
1012 3089
2842 14
2388 1250
1320 3366
382 3984
4620 4690
4828 4344
4943 3431
406 1692
1262 2601
1013 209
2703 936
837 1965
1211 3757
306 4601
3365 2857
3944 4615
795 536
1546 582
1302 2647
2392 1988
4851 235
3010 3718
1551 4895
1056 2170
454 1114
1448 2810
1348 4927
2632 2486
451 4109
992 3831
4430 302
2515 2992
3289 4030
2464 4694
3441 88
4041 2667
4115 2507
552 73
1638 4448
3909 989
4429 810
1767 348
390 4171
4354 1885
1600 1918
76 2405
3465 3413
1635 4047
4311 3304
3582 274
2482 2201
3874 4899
3790 3829
3748 378
2308 3125
1793 1747
4274 2809
2438 1776
1846 3668
1858 4110
1941 4082
4317 1262
1083 3485
2630 2885
4363 4682
3469 3968
538 404
4138 1746
4610 2271
2154 780
403 3532
3180 2295
4350 194
1273 3142
4278 3677
4953 3734
2221 532
1137 3780
2076 836
2625 3057
3816 2585
3176 3441
1532 4741
3325 486
3361 2541
1111 3759
1022 4584
249 4367
3523 3729
4526 4673
3376 828
1821 4291
3276 2628
3123 1858
87 3569
2508 1091
3667 932
4845 4354
4913 4301
3632 4650
1266 2112
1192 2552
2194 1702
1308 713
1496 145
2770 4742
2317 4886
523 750
4221 3882
2807 4550
703 2790
499 4329
2661 4654
3861 3520
661 3480
3387 1927
4304 4818
3561 1212
4481 4737
2181 4751
3684 4727
513 3103
93 374
2674 4051
2517 4054
4335 501
1119 3593
1730 955
4213 1618
1175 1257
1060 1117
4986 67
3845 814
1745 1734
702 4018
1284 1531
666 4055
4456 4072
323 3495
2162 4059
2987 4563
3508 1688
1035 712
1489 4504
4798 2935
392 1571
2373 1973
3825 2103
3991 984
3821 2770
1848 4140
2233 2229
3910 1763
4979 4204
1634 2279
2550 1685
1979 457
530 3911
2592 4548
1894 3235
1393 957
1023 1864
681 1992
3560 2225
2247 661
1901 280
1116 3509
1797 1901
3444 3826
3082 2250
1674 2920
1573 1762
4873 1311
2900 4268
2334 283
4277 3846
2905 3336
3282 1498
2779 3044
1324 2806
4452 1330
4166 3259
2325 2493
901 4454
2237 3548
127 113
4051 89
1510 4796
3579 2974
4788 1341
2952 1616
1560 2832
1468 4341
3115 3172
3984 4095
211 3910
2337 2108
1568 1111
1084 3461
1410 1420
2087 4176
737 1491
2790 4254
1174 695
2707 1090
107 3812
205 2434
4848 1488
2856 4941
4714 876
4068 3906
1225 1176
2649 655
4209 143
4756 970
177 2946
2394 3688
1977 4833
1592 4314
4561 986
2761 617
3168 361
3136 2923
2568 503
1355 4127
1471 146
2192 4225
1704 2448
2560 2898
3330 2218
3930 1750
1254 822
4159 1684
4706 3589
3519 4333
1044 1280
710 686
168 1162
696 3502
3873 2722
2100 3217
1354 2546
302 305
1747 4906
2491 898
4795 2695
4727 3445
4785 2646
2019 4540
2165 325
4372 3483
2813 1308
1401 995
1115 3938
1420 1813
2617 10
4479 2181
4142 4165
1660 2460
818 3709
792 3996
3914 1187
3236 464
2936 1409
4591 3879
1472 993
1453 4757
4740 1513
4663 183
3567 1764
4783 417
2701 3094
4131 1651
1093 3329
3491 3468
4227 1048
2747 2022
1253 2514
1202 3038
2367 4714
145 650
558 3531
1539 2450
4538 2702
931 29
4932 4726
2621 2669
188 3744
2351 2520
3081 4340
2420 4185
2552 1821
1579 9
721 974
144 2551
1679 2328
4445 930
630 3599
1166 2492
1916 2305
1899 618
1872 2123
3778 3840
2912 1548
1663 2917
4810 2859
2931 482
3047 3500
4494 1970
278 419
1303 3144
4643 1825
2588 1400
2242 646
