500 9500
491 153
130 424
210 89
294 381
11 203
235 300
426 123
258 80
142 496
381 238
75 194
344 259
117 57
8 23
481 177
375 405
60 5
242 148
202 88
56 346
453 482
194 335
437 321
418 474
254 157
191 147
153 401
497 198
489 223
306 481
74 32
28 470
403 67
261 309
466 246
61 337
233 402
420 7
283 444
401 48
36 160
46 39
83 345
447 326
54 65
119 77
293 116
121 226
185 453
247 281
389 373
229 53
38 463
88 2
458 315
354 40
108 178
207 142
460 285
71 288
246 385
316 212
186 452
155 411
212 369
439 305
103 397
236 10
104 196
417 241
158 14
170 251
373 183
162 465
422 121
24 136
169 468
45 450
224 310
120 129
331 66
277 492
90 340
174 435
448 290
313 277
95 26
252 30
358 27
58 209
484 44
87 428
223 360
41 138
264 38
139 9
217 232
284 390
412 395
364 239
269 184
237 266
125 187
135 35
34 448
31 34
179 431
140 41
55 380
241 416
392 181
39 110
300 248
457 13
183 126
410 60
249 122
499 25
124 351
42 430
147 278
428 247
234 298
238 193
421 140
387 82
454 68
97 8
22 271
416 333
368 316
118 171
62 483
363 28
255 349
292 100
339 62
470 237
286 319
1 454
13 201
192 399
397 76
213 460
175 137
92 328
29 107
369 162
400 467
366 127
53 197
345 332
280 269
165 117
276 363
352 227
310 267
492 359
17 280
152 159
353 286
299 265
221 132
77 135
197 367
84 354
441 96
275 436
16 31
3 54
248 204
48 403
323 287
18 330
9 343
384 273
415 408
211 279
136 166
218 230
171 350
455 357
320 128
398 55
150 119
414 172
73 442
351 92
112 469
348 143
370 312
32 164
433 130
96 366
164 83
89 70
172 207
259 49
231 329
314 225
446 254
156 154
474 338
451 296
4 99
498 78
232 324
167 262
198 46
57 93
151 191
442 307
253 165
262 61
216 322
468 302
435 188
290 240
357 336
33 37
361 245
12 0
495 18
166 421
85 272
315 413
199 461
215 490
133 205
279 459
443 261
91 378
419 102
436 152
337 427
445 434
141 71
184 472
440 371
43 455
244 478
461 488
324 342
493 489
27 131
347 419
317 112
35 415
471 422
355 47
154 200
100 487
178 439
226 284
467 499
66 90
111 228
182 95
406 73
338 190
114 493
329 414
450 423
395 295
478 236
196 15
301 484
72 72
408 69
485 299
93 81
326 168
189 480
37 289
5 400
297 476
222 51
68 79
342 141
402 108
65 475
205 256
180 320
15 392
278 156
472 63
149 306
449 182
79 125
396 58
405 175
452 115
311 103
394 118
377 144
308 4
230 446
86 418
411 451
488 124
341 456
188 208
477 420
429 98
200 33
322 477
281 42
127 36
425 257
256 374
78 145
63 432
30 352
257 486
23 214
50 407
304 150
69 249
413 282
271 252
19 387
67 384
206 462
132 185
333 368
480 303
163 253
388 85
98 344
47 149
334 195
160 318
307 242
225 163
110 311
25 12
209 274
424 111
343 97
190 217
404 19
430 120
465 308
298 370
243 22
272 234
462 211
146 327
101 292
59 485
40 355
365 170
2 353
220 294
148 213
21 393
270 331
106 43
208 356
134 221
386 361
382 471
80 334
266 388
181 389
20 438
356 109
214 75
328 449
144 291
265 396
14 206
288 270
303 146
407 347
240 365
116 134
291 231
376 339
285 494
0 441
187 176
332 466
123 106
379 443
360 158
161 264
372 479
245 244
219 173
385 74
126 275
438 268
52 412
305 410
268 64
295 491
115 458
312 56
203 86
378 358
496 498
26 233
359 52
330 250
380 105
473 29
70 87
10 263
128 495
349 375
76 139
327 323
374 497
350 189
434 24
159 364
302 16
494 91
51 222
390 113
340 417
427 114
475 464
371 50
250 192
432 11
7 151
391 133
64 6
321 404
6 17
251 224
49 229
346 398
383 21
177 3
289 325
143 101
239 362
131 425
476 255
273 473
309 210
157 409
173 219
393 433
195 394
409 199
431 391
109 276
367 301
287 169
483 180
335 59
107 377
81 348
296 218
490 243
129 161
193 379
336 382
399 341
94 174
227 440
487 283
325 258
122 84
145 1
105 216
267 313
282 383
469 297
137 94
228 429
260 372
176 45
318 155
201 104
263 437
456 293
486 215
113 220
319 386
44 179
168 314
463 202
423 20
82 235
102 186
99 445
479 317
482 167
459 260
362 406
464 376
138 457
444 447
274 304
204 426
