6500 8000
3029 1568
4753 6374
2295 4047
3122 503
61 5920
5014 2176
616 646
2704 2604
3324 1576
655 3954
1497 4465
4375 1379
3133 4033
5485 35
6039 4823
3160 831
4821 1368
2645 6078
2022 2357
2663 5900
269 1126
2472 1796
5328 2237
379 5256
4011 924
1354 1913
3681 4516
3130 1466
3168 5320
1427 5545
1974 1429
4659 3259
319 841
3752 3571
5136 1652
2361 1308
626 5982
2365 5762
4350 2993
4041 5954
908 5217
3903 4605
2126 2191
2418 1127
587 726
5020 3553
4427 5139
529 5923
1645 5548
283 1883
669 3232
1893 1572
1867 2786
3852 3423
4429 6461
6194 610
5662 1254
3470 714
3409 6184
3907 1136
6472 3353
5603 587
453 3215
5629 2673
3262 4634
4870 2447
6319 5438
4577 1513
5587 1204
2685 5723
5156 3028
1400 4939
2579 4716
939 1709
5159 359
5765 6335
4726 4246
5752 2636
2510 6165
4500 4943
4592 2211
1594 6371
3004 2482
1970 2536
4812 1546
4104 1870
3779 2008
860 4339
3376 2370
5279 3612
2060 6233
4676 470
3718 5963
3343 6070
3030 4181
686 5693
19 1290
2327 6404
4889 4533
1625 310
5362 43
6017 345
1183 2938
6047 5430
3535 766
4739 2851
3878 759
1767 2620
1290 5779
990 4818
2254 1559
427 1366
3279 1090
6247 1026
1374 6066
4783 2717
15 5440
527 6320
4703 4481
1357 1190
3583 5474
1866 3075
1386 2367
4774 3021
3667 2809
1795 5609
3594 5961
4947 6117
5679 542
366 1611
3882 5801
821 4202
1689 1583
2938 5321
6339 6049
5468 5539
3983 4037
1834 4693
1347 2303
1707 4972
5325 4211
3106 1838
2923 559
5277 5376
6156 6044
3901 828
3830 6038
986 717
5651 2956
1213 5461
779 6024
1308 2110
5686 372
4883 6143
2117 2827
2100 1416
1959 5381
5694 4866
4321 1727
2239 592
3125 6450
3211 2122
2049 3543
4593 2372
1174 1817
551 2532
2271 2218
1454 1479
2460 843
2067 2361
4537 3712
1642 523
1774 2706
1779 3794
4215 839
2011 5001
6133 4589
5874 2310
1320 3398
5126 6424
2934 2010
2094 3688
101 2275
2919 2227
6089 2535
6497 894
2518 2089
3006 6483
4018 5989
6206 5242
3000 2199
5667 2043
87 1093
5515 6416
6232 2934
548 4498
6365 837
4090 3255
1001 4725
5243 1072
3957 6351
256 4520
685 4018
2463 710
4803 4030
5433 5583
1499 1968
1472 1748
3036 1115
3637 3533
1132 3823
2252 1337
3299 5066
1962 548
4066 4951
189 524
2863 4178
4740 5129
5525 1248
1546 3505
3754 5005
4674 6441
5272 1043
3955 1191
3218 582
6491 5897
3205 4873
6443 356
138 5464
952 5835
3934 1172
6230 5101
5797 933
132 4508
2305 3792
2684 5326
1264 1710
2715 3706
3410 3205
665 5521
3595 6495
4074 1255
6184 5333
1164 3483
63 2652
1090 6172
5937 560
3330 3112
5964 5181
3714 6029
1197 4742
6414 2542
3181 213
4051 3787
2441 591
5054 2203
3653 4710
4988 713
1605 375
2757 4585
3066 5507
2871 622
1548 1442
1348 3270
5967 1758
5953 1702
3478 3895
1977 1780
1040 2831
1856 1335
5719 3698
3972 4082
452 5709
1794 2914
6019 1514
4280 1227
3585 5044
3712 2752
4227 3878
4924 1421
5028 3302
2858 4663
162 5940
3190 4420
4566 4980
3940 4761
407 5450
4374 1170
3268 1399
3220 944
4379 3472
934 1668
2764 1143
6248 5728
3150 3122
4086 5110
3936 3010
5006 6405
5612 3912
2852 3217
2481 1725
5696 2622
5949 1617
1156 6294
3063 2070
603 5041
4213 1684
3969 3558
400 3642
791 808
4071 4129
360 3970
3621 3909
6053 2903
4456 5444
4129 5637
3550 2495
3230 4336
5305 1264
2655 24
164 2865
6216 1153
919 3977
6167 159
5314 1562
6218 4882
6370 1007
5502 826
5601 2004
4909 3441
2428 2832
2784 653
1025 4378
1759 3360
1342 5909
5448 4440
3793 2280
3012 5412
1271 1761
3136 4722
2038 5411
241 6267
3306 520
5636 5517
3913 3507
2427 2606
2416 3932
4470 2285
4301 1124
79 5743
5064 3009
764 5653
738 1839
6137 2105
294 3744
6153 4678
145 1046
1788 102
1811 1987
3423 555
1266 558
3227 3079
1576 3854
550 1864
1986 3115
1437 2623
6466 2513
4184 3289
4004 6478
2054 867
1828 4550
5677 3922
2287 1881
5764 654
3427 3732
5784 5247
2128 408
3421 4184
5724 1280
1511 3466
4619 3805
5615 2745
3240 5655
6265 1456
4413 5160
1988 4383
1148 5628
2438 5771
2582 3455
508 3487
2263 765
2257 2799
1541 3578
615 1910
6171 61
5650 2439
3253 1161
5887 438
3575 3138
5354 1238
3864 477
4648 1904
1641 4776
5892 1658
1162 4412
6185 6045
4670 6142
1738 99
336 5492
233 4528
5041 194
715 2522
3912 6375
2150 1103
5198 4548
1031 4310
5378 2334
3015 1028
1566 4158
4897 1201
4941 4477
3280 2192
4725 5163
2308 3054
2061 1291
2950 4032
2736 6277
3256 2076
5152 5421
2386 5259
1340 4326
2413 2429
3834 1489
3700 4112
5106 14
186 5813
3879 2921
1159 4379
2984 6247
5274 2657
6356 3601
6111 439
6097 2417
4381 6119
5912 508
1561 4325
5641 6051
5459 3649
4034 4872
3650 3710
5723 5372
5918 5246
1470 2525
4000 3211
5110 2551
1473 2510
3462 1040
274 1522
5200 4868
3359 1334
1540 207
1586 3628
6141 5626
4212 2962
71 489
1098 206
1520 391
3623 3173
3071 2189
4864 4290
5180 417
4192 1448
5384 1674
4409 2305
180 325
1215 2592
1853 5496
4547 4023
3221 2063
4097 2663
2983 5059
5107 1380
2799 2586
51 2902
1648 4236
4589 3187
1833 5627
4485 4376
3407 6137
6077 4874
3173 376
4841 5207
5903 4147
1799 2300
4064 1601
4772 923
5611 1872
155 3320
1600 2862
1187 1862
5983 6422
617 1956
2211 1413
3026 6447
2854 5252
3562 4301
6211 5763
5576 5140
4355 5513
335 4731
2425 4442
5567 3202
933 4029
5343 5076
1775 658
4876 2721
5437 4055
6454 5061
3075 600
4436 3368
4553 3387
2166 4626
6161 4183
3713 6341
5278 5313
4031 3965
1170 2917
2454 2761
2909 5549
3875 5573
387 1367
4544 1353
5638 3690
3304 2563
5818 4306
3393 5893
3404 2197
4513 5761
4306 1088
1198 52
4230 1364
2118 3935
5919 2020
4617 5250
2467 2397
3918 1504
3745 5551
780 2643
4083 74
1864 6009
6173 4547
3356 2611
1282 97
1207 2462
4284 5019
115 3157
4562 3808
349 3022
378 6343
6240 5128
1363 3862
6313 1289
4399 3454
5492 3758
3083 2201
2113 5284
4037 5212
1764 695
6134 2213
2885 945
2321 1808
6412 6068
4682 5462
2048 3311
5521 964
2790 4736
4815 5886
4298 2058
2786 7
6197 6089
2853 5186
3774 3971
5208 323
470 265
3182 3124
6304 158
1407 2905
2528 3427
399 1230
1405 6202
5819 1847
5224 5841
3556 5355
547 4222
5848 2961
928 3116
3528 447
1894 5720
5520 4711
2986 4783
1066 3624
5883 5208
6048 5617
6425 4441
525 5700
932 3589
579 5754
4070 1877
2304 2040
4337 2286
6132 5732
1458 2261
3488 532
822 4644
6220 4368
2806 3786
3686 3759
1665 6183
4831 2802
3950 3095
3093 3276
2946 5736
323 4343
6395 4957
4528 8
1761 2392
4696 3579
4059 4201
6308 3288
951 116
4535 2051
4253 4296
3282 6074
1390 5638
2732 326
5813 4859
6031 3198
3998 1182
4465 6489
2590 1198
6482 3674
2696 1736
5493 1647
5143 2182
4390 2674
3640 1342
4946 822
891 5856
2381 6470
4975 4688
4556 3133
4600 1527
6258 2537
3945 4652
5688 5706
1459 2959
1501 965
3477 3737
2469 4126
120 3880
3729 2682
3630 1241
5759 1229
1668 1222
3325 556
2643 727
2459 791
3098 5978
5505 2423
3804 5526
3526 3204
5675 4204
959 3326
3543 6308
5052 4695
4030 4683
6338 3804
6066 3635
4146 5563
5598 2838
5871 6161
4596 47
3450 6107
732 4051
4795 5778
4462 2901
4645 598
6005 1776
5793 4511
324 2279
1777 5263
5097 5753
4911 4196
2731 3218
1981 457
2157 3508
501 5194
193 6015
4624 5839
6008 6224
2683 2539
1680 1002
790 313
3818 6105
622 1274
4724 3931
3185 4195
2218 4258
4754 6363
1389 255
5571 885
1569 30
117 6121
2019 1259
2707 1042
2962 3099
5828 90
1108 2773
946 3461
4219 4080
2336 993
2024 554
6154 4248
6160 2355
4168 3550
122 1099
2161 2534
426 1889
1186 4718
1821 5118
1558 1582
2195 437
3076 3437
5791 1034
5908 6452
4862 4014
3749 4901
5026 5155
795 2926
1860 1352
4792 1282
6245 402
1920 6181
5066 374
36 5113
2960 2916
4308 6284
1378 3130
3619 5677
2289 5485
5163 6030
541 4382
3690 5434
6290 2882
671 1724
5469 629
5984 3290
1619 5055
4421 4176
953 3545
504 3779
2635 4727
3894 1445
3305 3086
6114 3047
6408 2766
2544 1931
4861 1917
3179 4095
3628 5800
1469 3227
4424 5415
2187 5635
4186 1057
833 6444
5928 1318
6433 5451
4295 3539
4998 5418
6361 4750
1362 2720
743 512
6337 1974
3968 5612
652 2913
4668 3062
1847 5685
3065 5680
2492 611
102 2158
3216 6110
5769 4058
3721 2806
1440 339
3965 1849
3271 5286
5809 3662
6493 5819
5996 190
4840 2358
3277 5153
1691 4503
4563 2700
5181 4034
5162 730
5157 4801
3120 4416
4328 1730
1532 1388
4917 3554
646 1757
3385 1130
5071 2485
2411 1303
1147 1251
1902 338
6136 5747
1202 4453
4721 2974
3861 1074
2012 2679
2027 5866
1640 3405
3010 3918
342 55
4977 5078
2125 638
1261 2872
4949 3243
5703 247
6224 2547
2865 2146
6251 5636
4404 181
4515 668
2127 3542
1111 3300
354 406
6159 148
2267 5141
3052 621
2089 1555
4245 5046
4813 6120
735 2373
2996 2404
4636 2826
4163 3968
4764 3335
1881 2200
1858 567
4202 178
5891 5810
358 312
3970 111
6483 5648
2435 4381
1335 4947
1534 4115
5388 351
2674 5495
2132 6214
3833 3966
2536 3404
2106 2250
6417 1173
2600 4345
2260 4599
4069 1636
499 2151
4197 2330
3504 3563
2633 4036
2471 3648
954 105
3085 2157
3102 1575
130 910
830 2294
200 2997
695 5833
3604 4422
3990 2075
6487 2656
6460 3727
5059 4088
4372 2668
816 1101
5137 1187
654 5487
2139 6008
590 1891
3956 4858
1850 5837
5973 6228
977 604
6126 4269
6375 5822
2443 5844
1710 48
515 2388
5862 507
5456 1472
5169 5277
3869 5456
4666 506
477 1297
6405 5646
3509 786
1694 4723
3798 6242
1985 6056
3887 3739
6329 920
3593 4809
3494 3278
1329 3978
4860 2596
4510 1155
5595 6116
1802 4724
2393 6064
3532 4726
4152 219
4532 4554
621 3937
3178 3475
650 3349
1089 631
1242 975
4119 5104
5203 4291
2186 2277
5510 4890
3704 2714
1914 3413
3996 4871
2446 3418
4468 4288
3040 404
6175 5528
1510 1993
4486 1840
1787 2683
3542 5880
5058 2386
1060 6481
902 1333
883 1082
5926 4425
6401 4226
2358 699
272 2988
5728 6147
2110 88
5407 2418
4700 1193
5610 2907
691 336
2352 535
5359 4771
3906 1189
4616 1809
598 4767
2135 1768
1991 124
4752 4987
3008 4573
2913 4470
4267 643
3127 3747
2122 2360
3078 3282
3601 3738
1875 6283
1161 1612
1046 4928
5597 1207
1954 3107
4238 1604
1429 4444
137 1482
6499 2184
1366 1469
2059 5436
4808 1102
5458 3375
4099 130
6221 1829
5523 5996
4611 4578
523 1595
1224 4159
1185 4978
5917 6323
5879 6439
4060 4060
5486 6145
4828 3015
1123 4449
4395 2637
163 5202
716 725
4106 1197
4357 3484
3406 3334
344 1851
3023 697
5255 3833
1925 663
308 1878
1912 2983
325 2464
1892 5439
5139 1751
3333 2848
424 2408
3665 6234
1832 1909
4162 3730
5406 3104
1033 3066
1990 4753
2955 5071
1119 4905
3737 3856
5858 906
6476 2328
4773 1785
1674 3343
1887 3990
5376 4922
4359 2469
4019 6189
1005 3802
6 4331
3483 6250
194 5908
4692 1655
4818 5945
709 4161
90 6106
2664 5331
577 3191
1741 6276
4257 810
1291 3109
5235 5151
1452 4487
1393 805
5691 5788
4932 1053
314 1706
6014 6365
5517 1036
6263 615
2333 434
6027 6131
4641 367
1350 4758
2402 3244
921 6311
2726 6389
2889 3855
3369 5744
6442 6150
2583 704
3725 1288
1722 2863
1070 6402
4009 373
1595 956
2152 2953
203 5912
198 1608
5124 5873
3838 1867
149 1233
4214 4297
3469 4539
3799 5137
301 4752
854 3245
3534 1313
6276 2970
1708 6347
5252 939
5195 239
5348 5348
4259 242
144 5109
2839 1560
1899 4973
937 5944
1983 2333
734 1500
3175 3195
1424 4513
303 441
4680 69
4194 2702
5060 2868
3743 3228
861 5965
5308 4797
2649 6358
1945 5803
5482 6255
4653 209
1712 5787
3067 6392
3608 764
3898 411
3641 3614
2890 1894
2009 3816
5606 294
4268 1550
4411 2941
3854 1307
1475 662
2276 2116
4022 4022
6297 41
5081 750
3505 301
1992 6053
2034 3324
4242 251
3508 5697
4122 1009
6470 6348
2654 5231
643 5443
5756 6391
4902 6028
2999 1286
229 1857
307 4666
6129 648
1742 4462
4925 1154
5976 2549
4622 1488
227 2228
3441 5956
5754 3272
3592 3257
1310 5398
1563 4436
568 1954
649 2526
4574 6012
1184 6449
5290 2595
4958 1394
5986 5703
657 4672
5733 4478
5322 4788
5643 3304
6190 3450
2967 900
4331 6175
1041 677
438 3058
1537 882
1343 616
1703 5349
5529 3267
5994 3815
993 4067
6069 1591
2827 3319
5036 4471
2698 6477
6026 608
3761 70
4256 940
4760 1481
5952 3068
4955 4121
4848 1961
59 5879
4035 1037
5164 3840
2966 1427
2039 3341
4679 3177
1211 6037
4348 650
1906 6296
4118 1141
4607 3479
290 1404
2788 87
5758 0
4557 2847
1798 4066
3579 1695
2588 497
4584 317
2246 2625
5962 2837
2347 3492
215 2787
2017 3310
6424 755
2845 1369
113 2152
3481 5975
1516 2726
5319 4171
1975 5789
4484 5484
2901 2883
218 1510
3009 4175
4255 1279
305 2762
5628 2650
1602 4077
839 3476
3364 1687
5002 5725
1015 636
751 2662
765 1062
2576 878
5512 1242
6130 5325
838 6185
4457 2963
3530 220
3276 2142
1590 2719
5056 1759
4903 2459
2717 6290
1449 2904
5537 3797
6174 1105
962 2693
913 2100
3428 5282
490 5416
6201 5806
746 1637
4335 5088
3464 1440
6108 1733
4431 5527
5773 4751
893 3824
3210 4467
3424 518
5559 1075
658 3422
2148 5966
2112 6132
5347 2793
257 1630
3618 3299
6252 2589
3740 4914
5652 6182
4654 6469
3345 4340
3362 3330
4364 3091
2856 3924
5447 5802
3853 5075
2294 6364
2519 2186
5227 371
5174 5683
6314 2366
1026 451
4272 4625
1388 5417
5335 850
147 3557
6407 2734
4983 4570
3092 6229
1236 137
1584 2137
4479 5906
2363 5851
3041 5068
2081 5086
1446 575
3655 4407
4428 2581
3925 272
1942 1915
2730 5020
304 1312
5788 761
6022 3781
446 1769
4450 743
1240 3938
6409 6437
2778 6019
1863 4024
3703 684
4990 813
1045 5056
1054 6220
2864 5564
2735 4098
4755 42
3874 4647
5352 1328
4559 133
3533 2374
3596 5815
5620 552
279 6239
6236 3131
528 6211
1196 5292
5830 583
4287 5730
5717 1186
4193 1573
4476 5262
2979 1261
1610 3992
2004 5708
5141 711
1057 3258
4495 2930
2141 2402
1330 1861
2725 4944
4729 6075
2511 5058
915 925
1048 952
5261 1665
1322 722
1022 5232
5374 121
5563 1598
3836 696
1620 3597
2522 5745
2322 4359
2930 1723
4907 321
43 6309
2300 1435
5604 6344
3007 5012
593 5025
2468 4838
5810 2437
5955 2677
1044 2272
4898 3517
2898 2860
4167 4991
4751 399
5761 5518
4943 4141
3662 223
5417 1225
5888 5271
5424 6330
2920 1651
4758 2971
864 2722
2538 3620
2047 92
5301 3570
3132 263
574 2665
5661 4065
6255 4563
5589 333
5296 2928
2360 4110
278 5431
2382 4308
4603 123
5963 2103
943 2107
2056 377
672 3646
4838 1377
4147 4482
2734 136
1192 2448
4652 633
6144 868
5580 5726
3979 4400
5270 4891
5221 5127
1387 5916
4866 4684
2998 3708
1173 753
1720 238
3167 5407
6243 6124
3105 5814
4554 5459
2592 2931
4531 4413
1745 745
4784 4530
3370 5755
6261 1616
3977 919
3322 4324
85 6062
3792 2013
2504 5984
1562 6270
478 494
3152 3216
3991 4227
2554 1348
1428 4794
5451 980
2893 446
949 1832
12 4929
956 4405
4095 749
639 3163
4981 2173
1549 842
4879 746
2991 3426
3187 1649
1016 3699
3656 3754
741 2024
2811 1418
4326 6043
6456 2927
4415 3223
2866 4457
1063 6419
2512 4136
78 2794
3249 1362
1059 3051
2855 1765
5410 2960
5391 6418
6024 702
5291 6415
32 2795
1285 1432
4341 1620
494 6271
971 5766
583 1669
4827 163
4775 5981
4113 1044
1526 1852
5965 3432
5701 2148
2356 2396
4814 4968
2175 2567
410 4557
4576 3249
5670 4613
5390 4278
1331 2730
3329 3409
1456 5503
2482 2359
190 4639
5450 4040
112 844
4830 6034
4289 5359
4440 2387
5453 6098
4176 469
4851 4561
4138 5758
3486 3773
900 3391
2285 1654
675 3221
3937 2338
212 5468
2928 2490
2891 6248
1333 3729
1326 1973
1018 4127
2329 5924
2200 3874
1551 3094
4709 106
4887 5437
381 1146
2652 3952
1104 2451
5316 574
5264 3961
5988 647
4688 3774
3987 666
1716 6357
5969 4273
1781 6492
5834 6138
2956 305
361 3963
206 5899
1270 6101
2116 835
3920 1118
2099 2143
1572 2190
4735 6387
4209 4940
1999 2733
1882 483
2613 3999
4707 4867
857 1815
696 2225
4325 819
3699 693
5585 2817
4708 5420
5303 547
6226 5957
5999 293
116 6013
1481 2698
6176 225
4158 2642
1624 5351
6189 1494
6032 73
6035 383
875 5946
3272 2502
2842 300
1096 4164
4166 5716
1332 4675
1210 5329
2818 6194
4185 6316
3164 193
2802 3600
119 3402
6435 667
2448 3673
2307 4039
3 581
573 949
4327 5567
6249 3469
2911 1811
5173 1272
697 5535
3399 3584
1296 1033
1118 4190
784 3471
5216 2136
1845 6073
2990 5855
4973 6144
4496 5177
2500 13
3348 4721
845 414
2051 1590
5872 5014
5516 579
2277 5367
2240 1672
4499 3294
6289 3440
316 1742
302 15
3372 1537
2709 3371
2375 3378
5902 1741
4128 5287
898 3684
2910 871
942 3617
2326 6140
3732 5126
1047 2053
720 1793
6085 2812
6379 6179
6351 5857
5608 4493
3711 4302
2069 1079
5583 2707
5613 248
6068 601
5044 3958
1638 3485
3234 2540
2046 1405
4966 4217
3520 4524
1403 5711
6309 1588
2868 2240
4502 2
6474 208
6051 3572
2822 3531
2282 4149
782 4665
2231 4489
1998 5556
5193 1506
3570 2350
6441 1844
3296 860
1143 2128
2174 2329
1711 6222
3696 2195
3171 4045
1898 5894
5831 5083
238 388
6421 4579
4224 563
152 3592
2770 4789
5909 5042
2484 4281
496 5525
4463 4766
4248 526
413 2784
76 3793
3357 3940
2088 682
3871 3123
1012 1905
1037 803
5288 5477
5787 3948
1177 2835
2028 5239
3401 4732
4053 4074
1721 4754
2340 772
3248 322
5422 6050
3949 4507
280 4734
1071 3242
1618 531
3368 2979
3947 144
1406 513
1855 3230
6257 2254
365 5904
2634 1912
1725 4102
5083 4049
1950 3185
3673 268
507 1068
5478 4162
5090 3088
5900 1803
5803 1621
5178 2556
4637 2395
585 2884
4995 104
5805 2413
3340 4650
2476 4174
23 4280
2495 5489
2540 3933
1325 1137
899 5601
4239 801
4078 6331
6117 4953
6357 5575
1529 5272
620 5404
3415 4519
5693 4380
5669 2253
6488 1240
1351 1144
75 3229
251 1311
5936 3220
661 1533
1965 2572
3207 182
647 752
463 769
5718 6018
1552 2573
894 3693
5749 3347
6384 2315
5951 6208
4542 2235
6336 4595
5102 26
4179 2487
1032 6076
4469 5290
3188 1999
5038 3433
106 2736
5481 3513
44 5719
4047 2244
2183 5871
1288 2640
1188 1360
4984 3983
456 179
2752 4315
2608 297
5745 4798
1591 199
4719 2664
2262 304
4161 5070
4181 5303
3787 3540
1227 4713
4570 799
4713 1226
3928 2945
2229 4276
4303 1356
796 425
974 4885
5117 4430
4453 5168
3295 5515
5674 2166
1786 2541
5898 4304
4871 2820
610 5446
500 4016
4044 2976
1073 6454
1222 669
6422 4461
755 6065
3191 2728
981 2807
5297 2791
890 5457
4505 389
2095 6126
4877 821
4291 4483
1376 3798
3806 6046
2964 252
4269 1070
3349 1052
4615 95
177 6114
3835 80
3808 1503
2804 2242
1903 5167
2767 4785
5285 5047
6383 3421
6052 1579
4356 6407
5351 5832
5462 1850
4756 5537
5232 4998
2581 5918
4768 2977
5098 686
5704 1902
2344 5310
326 4198
4190 1055
1790 3657
3341 3775
1984 3656
4300 4586
4261 3060
1346 91
2041 4842
888 4969
5003 6367
905 452
5109 412
1377 5660
3994 184
5226 4287
2861 1011
1690 887
6214 5057
2217 1779
3412 5947
338 2681
3460 31
1039 2521
2954 498
4521 2867
480 119
4177 3169
5732 5651
47 928
5075 3266
5782 4762
2676 4187
2727 3087
5135 4807
5430 967
4677 3153
2349 6025
3045 740
2534 1107
3110 2756
3668 1916
4001 2755
1165 3926
3337 3348
2666 1853
4159 2252
6426 5656
2131 4349
2108 3504
2831 3608
564 5022
4633 3498
569 3411
2208 2183
5729 2481
3320 3757
6099 2813
3148 5315
3058 4168
3270 2299
2896 6428
4899 4262
1417 6133
4711 5922
1916 3323
2 4841
698 3308
2860 2866
798 708
1531 5302
2728 985
4117 4185
2639 2400
4038 2376
1677 3040
6195 6350
5483 931
597 3979
6498 930
401 1224
1402 2221
169 536
5116 2530
273 4194
5941 5389
5554 5222
141 2885
55 4408
2953 6462
3782 4165
5899 5211
5881 1707
5867 5606
4560 1976
3738 5796
2221 5555
421 896
1632 4612
5581 1162
4923 4568
270 1256
2708 5639
1294 1791
2700 5388
4658 605
5702 1027
6427 5435
3610 2639
837 5949
5263 990
3117 3636
1490 1942
5838 4898
2447 4621
5945 6265
1934 6280
3523 3998
2720 5752
2527 1236
4836 2591
4968 5741
6270 974
4346 4144
2477 1946
1182 432
2505 4103
179 1731
28 3159
5019 5486
6028 175
4662 624
1560 728
4548 493
5111 1060
3166 4035
4362 2119
963 224
4720 5034
461 370
3577 2552
487 948
4283 2446
2859 4177
5078 2095
789 505
5897 4617
6452 2613
2474 1014
1836 4967
2900 4847
3524 5661
423 5560
5449 120
2874 465
5428 4075
1675 2822
6431 103
1120 1859
2677 718
4916 4319
1597 823
518 5623
3480 6236
1133 1835
417 6204
3689 4786
4153 3627
159 517
3933 2415
5995 4813
3442 2161
855 2505
950 6420
5907 4027
1434 3622
126 908
6267 1982
431 1194
4225 218
2650 4169
3975 6353
1762 3438
1370 3274
3411 3936
3631 5817
1166 913
5546 1856
2083 681
3490 3782
5132 3417
3225 1159
1876 586
6302 5008
3951 3844
4028 4583
5000 1211
3263 4532
2841 4327
3375 5776
5035 1003
2729 5215
4793 1077
3298 1699
207 5707
1652 5353
2543 502
1447 3875
2301 249
4062 4294
5545 2588
1812 6459
1482 5571
3443 3653
1556 4096
3557 2090
4804 4592
3624 5798
4279 2431
1682 2062
5783 2659
5979 4911
901 2174
3763 2209
607 4283
1455 5869
1272 1975
3059 2474
931 5698
5475 1735
5958 6361
340 3102
420 2002
4296 1234
5528 4370
4149 4218
469 1929
4853 2248
2925 5343
2388 5654
3020 4512
3541 824
3033 4616
2758 4606
1606 852
389 4892
1189 1925
5396 5689
733 1323
4912 1373
4182 380
4002 5898
667 1142
4021 5531
3233 2331
4545 635
121 4360
4951 2666
4396 3291
2160 6252
4058 140
4950 2061
2524 2651
5383 2255
897 3785
1029 3317
1791 3271
3064 1606
5327 1980
4694 4995
1512 5845
3914 6240
1027 4837
2030 1972
5625 3687
234 3488
2023 3682
1513 992
4761 886
3529 4659
4797 2234
2440 2031
774 5195
4349 254
5578 2126
1130 1258
2869 2445
5971 2332
4530 5249
4744 5863
4258 2023
4244 4821
1598 4909
5471 5309
236 742
1728 2098
5473 3473
157 4691
64 1518
1715 5784
4313 5328
5365 4286
2610 511
3414 4660
4098 3502
2394 771
6311 2614
5187 5774
1603 6399
21 4070
2458 2910
717 1770
4748 1786
3353 861
5361 1091
5526 6288
5532 3809
565 6158
4006 1625
57 5111
3728 3995
467 3491
2449 5611
134 1071
2136 5546
5543 701
3760 2909
1643 3762
6180 3752
4451 2283
6444 3114
5300 1339
2129 1886
1306 3362
2288 2326
4311 3443
3241 5838
542 4810
2568 4812
923 2991
935 5334
1464 4069
4222 5341
6322 4518
6376 346
2357 109
4425 5278
2547 3826
1233 5718
4632 1631
4869 1390
6468 4285
4130 3295
2640 5731
2556 6210
1628 487
4655 6111
5841 1459
5466 1964
1438 2003
5539 3811
5690 6086
5794 420
3232 2138
6105 98
4400 3182
3400 3043
4320 1940
6326 836
5104 4964
1398 4619
6349 770
3750 6103
575 5132
662 1646
2878 2630
282 4213
1737 3377
3716 3666
6335 1244
2507 4387
1214 5136
5331 4254
618 691
2765 2968
2572 1122
5360 2759
312 1343
6056 1614
24 3338
1138 3100
5727 4582
2346 4562
5602 1223
208 3393
5957 4894
5140 3203
311 1911
1930 4396
2584 3962
4281 5883
813 2214
2461 22
1076 709
370 264
3274 3830
1229 463
5166 496
5400 38
1696 2800
1747 241
1949 5119
2107 6468
5982 858
4109 3734
1940 6134
5868 747
1956 4491
4482 3953
1857 1017
2199 5840
2706 3038
4276 2118
5930 655
2714 5065
2833 1581
4140 4419
3243 5594
4057 1529
4206 4946
1195 1950
4893 2433
2138 1490
2053 6291
2230 2438
5772 735
382 486
3510 5021
2542 2247
4895 1134
1413 664
5260 4737
4765 3361
1880 1985
214 6336
1749 1953
1900 4072
3206 89
2490 3678
1254 1836
3598 5483
362 2465
1544 3896
638 3879
4449 5905
506 2256
2087 3154
4582 2345
778 2690
2940 1932
3350 4574
3339 3212
1783 2731
543 2454
5479 656
1932 4371
3708 3894
5600 342
5363 1465
5504 694
5201 3490
4710 6318
3001 1995
5392 5258
775 177
4770 1693
3402 5999
1336 5942
3028 4460
1687 5610
433 2088
5713 5148
5312 6342
834 4191
1851 3955
3567 6190
4771 6329
5269 3658
4963 5378
5179 1593
4802 3861
1692 2550
1191 1660
5382 394
5250 5245
1935 1275
5885 2344
2426 1679
4942 2273
1201 4832
2101 171
2071 4863
641 859
5298 4155
2906 4551
5607 2178
1311 2598
5801 5599
2237 2829
4247 1110
4226 4001
2465 1871
2084 2318
5911 6346
1754 4399
1115 5514
4297 2222
4779 2645
3545 1747
4684 3175
6045 143
5929 6458
1939 3749
827 4000
4270 2039
1502 3434
1466 4654
3855 4160
3802 4945
4507 3607
2559 3632
5490 2748
5042 6380
5904 156
4442 362
2372 5930
2972 68
772 4265
5197 4199
4980 4373
693 5854
874 1826
2090 481
339 996
4523 4506
4928 509
6451 3489
1017 833
2219 3806
3558 1952
758 3506
222 1086
5016 5179
3678 2230
4875 3865
2403 4835
605 5280
1309 1316
6038 6152
787 6160
4504 3253
1909 6488
4823 4219
561 2092
2359 3887
375 5209
347 2621
2798 2984
1367 5509
2429 4730
4101 154
2851 6269
3881 4237
1583 5768
1396 2610
3391 6155
5829 2270
562 537
359 433
404 4827
4657 972
2412 1632
6120 5390
4549 2763
3124 3152
5053 6067
2609 1875
546 5614
6021 6384
4901 3451
5921 1059
4959 1020
1034 783
1844 315
196 2467
2442 2038
3843 2180
608 1480
4686 419
763 5657
2124 3520
1557 6154
3812 6135
5535 1463
4865 5925
6477 4899
158 1610
2353 890
1662 4494
3810 568
6360 4952
6188 5544
267 5108
5798 3356
2916 1806
4782 1096
4020 4364
3514 3847
4345 5026
4598 4537
6461 5
5978 5385
1137 2231
2133 1686
1835 3449
2569 1426
4565 5804
6347 1603
2494 4257
767 2364
1172 2064
1020 6243
2624 1532
5421 3956
3145 2870
4127 5603
284 132
524 3525
332 3312
22 2499
4501 5987
5775 5183
3857 5938
4938 1958
4418 2129
2389 4955
3091 3796
2401 3357
4241 553
1968 3000
5251 2278
5786 3986
4290 3604
4921 5383
4552 4642
2619 1350
5455 3897
970 5710
396 958
2508 6496
4884 2347
2018 6379
2801 5673
3845 6203
56 2836
1831 3876
6170 1823
4954 5281
74 1128
2159 1384
5013 2850
2430 2893
6222 4403
4170 2729
1500 1087
5989 902
395 3264
5192 571
5337 2381
5905 381
3031 6390
5099 3096
3710 6301
5414 639
373 5770
2111 3776
4678 233
4829 777
3566 3751
708 1855
1492 2127
5138 6174
5906 4320
54 1708
1837 6039
5209 2449
5465 1054
2399 3121
2963 3067
6411 5566
2222 5554
4913 75
5768 5520
1314 1434
5189 2508
4314 4965
3397 1897
3939 995
5737 2160
318 5783
1094 2770
2337 2409
1796 763
5511 6063
5853 5676
2623 1738
3870 1460
4142 5951
846 40
204 4270
5368 4560
5358 2760
5276 1486
245 4317
925 5665
3829 3499
964 3845
6145 4200
5742 3208
5639 3482
6172 5666
4664 2238
4785 6094
4401 3587
1116 2352
6459 4085
5550 3745
759 1673
4133 1820
299 3819
5413 210
3384 1648
7 2314
1283 2615
6210 1677
3137 5072
355 4515
1275 2343
969 1667
5476 4535
5094 3788
403 3307
2882 5962
4989 4447
3395 1406
4727 5746
6044 4137
1699 1639
612 2711
2444 756
5808 3839
6296 5067
1212 3890
1085 413
5254 4350
2762 2066
6283 3503
640 5792
2571 4624
5568 2607
2933 3870
1527 1319
594 5161
3891 314
1877 3328
3226 1249
2439 907
1654 4670
1732 3616
1804 4772
363 161
2537 3263
1313 2899
2941 5630
3657 4163
2052 549
2417 1450
39 698
5605 4958
1278 893
4260 1408
1704 4454
4962 3789
2478 3265
6279 6130
1004 5030
631 4529
3235 3098
4416 1656
4389 4849
2210 1802
3292 244
5262 6031
202 5090
4747 4571
5767 3395
6253 3090
1553 299
465 528
2483 3529
6492 1117
1577 2738
1074 4081
3999 5170
4384 3714
4601 2422
3900 2327
2823 4956
6377 1150
1042 5721
4956 2162
2775 49
1751 5472
286 2086
4561 5428
5182 3858
3049 2353
862 1247
2688 678
1765 2825
6090 4019
5802 1936
4156 4843
5673 865
5682 1512
3242 5672
6373 3214
3507 5748
1112 2080
1889 1497
711 4632
666 3904
1571 3915
4586 3534
4029 3655
1479 5979
449 1446
3981 4531
6358 1901
5317 387
4085 3640
3539 3329
1504 1884
237 4342
865 5324
185 4591
912 4920
533 3791
3757 1773
2255 5890
6479 5888
5380 4615
3229 6438
3143 4623
405 4151
1760 5968
5692 2699
2185 1260
4263 1965
4906 1149
4816 2087
1963 3596
5007 3236
6139 577
5916 197
4092 2017
1451 3445
1194 2435
5822 6082
1570 999
3500 4084
14 6377
83 5574
2690 3303
5839 3049
6423 4733
907 2084
938 4134
4991 4421
6327 1030
2369 576
3013 6312
1709 4046
5770 115
6268 5301
5357 1580
1941 2420
6075 2069
5046 2999
5707 970
2479 3689
184 5931
2074 1119
4880 3305
2072 2980
3606 947
2517 5820
2993 2296
1246 5399
1106 3523
4370 1411
2367 3899
6138 3447
6058 1045
6121 1967
2625 5458
2091 1351
645 4876
5072 4971
188 4784
3515 5652
2498 2660
2521 262
5777 2198
35 54
1287 909
4605 4779
412 5000
5870 1424
3197 2516
4121 2369
2292 5441
1896 1314
2201 2685
1369 6306
3722 4651
383 1749
3986 6354
5439 1739
1023 6465
3897 3468
3629 4377
1019 3092
2750 5853
6462 3366
5062 5091
3544 5849
5429 6337
1489 2044
5548 3886
2345 1157
41 1659
2743 5445
3378 2215
4971 4284
5815 6097
1436 1981
3609 775
532 1543
4155 1383
3872 335
3301 3574
555 46
5436 935
2805 2057
5617 1777
2943 5073
4970 3582
1280 2458
4642 4961
3731 734
578 4057
1748 3603
5950 754
2121 2486
5827 153
6079 1061
4639 281
4049 785
851 4264
4096 1262
1292 5742
2323 2035
6310 5734
3239 796
3438 2298
896 1501
2981 1216
5119 3634
1827 3394
3184 1843
2622 724
670 778
1672 4044
95 2000
5820 723
512 2114
455 1081
3521 6491
1235 4142
34 454
656 2779
815 4778
761 189
1448 5350
4391 637
1952 2804
458 3467
1636 4323
418 4781
5565 1359
4858 3233
736 5782
153 1704
4329 3565
1978 3825
1621 5631
6113 3555
1203 3384
4842 1764
5859 6398
4116 1592
2227 4143
4460 4671
5781 3037
1515 5043
3905 1213
4832 1922
5170 1012
5103 4122
991 6297
2348 5935
2563 1541
1604 5928
5330 2925
2876 978
858 5512
4844 1511
941 2703
3131 2078
81 1992
5275 3430
676 6499
258 1032
5021 994
2506 3987
3828 4375
6413 634
3035 3234
5890 731
5947 1556
3016 1164
3495 37
4317 4983
4806 1986
1323 4840
4791 5291
2553 4223
940 460
3908 424
6204 3509
1484 36
367 4117
5519 1430
4588 1888
1317 1361
5220 2854
1142 1715
5230 458
595 3512
1444 423
1216 4105
4134 2311
519 4714
5684 1468
1623 1347
3625 1517
3231 6128
3297 253
4525 2206
2280 3621
107 2785
2342 670
2949 6176
1134 2009
5856 4050
3429 5169
1921 1892
1249 892
2140 5370
1146 4062
757 5605
5575 627
1061 141
5114 1943
451 2172
3314 4485
1219 2037
1792 4463
3739 5391
2658 5360
1321 187
4689 812
4135 1789
4651 3172
414 1295
887 5135
2689 1491
483 4805
1883 1567
174 192
5185 504
3536 3456
4625 618
6396 3119
2079 3619
5228 4279
4439 2896
5935 5454
3467 4611
4310 3065
3097 3465
6183 5490
824 6237
1634 4855
409 2304
749 1496
2244 3741
1740 2405
5025 1893
1425 1578
474 3103
6187 6467
4541 2877
1904 3860
4285 162
4599 146
3684 3406
5833 4433
5113 4814
1587 4501
4353 1903
195 4347
1300 1994
1176 6287
502 1947
2713 816
2114 1675
5542 4826
3449 530
3741 1882
67 94
3420 3771
4811 584
4974 2975
1947 3883
479 6436
4940 869
3062 954
5547 3281
2319 2319
5551 5342
4145 2871
6269 3213
6418 5206
4669 4768
3783 5572
3200 2876
4324 3821
5425 2321
6350 5223
4834 5268
6234 3652
635 3703
3286 3135
6041 5345
4919 2168
3922 4172
3022 1392
1755 5602
2887 2306
2921 4910
3512 889
4741 6272
877 3923
988 1165
2286 4322
3163 1365
109 5040
5144 6072
4187 6173
4852 378
6458 155
4377 2497
1944 357
5633 1538
1878 3268
1826 3057
4072 3002
2025 3458
722 369
5771 1906
3680 5757
2892 3700
742 3877
3468 2658
6046 519
2748 4542
2354 473
1160 6443
3446 3385
3840 4384
4595 3864
6150 5478
3617 6485
984 6004
4878 2337
756 2954
6278 34
4447 3252
2491 2574
4494 1566
4032 988
6363 2193
5009 5143
217 2697
3141 4819
6102 6104
1886 929
2362 4366
531 2475
1006 4109
2176 875
6306 4966
62 5354
3237 4668
5121 4791
1140 4773
2431 4712
1993 853
3788 2444
1169 2803
1093 4263
4948 442
4475 2958
6494 5587
4111 3070
262 984
1088 2141
2232 1184
3863 5191
2391 4180
5579 5363
3290 6091
2692 3528
5647 1100
1356 901
3293 5780
3679 461
1819 1268
5151 3697
1049 6225
2840 4431
6386 2109
4675 2527
2716 2818
1250 3906
93 2133
3260 5356
4927 2097
2989 1160
2514 2313
3780 6148
800 2121
3561 6497
5395 5735
3157 3200
1131 1051
3915 1805
3388 4982
2248 4775
2604 214
3472 3613
1114 2978
2560 2844
3517 1391
4108 401
1268 2391
248 1816
4369 1363
3953 825
606 1821
4996 4484
1753 4193
73 1540
5467 4759
1872 379
5048 4113
16 5990
5933 5914
1615 3370
288 854
3195 3390
5225 5425
345 16
2697 1874
6429 1167
3916 3638
210 4361
2637 2291
6256 543
1461 979
636 3606
5040 2743
5419 4822
788 3911
1394 4362
6223 290
2593 2529
673 3626
867 4808
2480 2577
3943 3414
3720 3161
4292 292
2385 1199
989 3151
1408 170
4881 5911
1789 719
291 6092
228 3279
2662 2430
3121 4337
3698 5035
3228 4434
3398 3190
2314 1285
2390 6411
2325 5662
811 1682
1550 838
5381 2468
4845 1305
300 4984
4986 4256
4054 2102
3153 4097
5710 5466
3669 5985
522 5198
3129 1627
2193 1210
3929 227
2651 5561
5310 5494
4237 3561
4550 4363
2350 3783
6142 2054
3727 4985
3215 613
2737 3318
3147 6433
3730 1474
6122 436
2096 4277
1997 2071
2628 3350
2815 180
1938 4886
4026 1983
885 3810
2888 2689
4661 5504
2617 5498
4334 3144
5706 5915
1700 2853
5837 4417
96 5818
1581 4869
1714 1300
3437 3453
1226 5403
5722 2302
172 2631
4787 334
3051 1301
3724 4406
3858 3004
2546 5150
5699 1209
6404 620
6042 1678
2905 1948
5073 1271
6071 2830
3043 660
1021 3686
3002 2704
549 6035
330 3442
6155 3564
5292 2543
70 5051
5864 1219
3778 4353
3266 6123
3873 1885
4319 3
296 1345
5549 4521
331 6464
4874 5675
343 3412
6272 1129
4656 6440
918 5910
5966 282
2035 2716
6484 6122
3770 229
3607 3018
5426 562
651 2500
2699 5843
5339 6414
327 113
6434 2900
4107 5007
922 1714
3335 5238
2951 2241
430 6032
659 1873
3476 6302
2016 1676
5960 2517
831 733
629 1605
103 2562
3538 969
4922 196
6198 1495
4136 1310
6092 307
3862 3419
4312 5976
1946 5394
2733 167
197 1253
5480 570
472 1021
6246 6186
1365 3532
609 959
1979 4917
4978 382
4216 4856
6362 6339
1922 1016
3694 6241
27 4962
287 3313
4441 5691
5896 2981
5364 4479
5981 1563
3632 2496
3379 1944
1485 593
6438 703
545 5429
1345 2749
5444 3016
5487 2324
2036 741
6110 5511
3706 3464
4817 2528
2093 3663
4042 689
2437 2967
3374 1331
3310 5311
1065 1703
3258 595
5852 2233
3984 166
3959 33
1763 4135
6324 6003
552 5830
3883 1263
663 2599
2870 6127
2309 1232
5497 3726
3217 2115
151 5460
3636 3907
4569 4092
4414 3713
2774 2810
6082 3053
5233 5426
5796 2091
5051 6102
1717 2895
4847 5901
4820 283
3551 649
5488 1461
5942 1594
1361 2783
5495 3081
6447 3790
5961 3695
2843 3702
510 4852
5236 445
4048 981
3072 1790
4558 5973
242 1174
781 3903
3383 2187
5740 1577
2077 4806
5880 6442
3715 5224
5212 2824
794 5374
2192 5809
4992 2177
5122 6054
2299 3920
6004 1317
2180 6315
4210 6026
5658 5045
4005 672
3944 5807
2371 3972
6040 1387
1426 2757
89 6115
5556 3435
5840 2181
1923 3055
3326 4116
1478 280
2681 455
3048 2972
4067 1423
1082 5997
1822 4087
3425 1292
2616 5821
948 2568
394 1996
5734 165
1929 4239
3302 186
5544 4048
3061 3344
2423 261
1730 6077
4526 4173
3332 1771
3822 4365
2149 2672
2453 3552
5591 6317
2830 4981
2570 3283
5477 2897
2668 5338
337 3908
2234 3165
2555 6016
5762 2891
514 129
1659 4937
5210 4385
2503 5098
3995 1476
3193 5499
4732 2325
5434 3522
5657 2661
4154 5227
4195 5482
1830 2401
1375 3199
114 3641
6315 1914
3896 5865
3513 6373
6128 897
2317 5283
544 4318
4891 4825
1422 3950
871 311
926 1801
2005 3668
4232 5642
5869 3993
4091 3925
6371 2131
3797 4904
3177 1097
701 4707
3676 3125
2611 4346
2281 3168
4511 4526
4914 4676
6354 1819
408 2906
5894 2579
5514 2068
5177 3150
289 3110
1943 2389
1953 3470
2824 337
5494 1782
3416 1814
1124 973
1573 3725
2487 927
1824 4497
4205 1023
4455 3020
450 5769
2042 5621
315 2686
1260 6279
5244 6254
295 2406
2935 2483
4491 4505
760 2557
4445 3382
1081 5064
4492 2873
1746 4156
4506 344
5817 6146
6164 5584
3430 4745
80 4543
1859 1109
560 5178
3924 5791
2205 2519
1503 6157
3976 5362
2810 5907
793 1531
3055 243
6330 2859
224 2005
3327 5134
4286 4260
3664 5592
5150 6327
3255 3033
4628 4913
1585 271
5790 3416
3465 1457
4518 201
3850 1438
4305 4303
6115 2678
2580 3551
6162 1934
5158 1019
6177 396
3748 879
2104 5722
1633 4916
3073 1013
5500 2715
397 3019
4863 5049
5050 4197
4402 2229
2207 4923
5524 4450
4252 4575
4080 2140
2532 3332
3574 2798
6391 3818
4388 729
2162 1498
2436 4011
728 3733
3568 3828
5931 303
3820 5116
2789 5131
2158 118
4646 6286
3800 2079
2415 5060
168 685
3135 3250
6478 1470
2897 4017
5972 2565
967 5138
5531 397
3138 1698
975 551
5731 82
753 5361
4174 5878
4778 5097
6448 1822
1670 2725
1917 3676
5977 1869
6023 4627
3107 3132
6101 3401
1237 2385
6282 4259
1030 4921
4052 5934
5716 2424
2529 2060
1644 6480
5987 1622
6007 5377
2995 2507
4987 3314
5725 5481
5386 4502
1259 1876
3358 5228
6393 4229
2944 4815
3186 5275
1815 877
118 5196
3433 81
4649 818
513 5643
817 5470
853 3296
5145 4083
3652 2776
2948 6129
2002 3515
4448 2421
5266 5095
6010 5547
1589 431
1099 3580
4180 3459
4591 1642
1924 884
5130 4861
4342 2943
6080 6476
4050 732
1316 4566
5586 6084
5320 2944
5743 1705
992 240
5506 64
692 2375
4575 1697
4691 440
6203 5469
1155 4389
2475 2597
1035 3769
2214 870
91 5738
1092 5386
6275 222
5632 2823
3549 4746
3627 1397
2525 1671
2272 5891
3452 5346
517 347
2835 5969
3174 4054
2151 5142
3824 3046
842 3764
4579 4356
6050 4997
4685 215
4040 2890
5943 2245
1241 3381
2206 2553
3380 6192
6116 6187
26 5120
3354 1267
3435 1355
3440 6006
4650 5197
5194 4355
1969 3082
2170 6087
3283 4558
5443 2414
4801 1945
3826 1896
5153 2147
1588 2378
4274 5193
5190 1959
509 427
4419 5297
1223 4769
3784 1799
3576 5276
3767 3530
4220 2569
6480 3650
6081 4397
802 3647
3771 6448
5518 2627
3313 2394
4188 1879
1269 2782
1157 2594
4630 3902
3487 3128
6179 5825
4568 2570
4855 1549
4635 5823
6381 5875
1395 5085
3904 2266
2493 5991
2109 3590
4690 6493
687 3273
2904 6338
5265 5032
2204 5145
6301 3136
1265 453
5341 4078
2310 2101
770 971
1483 1813
580 5266
5721 3174
6225 4341
2172 5260
4780 3392
4520 1374
2182 5244
2702 1792
2396 5694
3938 2007
486 3240
4629 5159
2903 5613
852 1336
995 5862
2631 4008
2253 3261
5804 5903
2191 6088
3547 3262
2761 1202
4417 3486
1243 1123
1008 3284
3336 525
108 2264
2939 3137
876 6360
2275 6036
5572 4093
1053 1634
5816 2514
1068 5519
4454 1613
1592 3184
205 5600
2899 5649
3865 6256
2328 2691
3685 1221
6209 2463
5346 5027
6367 1899
5096 3023
5242 1828
6394 5201
2746 6139
6237 4091
1075 2777
4351 1175
2785 6231
1565 287
744 2892
6006 4584
6152 1437
2772 4993
2672 1499
6368 6207
72 2399
2632 6163
4910 1047
5614 1949
3238 3541
2754 4896
489 3832
889 360
2834 5074
5513 594
6440 3964
5882 1666
3522 2001
2515 1439
3312 3497
6250 2029
249 4275
1491 4924
3615 4321
5420 2041
4115 6021
980 3683
4201 3425
6073 3372
3823 2564
4546 2032
3516 1927
2599 4388
4003 1650
4365 5265
884 3740
58 4870
1508 4865
3113 1991
1660 968
6259 1833
3287 557
1193 2243
3463 3380
878 1880
398 2442
5074 4206
2473 4793
677 4588
5403 1
3100 1977
1058 787
5399 1837
4683 5658
4088 1783
5687 644
539 2996
1383 3041
136 1112
5389 2559
3432 3585
5844 603
5536 3322
556 1713
6332 802
4993 4394
5017 4292
1328 1441
1891 3945
2223 4313
2120 4598
625 4002
1806 1287
3377 340
6303 5695
688 6303
3361 3583
4807 151
2456 4
2721 6141
5045 1729
4406 2898
5161 3129
3394 3681
2607 2059
1839 6162
5527 5868
630 4004
1535 5269
3254 5243
2373 6153
1622 6355
6215 1409
4809 191
2957 5790
5005 2026
2738 5294
5024 5759
4794 1998
6140 4293
2779 2308
2577 5299
445 112
1247 3829
3832 606
1385 3778
3801 476
6106 2011
604 1988
448 58
3777 5993
1910 3957
1152 6159
220 4398
3365 490
5240 1824
4718 2741
3814 6136
3382 1664
4299 1395
4336 3014
5760 5274
916 348
3037 2073
1013 32
5635 3717
171 6060
49 5540
167 830
5855 3235
209 6396
2102 4472
814 6259
1139 4150
3559 1452
2817 2845
3074 1447
4608 2778
1443 5352
6029 5808
317 392
5914 5210
4481 2937
2883 1084
3054 5777
2657 5714
1253 2150
5460 1798
2236 83
1612 2648
1814 3803
2335 4741
5247 429
5149 5663
4766 2874
133 4817
3671 4238
4250 3851
5913 5124
534 1010
4027 6169
5324 917
5709 2644
5131 4990
4249 4424
3649 2924
1960 3722
3485 3474
856 516
5552 6260
3360 4235
1655 2301
40 700
377 5257
4936 2348
1800 3158
4551 566
4191 4274
5213 309
5105 3494
1664 2815
614 2750
6291 6200
2296 2056
341 2363
3860 475
6299 4232
4459 4963
6124 354
805 2792
6186 1417
1507 4386
2068 6125
2550 5634
1276 5332
2259 2601
2062 6166
4905 1095
1766 3731
1661 1025
2924 2833
2929 4439
3144 1548
5284 1200
5925 6349
1028 4523
1190 1615
3868 4702
5584 4689
1599 3518
4567 3424
419 2538
4743 4553
5664 751
1024 4009
2931 5365
2228 5619
3591 4658
739 5392
5234 6264
2741 1926
45 245
2952 2123
2290 5593
3479 533
4514 1565
6199 903
6242 6201
6036 3074
1627 5024
4934 3171
3244 6055
1036 2771
4620 540
3803 5447
6294 3605
4578 2515
1399 5760
4432 6212
4430 4700
37 510
2256 1900
3014 2249
5555 169
3552 2918
4271 5190
4972 418
2516 4090
254 1467
3525 1955
3971 6195
3841 2316
3151 1108
4483 1147
1525 1728
5385 2580
1545 1181
5356 1049
694 39
2368 1171
4013 5765
5409 1050
1209 435
4517 5261
1701 28
2073 2503
3267 1845
1051 3358
1972 2992
5747 4643
1091 1834
6419 2453
2334 5092
66 2875
1580 3241
4698 1552
6430 6494
4736 6281
2759 3463
5033 3837
6382 211
3259 2112
3982 2336
4293 3548
2922 3029
1667 4614
2965 386
1344 6
3371 3519
2872 941
3819 757
3540 1740
1056 6410
6453 4268
5404 4765
5350 4799
1349 4111
5774 2354
5191 259
5498 2864
4533 912
1168 2834
4790 4332
5238 3885
5832 4977
5067 5892
1776 1979
3126 50
5108 2170
3096 6484
3038 4432
4380 5682
6118 1346
996 5670
6003 5937
4527 1428
4833 67
2324 4988
5821 5424
3088 415
2245 3763
5128 6178
2434 6282
392 2489
2497 157
3578 2912
1813 2843
5120 3735
3473 5686
3726 3633
2189 3192
879 160
5031 5645
4015 3085
5893 2628
5850 3586
6345 1589
3723 2587
2912 4986
1274 5016
2050 911
2747 2263
2320 6213
1420 122
1514 5218
6112 873
33 642
3165 1939
5861 3521
3079 2669
84 4662
1000 1539
1382 29
2541 4025
4207 3857
2578 6340
5086 3843
2994 4010
700 4192
434 4629
2740 4744
2980 4729
219 5267
6455 1810
4169 5448
161 318
5619 3629
4443 5298
725 1277
1495 776
3069 4205
5199 188
5431 6022
2573 3602
1062 3477
2489 5834
3355 3718
6228 6474
6262 1250
2165 589
4846 737
5785 2946
6469 1094
1801 1475
6436 56
3993 2973
1657 3269
521 4780
3614 4414
4522 6486
422 623
1539 4757
2894 914
5095 5442
4687 5081
5939 4996
818 1623
1509 1544
1616 550
5814 204
1307 768
143 63
1908 2236
1743 4132
4302 788
5205 784
309 5502
4472 1073
2665 2814
1647 2047
2970 5896
3827 5870
4110 3396
2302 683
6233 561
3687 2224
1052 2858
4141 5080
1258 2440
4157 4739
1861 4674
5304 4249
5011 3309
776 1554
1646 758
2907 1681
2614 5805
1666 1478
707 1586
255 5237
3899 4893
4394 1745
6465 6071
1971 6058
2753 4587
4398 2125
3644 2049
5217 2951
1957 5314
6207 4635
3491 6230
1251 385
2612 773
6076 3988
5946 2067
6457 2341
3519 491
810 3339
3417 2593
2605 5115
5055 5285
1279 2443
493 4500
5496 2545
5645 2096
1121 3118
2031 2879
2001 6314
592 5850
3089 4685
4046 5432
4929 6430
5188 792
6410 4282
1101 6223
4084 4182
3571 1701
6415 3927
5445 862
1905 4845
5780 5433
2238 5887
4937 2015
5649 3974
674 1775
5660 1732
5259 1420
2558 5096
276 236
3884 1570
252 4645
5411 390
1368 5516
3112 6023
5082 352
104 3293
2406 2523
1373 5340
4612 1492
4714 4423
2464 4527
1578 4541
1913 5480
6178 1941
5624 1505
1245 3167
1936 3105
6352 393
3638 5165
4788 3984
5294 3914
4262 1357
2057 3637
3602 5039
1284 2155
2284 5846
3475 4833
6264 573
6380 4059
320 4076
2156 3237
3746 3231
5878 1597
1084 1846
5683 5300
2644 5506
5560 5339
356 4903
6449 4307
5847 152
5355 4188
702 515
2033 4140
6020 3247
3489 4942
2808 1643
3620 5427
1069 3929
1951 2021
5634 5929
466 172
5558 652
5915 5532
6446 2922
731 4536
2533 1419
18 1078
5432 85
730 1151
6432 1520
3366 4648
1412 2457
4330 4026
3496 3692
535 4877
4493 1755
6001 2144
1596 2259
712 1516
3919 6167
2164 6400
20 2426
3251 5204
2710 1692
2105 6005
6182 1542
1676 5858
5085 277
2103 4435
2780 1778
1078 4428
4446 1895
3781 876
351 2616
2838 3439
2225 4844
2147 2016
4378 5182
1493 4006
5685 2602
5379 5330
5283 5105
9 2828
3599 6083
4585 127
6181 5650
5508 3991
5474 2939
5866 5130
5129 5876
1673 2680
5321 2936
4512 6388
4105 400
623 5831
2283 2889
2978 5063
2008 5739
5309 6227
285 872
4850 6093
994 5094
4322 3942
2250 147
231 2258
1199 2948
2243 2769
48 3905
1256 3704
4822 3383
2875 443
4231 5756
1126 6209
689 614
599 2356
2130 4221
3334 3853
4061 4251
3847 1015
2961 5408
1505 3524
4410 6168
4872 3623
65 1425
5375 1113
4144 2346
2171 1092
4939 135
4534 4146
904 4392
3291 5679
4737 1766
3294 6457
1145 2624
495 932
5222 2030
2078 2216
724 3850
3856 6321
6061 1464
6321 5586
3482 117
3756 6193
4671 5874
4888 3403
5806 565
5293 4220
4173 4154
2973 1600
4452 4604
1128 1376
6300 5921
924 2046
2618 3536
2086 4740
4976 2805
4087 5729
5807 5028
783 4661
3142 183
1144 3838
3527 1048
1295 1389
6109 3669
4930 1471
5592 5117
4490 6359
2686 2169
2816 5618
297 5393
6490 5919
4323 4556
3603 1106
5730 2855
492 905
3454 4509
2021 256
4587 6085
1713 364
3506 448
3911 4106
437 2506
5626 4601
3960 2932
5231 1341
540 4020
216 5166
4796 18
633 2461
2383 27
293 1547
4799 9
3080 4170
5256 5322
5557 5964
2937 5558
1996 3351
298 1039
4444 2994
4519 4338
1966 3711
2760 3359
306 6406
3252 471
1658 3429
5540 3784
1681 6164
2379 3997
5452 4224
769 3399
2763 1218
5993 4708
3087 6393
3851 5927
2636 6356
634 4474
3453 5988
2969 4682
6087 1962
961 840
2669 4760
2975 4804
2212 2501
6287 5641
1771 4139
3387 316
4701 675
4073 4811
4837 6244
567 4031
3565 3179
2526 736
1014 5622
973 3526
911 804
2594 4655
5997 6412
6192 2990
5811 5375
6084 6324
2976 3743
4316 596
6018 767
2718 997
6323 806
2488 6369
1840 2077
4705 4231
2742 2471
385 3352
2932 1451
3553 1890
4857 108
4075 1753
5408 4747
1127 546
3196 4787
5484 2670
4631 1385
2198 3287
668 4959
3734 5640
173 4836
4824 1067
6217 1064
6284 1493
6485 5882
4076 5557
4944 3817
264 4912
5616 5569
2242 2555
2216 5701
372 5624
4223 3139
1536 5580
10 5824
5318 6463
2687 2460
5700 4252
6496 6427
1338 274
2857 3254
1769 895
5342 5107
6486 6079
1339 2028
2797 275
5196 5727
1299 1921
2409 3685
2213 4437
1614 5017
4581 2920
4471 3919
4422 4456
1384 1607
752 3841
1442 3376
226 1098
4964 330
2977 1386
5711 1557
2862 4053
2661 1842
435 6100
4798 5077
1107 607
1639 4756
2846 276
3597 4594
5750 3444
2397 1515
5100 6171
3932 4884
3902 4782
3257 4061
3056 4567
3084 5589
6107 6278
3659 4157
3318 4796
4969 5125
2445 5479
268 1443
454 6307
930 2740
2145 4687
2567 880
2596 5175
4480 3496
6366 3770
3859 1131
2220 3410
6119 6479
6229 5050
3250 1920
6219 5453
1200 4101
5655 3428
5043 6345
2598 2966
3605 6273
3042 1523
2339 6378
1488 1804
5338 2617
2421 1433
2258 6232
737 2317
2432 430
1404 6099
5534 617
2783 266
5860 4354
3817 4709
4366 541
3876 6268
127 1800
2306 6292
3682 1619
1204 2935
2298 2849
3886 4468
6033 538
4065 3959
3613 19
4572 1978
2316 4429
520 2713
1773 5664
965 4445
653 4593
2777 5699
4333 4701
5574 5154
2163 284
192 3246
1895 3799
4016 3696
1650 5122
6342 4572
4999 3032
5501 4950
1312 2957
2585 1657
3328 1239
1498 5826
5708 3146
4354 5184
38 126
6062 4446
1731 3921
2873 114
2982 150
2942 5781
1079 4123
263 3736
459 5205
5755 1403
4826 521
2829 3011
2026 353
4722 1235
2586 3679
6098 2276
6205 5926
5273 5369
6169 1327
6286 6275
3027 1069
1870 1670
3503 955
2848 4443
1141 845
5012 5510
5746 966
4464 3871
1315 1035
3733 4631
5705 6453
5778 4888
3942 2964
2671 5794
1684 3772
6325 5102
1064 2772
6025 5534
1239 349
6428 5704
2562 5397
2313 5319
4715 3176
4786 976
1915 5103
4918 1966
1574 2619
1371 5713
5155 3166
3321 943
2795 3898
6399 5568
4077 1933
4730 6382
5562 5099
2181 3248
3021 296
3484 5312
6212 2808
929 1089
4266 5011
1538 3181
3214 5933
683 4455
3156 5523
4236 4401
771 3569
5954 998
4759 1721
5968 1293
2098 2480
1255 3292
6088 3501
6127 4003
2886 320
1519 4930
5160 4834
2945 6000
3351 3333
1543 721
4508 1558
4749 12
4246 5347
2850 2696
2971 5773
648 5384
105 4426
436 329
88 2055
3457 1618
2751 5013
5689 1571
5435 2476
42 2746
5148 3643
2703 4525
1303 4976
6123 288
6063 1743
844 407
5214 3210
17 2452
428 6426
2621 5048
5457 5396
3081 1712
353 5452
3201 4770
5577 2524
5080 4906
750 2065
3766 5488
3447 5604
3170 2576
3203 4932
4825 817
3224 198
4835 1185
6074 3670
6100 5491
3821 2852
2992 827
3434 5306
979 2379
1289 5158
125 5797
5948 2544
4376 100
481 62
5538 278
50 332
536 1854
3772 3594
165 5401
4332 5221
1637 866
4178 2130
1102 478
5027 5688
6254 4410
5211 6059
3017 3113
3921 4351
384 6215
3161 4415
699 6285
3245 534
1009 692
2043 2492
6165 3280
1496 762
6239 1863
3672 444
2800 3156
6374 1784
2792 1214
4997 6401
5789 626
5630 3645
5133 2511
4723 295
526 1005
4132 6002
6095 1168
4386 3148
1244 5902
1252 488
1756 1688
2264 937
4982 5304
4539 5980
3331 5775
6208 4881
4338 6395
1901 5505
4273 5859
6235 3677
4208 5305
3910 4719
3344 4495
4423 1024
3548 4546
2364 5147
3108 2775
4151 2111
3128 2292
2070 1969
530 2723
5299 1535
3094 641
3917 2626
182 2520
1695 602
2523 5240
3499 3369
3109 1407
6147 3719
4890 1370
1656 544
1418 3556
792 3354
1885 2694
6400 3251
841 5018
6385 4774
441 2888
5934 5009
785 6196
4339 3379
2926 6118
1533 205
2241 139
1635 2380
5991 6313
3941 6180
1816 1564
2261 1641
1517 4473
5776 2427
3338 4839
4114 2196
1982 4208
803 4698
1217 4755
1555 3301
3501 6446
5570 760
1180 6238
6392 6413
3095 3724
762 2167
5503 5180
613 744
3103 6177
1617 2965
2010 4829
1468 2383
98 6434
3769 1120
3458 77
1103 651
3584 1306
4750 1237
4068 4052
199 1243
5489 173
5472 3996
1083 4728
4931 3306
3445 1868
4524 4145
6103 4926
4867 3941
4008 1865
2985 4609
1175 3336
5507 398
432 5881
2499 3852
3140 4828
221 1951
1601 1937
4555 5889
2330 4243
6064 57
6406 3035
3265 6042
4660 5629
1415 4704
1171 1685
2771 4451
1474 5616
3930 6498
6059 5033
4392 5750
5522 4367
4702 3078
1077 5644
1043 2262
2040 3256
2420 53
3626 3003
3471 5176
1927 410
960 2869
2502 4907
5865 1393
4957 20
1758 3012
3149 5647
4473 234
2959 4697
1055 2281
3645 4681
2196 6383
1414 409
391 3397
872 2207
4777 6219
4647 6366
2768 2257
4137 4234
6464 6445
5146 6432
3688 1935
812 2287
1302 5053
2226 6010
4697 51
1961 3331
1524 738
1318 2600
1838 6027
5751 3180
1869 3976
1989 3226
5889 4607
5736 3544
3159 2425
5307 855
1547 2320
2273 820
4800 5172
1439 3050
3422 4802
1780 2014
5049 2509
334 482
1829 1772
4839 1080
1729 789
6298 3364
1110 950
6012 3900
2557 501
3693 3593
2587 23
6274 3609
5763 5522
1359 2695
1181 72
5461 4544
2647 1507
4433 4552
2776 645
3837 991
5248 1158
2134 17
6054 2036
5167 2165
5084 2081
4590 5254
3773 1957
3880 4128
1158 2710
1937 1135
3926 4459
678 1183
3892 4005
2407 5786
4967 6069
5564 3610
5744 2608
1651 4706
869 6191
1693 1169
5442 2194
1735 174
917 273
3935 341
3963 3946
4960 3325
1297 1022
5394 2571
4403 250
538 2744
5215 946
6281 4989
3146 1626
4081 5967
892 1691
1718 1104
2055 3969
1324 6310
4343 298
6057 4344
4908 1163
4920 5867
5927 3056
482 3659
799 4107
123 4305
1609 1717
3315 3985
2551 5712
3269 5828
1353 2687
591 5932
5029 963
1907 3660
3032 5737
4438 216
2142 3069
4769 3981
910 5501
681 2955
3396 3183
3586 6156
2097 5953
1238 2908
1671 2584
3018 4941
77 2335
4217 2045
1486 4038
5393 5010
31 5241
1719 3867
3611 4933
3805 5550
2063 2202
473 2164
1178 168
2627 977
1744 3777
566 782
3709 3651
944 3170
2769 3162
4904 5234
5377 2377
1630 1848
1854 3701
581 960
5289 285
710 1528
2705 4207
6009 5185
797 3664
2722 4261
6471 3101
704 5296
5101 1990
4363 1038
3317 3408
4233 5087
2575 4108
329 1338
352 2842
1221 1205
1521 4064
4407 961
1841 3140
5566 4749
6196 2609
6135 1908
1817 2232
4294 2732
6355 2846
2667 3008
3895 4295
5175 1521
2520 4012
1686 5289
5004 3728
6340 1453
2303 1203
3796 4703
235 291
5739 2339
457 4133
6334 2159
4621 6188
3964 5917
5720 1638
5402 5475
5842 2560
2177 1179
1810 4492
1506 5939
2279 3756
4781 221
4634 1602
3158 21
247 2432
3104 628
927 3575
719 3321
6317 2219
3974 1276
825 4089
4935 6112
4627 926
5323 5687
5622 246
6055 4938
1095 6257
6320 2403
2066 6216
368 1330
5079 2022
1843 527
1163 5213
4695 2108
5895 3063
1433 6376
4344 2797
2315 1628
2918 2751
6390 6198
1463 4902
4175 1180
1865 2094
5333 2393
2678 982
2251 1415
624 5162
5795 1752
4229 1831
3531 4357
1705 1473
2405 891
2392 3671
5799 5467
2552 5471
1480 588
3451 874
5959 76
3646 1076
4387 3780
4036 2765
3246 4931
3791 4640
191 3893
6143 2839
6353 1176
4487 1358
3717 2295
3660 2632
3497 4975
5030 2641
4712 4954
4538 5668
260 5295
2044 4369
5022 2688
321 4148
3647 6332
6016 96
1080 4124
2531 3462
582 6490
1416 2265
2376 2220
5089 4230
903 3452
5944 5529
5087 4850
2501 2205
1467 4214
5218 578
2032 4692
4039 3795
3888 4673
773 6251
1419 5100
3683 2789
642 343
5726 798
5715 3715
156 5288
2711 1722
1871 4618
2513 3707
4221 6299
703 2132
4474 302
2988 2548
553 989
5876 289
1890 4576
5268 5588
3546 2705
376 1477
3389 657
5644 1315
1926 456
3493 2048
1380 5620
1734 4628
2659 2708
5372 2947
1218 2145
1818 1085
2268 2856
4358 807
2620 1371
5001 3127
6341 1561
5924 6052
3448 2942
4373 5400
5599 3675
987 6221
3589 4104
998 5364
2014 2419
1411 2251
1129 3207
729 1325
4203 2605
3612 5795
2297 3160
2332 4948
2278 4597
602 3742
6312 4348
2266 6245
5336 3036
3289 4063
5464 539
1803 1585
3183 6041
2509 936
3162 3625
1629 1907
6273 676
2814 467
1613 2271
5735 164
2781 6040
628 459
476 1788
4368 1283
1391 3913
475 4216
882 5598
4094 4857
4100 1584
5873 5192
6200 5373
4571 1519
170 5524
5582 4334
3988 2466
4126 4335
4900 3500
909 1696
3563 922
5329 4846
6131 2312
3759 3595
5313 2578
1528 3436
2351 720
1750 3431
2387 25
1072 2398
3980 665
3789 2923
1301 2085
1430 1004
2701 1653
2013 4694
1579 5955
5970 6408
801 1257
2143 2289
2293 1231
2782 6108
4467 2033
1723 1787
1683 5465
947 4068
3654 4646
511 286
447 3631
1445 428
2915 71
2137 3039
1575 6431
2000 6090
3658 5203
3909 4545
3719 2342
4408 1624
4564 403
1530 3800
5553 2881
6285 2603
111 4499
3116 6368
2410 3709
3736 5037
6397 3286
2197 814
1987 3478
3707 4569
3090 6304
2927 2052
4120 3768
2744 1344
584 3975
1337 4992
2796 5004
5332 3549
4234 3005
4859 3822
11 2309
5823 5318
1423 1304
2847 217
1431 1400
1862 5171
3209 1252
4023 3892
4148 5542
2648 5764
786 3275
6344 6226
1153 4395
5202 6423
2452 6007
2188 5230
6293 3345
5387 4496
4626 2735
1849 1166
3363 5368
2545 3001
1669 5079
1884 1302
1964 4372
3554 185
6000 2478
4198 4580
516 5493
3034 4404
5306 1402
201 987
6231 3568
6437 1195
6369 2050
2837 4679
6002 4510
4819 3873
6403 3006
5618 3849
25 4864
3776 1574
1523 1008
4849 3042
2724 492
6030 2998
2496 3342
3893 2382
5985 4705
1772 464
4033 1178
863 5225
4667 6001
4742 1455
3768 5678
484 3072
6202 365
2466 101
4672 5971
4717 203
2723 78
4580 6293
847 5308
627 1509
5125 1332
1113 3061
250 4309
5281 363
2849 5578
1007 3611
4420 5793
3198 4970
187 5029
4103 472
5204 2473
2178 2742
5714 1145
4382 529
3648 1063
2630 1887
2249 4860
5884 138
5533 1795
3639 2709
1234 1269
4360 3831
1697 5264
1125 1322
4746 327
4613 4411
958 3025
5800 4314
6034 4777
4010 811
3815 3147
1334 4266
4856 3149
244 3514
5932 2718
3885 846
684 5538
1293 983
348 3363
5812 4486
589 5772
6060 938
5680 4409
4063 5577
2424 3753
1918 1220
100 4677
3569 4633
4509 4312
820 4043
2755 5336
1733 2293
5588 2410
503 2274
3691 4138
3134 2546
5 3746
2247 125
5172 5829
2574 4042
3219 2819
4665 5607
4985 5948
4218 485
6333 1825
4745 2531
2844 4300
53 2163
505 2307
3560 5187
3747 748
5237 6206
5835 1530
1105 65
1050 270
5843 2498
1626 3373
3697 1006
4014 5229
3342 4166
4489 4897
895 3316
968 279
1698 6435
3261 5705
3923 2297
4731 44
1868 679
1087 2384
1304 468
2395 5279
5246 1484
1286 4152
4583 6149
439 2583
4762 2139
2037 1148
211 5497
4699 2034
2398 2362
3204 834
4543 6151
5681 2025
6277 2886
2902 6081
1823 3748
3212 3194
4243 612
1567 4358
4393 4878
723 5983
840 5608
0 2171
3118 4247
4124 1029
2565 5317
1257 6403
4352 3219
2045 500
586 3111
266 3801
4810 1599
3973 466
1401 3238
4412 350
2884 5357
240 580
5854 2407
5015 93
2564 1858
5653 6017
1663 3374
3954 3566
2530 2952
2007 795
2408 3315
2422 5733
637 5133
5753 2284
5076 2840
5940 781
5366 5173
1564 3868
3846 5216
3633 2653
6191 3723
5438 774
4673 1041
1685 2412
371 1569
5405 514
1752 6033
5886 4179
5998 1018
4405 2470
3807 942
178 2894
3765 5943
5344 5358
3753 3346
4623 3836
3436 2512
1410 3071
748 4316
292 2491
4733 3535
1409 6274
5956 1734
4150 3225
1825 5038
3831 2153
6316 5226
5183 2434
3989 3034
1453 5570
1679 1422
5656 3024
1820 6425
2400 661
5245 6319
3005 2428
4663 1321
2642 2880
1778 3511
2058 4130
2670 2701
1086 4015
4716 5253
1220 1329
357 1997
6346 3080
4254 5036
5253 3327
5401 2042
2693 3577
411 1381
491 1132
718 3134
3455 5995
3392 5885
259 5785
2092 2982
3281 1680
4885 149
5088 1794
181 572
3751 1918
1477 4862
46 2072
471 1781
5938 5579
1232 3661
859 2612
2739 1635
3785 2456
6093 4831
2485 3222
2895 1711
4573 3882
1785 5799
5659 1827
2203 1774
277 3516
2694 2260
1980 3527
5901 3510
2914 4960
563 2518
5118 2290
3966 10
1462 4664
5849 797
5340 3415
5621 4534
6416 1663
5093 3389
1593 3705
2064 4522
2773 2821
5018 1754
4843 1324
2549 2737
3082 421
2589 2113
2179 1458
611 1960
5863 5031
6125 2018
6146 1744
3413 2566
3474 5671
1267 5189
2601 2671
1154 715
2629 3960
148 779
3518 66
5824 1483
6083 1378
6070 2878
2626 2558
4164 1683
4594 2416
3666 597
380 674
2673 4602
2338 1299
2535 5413
1782 6381
1874 2455
850 3994
2591 328
2968 2796
3877 6385
3867 6328
3123 2450
3303 1449
5440 2179
4434 4469
3053 4686
3695 1228
690 2590
5315 2753
5637 5402
5851 1066
3600 5157
2675 4118
4079 4854
3386 3598
2029 921
6359 3083
5416 899
4926 4466
6166 3030
2828 4131
5974 3076
3236 6460
5712 1551
99 1462
6104 4086
2566 4448
1262 4949
619 4289
1678 3143
6467 5696
3674 2411
3958 237
6387 3665
1487 3117
4171 5236
5069 4225
374 4480
4251 5214
485 4255
4307 45
1421 706
2312 1294
2791 4596
2680 1444
2820 625
1967 1524
4488 2082
1688 2949
1136 4245
3119 1111
2603 1296
596 3576
2653 235
3849 569
2173 2533
5061 1502
5569 3813
3825 1326
5239 6218
3705 462
5134 228
1460 226
13 5692
415 848
843 3495
2123 3716
3381 5559
4025 2582
1097 4636
5070 2267
4056 5316
3189 3560
6072 707
2793 1640
4196 2911
1225 5423
4043 4464
3744 2618
3070 4540
2794 5533
5757 3048
2809 4079
416 480
2450 5251
6260 3260
4309 1114
2470 2575
265 3340
166 4803
1011 1737
4643 4311
1554 4680
5367 3944
2366 809
5666 4210
5168 4013
1582 2217
2169 4748
1919 3386
809 2629
5427 4272
1848 1208
3502 4820
4763 2083
444 680
5034 5625
1807 4879
5418 3761
2712 5632
2419 4853
3651 3618
4979 6362
4461 6334
4896 864
1973 331
232 5633
2209 6199
5271 3872
1911 5382
4638 2239
5992 4215
4604 5164
5423 4476
1793 2188
819 2667
86 3052
1277 5406
5326 1919
5112 5590
5594 3188
390 6217
175 3142
880 6295
5596 4458
3169 1412
5412 5970
5846 2633
5671 1818
5646 3814
3948 5530
5127 2774
3590 1750
6227 6261
4315 590
2745 200
4045 361
3816 1726
6168 1001
6328 2365
1397 2269
1931 2479
808 6372
2065 1382
6389 5344
5509 4715
1739 1930
706 2493
1228 384
6495 2124
6450 2676
223 4816
2076 2781
2082 4630
4952 2933
3367 6047
2370 671
6364 6011
2766 4669
2190 1545
4767 5149
5010 5974
5654 426
3931 5852
3057 3820
873 202
2378 4167
3426 6113
1608 2246
3194 4391
1653 6305
3511 3044
1879 4538
1392 3934
2908 5615
4093 6475
6388 2985
3288 1410
3077 4555
5668 4452
2265 3120
1476 957
5922 4402
1379 5106
866 5273
5923 888
5623 4696
1360 1807
1319 3848
972 2801
6241 5188
3762 3910
313 368
6445 4600
6193 5405
1770 3888
1542 5082
5875 5591
754 5114
2015 5233
4288 6471
5206 2989
124 6325
955 790
1976 1716
6067 3388
281 5006
1067 4241
3616 640
983 2210
2075 5174
1206 4253
2343 5913
3997 599
3555 4094
4868 3209
4385 5952
5398 4203
1808 716
2958 3863
3444 5023
726 4120
4610 793
3050 2969
2457 5972
4892 4374
30 1797
6473 1270
4854 5992
2602 3639
3587 107
4644 2323
69 1431
745 6014
664 1215
3307 5848
6238 1760
2384 6456
6094 3644
4873 3901
5229 5121
346 4743
3839 1694
868 1963
1358 5463
5184 794
246 4880
243 815
3390 5667
3572 3939
5792 3400
999 1031
4383 3355
807 1690
5280 1553
5282 4935
747 3201
3319 6487
713 4657
4466 1898
2879 176
2660 6466
3946 3141
5836 5409
826 1689
660 3481
1611 6482
82 1454
6213 2204
5857 4927
1736 195
2974 5659
721 4851
3222 953
705 2223
1151 857
557 4189
1435 5960
5186 6048
5779 5543
6015 5255
2291 5052
5530 5812
5446 4641
945 5715
1568 4212
6091 5958
4278 4638
5311 3654
3199 4352
3661 2012
1205 3126
1355 6417
1757 3680
679 5847
2318 3239
4199 1924
460 687
393 1746
6158 6370
870 1487
140 5998
94 4028
4200 1116
936 5994
2080 4934
4112 3164
2153 4763
3311 1196
3466 3980
3775 609
3794 3630
97 3045
4340 231
4498 4271
1432 904
406 3538
1518 3189
5672 3097
1809 1536
3060 6352
6402 1762
4961 4298
2167 3093
4458 495
3003 2649
4235 2185
4131 59
1631 5702
3011 1058
1010 3193
6378 1245
3675 6326
1522 474
1933 1767
388 258
3047 2104
5286 79
1955 2484
3213 4919
3692 1587
3809 6258
806 1121
4933 3943
1724 6455
4055 2635
5371 5541
5454 4153
4189 4590
2615 1662
386 405
1897 6235
1038 705
464 2747
1230 2857
5065 1273
1846 1152
5147 1756
4734 4438
5561 6473
429 6263
1471 659
3025 915
2433 5387
848 5941
4361 324
3580 5419
2787 5476
2606 3562
8 4475
2881 84
5980 3297
2202 4577
5826 2654
6271 422
6280 5248
4536 4790
3101 3721
2414 1206
2646 829
6065 6249
6244 847
2819 3197
1450 2887
5241 4329
60 5536
6011 5717
3967 2764
5063 4889
1122 5156
3927 3089
4965 4994
3786 2724
3347 3846
5349 1354
4211 5449
4894 962
5415 4228
3813 3917
5748 6109
571 5950
6151 5002
601 3881
727 2134
1852 5684
5223 5751
2836 4792
176 5986
5287 3365
4540 5270
4477 4918
4139 3928
4371 1534
1263 4393
2679 3026
4265 1246
5741 4622
497 3667
4125 5089
2377 5473
52 632
3702 2390
5825 1928
5171 1812
5697 6080
5077 4720
3581 5199
271 5552
5975 142
333 5827
828 5864
2020 4895
3790 951
1305 3007
4123 1661
4240 4653
5573 5724
6049 1700
1559 6253
2641 5749
3795 6197
4529 1140
2682 2504
2085 260
129 4883
3309 450
3278 1396
588 4514
1149 3546
1649 3407
5257 800
2341 1923
5037 358
275 916
2119 5690
3889 4244
6420 5093
5302 6289
559 3457
150 4717
3403 6409
183 1989
1231 5144
328 3196
5345 4119
442 863
5990 3842
468 780
3099 3186
6292 3755
1702 5872
135 3973
4007 5379
253 6266
2825 2019
3663 2099
5370 3206
5068 1320
4347 1125
4172 2767
836 4233
6157 6300
2749 2322
1727 2915
1372 3889
3866 4242
997 110
2638 6205
142 2585
4277 2739
3308 1192
2003 1284
1888 5767
5047 4240
5267 3547
5609 3077
2813 3027
1150 267
3024 2754
2331 1938
4728 232
3044 5062
3419 1720
4264 4559
3086 2093
5766 4637
1273 2684
440 4936
3418 3672
131 5337
3180 5293
4102 1629
5441 2940
4228 918
5499 2282
5008 545
3701 1401
2404 673
498 1866
3492 5597
3208 6061
462 851
4915 5219
3264 3446
5142 3277
2233 4041
2235 2986
4012 2441
682 856
2184 1309
4318 1266
2597 134
3154 1414
4516 5860
6463 5366
443 3859
4204 2149
3842 212
4503 4328
6266 4549
6475 5307
3677 5977
6348 1372
5219 5069
3285 484
160 145
4275 5003
3202 1056
3952 1177
2455 5884
4089 2811
1109 619
3114 6322
2548 5395
5397 3460
1607 5836
261 4620
3992 4250
5920 688
4618 1645
3985 395
3373 1633
3573 3106
5023 2268
914 3084
2880 131
6288 4071
1281 1065
5845 3537
5092 3559
3405 6429
4397 5015
1842 4125
4738 2554
230 416
2155 3884
3459 3581
4609 2841
4497 5152
2451 499
5032 2727
5640 2477
5258 6246
4160 1763
6295 3420
5057 2655
1441 5596
2821 2006
766 1138
849 5936
2115 2472
3046 3916
1994 366
3498 479
3192 5674
5676 3750
5648 319
1298 2561
2539 3155
5249 4764
5698 4999
906 739
1003 60
978 3013
3962 1841
823 3367
4693 1970
1784 1212
1768 522
146 3765
6086 1139
5369 5582
6013 2692
364 4007
835 1860
957 6397
1 6096
1341 3694
3352 4979
3643 3827
2374 2288
3582 11
1179 3812
4478 6020
6489 5562
5593 3949
600 585
5590 2929
5154 1719
4143 3835
3588 5681
920 5414
714 4427
881 564
4886 2212
3844 4267
1167 5500
1100 3989
5091 883
6398 2712
5039 4875
1797 1375
4437 5146
4602 3834
5176 2175
2807 5422
4776 2226
3247 3448
4183 3947
886 5123
2867 4517
2486 3760
1327 4299
3115 2768
3176 4100
3634 986
2274 3615
2561 1830
3172 1265
2154 3145
6163 3891
3890 1188
982 5669
6096 2788
4435 3031
740 6262
68 4333
2270 5895
3978 630
5491 3178
1494 690
3961 4330
2987 849
29 2208
4304 1133
2144 257
6343 1398
572 2634
6305 3766
128 3691
6318 308
1726 2494
5695 4738
5541 2675
2997 3108
4082 4209
4367 4830
402 4581
1805 3073
2756 3930
3622 3951
4805 5323
5207 2919
1135 4390
2269 2790
4282 1526
2595 3807
5738 4021
4882 4974
3223 5877
554 2340
5334 2027
4597 2995
4024 3982
6372 4418
4 5220
1948 6298
4945 3059
537 5565
488 4824
3461 1644
6149 2120
3848 306
5165 2368
1248 3285
570 3866
644 2638
829 4800
3537 4649
4640 2488
6481 2156
4165 2349
3284 2647
1465 881
804 4610
3642 1508
777 3599
3431 3567
632 4690
3742 4504
4426 1340
2215 6386
3811 2135
5877 449
680 4564
2380 3591
6043 2987
110 3337
2695 2861
5663 2371
154 5553
310 5200
2832 1298
3155 1984
2168 4608
4017 5581
2936 2646
350 5380
2947 3588
2803 4565
3275 3767
239 1278
3670 5842
1002 1000
5910 2780
1928 6472
4681 86
5123 5084
6037 1083
5353 5595
1352 2758
4614 1156
5115 1596
4606 4699
558 5235
832 5811
1457 5335
2656 3573
3139 3017
1873 128
2311 5861
2877 6057
4789 2154
3755 5585
576 3064
3346 4925
92 3869
5295 2950
3635 6333
2194 6421
6439 4488
4953 1217
139 1281
1208 4056
3039 5740
5665 269
3273 3224
213 5410
4994 3298
3111 4887
3758 5455
4704 3480
1364 2074
225 5959
2224 4186
1706 3493
5463 5112
3735 5327
322 4073
5470 832
6078 4735
976 5054
5373 1718
2812 2117
2719 6170
3316 5816
1117 934
6307 1349
3019 1971
768 2351
3323 712
3068 4908
3439 6394
3456 4900
3764 4848
2355 355
4706 4603
2826 5576
5627 6095
966 1485
5678 2436
2462 2106
2146 1525
5642 1436
2006 898
1381 6451
369 4667
2917 4099
6148 1609
425 3720
985 4915
3564 5371
3300 3967
4757 4795
1995 4656
3408 4114
1958 2816
6331 230
5631 4490
2691 5508
