6500 1000
1574 2922
3837 5135
987 5560
1385 5095
3683 367
4525 2686
5407 1108
3409 4756
2541 5744
5648 1689
5868 4983
2200 4218
2293 1469
3784 610
2477 4634
1473 6428
1606 2281
3919 283
3180 1379
1999 6413
1987 71
767 3176
4226 249
5039 48
2918 4165
5343 5645
1191 2995
4063 4788
3300 5117
3957 1940
5763 6486
2026 1166
3759 4753
653 3399
1047 6470
3653 5046
1466 3142
1008 2309
3911 6403
2683 4687
6181 3479
2929 2002
892 2506
5856 4460
3035 3261
5928 1066
527 3866
579 3565
68 6462
1764 2779
1278 4332
5200 6025
1684 446
2789 2441
3305 1621
3507 1647
4599 1966
6050 3688
5033 5636
1812 5022
4413 3612
4435 545
6199 5892
4653 1366
4308 5792
844 1850
3781 3801
2597 3573
4971 6191
2151 2146
3868 1333
1911 4554
6245 1358
1717 1117
4398 5054
4482 1026
4921 2733
5683 3572
6225 1405
693 870
3116 6429
4893 3434
3933 3349
1534 2646
1828 5677
4654 3678
1175 3807
3632 5507
899 5602
4967 832
5744 5134
2474 3762
5917 1774
5749 5494
2627 4860
2737 6324
6440 1935
3152 208
1604 3180
1458 6387
5034 3131
1389 2595
1497 6399
1708 1658
4854 5831
4129 4810
2538 1880
6171 6011
3437 2927
4582 4044
3138 1259
4369 651
6420 4011
1772 4303
4420 569
1239 2059
2054 443
2783 2500
4557 4454
444 2800
3931 2845
5547 1191
3246 1998
2843 5679
3198 4726
2145 1840
3615 941
681 461
298 4076
3487 5772
3937 4901
5665 510
4617 2448
1571 2482
2657 1332
3164 502
4253 2337
870 1991
4866 4698
5619 5100
2973 6249
5900 3725
5352 1672
1434 5466
623 147
4670 3873
3145 6103
1582 241
4975 6053
724 4612
112 1636
1203 2434
4514 3462
835 2563
3804 2696
6437 1245
3792 4924
726 5575
3721 2569
4277 2523
3513 576
3055 4676
4839 2605
1233 3808
4783 1868
3895 1559
245 4579
698 17
3936 1028
3913 5472
912 4347
5505 2229
3458 2743
3979 4185
2282 2963
1994 3390
2859 1744
1871 296
2648 3904
2363 2872
172 3718
1116 1578
1570 176
4446 5322
4258 1876
5560 6067
4778 1896
3890 3923
3474 5246
839 3346
3259 5970
1052 431
2734 2486
4174 3284
4297 6026
232 4074
3378 1952
363 4567
1265 3049
2749 636
5589 3166
1923 2136
651 1514
2241 4782
2607 787
3566 5825
5678 2027
1732 2873
6043 3841
5983 2043
3179 2249
1182 374
4878 983
6203 160
4860 6361
4586 4547
1807 2638
335 1318
3453 2722
5231 4929
3492 2815
2546 2479
4501 3436
5283 754
998 1059
1959 1549
877 3902
630 4175
3244 6415
3414 5106
2763 5191
961 4635
4907 890
1449 496
5792 3163
4362 4158
6012 2128
6033 182
5418 4592
3382 5570
5999 4467
5056 57
878 3774
747 1842
4890 5311
736 3939
3961 2659
1242 1801
3706 948
458 4313
1326 1300
2287 772
3160 1965
448 3550
4851 5029
634 2223
3311 1229
4858 2302
3914 2935
1614 2514
6074 356
162 5896
5888 5722
6003 2180
1557 1141
4425 4931
55 343
3521 635
456 644
284 6073
3226 3852
1424 645
2138 2233
3489 1031
5273 1281
918 3929
2462 5963
2134 1139
2531 4553
5380 210
4178 2661
1955 5031
827 5664
6408 816
910 6198
1712 6405
5155 162
4255 216
1397 3817
963 4480
1846 4886
2854 2662
4492 4913
3939 4787
2624 3448
4561 6340
336 5235
151 5717
4033 986
4198 1338
1628 748
1352 1388
2473 5510
3089 3715
2712 358
3381 5530
2491 847
4097 2868
38 3609
5509 5299
4139 4104
4876 478
6348 391
6142 1032
5984 4654
2455 5448
3981 712
3601 5067
1564 369
4072 3863
6345 866
2375 6174
3255 2172
5630 4062
4983 3908
5043 4203
6151 4535
1146 3648
3851 5055
577 2074
5823 3365
4970 5668
5612 3286
2526 1432
545 4452
6491 515
1084 855
6303 2681
1130 77
4765 4895
2646 593
1672 3132
945 1217
587 3934
1057 3147
5450 2445
5100 158
3459 3157
4763 2761
3036 5936
342 6487
2652 1413
5609 3844
6391 3693
3319 123
1101 4740
2540 1763
4059 5298
6325 925
6196 960
5244 143
2576 3070
4669 3216
5580 3369
3227 4198
832 2252
1776 5730
5163 3641
6137 1018
6484 1534
4524 4926
3504 5305
2870 3560
2458 1983
123 334
5779 3419
6063 913
6478 2826
4994 3821
4060 2590
5332 4845
1474 1197
1335 5465
5606 5555
6071 1122
5458 5642
616 1688
3001 1664
4806 2122
4239 4236
1687 1184
1075 2931
4051 3870
5838 2851
3533 4708
1229 584
1440 3985
2620 5320
1877 2367
796 697
1565 5218
5760 1610
1067 2614
2451 6437
3986 5088
341 2965
3318 4110
4062 5952
3141 6061
81 618
3287 2366
3947 5903
4674 6432
6425 4830
3177 3712
4940 726
2206 2904
4719 5938
754 2777
4113 4852
5567 1185
6 5329
2706 5459
190 2069
1104 4377
2965 6028
2879 5809
3075 5759
4200 3721
2827 474
5179 1724
1214 485
5019 2429
973 420
1514 3728
1759 5260
6288 3804
6053 1502
4532 5113
4356 1243
1769 4647
303 359
1320 3930
2305 6244
3349 5906
473 6329
6388 758
1528 3564
2656 1861
1705 794
3229 6203
4572 3623
4150 5083
2183 6032
4629 300
2801 4412
3341 5091
122 5901
5884 4504
654 911
2186 4939
2904 2708
2128 1793
1527 2929
589 2248
92 5056
2500 3043
3326 2199
432 6158
2264 4457
2680 3211
5892 5989
5507 1604
3898 1061
6377 2998
4105 220
3980 5162
1106 1743
181 5231
5726 2991
3512 3914
4600 61
2917 1386
5918 295
3122 3802
1978 5014
3144 6289
1492 6121
4934 1741
1860 1982
4789 2292
741 4706
5029 3182
5925 6046
4660 4200
5600 6391
5764 2589
635 3673
3502 5562
4709 4883
6307 3215
5693 2324
5331 5691
2218 92
1752 6259
2884 2157
2977 1336
1072 3343
3400 6315
4393 5886
1429 5592
6108 813
6358 6444
299 1048
1368 6392
4015 2917
64 5317
3866 1286
1859 148
1208 780
6204 2137
3195 1493
3479 4727
3905 2316
1225 5941
4815 6332
5378 4869
2252 5270
1886 455
6311 164
5844 1256
2633 6293
2204 6255
368 2024
2496 2933
5634 6296
3902 3784
2529 5908
3237 3614
4202 2476
3863 28
2978 2818
4419 3965
2781 5523
4736 4955
1989 3557
5901 44
3333 3825
996 19
1447 3485
5758 3608
3805 1011
4463 3475
6009 3682
6366 2066
3762 5613
1605 3906
305 5387
3 4147
5052 1994
3818 1278
1427 5276
1683 3312
446 4048
1796 3679
4019 6419
5351 4259
6405 4033
1062 721
5719 714
3570 2844
953 2191
3877 612
5825 1556
1049 5098
2167 4352
3930 1076
5708 6489
4685 5948
56 3670
3026 1594
3724 3905
2090 2723
4268 2226
5020 4090
1178 1560
1648 4505
1747 3273
3760 1713
1830 5181
4058 3295
4066 4305
1028 820
5608 4911
738 611
2274 3992
5281 4021
4320 4153
977 6294
3823 5898
5736 1975
3769 4967
1026 1196
5830 430
91 1298
6277 2092
1549 3046
1422 393
3656 6210
3635 627
2505 5514
1334 2596
4664 3023
4519 79
3685 5847
4442 592
1834 1691
6485 6090
6206 6318
250 1480
2520 206
2126 2171
4650 934
1020 3990
2275 5697
5769 1370
1839 6015
212 2932
5940 6265
4594 5081
6230 4068
5650 2250
4017 5929
339 2886
2976 6257
720 3699
4788 2210
3770 2104
2083 4815
4149 4425
1784 456
6299 3685
3411 2394
2405 2041
2103 4311
3581 4977
5615 5129
6183 1584
3802 2558
5523 4987
4318 2120
4766 6179
4081 5895
1125 937
437 3055
5805 2362
5310 5910
1381 4626
5674 4411
5463 956
5489 4563
5733 4669
3044 2848
864 5890
2755 2077
1829 5401
4873 4703
6138 2544
3859 2780
6228 4107
1892 5365
843 4008
794 5171
5153 2539
5156 1227
2335 1806
1914 3883
2073 3121
2196 4639
3377 2641
1685 3083
5012 2275
1294 3831
5279 2847
6115 114
3850 2925
3222 5043
4527 5893
6123 1626
1176 991
6302 3411
148 3692
3277 127
3849 972
639 1147
5476 799
4224 1916
4731 3183
6353 2748
5633 1544
4080 5444
3903 2624
5657 1395
3536 6309
5675 5139
854 5414
3531 96
5576 1319
3208 5252
884 5624
4939 5737
3546 2958
2411 5211
3549 6386
472 1110
3166 4071
3279 622
2512 1810
5595 3477
3379 4764
5453 6463
5462 1369
721 3190
1436 1523
5248 2452
5647 5282
1912 5959
6259 2365
4119 2086
5822 1089
359 3789
3708 5201
4951 3290
710 4959
4574 4405
1855 1361
3099 971
4638 3105
4871 5966
5030 6104
712 219
2674 2432
547 1030
1659 3107
4016 3018
714 1078
2233 4719
4655 6281
1704 4445
4009 3558
2476 716
5182 5400
4777 3729
530 760
1949 3780
1858 3063
3020 2303
5111 3818
412 4808
4343 3490
5408 332
3367 4846
2950 3502
6441 4781
6499 4605
966 5702
6122 570
2001 173
5776 1942
4402 980
970 4836
408 1912
1355 2866
4309 2412
6374 4368
2027 4424
6481 6404
4028 2561
2471 4152
2265 323
1319 5169
6421 2804
5082 3797
3848 3236
1818 2672
2205 5443
4355 70
3105 2112
319 4362
2665 2762
4180 10
5974 5497
4289 3242
1587 3424
3186 6465
895 654
4095 3933
4932 1887
5247 4403
658 1557
66 4752
292 2266
4554 3534
4020 4629
1150 1999
2434 3036
5994 4509
3308 1657
5778 6449
5400 4443
493 6159
5096 5195
482 291
4712 1852
3607 2463
5783 1821
2809 4649
4449 4710
312 5506
1532 1948
1232 5820
1880 1382
77 5132
5365 4248
1874 6320
3024 5419
1103 2219
4135 3998
1625 5995
49 468
642 6450
1563 4995
2824 4030
390 4216
3202 2503
1033 2562
3795 2525
532 2674
274 5122
3477 4217
5080 3338
249 3544
1149 547
5403 3094
1044 3404
14 2343
3982 3374
6294 864
1502 5899
5225 5409
3388 6201
3994 1210
2068 1234
260 4998
3488 4098
4857 4221
4909 3303
5354 1778
4283 2938
2722 3570
3189 4081
6392 4718
4687 484
1482 942
3841 4356
2864 2331
1350 94
6273 552
3674 5693
5920 1553
3639 144
4750 603
416 3956
2885 1090
565 1397
2416 4889
2171 1914
3959 4855
4573 2999
1993 3140
3843 2545
1596 5256
2580 6039
2630 4264
2672 1654
3642 2819
2300 6474
332 3751
1221 4792
6073 6333
2426 5843
5855 5166
4895 2098
2162 3961
2246 1566
5301 4320
4323 1362
2332 1717
6361 1930
1235 155
5661 2467
1241 5288
4044 5131
4751 4355
3101 5186
2615 917
5862 4338
4407 850
1533 3858
6409 5543
4322 6494
1517 407
3808 5262
3018 2192
2993 5923
3816 186
4930 493
6494 6445
1423 2707
2495 1837
2036 3667
3092 3506
4605 4070
1156 2017
1692 6141
2136 5203
6161 2058
371 3373
5060 6385
1713 3954
4584 3200
5199 1768
3083 4273
6286 3660
231 4969
486 6467
4018 5164
1817 2535
5564 1683
2177 2173
2497 6436
771 1337
19 1407
2295 1233
5373 1025
70 6070
6461 6354
2838 2373
4812 189
5485 2632
457 419
5949 5388
4339 2081
3906 3372
535 4167
5488 3029
6390 5977
5391 3924
1934 1554
317 5542
3406 690
1441 4672
5976 5604
4576 5000
8 4849
5287 5498
2589 579
5687 1491
3951 4821
143 1371
694 2764
5880 871
5481 4045
2784 6148
40 5381
1754 2576
2834 4237
282 6268
279 4324
3749 3326
1899 2237
2028 5007
6049 3464
1929 6115
6051 5369
3045 1910
2312 3489
1573 5937
919 3310
4715 1722
3423 4927
4894 5821
2949 4301
2632 2936
3707 2181
2798 5640
719 3833
6343 3358
2160 1013
4475 4879
6101 3938
2017 5310
2625 3162
4782 338
1612 4212
6102 3968
4879 4968
725 5204
2318 205
3140 1873
6002 2992
1361 3355
3929 1813
4167 5872
1957 2144
1163 2670
1200 50
5068 152
2942 4363
6000 5333
6010 3375
2814 5680
1411 1957
5447 4964
4142 2949
4272 3767
3883 947
974 943
1283 1188
2201 6369
850 1427
4391 3730
1915 2816
2077 1705
5818 3735
2074 2322
4191 3706
471 1222
4061 3360
2450 2635
3007 2676
5327 4308
879 4549
5468 4502
449 235
5269 1014
4096 3120
308 5051
3068 4358
2121 6000
855 2853
2700 1198
2170 1368
1307 554
2038 5857
4350 6197
6407 497
3032 2594
1815 2731
5912 5159
6433 4597
2724 245
3394 3422
4867 2472
382 2588
4521 3194
6211 11
5442 778
664 5710
4776 5863
3040 2221
6334 1874
1824 3676
1042 3820
1425 1174
450 2913
5256 5167
4892 3896
4004 3021
4545 5331
1373 5347
24 3380
1689 573
3575 3283
925 2771
3111 3488
1670 4994
5504 3386
1583 5147
830 1253
1847 3351
5713 1289
2331 3716
2326 1342
203 4176
5874 1373
982 4923
4194 4625
5255 5404
1608 1474
4380 2626
1220 6276
5848 4406
3798 4369
2761 324
2994 4261
2779 2438
3383 462
3855 2018
2893 4742
566 1548
1686 4214
5261 285
4189 691
5629 808
3541 6374
554 3887
6372 294
5065 5202
5188 4257
2266 4168
4931 475
2396 3918
4301 6187
3337 5990
2240 298
6213 482
1833 5765
4358 1221
3897 4711
2613 805
4771 1580
3826 1165
4460 2023
261 59
1070 1328
1244 4196
4615 2497
3817 3057
1586 1272
2007 3328
3485 5588
5077 4179
4775 3123
3824 689
4798 416
605 5069
5865 3578
2133 2763
5348 1501
887 1649
911 5926
4298 2823
3113 4013
5009 362
6360 1911
5347 6072
1901 3805
4259 2361
6236 3594
5324 2930
1102 4374
5165 5644
6110 1993
4641 6020
1599 3853
3176 3512
2229 5848
2765 1022
288 1331
4388 6396
4140 4473
1950 389
782 1989
2447 828
107 1135
4195 546
3398 5994
2498 2155
3720 5556
4120 3270
2507 4334
5132 6457
4441 1565
4842 4958
4040 1180
2392 33
4877 2369
2815 3262
2802 6222
2725 542
2528 3603
5905 3867
2744 3032
1623 1641
2292 2073
3142 4602
6118 6094
5797 3291
2766 5844
3550 2284
4450 2383
1455 452
6190 1456
3670 5922
3194 4772
3697 4193
4138 2288
695 4134
3446 2984
2536 3159
2603 4119
1004 4089
5430 6063
4901 580
2691 1452
2726 6352
6460 5557
2324 3446
1555 2416
3969 2076
5251 3361
3646 6057
4217 3517
4346 2108
1170 5768
1926 5665
4799 255
3033 6105
1077 1349
4082 2270
1920 1685
2684 5286
6129 822
841 5554
1088 5307
1954 1103
2685 2159
4227 4610
1861 2119
5676 175
513 1408
2588 467
3995 6080
4423 2600
5577 1701
6060 6168
243 5391
3958 0
5791 663
951 4827
2175 3758
935 3857
139 3481
4665 2306
2267 3980
748 1576
6434 5024
5344 6205
3316 6133
1399 5705
2629 2511
1065 3963
3782 1583
5305 2410
6261 1659
803 489
3822 3917
3894 2350
2367 217
1364 517
1341 375
6084 1494
2422 5849
5449 6023
3565 3796
6335 4108
5168 3071
2933 1418
1985 4619
5263 207
1654 4665
4526 3781
4683 6131
5695 6145
6327 1248
4209 4255
619 1288
2258 2325
3117 5425
5803 700
4913 988
4087 537
5793 2736
5646 2498
1536 3843
1519 5907
3910 747
2478 3412
5259 5660
461 4488
5363 2542
1576 5611
1701 3576
1439 3466
5517 3045
4317 1177
2432 6454
2667 4312
2094 3979
5159 1017
3857 3643
2848 2956
3475 5
3454 5685
4592 3791
3451 1036
4171 6325
462 1682
1295 237
4199 2744
3478 3580
599 1086
3682 4503
2049 5015
5842 4327
4569 4604
1804 1218
4368 5965
347 4220
5427 1008
5318 6069
6364 6030
4311 3435
409 2964
852 1766
5208 4618
3491 6204
3362 4281
4759 3638
1515 3509
5421 1164
4767 130
1224 4536
1061 3618
4405 5739
105 5787
304 2300
3276 4096
3705 5471
5694 5272
2067 6498
4979 3723
2869 1451
6285 469
3523 4127
4107 1616
2731 5945
6435 5119
5032 3335
2161 2803
3609 2189
74 3199
2132 3232
1753 1828
6165 3919
1631 2048
5898 1113
4807 3541
3619 3795
5879 729
1723 2740
2913 4989
5443 6353
3745 5292
1863 3563
3181 2116
5670 859
6121 4493
2515 6221
5411 3769
3524 3637
1952 4402
2741 3549
563 253
2912 2869
2484 14
6177 4640
4956 2717
5337 3495
2713 4309
2822 3872
1280 4141
4567 5749
2037 3044
1792 5763
5101 3911
3879 5367
5369 4645
6291 3450
4843 4791
1415 5681
1046 674
2690 2639
2882 4270
1321 4353
3871 1736
6198 5236
5542 1550
273 1353
12 4717
3750 5633
5002 6341
3618 1410
3360 3567
6093 743
2574 5234
358 1928
4052 403
937 5635
240 3069
5334 5616
4437 5017
2946 4131
556 2859
5511 5614
755 2329
137 1189
6305 5332
226 2934
3261 3104
4904 3051
6143 2889
1463 550
6265 596
1195 5230
2224 4758
3352 5861
5123 2896
3118 466
3728 5489
4708 2126
3390 29
3312 4921
6498 1529
5355 2827
647 907
2795 4506
436 1441
541 3417
5372 3672
1758 1819
295 112
1575 2317
4175 3041
1751 4435
2081 3363
5642 4555
1485 5674
5914 2349
1272 5777
5637 2495
3375 5398
3060 5826
3971 3
1895 6150
2951 4598
3626 5608
3041 1615
1537 201
4315 1918
262 2342
6282 4835
4948 4800
4476 924
1783 5696
1343 5290
6381 6317
700 1593
3006 355
3916 5558
2382 2668
5534 6119
5084 4722
5321 5761
5890 5438
1763 932
1450 2698
1806 326
6157 5864
5183 1536
4469 4138
1755 2390
4400 1172
1740 5160
6159 922
822 1878
3418 1546
5433 826
4500 1088
933 5879
2638 504
4396 777
3785 1001
5671 2556
4257 2946
1180 1800
6162 4525
5455 3962
5972 998
338 2031
90 4418
1036 56
3380 6301
6082 6264
4136 4500
2591 5079
4236 3622
3452 2392
3974 2257
3621 978
3828 6180
1152 5721
2519 4543
4549 1715
1007 3788
4383 5958
3239 1885
6220 4671
4764 557
1867 1723
703 1426
3873 1696
2004 4775
5866 673
2142 4621
1279 5417
1756 4137
23 4866
2785 2972
3604 1981
5751 4260
3110 1420
2043 3267
6489 5846
1223 5427
433 1619
4092 643
133 5741
3038 2274
2290 3515
343 387
4131 3416
4432 5216
4589 4666
2693 2908
5023 1169
4421 320
5025 5824
6034 3977
4631 331
4803 3452
4452 688
2923 2090
2187 5752
3271 4916
597 115
1845 3118
1731 2376
3288 740
5966 3442
85 1458
4302 1794
4334 884
3832 5184
3640 4819
4556 3543
1581 3577
4023 1869
3173 307
3572 1522
2299 5512
687 3186
2361 229
5383 3701
5645 5757
952 588
1531 4732
1887 3344
4206 4078
2592 2768
3647 5495
528 1434
1538 1796
1878 1339
2453 3022
596 2258
3050 6497
5801 5490
1228 5413
2914 5736
2047 447
4240 2575
4588 728
5392 1273
606 3561
1308 2206
2112 3566
3204 6426
3634 950
263 4521
2270 6496
5027 5424
1289 340
2698 2794
4408 5208
2956 5513
5210 2010
386 2101
727 1679
3796 3525
1742 735
334 5568
20 193
2567 2677
2106 3611
5565 5151
5178 1748
5325 4697
6297 1240
4286 5455
4816 1504
3465 3201
2148 3513
4238 4126
2549 6400
1115 3748
4756 3139
874 3342
1351 5210
673 3227
4038 2836
479 742
1306 3967
4630 4905
2139 6050
5089 262
4643 751
5402 2604
6347 5598
1629 3078
4678 2465
3744 1457
2291 4813
1410 30
4397 3033
793 168
3269 4796
3752 4014
1702 2384
1995 1472
5852 6345
3171 1429
2818 4177
5368 3006
6059 3700
233 2272
4489 6246
2492 3675
1908 2773
3711 5867
3052 6279
1318 5688
775 6453
3935 1415
3534 6102
2723 731
3303 3655
1774 1775
4898 3382
2826 3941
5698 5390
184 583
5278 6342
1577 2864
6424 817
3088 2593
2341 3647
4070 6302
5054 42
30 5026
6449 3898
1461 5569
3004 3258
4347 5440
2769 3468
667 1697
5819 827
4541 6292
3317 4350
4204 3771
4014 3086
4465 1812
931 5242
11 1093
4725 1303
2080 4416
3885 1954
5754 5407
4682 75
3296 4148
1869 2262
1264 945
2695 587
5164 3969
4219 5641
5742 6366
248 2651
1738 5878
804 2464
4296 4244
2736 2524
650 5852
4090 4615
154 4449
398 879
2653 4904
6398 2297
4349 2401
608 3722
787 2947
2979 1934
1027 3860
6189 4256
2774 5982
5878 1687
4992 3415
4577 2885
5166 3813
716 2518
2176 3294
1916 2911
438 195
4403 2179
1435 3004
2635 1327
4648 531
833 3600
4299 5992
539 3148
3587 4116
1243 2509
544 2100
5784 1075
3598 6336
926 931
4371 2757
666 4413
4166 3301
3155 5723
2578 1761
5562 6077
2350 1186
4453 4102
3689 5110
628 6084
5152 4344
3126 3838
4218 3274
1134 1875
6004 961
3351 3947
5536 1254
3359 976
5205 1938
4905 106
3345 2459
1059 5518
333 3426
491 6021
620 4674
979 4936
1529 3092
1645 5019
4819 2502
1651 396
582 250
5189 5057
67 1777
2926 4228
4887 683
5236 4526
798 1178
463 5727
6099 2290
5574 800
6401 5287
4790 1052
3432 6060
1905 4229
2524 1851
5810 103
5991 1054
1100 2320
5014 3882
4169 4799
5044 2953
989 5327
3880 5155
1369 304
1215 4982
1643 1719
3737 6477
5176 3697
1781 2130
1545 892
971 388
5093 5053
3284 2884
5743 2989
6105 5050
5950 5796
4445 3683
4436 1120
2269 4371
3593 3066
17 905
969 1863
3904 4007
4818 6116
4616 2685
1657 2926
4102 6339
4950 1807
5677 3034
1314 4398
5398 181
47 382
1416 1489
4130 844
443 3345
5583 32
5968 3922
2189 5456
6316 967
2280 4664
2875 4323
4773 1704
3172 4745
2404 5446
6253 788
3217 3671
3696 5144
1054 3826
2584 5039
6200 2585
435 1803
5426 3957
5498 312
1965 5328
6400 2571
590 6079
1520 4283
6027 823
10 1450
1363 6172
4498 640
3100 1804
431 2095
4945 98
1035 4988
1120 4622
2509 2149
5147 84
104 4652
351 5913
5010 1104
4758 2967
2984 5416
5226 1826
5782 539
1407 3192
5076 2814
1746 5474
236 274
1405 433
4794 1515
2456 3460
3003 2937
5786 2551
1948 704
2093 6381
5405 1572
637 608
6357 4164
2169 4279
4991 868
117 2352
956 2326
3267 1297
2184 6224
5857 4825
1591 1091
3384 5346
5170 3779
2092 1809
2322 507
4474 4777
934 5637
1082 5247
5047 767
46 251
3427 1905
1456 5585
2082 3331
5872 4278
3368 1782
99 2715
5937 5194
3555 3521
2514 3951
4722 5854
1526 3336
2394 2264
4611 5271
3500 3387
5696 422
849 6384
1943 4437
2340 3330
4538 4246
2548 2709
1202 279
2944 3463
5000 2170
3673 5504
4954 301
5599 1372
1562 6208
1367 1398
6336 5900
4495 2190
2770 877
352 4648
1262 6167
4844 3524
6473 3669
1940 1042
1378 692
503 2082
4635 5482
2109 269
3915 3891
1973 528
6310 6427
2248 4441
2053 4918
1031 4277
2699 3749
5757 4235
845 4346
964 2724
6330 3314
1379 2829
4382 2752
4606 564
6047 1854
4294 2592
2888 2652
4116 837
3109 3837
1121 786
4714 4953
2482 3636
5802 1624
1566 3158
4636 1045
267 6330
2825 232
1039 4541
2102 4970
6167 6139
759 2754
3754 5856
4233 4957
2842 1326
4548 1832
4902 2862
4254 3206
5559 4395
4675 2012
4034 2138
6329 3991
5300 3093
5288 6373
357 1181
5549 4894
4755 606
3393 994
5903 770
136 6356
3434 677
6471 1440
3840 755
291 1731
4986 5493
1380 1060
3009 1357
5385 3927
2089 966
4982 5794
6320 3854
1250 5090
5537 3167
2622 1159
3543 503
908 4937
182 6122
2101 2106
4555 451
4781 6041
617 4844
1897 5016
1073 2679
4193 1023
1297 3949
2705 3017
2096 4052
4146 4515
6476 5296
365 4275
2213 3696
715 5841
5710 5529
4534 769
353 3569
818 6227
1438 6390
165 4638
1707 5259
1041 5939
3064 3161
2467 5092
5207 1909
624 415
4341 5048
5777 2198
3340 679
2810 3815
1982 4318
4761 1525
2821 21
5715 2148
2902 959
3852 6421
692 3516
6066 2729
2623 192
5120 686
326 6256
4918 3472
1217 4712
1726 2894
5124 3019
584 3645
875 5003
1879 2559
4558 1530
4039 6177
4353 2449
1568 6228
6385 3297
3392 2880
383 4976
2010 3596
4117 633
4424 3181
413 6089
125 6018
5257 5040
4110 4407
5594 4470
3496 3916
6444 2650
2020 3020
735 3371
3193 2071
1286 2256
5098 4861
2837 2738
682 1900
1292 2087
5162 1708
3809 5673
2064 2096
4497 3588
4069 1150
5267 4696
6355 4857
3827 1087
2719 204
2044 4925
5069 5600
4988 2236
2180 5001
4550 1509
5062 2276
1633 5244
1168 460
4118 330
3417 1562
234 6401
4088 2627
3191 5284
3096 432
5110 4991
1618 3855
5480 2631
1656 1495
6419 982
1891 3920
3613 5382
320 821
1462 3252
3325 4544
5737 4576
773 1674
4796 414
1876 5551
5649 2318
3928 2583
1667 3305
380 1365
86 6211
2479 1341
976 4487
4872 146
1603 82
776 744
5962 261
593 337
1998 3895
2707 6316
4338 494
1360 1152
1842 2460
6404 5521
960 5447
5469 5552
817 6095
5770 4646
1744 1634
4067 6194
3471 4055
1162 6007
5371 1752
524 3937
713 4101
4721 575
4990 4673
975 2141
3430 2552
3037 3868
2135 6024
3264 1551
552 3168
4481 6173
1048 5071
4352 3624
6293 4896
2259 3352
995 1941
2116 360
904 5337
5041 5889
4562 730
5364 521
6015 5076
3058 4843
3395 5045
4278 100
3989 2143
5486 2849
2410 4529
896 4031
1793 5378
1390 1917
4929 3012
2764 809
4624 2078
4535 4133
3065 4570
2029 785
4593 1959
5228 4208
4619 5735
3862 2132
4076 4174
4010 4238
3865 5366
3348 1364
2527 4887
1023 3639
789 1666
709 4908
3203 69
3668 2832
198 3943
523 4699
3577 5795
3535 4331
5478 6091
3932 2725
2610 3589
660 4151
1495 3987
6216 2611
2948 6250
645 5591
838 3881
2336 1250
1050 3264
3652 4507
176 1575
2374 6016
984 2598
4426 4186
4083 1208
6308 4789
2553 6165
622 843
1827 1754
313 4749
5356 1779
522 4252
3157 4780
1630 506
6371 957
3671 533
5566 6484
5969 4832
5617 5312
3370 3766
4733 5501
132 4136
4122 2299
4676 2393
2390 6132
3431 5695
1917 2586
6488 1747
4667 5666
5198 1351
1357 5967
6262 1660
4566 664
2131 1356
2076 1678
5466 4348
2845 5942
4366 4392
807 140
1245 4628
4516 6003
4054 6300
3722 4093
4158 3926
440 1733
4850 3542
2024 5197
572 4716
3081 5905
604 1153
3733 2875
3048 5549
2406 3308
4646 661
1662 2951
3119 2755
2739 2622
5389 3698
3162 3555
4211 3453
76 4746
2003 1786
3725 5198
1639 498
1383 280
115 4762
194 421
504 3165
4089 1676
5135 5658
5598 5384
4303 4731
6411 2437
825 586
5922 36
2386 4885
6427 3189
890 222
3224 872
3551 3059
3049 6013
2788 2797
3554 2029
4960 4997
3812 5278
6055 2892
258 1692
5605 3912
6209 508
1305 2478
4438 4743
4223 4750
2365 789
2658 649
614 39
3588 2456
4247 2720
1199 541
708 1867
164 6108
730 5349
1809 2842
5031 6195
4361 4182
859 2147
4996 4336
3888 6002
1821 6241
4291 3137
1921 2184
1092 1899
1133 5224
2173 6098
4035 1820
6482 5904
5262 4871
119 5436
1317 2852
4917 5035
1401 4390
4216 1047
1256 2357
4414 4686
746 6263
507 6488
3080 1406
2115 977
5021 1770
5114 841
968 4357
1941 3368
2345 4297
516 2496
5115 3410
917 5607
1313 795
965 318
600 4588
4544 4859
737 213
4183 2296
5201 3439
4801 4804
113 327
4345 4575
1787 4181
4160 5909
3220 5662
4001 150
5362 1082
2105 4223
6496 6114
6487 6328
3560 3504
5419 5563
6128 703
576 1344
3215 3456
1098 3851
3268 5576
5367 1107
4517 4019
997 4207
1107 3893
189 1481
3128 5462
2454 339
1006 4934
141 1507
6354 5883
2306 908
25 5540
3702 3278
1490 4189
5081 3388
4741 4773
2708 1816
3292 2515
4998 45
6202 450
4769 347
6264 5078
5568 5742
938 4650
2346 1767
5037 5009
4730 5912
5141 4389
3783 5803
3137 5187
4914 3099
3282 1606
2330 3503
4486 5174
3321 2623
3054 951
5484 4951
4828 6229
4276 927
2662 4694
5063 2510
2602 4408
5320 161
5942 3235
4570 3532
4686 3610
2231 1200
5916 308
5799 2466
2034 401
4336 6065
2202 5779
6244 4532
2086 2312
3602 2475
4706 3703
6222 319
3831 309
4480 2954
4045 5120
2689 1791
4273 3025
4946 2969
5584 5158
6468 2636
663 3220
2900 1251
2487 2924
3218 4397
1540 5251
307 5631
2806 4562
6083 4125
6040 762
3940 2718
5336 1574
2981 5021
6477 3540
4367 3256
1011 351
5154 3659
4591 2193
3756 5884
707 3741
3328 6117
6023 4919
4262 3292
174 5341
1682 3861
6107 5500
4651 4873
5734 4065
5709 6169
2539 5655
1836 3901
2256 5011
744 1194
2813 5104
927 6188
1988 5375
573 1079
2087 424
6039 4106
4056 4865
451 265
501 1555
3016 853
2457 4239
1641 3848
2302 2950
4048 549
2441 2855
3063 2163
3544 3203
5685 2684
4011 3972
2557 3441
3245 2451
4863 1986
6146 3694
5936 3329
2370 31
5971 1773
4328 2216
2368 4771
4392 2877
1831 3367
3356 1564
2070 5572
3397 3602
4832 1728
5317 4972
525 314
2421 4862
5144 4169
4337 3298
2297 6261
3258 5830
4390 23
134 2294
4919 2166
5863 5683
4965 2843
4133 4289
3072 6196
2263 4586
5420 5714
2236 4426
6061 4209
426 2003
6430 1653
1470 5579
860 5392
5578 2703
5322 5606
3651 4566
5652 5617
27 12
403 3734
3290 5319
3444 4083
521 1601
4969 1127
4622 5840
126 3146
1767 733
6306 5182
6218 903
2328 2305
3820 3245
3791 1270
3755 3944
1785 5177
1197 5350
4003 5599
6382 361
329 4004
5686 5618
734 2046
5588 2870
2182 2619
5087 1071
3838 6044
1518 2217
87 1533
238 3829
863 5689
5614 1949
4785 4227
2172 5548
6090 2228
3121 4729
3510 5429
2058 4608
5756 5491
1142 3997
2919 861
6470 4173
5036 693
206 2695
704 6047
1078 5070
4275 2633
2048 4596
2247 2259
1900 2055
4899 672
314 256
3665 4546
2108 5140
2804 3112
1087 3582
186 348
3456 706
5656 722
160 1290
5058 2642
812 4120
2110 5565
3413 4050
865 2169
1627 4715
603 6143
1290 1623
1021 3707
6295 4601
3156 4659
2357 2340
5761 4086
34 5097
4288 5612
3829 4609
5202 436
1135 1284
5622 3752
5487 5876
1844 914
3694 4606
5185 2235
2075 5663
2969 1453
3483 68
5732 2578
2397 725
1928 6375
5497 1430
6263 1760
2309 1128
5240 3836
1498 1872
5125 1632
2896 425
1309 2011
5464 4993
2238 2901
5681 3396
2975 3585
4410 454
2860 2175
1512 2188
1620 3974
2525 5449
2887 687
1511 3003
6438 4644
2759 5573
1281 619
575 2375
3159 5344
5003 1140
2752 5025
2660 2745
350 2291
5548 1132
3582 1389
2991 5589
1344 929
1126 6344
5388 4973
5439 3790
4958 4516
1909 4077
3450 1698
2989 199
722 1129
3956 2062
78 2663
1883 2374
5529 1631
6426 709
404 2271
2927 2227
1398 6388
3304 4564
1374 560
2358 363
1681 6156
2217 5991
3924 2734
499 1524
3213 4434
220 5773
4656 5229
1254 1226
2337 2772
662 66
3338 5379
4707 5581
2015 1870
5828 1160
4141 5754
4590 3379
1697 2488
643 4768
2732 1781
5679 4589
3845 4124
1848 5291
2424 893
1650 5983
3272 3454
757 3237
1015 1269
3991 2442
1925 1532
1935 3830
2762 1046
2721 2890
5714 1121
2446 3249
3320 2656
1147 6254
1721 5422
2794 6236
1018 5975
2393 4809
6447 2007
4845 67
5338 5791
2897 4382
5235 3993
5204 3370
3401 6226
5965 1258
191 238
2881 5473
2354 2881
2056 1644
4551 1718
2352 682
1607 1267
1396 163
227 2910
858 1236
3154 3271
1761 2753
6397 4
246 311
1504 2526
2748 4288
6100 3324
4723 6152
1312 1460
1669 3777
2874 745
6005 2536
1230 2480
5961 5911
5985 5408
4379 3090
4312 46
5699 2546
389 1969
678 3353
5540 2178
3686 2876
6127 5452
881 4798
4639 599
4192 2609
5074 2782
1980 558
4324 2263
337 248
6369 1834
2431 1175
364 4484
2420 6054
6148 4171
1246 5538
6370 4501
902 4537
797 1787
5245 157
4547 2898
2215 5874
5223 3632
1338 4790
2593 2182
6212 4170
4285 1282
3941 4956
3542 4463
278 582
1179 336
5264 5862
6375 62
4642 13
706 3275
1119 5397
1437 3421
6052 81
4810 5415
2315 3035
788 3877
4431 244
5787 4114
2464 418
5349 2564
5137 5953
739 4232
5234 3642
2415 3002
6223 5008
4271 3764
2579 3114
3230 6163
4181 4219
6067 2591
2250 4818
1058 1700
711 2654
5471 4465
2055 5073
3882 341
4170 869
3571 500
2545 5944
4201 4188
5907 153
3624 2610
1819 95
4241 2068
5284 5836
2237 3687
5417 3103
557 708
610 1436
2088 2522
801 1765
2986 5180
496 6308
4836 4393
5193 5746
4821 4213
2356 6397
3120 2528
4870 5150
5302 242
2637 2461
2847 4884
300 86
1716 6306
6152 2690
1165 400
26 3187
905 4383
5702 2940
1488 949
97 600
4740 6442
3586 2251
916 4092
73 6253
2720 72
4274 1499
5768 3445
621 5439
5118 2381
3811 6017
2032 5146
5604 2760
120 3492
6085 1133
2327 473
5150 1848
1325 2174
888 4478
5046 1138
3976 4577
2463 2770
476 670
5631 1925
3497 3393
602 3309
1394 4284
3323 759
3327 990
5767 293
4411 815
5722 145
885 2682
1600 3982
1624 3548
4672 5124
3648 1818
2008 4253
2687 5882
3786 2075
5996 1151
5500 2813
1736 2499
4847 4197
2212 3169
5230 2784
6081 4128
4747 3552
5735 3546
459 3651
6281 2941
3834 2142
3901 5445
1263 6481
1496 6379
4306 6113
1782 4375
5998 6409
5902 2234
6383 3265
4698 511
475 2921
1177 1995
225 1568
3847 4684
4031 3243
6490 5118
3854 1633
5097 3975
3637 1215
2360 1275
972 448
791 6456
2114 194
2550 5480
106 1670
2832 1266
5390 3407
1773 5047
4250 5302
1919 666
3012 696
1964 1571
1207 1915
1403 99
4800 963
4702 4329
1992 1462
5780 2811
5515 2942
1699 3935
5935 1655
3992 6299
4911 4517
5161 1976
2317 4574
5836 2920
3286 2959
2819 3040
6131 2471
2412 1830
161 1449
1653 6260
2120 90
2057 6416
2947 5610
145 3233
1127 3824
3070 1471
4326 4391
5528 6081
102 4518
6386 1746
2835 4663
4374 480
1622 378
1160 4291
2475 3942
5601 5805
4234 3753
1937 3973
676 5264
1138 621
3954 3154
4947 904
4829 4858
6014 4734
4243 4215
4652 129
5772 3586
4359 4611
4825 5609
4212 4914
3466 15
5435 4520
821 187
2833 3946
1676 5671
3086 1119
1166 395
4681 3823
2419 631
4213 1677
3875 4038
2751 5430
2179 2099
1123 2747
3672 1212
1971 3052
1748 4508
4744 1299
3666 3814
1112 3654
5759 3073
3132 200
6195 6280
401 5342
2261 2983
3684 3193
2816 1118
5973 878
6269 2280
5913 4099
5864 2135
1616 501
2208 1057
1144 1889
795 3362
5280 4029
2742 4032
6187 2912
669 3620
5516 486
5329 3617
61 4184
4220 5594
2417 4205
140 818
2294 5918
3650 790
3719 1936
4418 2039
3949 896
286 1094
1762 779
1546 1105
3029 353
4658 2879
1722 4840
2268 6181
2378 1539
4925 3005
1252 1996
1588 617
3353 614
5474 4607
4786 3727
3233 1401
4862 1306
2402 1836
324 3391
4989 5829
3896 4379
1236 1100
5375 776
770 1264
731 6343
6396 5503
2323 4965
2614 3849
4793 1907
5988 4145
1392 4230
2626 4902
5643 1459
5222 2914
5501 3285
5781 5107
5425 974
4260 2427
5083 4678
3209 556
4280 616
3062 624
4249 3000
6048 2944
3732 623
4145 4262
928 3357
814 2712
3336 1968
1484 512
3469 1072
2582 2795
5149 852
1777 6123
2701 5254
208 1010
6020 566
1079 5957
5064 1433
3124 2765
5359 836
5807 1862
2009 3959
2711 1518
256 4941
2403 3810
4770 5214
3997 3255
5133 4806
3603 2952
3082 1334
5725 1325
5220 2424
309 22
1743 1257
641 1596
1158 6035
2435 313
5990 2533
5196 4947
376 4633
6250 1543
3955 5461
5745 1913
4883 5838
4977 5027
799 6378
6232 4360
718 4287
1910 117
1117 830
5357 3505
5304 5102
4057 47
3354 4683
3909 2397
2321 1015
5882 364
2677 2507
4852 1012
5978 2713
1209 3038
3514 3385
3998 1445
2298 6431
3433 3523
1169 6052
3704 4540
1081 2776
2829 4681
6207 2045
3480 5767
774 3119
592 5499
930 3787
1110 3592
1976 3742
3013 2700
1741 1865
3486 2328
2033 1567
2118 4690
3424 3537
3996 839
4530 1545
378 1309
4791 3074
6064 4842
188 3067
1109 605
3355 5306
280 1829
6038 2356
5299 252
3447 1808
3123 6291
1963 717
4820 102
6254 2398
824 534
672 3874
3299 2820
4269 2973
2040 1446
780 349
6252 6056
4462 4721
3097 4560
5531 5511
1311 2786
4124 6147
5853 5541
1611 4269
7 4542
3223 366
3108 2688
5134 166
3506 2825
3764 5389
6193 4446
6331 2418
1745 5547
441 2727
340 2311
2511 4242
1219 1097
4578 4643
3777 6247
5846 2129
1637 1350
1093 6298
2251 4241
3130 483
5875 3981
2146 6014
200 505
3631 2102
2521 3136
5945 4938
5146 3207
5297 3384
561 386
3188 5250
5946 781
0 4419
1331 1895
2640 4691
3599 669
2130 2778
3094 2049
1083 2603
1030 6109
4094 4637
5700 2549
3638 2758
6078 6372
4282 6277
6352 1230
4663 2960
3813 4486
5219 3244
4903 5082
3761 3531
2253 4870
769 5786
1298 1699
467 5914
5370 4660
5312 1392
1660 1888
290 3719
32 368
5963 2802
321 1329
1865 3013
3623 6479
2005 845
4680 1628
3262 6248
294 851
2619 4330
5729 471
5172 757
1779 5865
942 2220
1896 5442
2925 894
5653 3432
1873 898
5854 3864
6418 6347
1420 4568
1800 4548
6450 1732
1140 6269
4528 2579
4477 814
5835 142
5843 2985
1029 3556
269 6491
2587 3711
478 1922
1694 1067
943 6251
2974 1946
5831 3098
6356 2468
3322 26
218 4250
5789 5308
3970 6434
129 2067
2772 440
6406 1579
3819 632
2586 4795
4132 5358
5785 6111
3405 5946
421 6138
5948 5130
1663 4266
2364 838
2276 548
4457 344
1733 315
5546 1988
3763 4630
3481 6051
1647 3879
1501 1317
4387 6234
3077 4294
223 2363
5424 5738
5989 6074
3125 5724
3501 3134
209 2799
5707 3876
705 4623
5970 5832
1391 2341
4053 5508
149 4741
239 5833
100 5819
316 2422
419 3068
4575 5324
6226 4867
1882 3763
3053 5060
559 3953
4597 1029
5773 1984
2380 2433
2181 3133
5335 5395
1854 5972
4974 3689
1216 3945
2459 3737
6175 4949
344 2572
2439 76
1371 6252
5238 1252
2704 5851
6486 2928
5939 620
6135 4001
3371 2447
6017 4459
1099 2400
3346 3635
4197 536
2091 2225
6442 6192
2271 3593
323 2987
3793 5138
5535 89
6413 5780
2122 297
31 5676
2443 551
2488 227
4049 1021
4439 5063
6124 3663
1428 3554
4030 4620
2983 1442
6150 6430
2817 995
2710 4143
6042 3928
4571 3535
9 2534
410 4642
3314 2125
4055 40
453 2396
2362 124
4153 5149
4344 5753
2943 6402
4047 3130
5387 1590
1322 1771
3661 5165
4173 1693
898 4373
3680 2186
3746 6086
790 3304
53 6220
4225 5105
487 3339
3690 5261
784 999
2878 2255
5296 1239
4242 267
4029 1972
2216 4627
5532 2428
5055 602
1171 302
3232 6182
6249 4333
3022 637
268 4387
4684 6042
4484 4999
60 2699
2281 3307
6026 2512
3505 1750
3727 1183
2604 5731
4012 2543
1287 2903
1790 1149
500 3931
2461 6151
1460 154
2908 698
3234 2402
6439 765
5982 2606
3943 2240
425 1558
5690 750
3714 2196
901 555
1386 3024
6454 1661
5660 3260
3576 5782
2157 5432
3741 4801
3945 518
5669 5597
4261 5734
6186 273
4612 5804
2937 1613
4874 2426
3757 2289
6044 3325
169 591
2234 1168
4511 5595
5876 5790
3275 3062
1578 3984
6493 1192
948 5330
2883 1291
1961 1352
5525 5525
3464 4802
3701 2993
3490 4552
1979 1144
21 5935
1192 4940
5911 4701
2608 2253
2220 1884
2936 824
3422 4539
3196 2824
729 2019
3538 2165
2992 3559
3256 442
405 2739
6106 5873
1172 1891
3529 920
638 1102
4739 6355
2886 4693
5131 4057
2223 3251
3457 1973
2408 335
5404 1552
598 2298
5624 6410
4536 1463
5490 1673
2865 3520
648 1592
5596 5924
5811 2508
2606 1645
69 2335
2399 4276
5413 4130
72 4907
204 1287
3726 4945
6278 470
6333 639
1524 652
4696 662
1918 3238
3151 3964
5067 2759
6096 5314
4502 52
3579 4385
4231 3890
5241 4328
39 3547
6272 4442
6095 2231
2966 3960
4692 4737
4264 2056
5018 1783
3498 5371
2195 5534
4508 2042
5227 4302
4634 2033
920 4317
5048 4431
3794 3983
2469 513
5526 5233
6153 4423
5393 2746
779 4051
1157 3747
1725 2282
13 3223
5049 3644
1579 684
4221 6110
1022 771
4190 4971
6109 1707
3628 4037
6117 4310
1626 5483
4065 225
2961 2833
4668 2203
2230 3483
5206 2697
4032 6186
241 4483
3839 3590
1094 5221
4188 4247
1977 134
381 5253
1257 4378
2867 310
4459 3571
281 4006
6289 2440
3295 2970
1749 6351
4993 1195
5437 5412
4196 1404
2197 833
1387 4834
4587 5423
4880 3775
6022 2977
893 1511
4232 1923
3385 3691
3636 4240
6403 4409
4543 595
1635 6348
4859 4292
1267 1399
37 5762
6466 203
4155 5222
4742 254
848 5294
1688 4091
6448 3839
4826 954
3675 6364
4728 3757
5382 6441
2920 992
5071 477
2898 1788
6480 1279
5136 4458
4849 2830
4329 2139
529 2837
4861 1115
2581 5273
360 5845
5654 5228
1924 6420
4944 5478
1750 6395
4601 4807
3059 2091
1981 5812
4222 6327
2563 1136
5981 4833
6056 2961
649 288
1953 5553
6141 5309
4620 6239
5465 3197
5716 1009
4705 2336
4949 5716
6037 3626
3687 3744
418 4817
502 6124
6350 538
3150 3202
394 2070
5826 2323
4467 1205
6079 2283
781 3473
5951 394
1675 1176
1510 5769
1695 2310
5975 5973
1811 6164
954 4892
3688 2319
4187 2711
2185 5997
1141 247
3800 2021
4415 3871
4822 6295
481 1126
2383 6206
5704 2608
5820 2050
1665 3234
4718 1237
4999 5435
5475 3812
5873 6136
5798 1831
4896 4225
1296 3845
4888 4584
5845 2741
3758 3100
1404 3800
5330 520
1617 328
1348 936
1801 5615
2012 4012
3738 4025
135 6350
454 1490
867 1131
6091 5596
4293 257
4176 578
6323 613
2232 2658
2738 3630
6367 5960
4811 3999
1903 4020
4961 5321
914 523
618 3709
131 3127
5233 1757
3402 1643
2782 6
1710 5629
2696 133
4875 715
4891 856
1260 1585
3917 1209
1696 4794
2962 385
79 2907
5662 453
3102 3263
1153 4322
569 2016
2019 862
4246 4864
5680 464
2523 4767
3537 2123
2552 4272
958 3175
4644 1600
3161 5348
228 702
2595 889
1881 4527
564 2403
5554 1756
3216 3266
2379 2582
586 276
5423 2114
1255 2152
761 6034
3263 2293
657 4875
4000 1859
947 5684
156 3229
1475 1099
1136 1898
1038 270
4290 2446
612 292
5361 4631
6035 3476
1247 271
1580 240
3460 6022
3553 3048
5924 2389
531 1223
2634 1158
2907 6267
517 4073
5017 2230
1069 553
5445 1156
4694 5161
6258 1084
1432 198
4354 2634
6229 4898
3860 5176
5930 3334
1835 4080
1349 638
57 952
4973 4156
6057 4087
3289 5420
3493 3529
5590 3806
802 5018
4468 223
3278 4531
4455 2111
4490 1879
155 4748
3765 3210
2433 1977
4363 3793
1086 5096
5167 4359
3131 5582
732 727
5401 2521
5399 5190
2127 6458
5122 3880
3556 5153
142 4534
4005 2379
4533 4978
4152 4109
5229 1838
655 2675
6139 2094
3984 525
489 5807
1000 5743
665 1378
763 2781
2866 6178
4256 3030
1539 2134
3260 2388
5127 675
1930 1519
3825 1003
2018 2187
4563 2321
3034 2580
4564 5109
1678 2431
127 5451
2349 2034
3620 2809
157 5709
460 2474
275 840
2922 1
3944 4455
1189 3438
4007 1780
3807 1531
6097 1951
4598 2435
2963 5964
5061 233
3520 3607
2437 1479
5927 5002
1358 2769
2513 1246
5286 2243
5066 3765
3324 1390
5108 880
1377 2599
1584 4848
978 2766
4779 4954
857 1374
813 1206
1205 5930
1673 4495
1080 1680
5611 6233
2413 3196
1525 2105
4456 1849
6087 1187
6417 179
6240 5108
2644 4996
4738 5059
5834 4100
2600 1261
4981 5987
1426 1894
397 5301
3522 2261
6125 2860
1016 2980
4772 120
354 3750
470 1669
4433 4429
6054 1488
5555 3208
5016 5326
202 2867
6224 5651
4134 5814
3061 392
3585 4298
3562 4444
4503 2537
3790 303
3306 2063
1370 352
5035 3538
1019 4528
1853 1762
43 4042
4633 1974
3787 3111
2149 119
3051 5099
490 568
5672 5797
5441 5205
6319 2673
6008 3704
2790 224
5910 4471
5174 2052
374 4881
5527 6490
3104 2923
940 4448
3815 6071
2618 3574
6467 5343
407 4952
518 4263
631 4337
5618 2008
296 6160
6132 3414
4086 3782
29 1322
4077 5313
2740 3778
1671 1496
5158 4056
6077 3269
6255 4290
5620 4139
5533 4421
6119 5827
2072 3171
5895 5619
2952 3631
4507 5672
6231 3008
2750 4026
4148 2057
4922 1607
5541 3053
5881 5352
1068 321
3968 4668
5461 156
4928 3884
2773 4747
3844 3995
1547 1598
1868 629
276 2841
4470 2436
5459 5700
429 5304
5341 3539
5422 5659
4935 4388
2440 5980
2155 5732
4926 2301
6045 825
3610 529
1679 2054
4560 2154
2910 2443
5639 5985
2137 5515
4026 4415
1234 5360
4412 1960
6284 5646
6238 1431
5899 275
1037 3507
5493 5279
2059 5842
2776 2694
199 3224
2222 723
4179 2151
4281 695
442 6009
3133 2492
5731 3102
1445 1376
4697 1055
4458 2158
2414 5919
5209 2550
4963 1740
370 3661
2111 5405
6432 2570
2663 4224
1388 1622
900 2454
2174 5157
3590 6207
3331 1385
2045 773
1155 472
1218 3364
4614 5729
6256 1856
4073 390
138 4343
5416 2489
992 3241
4186 6040
4037 2160
1346 5648
235 4759
5957 2044
826 5625
921 1454
3499 4144
883 4854
4428 3178
2775 5441
4504 2267
2385 4366
1446 6376
1330 1595
5289 746
3978 1134
4713 3658
5887 1541
1240 4624
1400 4962
5771 5520
2095 5712
4 3383
4626 4944
1714 2286
1535 3842
1960 1772
5340 5522
3387 792
6239 3733
1347 2470
1433 6407
2147 969
1592 2516
2389 4380
2194 1202
466 1797
1680 1608
2892 379
4013 1346
5377 1455
5626 4204
2675 2806
5410 1428
2310 3458
3192 1033
5197 6153
4098 752
2681 3403
3518 2971
2903 5584
1051 6411
2449 1903
1803 6272
3093 5393
1248 1932
6322 27
2154 1435
591 1769
4540 1727
601 4803
3174 3054
2985 1755
93 3293
3948 6393
6380 1833
1291 1823
4840 3135
6300 2004
3950 3493
5859 6137
302 5209
2190 5974
4980 1926
3699 891
2262 1114
5717 1764
6174 3783
4376 6483
6163 6058
5237 3401
5703 3155
2611 137
2371 6370
2778 1667
570 6464
346 1860
1890 3786
6431 2902
6349 4401
5252 2162
6069 282
1469 2204
121 3533
1734 5475
5738 4641
5050 3302
3404 1007
990 1729
4214 784
4609 325
6011 5372
3329 6031
5139 4917
4279 236
5896 5351
4103 5431
1507 3072
377 1587
2777 4243
4666 1602
2207 1597
6315 4738
3266 5316
2727 5808
5613 3621
5926 5950
3178 3413
1184 4034
6455 439
3821 656
6324 4043
5958 3064
2430 2648
3561 2014
2506 2194
2760 1671
5140 1527
415 5103
5956 1161
6462 55
3293 962
2016 3366
3214 802
2384 1005
2159 2979
4823 6184
4882 1247
6205 1232
5145 357
5897 113
4295 231
1056 2035
1451 5012
5358 411
5212 5315
2143 2974
5053 6262
6346 3665
1493 1742
3412 2683
5494 4582
1974 1170
2428 3170
5524 1466
4078 3640
5415 1586
3539 5921
3315 1617
3856 7
809 491
4827 4015
6423 1484
5483 2036
1857 5770
3074 1497
5941 1305
230 1570
941 685
1760 87
2797 5720
1597 2547
5689 594
2668 1843
379 6106
3893 2997
2359 1283
1186 3598
2203 2975
2862 6223
5586 4306
3153 607
981 3009
6215 6469
5931 2118
6089 4769
1856 342
1553 3900
2780 5300
5211 2405
3953 1638
4966 1260
1825 118
1198 2945
399 1310
4022 444
369 5745
3589 83
4618 3482
3445 4981
3415 4140
5980 1360
4580 5806
5175 5325
2508 6214
1327 4061
762 1492
5563 6359
3252 5502
1962 2918
613 3195
5655 5112
5028 1825
5977 1034
4068 2214
5832 5249
1668 5881
3143 5630
1674 5781
5282 2667
6112 6297
2577 842
2522 916
1499 4763
2226 5869
2655 5267
2304 4910
4348 4572
840 3096
6248 5888
1841 2835
3797 532
1187 5041
5755 6216
192 5227
5260 2865
2239 5536
108 4510
465 1225
1636 900
1024 5225
82 831
1128 281
6387 4692
1864 4713
297 1893
6422 4784
5628 427
548 2704
5428 3457
3611 372
5821 2140
4848 4079
6463 5686
690 5605
1720 5858
5730 167
3330 4016
4229 6422
2158 6099
1480 6202
50 4420
5728 3125
560 5133
5151 6036
2928 4499
4505 6331
1293 3300
310 1400
6021 798
5992 4210
1661 5470
785 316
1788 4160
5113 3553
474 3910
2466 6232
5042 3077
2911 5004
2254 5265
4050 5694
3114 4776
3693 2531
4386 4132
2650 2380
393 902
1124 2285
423 5934
1691 2462
1285 3522
829 5544
5908 1745
3391 3126
2078 3109
2065 4304
749 5956
2565 2080
2877 2195
1464 883
1640 317
691 6408
3253 5189
816 4129
3776 1417
5621 5010
1145 3122
4703 3376
4661 1285
447 1155
5092 1064
1489 437
3127 5255
2967 1789
36 1295
4177 159
2388 1721
2333 4966
289 3408
2489 3277
3448 720
1709 2481
962 1482
5394 4932
4625 2332
5482 4841
3988 2691
2628 3101
4440 6154
765 1815
4679 4667
4613 5293
3660 4053
3519 4793
6160 5740
1506 5800
5521 1642
3449 3173
786 953
4266 2871
5112 4593
497 5537
4151 753
5627 1058
1822 5006
4244 3903
1300 1443
2905 1730
1567 2368
5094 3510
2542 5152
742 854
1996 1656
5192 4386
6458 3268
4370 122
1066 1006
609 3117
1931 2491
2594 4805
3691 2538
2533 572
5128 5855
414 4265
5712 5567
3011 5947
4466 38
3212 5042
1802 1235
4727 4530
2872 3885
5040 516
1 6471
5456 6092
2165 1637
2398 4581
585 2666
6184 1116
3700 2787
1885 4720
118 3429
537 2957
1589 3913
4704 180
1269 2517
508 3394
4941 5464
1288 4714
5001 2810
4964 5127
3803 5220
384 3455
3692 3425
255 4897
4184 775
4448 2716
3005 209
1724 1542
4471 6439
751 680
2429 4084
3429 3115
2839 2504
3801 3323
4307 54
2339 561
3780 3089
3899 78
820 964
4137 3257
1942 4466
3091 761
3927 172
2999 1611
6270 2333
3967 6271
3190 268
2823 4831
2021 1051
1001 5269
434 1167
4506 4433
5666 2088
3374 6083
4125 5678
828 3773
950 2751
5444 4268
2030 1844
2743 5785
396 5940
1137 4199
2483 1639
4869 1112
54 2205
6166 171
88 2808
6414 1710
3015 678
5837 5362
3594 4461
2861 3491
783 1293
3622 2124
1366 5396
2717 4009
6443 2417
1459 6096
568 881
5186 563
3090 2414
6274 4314
5440 863
505 5979
251 5920
2401 4820
4695 6127
4085 3686
5438 6440
4416 5485
2831 5089
5434 3875
5746 6183
5806 1377
5243 1944
5557 5733
1354 6049
1700 1921
3864 3340
2669 4316
1261 4785
1967 1069
3655 1726
6314 3695
4409 5999
3918 3378
5107 370
2599 5559
270 705
2351 1817
871 933
2225 1785
6041 2391
197 1684
1173 1348
5309 3581
3740 3444
1342 4814
4099 4258
1181 2399
1561 3028
2376 6189
1395 2750
5995 2215
3649 1725
4046 6129
1590 4351
420 384
3716 912
4121 6242
991 184
699 1249
170 865
5290 2477
5451 2161
5508 5993
526 136
4729 5068
740 5859
237 4757
6086 3856
2050 2756
3115 6171
1719 6314
3712 3816
247 5531
756 2287
1304 3347
1870 3705
6016 5627
2643 3226
2311 1096
4885 3247
2277 5354
768 1547
1249 4943
3236 4933
349 1521
6456 2805
2714 413
514 4155
4406 3772
6304 2444
5057 3850
4473 1213
2728 5574
1089 3039
2612 6363
3056 2687
4292 487
2313 906
3163 2735
1406 4178
2069 6219
5921 5005
214 3037
1956 5192
2178 5701
1786 3427
2510 3281
2193 4000
6149 1173
2543 4653
5224 4039
1271 3827
3625 3014
5106 6466
2504 5875
1541 3792
2355 2006
3023 2145
2344 4340
5384 5036
3169 2061
627 5711
6221 2791
221 540
484 4146
3747 1056
1551 713
936 1277
2227 2812
2746 5460
2935 5479
3219 5670
1479 135
5592 3318
5522 2327
5886 3205
3900 6266
498 6338
3922 2009
1969 2425
5804 2878
3057 2051
4972 5178
3008 110
646 260
959 1929
3836 5802
1913 6447
5381 5810
2249 4166
5635 1354
4109 1739
5705 4603
1889 2721
2079 2370
5539 2207
3723 429
1638 609
1808 3740
424 1163
5454 6290
6451 4150
5795 1464
2988 226
868 1945
5073 5984
2651 6485
6257 3834
1053 1847
702 3088
4595 6383
5386 4682
2636 519
659 1367
6140 3075
509 1391
6309 1216
84 2520
2631 4047
361 3128
6415 116
882 6212
3509 3925
2857 2678
1789 4342
4008 5421
1572 3145
3715 4245
2286 4826
3789 2386
215 4928
4808 5136
723 2314
2939 3191
988 4709
96 1311
5510 3768
3771 4142
5870 1629
1602 5822
4084 2109
578 4591
6483 2541
5919 919
2666 5123
994 6435
1728 2854
4479 783
6210 4613
3869 585
2516 2246
2570 2955
808 4036
644 4838
1872 5245
811 481
2697 6027
2571 5357
1090 1143
4513 3451
5285 417
5129 2344
3467 1540
5502 4675
3473 796
5051 2097
3517 85
4915 4251
2686 1802
5250 221
6126 5101
851 5887
2793 183
5479 1897
2931 5032
2846 1958
4384 1274
1275 1255
2971 2419
4245 5783
6191 5128
1698 6059
1301 567
5552 3082
5121 2701
4604 2110
1471 5148
4185 5217
152 5143
5075 8
4210 3889
3210 4075
4699 4511
2851 399
173 4064
4126 1652
4553 1106
3010 6282
5955 3449
1966 1841
5026 2013
4881 2553
6201 202
1339 1314
4327 1609
3677 2208
75 4474
2460 5457
1454 5690
2235 4779
1336 2307
2530 5363
939 4730
5932 2621
5293 1201
894 3389
4316 354
1174 2501
1613 1154
4760 4822
6134 1603
4632 1220
4360 749
3472 1992
5841 409
3973 5052
3408 4677
1201 2882
3085 4523
5775 5516
5808 3680
5360 4494
4454 3031
4394 4149
6399 2269
1274 5713
345 64
4937 4456
3907 1263
915 5239
3302 1535
819 1528
5315 2906
5059 4226
5272 1381
1408 5505
2850 2355
4093 4600
3960 2653
2558 2831
1063 5747
6234 126
3596 434
6241 6288
5414 6334
330 139
3528 1573
2895 1503
5298 2617
745 3649
318 6162
4933 3231
4831 1588
2716 104
1266 1520
1213 3518
5682 4072
2768 4561
1393 5880
1715 5394
1939 803
6279 3662
5904 590
3985 132
2013 6424
1609 3222
5326 284
6452 2238
331 1219
2117 5364
3225 3710
3442 5484
2868 3471
2556 6101
1284 5561
4659 1857
5752 2565
5765 6423
95 5715
1032 4475
2642 718
3557 1035
2343 4282
543 3113
906 5751
3146 5206
5328 6357
1154 928
2023 6455
668 4760
1185 4399
1210 1438
33 5656
5953 846
5024 3217
1139 5532
4147 4394
2377 5620
3274 2032
5472 5784
1258 4094
3595 625
6147 5818
752 398
897 6346
366 169
1034 2749
3842 2387
1984 4111
2960 5626
4108 5173
5640 5917
5103 1589
5706 6118
3964 5622
750 1858
272 6082
3965 4069
1634 2260
5644 5535
1813 259
6007 4285
2209 6004
4817 1759
6337 4824
3361 4550
6194 1508
2022 997
158 1648
4430 412
4691 1663
4752 3027
1012 4960
3766 2557
1644 5550
5249 3321
5741 4655
3000 3409
2366 2532
3106 1375
4753 3862
2921 2040
373 1822
5561 5175
5492 6270
3641 2277
3872 2943
5181 3084
1226 3674
2152 1073
6290 4194
2670 979
5109 128
2938 3341
5195 975
3250 1465
6170 3350
2982 3794
2334 5274
3183 4202
805 5450
375 756
5218 5377
1730 1963
6158 655
3347 2693
3095 1694
6233 5380
3240 5359
5105 3508
6155 2313
4805 2224
3455 1335
1598 4903
550 1098
6024 6305
58 3240
4025 2345
2873 1620
5503 1526
4075 6231
4908 1039
2168 3433
4332 492
3030 5303
1356 5223
28 149
1837 2996
4512 2339
856 5706
1085 3239
4357 6088
2609 5468
3870 6310
2733 4234
2284 4755
6013 3461
2899 811
2066 628
1238 3776
1302 1307
178 5774
5883 5020
3617 1618
6268 2612
5591 1487
3265 1855
6018 6459
4889 3499
4378 2858
3494 5971
485 4097
1559 3418
1838 1384
2303 1323
846 3359
51 2807
229 4551
810 5094
1866 3356
5271 1640
455 287
2518 5339
4024 3001
1840 5533
2880 4744
4314 5183
6378 3480
1472 170
4333 3288
1621 5266
3987 2450
869 3724
6469 3108
3366 2378
1212 615
266 380
6445 4496
652 5981
2753 1877
1113 1044
2486 5168
4002 3501
999 2899
430 2153
3342 6499
4997 4990
743 1681
242 4349
3046 458
44 6064
3833 438
3664 6425
1727 5760
5809 6230
4496 6304
5258 5297
5157 1068
1791 4595
1483 647
955 5093
1951 1950
3076 1016
2503 3204
1548 6128
5602 1924
5072 6107
2481 2028
83 3892
1975 111
2494 1650
1111 2127
594 5894
4579 1244
1076 1500
1904 1864
889 4733
4154 3279
983 3897
5840 985
3344 3377
1164 435
65 2084
2729 3584
2470 2649
3975 345
4690 3354
1523 1302
3019 2200
1332 1280
6340 3397
1251 5564
3600 604
4252 1906
195 3156
2601 3430
168 2115
2436 958
5869 4766
3977 5853
5214 1292
4938 1394
5740 2822
4168 6476
4310 6468
257 6170
264 5932
4127 289
3103 5111
903 3932
3884 5988
6318 3395
2272 4364
1542 1824
533 6493
3835 1505
5429 383
5086 5463
4804 5927
697 1043
1003 5038
4978 2060
3139 5951
1826 3253
5723 35
1328 4286
5303 141
3441 2664
6428 3886
985 791
3014 2107
932 940
733 4432
5877 4427
6031 1892
4955 3494
494 4162
5126 3299
4006 1614
2955 926
2828 3514
3876 404
4487 5719
4157 4492
1970 2581
3281 1424
3182 4724
1412 2278
3184 4614
2840 3076
2214 5154
3002 5318
4372 4067
3563 5399
2661 6286
2830 1224
4228 1962
6243 4985
5839 1662
153 597
5004 1380
3569 641
1851 185
6075 6075
1902 4469
1646 668
163 2916
422 812
6030 1931
3718 5586
5889 1315
595 5263
5431 2423
5518 5891
4984 3859
2164 4103
2537 3486
4342 410
3751 4580
5833 2183
2758 4512
3170 5028
4143 1396
4071 873
4797 4085
4724 1203
685 4112
764 4190
4036 6322
2051 1738
3606 5373
3067 1970
2811 3179
6098 1004
1946 1846
3730 2657
5545 3392
5323 2801
1655 1242
4483 6097
2000 402
5006 835
2257 2714
5038 2411
581 1927
5221 2737
2647 657
244 935
2124 1271
5396 2891
3532 724
5291 5817
1323 3798
4726 2647
2535 1316
4203 246
1706 37
3788 3653
2418 6155
2060 4578
2616 4702
6497 5653
3098 2197
362 125
2438 1635
5346 1053
1991 5643
2199 3528
3908 218
6341 3116
5747 1268
4927 5526
5088 5675
4745 886
1222 4736
680 1486
5851 4797
2568 3469
6237 6451
1693 739
3645 6460
3438 4035
3042 3221
3495 2861
1333 2064
2 3177
5943 5074
5104 4489
5579 408
909 197
515 5385
1544 6149
1983 4661
6313 2728
2444 2133
5923 3050
4737 2372
2307 3085
861 5748
5553 4704
5319 1537
35 2053
886 371
2671 4979
3679 3950
6260 9
2499 4786
2980 3595
1703 2030
4830 6313
2876 1304
6068 4616
872 74
1055 1784
5691 3164
5790 2047
1521 1883
924 2982
224 6446
4401 5634
1820 1041
4743 4430
2891 1577
536 1591
3889 6130
175 2702
4305 1919
5796 3799
4995 5188
6072 4662
583 5652
322 4783
2909 4565
5314 5199
3027 6285
670 4950
1927 2167
549 1987
2970 2117
688 5486
5169 1125
1775 4695
4610 3213
4792 5707
5812 3056
2338 2601
3079 1563
6185 6175
4735 5916
2061 3615
5959 4878
675 1997
4522 2364
439 1485
1442 1646
3767 5411
5718 2254
2889 1027
2448 1171
3605 544
5625 2726
2372 2981
1340 1313
2800 3097
3462 6443
1711 3079
1810 4590
4855 4888
671 3785
6070 5476
469 5058
2316 5280
6173 559
1552 5383
1500 797
3774 3755
2125 2821
777 5353
388 4876
3814 2404
4464 5170
4215 987
2757 6176
6384 4477
1074 658
1554 2857
2025 6389
3627 6365
4156 6055
1516 2618
2289 4856
183 1063
3881 1419
2099 944
5473 4707
3830 5072
5954 6235
1936 5116
211 3575
4537 479
4835 4497
4824 4963
4856 1000
3071 1083
1310 239
5143 4296
4962 4157
3129 3150
4164 1294
5692 5295
6251 2484
2792 3011
5213 2566
1167 5692
1382 4440
6032 3971
5275 6008
6416 1345
5585 1753
5727 5289
1402 4345
101 60
717 676
5253 4428
5573 4557
2255 1737
3530 2519
1227 6438
4802 3315
3614 671
1303 3828
4647 2407
48 97
2692 736
372 5453
980 2615
5374 4464
3242 2420
4230 6076
6368 5698
2062 3668
1922 6319
2084 3803
3365 4022
3135 4372
3310 1712
4662 2705
3205 5601
3597 151
3147 243
1457 41
3335 178
5333 1411
5242 5433
3583 1538
4287 6190
3972 3591
5005 2607
6312 5034
254 1483
625 1581
1453 5496
6492 6398
3644 6157
853 3519
252 1214
89 5335
147 626
5597 2241
1359 2888
3925 1758
4608 939
3461 495
1560 3400
3891 3423
4114 6126
2314 1343
2210 3010
5659 667
1376 2487
3709 4571
3301 4113
2242 3613
2906 3770
5467 5798
4780 4117
6178 2645
411 1512
4434 1347
5184 930
2308 2202
2296 4271
2342 3599
5477 5323
3297 910
2501 543
5667 5013
2427 3921
686 5137
1823 2555
558 3633
2964 5376
1468 701
2945 1513
4645 4812
5045 5628
2709 1517
4042 5370
4942 3986
506 1393
3580 768
6247 968
5544 3007
6113 5241
944 3708
1503 3562
179 3381
542 3437
3134 4249
1277 3420
6479 5240
5651 5084
2163 5226
356 5789
2071 5961
5891 899
2407 4135
3257 4900
6214 5193
207 3743
4846 3198
2395 4569
1091 1324
2916 5458
1013 1231
4443 1124
4163 2358
3547 6312
5085 6362
6065 3832
2042 5835
4485 3738
3066 2382
1850 1182
1888 1695
5217 1262
328 1978
1409 1811
1417 1095
311 2540
3559 4439
5750 6367
3376 3138
5668 3496
5774 2483
2940 2273
2972 4513
3703 3745
5944 4046
4165 53
2924 2796
3294 5811
3698 1207
2283 3212
4920 3172
4711 2242
2198 1475
5265 1709
1270 1920
2480 2245
957 2156
946 4005
4531 4961
1132 3702
837 574
2113 5509
4364 3332
1273 4915
1658 1070
6028 1145
5762 4485
2654 2244
4628 3188
5543 3650
766 3440
6436 1162
866 3248
5519 5649
1664 562
1478 2025
1932 1498
5993 6394
2730 2895
2347 5374
5952 653
1522 5477
5397 165
2841 1190
3963 1477
2745 2308
2786 3606
5997 25
3503 6303
6080 5928
5711 2268
6472 2371
4079 1050
259 1301
1843 6209
1129 1179
1795 5654
5295 5125
3358 6284
1045 5870
5513 577
5022 3840
1071 2360
5739 5418
3425 3129
2188 6037
2153 5524
4795 2671
2129 4066
3087 1939
3280 1790
5406 63
5506 848
6176 857
3731 4594
4717 4381
607 3989
6365 4191
907 5066
2863 1296
1593 459
6062 5623
1690 2775
185 5281
4478 3287
847 3428
1060 5647
3372 1146
3952 2469
5720 4384
1556 3761
696 4689
4602 5976
3527 2353
2107 2072
5187 4367
1345 3106
2807 4476
6321 1109
1933 2421
5766 2513
205 3316
3468 5145
4265 3225
4518 6217
5376 1363
2682 4339
94 4847
5858 4095
2228 5866
4205 3230
2987 4872
2104 4656
103 4751
253 2706
2559 2560
6389 5080
2472 4172
5266 1881
1595 2015
4351 4863
1151 3666
6394 3289
1968 5788
553 4315
5623 601
5495 5969
656 6412
5311 782
406 1425
4237 4341
3291 5219
3031 527
52 2790
3407 18
5294 1675
1666 4992
5276 3026
1798 6377
3350 1062
562 6417
3662 3276
6104 1467
5499 5996
6029 5065
1231 2485
3717 4118
2715 5816
1477 2905
4043 719
400 1714
2997 376
4787 278
2097 3228
5641 1447
167 6006
4762 91
4623 4651
4865 121
615 4154
5658 4491
3403 5434
4263 6461
4923 4040
4837 4319
3667 2351
792 3296
452 3958
3084 4974
3047 6066
2747 3091
3421 6475
201 4658
3332 665
5569 5793
4494 1799
2192 5156
4868 1625
4270 4984
3962 2247
2639 228
1299 1461
6144 5718
3643 2568
5603 2354
488 5044
1729 3337
2659 3141
2301 3616
1481 16
6197 6120
836 3511
3197 1040
2678 5345
5664 5577
4100 5755
2855 2887
4568 3214
3416 3317
2288 6100
5491 6093
5190 4573
1315 5426
2123 2093
6180 6005
4235 4321
629 1901
2485 4481
2617 4765
4943 2669
4884 108
5847 3907
3658 860
3663 5243
4784 4479
3343 264
4159 4122
5448 6482
3309 2168
1097 5285
3211 5545
1131 6140
6025 3970
387 3952
5850 4893
5496 3160
5180 4010
4111 793
2995 2493
2140 1321
2381 6087
2735 4293
1530 874
815 449
2423 5756
2932 5467
4853 5179
2953 3809
1448 738
6154 946
3886 305
4499 888
6332 1627
2319 1835
1211 5699
4267 1204
5191 5338
222 6307
3878 5049
6351 810
144 3015
1768 3811
4207 4829
4427 2839
1206 405
2442 4422
611 4705
3540 2494
3439 3333
3846 5075
213 5868
3630 4599
2702 1340
5078 1265
4335 2085
171 5196
2063 2840
2852 2279
71 2817
546 3526
6133 4685
1944 2211
551 1902
4515 2338
1253 5726
2856 5402
3476 806
4546 6237
540 2616
6130 5813
6156 6225
6217 2385
4539 6337
2502 5469
5412 188
4936 4187
2219 3047
2325 1439
1906 4585
3612 4195
2006 3731
5008 3174
3364 6068
1875 1734
3185 4462
2551 4975
1778 6371
1196 190
753 4206
6114 1702
2566 1716
3874 2788
395 5775
3736 4365
2098 2150
689 3736
2141 258
4649 5356
3043 5340
6227 4023
2244 4123
3078 2334
3659 4636
4900 3754
5827 965
6271 1130
4585 4082
1122 4498
4710 4027
6235 2026
495 1953
4429 3313
2990 4453
5572 215
187 5828
4953 2330
210 2948
3920 1092
3912 2785
3742 2315
367 5238
5268 4201
2445 1686
1159 6287
6036 4880
3436 191
2014 6358
5663 4049
1770 6043
3158 4899
949 2846
5967 524
3482 2900
301 3327
6363 1792
1814 1148
5587 5114
3657 5033
6446 5704
986 5687
4746 5546
1009 428
5906 2395
3775 5062
6362 5593
2596 5949
4404 6185
3149 1081
6465 3185
464 6245
626 1749
492 3625
5436 2213
3735 3601
5815 377
1010 598
2002 3865
1143 3431
4091 5030
6188 107
445 4868
6208 5215
3773 6012
4581 2783
3743 5517
6326 514
3887 2103
4748 6335
4596 80
5270 346
5867 5725
3799 4192
1677 6326
5558 1605
5938 5885
3231 1776
3228 2113
6094 1561
3339 4222
5636 5488
5171 5703
3552 3717
4542 1355
5929 1668
5813 3061
1757 2348
4757 901
6019 3936
1421 88
4041 4404
3678 3467
4375 6472
3187 763
5684 3746
2534 3619
4732 5334
477 2409
315 1720
2598 867
1467 5590
4957 3016
2569 2209
4112 1085
4637 5657
6092 3869
5829 4410
2031 3319
5909 5539
4565 3835
5673 996
6301 397
1550 6473
2211 650
4123 6085
150 2644
511 3470
1907 526
512 5064
6179 2020
534 1795
1194 5085
5292 4183
5350 2602
3923 1074
2954 6360
2791 4890
3334 2774
3768 3320
3695 3940
5748 5799
15 2620
3508 993
3779 6273
2585 1228
2787 272
4162 1955
98 286
4985 266
5610 938
3028 819
1494 4922
4331 1444
4104 2037
4910 5213
6474 2863
4128 834
4172 2792
2771 6048
5342 2295
3999 732
3934 2680
3681 3634
5446 406
3853 3597
4976 3732
2468 5087
6429 5115
1765 1049
5607 2089
5960 4450
5571 2986
1362 6492
3525 1080
4621 4774
1505 3847
632 6218
3025 2346
6145 4024
4251 5776
2425 4680
3307 4556
1947 3994
6136 3545
3426 2968
3389 5061
4897 1157
4607 3899
2688 984
538 6321
6182 970
111 20
5215 5815
2718 1516
6344 277
5013 4451
217 2455
5814 4161
130 2883
16 5778
5947 4617
1649 3568
5148 3978
1491 4159
580 4735
6395 1599
5216 989
772 6274
5353 642
2901 381
1771 1421
5701 1933
483 876
4720 2347
6164 1478
4330 5998
842 263
2573 6478
520 6142
3983 5566
5721 5257
5452 1510
2934 4482
3428 1473
1414 4105
166 6480
6266 4533
6120 3405
2605 921
3199 1651
1849 6112
196 3497
3545 4877
6393 1703
6328 3209
62 6278
3990 1735
4559 1468
4021 4472
1898 2692
271 5823
3254 2121
3729 3152
2799 981
2544 3474
3410 6045
4688 887
283 3587
2941 1961
2958 5650
4248 5580
3946 3478
2085 214
3633 109
1268 1871
3676 2988
1893 1971
3938 6368
2649 4920
6076 4980
5432 1312
6287 1193
3548 1967
6283 630
6219 1612
2805 34
2260 1448
5582 445
3592 3656
5788 2131
1894 5141
3567 3060
325 3058
2796 2413
1797 1980
831 1199
2353 2567
2046 3690
4813 65
4377 4063
6280 3250
5470 659
5753 1751
5616 5126
4754 3759
5254 1690
4144 2893
1064 4816
3713 4267
4447 6062
1443 4468
2590 2742
1418 5578
5520 4522
392 2767
1095 2625
42 4376
3526 4280
6317 4839
5307 1383
5409 6382
1862 509
5964 4438
4700 3604
4373 212
1431 3254
5688 5487
3858 3652
2968 6166
5366 476
6296 3219
3313 306
4182 4233
5457 5621
1958 5955
6338 5839
3248 3080
180 4853
5015 1077
1487 6323
5173 2574
6267 1470
2245 2505
800 101
4924 5248
2011 2978
45 3280
2583 5237
2998 3498
6298 499
1337 3095
5514 4447
5070 5667
2575 1706
5011 4587
967 5764
5934 973
2957 2629
1615 1276
3363 6283
5116 1359
428 3583
5800 5587
4916 5492
3435 5406
1329 3259
4814 3447
109 5978
3753 6311
3608 6125
806 634
2144 5603
6292 4115
1465 711
1986 4942
1324 3664
4640 2828
5395 3153
2767 2584
3778 5968
5530 3087
2273 849
3283 6238
2915 6243
4864 807
124 6010
4451 3996
3578 1943
3273 5860
2844 3406
159 2915
2560 2176
6276 5571
2756 3184
4671 6349
862 2897
1204 2408
1444 1886
4583 923
3235 681
5313 4231
3573 1805
2679 3822
3373 4041
2572 2577
5090 5086
1365 177
3942 4396
114 1142
1799 2005
661 6275
4395 6452
574 43
3564 4299
5632 2265
2676 2587
4834 2457
5102 6135
683 3246
3167 4882
3584 5933
2191 3760
4987 5925
4912 5283
385 3348
5232 4912
4838 3976
2373 4930
5379 5834
327 488
3921 3819
3629 1211
5316 3151
4968 3530
63 423
5861 3988
1476 1437
3386 1845
2100 4986
1108 2239
5860 5163
3251 5583
3443 6495
1413 955
6359 5877
3238 2637
4523 1569
3369 3322
4552 2212
4677 3110
728 4417
4385 24
6373 4274
5894 3272
3175 333
4313 3487
5274 6414
701 6380
1718 5212
1601 3398
3136 3948
6475 2874
640 1101
677 3726
679 2597
4027 4739
3021 2530
6453 4935
1025 918
758 1002
6379 5986
6172 5361
3710 1024
2564 3282
3073 3306
4510 4583
5177 829
3470 3681
1739 1947
3734 457
1794 2001
2517 2232
1884 915
4716 2856
2754 875
1005 2406
6246 4361
3298 6258
1832 5355
1990 3955
3270 5943
1642 4514
3568 858
2278 5758
1002 3713
2890 5962
6192 1414
5794 2473
4774 6240
2641 3888
5306 897
3484 4909
2853 3484
4906 1956
59 4850
5915 660
1452 5750
6495 5771
5824 1582
1509 5077
5638 1065
3420 463
1737 1630
5 322
4509 3311
4319 1882
3249 5403
2243 3527
285 1890
5550 2218
5099 3149
760 895
6058 4436
3926 131
4365 4906
567 1111
5130 426
834 646
277 737
3993 1711
4074 3714
22 5121
146 365
6046 5708
2156 1409
3440 1403
6339 2177
2150 535
2493 5639
193 2689
2035 3465
2996 2453
1043 5336
2673 1866
1114 5527
3806 299
3112 5915
265 1238
4106 801
4472 6193
571 2793
5871 2730
5575 2065
468 441
5277 5801
4064 6433
3419 5519
5979 5368
5239 329
3515 4823
4841 4300
2452 5410
1543 4325
4809 6078
417 4828
4520 1827
3516 882
4422 1423
1190 5902
4304 3628
6464 3144
6459 2377
1188 1123
3591 4059
1183 2548
1148 51
555 174
510 2164
3285 5871
5581 4295
4493 4354
1852 196
778 2665
6116 4003
4673 4335
5986 1814
4689 2628
5593 710
2820 2201
684 5037
2369 5275
3168 648
4749 4538
2039 3756
1282 4770
4657 4414
2119 4558
2329 290
4389 2838
3861 4754
2959 2660
5007 230
5570 138
1276 4778
4340 4723
1585 1412
1997 2222
5117 3551
4208 3402
2221 1241
4461 1904
4321 5661
1619 2834
116 2490
4734 581
922 3684
5460 4811
5308 5766
2554 2719
3221 2919
306 4254
3399 1506
4886 5897
6457 2554
913 2527
1805 5428
5203 1853
5138 1038
5817 3042
4952 3081
873 1990
2041 2430
4300 5232
6168 2415
5538 2529
1419 4837
5551 1020
6169 2083
636 6199
427 73
2808 2079
2052 3536
3206 2613
3247 4018
6006 4163
4161 373
3892 2458
2166 6019
2320 2038
5885 5850
6376 530
4529 4891
1816 5207
1766 93
4381 4028
5849 4121
18 2022
2703 5528
1558 4545
1652 3915
1259 3627
348 5172
6410 5669
5160 2976
3810 1476
402 2710
3772 3878
880 1137
1594 3739
4603 885
3039 3218
2409 4088
2562 4632
5246 2850
4399 5185
3200 1979
3739 5954
3654 1798
5194 1422
3748 4058
6242 6146
2812 4874
3241 3605
1372 5386
6088 4559
1632 2939
41 5142
391 2
6111 734
891 522
177 4400
4701 4490
1430 3720
674 4657
5933 5268
1735 5837
4417 741
6001 4761
1118 4946
1513 3065
2465 4060
2400 6161
2387 5454
4768 766
2547 4728
923 4307
219 6029
216 1402
3207 4688
1014 1330
1017 4700
633 5632
3867 350
1096 5023
1938 6001
4284 2789
2555 3966
1508 699
4833 2640
3669 4679
3396 5931
5697 2359
929 4948
5987 3500
2694 211
2621 4725
293 1019
2930 2000
3574 2962
2532 2798
3966 3443
128 3459
5095 1416
5556 5277
3616 774
4444 4670
3148 5200
1375 4211
3201 4370
2279 3677
5724 565
6342 5258
3165 1308
1353 4054
480 764
110 6033
2645 5682
5142 6406
3243 2994
5893 1387
993 2304
3107 2439
3558 4524
2561 5437
876 589
3069 571
2871 3629
1040 2909
2391 1908
5079 6448
2285 1320
4325 2655
4627 4519
588 4326
355 6144
2803 694
6412 4851
4693 4017
2894 707
1486 58
3463 909
3511 2573
1316 2966
5339 6215
3357 3579
287 4002
5119 6134
1972 1937
1945 105
4491 2185
823 1037
1384 3124
4115 2990
2490 2630
5345 6213
6275 5481
80 6418
2836 5638
3017 5728
1780 6038
1161 1985
2858 1665
6402 3909
4101 1839
2849 2732
1105 804
4488 3894
2664 3846
1610 490
1193 465
6103 4180
5512 3657
5091 2643
2348 234
4959 49
1237 1964
5816 3646
1569 6200
519 3143
