6000 2000
592 1993
4848 740
2130 880
2528 1951
18 1582
3427 3056
1034 4555
5760 498
2438 2867
2517 5901
5044 5560
5416 2215
3548 1069
3869 2233
4843 2577
2904 1324
220 4949
5761 2487
214 1565
2768 4308
4288 5084
4371 5043
642 3979
5261 3823
3057 4276
3185 5323
3336 484
3247 2875
2056 4151
4151 3734
4338 2949
4433 4175
4879 2862
5838 5730
67 5915
3275 2321
958 5840
1359 936
812 841
2642 368
3708 4864
4667 2020
1635 4780
2953 5820
1365 5815
190 1393
2018 955
1778 1898
4313 456
1943 2480
233 5144
4095 1487
1151 2961
4759 4890
5213 5192
4498 1931
342 3903
4574 4619
4281 5814
4031 2158
4570 3259
2169 1870
1974 5271
5360 900
2078 2418
3323 2647
3907 5198
3722 1942
4107 1892
1636 2118
3235 2506
425 1074
5664 4493
3615 4511
3671 4888
279 3902
2529 5376
3136 2903
3418 406
5056 3096
1611 576
5135 3636
4490 3041
5569 1694
623 3026
2263 4023
3314 2446
890 2721
437 5756
2726 178
5059 942
5841 378
2125 1493
5781 5352
3831 2161
3523 5568
1719 5578
4261 5149
3830 5683
4407 3807
181 41
389 3215
3383 1723
1945 2948
1120 563
17 4052
2571 5441
1136 5862
5396 4091
1210 2579
3230 5891
5250 1273
2957 1246
5661 2786
2905 3652
694 2799
3624 1809
957 4374
465 3608
1353 5089
5704 4281
1919 1307
48 2505
3194 3097
4922 3383
4665 2549
5436 5863
1878 615
4160 377
1820 3387
1588 83
4369 1821
5978 570
2431 1290
497 1156
2435 1566
1427 1250
3351 3390
1966 3196
1924 374
3088 3116
3787 1785
2995 5122
4298 1828
2740 3975
5224 923
3593 3851
3211 3669
1423 5241
5366 1232
4297 3970
5544 931
4910 2397
5085 1300
1863 914
5283 5005
475 2568
3783 5204
5450 3509
3994 5829
4273 1189
5183 494
3972 5285
5604 5847
1846 425
4865 319
387 1185
3075 5646
5575 832
3856 4193
1410 5793
4996 2538
4010 2130
1523 514
376 1933
2303 5129
5359 4219
1946 3500
1926 3088
479 5777
3540 1637
2038 5855
3298 5832
2709 1608
3006 2882
1724 1322
2776 4146
5422 612
3356 5610
3939 2565
2 5484
4402 1119
2020 2497
4869 2885
5963 1800
3202 3199
1732 1910
4345 611
1411 356
2360 4173
5423 2755
4606 4845
3639 4127
4155 1689
5659 4161
3239 5798
1370 3454
4657 5940
927 784
5655 3374
1363 1710
2973 1968
3451 3894
5259 1247
1722 5135
619 4896
2197 2485
1952 4288
5858 5875
2625 3090
3081 489
1374 3604
4408 4378
3454 5221
2732 3362
3306 680
1240 2016
4317 371
611 4725
4581 2686
5827 1667
2942 3074
2472 2805
3089 4817
1668 3147
5150 3391
46 3564
5167 3132
5251 4810
461 3017
427 393
266 2467
1683 2587
719 718
4435 4480
2170 2404
315 3955
3357 181
2635 312
5332 3939
849 5511
429 542
2892 807
516 1724
3675 5817
570 555
1362 4601
3613 2745
4547 3099
5106 1570
310 3702
4187 4300
3173 5617
3691 4391
5804 2331
2666 2314
5272 5069
1637 4244
5867 290
1812 3927
2105 148
2910 3315
4425 820
1508 941
928 3218
4302 906
723 2551
3620 5603
2436 938
1565 1595
4916 3428
4949 1607
1651 3237
1630 3442
450 5137
76 4976
3666 3566
5946 860
3926 1788
4582 3892
4534 4284
1443 4134
4921 5689
2515 3250
3590 527
3074 4099
182 5737
3281 4030
2308 3499
6 4148
4326 620
189 3492
824 3483
5847 2375
1223 4322
5293 1050
2345 1388
546 5991
3599 1067
2409 2386
5715 4858
4633 2720
5577 3431
5426 806
3191 3187
1175 3055
3778 5420
4924 4400
531 5125
1788 3565
950 2379
2868 4079
2208 1702
2393 93
2573 3245
3407 2088
4203 3736
2312 1562
2060 2962
4006 467
3514 5558
1967 2888
2659 1194
3195 1328
3083 4723
2526 240
3699 3507
3792 2105
2600 4586
414 4767
4995 4746
2909 861
4139 129
2918 4846
1918 2415
1212 1466
5639 3547
751 5544
2822 4136
4913 502
4048 2139
4190 5154
3992 2605
323 4264
4766 4385
2699 1882
1009 858
4503 2358
3429 2027
4960 1020
413 1591
5962 5720
5924 4078
2964 3047
3894 4162
5212 3517
2972 1640
3139 5772
3955 314
5939 5908
1594 4625
1965 5497
553 51
5253 3619
2907 5454
5823 4109
1106 3106
5863 515
936 303
129 3453
3321 2913
3218 5226
2702 5745
798 5907
1176 366
4637 4465
5260 3907
4364 5426
2327 831
5835 3477
2810 3667
3129 3528
5171 5327
3876 2307
3196 717
4753 1245
1361 5628
5716 5291
5384 5858
2685 4239
3861 4627
84 3366
2579 2524
2741 5805
5882 322
1230 4390
2552 5649
804 4110
2723 4164
4079 1911
3110 4012
5568 4806
1174 2429
1623 4907
3588 133
5218 3244
1214 2864
3343 2758
5582 4472
4479 1759
5649 1216
1032 569
5909 3173
3172 1721
2543 3515
197 5109
1855 5593
2032 2743
3944 1973
1259 2733
2627 1329
3682 1924
4112 224
1111 1876
972 2500
2132 5897
1718 4553
1306 1732
2074 5234
5471 3232
1779 2330
5009 750
2883 773
2385 3767
4935 3625
5992 2599
3094 800
1799 3436
2706 3983
5809 65
97 55
5252 3700
3895 3045
3477 827
2534 5046
1983 4529
3146 2651
1439 829
2209 5307
5630 492
952 4814
3677 5500
146 1826
554 5811
3324 3882
955 5555
3365 3470
3598 2077
4372 408
966 5670
2024 5127
2673 2742
3087 4485
5172 2398
334 4203
5438 183
5806 2493
4020 646
5274 2644
2728 1543
4101 1333
931 5021
4391 1357
83 1360
3449 4105
5913 4411
3421 746
451 5958
5176 1629
3636 764
1701 191
5663 1003
518 3963
1177 3906
1460 1748
4748 3914
4007 1895
1620 5106
3249 3103
4495 5643
1856 1180
4277 5368
693 4819
3857 1904
5355 2294
4360 694
687 4436
2336 1155
4732 5153
4989 5093
5387 3019
1063 961
4682 5010
1569 3156
1200 5178
5586 1734
1011 1976
5557 3574
4707 3829
1164 1525
3806 2977
5932 1350
4628 4636
2058 2868
4610 3871
4931 24
987 828
2301 3781
5169 2704
3899 1484
5118 4927
5974 5020
3552 2662
3182 4153
3693 5138
2582 4363
1395 1399
2355 4772
1780 5224
336 512
331 578
5645 4097
5912 5971
3937 389
5090 1639
5189 1081
421 3885
5258 299
85 3265
4947 3685
3786 5001
4685 2967
5164 3434
3902 3589
3818 1184
1447 2471
4267 264
4147 5082
1572 2768
1103 5430
2339 5186
2341 679
4824 5599
2826 2502
4625 5659
4965 1970
3995 4065
1045 5227
1160 2729
3529 2775
5285 3978
4717 5662
2338 34
5383 4901
2276 1092
5967 4435
3304 2983
324 155
2034 3992
734 1406
3240 1469
2684 901
702 5869
3 4556
2217 3804
5878 1441
5542 765
5023 4660
206 1979
2873 2194
3415 4313
4229 2486
3962 1124
5286 1476
3273 213
2033 5207
4340 628
2434 140
870 1948
4880 2555
4222 5678
2286 3711
3164 3776
3268 2478
1917 2820
3141 2365
5112 1146
5737 2650
3964 2789
5182 5471
426 1268
3638 2930
3656 1803
172 5169
2234 4044
5203 2453
4191 4921
280 2479
5721 5314
1911 367
1190 3998
4362 5444
5374 4190
3307 804
575 2615
1766 4561
1117 2765
2426 4330
5120 5166
135 1725
5395 1701
1049 4014
5481 1419
3316 741
3800 1576
2694 4022
1445 4617
4092 4828
5919 5071
4544 5835
243 2129
3589 3701
4104 1013
5459 1638
792 3235
1758 5768
1058 3572
2738 454
4635 3170
5507 1144
1081 1872
3423 2612
5356 4577
5930 1497
3124 3869
1782 1320
720 53
4703 4573
2109 12
4893 4169
5138 2909
881 530
1977 4248
4558 4929
1944 3782
4100 2132
3472 5380
1645 2649
2897 5527
132 564
2079 2512
435 5700
5127 1515
3284 4680
3335 616
5674 4444
3367 3802
2769 2974
2419 552
4934 5946
1672 5877
4123 4590
284 5510
2545 5304
5162 3773
3252 5574
5303 1965
5504 1676
500 3272
1324 5121
3592 22
231 2407
4930 2213
3073 5258
3062 2855
1870 4993
1090 2342
478 1726
2365 4370
3125 3300
3877 3868
1524 3717
3070 255
368 2583
975 609
1574 4339
3966 4459
3692 2679
5771 5823
2938 3450
3405 5029
4552 5330
5697 5966
3864 2892
300 1590
529 5172
4587 3915
4780 3593
3320 3944
4593 871
989 64
2574 4120
3142 4541
2777 2693
5402 3151
1027 3304
8 1631
2260 560
3099 622
3855 2663
5965 134
5119 1148
32 223
2609 1914
4245 2717
1450 2544
929 331
5147 4582
1119 3084
1446 5003
2466 3241
681 2617
3670 5356
1130 1843
5929 4399
4688 3279
4988 2956
3102 284
3743 482
1205 4951
4395 3756
3396 1404
4073 4070
2756 4959
2362 2723
4624 821
3684 3628
494 2039
532 4040
4642 3104
1991 3225
5406 1272
573 3941
5849 1920
3647 2548
3884 3962
3662 5067
5371 4442
2144 296
3880 4926
2764 95
5230 3691
2551 2677
4293 4396
1062 727
4669 2292
680 5479
5606 5257
2428 1612
2646 2092
473 4777
4322 5045
1215 4658
4812 855
4710 5421
898 1306
4221 3309
1366 258
864 2373
2398 2737
960 4597
1807 3484
5494 4416
4983 1761
5787 2747
5843 1600
5136 4057
3414 917
161 2249
1520 2176
1772 943
4952 885
1560 3407
3716 4324
3009 1005
2793 4404
2763 2102
3912 3501
1501 2174
700 3334
3846 4447
1433 5917
1561 3359
1054 2040
4508 3403
996 5134
3874 5325
5084 4362
1909 3115
886 1403
874 4361
3444 227
4974 898
5937 5828
5209 2824
594 4604
2533 2288
2291 253
3473 4626
5047 3368
5175 402
4673 428
4094 1136
3489 5405
1221 1209
1936 3229
3068 3707
5848 699
1100 2959
75 4336
1503 4452
850 1807
2717 4386
3309 4962
1670 5760
4789 1107
666 5609
3868 2695
5821 2448
851 5387
4132 1752
4294 4533
4207 5552
1158 1047
1162 5391
4220 5771
3197 3621
5765 5626
3922 3054
4489 5624
4541 614
3782 221
5510 995
3019 5102
2480 1073
1261 5374
52 1496
5959 2169
5615 4034
1633 28
1056 3688
1042 1663
5452 4208
2446 4947
1097 5365
5344 2902
3998 2408
3420 1009
489 988
4062 3693
3512 1853
1715 4753
3822 3884
5493 1465
5743 415
3741 3569
4029 3467
3804 2037
767 754
5602 698
265 5753
5613 1409
547 4457
4576 4532
2252 929
5614 479
141 5097
2872 2713
2503 1873
1606 2018
3483 971
3198 3248
2047 2057
1677 4277
3170 5269
3205 418
2215 5467
4604 380
1793 924
3452 3739
5208 5873
762 2399
4426 5652
1021 655
1713 1848
643 448
993 1832
2289 5200
564 3822
256 2971
1144 2170
120 362
4157 4355
4878 3922
3632 3854
811 2244
2669 1736
2163 2335
3312 2958
4719 974
852 3981
5466 9
2952 5749
3209 5903
5317 535
90 3825
140 4047
40 775
641 5943
247 390
4746 5788
4053 979
2484 5160
4884 1577
4324 4988
5608 3167
2371 1128
3187 5187
4820 4631
5792 5733
3038 2256
5989 3524
3997 1158
4926 1628
1476 4892
595 3008
3921 4910
2299 5775
2075 3545
600 119
1397 3398
4445 5841
4579 3036
4468 5077
4827 1170
5462 5520
550 1677
5969 2849
3989 305
498 3931
5784 1815
5767 4613
846 1833
1996 5866
2061 2710
577 3602
388 105
5032 1771
3535 4831
3762 2760
5242 3129
5782 4698
1301 545
5921 2537
470 3162
488 4867
938 1777
5768 1703
2568 1690
1528 4544
5276 3577
2429 5340
3591 725
1008 3684
4177 1498
3131 4408
4400 4718
3695 3785
5425 1636
1984 874
1083 1198
4535 5969
2998 4894
1750 5422
360 4130
2884 150
4881 630
502 2224
72 5115
2367 184
1238 4776
3517 2014
1135 5392
3127 3137
3181 565
2422 2992
1400 1021
3713 2455
1922 1383
4057 3994
5375 26
5367 2025
1723 4789
893 809
5719 1261
3466 3529
4660 1919
5516 5381
5214 1804
9 5126
5648 3712
2329 3078
1326 3065
3264 3447
442 1079
2852 2521
5033 2782
403 1353
5040 2955
5434 5871
4832 2559
5184 3369
645 2952
3557 4042
208 5402
1874 1190
5623 1717
433 250
2315 2275
2519 2614
4254 3990
3568 5716
165 1108
3092 4984
3784 3200
3496 2620
5979 4119
3853 3023
378 671
3952 5513
3510 5923
2589 1099
5352 3737
920 5644
2831 947
3676 3567
3037 1061
1653 414
5071 5072
2391 4138
1806 4348
2927 3612
1844 998
3740 4
5537 5139
4209 2851
3973 4635
4256 4766
3436 1033
3513 1317
946 4606
314 2953
1540 2683
602 1660
5254 4936
5307 1082
1328 991
1597 4558
5730 3976
21 1696
4285 5062
1682 5296
2124 3188
1434 3596
509 1089
5115 3549
2615 1684
382 603
5046 4609
5558 1604
1263 5347
2570 982
2762 1266
1598 5278
1383 4301
5566 3276
5301 5516
3174 3686
4090 2934
114 3727
4156 3947
1796 3386
1963 5913
902 5868
4522 1299
333 4381
472 4830
4119 5231
1193 2826
1169 4077
4301 5333
4076 2606
285 220
2186 5033
1704 3814
5075 4707
710 3969
3085 1825
4357 1094
1420 195
2044 3318
4853 5912
4727 3446
5456 3932
1131 3015
1236 2912
1894 2393
2251 1867
4133 1157
375 4792
2994 4517
3700 3435
4038 3148
2077 2699
5985 4900
2179 1252
3758 3252
277 3965
5874 3695
3715 1060
821 2454
1277 742
23 3373
3295 5464
1405 5774
3263 207
1376 4425
769 519
1489 4594
826 760
3745 1316
4896 4215
213 2470
3530 3308
4561 689
262 4721
1416 1039
3605 4366
1404 4728
2487 3336
697 3491
1836 3987
455 5244
3060 1267
226 4474
1746 3329
3121 5795
4456 4737
2449 4912
2226 4325
2155 4925
1284 2984
2448 5317
4366 54
862 114
4011 2563
606 5508
2343 57
2891 1132
4349 1208
2223 5930
5294 2634
2975 3020
4572 4467
2140 5507
3544 5478
651 952
5801 4081
154 3741
3250 3163
3035 4713
5570 2817
4985 335
2636 3846
5812 1224
4942 4788
1059 2918
1213 3834
2814 4125
5854 3234
305 2530
102 5035
4647 2394
2770 1617
524 4058
5711 5657
5983 251
4462 1356
4418 218
2227 1195
5465 3661
3486 4980
5292 2719
2277 2847
2556 5600
3979 1681
3807 1885
5441 1615
166 1428
1257 126
5419 3209
201 4286
2180 5934
5563 5128
1172 3533
3450 5905
1681 33
2687 1051
1942 1989
901 3721
2612 5872
730 4280
5392 2225
3143 249
1350 1120
312 5517
415 2905
5288 5288
5571 4809
2807 2087
2458 2585
1567 1520
3005 1916
5006 638
5444 2262
692 4180
1344 551
2888 407
2729 4251
4680 2684
2450 2756
2819 819
1624 927
441 5220
3587 5018
5198 5022
291 4695
5280 3263
4713 5975
5500 2966
3020 3755
5373 1056
4474 2936
4859 1937
4744 4567
2050 5658
3635 933
2602 850
2532 539
4795 1321
708 1921
3059 1818
2541 1907
4233 472
2012 5260
4204 4826
5160 2829
2630 2180
3025 5860
4390 5322
145 5648
3128 1746
2246 2773
665 3774
5134 4964
4549 4506
5961 4067
4145 4354
2522 58
953 427
5321 903
5531 3791
3803 4412
3257 5595
4320 3226
2773 3094
763 5413
3266 1205
3232 4630
726 1123
29 762
1288 1378
2121 2638
3072 1708
3905 3313
1156 4312
5808 2044
2701 3576
4962 3957
5695 2232
5757 283
1245 3465
4982 3563
2911 5141
2874 1542
2305 3866
565 1426
4226 318
2067 2968
5658 1453
2860 597
5298 5331
2002 5305
3041 4551
294 3985
5611 1315
2481 1401
5585 1704
5192 383
164 5509
1673 2835
1208 682
5413 3322
2553 4839
590 5222
3186 4427
5523 1178
3175 2084
716 5303
1281 2177
1532 3480
423 4360
2151 1648
3200 3523
374 5665
4351 5547
3819 453
2664 2145
2485 180
3431 4163
4970 5486
3566 2945
2229 4210
370 1657
1754 1035
1586 5836
2028 1808
126 3273
5287 4653
2451 3676
3971 2643
163 810
5567 3890
2599 177
3866 462
3355 4668
1113 2253
3254 2241
200 4699
1613 3421
5081 3396
858 4424
5427 4505
1515 315
386 486
5926 716
5361 4944
404 5075
5479 4889
2878 2716
2605 2364
4111 2243
54 463
807 2809
4568 5409
4622 4211
2877 5400
4796 5739
2307 3876
4014 4649
2372 4201
2396 3552
991 3900
3221 4938
5451 1151
317 4295
2655 591
3580 5931
3681 4302
2549 2726
4114 4805
1562 4588
1787 5976
1110 1118
857 3274
4164 4859
5103 267
639 4861
3346 5489
686 5158
313 3095
487 2346
5101 5123
2248 2143
2787 2024
5795 2400
728 1037
3379 2013
4886 709
3956 3071
2784 4747
1817 4494
3930 363
2561 4266
1464 1059
696 2877
1716 3131
2295 3118
2147 332
4585 4937
1222 3155
2880 1599
1239 554
3398 3207
4620 2168
3829 2874
5016 2575
2924 4633
3301 2788
963 5379
501 3694
4892 39
3954 720
2240 2286
1931 3139
1712 788
1377 4207
391 918
2933 4337
2675 3561
882 951
3339 3595
3723 3858
232 863
650 5834
2742 2752
5473 4270
4266 3007
5076 5928
5268 1712
1889 2417
274 3838
3951 3605
1748 5050
4052 1331
983 1449
5349 546
2564 2594
4978 1687
5691 4026
5733 2895
2296 4429
3289 1434
2808 1083
2782 3762
2668 4650
5545 5057
855 3311
1887 1871
1866 4584
3785 5949
4658 3634
3265 1167
4392 5491
2805 236
4681 4865
557 4369
861 4007
2313 62
1631 3638
65 4701
1537 2652
2181 3603
2902 3597
1305 1865
3067 3709
5492 2498
4504 5434
3987 109
4943 5701
4749 4770
4009 3607
4536 4733
3082 399
1505 4179
4252 2746
527 2441
1498 2035
2607 5262
5022 1789
5820 5557
4876 88
110 2730
593 3537
4055 2553
534 2464
5223 1303
4592 1482
5505 2142
1752 1669
2752 1015
3601 1831
940 1101
467 4523
2087 3594
5817 1379
1379 4050
5525 1361
431 4129
3069 2960
5593 358
261 3286
1494 4213
3832 5355
4662 1513
4716 2332
1783 2395
2914 4475
2637 1254
5089 3752
2539 4620
647 4822
5755 152
503 4278
3748 845
3386 3217
1035 2048
2351 2010
2838 915
355 2439
5856 2576
3055 4279
3104 5167
3179 3112
4675 3288
1847 5475
5386 4528
2425 5163
5712 4931
5122 2483
2279 1532
3204 360
514 3066
5295 2193
5897 4575
5590 3948
2185 5581
1258 4053
5620 1277
1290 3703
4814 977
5741 2463
3370 2797
2946 5373
3678 4916
5457 2878
735 1655
3661 5826
1477 3881
1762 3875
3464 470
5543 700
4269 3929
51 1359
3712 1313
1531 1
434 2178
1876 1319
5062 5453
1461 4981
4484 600
4782 5601
947 5237
4729 2592
1609 5371
1801 5545
2213 4851
4959 3268
183 242
2376 158
3798 3270
3637 493
5756 2916
499 5112
2999 4437
4127 4272
4382 3297
5853 1464
1692 1686
3940 2601
3313 4160
2403 3255
1249 1561
149 5851
3066 681
3703 2110
4318 2082
5749 1111
2111 4815
2342 2
61 1242
3754 495
453 281
1735 4621
1036 5215
4844 738
5235 2443
4845 650
1317 4142
5036 3759
5420 3513
1392 3901
808 2810
4312 10
56 468
202 2357
4864 1514
4757 97
3669 868
2088 1782
1148 3418
5888 4217
5472 1978
679 3102
3539 2973
3147 1494
2250 3937
4205 2522
3401 2482
1938 4578
2875 1391
4784 2187
295 3878
2198 328
5799 1846
5363 2526
1753 5346
216 5397
108 2101
4126 5735
779 2708
466 3842
1850 2303
5763 1367
1415 2257
1511 2846
3742 631
5414 268
4640 5916
5177 2494
369 99
4337 4816
3935 1778
4291 683
1331 439
5179 3011
2064 3660
4477 1161
1300 5654
5826 4954
5030 4774
525 4661
24 4422
2506 5951
1112 2462
1861 5302
1583 2160
476 3699
5156 3799
5401 559
4677 4924
3918 2055
2916 3176
2054 3177
5431 5968
2456 2387
1605 4641
2633 4714
1858 797
5873 645
1557 4252
3040 669
5369 4373
3767 575
1619 285
3788 4963
2201 5667
1348 4945
1323 2196
2041 273
2542 3672
1915 1623
4858 540
3047 3135
1614 3111
1116 919
5925 3874
320 5002
1024 5948
1386 2633
787 1880
1094 822
5482 3290
4189 2038
1566 5902
457 4579
3380 5239
1829 4063
1960 2450
2108 1475
5233 480
3680 4375
1318 5170
1044 5839
1822 2015
354 2282
2382 4156
5345 4076
1267 4957
3002 3128
1381 1159
2073 3439
544 5364
271 2272
3974 5406
3045 2081
5714 5887
5709 164
5610 2457
2606 344
1336 854
392 2919
3310 4986
1658 2943
5842 276
599 4615
4966 1023
2583 2136
837 2682
1283 4610
2373 696
1121 582
5758 4857
1153 2380
4466 452
5045 4307
4472 159
897 5092
3852 5852
1519 4700
92 5550
4496 5605
1607 5618
5972 4491
1089 2546
5707 4450
1953 3891
2026 2003
1108 1491
4648 3110
5517 1956
3056 5308
2930 3168
2900 4893
1742 1553
4389 5885
1554 2632
5885 5147
3575 2007
4617 4967
884 5526
5724 5635
4074 4414
5490 444
5794 1691
1496 4413
3649 5252
5708 2305
3178 2301
1337 136
107 4407
5231 2883
1625 1483
3051 3520
2818 5562
4449 5017
1072 2561
3572 1149
5988 3740
2853 3429
179 4979
5342 5838
119 3053
747 2223
4946 1257
4438 1244
4118 1143
39 823
4733 568
5132 1645
4991 2734
5783 2819
1827 5846
2091 1100
3248 5679
5720 5791
5831 3340
4236 4681
4857 4591
5488 4479
5706 5407
5689 1071
1465 3664
3293 2998
3400 5909
5149 710
5626 4443
5437 278
4936 3404
406 2836
949 1899
2715 5087
4173 1422
325 5675
4912 3038
2961 1893
4354 2421
289 1564
5524 1547
5540 3620
5927 5884
2641 2271
2951 2570
863 4132
1282 1731
1409 3154
2134 2857
1268 2654
4411 4206
100 4966
4486 733
5306 3505
1985 1175
980 962
3920 3411
227 5680
5270 4237
699 3857
5901 4764
3251 1768
3061 1847
3159 2300
4375 67
3565 4990
894 3905
361 4891
1954 2532
4842 3280
2879 1312
5338 713
4626 5725
4066 4790
1784 4618
86 561
848 1770
4481 379
2220 606
2317 911
5690 3841
4471 132
2580 5423
4274 1810
5305 4020
4386 500
2508 4430
3683 1964
236 5778
3443 3964
742 3495
4296 1709
2427 970
5551 4808
4761 1202
838 1133
4571 1117
4979 2032
5497 872
4950 972
5281 3043
3488 4515
3109 4182
5200 3843
1458 4032
3797 2219
1243 1501
1950 4997
2282 1454
5836 3769
3149 3285
5326 5927
765 4512
229 5208
4102 1168
802 2906
4404 5688
2233 4294
5210 3849
5145 1084
3582 4104
3119 1138
5066 4612
5953 3850
5786 4694
4799 2772
1689 1049
1956 1141
5111 1348
5802 209
1092 5710
2586 3796
2936 3462
3679 2280
805 87
5042 1062
138 5926
1675 1757
3929 4082
1057 536
3238 3977
1549 2468
3586 815
1590 4004
5810 1412
2218 737
1491 1450
2594 2890
4793 1152
1321 1131
4885 1369
3076 2221
2254 4741
3630 2071
4077 4066
242 1057
2357 3213
4850 1130
2475 3974
2971 4787
2129 5728
4230 2793
3674 4024
4214 1621
3881 1571
438 127
2745 875
5832 785
2359 2093
5816 1270
4515 5460
1737 138
2029 1747
2183 5987
248 913
5739 2529
1884 5992
3219 1444
3965 5132
1864 577
5634 1574
1989 1214
2241 3839
3494 2812
3825 5779
4691 2073
2128 4192
3225 5584
2861 5661
3470 4039
88 1829
124 4531
4631 985
3210 3093
854 2116
5520 5225
3011 2969
3151 1203
5887 3748
740 3353
5486 2714
654 5438
2828 2337
1345 5629
4834 412
3524 3852
5647 2898
1599 937
1047 243
613 5292
4615 3487
4846 5502
5249 4563
186 4242
3064 910
678 3004
4448 2639
1686 553
5583 533
5496 3508
1764 1633
3771 5177
2792 5559
4323 3256
3707 4157
2239 3185
4260 3379
724 5199
5448 729
5484 968
4034 2248
1231 1064
4292 1038
2316 2254
4771 1045
830 5554
2937 3367
1962 793
2516 5668
2457 769
3163 5203
2037 1935
2143 3202
5790 3399
3017 2995
867 1343
4163 5240
5483 4599
2399 2345
5855 3158
3347 3456
2753 3144
1881 5408
3596 488
2585 3583
3546 5583
3245 445
1186 4419
3836 3138
2825 2261
5637 1817
5673 5960
3426 3735
2947 4235
5319 5181
5742 282
4231 5961
1279 865
2280 648
5001 3828
1868 1201
3756 3816
1349 4456
3927 509
784 2133
4650 3715
5618 2578
4553 1443
1634 5294
1717 963
2983 4897
760 3989
3065 137
4797 69
5890 2171
198 3406
788 2832
3509 3395
3608 2266
4130 3001
4993 1507
809 4204
1335 1936
2816 5761
2380 4347
919 5351
2404 2469
3903 5561
2749 5157
2068 5606
1297 13
2821 3361
3516 2504
4977 2021
1649 879
2137 3598
3107 3278
4125 1775
2622 3342
1655 2519
5057 2062
4146 4645
3578 607
306 2545
5447 4933
2477 1109
1180 5929
4370 3818
5108 1093
964 925
2925 3630
2156 1311
1455 4001
1995 4869
4336 5279
3378 3815
2467 5769
308 1666
998 3579
968 5150
1851 3812
5267 3040
2080 5462
3986 2588
3650 5175
5710 817
5073 2976
2569 517
2386 2703
5495 4220
3668 1618
764 844
981 3079
4608 2080
3925 1688
1706 107
3416 3942
5003 3236
191 5941
2302 338
2920 2389
3236 1364
4664 1588
636 1374
4027 5211
2471 4380
3730 14
5357 3772
1338 2981
3435 4282
1803 1249
1418 3674
3949 4478
2452 3127
3345 2409
2743 1524
5278 2659
572 812
2846 590
4063 4768
1860 1719
4895 1509
14 4706
1371 1077
4964 5521
5143 443
1168 4389
4307 160
3659 4570
1012 1126
1091 4303
2697 4387
3377 4992
791 329
2540 5613
1832 2042
4270 3946
4723 928
3875 188
2138 4170
2294 2941
1940 1425
3297 3192
4817 1781
4701 853
1700 5174
1957 4426
2335 5143
3975 2157
3022 2556
842 3659
1266 4338
1601 5318
2867 1567
2610 589
1137 4664
2247 2757
4830 5801
4247 3668
2101 5044
5168 3726
4492 4233
1903 2456
178 5972
1617 4256
4124 2210
4309 5
4787 557
3602 1446
207 4250
1710 3224
1726 2147
3168 3954
1189 4290
3495 5588
4969 5191
4986 1534
2103 1531
2397 1939
3402 304
5181 3494
2546 1537
539 5060
1195 1096
5443 4762
3430 571
123 5766
5309 2355
3946 4364
4420 17
3574 2499
2988 2676
1192 1145
2842 1349
3893 625
4776 876
2119 5287
4443 144
3609 2560
3860 4218
2712 2513
5676 5729
2473 5107
1941 5787
4243 4462
3042 4989
5880 2535
657 605
883 1827
5245 37
5503 3863
3983 43
2774 5625
3968 4371
1875 1285
3532 4853
283 2137
3724 2821
5404 1678
912 116
5687 2381
3108 2203
4347 2795
64 2372
718 2339
1342 2514
2566 2566
4470 5070
4355 2028
3376 350
2007 595
4001 2368
2652 5425
942 20
3340 5319
4397 5751
1157 2815
4249 4060
4742 4756
5791 847
1188 1714
203 5120
1425 1740
3140 4323
2688 4158
628 1596
5702 2383
999 4999
1310 2492
2447 2979
5013 5217
2657 695
3908 4254
5509 4199
5818 2770
5896 3382
2834 3295
2710 1874
1933 990
3385 4141
2887 5763
609 323
408 2990
1616 3420
5027 5088
1857 4876
4756 5140
443 5469
49 4763
5454 2442
5576 2134
5599 674
1639 2377
3999 3860
3145 3938
209 3570
1291 4799
3556 734
4849 3855
4634 593
2051 5955
682 1413
1005 4634
1885 4928
3474 2616
4452 4340
5732 173
859 1918
1217 1864
586 5370
2772 2508
1818 1405
5911 3016
3112 3538
994 1868
5685 4712
4940 5822
5797 2267
4080 5437
2420 1354
2377 1943
1902 1234
1621 1114
5654 182
1134 369
1098 5645
3353 5388
1538 1594
5941 4074
3977 1258
4702 3644
4041 2201
30 5353
4813 4205
2547 1041
3583 3437
5094 115
1603 1984
1819 4675
3571 2593
5981 5883
1707 2322
2913 2744
5237 5870
2766 1544
93 2451
1674 993
3549 4186
932 4562
974 3677
3113 703
152 3698
1669 4748
2256 1323
1367 121
2944 813
2349 2353
644 5162
1191 2090
2031 4409
3165 3364
1080 219
2145 524
400 890
2886 1716
4645 4656
1888 1271
1309 2635
286 4315
3573 2135
204 2329
4075 4530
2297 400
2423 1427
4437 3872
712 2151
5264 3423
770 4745
4396 2138
3870 18
2746 2942
394 905
3961 2574
4064 3615
1711 4860
1360 4498
4755 4915
1286 1841
4306 4299
436 1754
5744 291
5318 1455
4188 5727
2992 398
4699 2543
5789 636
3021 1558
4153 3068
1896 4122
5699 5622
2864 1063
3779 2718
4705 3354
5594 5443
2086 2897
1453 814
567 2370
4070 5118
4672 1875
2035 1840
4224 3120
5934 3506
116 5429
2775 2980
2535 3631
397 5911
1757 2251
2836 2119
5475 214
4542 3714
2231 3617
272 2005
5643 1495
1810 4801
1702 598
1449 2520
468 1824
70 5309
4096 1358
381 308
3368 5785
3358 3771
1150 3763
2590 202
137 3635
667 2140
228 4145
3054 2317
877 5997
2167 944
5243 2459
3525 1027
4122 5530
223 3319
3215 4574
477 1186
5364 3793
2350 3833
307 2511
5734 1516
2928 5833
2238 989
4829 3303
1740 215
2567 2623
970 2622
1451 2356
3993 1994
5376 1958
4344 2630
373 506
831 1211
1444 5682
5526 3018
4181 667
1452 4084
3292 5706
2462 5621
1898 3242
5125 376
3904 3897
2720 547
5064 1530
758 2814
4518 2344
1854 3372
449 1127
1994 1503
2158 4683
4506 2666
2478 747
3795 5571
533 5396
4429 5065
5048 3798
484 4842
3835 3697
1571 4534
238 5999
5779 2273
4167 2063
3144 3678
4 1352
2298 4421
4720 5876
4182 2986
5229 2510
685 585
5019 100
2731 5647
5872 2908
4621 226
962 673
3278 5978
683 2698
3953 4035
2019 3433
5238 5692
2314 5311
5598 3475
1312 4356
2734 4930
4627 4434
1593 966
771 511
4951 4946
2869 143
5290 1385
563 3986
28 5681
4367 4171
1001 5435
1412 5012
3988 5321
1596 2392
1961 302
2854 1291
1534 4670
4117 4995
346 3414
621 325
347 1954
2537 5990
1659 4581
2444 877
5300 4140
4908 1862
3663 1508
2494 2660
2290 5378
2069 128
3326 4357
1736 1297
3440 5289
4605 5671
4030 2290
528 3991
4235 3584
3763 5731
5058 3451
1014 21
2577 639
215 2189
3537 4682
2504 884
1380 4722
631 4212
1369 5950
1428 3626
1626 4802
1440 4185
4668 5038
3522 975
5906 3376
3563 196
1254 422
1046 3296
5049 3476
555 3444
1907 525
2306 124
155 4873
5372 3394
2244 796
5499 1546
5381 908
4722 5446
4529 2711
5053 2696
1029 842
4543 3051
943 3006
3871 2876
2347 1620
4805 2472
1394 1176
158 1106
4295 316
2631 632
4735 4726
4178 2917
5722 1850
904 437
4206 3651
3229 2086
3777 2944
2083 1619
5407 3590
3084 1729
184 4159
4365 5717
3673 4797
1372 5267
616 4640
5065 721
4179 969
1206 90
4902 6
2899 5083
345 4086
2903 2432
576 3530
4734 4913
4823 2295
3267 3681
5518 72
1823 2152
1502 447
3813 3416
1275 4194
5750 146
4099 5874
4238 2572
5354 1802
4939 1417
5800 2791
3413 3240
633 1018
1356 3498
309 678
4332 4238
3796 2352
961 4098
4405 229
5340 5697
5227 1416
352 1959
4341 690
1925 778
2844 541
5844 907
2071 5310
5907 2602
1539 2780
173 2766
1373 5201
4882 3550
5669 503
4614 1043
5592 483
282 5767
907 1080
3015 2163
4883 1952
1641 1992
3214 666
3311 1182
4473 583
836 5632
1699 131
5346 3169
1467 4705
4148 857
2114 1972
2989 5273
3259 5246
1025 1641
2689 5819
3126 5461
128 2474
4929 4549
4802 1932
4528 1838
2870 74
4315 1693
3419 3926
4901 4739
2027 1523
2323 2496
3079 232
1955 2070
5351 818
2639 2844
917 4464
3043 647
4590 5633
1882 310
3934 946
2361 385
1322 5672
3291 4840
1867 3358
4152 2228
5894 704
2003 3581
2850 4353
522 1518
4162 1763
5074 163
3900 790
1865 5394
2548 5843
139 357
1220 3356
1470 887
1516 5416
1749 2183
3348 2289
1325 289
1082 3172
3328 2360
622 5604
1398 1456
459 2925
5511 3732
2759 4724
1664 768
2800 1304
646 3723
2499 2642
3799 5472
2322 3706
4730 1366
2921 1903
4325 5738
5837 4735
4421 450
5553 3343
5738 4118
736 1421
4377 2200
5547 3260
3256 4188
1298 2349
4478 1478
2724 4854
3990 3770
1296 1010
3341 5403
4783 5783
939 2302
2161 3526
5803 3472
3243 758
2592 2841
786 4274
1627 3044
5239 964
3984 1217
4005 1913
2381 5104
337 1088
3162 104
5088 2094
4469 1439
4166 882
1076 3392
3644 4866
2923 3826
34 5448
2097 4638
4519 761
304 5091
3318 1276
5398 1997
3176 3283
4035 4786
3183 3220
1402 2631
833 4298
4788 2226
458 2064
2871 2935
4613 1744
1849 3181
3840 3824
4603 4543
379 3760
3329 2435
2690 2907
2243 1661
3132 4546
5552 1362
4272 3159
3157 5095
5296 3966
2722 1764
3732 372
1265 5383
4847 5533
3843 3180
4923 1363
5578 5266
2476 2939
2110 767
2175 1854
4263 0
3505 373
4700 5103
2616 2823
3917 2402
918 5531
3816 3510
3547 4253
2040 457
4670 3312
4595 324
5131 3275
2730 1002
3781 726
1542 1643
2203 3784
4268 5498
5996 4703
2182 4877
5477 4143
1768 2891
4138 4321
1194 5445
1016 1672
5010 411
707 279
3621 3831
1747 1774
3854 5329
4200 3670
3153 4349
1825 2972
1422 3171
873 16
1219 5809
4172 2759
2228 997
5627 234
635 3098
3459 5358
2085 5114
1202 2438
4693 2460
2890 3502
4459 5660
1743 5534
3432 5011
4973 1029
4554 4690
5635 1008
4545 2792
122 5898
2424 5281
4709 4368
5764 2124
2455 4659
4043 3142
4454 431
3117 3037
3490 1861
4108 2315
4196 5372
22 5306
2692 3455
1595 1011
717 1225
2135 772
1074 2725
2311 2970
3739 345
781 2750
1695 3271
4917 753
1417 5030
2966 1611
1179 5028
1147 1988
3148 5712
3518 1275
4565 1193
5141 4740
801 4046
2521 3458
5220 4092
393 252
11 4935
43 2413
5110 3294
2442 926
5428 45
2611 5393
5004 4755
4476 4758
4403 1739
3463 3324
5973 3820
3629 1310
1183 2050
4067 4765
2405 2410
4276 5952
3772 2205
1775 5812
4023 4793
3766 4878
774 246
676 5056
5289 3765
4718 401
4833 838
1794 4711
706 1967
2511 1204
2207 2264
3634 5687
1559 3211
2578 1801
341 36
2799 5821
1978 3606
610 3028
482 370
2591 1856
4623 3928
2178 3052
1852 2947
3167 4632
3932 5105
5915 4835
2563 5981
104 4750
3053 2095
5470 895
4416 5541
4804 5619
1077 1845
2188 2327
4259 4111
2518 2309
2778 233
3439 1325
4537 4883
541 386
3506 2509
3207 2940
5222 4836
5683 5979
4531 1433
5657 1115
3352 2950
979 5799
3520 5320
269 2316
80 5986
2486 3541
1729 5748
2758 4663
4467 3473
1228 3995
4083 2827
5600 5261
4818 353
3192 2428
5020 672
3300 897
916 4441
4427 2384
1037 1822
4708 950
5506 1750
1556 986
4093 2179
1442 4221
4013 1418
1697 3888
5031 2252
5811 1026
1143 5596
3643 965
2465 94
3701 1630
290 1772
1211 2785
875 4848
5232 1116
4695 3216
1774 3301
2106 2668
106 4934
2093 4704
77 2181
906 2697
1879 4657
3177 4229
1615 4923
637 4509
1708 4709
2100 1674
2131 5608
2650 4729
629 2156
4981 3704
5955 2571
1340 1382
2062 714
1642 3575
1184 4297
395 4734
1401 1879
3441 433
5469 3223
3342 2596
4381 2416
4113 4585
5945 3140
2862 4603
1656 2825
4169 2466
2113 1411
3241 4795
2099 2870
4611 584
1118 270
977 1499
4197 4382
1271 3724
134 2192
2796 916
721 5080
4012 2722
1075 3531
4598 2748
3417 2167
4854 5417
3270 4991
3757 1479
2803 4622
5476 1473
2249 2173
4566 2008
607 4554
4786 4002
4343 3067
3923 4139
860 3388
2253 5059
1473 3109
2926 2700
806 5457
5740 4847
2030 59
410 980
3627 4742
2906 4818
5034 1087
698 2023
3789 2311
460 1500
2488 1957
3640 1423
1862 5459
185 1857
2620 1767
1084 3072
5646 4863
670 4293
1900 4942
2445 5921
3648 27
844 5197
5083 3333
2120 2999
551 3623
3481 217
5686 3601
1745 2350
2984 4917
4016 3331
1403 2388
1270 3161
4767 125
167 3535
1790 2229
2679 3082
5211 3790
1079 1863
4136 5041
625 3592
5325 4643
4051 644
2711 5113
3705 3761
1665 1191
5703 1998
5124 3663
1146 534
1357 1753
965 3805
3780 5049
4772 1395
4861 1437
3382 3165
2558 3861
2237 1380
159 5994
1485 154
328 1471
1003 780
4423 3624
1666 4497
2212 3632
3331 692
1660 5565
5043 2338
5759 5591
1107 599
5435 2347
5850 3010
5432 3299
1585 2362
4905 4677
1248 2385
5501 5414
1430 4234
5954 2366
3888 4071
2288 1171
2781 957
5095 1946
3071 3682
2963 3471
4244 5473
239 1519
3996 2420
5246 624
783 3338
655 4655
2211 1720
66 5326
4050 81
1608 2859
2509 3719
5638 5764
4638 5696
2682 1886
1320 354
5916 2753
5133 5039
5693 4771
4398 1112
2265 4259
4533 194
3838 5463
99 3993
5948 1372
814 4614
545 5117
4856 5164
1435 3012
2375 5707
385 862
2858 1326
2544 5342
3334 2547
1390 1673
5922 1287
3003 5573
2333 3952
1618 2231
3228 3910
1580 888
2649 2310
3625 3486
2084 5247
5105 752
2414 3401
3823 1823
73 3114
2645 4043
4004 5040
5869 1986
5851 4183
1368 110
556 3061
4330 1162
221 5641
111 3544
2464 5168
2081 501
5619 2069
4873 309
1975 3862
3873 5806
2369 4359
5928 1472
174 2263
4460 1342
4218 5616
5846 833
5527 811
3500 1420
287 1995
1173 4654
660 1940
4183 1556
2797 1930
5311 4965
5652 5048
2812 4908
5151 5781
162 3918
1661 149
4131 1239
2654 2126
5362 4087
4058 2198
5528 5466
445 5428
2142 4470
2718 147
1813 4738
3842 567
3733 5612
4305 4112
5024 4983
1396 1058
1761 1559
4686 5837
2009 1166
560 4646
2929 960
4524 2199
62 2873
951 756
1031 3893
5535 837
5328 3179
5903 5299
2168 3832
5350 1282
3032 3960
1877 44
2284 84
5672 5131
4679 798
1687 3130
1038 5447
4736 2641
2095 3645
5644 2106
829 4285
3790 272
1316 2661
5265 5418
5751 2159
1932 1851
2634 3908
5923 5034
1667 4449
474 652
3617 2889
1696 5468
3469 2436
3519 5452
1582 5695
2439 4542
3812 2449
4199 266
2118 4287
5519 2284
2392 4009
2811 430
933 3077
4275 1429
3558 1129
4431 3519
1685 2431
2658 1538
2049 4133
25 2989
5698 189
3976 4365
4129 4406
2072 466
5688 3980
1224 2787
4841 3779
5857 3895
249 2518
4319 5058
4186 4492
4348 5790
2379 574
1274 1097
4192 4090
4047 4000
2115 5212
536 2401
4444 1527
2010 3231
2817 4439
800 2938
1883 1091
4450 2004
1128 5098
4928 2937
5822 1462
5096 1298
3387 1625
777 92
2982 866
3764 5482
2070 5910
2225 1902
169 2419
31 4513
3810 3339
1551 4448
1209 3459
5225 661
1703 5255
5206 2554
4764 5936
417 1199
3828 2217
3901 5802
5920 5653
1771 3496
3123 5784
1930 1652
5461 254
2483 4832
5014 4885
1020 4769
4513 2374
1017 4317
105 5996
3865 1982
3731 5456
4262 4520
1797 5490
448 2813
3034 608
2390 3405
1141 4075
463 3203
4791 2033
3327 3380
5565 627
4049 4537
2978 1470
13 2670
5178 2237
4015 1598
2514 5076
4216 1737
589 3648
3286 5031
1897 5161
1393 1160
4342 210
2275 5575
4356 5194
1294 5765
1804 4440
5539 1581
1358 2922
1914 4395
4417 2911
3475 1983
3959 5487
4378 1713
1937 5313
1577 5148
1848 426
1654 2915
50 4571
4511 1004
98 873
3793 4166
5609 4155
5991 659
5546 2621
4143 4261
63 922
3769 1076
5700 5642
193 4761
2395 5830
1514 228
1727 5702
900 2673
2788 5270
773 3522
4548 1906
3765 1858
5601 1251
3091 5854
5914 4651
447 3646
4794 1816
1308 4583
2527 442
789 4433
1463 1492
793 5676
1474 1575
585 5711
741 4975
2495 3000
1648 5245
5788 465
2340 5563
1483 1415
4165 777
4144 2293
5678 298
2416 375
5109 3751
2824 2484
4697 881
5532 4181
1299 1947
2267 248
4948 3306
2406 7
4502 3375
517 5703
5833 5006
4655 1783
1591 2978
4287 1355
3960 5362
5852 3321
2754 5792
1964 5235
1705 852
5581 1394
1384 2299
4487 293
3749 1792
3492 5719
5315 68
4237 3247
737 1054
1043 1212
1067 1634
3889 4760
41 2481
1069 1834
5653 5205
2300 487
2000 4131
5341 1627
4419 5053
2116 1960
2278 1707
2733 2517
2165 5570
1352 1584
5902 4535
4803 3030
4743 4352
4304 3419
1904 3201
5467 705
3114 2762
923 2260
1431 2678
5271 451
5944 5433
4816 2975
4781 3972
1584 1215
3897 2452
5241 1305
1471 4471
2960 5451
1777 2842
3867 3951
3118 3877
481 4600
1578 4178
1122 346
3883 478
608 3107
2993 1587
5449 1549
5204 1338
5780 2692
1475 1046
3359 5881
3315 157
2356 5722
3156 867
3761 5182
1629 1795
3116 2306
5329 336
1140 2987
1769 2382
3667 3786
1842 3253
4044 4939
1414 5845
270 3363
668 4820
2309 3733
5556 3033
1256 5631
507 4271
3411 2235
2408 3349
3750 2858
1229 1036
95 1113
278 5496
4731 5693
3957 1668
5060 4260
53 3582
1002 5694
366 474
3010 2739
1 2128
5207 4970
1815 5780
4087 2351
4546 5592
2189 4314
2739 394
672 3350
78 763
4932 846
722 3887
5993 3865
4676 5789
1690 5015
118 1187
4483 186
2352 5052
5938 3460
2441 543
4154 1733
5093 4644
36 3057
5320 3355
988 5918
2384 2993
267 349
5677 1223
2415 3518
5541 2880
4760 2255
4202 2923
1541 2840
4446 5505
5273 2012
880 930
2326 3578
1033 2702
3133 637
5883 4309
2454 1105
3203 5336
2232 1912
1010 549
1570 5598
799 2072
1504 4751
5055 5343
5117 2926
2608 1557
1968 4882
2790 446
1546 4688
3714 4013
4560 32
5139 3183
3279 2580
3350 940
5829 5238
1204 5567
365 1265
3406 2861
3886 4596
3827 921
2474 4547
1517 3949
2388 956
505 2822
402 5298
5205 641
1647 1743
147 3835
250 231
2827 5808
1114 1227
2813 4028
744 1905
1755 891
2270 4685
2090 5865
2839 4398
1657 4804
4137 108
3262 1480
4240 102
1684 1442
2052 5638
275 2618
3872 3633
3044 3348
4953 5556
1234 1016
1512 1891
2418 497
3943 5404
1293 4775
1375 2830
4500 5272
5035 4727
4602 3497
5408 4222
1773 3323
3188 3896
1916 2564
5028 1308
3274 3936
3526 3031
2412 3622
3844 2558
188 1758
914 5656
4289 5094
2433 2127
495 5964
1744 423
5368 1889
1513 2964
1835 3560
4958 1230
5870 3899
4368 5627
4839 5000
485 3189
3408 2047
5778 2371
671 2804
5766 2218
2597 558
2979 11
4061 5804
5949 204
3096 2427
4580 2608
3963 82
3048 2227
1399 4292
4219 4228
1481 4518
5607 5699
1901 2807
2593 626
2663 5974
3570 153
5521 3025
5805 5156
339 835
2098 1014
3576 3370
3161 587
3738 1432
1479 2104
2755 5988
5942 782
1487 135
246 2046
2851 889
3189 1718
504 719
2525 1296
4838 3731
2293 3149
1347 265
2588 2458
211 771
4373 5074
2013 5597
302 2117
2660 5878
1055 4508
4032 2884
91 4021
3551 5286
3541 2391
103 2828
1980 5747
4201 2997
3058 1078
2266 409
4643 4483
299 2298
2751 5145
5343 3758
1751 5334
2368 5116
3026 4602
4184 3753
3931 701
4333 4428
3180 5690
4779 4652
5696 3402
5196 3642
1000 3360
2468 3332
3093 5195
2945 4844
1138 4671
5729 735
5830 2239
3911 702
1573 1457
5163 359
1841 2230
5054 5377
853 5214
5668 237
383 3264
2665 5004
4941 103
1805 1042
218 3787
2981 441
5166 352
1351 1664
1972 1811
3645 2390
380 4089
2881 203
892 4350
688 2361
2001 5890
4025 2195
2980 3548
3878 216
5310 2103
3422 4525
889 992
1252 3466
3837 4871
5935 2334
2919 429
5069 3836
3080 4033
3936 4689
1808 3060
5 2250
4721 1966
4168 330
2184 2604
3706 1222
574 1341
4195 3819
2164 1451
5629 5440
2176 4611
4210 5096
367 2754
1506 2557
5173 1971
5671 619
1652 4116
4255 4587
344 1309
4999 3512
1976 66
911 5857
4636 4476
1830 1006
4223 473
785 2523
5107 206
5275 668
4821 730
4762 1221
5617 5427
3928 4667
1676 5223
2725 2653
5277 5432
5940 2112
2094 2669
4825 4598
131 4113
542 1070
5195 643
5236 4036
2096 2597
2619 3722
3545 5190
5665 3585
2210 2121
440 4628
4768 981
2698 4507
3101 4223
199 2477
2045 4736
5011 5708
4957 4056
5596 4521
3231 5348
1488 3525
2285 2796
4711 3968
5512 4996
1899 5384
490 5016
2915 5859
954 3886
5186 5206
4808 2089
1007 2476
2230 201
3360 1950
5726 78
3190 4460
638 2186
2940 5663
748 3641
5884 1387
2798 3853
1023 3214
2719 2531
3485 3961
1908 1165
4822 5518
5430 5312
4401 2985
4835 2675
3641 4258
872 3973
5263 3718
2443 5743
2575 30
5380 5705
3280 3613
5560 198
399 337
941 4568
1333 2131
3862 3534
973 355
60 1806
5080 706
2104 3291
5731 5014
5284 2056
4310 1953
3717 1671
109 2533
1199 5369
4422 1711
5460 1095
3755 5229
1244 5585
5104 5236
3527 4128
4264 5385
3134 2308
348 2584
587 2853
4851 4200
12 1430
5411 245
3945 4029
3023 3666
2063 4015
754 3191
4597 1762
281 4794
3533 4006
3631 419
3049 5251
5999 5677
5713 3934
2255 5228
2200 4283
4512 2781
4907 3729
5140 3555
2804 2619
4410 4911
4328 1337
143 4306
1828 2067
1507 5193
820 1104
1533 4902
1269 4519
2674 4247
5936 5757
2765 3511
4394 803
3206 3284
5421 1622
5330 2423
5199 629
5670 4560
2389 3302
4434 686
4413 3997
2479 485
3848 948
4601 2657
2962 3195
1429 4796
3805 5704
2089 4038
732 3710
5960 2204
1535 4697
5228 2022
3465 2242
5871 4093
4618 4137
5640 1019
935 5483
5752 1231
601 1603
58 2613
5769 1173
5616 5528
377 4316
3227 4978
3759 391
96 3777
797 724
4875 5577
3152 4461
4311 1233
4280 3178
5038 117
2716 801
2640 413
4290 5589
1459 2687
296 4333
5463 1218
515 2276
491 19
4526 999
596 3314
3719 2053
695 2175
3594 2767
2387 461
1553 5746
130 5063
5845 3573
895 5551
766 2422
5530 4269
3237 4124
3364 3341
2713 3121
4769 1580
4003 1407
775 1610
3948 5213
3258 537
3562 2246
5891 5515
5068 1255
780 2222
4754 2333
4527 5079
4837 5185
1756 4463
5951 3904
1490 4327
5365 5019
888 4240
2783 5827
543 1796
1462 654
349 4377
1071 5576
5248 4684
2670 63
4078 2216
1959 2396
2750 1675
2771 481
5039 5542
156 892
926 1040
4569 5666
2917 1974
5201 341
2066 2488
4600 1658
1028 1836
1466 4388
5339 5824
841 1626
1093 3091
3471 1692
675 2727
3502 5882
2157 1048
1196 2403
891 3292
2133 5494
1509 5354
731 1517
5170 2268
5550 1563
1698 4059
4944 5892
5153 2247
2736 2026
5892 1030
5077 2658
1454 1279
5487 5744
3480 653
3361 2109
3482 743
5656 3075
420 3113
1203 2582
4751 5275
4198 839
3269 3830
3106 2279
3753 4539
663 3048
2795 830
753 4516
4523 5736
3834 2865
4085 1284
4955 949
3016 2107
684 2994
2626 397
4103 5136
2065 4773
2177 3049
4874 1941
1242 1474
5727 1278
2261 3999
2149 623
343 3514
5161 4227
225 3014
5548 1605
44 3164
3445 1294
4530 3599
3503 230
3808 1154
4180 5522
3607 4665
5952 2312
3135 2811
353 2083
5446 1481
2969 98
5000 2816
778 2871
4987 1240
1341 2274
659 2893
3915 151
3887 2034
4564 1665
338 25
3246 3768
1522 657
1536 2624
3007 2598
944 5896
2680 912
982 4731
5814 1511
1725 4932
776 1819
5400 1085
1971 3427
3448 3867
2011 85
5312 5640
658 1090
3600 4778
519 491
316 3540
581 4061
2661 2079
2510 3119
2187 5867
3579 5962
526 5914
1255 3848
3242 3720
3508 1327
297 5655
3879 5100
1873 2901
3276 2336
5908 4592
1927 1730
5331 3080
117 2540
3802 2054
1018 3430
1886 1210
523 469
5701 520
627 3616
332 2921
3618 2879
4632 2098
2383 2066
4586 4268
1330 5723
2410 5709
2786 1999
3388 4477
4253 531
1026 365
5029 2738
5958 1554
187 4487
3160 3254
3891 416
1892 2287
5304 4344
3322 1228
4616 5673
1241 3468
2283 3880
217 1977
1814 4150
390 4538
4998 967
986 660
3821 5276
112 1000
2623 613
5612 458
3969 2801
1052 4069
3919 2528
38 3050
2043 1330
2833 3381
4954 3415
1022 3821
2643 856
4161 4011
3611 4236
4174 23
5202 5919
5385 2507
2048 1248
749 4803
2006 3840
2242 4719
113 2065
772 5922
4286 1397
3366 4174
5018 1877
5390 1526
2257 2640
3655 3553
3014 3206
2801 1745
1845 1896
2866 347
3760 4486
1610 4629
690 1925
4088 1044
2744 2802
2505 5512
335 3166
4109 262
3077 3228
2628 2740
3528 4696
4619 2887
3672 3432
673 1396
1237 4167
925 1468
885 3289
2502 3160
4712 424
3285 3463
3122 5529
4984 5398
5415 2236
4329 3258
5480 2581
5723 4019
3811 4041
2596 1662
1738 2406
7 3448
956 5099
4521 3478
1302 200
634 5614
4091 894
5078 2411
2496 2166
2895 2111
258 5519
4453 5501
2613 238
2531 2212
4171 499
2644 983
4737 4781
321 4358
1304 4489
1988 5066
4409 3002
2421 2074
5747 1135
3138 996
597 5036
4862 2706
1646 5582
1552 4623
1693 4469
2358 123
1543 2297
4607 5196
5728 3489
1167 3811
4142 3883
5881 4083
5508 5906
3462 4345
4141 5818
3776 973
5625 691
2727 722
4265 5301
2595 5007
1843 317
2401 4985
2346 2184
4629 4837
3115 4693
2236 1755
2761 301
4591 1459
548 504
4331 3277
1334 1651
2647 4833
4752 5450
2523 5133
4098 3705
4728 3935
1694 2954
1171 5410
4777 3614
2141 870
5498 295
1871 5925
2581 588
1791 2899
5579 1592
4060 2655
5348 311
3642 4759
1329 2165
1948 2369
1734 417
4258 3086
3898 1793
5828 5899
4689 5853
5529 4821
3004 1683
3665 3005
364 4064
401 3445
4227 2774
4115 4417
160 5893
2470 4715
5155 3988
259 4744
4441 5054
598 165
4475 4849
5455 3085
1600 4401
825 1749
580 2434
558 1502
3559 2091
2310 405
5353 4062
790 4096
125 4884
5424 685
2832 4898
5684 2019
4140 1540
1795 5800
1159 1797
4384 3921
4380 5081
649 2041
4840 1760
4071 984
4194 4453
245 2869
2714 1934
5995 2445
3467 1855
5986 5277
1163 1593
2922 5415
4033 1647
4904 1344
3456 5337
5333 508
5347 902
3498 3680
1604 4468
5879 3003
1343 1340
127 5357
4775 3716
5862 5324
3710 3913
2524 5188
3950 2845
2557 5982
3282 2591
1048 5947
5632 4813
1060 2148
2708 4540
5549 1386
1792 5954
4081 658
3208 4909
4239 642
1332 3042
16 1400
398 4172
2469 4919
3027 2761
319 5419
3290 2490
3622 4115
1558 5284
3736 3778
1662 5594
2402 1339
3651 490
1993 5165
1408 2674
5453 1086
2162 4379
4316 1260
3271 5263
5394 4564
3216 4982
656 61
3438 1220
2958 5078
2737 1786
4457 75
2703 3662
5574 2833
1786 4445
4738 1219
405 257
3863 3461
1292 550
3403 2920
5680 3542
5980 3911
330 2715
2430 2646
3158 5345
2901 4943
1798 3063
2857 5366
5588 1256
3560 3692
2122 3426
2053 843
4215 513
1307 42
2885 675
5522 3408
5026 3108
496 4608
5735 2278
5534 3227
1226 47
5007 934
1550 2928
5725 1488
3222 4255
1123 2444
5116 434
35 4708
2970 904
5129 5825
605 4710
3967 4108
4176 436
4082 1505
614 167
5144 5341
1355 1392
2959 4329
4430 1345
1253 2689
3330 617
3947 2122
997 505
1920 3845
1101 4144
4661 4527
3826 2313
3847 2182
834 5650
5478 4624
5860 5375
1893 2085
1970 1264
4026 4743
2153 3261
4894 297
4234 4231
2865 176
5485 1606
3223 5759
2432 120
327 2343
210 1837
1421 2202
4868 1034
2948 3034
3555 1140
136 5684
157 1653
3137 3658
1198 1539
1986 5886
2520 122
2413 1962
5418 4168
5314 3197
934 3837
715 2803
1073 1963
3892 3400
1497 4550
2559 5436
1688 3639
3409 79
5587 4346
5302 5504
257 5090
5970 3588
3652 4328
1264 1814
3882 5068
4278 5152
2572 5564
416 3327
5631 5242
4889 185
5157 3766
69 3345
1714 5470
2271 3021
340 3316
2696 4569
4334 5249
2394 2206
3244 5861
4599 5967
3399 3925
3217 5202
2171 2191
2845 3827
1741 1295
3029 739
5947 460
2705 1550
3046 5880
2136 4088
1544 1163
1115 5543
2598 410
3460 91
5538 5506
1339 3856
2785 4165
3455 4018
4002 601
3424 2430
4039 932
3942 4397
192 4490
1149 1318
4314 3687
2603 4342
4997 4068
1592 1504
1526 4454
832 3397
2820 1028
439 1722
3841 5726
4359 5842
5717 3293
3585 987
4455 1461
1468 1346
1999 1200
1099 3190
617 662
3726 5155
454 1172
910 1174
3839 274
3442 4488
578 1226
2974 77
3577 5411
4630 886
4798 3009
1207 139
4745 5085
3654 1001
4308 1301
816 1314
71 3145
5405 1139
2863 5248
2023 3027
2789 5283
1760 3186
5976 5458
3375 1991
591 2283
3858 1901
5694 5623
3302 2328
810 836
5762 3587
738 4214
2632 4343
4855 878
1555 5920
937 2685
5187 3764
5584 2910
3384 1679
3078 1569
879 1791
5997 3654
3095 1365
2908 208
4493 1262
3086 939
133 4296
42 2648
318 5973
1521 2461
3391 2957
4350 4754
5815 3780
2112 4952
4485 3984
2618 3750
4563 471
3253 592
5886 307
79 3943
5257 1052
5417 89
5165 4510
1612 2996
4920 1765
2882 1235
5705 849
171 475
4520 2539
1811 1560
5389 1169
268 677
3985 5539
4517 3464
5591 5361
3105 5051
3428 1435
175 3959
1478 5942
3612 2894
3791 5984
549 2009
444 2573
5876 5009
2648 4085
4551 5042
5898 5151
301 3924
5100 3298
5005 4304
5255 4243
4800 3611
254 5998
428 5023
2008 3536
3458 1032
2941 723
3849 388
4465 1007
1109 76
5745 2097
322 3024
3392 4025
5982 1384
909 2172
4159 2437
2671 2886
905 2991
915 1908
2830 3728
3991 225
1564 2031
1436 2595
1311 1181
1869 1776
3744 3956
1935 5977
540 1555
2695 4275
5889 794
5864 4037
4086 3879
329 4887
2321 392
2584 4262
276 1635
3008 3889
57 4500
2204 2144
350 2629
506 3443
4054 2600
2268 2503
2932 2324
3103 1614
703 3347
2667 3193
5966 395
2304 5061
5098 4005
5262 4224
2005 3424
3397 5218
1997 1147
1763 5980
3363 3643
3694 2424
513 351
2950 4458
3395 96
407 708
2841 2783
3166 1460
1065 1670
4299 4783
3603 1805
3111 1179
5266 618
2460 3689
5092 1938
4555 3469
456 4154
2262 4383
4059 958
3319 4791
1484 2776
5572 1142
4212 795
903 3257
205 1646
3299 2763
2840 5110
510 586
5977 1798
5335 4177
4758 4010
3626 776
3567 3527
2348 4752
1622 4184
2489 1787
537 3950
2160 4852
2700 5566
4927 1642
1802 3141
1872 824
4248 3474
1568 2691
711 170
2629 2120
5391 1229
1679 3591
4217 247
4692 2818
4084 2141
520 2850
5943 816
1809 3817
5813 770
4890 3320
3702 5101
396 1289
5159 2326
2815 2607
768 1075
1251 4956
2374 573
2550 2603
3344 783
1127 5233
5950 3919
4037 5328
4008 3328
5194 1431
5051 4209
3775 2125
3581 5540
4128 2866
4903 1253
2614 130
1500 5026
1731 5382
2039 3568
3433 3212
709 4977
293 4273
3404 3640
1041 1375
4968 1490
4887 5932
561 5770
4612 4829
5185 2541
1728 5993
4867 2378
1929 3365
409 1334
512 802
4980 199
5445 1685
4019 4834
1890 3133
511 651
1548 4648
1482 3792
3317 4899
5667 2029
4225 1698
486 2837
4046 3971
4442 920
1495 736
1891 959
3584 5995
4539 5159
1273 791
2193 348
1785 1680
4938 2154
5113 3266
1939 2627
887 3153
4914 1196
3199 1980
5971 3124
263 2259
2677 2153
5956 5816
4121 945
2704 5253
5905 2848
4888 3503
2987 5282
3130 1780
4525 1585
3982 4121
756 277
4588 2414
4022 5047
3809 2656
5777 1890
3718 3749
4819 1928
5215 3571
1070 5280
2565 259
4659 2637
5334 175
729 4351
19 3134
4185 187
2437 2049
1981 2645
3709 4198
5987 1283
1145 3221
3606 3744
2046 3438
2806 1616
1576 5813
4706 73
4072 1243
2707 3058
4801 594
4387 3806
4863 507
813 2501
5247 3953
1913 5250
4831 633
2269 1102
3333 1706
2935 5055
3704 2860
4826 3219
2273 2340
1388 3282
604 728
2691 2705
817 222
2859 2611
2318 4678
2562 5465
3657 5243
3536 2058
869 2001
5660 4257
3028 2712
1165 3488
2016 435
115 4960
725 1347
1650 4971
3773 2732
5692 5488
3390 532
582 2671
1232 2552
1391 288
992 2238
3815 1370
4482 35
4872 1541
5580 1926
745 3671
669 1835
4358 459
3507 1445
2977 1578
5834 5685
2191 1839
1529 1485
372 286
5868 1859
1581 4730
3381 649
81 4123
2152 464
1905 4241
5807 544
1602 4559
4714 3844
5559 5256
3213 4326
2192 4072
4559 1727
2829 2610
2721 1402
1364 2354
5754 5755
1837 1830
2154 4526
2956 5230
3820 774
5589 5359
462 1398
1895 5895
4937 1072
5399 3655
839 1259
4491 313
1181 2542
743 3092
1201 1900
868 3117
827 1121
3554 3239
1480 5639
1776 1103
1389 3307
5180 2665
3024 5395
311 523
4042 4669
3410 5602
677 2731
4792 4473
5458 687
714 953
3234 280
2319 3457
521 5130
2676 2550
234 1522
2621 440
701 3100
3914 1741
2196 5803
1767 5548
5910 5794
3294 1852
241 4673
5316 5953
5491 260
1912 2052
1095 5970
1839 1373
4644 5523
5990 4825
2258 4941
1133 5776
4282 2929
5899 2664
4594 1545
2216 1368
3751 2078
2513 3046
3916 748
4021 2002
3369 2149
2245 1371
2943 5572
1969 1583
5861 562
4562 4106
4036 787
4242 4607
5154 5265
2021 4905
1492 287
3595 3653
5736 757
2222 4647
5388 2924
1280 496
2501 5691
5464 5476
746 3482
1413 4968
1125 732
1385 5525
1285 1715
3354 3059
5378 141
3698 3337
5008 834
984 4176
3906 5714
508 5173
1154 1784
3499 3650
4439 343
3646 4666
5633 2465
3913 4717
3098 4420
3504 676
2686 896
3752 5013
3434 3479
4696 1263
1182 4686
5308 5615
255 4147
4363 4415
5933 49
1170 634
4750 3352
1973 2626
4684 420
5433 2491
5753 4503
1800 3175
432 4410
1314 4003
1527 2440
3337 4310
4440 4691
985 4881
2604 1192
5564 2319
5216 3089
2678 579
653 4782
2014 1700
2146 693
177 4126
4045 3742
20 396
3814 5773
168 4045
739 4872
5931 70
3220 4187
357 4334
5439 805
2172 2214
4175 3803
142 4402
3531 4341
2139 2076
1499 1286
5114 4800
4653 3013
4897 4855
1880 5025
4641 4940
2780 3174
3685 3656
4971 5350
2507 3246
630 171
1759 3996
5128 909
5297 2569
5622 2376
971 3204
4211 4950
3658 5935
5628 52
3978 4226
3933 3249
3653 712
1709 1206
1346 3675
5012 5590
3774 4972
1152 3150
3012 1881
2990 5210
2082 5637
4279 3916
2015 1017
3981 688
3150 670
4499 5037
371 1053
351 3205
3628 1654
5748 3847
5240 2988
362 5086
219 5957
1187 1521
2893 3073
2968 4918
1061 3788
1387 2927
5409 3081
588 1134
1739 2405
4790 3580
419 1981
3039 2367
4228 1408
1457 2933
5624 3184
713 3267
1525 5146
5776 5339
3801 4073
4690 529
144 1572
82 2525
121 3600
4540 1055
2967 5844
2693 145
5819 5111
94 1098
2757 2425
5412 2965
3770 2277
5097 5514
1278 4432
411 1150
4963 4225
5968 239
2889 3554
1859 744
212 2208
5158 4384
4339 326
3308 2162
4866 1377
4810 1985
3859 112
2500 1996
3604 5752
3493 4955
1004 3708
4919 4676
5025 4637
3100 5721
803 421
5174 1794
3171 1586
3155 3198
538 5741
5323 4232
1235 893
4110 5295
1262 5032
5904 4824
1563 2341
5957 3562
1015 1990
3729 269
4584 3696
2127 1410
691 935
264 1390
1406 3344
1225 1738
2417 1860
1680 275
3737 5108
840 1213
4828 5493
5050 2245
899 5796
5086 1177
4678 604
3233 166
5666 1535
4550 1573
4335 1922
492 4576
5063 2784
1126 382
2055 5176
5244 3146
922 2681
5188 1389
4698 1602
469 5686
3491 526
3689 4749
3958 2680
1066 5332
1821 1955
5279 3783
3687 2589
4510 2100
5442 4446
5662 711
2791 3673
4573 840
3373 4895
1628 4958
5785 5724
151 1065
2735 2567
2823 111
5554 4135
4646 2516
978 3393
2344 4376
4461 4998
2206 4875
2560 3556
4556 2000
1185 4920
689 4642
662 825
3169 3126
1019 5316
4961 4557
5291 4904
1407 5492
2896 60
4972 2108
761 1869
1050 4903
358 5944
4578 5503
2463 4027
2195 5455
2354 5297
4497 5762
1923 3069
652 4094
59 3490
3097 3029
727 3649
913 4850
1246 5651
3924 5786
4150 4536
1934 4117
4149 29
4654 516
3000 1552
68 1066
10 581
4213 2318
5061 4496
326 2123
5070 3586
15 3269
2949 1820
480 663
2653 1944
3564 3730
5299 5495
3553 4080
5681 2769
4774 5274
794 3794
4871 2982
5191 364
2843 3618
4246 31
4915 766
2898 3920
2331 1766
2059 1447
2221 4265
1313 256
1765 2051
1064 2114
2117 4953
5403 4524
4480 387
4870 4565
3538 5888
4747 5850
3534 1699
4900 5831
2747 3864
2190 2779
4376 2951
3569 3557
959 2735
1510 4031
4815 1969
2876 340
4388 5532
4327 2036
1958 5535
2991 3504
1789 2749
5621 3022
4589 1649
2102 2562
648 3413
908 4906
3201 174
5866 2931
1104 4103
5877 46
3255 1659
1216 2900
2235 212
5219 5636
3614 4372
237 4785
4447 3452
2400 2534
5370 118
4994 4504
3619 4779
2576 2348
5994 3775
2107 4484
5536 656
3501 4101
4852 3521
2779 381
2587 1467
3036 1529
924 4880
5193 4367
1632 799
2219 1452
640 5142
5313 1551
4300 4862
5468 5216
3664 792
5984 664
632 3317
822 3923
4509 3679
4024 1695
1295 4335
5917 2115
4000 954
1833 1022
2965 2536
835 321
2493 2270
5256 3441
4352 3738
2554 1110
5037 5315
4208 4870
865 1949
568 3182
150 4466
3394 4812
298 5264
3970 4245
4494 2736
2453 1533
5603 3909
3725 1597
1129 2764
5773 1031
4770 4674
661 596
2748 3532
2022 1883
5675 2045
2042 3371
5429 1335
2353 4267
3824 5933
3457 2798
3728 2211
1013 5485
224 1609
618 4687
2036 4572
2985 5580
1781 3813
4725 261
603 1790
2259 5537
878 4757
2123 4431
1721 1506
3224 5807
4158 327
624 4994
626 4841
3389 5698
55 4152
4385 5442
5137 2265
430 5810
1949 179
1272 1987
969 4961
2174 2688
4911 5750
2205 4843
2076 4016
5502 4481
4674 1769
5099 3627
2378 1302
3287 5124
3050 518
1155 3032
3332 4856
5900 294
3447 3123
2849 1568
3686 1381
3272 2896
5190 432
1197 5477
3747 2800
3412 5219
4232 566
5825 5713
424 4114
4877 2831
3735 190
847 510
795 3222
5824 5259
2166 1705
2498 1897
1039 455
288 5538
815 50
3371 2495
705 3325
222 5360
3511 1025
2173 2209
3031 610
5327 715
876 1756
4918 864
4516 2808
2601 759
1315 5480
2407 2709
2194 3243
1085 162
569 4455
5021 5300
3909 621
530 4823
422 5171
1644 3335
1671 528
384 1376
3446 8
412 5546
856 1197
1910 2771
3696 300
0 3125
5770 521
4663 5945
5017 3422
5839 1589
1853 1779
2855 2320
464 4054
2440 4616
4056 5254
3277 5607
37 5715
4424 3409
3711 1183
5641 3809
2760 640
3597 4987
5840 2043
5393 3870
1378 1644
101 3238
4415 2059
5123 2363
4715 5027
1579 697
2461 5856
2681 684
4639 751
2482 5449
1587 2234
1438 1813
2912 2291
4807 4102
2287 1624
4414 4879
2662 1773
566 156
3610 3559
4257 5363
253 2854
493 3105
235 5924
5605 5183
4773 5664
2366 3982
1441 5431
1030 86
4271 5344
4577 4662
5234 2164
2672 2527
3660 3330
5130 707
3303 1844
3845 665
1979 3629
2411 4501
4683 2904
1469 5956
1530 3754
2199 602
5998 5965
2638 5399
1105 1137
4649 168
866 3725
356 3912
251 1923
5533 3789
4739 5439
2624 1945
2126 1293
180 572
5142 1207
1834 2672
5651 3210
1096 4191
2492 1909
2150 3083
1951 1697
5324 3035
1178 384
664 3384
3746 5290
2370 235
4956 4838
1327 5718
990 71
4687 3230
4538 1917
3362 1122
4068 3690
244 5937
5515 3262
584 5864
3890 3357
2555 1164
3487 2724
3833 1188
5152 2185
1678 4008
4120 4874
5082 2190
843 4886
1132 1894
4992 2146
2148 2426
4436 5474
3550 548
252 3657
2837 3745
4583 1536
4040 40
2332 1463
921 5293
3885 4595
845 2017
1276 3233
4303 3898
1838 1424
4860 292
562 241
4379 5232
3941 1332
5555 3425
4567 1512
757 3346
2224 2061
2017 4545
3633 4319
1545 3873
292 1288
4945 3122
1456 5536
583 1351
1051 2285
5079 5569
5067 4048
4134 2778
5041 2636
1233 5209
2530 3378
195 3208
3283 1440
1486 1884
4596 4403
5269 193
3484 5634
1518 3389
1354 2096
5226 1656
3453 2839
5015 1438
4925 56
1124 5963
1260 4798
5052 1682
4906 2113
4463 3757
2325 4216
4778 4197
1287 2011
4241 3481
3260 3801
3794 3440
2939 3
471 745
4656 2220
5682 2881
3688 2790
948 5894
5774 3746
3001 2030
3910 749
5121 5349
1102 15
3896 4589
3851 2586
1575 2447
2794 4195
1589 4811
3212 1486
819 4320
1640 5499
3850 3647
5772 339
5474 4807
1139 4149
4652 48
1303 5989
3288 4196
5895 3551
2334 2806
4967 2323
3768 3070
5859 3310
5636 2304
2274 5586
3013 1799
2997 271
5561 4969
5379 3516
3338 2751
5798 342
5796 3039
1247 994
1730 5064
2330 2240
194 1878
3325 2433
1733 4332
4898 4499
5964 4593
2491 3410
1424 4605
4065 5119
5975 477
2809 2075
4399 2838
3372 2777
1319 3385
5382 1237
4909 2412
1472 5900
2328 4974
750 3281
3734 3251
5562 334
3033 808
674 3287
5513 4230
1998 205
5337 5848
759 2694
153 2325
303 2667
2848 3930
2767 3377
3720 1601
5746 2515
3478 4246
4809 4552
5358 1613
5197 5401
1250 4392
4763 1153
3468 3747
1087 779
1547 3940
1663 1012
3184 781
1947 4055
2337 3967
4406 1269
2092 5985
3030 2690
5336 1510
995 3810
4018 5338
4321 5959
176 5939
4069 4405
2856 2489
615 859
818 2207
2651 1548
2292 1751
2802 522
4651 978
2281 4249
704 172
5793 1280
446 5524
26 869
4106 1238
5514 755
4250 438
5221 556
2025 3610
5146 851
4666 3808
1227 1458
5893 5412
1691 2197
5718 5889
1289 5386
3479 1292
5489 2258
1448 5481
2931 2794
3052 2609
612 5587
4575 5849
3305 1448
4726 3558
5650 4311
230 5674
4609 2932
2214 4672
5377 5335
2057 2068
5126 4095
363 3859
1053 3945
1638 2852
3623 2625
1166 4393
5875 404
5148 3194
4346 3412
5597 106
1426 142
2976 1650
87 4514
967 5180
1419 4502
5775 5549
4361 1632
1816 1579
2004 580
796 197
930 3087
4284 4017
27 899
782 4482
4028 4973
1720 403
4990 5983
4507 4702
2324 4289
2536 4639
4116 5553
4806 4202
4694 263
4432 4548
2955 1915
1982 2006
5595 3539
1068 4051
3120 1274
5282 3417
1040 3076
5642 3743
4501 1414
4251 5073
3543 5389
1142 5611
2512 1742
74 826
1006 3683
3476 5879
3697 4107
5918 1281
755 80
5102 3136
1987 1812
3461 5782
4428 3493
5091 3637
1831 2060
3261 1528
5573 1975
47 2150
4105 3546
2835 1436
2683 4522
4353 3713
2538 4566
4464 5630
2364 789
4765 786
4458 4318
4135 2590
535 2741
4811 333
4089 5390
945 5734
4724 3797
240 5579
4836 3543
2272 4189
4557 1068
4671 3449
871 3143
3226 2296
4899 4100
733 2843
1078 5669
273 211
196 1888
4514 3795
1643 2475
4933 3157
2497 2099
1161 2188
4488 4868
1432 4305
1218 1961
1840 2628
3393 3101
4374 4291
552 4331
752 2946
3690 2473
33 2728
4383 3933
3561 635
4170 2914
2490 1927
2656 169
4451 4914
1992 1842
3154 1887
1824 2281
4283 2701
4976 848
483 1849
170 5797
1826 731
1990 2963
2894 3917
2986 38
4193 2707
896 1929
2363 883
5397 4495
3090 3800
2159 5732
1382 1236
3721 5620
2202 5367
3349 244
5679 306
4097 192
571 5740
1921 4922
4505 1489
3980 4263
3727 4580
4704 2863
2459 5754
3437 538
359 1241
452 4948
5002 3062
4017 5008
89 5758
2264 3665
1086 2834
1906 4732
5322 1336
4785 4451
4532 5268
3938 4394
3193 5184
823 4716
579 5179
4412 5938
3063 4827
5410 2856
1088 4679
5072 976
3515 113
2954 5424
418 4049
5087 2359
3817 101
2320 4423
3616 2155
2847 1866
4740 3064
620 161
5440 4418
3497 3485
3296 361
45 476
4891 1477
976 4720
828 3326
260 3152
1493 3305
3018 1728
3425 2872
1437 1024
3542 3609
4975 4692
5217 4784
2617 2269
2996 4438
1928 5742
3521 1125
2934 5904
5865 449
4741 3351
3374 1735
1770 3958
148 5024
559 5189
4393 320
