6000 6000
99 3771
214 5901
5647 5748
3289 3871
1919 2623
5939 5552
5215 899
1780 5348
5638 3888
3962 1858
2258 1724
1358 137
1597 5016
4733 2548
3379 1413
5282 5734
4378 2228
399 1334
1299 2597
3117 5607
3446 4269
4455 2968
958 2659
5599 4393
918 3218
2426 3846
1145 3413
2701 2873
178 762
1028 1796
3678 4978
2431 1881
2371 5225
244 2419
3613 4832
5598 5954
2716 1394
4165 5593
2149 3619
3083 4120
3525 1043
2529 2289
3188 3502
792 5990
2313 4025
3682 2268
5246 5706
5677 5779
803 4374
4926 471
2834 2392
1820 4539
1547 1775
2551 3740
2437 4813
5852 1595
9 5097
5248 2349
5495 5320
706 620
5177 637
5190 3655
528 1016
5365 3147
5200 1210
5823 4191
3459 133
995 2079
5120 5431
1533 1272
2929 196
5271 135
3313 744
3985 3934
1501 2480
2558 4396
1520 3649
698 2930
515 1490
3311 2606
1078 499
5019 5237
2362 4424
3303 1352
418 4989
3003 4320
3991 2124
246 3008
4579 1060
2860 1876
4933 1516
234 3532
1107 5113
4678 3627
5952 26
873 578
5569 1939
5912 3026
5384 2378
1304 5510
4293 1067
3953 2204
1920 1509
5178 5482
1114 4325
3620 1261
5898 3084
4041 5106
1260 723
2089 489
1717 2721
3805 5791
1334 758
3539 5104
2449 3098
91 5180
2101 1038
3650 5306
831 956
5188 3884
1119 2098
2919 2278
2774 2430
828 5363
5905 3968
1828 5388
5096 916
1594 3436
5716 3312
2445 1269
465 1904
5608 3675
2906 5414
1614 4860
3655 5011
3639 5019
4659 5136
3312 4603
1853 2831
2114 1493
2517 1183
623 240
812 634
2288 1687
3475 5795
1410 2249
4950 5326
2461 5228
4162 4364
2394 98
2697 4623
2715 2954
1060 1609
508 9
2872 5562
3852 1078
1099 3646
2246 1180
1285 4928
694 454
4592 2400
1392 4745
4965 3349
5349 381
5851 5297
2438 2889
385 2361
1857 462
925 5480
702 3285
4473 3404
222 2525
1939 4755
3946 4190
3382 2607
1915 1424
4877 4188
524 2304
3939 2277
1845 851
844 61
2727 122
1716 2947
3941 282
3036 3547
4457 3967
1652 784
2592 4291
526 4392
3886 2887
4874 3556
536 3187
4137 2997
3262 1087
432 334
4551 5092
2936 3815
1840 2223
4353 1238
555 1486
3757 4464
4477 5994
4752 3158
1540 4376
4089 3684
5966 3159
4509 739
5795 3622
3545 1500
993 5279
3402 1829
4672 1041
4009 1169
5412 2649
1543 3029
2200 1366
715 184
2285 5500
4747 3162
2983 5294
1367 2287
5623 3536
5204 3275
1672 2666
4695 68
2639 3898
5920 450
4267 4940
1159 1476
4514 559
4484 4150
2895 3511
3584 1077
5348 21
5625 4360
985 4163
1570 1706
5809 3044
1316 5072
4091 5515
4590 2578
1634 239
213 149
4506 331
2583 5213
3171 4423
1970 2354
4799 2504
5604 2407
4748 3013
3066 2948
904 997
4934 4128
1246 4161
2712 1260
5564 315
4737 4459
4008 1759
3206 4230
1812 422
5030 5740
3590 2379
134 1765
1729 5076
5104 2699
3789 4012
853 3625
2817 1944
969 1745
2419 5696
391 3139
5554 3751
1087 5671
5741 5715
263 1551
3412 3840
1322 1590
93 5390
865 4305
5320 3268
2015 1783
2032 2181
4617 1466
3330 5870
4607 238
3033 2399
1309 5112
677 3240
254 3086
5118 1161
3708 1621
2856 5327
3427 428
4066 5387
3544 5623
2614 1527
2631 716
421 5293
4705 2905
2360 3902
3711 302
4300 3286
3374 3398
3929 1657
2699 718
863 2941
4845 3344
3194 2788
5644 3541
3093 5812
1724 1870
3371 2546
4067 1488
4344 836
939 968
1357 5823
2359 957
3783 3300
1288 2813
5389 1449
700 889
2348 1751
2163 4770
21 840
2879 679
2374 5701
4779 5894
713 124
1601 5491
358 3940
4389 2052
1045 1052
1838 1162
3926 795
416 4534
2198 1673
4983 769
3633 2311
5891 3231
634 166
4 2369
3493 1886
911 5818
859 3524
1775 1059
3376 3518
5323 2115
5022 2981
312 2808
1903 1290
1221 3971
977 3243
3005 2443
4417 5841
1125 3423
5205 1297
5865 237
3856 705
5193 5644
2702 1766
192 3315
4286 3703
4691 3598
5155 3613
5594 2743
4818 1046
738 5599
3135 1103
4825 1295
2931 748
1303 1585
3118 3112
3511 2643
5772 4535
4725 1760
1386 5884
2045 3798
4082 1483
804 3573
3989 2449
2239 3962
5109 151
5328 2083
3507 1142
3885 1094
1881 777
4728 721
3277 5937
2793 4421
1447 1478
5143 2409
1994 4034
1170 4109
5509 2642
511 4463
1198 5108
3831 2857
3069 2444
4935 367
690 1890
735 5147
5869 2078
4292 5961
3611 4404
917 5608
2220 2742
5125 3500
1482 860
2405 321
2858 415
5596 5971
2116 1727
5404 3440
97 4821
2468 1919
2105 4253
1389 1489
2095 5692
3424 3973
3229 3156
2746 5621
2762 2613
4013 4918
579 1310
5452 2996
4334 2921
5514 3035
4921 3654
920 4667
3838 3845
4057 1211
3822 1731
1764 4382
2650 2693
1477 4035
2424 2198
2488 4605
3645 3487
1382 2137
4944 1871
2833 1252
3857 4573
4404 314
2210 1028
5864 3782
4115 1846
2370 1925
4407 5445
801 4384
3966 2200
4088 1936
1031 3314
3766 5618
597 175
5917 106
1562 4748
5007 2415
4189 4779
3010 3364
4143 2821
1923 4439
294 5799
1162 4793
2397 3711
2291 1522
2367 4405
4844 3702
4219 5269
5456 1768
3247 4165
2403 4917
1245 3137
1850 5083
5410 5029
4049 5839
5231 5873
5584 1511
1439 1433
1991 5949
1411 2713
1745 804
2713 4484
3636 5161
271 270
4109 4848
1509 3001
3467 1285
573 1158
2796 3687
1027 3462
4244 2230
4179 2884
1185 174
988 316
389 2461
3847 1273
1115 5186
137 2290
2451 5627
4376 4415
2456 5798
2308 2086
225 2542
11 4607
2772 4314
2881 4238
3672 4146
4798 2462
4448 593
5032 5572
3077 1454
1166 4855
3890 3150
3187 2646
4855 4336
5028 2725
1456 5483
4657 3970
2181 74
365 94
5565 3886
5105 5596
3893 1693
2798 4391
238 5035
3056 4977
2121 1611
622 3774
1006 1626
3 5505
2530 1994
4772 643
3357 5628
1049 629
5092 23
1200 5317
334 4590
144 3103
3932 467
1077 818
492 3219
4859 882
1561 4011
3714 3295
493 2187
5955 2402
111 1700
1606 5800
5624 3682
3331 2586
4645 4875
4294 3869
4499 1337
3720 1965
2619 1587
5701 2151
4317 3025
566 2003
1176 662
2593 4264
5334 531
5996 1633
4801 3024
3604 2874
0 3015
4998 1539
1875 1758
1024 3578
965 1982
333 846
1691 5958
3863 5140
1639 5560
2476 1374
4159 79
5086 2084
2548 4435
1448 4910
2084 3956
2236 1575
1076 275
1465 4653
1560 4999
827 5193
1362 3183
3889 2864
2227 5194
2815 2396
1478 765
4732 3154
5746 4040
1985 1090
165 2879
5847 4255
4119 5105
4043 5067
3737 2439
1104 3076
1916 1549
2883 2999
4078 3804
1747 842
4649 1738
2970 5368
3734 5376
4363 4741
5733 4201
3866 3773
5425 2734
4565 3153
3599 4703
2835 5131
2277 963
601 1217
1835 1725
2724 874
4713 2069
1962 491
2496 3856
5012 4429
5611 1026
5983 3051
3975 676
5783 1316
4667 2682
3898 49
4271 4892
3420 5774
2295 2426
1638 229
2982 2028
1735 2736
208 2840
4077 1276
4191 1404
2245 5079
2102 195
5597 2897
2413 2530
3392 1999
1232 2253
5992 2644
5025 2900
4892 4961
4166 5234
5521 2326
354 4843
3486 4029
380 2131
1932 4503
1412 1884
5830 4802
2448 1679
5083 746
108 539
506 3744
5810 3079
4068 3294
3587 658
2832 702
2587 1984
824 5143
1948 1610
5135 1432
4875 2207
2735 5749
1685 682
3175 1664
5418 884
3483 4079
5503 2990
1059 1378
1538 4125
2859 2633
4940 4763
6 5372
5486 2199
2172 1199
2309 1962
4821 3772
1377 2031
3817 2943
1504 254
3742 4951
4497 4833
1917 5158
1407 738
3288 4164
1122 1425
4255 4209
5053 3334
1603 932
2140 3678
2971 3665
4981 1972
3508 5643
1182 3585
1990 4901
3519 5066
4930 2190
4349 249
4640 4775
1026 3359
4409 3430
4560 3589
5753 5898
888 139
4361 3000
750 3691
4207 3802
4204 309
5924 3056
1361 619
1155 1434
220 1326
5477 3515
577 5672
4904 1618
893 564
188 4500
5957 4375
1605 4327
3868 523
204 1788
3827 3607
1270 4352
5943 5170
4229 1313
1656 4789
1686 4101
3321 2618
5293 5375
5297 4111
4730 1593
3413 2074
3286 112
3612 3648
60 376
1156 946
308 2526
4466 1903
5754 3209
2576 4754
2153 1515
2355 5070
3369 3569
1238 819
1137 5111
2996 2117
2450 3779
4632 2089
2270 5886
19 255
2993 3887
2498 1122
5840 2765
2267 180
5934 2388
4858 5235
5189 1889
3627 153
3186 3907
1220 656
4832 2319
1774 375
1574 640
3698 5270
3455 1325
1750 3827
2462 5074
4496 4872
3200 1248
2744 3340
4696 5682
1945 1446
3237 2136
2128 2509
519 3742
443 1349
2341 4687
161 3731
83 1388
3492 3720
1091 4816
5715 5137
145 4479
16 1608
5724 5260
2662 1327
2839 540
1600 4971
5648 613
5201 4452
3668 4845
775 1980
4146 866
95 772
35 2676
5437 466
678 5465
4774 4422
5378 719
5244 5274
4245 3775
133 3616
2689 1620
2797 5881
5464 1713
3241 2986
1257 1532
5781 4678
548 4963
5523 4980
2720 3365
1525 3658
252 4778
5491 4602
454 25
1539 3053
4153 1782
1872 1458
4130 5013
4777 5324
1935 2744
554 426
2472 92
5078 4824
2014 5334
1900 515
4003 5651
2801 3766
1189 4006
5616 2093
1569 1096
5116 453
4156 2603
2490 5741
2300 5999
2748 2375
2538 3342
606 1191
5875 1010
3038 2280
193 5551
2411 114
5063 2171
5573 4990
3297 2519
4500 4398
5163 603
2408 5548
2926 2129
1071 930
3337 771
1773 5291
2271 5101
4578 3055
5233 5056
3609 3002
5403 58
2292 1518
4212 534
3431 1239
5632 887
4324 2033
1529 2993
1507 3576
4993 3189
4577 3901
258 3125
5792 798
1554 2535
4970 4227
4697 5959
4894 4027
387 5071
1464 504
1274 3221
1965 2432
976 2450
1769 4129
1057 743
3837 4529
4588 2647
1426 3574
5399 4462
5424 1555
71 1319
2506 1841
665 5986
1371 227
5335 4965
2087 1224
3888 2143
4861 2459
1391 4517
1654 811
2214 1562
5839 2914
150 1299
170 2442
5592 66
891 1156
4793 5369
3619 859
5225 529
4746 4540
4989 822
4963 2070
3944 1066
861 1220
5011 3843
1459 3986
929 293
636 3260
1731 3426
3666 1268
5580 2295
5036 3801
390 1645
5294 3942
2571 5896
855 2063
3897 3148
1699 4550
2033 2962
3873 724
4618 2964
3228 3451
196 2384
2422 1253
940 3545
523 3201
2516 3316
4209 4379
5018 1800
4735 567
972 4738
4358 5983
5751 3605
328 2434
3257 5010
370 1474
1822 5311
3362 1762
1952 262
3291 337
2252 1941
3165 2785
5251 657
3842 3492
226 5335
2609 1670
5656 1676
2711 5787
1163 3755
3606 410
3530 2687
4552 4507
3729 5587
3438 2967
3858 3865
3528 4636
2174 888
1581 1847
128 5241
2197 2076
2718 3924
1786 2551
4909 5123
5258 414
1427 2023
4150 618
2501 3842
1037 474
2273 920
4927 2875
1161 4254
455 1851
1400 2660
87 1970
1604 5539
4392 5708
119 1730
3531 2563
2643 4932
5144 1726
4505 1417
4828 2247
5087 4212
3878 2057
5560 3028
4055 5725
2786 763
2888 1605
563 5566
2062 3927
304 3131
4796 4528
1711 3595
4812 333
5276 731
5191 2291
327 5667
525 4122
1249 908
1506 2045
3907 1680
2228 3699
4545 4472
661 130
532 4666
669 1403
2188 169
879 3402
1128 5742
2837 1899
3245 2501
1573 4580
2736 2140
5612 1101
691 5233
2484 5002
1925 4620
4364 4722
4755 5282
4564 4081
1694 5941
397 1256
1710 3572
2029 2317
1518 4003
2830 1985
5463 5928
3647 340
5148 5447
1486 1705
5536 3077
5459 5712
1461 2925
2038 2119
1036 5865
1576 1596
5690 5048
610 5679
753 4776
2096 4930
530 3652
1307 5864
1859 2792
495 5647
363 4784
3152 958
5817 490
1259 5822
434 5778
4158 5273
1695 895
2908 2188
5501 4225
5832 4410
2939 5015
4384 3256
2412 5488
272 141
5530 1383
1880 1121
4947 4785
466 2811
4494 2496
342 3377
3361 5888
3309 5116
1347 54
4149 69
5895 5908
5904 751
663 3736
2827 2564
1755 5579
2544 5951
5042 3621
1640 4488
5346 2034
779 2279
1936 2939
4140 5356
3260 3913
1846 296
278 5809
3243 3234
4943 5152
4511 3594
4495 2789
704 3208
1492 4105
2845 2329
2043 1441
5933 4195
4444 2819
3598 4781
5568 598
3012 5882
1645 1086
2536 3930
5926 3754
2899 3343
412 5991
407 3611
2547 22
3703 457
126 1186
3210 5362
3383 827
973 5916
3256 1127
4501 3528
420 4920
4399 3096
5507 411
3573 3070
1268 1083
3470 3023
2247 849
3106 2950
41 1598
5172 2412
3174 1193
3491 4085
4313 973
4480 4296
1777 1497
2698 5770
4320 4167
607 4181
3265 4823
3102 1607
676 2360
142 4900
3414 5296
2961 5664
4856 5090
2882 5425
5721 2747
3828 4960
4627 1481
4296 3019
2257 5543
5586 5115
3360 3322
131 2047
4280 5178
1632 3109
1081 630
1422 5677
3308 4786
4252 3074
2059 5660
5770 1120
916 2320
4314 4273
3764 1888
368 5163
4018 5287
326 5576
3184 1189
5439 3311
1337 5452
2824 2724
4475 837
174 5487
5151 5490
3903 3062
2869 1712
1732 2486
2618 5357
3182 5765
3648 5930
3994 1920
1164 2225
4619 612
5158 4944
4741 5652
2979 1363
5402 286
2569 4157
3030 1926
5337 5604
4325 2802
4739 1991
707 1167
5511 5188
3651 4450
4020 648
4129 4063
2315 5594
1212 1543
1779 4086
5512 2000
3358 1343
3750 5697
4103 4443
571 2645
1667 226
4736 2094
1854 3117
4945 589
2768 5578
2901 5350
2864 4991
4830 2029
56 1070
2152 93
2452 2878
453 2683
2491 4811
1202 2667
3452 844
5629 5299
5635 4600
4357 5284
2268 5458
1843 5776
1664 2658
2773 4051
5579 1057
2430 5758
643 2237
2241 1013
763 1401
868 2912
3007 3597
3328 601
3046 1317
64 4847
549 461
3221 3047
990 3638
1864 4252
1942 617
2990 5195
3631 961
757 4342
5969 1172
3027 1983
4610 368
5745 1338
88 5783
4073 5926
1051 5026
4340 4771
4411 4445
2502 4389
981 2246
1662 2239
611 218
4838 5192
662 587
4883 4229
1201 524
1196 5421
2679 401
3784 3863
658 4087
534 848
2531 4099
1999 1559
3129 3401
2675 5271
5013 979
3113 2303
1832 5967
5192 5775
2164 1025
5763 1045
5318 3892
5975 2108
4232 4174
321 2285
5692 5153
4582 3889
457 1964
5291 925
1715 5312
2987 667
4242 2184
2272 754
945 5264
5479 3431
4173 5117
1513 3371
1193 1556
25 5064
4689 3918
1011 5535
124 3403
619 970
5907 4481
1450 4814
5142 3284
3389 387
557 3004
3745 2411
5162 1787
5801 5904
1744 3005
4642 5484
3208 1880
4622 5499
503 1720
655 2016
1874 2493
4174 2448
5444 171
2623 5645
954 3128
5006 1576
4359 5141
5183 3124
1112 508
110 984
4525 3339
3540 1650
3121 2168
3354 839
785 4242
2644 3977
3693 2111
4446 1315
3190 644
5552 631
4959 431
4723 5613
3329 2185
372 2066
1080 4982
3227 2816
2444 2077
5423 5563
5354 4108
1314 2703
3205 3329
114 2468
4709 4613
4573 3455
2980 2855
800 4709
2653 4659
3242 3808
3558 3984
4523 3944
5591 770
3391 4890
1928 2363
2620 4148
4557 2467
5705 873
425 4047
3238 266
1781 2346
3339 2982
3864 5042
4608 3849
4231 4882
874 5080
5453 3439
1494 1666
4418 3093
186 4072
5879 5771
858 1258
4053 3445
322 5590
3023 1958
934 4578
1818 5760
5666 438
2159 5720
5217 1105
4075 263
1194 3618
1610 2561
4974 535
631 1031
269 3469
5314 635
5991 5361
3089 1219
4266 2038
2191 13
2820 1071
3406 1627
5960 3882
4589 5606
4351 5925
5145 3210
1648 2212
2269 4403
2061 4100
1402 714
569 4180
4920 1938
1186 4850
5090 1530
1933 2196
2235 5352
3964 5601
1144 1192
1062 3242
5374 5678
1966 2195
2363 5913
5306 645
2515 5580
5967 5957
5712 3657
2418 3790
5478 1068
3074 181
3356 1817
1451 2740
3465 4651
3520 3596
2103 1340
3430 4265
2395 5756
4396 5997
5722 1116
2968 5922
4090 3057
2485 34
4966 3123
4199 3296
3920 1065
4437 4329
2375 947
5133 3408
1541 865
2680 3841
847 4158
2036 2746
2665 4792
4369 1184
2642 1971
2605 2798
4660 5825
2237 2919
910 3192
4524 5393
2156 2776
1810 1815
937 3612
3956 1303
1704 5012
4307 1967
3948 2970
2795 3792
2201 2224
2507 4677
68 2142
1698 4569
2166 1900
376 160
2776 4616
1475 2463
5506 5520
2549 4862
3595 4820
3220 3259
4184 463
4889 3138
442 2095
1892 5396
3585 1093
3341 767
3063 3338
305 3041
4056 5308
2365 817
1266 3945
5171 4426
531 3412
4251 4712
410 2783
5727 4454
66 1380
604 3949
5543 1227
5220 4432
2042 201
3478 2692
5482 4962
5292 3789
3617 4183
4816 2389
5776 2507
1771 3701
5769 5847
1830 2446
1121 5169
1842 2343
641 4572
5434 4346
5713 3351
1374 901
5020 5127
1514 1234
1330 5956
5427 1418
3159 3955
612 2458
5553 1506
1799 3193
3161 1801
270 1545
1902 163
4563 4865
4767 2499
3954 1951
4124 3580
734 2598
2392 2155
4893 2358
4836 4975
4663 3064
1577 1686
4423 2979
3034 5367
1342 188
2730 4545
17 966
4427 2506
1292 5792
784 3516
3552 4954
2316 5840
1313 1330
2233 2336
3484 409
2598 3196
4453 5695
1277 1764
4604 2572
5824 4670
2836 3716
1204 3620
1123 5909
4213 4466
209 5963
3323 2097
2963 5728
540 4313
1537 911
3049 357
2749 1390
5548 4311
496 2418
86 2008
2314 3017
5998 4115
5442 3669
5789 1422
2165 2145
2521 4177
4470 5859
3777 1141
2813 4515
2325 5077
616 2081
1476 1561
4318 47
1809 4838
2134 4664
461 3746
2884 193
2346 4236
4860 1809
5534 1952
3211 350
2610 2885
1127 2637
4380 5082
2203 3247
558 2018
3802 2215
2862 5947
4452 1623
3952 3752
2855 2229
2636 2843
3901 4884
2628 5242
283 5272
187 3628
3042 729
4923 5404
1783 605
3665 3614
3310 5229
936 2301
4515 1018
5672 391
2118 3615
2670 4437
4400 3540
230 4207
4185 3255
3004 1694
2591 4179
4788 5130
5910 821
1168 1429
5313 3974
4414 1100
5176 3120
1093 1369
394 1776
4142 2406
1657 4315
1522 2221
45 3465
4465 5558
417 2777
3345 2759
2289 317
3105 5588
3643 5648
1058 3992
1924 2167
42 5855
146 1095
5600 931
5167 4733
4074 5686
2216 4731
938 1218
5065 446
3191 3205
3407 1652
4648 5531
3569 5895
1352 4142
5893 3107
1496 1998
48 2232
5319 3571
4601 3820
851 48
3271 4919
5761 444
319 2953
1723 4953
3681 5377
5660 5129
90 5719
3880 5096
5758 3535
3061 2194
1848 2969
5199 4714
813 2353
3068 1428
4227 83
4195 693
935 3538
351 2545
2492 708
5782 1683
2648 5501
5353 3217
4701 4343
3087 2348
3026 5405
2816 4310
4454 4
672 230
5267 183
4177 703
3509 2690
175 1233
5888 3298
4458 1153
2523 4701
3342 3366
978 5218
3335 343
5252 7
835 294
5958 1375
5738 3599
4099 304
2889 526
2457 4921
1885 4301
3887 831
2137 2370
845 4841
1324 5973
2767 3494
998 177
2915 2075
2681 398
1827 2654
5622 2714
171 2705
4753 2795
1002 3237
680 2272
854 1015
2737 2679
3091 4355
1350 4716
1041 5761
1987 3291
2962 2364
4651 5635
562 4316
2753 1945
1887 33
5208 2965
38 2701
383 75
2154 4988
952 3985
3910 810
463 5659
3568 1386
2094 1351
900 4061
4309 1032
4270 4737
3614 3562
2482 4630
3795 1848
2555 3885
2425 4753
1870 1819
823 5568
2829 3225
5860 974
5330 1203
2822 5853
5080 3501
4464 1723
5972 344
1224 3777
54 3579
4410 225
4652 4685
5256 5871
1964 948
2780 5354
5261 369
1615 2906
2717 1420
5210 2334
1805 257
4846 4246
2624 1908
2634 2026
1905 5028
5664 3018
94 3497
3775 3813
3575 5710
5339 4579
586 4762
5048 5927
4377 2054
796 4725
1789 5877
4127 2882
1480 3583
3372 3979
3927 796
4167 3073
3070 2652
5128 3233
3488 5716
3449 1257
259 3724
2921 370
5935 1371
12 1491
5179 3997
2155 172
4113 4231
3404 4938
5607 2674
4238 1864
5433 5416
1293 4490
4780 826
159 5850
2709 2517
2850 3959
670 505
2674 809
5441 253
1800 3308
5500 3753
3166 2656
5070 3130
2916 2275
5931 2331
2453 1743
2009 236
1596 4574
3140 3118
3564 3335
1169 4279
286 1529
3359 4411
3832 2537
5098 1718
3652 1123
2001 5633
5827 0
505 2374
3917 3307
3444 1850
3833 4447
2764 5814
5126 5412
5699 1002
4299 4076
5873 668
599 1905
5275 3347
2841 4070
3732 2657
2640 2049
5117 288
5626 4554
3969 2427
5803 102
13 3355
5241 5456
5157 4250
5862 4831
5861 1684
4903 4541
5493 4516
5855 2951
603 4950
4870 3692
3014 3480
1528 3750
651 4981
1281 3670
3419 5061
768 3671
3788 789
5051 5745
955 1202
5618 5212
1149 5502
356 4444
1061 30
5562 1001
5396 3806
5981 3519
3782 4497
1449 231
5364 5704
4098 4851
4432 892
4386 2153
5577 1235
640 326
4605 4897
4375 566
5440 741
5 3101
1996 2211
3047 5609
2143 1292
3942 737
4580 3698
5325 3437
5558 5325
3916 4559
5367 4187
4749 5267
3758 1174
2878 3088
1598 328
4445 5224
2706 5315
2728 2128
4047 2752
1505 1022
5684 4974
580 5286
2495 2489
701 5868
4848 5005
1954 5337
1910 4530
4081 2868
3468 5872
582 855
685 3788
3124 3561
5740 2841
2471 1710
5748 2163
3807 5479
2658 4197
5549 4527
3405 4235
2566 2871
2573 5373
1524 3923
364 2438
184 1391
172 3858
4743 5453
962 2924
745 2352
1578 5670
3660 2296
4111 2621
4542 413
378 4220
5825 5252
3477 2574
4070 5966
3255 1014
996 2025
3355 2958
4850 5536
1306 2730
632 2536
287 3957
1012 143
4371 5658
2676 220
290 3732
3292 1691
4186 935
2321 4412
3778 3734
5658 258
2738 4964
1469 3738
4190 3175
2810 586
5502 3350
406 4075
3296 4604
5872 2907
1381 580
1484 2832
4673 82
3350 3680
2854 4317
5448 4984
4064 5288
1542 867
4382 3964
1242 2847
5388 517
3896 611
4000 4268
1206 1961
5854 722
2454 148
1884 2040
5060 2087
836 1221
1690 3012
1725 2915
4295 2371
2006 3336
2848 5943
2756 62
513 573
2684 5406
1531 3608
3869 5409
3138 3707
5874 2534
5693 3114
1612 145
5156 4363
2537 5069
1431 4487
5881 5589
3743 3575
635 5191
284 1504
1862 2478
2487 4891
584 3525
4201 4494
2677 3266
1321 3851
247 1622
5561 2202
4613 3721
5286 877
982 5625
2442 5254
3314 5032
4628 5230
1225 292
5180 2385
5041 1772
4906 4367
2261 4880
2379 563
3125 3570
4598 4596
5950 3050
1633 4830
1788 1044
2719 853
585 1704
4685 858
615 2454
870 3305
2754 116
5040 4131
5843 5474
5449 3180
1366 5109
3803 4955
1934 5570
4550 4419
4431 4308
5141 2428
626 5869
2109 5017
488 5649
285 2745
4110 41
742 2236
4235 604
1793 3704
216 1675
1549 250
3770 360
2339 4292
5974 2452
2311 5665
3971 5977
2958 5259
400 5767
3366 1872
3536 1714
1052 551
5620 2088
148 403
212 5411
684 5496
4033 56
3422 2599
5166 1554
3586 861
2279 3325
1359 1460
5657 4319
3199 3659
782 3267
5884 1266
5685 5619
4021 653
986 234
1056 533
158 1138
5788 2562
3570 2340
245 4591
2652 5250
3494 5364
3806 4433
4731 1263
5707 513
3993 432
3079 3762
2687 5226
1647 4474
293 3165
4479 4718
4240 1360
4062 2577
1825 2960
2629 4418
1329 3965
1670 1528
5686 1674
761 2255
1873 1311
897 1259
3514 2634
5138 1722
2074 440
4655 494
4606 646
428 100
4170 1778
5415 443
1631 528
5605 3958
4439 1894
675 161
4817 5004
5382 2157
2386 4924
2098 3717
2905 5467
4456 4016
560 5762
5527 1054
593 1749
311 5240
4937 2988
2696 36
439 3667
3594 4885
2784 2368
1094 1228
1131 1696
2802 555
4961 4395
671 5542
4230 5223
233 2695
206 4946
629 576
1124 955
1184 2560
695 3069
4197 2913
360 3819
3909 3796
4880 3642
1209 852
5047 5821
4946 4502
2942 386
5237 2571
5903 4639
2923 2931
1100 807
4155 39
195 4114
600 650
366 2521
5930 364
1015 1130
2000 2300
5674 2842
15 1613
1378 4976
2013 5553
5515 5268
2759 108
2575 1379
5253 2494
1214 3706
1897 5278
1949 5674
2657 3471
602 3170
3565 3238
4918 4137
5198 845
809 626
4471 2863
2553 345
5925 1113
3685 2254
277 1197
5115 5661
5537 3265
30 2771
1621 1569
4783 3435
932 4509
4952 152
1148 5699
3104 1131
5990 3637
5956 688
3961 3444
4233 1091
699 1314
1707 1033
5196 4933
1863 3049
3992 1579
2199 978
894 597
5663 2729
4867 2497
1682 3835
4217 2417
5742 5142
2124 5201
4820 189
2480 1106
2945 2483
1441 3253
921 2917
3765 2709
4394 4646
2526 2688
5566 4799
4059 3558
819 405
2400 2769
2369 4498
946 4431
4442 4378
173 2193
3683 952
5130 2916
656 2283
5538 3584
2085 4795
789 996
2499 4020
2167 3393
4759 2989
1436 5025
5362 5789
2465 2673
807 4655
1179 2130
3060 2720
4031 4328
504 1240
799 5441
723 3468
679 1599
486 704
2849 1879
1895 3587
2326 2895
787 3239
3706 2366
2545 5796
2479 4986
5572 3685
2312 3921
3515 3332
190 2270
1855 1763
892 3202
5691 4513
1340 3396
1428 3950
1572 3363
1065 924
815 2482
476 5673
956 569
2393 4226
720 5031
4717 3306
2334 4968
5008 927
5431 351
3375 5236
2909 536
729 2790
1047 1780
5858 1659
2169 4394
5806 2484
758 3688
4792 5371
3870 1812
2794 3432
3690 4669
2238 2710
1624 1625
5350 105
2564 442
4656 1104
759 3264
2891 1875
5897 2702
5219 797
1808 3915
5331 4625
1894 5398
70 2675
2943 3548
5720 3106
3804 1536
4593 3411
3943 4039
5010 5940
4360 992
1802 5171
4187 2335
4303 3303
1926 5516
5961 4361
344 301
1379 3151
4690 3908
885 4223
3751 1735
3925 4015
3820 354
5900 659
5973 5219
2301 4592
2434 3737
4668 5777
1035 4679
4624 3174
2976 2810
1409 4009
2231 1393
3463 3591
49 1810
1879 1
3179 5735
1180 1882
5296 4548
3902 1822
1558 3105
3997 5469
2799 3271
2327 2640
3058 1968
447 692
2656 5146
834 2685
5980 3194
265 469
1082 1304
2897 1717
2463 4888
502 416
2561 4803
811 5804
660 3157
5540 4318
77 4586
5833 2797
3821 5251
2771 5815
587 1510
1308 5283
3616 4952
5593 5731
1579 906
3762 4333
1338 2367
2027 503
627 3713
5643 5433
4419 4024
2097 3472
1804 3559
4969 1072
2115 363
797 3666
832 696
1567 4117
4022 1102
3454 2671
2596 1583
826 856
5877 1736
348 4700
2274 5243
4203 144
5309 3288
4851 5537
5106 4390
127 1632
1005 4859
2180 1255
5575 3651
4587 1244
4498 4243
3081 2711
3618 4695
2340 3769
1349 4648
5539 5527
2868 3710
2691 5253
2298 4796
5211 4031
4614 2587
1470 3520
3981 3302
2527 5867
1861 2715
3397 4045
2427 3391
961 986
3686 2590
4559 2892
4180 4631
5583 4686
1222 4782
10 4271
2785 4660
4615 939
207 1464
336 1808
437 2825
3646 2100
4275 2827
3597 14
4027 4460
4125 72
2068 5700
5520 1811
4259 78
2846 4752
1067 5266
1595 1807
5589 583
313 632
386 938
4661 4501
1008 1646
458 3395
1886 2473
5505 3722
3115 1176
5859 2992
4157 5119
1445 5420
529 4798
3015 4749
438 1582
275 2628
3524 3304
3972 5047
2151 1786
4305 1126
5114 3641
517 2933
5363 3673
4716 3926
5409 1196
5283 3582
2994 5998
219 3160
5913 579
3071 3328
2941 4777
5774 4339
191 5656
4401 4742
2179 4090
116 4633
3415 3290
3906 548
232 4044
5136 3966
3713 2738
2734 4673
2938 666
1726 5763
3550 2928
2347 2910
2557 2593
645 2663
2017 1208
3067 2464
2330 871
3854 2134
3601 5753
3103 726
3812 4675
4960 3135
1794 2420
5232 5162
5336 5533
5700 1470
4489 4069
5805 574
2843 3817
4531 1520
1318 3244
5918 5727
2317 3725
533 4663
2599 3394
1369 4621
3546 1769
5131 4112
4841 4523
3583 2708
1626 5211
1405 1844
396 2991
733 4298
2500 1669
5587 1347
1355 5085
47 3010
2337 1663
4215 5782
2047 5842
367 3987
4646 3727
2630 4218
353 4030
3145 670
4428 1753
2184 5504
625 1855
448 1547
553 2600
1898 3503
1516 993
4857 2281
1550 2918
5084 2596
1425 5915
5321 577
497 1175
1365 5328
1003 2205
2287 891
1276 1838
1907 3767
2986 3146
5329 4922
5887 408
5821 3083
104 5844
5195 520
4211 5676
2565 3972
5556 5033
2543 588
1839 4451
2751 2755
5376 265
482 1453
5936 918
5284 1734
3701 3254
84 5834
3168 4557
4379 5831
483 5863
149 4371
3746 1911
5272 1928
5316 24
5499 2862
5678 1419
3280 3695
2366 3626
2902 782
4205 3876
4366 3832
2010 5726
4316 4480
923 5492
5229 5222
3979 3212
3747 4818
4302 4674
5601 3428
3380 1862
3048 3764
4599 4078
3861 2307
4405 501
3167 3953
903 1538
5731 479
4540 5336
3294 5419
2031 5054
5866 5785
5034 561
1798 3272
1038 5173
1034 1498
4763 799
5696 5929
1401 4876
5450 3791
2704 3181
2162 1358
5194 5936
1571 4652
1265 4041
1721 3526
1679 1505
3029 2624
401 5345
1646 2141
4332 1215
1294 1205
3859 633
4463 4727
4712 3546
3164 311
3249 4908
2396 791
307 2520
4160 3812
4781 4656
1489 1755
4450 1565
2106 2665
1532 4853
1419 3452
2542 2316
5307 2060
3266 4160
5928 2998
4221 3681
5122 4717
3823 4902
1440 5300
281 4505
4770 2339
1311 1009
1912 1298
1833 5164
2514 823
1787 5424
1146 5495
3285 3419
4675 1324
2402 5261
5760 2737
2187 2635
3162 710
4237 1359
4826 1495
5235 4014
1240 2945
2436 1524
5357 5418
5377 1784
3836 2680
3480 40
718 5919
948 594
3730 1917
4352 5366
1927 4593
2528 2595
255 1949
2117 96
4555 886
2890 3818
2686 2650
4311 2602
5581 1436
2147 3464
2510 1989
4006 2498
4200 5912
4666 5305
4991 1816
5068 545
5932 2041
5443 276
1262 277
5896 2529
2284 2782
1521 919
3441 2612
4301 1747
3938 4521
1730 2817
5609 4925
4682 5200
3741 4567
652 560
4907 3912
2935 495
5976 3719
5218 2109
3248 5121
4310 949
5390 802
2158 2302
3230 335
1908 4496
75 203
5822 3981
2343 3482
4837 3623
1167 4434
3695 1512
951 4854
5393 5417
3497 4193
2778 2772
181 3378
1399 480
4585 2700
4811 3509
4929 2274
5621 4351
122 3491
4558 3031
2692 3910
2683 2324
1689 5902
3945 943
2111 917
89 3163
5214 5754
4583 1397
4949 3533
4899 1293
3436 65
2376 4022
1673 1058
4136 2127
4248 3429
251 4358
5260 3226
1943 5657
3534 1088
5089 4208
4278 2614
4141 2934
3272 3602
2937 1389
1702 1165
242 5454
4478 2250
2875 5167
1534 775
138 3712
3506 3708
1953 4052
1922 3850
2783 1909
3403 4133
3717 2261
2354 1200
4639 3661
464 4019
5977 572
4102 246
189 2376
705 4626
4744 1930
5451 4871
2637 790
3557 2256
250 1823
4239 4134
240 1533
3576 681
1544 3278
984 518
2178 4018
1714 1709
5161 5107
919 2898
4085 733
4711 3027
2281 2090
2966 3677
1856 202
3131 2436
2433 1164
2800 3770
1219 1496
4030 5794
1446 4206
5588 4274
4387 4601
157 2350
4094 3872
4093 3230
5054 903
5371 283
2305 3399
5169 1573
4483 4294
451 2030
1376 5597
3739 1439
3464 3236
1341 2451
1877 3042
2136 1450
4460 904
3198 4668
4421 5586
3147 2327
472 936
2324 3246
4510 211
4912 4448
1278 1752
933 712
2886 3606
5485 5464
5243 5976
5945 5255
61 4406
3495 4083
2705 4894
2944 4723
1255 458
1241 4373
1147 2770
5606 3155
22 2121
4876 1981
44 876
2747 5736
4581 3517
1941 549
4026 5980
4114 1003
5026 3745
2263 167
345 3552
3462 4345
3461 1305
2440 868
4698 2500
1876 1212
4931 1271
3290 1396
5959 278
4539 1656
2947 3868
2682 1581
2616 4767
4776 5860
2003 713
5492 2691
3663 5584
72 4233
5550 2550
4890 3567
1751 5629
1681 303
576 3756
1073 898
2539 3346
2953 599
3659 2558
1545 2532
5863 5021
2057 1840
1959 4145
5406 2298
2645 3507
3626 5581
1360 989
4048 3032
4121 4036
2318 5245
5224 90
129 5301
2 521
5649 2749
2493 1655
1984 2398
323 3747
5473 1381
5979 110
2082 3368
547 2102
581 709
906 4144
3429 944
2100 5385
4915 2712
1620 2754
1063 2263
5689 4049
301 1934
2857 1281
2161 336
1609 987
2221 3933
3109 5450
4914 5561
4635 5952
1535 4743
4285 1320
682 585
3974 4610
4996 2009
617 2780
875 2620
62 3976
2088 5693
3924 2391
5631 5979
2331 1157
2952 4071
4393 5202
3055 1412
2469 4186
1096 97
4274 437
3428 4058
53 5681
4120 5984
1752 5338
2380 1254
3759 3367
2733 2072
5615 5463
3843 1000
2240 1682
4281 5133
4107 2487
5994 1977
2119 525
3183 1671
4214 4594
4441 38
769 44
3445 4804
2541 530
2234 4407
3816 4690
5355 2059
2129 4438
880 291
565 5910
2275 5817
5132 5401
3274 2852
1785 3356
5531 4746
267 4154
5221 2728
3150 4691
5633 2854
5341 5992
1424 3874
2416 2510
817 2541
2870 5549
1998 1382
218 4706
3980 591
2072 4037
1158 2726
5708 828
726 5981
5064 1541
4138 1144
3251 788
2808 2051
1737 404
4092 5150
5085 5899
4568 3954
5430 1873
2940 3149
1635 4614
3780 1921
1837 669
1223 2512
5892 2531
3776 3448
5494 3568
4849 699
535 2043
2622 3227
4323 742
2260 2824
3791 5023
5001 5103
4287 146
5929 2382
1676 988
4699 4615
1978 4568
805 43
3790 4635
300 3993
1467 3251
2051 1322
5228 5545
1627 4852
1893 5519
1233 1302
4135 684
3792 159
3772 305
3600 3715
5426 4893
3982 553
3002 1552
1102 3030
1348 3323
737 5920
2404 1430
3527 3
5574 1187
942 680
5447 5768
3108 3416
5058 1651
3704 3060
1120 206
2205 1507
330 5498
595 4808
4176 2938
1757 373
653 2021
3959 778
654 4286
3013 3581
3319 2308
3082 1145
5147 298
551 967
4548 5081
3710 248
3111 215
1655 4143
3529 5730
1203 3830
793 4151
1720 400
5819 2961
2967 339
500 4551
2910 4694
2160 176
5670 5124
2170 365
1138 2609
4282 3653
5401 5513
4172 5564
959 1355
2248 5184
352 755
2264 3512
2447 3539
5181 4349
4051 1922
537 1553
2025 1020
3911 3171
1497 349
151 928
2040 950
23 342
4537 2631
4815 2952
1090 4581
1466 4747
2608 2042
5432 214
404 1943
3592 4248
1218 4883
4223 3939
3760 2206
3299 5555
3640 2312
1844 5793
3437 5945
2580 5359
2333 2264
2435 476
1515 915
2353 3668
546 1852
2866 2118
5546 1329
3754 706
494 4931
4621 2727
3307 1154
1485 5517
2533 814
3144 2592
2852 2293
4786 4926
4543 2972
3669 1898
5140 20
480 5557
4532 5036
4986 3991
5728 2893
896 937
1210 1109
5815 4829
5941 4726
4517 2053
1231 4839
852 5239
101 2888
624 1567
5796 3857
2693 3229
1468 4896
3796 5118
1458 2150
2556 1929
5590 1438
4756 4007
1590 5181
4354 1954
5802 2259
3476 2828
2814 73
5736 219
5734 3040
4566 5037
1217 1729
5088 3066
833 783
2766 3133
5637 1207
5091 5934
3434 2292
1736 5030
1709 3299
4527 4199
2907 3577
514 5208
1625 1793
4493 3899
5255 104
541 2044
4546 2764
1584 727
5908 5455
3884 1475
2974 2513
4570 3803
3039 514
4727 773
4910 3245
1229 1678
4198 1883
2956 5298
1688 4185
3370 2413
5245 5323
2356 971
5849 4584
736 5826
1325 897
4290 3197
1913 89
5037 4878
2022 2731
1423 3188
4241 881
1434 2180
426 3220
2429 1517
1490 2604
5804 3143
1326 507
139 289
1472 4224
2079 651
2458 506
953 3486
373 922
338 2927
594 436
4249 4641
1111 2697
2478 2848
2948 3733
3269 3126
1766 3554
5488 3560
2874 290
4449 3593
4234 4210
4040 5024
374 3241
2867 2050
1510 3381
2586 2219
3201 3182
3919 1660
5203 1639
2126 3978
1858 3633
1974 308
4636 3631
2357 3280
5867 5120
2225 838
3423 1629
2743 2269
730 77
1938 2479
4834 5534
5697 4194
4326 1548
2873 4088
2077 4287
1575 2381
1666 1885
697 2373
3839 2362
310 168
381 4671
5435 120
3090 4377
5175 10
279 5432
711 1791
5602 2856
849 1716
2638 4702
1883 3650
299 759
473 1701
3458 332
4597 5489
686 5575
886 5784
673 5554
572 4713
167 5321
113 5176
770 86
5940 812
5310 1987
3984 5102
3267 4499
4932 1906
4117 5381
3347 4026
1029 1085
559 4054
2522 3467
1275 5374
4116 975
2769 2201
2568 3523
2957 4724
2428 5567
3172 5738
4196 5095
4014 4740
788 1345
5059 420
696 3007
5617 2122
2351 3173
4677 1181
136 3656
2651 1893
2293 2495
5123 794
4261 5630
4897 3372
441 510
2806 610
2039 4887
2672 2860
4263 4618
3630 4547
2407 1452
4538 4228
109 2101
4611 3140
76 5911
3921 2503
1269 4904
2076 272
4225 3248
1413 1410
4662 4354
4054 3797
4402 2133
491 5397
1030 4139
371 2630
1687 5600
4429 190
3214 5249
3933 3190
1181 4104
3282 3358
1508 2024
3894 2655
1014 2062
3773 1242
1585 4192
4734 4945
2898 2
2863 3550
2215 1918
2955 5978
152 2899
2443 5280
1643 999
2099 1896
5014 4203
413 4211
2470 1492
3718 59
5765 3757
5695 1681
2590 4624
2390 4595
1069 1534
2633 2235
767 1341
1906 2433
1563 1892
31 621
1993 118
1354 5803
693 5276
1175 346
499 3794
2415 2144
1733 4338
2207 609
3502 5523
5150 1677
2192 2011
5762 4644
3178 872
4395 942
2052 3199
2781 3324
1628 4947
5610 2342
1129 121
1429 3861
5127 435
2572 1640
837 3461
4193 5476
4015 806
2323 4817
4938 2395
4671 3172
4052 4949
2058 5714
3547 243
2171 393
5944 5514
3930 3215
5202 994
2345 2718
2540 241
4758 2006
821 2397
2655 4196
820 1647
1483 2804
776 3690
2570 2243
4824 4819
4766 2741
5739 720
5723 5702
2666 126
3756 3795
1968 2445
4629 5755
3394 5331
4518 3477
4714 2037
3041 1348
3801 4582
2310 3164
3215 3279
802 1542
5394 4556
4012 1423
1244 1867
1010 4936
5466 2944
3829 487
1053 1447
2504 4275
5756 5008
642 5349
4868 3905
1499 2585
260 2523
659 4566
1803 3082
460 2949
241 983
5778 4825
857 4130
3865 2573
1302 3318
1290 571
141 186
4773 4993
1979 691
1263 3232
4842 5460
5848 3864
3134 274
5340 1385
2627 3166
4638 4916
100 4858
5274 4996
1986 1719
2286 1603
2065 5759
963 4564
3860 4068
180 157
848 5041
5844 2056
3798 1487
5807 465
4304 1307
339 2386
4192 5413
5077 3380
2725 3292
3008 980
2157 1160
3377 4107
4757 4970
2005 5093
2663 4285
4785 4222
2535 4768
5186 542
1819 3660
4269 5723
2892 4536
3416 1262
2700 4458
1568 1074
341 1484
3968 31
1796 223
5688 923
754 1280
5949 5114
1226 3274
3278 4455
3849 1306
816 1537
477 1913
3244 5724
4670 3036
2190 4457
4521 2757
4633 295
257 2781
5513 3360
4262 3645
2649 616
3163 1604
1346 4914
4131 3922
5836 3836
4391 5358
2626 1589
4362 2474
1247 1895
4885 251
73 4425
1963 392
1831 2556
2534 2156
774 3823
5372 2909
5082 3453
2011 1354
1956 1798
2372 1040
588 2267
5137 1406
1618 5410
3259 2867
5326 694
1079 4836
1526 4577
1995 5689
2041 4688
3622 5616
4339 3943
2048 103
1741 1993
169 2347
1462 3223
1103 4805
2193 5043
869 4216
4491 1188
5315 5852
429 1448
3654 557
5265 756
664 1521
5988 3309
646 15
3694 4587
2056 3206
249 5540
46 1007
5287 757
5419 1465
5277 1560
3094 623
2421 4483
5698 683
839 1137
5703 5050
1110 1508
1975 638
3629 4705
876 4002
974 2435
320 5711
292 4021
1323 4756
1502 3931
4342 3489
1488 1820
1697 5444
1675 5938
1055 4356
2584 5309
4256 1125
5706 5139
5619 1309
4954 1023
125 5172
5134 235
4028 5051
324 1398
3521 1198
4980 5675
197 1437
2877 5160
5226 4913
398 3783
1811 5887
1230 1688
1044 1356
3738 3257
2984 785
842 2345
5154 1946
5951 5611
5767 2826
1602 4870
1394 5529
3148 4178
5883 2870
4254 1615
5380 519
899 2490
4896 421
4308 4091
2127 1514
931 4647
5417 3449
4154 5550
5057 3696
1847 4837
65 1699
2145 2154
3705 1634
1969 4234
957 5890
3977 5322
3793 155
1236 4102
2296 2344
1613 5883
3349 3357
4797 1469
2726 3384
5045 4715
4034 5210
4800 3176
2807 5874
1157 484
4953 4312
5168 5862
3487 3982
2037 841
739 761
3496 4136
5850 3999
3774 4399
4720 3855
1997 224
4790 3473
3051 1570
1460 5313
3728 4543
3489 2528
3352 869
4435 2466
3127 835
3418 3474
3293 2257
4561 5987
5073 5610
5100 3588
377 483
856 4546
5882 5
2256 1107
3343 4589
3815 3382
3204 2580
5269 5290
4997 1333
5671 2186
2708 4759
4289 5906
991 3816
3526 5781
4132 252
4403 4570
5524 5733
4754 2582
3731 2845
1778 3805
130 4491
1517 4658
5056 2976
1746 805
2606 1457
966 1152
1982 2126
2494 4093
106 3995
5029 2068
2139 800
5480 5690
3146 4684
4631 5155
4029 1878
901 1092
484 2626
5853 5353
4572 2165
4284 5156
5909 4442
5266 3938
4586 641
3653 2405
5808 4475
4626 4898
2306 2252
3326 5006
830 425
1403 2099
5050 1004
5987 1661
5669 3647
5071 1916
3716 4542
5383 319
5164 3854
4520 5617
5878 1467
5455 753
2378 3405
2770 475
392 2575
4038 5739
2617 2441
4625 5461
3388 5707
4273 3095
5726 3016
5391 3838
3877 2890
5702 3081
3456 5422
4873 2779
4881 5931
210 5122
2880 686
5982 4080
3753 1331
5460 3925
3450 3447
2209 1902
4122 1591
4787 5204
3485 4736
3059 3113
4175 3330
841 4004
1301 2751
2473 1110
4065 3551
4917 776
1454 766
1834 4053
2078 1170
1437 4260
474 1854
4806 3456
4228 3897
329 2689
2080 2834
5351 2527
2290 3386
773 4237
5303 4386
5249 4634
878 264
5984 608
164 4506
4076 1742
5375 1642
4298 5638
4884 2733
120 1084
3673 4486
3384 5541
5112 71
3541 2046
3936 3052
3139 2920
1373 4983
1420 5436
4620 2240
4257 5189
3913 1005
5541 53
5055 4627
5285 3059
2690 27
183 4632
4596 3293
1432 5018
3457 3793
4951 752
2761 3919
2466 2096
2925 2579
4503 2318
2722 2605
3998 4341
4451 4113
4813 399
3018 3014
4097 4038
1372 3184
4433 3932
3300 5836
3273 5806
5153 1195
1375 2048
166 3261
468 4147
1806 4156
5937 5744
3116 482
621 1477
467 1799
724 5341
3346 2822
3853 3875
422 2617
67 5110
3435 4465
375 5807
2760 4886
4152 701
4745 5626
3589 543
4080 2383
4507 4198
5343 4140
3814 3281
1951 2148
4440 3937
5345 3211
274 5810
5173 4171
4990 1288
2595 890
3472 880
5289 4126
3317 5378
3602 4322
5655 1636
8 1136
4872 654
1642 511
657 1979
1487 299
1701 2241
3155 5057
5476 2424
4718 4470
1395 179
3123 3071
4707 5684
3216 4943
4168 5446
714 4372
5332 2276
4612 787
890 2244
2893 5149
3028 4956
2368 1029
5923 1185
3035 5355
433 216
1083 1715
3447 2638
5683 1408
3588 4008
3900 3460
1143 4074
4782 1115
3904 4492
5871 2851
3421 5559
3723 5757
5223 4637
5659 2611
1085 1638
2981 5685
3281 5525
3637 4413
203 1563
1390 786
5576 1332
3825 4170
4650 2901
485 5518
3133 820
5518 5292
1387 5897
4901 3493
5046 512
5508 1357
3715 1685
5358 5310
5876 4867
3052 1606
3474 228
2613 2908
3566 4597
5242 5965
295 5530
2432 2116
2112 1061
5290 2615
883 1051
5640 3370
3535 1869
4852 3903
1319 5198
5111 4059
2242 164
3275 1011
3500 5751
2486 2305
5525 5034
2319 76
205 1344
4576 4057
5311 418
57 63
4925 3224
4443 5183
1988 1229
5489 3632
5993 4680
791 2106
2950 4794
4194 4062
1267 84
3562 4084
2489 3969
3674 1988
1474 5532
1393 5392
3923 5497
2739 5475
1017 4118
2582 4055
5302 2594
2750 1874
4630 244
5445 4077
5948 2538
2594 1790
3160 1602
5299 3920
1408 816
1582 3270
567 5052
4715 926
3097 5304
3410 2850
3080 4461
449 1960
1958 4381
162 4967
2840 429
5775 3847
688 3700
3040 4359
2900 1082
2070 312
4218 4617
4911 3590
2091 5098
5000 5829
2928 4710
1815 1213
5152 497
5921 1692
147 285
3395 824
2328 4533
1020 4532
510 352
2775 5637
3250 3198
36 3466
1414 1923
4487 5275
2597 2973
1188 2262
1734 2716
1546 5174
2508 1789
887 5709
4044 740
4958 2216
98 3542
1661 5187
5039 2553
4356 3379
3132 1924
2168 760
4694 3873
3001 32
2249 5953
4350 4366
2703 5000
5483 5046
1551 5574
2917 245
4847 1328
5559 2453
347 2178
5033 1733
5469 4520
4722 1471
1234 3168
5107 5014
2788 1139
5043 1856
1899 1247
2853 2220
3044 1571
2562 2315
359 4760
3195 3664
1343 2337
79 2984
4502 2838
5465 5939
1611 3409
1914 546
2920 3484
5578 792
1215 4553
4486 2421
5182 4184
1289 1792
489 2356
318 4168
3510 470
2885 2886
3582 3320
4669 1616
2563 5582
3324 1050
3367 138
2668 3639
5017 4812
3101 3048
1256 2762
5747 1350
2299 2748
2615 3383
872 2147
908 2485
2266 2092
1406 893
4216 4697
5342 3319
2213 2565
3019 1912
2777 5631
1248 498
2912 1739
1950 4676
1165 3054
2183 3510
4277 3879
1763 4449
556 909
3217 1250
2959 976
983 4994
163 5389
2851 4056
507 1008
3399 3169
3560 385
5842 377
2581 6
5247 496
543 4200
3050 2773
3915 4204
4971 1973
798 5091
4069 4560
411 1927
4905 2465
2745 500
2787 4065
2519 2739
5517 52
92 1030
786 774
501 4526
1684 1190
2349 4510
4964 2511
2294 2273
1824 4599
889 5343
3381 4048
303 2839
405 1546
3320 4073
2146 2639
5197 1365
3333 4780
2459 990
4898 5344
3110 1732
3365 439
591 4152
5264 3065
18 2460
1498 1246
4123 3743
3173 4241
4045 441
2914 4571
4236 2357
3786 1147
1801 1805
1197 3094
1191 178
5021 1414
5831 2707
5885 3814
3935 3490
1795 4907
3196 4966
2511 1750
943 5217
5547 4166
4210 4846
3283 3893
2752 1444
3623 173
777 4123
4476 1665
179 5168
2069 3946
2960 2139
2825 700
3253 3407
4343 647
1759 5750
5108 3327
5484 5721
1452 91
732 2955
5009 1891
306 5808
3667 2020
414 5975
2809 87
2659 3414
3169 5507
5212 3895
909 2672
379 862
3687 4244
1765 3020
1207 142
132 3729
1305 1761
4710 590
3548 2670
4768 850
2083 2189
521 879
2049 5247
3032 140
282 1462
3867 4791
2567 2809
3512 3833
3722 2684
2344 2830
5650 596
3572 51
470 3463
4345 1075
689 2823
2934 2123
1251 2805
999 5988
2998 5891
4139 5917
1742 2760
5240 687
5719 4309
4010 310
4335 371
1784 1427
2611 3369
992 4295
450 4606
1700 4711
630 3714
2212 2169
3153 5126
5454 1098
355 3785
518 4929
4595 2940
5838 1468
5755 4628
5405 45
5074 5281
3226 1076
3385 2422
4553 2112
3553 3479
4035 3488
717 434
2782 1806
4823 1361
2211 3067
4071 717
5230 3513
1823 2583
2023 3521
4843 2549
3549 4563
4413 347
2113 4769
3725 3947
1754 3203
3021 661
3810 5948
3122 1568
971 5157
4726 222
5305 4512
2600 1773
1300 4262
1228 5148
1944 627
74 4704
3338 664
2120 2351
3037 4127
960 1409
1776 5088
4328 4558
2175 5845
3579 4082
3053 2505
5826 4280
3233 5737
33 205
3017 4864
4337 3852
1849 5764
3761 1201
5665 2514
3141 3045
1983 423
4684 1132
592 2815
3239 5214
1495 2113
4740 1461
4390 5989
4979 673
749 1177
5257 3709
4995 2238
1481 2001
1677 1135
4862 2064
4833 5654
3638 3034
5557 3141
1607 4430
644 1267
544 384
40 5509
2625 2926
5347 1756
1421 2552
5718 3104
1109 5471
5381 1969
1033 2017
1937 4155
5446 4089
3983 4141
3482 127
3671 5227
63 5639
766 2107
1320 1667
1227 5342
3045 4189
2589 1966
1351 5944
5942 2004
5035 3862
4789 2313
5915 185
3571 3179
3931 2425
5250 4608
1039 2179
3180 3144
2922 5302
2826 3354
4329 281
298 4416
2475 2678
2546 150
1380 2177
3154 3422
3020 5383
4976 4942
2335 4537
4584 2844
2763 2341
3658 4788
1678 3693
552 4103
5438 3213
117 5646
2578 1959
1364 5175
927 2566
3340 4873
1183 5439
1841 3860
2208 1836
2821 407
4315 2338
5627 3276
5461 5263
5730 5289
2322 389
4967 5485
924 4388
648 2005
712 972
2755 2784
3327 194
3577 468
2779 5246
50 4828
1106 3768
5668 4857
1442 5747
3679 2846
5338 5964
970 4730
512 5382
3086 1931
2635 3935
1284 4739
3490 4116
638 1445
1790 2932
1749 2416
5170 1540
4086 451
2975 522
4526 1707
239 192
3177 3457
1583 4683
5093 2470
337 4420
3700 4032
1046 1274
716 3811
3301 459
388 3003
5301 3441
4004 99
4100 5752
3192 4417
2460 2197
4887 2625
5002 5801
2250 2533
140 2547
3368 2104
3649 3705
3151 3799
1813 2210
4036 417
1599 5982
4042 1767
5551 3983
5780 636
199 1976
253 1473
2560 259
860 2209
3937 3341
4922 3310
1608 5384
2150 2437
1004 5642
332 3483
3270 18
2050 556
709 1416
2004 3759
5239 4654
3085 5848
4761 991
3689 3122
1132 4221
1814 5972
2577 3392
3624 101
2951 1839
2973 1209
3811 5339
5468 5620
3692 2648
5766 3686
3702 1818
5812 2309
3607 3730
4001 396
1205 2861
1416 870
1101 2359
3876 3741
5563 3450
5679 5524
7 5893
3699 3021
3095 4427
5779 1544
5886 307
871 3904
1946 2227
2823 3178
3845 5624
5911 3387
3451 1226
3136 1907
3065 2801
2075 1748
947 4340
752 768
5732 2794
3824 447
2142 165
2388 4043
384 3333
862 5974
3252 1698
838 4060
4721 3534
4253 5861
5429 1166
1068 3353
1955 297
5711 1774
3680 808
2707 5969
3305 1283
325 1353
1336 2858
3316 672
2131 4263
1663 2987
107 356
1616 1323
1135 3099
268 863
2044 5351
280 671
1022 3252
3554 1150
4664 5462
3254 1342
2646 1612
3064 4732
1098 1171
4810 4409
5953 4330
1150 5060
3883 5437
3808 5330
5630 3263
1817 5232
4831 1373
5687 2971
2276 136
2985 11
273 3132
5542 964
2283 4522
5528 628
3965 5429
3574 3549
818 3418
5027 2173
5661 5459
4902 197
4575 5662
1332 3831
1630 1947
3396 4348
2518 5094
2093 5797
1680 3604
1500 4326
4819 4682
5680 2677
3826 5813
3724 1308
666 3787
4609 4806
1345 2265
2439 902
5414 5248
2414 1179
3503 5165
5790 4270
3846 639
598 516
915 1039
4002 5039
37 878
2391 2488
674 361
5278 156
3914 2923
5102 383
4276 1377
3092 477
4265 5166
498 3273
5308 1992
4112 5073
5370 3748
2384 85
5103 3037
5963 1653
1396 2258
248 1835
3593 735
4397 4176
4556 624
4616 1821
5837 5713
1473 5946
80 3289
2123 5577
4385 3481
102 269
1089 2975
2865 1480
2064 4856
4679 625
4381 1953
5906 1081
4208 2569
596 834
3234 4979
1871 5634
3642 2377
5567 3807
5681 2763
928 3046
4007 5408
3596 5494
1782 2753
5119 3185
3411 4173
4226 690
1901 5435
1523 320
4388 5827
4742 1853
176 1503
4534 4642
3232 5592
4430 379
2262 2284
3578 780
4422 830
462 3870
2710 4495
1851 5177
4058 2012
5052 5442
3719 1405
1282 3586
2021 4169
1108 233
4516 1523
5595 2091
1280 4939
964 330
4260 3564
2320 4097
5160 2120
105 3177
4643 2036
1353 4650
3879 527
5682 2591
5764 3537
1768 5955
772 2387
907 4064
3471 3825
3697 3739
1174 2978
4330 4245
2382 2082
1140 5780
446 2014
1753 793
5799 455
575 5506
4765 5307
5413 5395
4805 1006
2792 2192
748 4844
5356 595
4822 284
509 5196
1435 2859
1310 3277
5971 1997
1860 3822
4336 3129
1160 1785
3240 2903
1869 2174
2034 4202
1770 2767
1622 1289
1973 607
4220 2172
4128 1346
527 2761
2255 825
4346 2403
3334 12
2927 125
4804 736
755 4765
1133 3136
5642 3672
578 4240
2464 4772
741 606
479 2581
4019 4272
3976 2980
55 1275
1957 1249
4994 4866
3440 3834
2019 2629
3662 2806
4037 2800
5828 5878
3684 4368
783 2793
806 2125
2204 1614
1384 5151
1653 2372
5927 4728
609 2627
3537 2632
4118 1601
1536 5849
1882 1630
4481 3592
52 5020
194 1933
3031 4842
4637 4119
710 2539
1007 2706
4183 3116
5124 3565
1641 2476
5744 1802
5947 207
2819 1597
1852 4764
1891 5058
4104 4001
143 5238
618 4807
2144 2651
5777 2619
4988 5215
5322 2472
979 1832
2342 2306
1370 5220
2694 5512
2831 5857
3999 1978
4802 3145
1271 5962
3453 2146
4686 256
2467 5099
4243 5546
1718 4834
4778 864
3580 5333
5793 5900
751 3373
1243 1643
3387 2065
5641 1708
760 1501
2420 338
291 5914
4412 951
2229 327
5651 1421
949 2994
3632 3167
4829 3337
5516 117
1555 318
289 2796
3203 57
5529 1124
1696 472
4319 2260
997 5641
5894 660
2122 2149
2219 55
1444 3421
3755 2567
1867 2217
4530 3634
1368 1395
1211 1362
198 4478
3603 1399
5471 4249
5238 37
4032 4239
5710 1037
1636 2829
1287 412
1438 2719
2671 1499
4839 2570
4188 1584
4544 5805
4908 1182
1559 3643
1592 1887
1009 115
2173 649
1066 3683
3126 4588
1404 374
2063 1795
3928 885
4482 1974
78 4889
2280 813
1619 5049
3892 1781
1171 3894
914 2161
3287 395
5072 1868
2477 2508
4368 5918
1519 2662
2894 209
5015 2696
721 2314
4900 3975
1918 4576
4083 5340
3258 3810
1557 1056
5646 725
3128 1588
764 5434
4864 3514
1139 2866
5281 2410
881 4638
5603 1485
1706 5154
262 2055
3591 493
3075 1648
4962 4485
456 1223
1178 4110
5634 833
2871 4293
4853 5680
3899 707
2455 3891
2805 5790
1591 1270
4383 5832
5829 3726
583 1901
5062 5144
3844 1702
1587 5573
4692 5824
1649 1111
34 4290
2217 2608
3448 5585
2579 4033
4046 2491
2765 3434
1092 4937
4762 4482
3443 5683
3400 2071
382 614
4674 1206
1021 3988
3748 5078
4438 3896
3567 905
1511 4895
4750 478
2067 1525
1 1833
5317 322
2138 2641
1593 1837
1866 5138
3794 5426
2028 17
864 4215
4492 2717
4106 1619
2012 3427
5965 4973
4338 1173
3425 2175
5395 532
2803 473
3466 4428
5398 2218
3157 1703
346 5379
4145 1372
3621 4689
2520 940
3197 4182
182 2286
2811 3214
1453 3828
3279 602
3561 2159
2660 1955
1644 50
2574 678
2251 5528
4708 1577
1327 5595
4554 4289
3967 1594
3304 4995
1339 4217
1253 5508
3318 5086
5800 2686
4751 3890
2307 3361
4373 306
3688 3996
1088 4840
2842 4369
5304 2132
4467 2440
3072 4575
1208 4923
2104 4525
3973 5440
3785 1151
2532 107
3315 541
1659 5769
3130 1472
1072 131
4222 3321
2930 3557
3209 271
746 5614
3635 4555
1565 5526
1016 4997
1931 2977
3096 3478
3057 2568
2423 5040
3213 109
778 1063
4533 2325
3855 2365
2046 4619
725 4300
96 2974
4529 4992
2989 732
3797 4121
1074 2013
29 5666
905 4693
4814 2328
2602 1230
3212 3859
2732 5854
103 4643
1295 5968
1947 575
5324 5084
5352 4124
3538 4899
2409 4098
2398 2833
478 5221
895 3068
2196 677
1703 170
2483 81
1291 1794
5003 3749
4133 433
4126 4302
2073 1825
2861 1062
4835 5332
343 4744
4426 5415
5954 2664
561 1264
3114 1114
288 5001
1491 5400
1530 5022
135 2653
4913 2203
2632 2061
1213 4153
1878 1797
2092 4800
154 4278
5544 1861
5216 2768
5097 2390
3675 1231
4827 1757
3752 2332
2731 5203
3043 5493
790 4138
1283 3075
926 2251
3834 1463
987 5470
3088 4353
3709 232
1398 16
3009 4585
877 3758
1239 5879
4956 42
2055 3438
314 2995
3149 5950
4134 2393
1040 2853
4024 5811
3958 4324
3819 3504
3137 4042
5811 3679
2505 1318
436 5932
3634 113
1042 998
1195 2456
4941 995
4512 5636
3107 5866
4987 5773
2673 1740
123 3121
538 267
4978 4612
4895 4028
2603 3375
2911 2966
82 2589
3276 4524
3532 4927
3818 945
1767 4106
4472 1073
4973 1531
3605 4023
2601 2835
4355 1697
2685 3951
403 2135
1385 2896
2030 4934
4061 3531
1865 3867
2999 4489
5614 4162
3533 3433
4681 3326
2678 3916
115 843
469 4561
781 3331
1134 5346
302 4010
1018 1451
4957 5828
4854 570
5834 1956
1317 4284
4794 933
3874 4783
1527 5231
4591 5209
1363 5556
4025 5746
58 3009
3236 2812
2647 2477
5061 80
1888 3072
1296 1649
2194 5038
243 1624
2130 3603
2933 4861
3298 581
2265 3374
2758 4046
5420 5846
5069 4400
2991 2208
1989 1300
5749 5995
261 3635
5222 1148
4936 3127
5968 2067
3581 3765
950 2039
2222 3269
3142 5472
3779 2735
4322 3941
4644 70
4562 1368
3417 378
4977 492
3736 4826
4886 1990
3988 2191
3098 985
2525 4957
335 362
3809 5053
3522 5285
5385 5391
5288 191
564 4251
3181 1866
3022 2110
3460 397
4891 894
3302 5402
5784 665
3505 5820
5750 2380
902 1069
2401 1915
5890 3563
4434 4565
231 962
719 4905
1064 2836
5165 4879
1972 5206
1967 4350
2278 4698
941 5068
703 1146
2132 1932
740 977
5785 1312
5067 3161
1118 663
4719 2166
5110 4013
4985 1580
4283 3362
1671 2518
4569 568
3025 4256
85 217
5149 3417
1250 4985
4039 4219
1739 2245
475 5443
5585 2865
2661 35
1000 4297
3344 3961
1821 562
1940 29
2896 2522
1032 5837
1548 1168
1254 2002
5458 3415
5457 4696
1172 1963
1173 3936
1904 5257
4459 929
1896 4801
1192 3640
1586 5303
3696 460
4760 1935
43 3960
882 5835
39 1431
201 2457
2176 1243
5234 1402
2304 1689
2723 2588
5206 3039
3523 4912
649 4259
1418 1842
3224 5615
1719 5875
4519 3784
2202 3624
542 323
3733 5316
1929 2007
3469 5403
568 2983
3641 2423
5532 329
4291 4538
4865 2818
1479 456
3996 5386
2259 1134
5497 4050
490 2214
1553 1690
4688 4476
1154 3043
2090 1435
5636 2010
4341 2942
5989 3424
3076 5448
4879 2502
2007 5565
5737 158
2008 2894
4683 19
1273 427
1430 5478
3432 4387
423 3853
3657 4827
4406 1737
5901 4562
221 4213
2789 1803
5922 1578
2186 934
2387 1384
1930 3100
994 2429
3712 1526
825 4869
5436 1637
14 5481
5397 2401
350 1513
3830 552
4634 2985
5709 2584
4247 5876
2406 3091
5916 5145
4447 4774
1141 4446
930 1265
5845 4797
5725 2957
550 3506
5582 4095
5369 1245
5236 2322
2641 4549
5938 1287
5545 4401
5268 3760
4541 3200
2607 1948
1683 4672
1113 3495
922 5788
3881 2158
2714 4809
2804 2681
4924 675
481 1617
5146 5087
5675 4881
5259 5132
1836 2516
444 4734
2904 358
229 3948
445 1367
4178 2226
156 3778
3934 5075
2965 5583
5400 2963
1668 537
1761 2694
608 2576
5263 1564
2071 3527
4594 3397
5652 4370
1807 745
3726 1658
2230 1957
5667 2849
4840 1159
4992 2414
4603 2929
2757 5622
2218 1339
1992 2330
5366 1241
1623 969
539 1662
5880 689
4574 2775
2876 1950
5519 4473
4264 2408
681 558
4272 2455
744 1814
153 5125
4665 655
3078 1572
1921 3676
3390 1744
1976 3287
4882 5772
5857 280
3268 3097
3499 464
1252 5473
2389 5960
431 801
24 4906
822 2881
317 896
2497 5885
808 3821
409 1080
2107 2447
415 128
944 5179
731 2758
5049 2555
1705 815
3744 2231
1095 2333
4424 5816
81 60
2828 273
211 4261
20 3900
722 803
5816 4331
545 210
2244 4066
4706 123
5262 1779
2932 5571
1261 1479
4488 5477
4063 779
340 2160
4005 1668
4809 1771
980 2176
2621 5277
2177 1455
967 5691
1588 5256
5129 313
1589 3152
1298 4948
5411 1336
5081 1017
2018 5521
4641 2883
1713 2152
3054 359
628 2786
112 1746
2588 2394
5978 1027
4536 5802
5392 2475
4461 4959
1415 913
3373 615
1760 4323
2995 3911
276 2164
5504 3644
3246 3763
516 1282
4549 4306
2818 488
4169 544
435 324
1889 3345
3555 1843
1669 2946
2060 4719
5628 1149
1097 3824
5209 4665
1829 502
5227 5009
2081 3555
2604 4504
5787 5858
4522 187
264 1456
5280 3204
1665 1996
5428 1519
3661 3610
3264 3249
4508 5729
667 1635
2742 1940
3800 982
2226 4629
3813 2698
3740 2515
2254 1654
1054 4299
840 3459
2503 2103
2224 1502
5786 3499
1177 3601
1772 5717
4096 3250
3222 3115
59 4332
1471 2288
605 4344
3990 2880
1650 5838
1911 3663
4702 3917
3840 3694
1512 3446
395 3476
1566 8
4791 4519
2053 366
297 1294
522 4334
1048 341
5279 5428
5997 4544
5472 162
27 1277
4372 5538
200 2774
1312 5743
3325 3877
5066 2114
1708 2554
227 2032
1743 829
5510 3420
3401 1877
3231 3216
3479 3761
5735 622
3670 3522
3006 5856
3261 2492
2338 3195
765 1278
3615 5705
5076 5430
4955 1482
4504 5698
843 3038
5985 1232
3542 3348
1151 2080
1674 64
1756 1216
2509 1415
2992 5640
236 3058
487 4247
1084 406
427 3011
4306 509
2474 4469
3158 2956
1116 247
747 4321
3676 4761
5379 3228
590 2027
51 642
5416 4277
5768 46
912 3928
2399 3786
5408 554
2550 1012
3409 5687
5870 4440
762 2704
1315 3235
202 1986
5174 5653
3691 1364
2972 5394
3769 4518
4017 1672
4729 88
4808 3262
3970 5159
1070 4552
3727 1042
4420 200
2148 5903
5421 3297
5270 2162
4999 5370
256 4958
4916 1826
2844 3385
756 4757
3978 1236
2385 4453
728 3475
5964 1859
3987 4935
4087 4380
5254 5258
3433 1721
2024 4205
1552 1376
3176 734
4288 3636
5999 5669
5533 4132
4984 2616
2554 3662
2791 1741
1617 910
2954 1178
5023 1830
4972 1119
3517 1128
2446 2661
5743 5544
3986 4468
3922 5830
1050 4397
3656 5511
1457 4266
5207 5128
3306 965
69 592
3000 2799
3393 481
1463 4467
32 5688
3119 2922
2559 3781
5714 5027
1126 3776
3950 584
2223 4232
4869 1831
4866 5449
3644 4721
5759 674
589 4414
1279 2791
1152 261
1890 3033
3516 380
5694 5135
3551 5205
266 3089
829 5134
4807 4337
4775 5921
4011 2814
4105 3826
5016 4067
2135 3839
2352 5996
224 4874
4367 4094
4144 486
4703 5468
2741 5605
2612 697
4513 3078
452 2891
1651 4441
3905 390
402 1079
2997 3837
4468 1097
1816 3400
3185 1021
2512 3630
3895 5766
3112 4005
5919 3443
2417 5892
780 3881
5645 4598
5038 1728
4795 1849
743 3406
4948 4987
1019 2669
4312 5786
2108 3442
4567 2321
2740 4511
2350 2019
2302 5360
5902 5407
3099 2471
1417 5547
4803 2058
4469 1644
4602 3110
3841 2869
1344 3505
2182 1550
5899 3800
2903 4810
5490 3600
3955 5933
1738 3883
5820 260
4535 5347
5044 198
3799 2242
5813 95
1961 4849
5818 1291
2189 3980
459 3990
2664 4758
331 5694
5797 3283
1980 5399
1728 5044
3949 1628
520 287
2002 5427
2847 2557
4072 2138
4164 3809
4327 1204
1712 5632
3771 4622
913 1641
5639 3006
3501 111
614 832
4490 912
215 448
4600 1321
1190 764
5474 1566
866 4159
2838 2668
3408 4815
393 1914
1117 2299
3610 4787
2329 1411
4704 2935
708 5380
121 1828
794 750
5462 1975
3862 3301
3563 1286
1443 2182
3100 4282
361 3629
4942 5003
1556 4436
4982 449
4863 5451
4023 5942
4654 1834
4769 1440
3951 5843
1013 959
1727 2911
2054 419
5386 847
3378 1592
3504 5295
3787 2756
3398 5851
1388 485
4148 1711
235 3063
4485 1108
570 5318
2695 5329
5360 1024
1130 1089
1142 3134
1692 3508
3235 5423
2513 3914
3442 4998
1826 1049
3336 3829
4171 2170
1025 1865
1272 3909
1258 1443
4347 4456
5079 1392
1333 3410
3481 4681
2364 199
4246 1804
2481 5935
4060 2837
3207 4941
639 3609
2669 1214
3872 914
5498 3352
795 960
3559 3496
2969 388
3364 5265
3957 5055
3850 154
3263 5522
3295 2902
692 268
155 953
228 5063
867 2271
2918 5970
727 4288
5794 4835
4436 2248
810 2233
4297 1426
5798 2469
2232 5486
4279 1099
1758 5065
1237 4911
2410 325
5139 3929
3735 3092
1075 4877
4676 1019
5535 2959
5359 1034
28 4868
1286 4335
4693 3952
2913 1112
185 5612
574 4508
5970 4304
424 348
3223 4347
668 2610
1722 4092
5273 5062
369 3317
430 300
5184 4909
5361 2310
5159 4773
1693 2636
3073 2183
1383 4283
3156 5199
1909 2543
4250 698
5653 4281
357 5880
5387 4096
4206 279
5300 3080
2946 2022
2361 28
2206 1459
5185 5319
5555 3723
2654 550
177 3313
1397 5007
3556 430
3011 382
1235 4863
26 3454
3960 4661
3473 1557
5422 5438
2377 4149
315 134
5662 4135
4181 3485
3219 1995
118 538
3498 5732
160 4707
2949 2294
1868 3728
3143 5207
1105 3880
3707 4640
2585 4000
217 3498
2688 5314
1264 1442
4147 2807
1356 4766
3995 4362
1792 4471
3628 182
5717 2085
4425 1695
471 5216
5481 3697
4571 1860
4348 4915
4680 1600
5113 1279
1564 1140
5856 2803
4928 4258
4416 147
5995 3186
1981 5503
1748 5602
1023 1055
3918 1910
2988 1586
1216 1845
5024 5923
5312 3388
5771 883
2667 3543
3351 221
5791 3061
408 2872
2253 4692
1136 4276
3284 5569
3749 4903
1335 3222
1977 3963
1199 5262
5773 5993
2066 3376
5075 5190
5613 2732
968 355
647 4720
4079 204
1086 5924
5101 5197
3721 2877
5295 730
850 1117
3625 1631
4398 2282
3062 3102
5814 3553
4771 3989
3891 4583
168 1770
2721 728
5099 5907
3768 212
3120 3844
2358 3085
419 208
1001 5466
309 4214
613 3119
4975 5663
650 715
4258 4822
5333 5985
1433 854
5298 2876
4321 4402
4474 3111
4547 1129
3518 4267
5654 2750
4647 2540
1503 1558
5004 5591
3353 5100
2978 1155
4084 4645
3664 2524
1660 1942
2282 2936
1153 5905
3084 5718
3608 1400
4370 3674
1043 3780
3781 1370
5522 1163
1797 5598
3225 1118
4202 981
4968 747
884 5182
223 1053
2977 1064
3543 2559
3189 4175
4658 129
4408 3390
1791 2904
3912 3998
814 711
4108 4477
440 3470
2141 5089
683 4357
2016 4307
2964 3994
2185 2481
2373 2544
1762 1387
3677 5603
4653 4735
3016 695
237 749
1331 1133
5095 1036
4224 3207
5094 2937
633 1296
5841 1035
620 3389
1297 600
2887 4649
5729 4257
3848 5655
5470 2015
3193 2622
2133 1222
3947 2234
5526 3906
4462 3458
1493 781
3963 1494
5373 5819
1658 652
4724 2323
5487 4662
3835 582
975 2297
1740 3425
5344 2105
2035 1225
771 2723
5571 5365
4623 685
4738 3108
2924 1284
4784 5457
3940 1407
5752 5703
5673 5650
3024 1237
296 4303
5496 2073
4016 4172
5868 2213
3875 4972
5213 857
1629 3544
4764 1777
637 4609
1328 4657
898 1335
5986 3142
5327 3529
2336 3866
5407 1048
4700 900
5676 4790
4365 921
3908 1863
1637 4969
2332 4729
3363 954
4374 4017
5031 4751
5757 4365
3170 2431
1455 1143
687 1047
5368 3617
5121 3258
3513 119
349 1937
3348 3735
4163 547
4871 1301
2381 3566
5835 4408
3882 2722
3851 445
1187 4385
5570 67
4151 4750
5005 402
2729 2601
3767 1574
1960 1824
2790 1813
2195 2820
5889 3087
2086 3022
362 5045
2383 5185
846 424
5187 4383
5946 3689
2297 5059
1580 452
4939 4531
4101 213
4268 3848
316 132
3202 3878
2026 2766
3322 1857
2020 2778
3386 372
2243 242
989 2222
4687 4493
3332 5722
2524 3191
5914 565
3871 2035
3439 941
2303 2266
4333 2787
3426 1194
4919 4514
2441 4699
5962 1827
5846 353
4888 2404
5467 1897
4050 3718
4182 2355
4161 907
5475 1251
2125 875
4331 1754
2110 5889
4415 3090
3218 5833
1971 5668
3763 3530
5704 394
2812 4611
4528 4708
4095 1535
2552 3282
4878 5244
