6000 9000
276 2260
5696 2384
4863 1805
4982 1982
182 2577
1614 3890
3605 972
417 5174
213 3074
5578 4304
90 5762
872 350
889 4040
3505 4409
4330 2777
5959 4430
736 5219
3056 2661
392 127
558 378
798 3216
431 3730
3953 4355
3315 1755
3490 4798
4031 3948
1000 1432
5254 844
2209 4035
4341 1027
3890 1888
297 421
4843 5215
428 4232
1558 463
1840 1310
3189 1384
4579 718
1192 4042
4642 5043
259 1203
4797 2999
2785 1931
3039 5591
2213 5058
4235 4220
1256 3925
5461 5939
5881 4974
3007 902
2989 2402
4196 4869
251 3290
287 564
5520 2365
2252 368
1049 5698
3287 756
1331 1811
5413 3398
630 1969
5911 1779
2959 1985
3339 4047
5201 1154
3687 4208
1298 1926
2748 2323
1073 642
3556 1751
2092 1343
2839 4493
4910 4667
4195 4763
2318 4447
5693 2329
2077 3458
3899 4832
4934 4681
1450 3358
1577 94
2141 79
1883 5021
4033 1674
3898 1968
1052 809
176 707
1098 1235
2078 5811
2470 4696
4435 2540
5654 4335
3792 2816
1044 674
5505 333
3055 3714
4556 3916
2373 5243
4567 2115
2624 3503
4767 3649
2397 4150
3456 1316
3525 825
635 5085
1038 2742
3693 4431
30 189
2794 4650
4177 5777
1650 277
4272 2362
4200 4386
2914 2055
1236 170
5762 5465
5511 3984
5848 80
1445 2224
3954 887
3288 326
742 1054
5506 2411
2735 5972
1276 107
2230 4881
3156 1483
741 5596
5123 2389
1244 1539
2645 4705
5093 147
3400 5922
2882 3910
2533 1414
5749 5394
362 1139
5823 5894
5939 5135
3995 420
3084 3479
4532 413
5336 1559
802 399
2897 5019
3161 3088
4088 5037
3115 4170
4323 5221
1627 2355
2550 3761
314 23
1589 5629
4886 2254
2761 2640
2075 5641
5070 4249
1158 4702
1938 3906
4929 3559
4319 433
724 1561
3058 1195
2681 3840
4459 1128
77 175
549 3242
1603 154
1692 2620
2581 3177
3849 3708
3243 5991
2152 5714
366 5948
5874 1709
2986 1095
4857 3277
3035 5540
5428 4153
998 3978
4191 91
5692 5441
320 301
3820 8
5228 3919
1785 4645
5940 3834
1981 2359
70 5234
4091 1646
1944 3990
5538 249
1161 3280
753 5892
5916 155
5915 1522
1354 5855
730 1146
2390 4039
2912 5623
1110 687
5339 2265
863 1643
3033 5872
2923 4781
1232 2527
2311 2369
157 3058
4960 4001
5391 32
1845 2418
5817 5904
3429 2433
4724 1725
3245 4184
3596 1376
2510 300
1678 3425
1831 4885
1108 1150
2842 1206
484 5969
1300 942
2310 3994
5216 5869
3984 1467
4994 3747
3117 2681
3587 1443
5152 4828
650 1552
3087 2251
5913 2347
3695 5148
2465 2927
3012 5466
2817 1817
5966 4912
3111 5261
2032 3169
2706 4379
2929 424
5529 2859
2656 3060
2490 4062
1179 5152
1459 779
3925 34
1342 893
4941 891
3718 3600
1531 206
1484 2948
1626 337
2243 1088
3930 374
2045 2400
60 3603
2948 539
748 5943
2838 1115
3190 4575
1987 5885
4629 4924
1896 3893
2365 2182
130 3413
5699 448
2340 5190
4664 4933
3417 4420
4489 3773
1150 3213
5714 633
4990 43
3394 5457
5293 3788
2161 2177
5085 2548
1665 5580
1173 5699
5590 4185
3951 1013
3096 3352
1116 4673
4747 3341
678 4883
1299 1437
3610 1300
2274 5515
5977 3843
57 4627
5778 2030
262 98
72 1323
378 4819
4705 1964
4223 2630
2738 2633
343 1334
2726 3046
189 752
1950 3926
4513 2168
380 5409
5581 759
1168 4323
219 5475
1383 1936
2254 4789
5104 4778
3588 4619
1857 635
3584 5303
3278 5601
3297 4250
4536 1226
266 2727
4264 1258
5019 3844
3176 4514
3205 1321
2708 5521
2870 1245
1836 3727
1658 3645
2258 5128
5981 1418
4303 153
3101 2211
2628 932
4290 4658
3385 2799
5543 4700
1920 4351
968 1582
4651 3754
2677 3575
5375 1573
4437 1927
4147 4823
1996 2800
1100 4147
4114 5028
1058 123
92 4474
5110 5747
685 5930
5219 2309
3154 2607
5609 3563
5517 1468
5405 4063
1676 1058
2479 5647
5179 877
2775 4284
0 668
4700 1640
5193 1892
548 3765
5705 4444
5384 2253
5266 4821
4436 4086
488 5724
3548 3120
2572 3081
3430 3237
2211 3615
3321 1952
5223 1299
938 1079
894 3814
4714 1879
3721 3741
880 1837
5331 272
4192 2357
2966 2539
867 793
88 2780
3375 703
4150 723
4778 5169
4486 181
1103 5149
381 5981
3667 1529
1131 2723
4108 5839
1165 4015
64 30
4454 3854
2535 1135
17 5795
4322 4465
4346 3455
5897 4695
4139 5178
2112 283
5839 1809
3685 1813
1261 323
2414 1241
4049 632
2525 5379
188 3707
1797 78
572 3035
3789 5020
1118 1997
1176 4746
5606 1734
4763 2305
125 177
3367 4724
4877 4206
4475 3239
3121 2093
5440 988
2371 1668
5600 729
1686 2952
5821 3139
2886 2313
2631 5754
5312 5173
2811 1324
2690 4478
1778 1386
5810 1744
4118 3008
3619 5809
5471 1012
4911 2354
816 3324
3229 5588
1978 4663
1186 2222
5157 3822
3534 1248
3519 4275
5227 4734
4348 3812
1652 1499
5169 1000
5358 3781
957 2934
3008 3548
3907 5125
1726 4370
1813 5077
1760 1006
2434 5245
1031 2263
4842 3137
4900 3373
5363 4060
5793 774
649 4877
5950 2932
5355 2984
3003 76
3045 3974
5417 1201
3807 5649
4585 2125
836 4269
389 636
5114 3218
1229 923
767 2901
236 787
1550 5636
1317 2944
3138 240
13 3782
1036 1800
4566 4972
3191 1620
5370 3688
644 2929
3294 5840
4677 5633
3323 3607
5993 606
3903 5852
641 1261
2473 812
5759 5106
4126 706
2438 306
747 4827
4028 3393
4231 5341
3628 2029
2005 4692
5221 2972
571 4880
3459 1910
1533 235
2031 5194
207 2966
5934 1256
3670 4137
3301 1776
646 1630
4726 3432
32 5559
5518 1981
5626 2642
5560 5179
91 782
667 3282
930 5402
5672 3518
385 987
4131 3650
3446 4856
1838 2217
2071 1155
5509 3353
5029 121
5453 5
54 2569
4969 4980
4236 1168
2094 510
3397 60
1446 1368
2060 1501
837 2602
5886 3133
839 2215
87 1180
1308 1551
573 604
4215 3084
3493 3424
3432 188
1283 498
3193 4091
4027 2036
5531 410
4785 4408
5052 447
2927 1662
5301 1419
3124 380
2202 826
4451 4966
3283 5697
4518 914
2931 4626
5095 1458
3620 1733
3757 2574
2058 843
1779 1631
5279 5825
2609 858
2271 2795
1659 5183
2784 5767
4503 4425
1216 2001
487 3776
2665 582
5111 2197
4248 1752
1500 4977
5292 4426
4852 3304
2634 3617
1579 4900
2008 770
5556 2692
47 2088
1910 165
1185 1839
4398 4285
2852 3083
1189 1804
2946 3189
94 4207
5117 2958
180 255
1906 5410
1200 4492
1780 745
4476 1822
4466 1966
1522 5086
5846 4842
2553 4038
178 5427
2873 4555
4043 1025
4390 1056
277 4422
2546 2582
4157 1729
2958 1279
223 238
1240 470
5129 5631
5751 2016
4789 302
4252 408
23 679
4257 1377
4034 5030
35 1953
3888 1167
5709 5330
3696 5017
5065 1653
523 2788
3369 3755
1716 4965
626 980
2521 874
1540 1096
4657 5347
3528 3524
4494 1301
5165 5658
2848 999
4180 4918
534 3562
2363 5205
4278 2898
4620 2431
5399 5450
5090 4179
4443 2903
773 5581
2921 468
3401 619
5760 2108
1640 1511
975 3188
4238 5415
4001 1753
1061 2473
5354 2129
5767 2855
4018 3207
4026 623
1213 1540
1174 1127
3617 3865
1810 3751
2195 3062
4420 5956
1881 3053
5894 246
3942 2798
4106 2635
163 4174
2324 10
2476 338
1995 1812
5149 1430
409 1287
2228 1332
1280 3636
4265 4203
4329 1380
3644 5444
354 2150
734 1895
2103 2166
1719 1768
1599 1231
3214 1193
4597 423
5063 1450
2013 773
194 3319
561 193
4482 4424
3593 1091
4008 4463
2459 5648
3624 2784
5623 881
4376 4182
3703 1108
1145 2965
3402 1305
5995 5587
4331 5751
4807 451
3089 3545
1248 4762
5176 5944
4491 5955
704 4108
5962 699
2573 5216
5381 870
1337 3100
3126 5276
5788 4792
4024 1291
4553 4738
3108 1626
4468 4755
3492 5131
5338 159
982 4054
959 4693
2747 5787
2610 5887
3378 3158
3338 3609
3216 4677
5991 3148
550 3401
651 4908
3433 5761
1438 2447
5389 1354
3779 2377
5480 4349
5365 3419
2093 4916
5582 1715
1998 979
5418 599
5989 5116
3070 628
3434 5544
4063 1242
3145 5492
292 2831
4861 5449
1931 5145
762 2559
4182 4352
20 5352
49 371
3601 515
4245 5599
2215 1104
114 3810
5707 2167
2565 3572
846 1775
5150 2149
3186 2024
1002 239
2567 1916
5494 3106
5825 5437
2684 2408
474 4928
2903 4715
2391 4192
3481 5253
3272 437
2584 1632
5569 4090
2505 5267
4748 508
5178 5624
1735 1515
1891 4761
2115 5896
5264 5775
1114 5598
3982 682
3658 1574
1272 5612
4997 5752
3134 3918
2319 1288
4515 1182
4069 3121
1711 1762
4824 118
2890 2896
3358 2270
4375 5844
2676 740
4560 1703
4759 2164
3099 5339
5087 4685
3507 4266
850 3431
3366 4647
1010 800
2768 2714
485 822
5622 1085
5141 1598
2140 1317
661 3047
2276 977
2547 476
4044 2123
4876 2796
1139 86
3514 5689
257 5797
1409 4882
2457 5516
1992 1417
1902 5768
4834 4648
5437 511
5798 35
3766 609
1527 1732
5983 5507
3450 1572
2012 3350
589 1308
5100 3037
3150 5435
4424 5913
5458 4129
2380 3272
945 218
5833 4502
4777 4145
904 4307
2180 5108
1633 1233
996 2381
3639 4173
1025 3107
2096 3749
4430 5348
5188 1658
3623 1504
4819 1541
4534 4817
5360 5312
263 518
5285 373
48 5272
1580 2807
3192 2622
4853 805
934 5286
3964 2933
4120 794
3268 5204
4250 2639
5852 3203
5158 4615
5001 3683
1564 68
1076 5289
434 5517
3784 5600
2200 5960
3799 533
5697 5082
1718 2258
2234 3905
133 5919
3615 3204
2481 5325
2834 2231
5187 4549
1347 169
2707 2685
141 6
5379 926
3535 1192
1184 5027
3255 591
4575 5182
416 3496
2657 5165
3834 3679
707 3690
4463 4614
4555 3466
3880 1718
408 183
3303 27
5031 3253
3335 4388
2165 500
5469 801
1988 4334
4247 4135
4202 3082
2968 5622
1623 308
256 3745
3978 5089
154 2598
4725 1663
679 2466
4144 2904
59 1152
1724 2279
2798 5532
5997 3779
2818 5400
2261 1859
2537 1795
3170 3438
5947 5936
4704 474
4652 3289
1081 702
2337 5337
3198 2955
5491 3644
2541 2336
1113 5594
1889 139
1732 2592
2343 3929
290 4445
3523 838
4928 1363
919 2349
4021 5009
1510 3914
2522 4455
3260 5451
2574 228
1731 5136
3708 952
250 1710
3681 4213
3561 5683
5730 288
429 5829
5684 2631
2632 1047
3424 1941
3163 5695
1639 114
4964 701
3451 1600
2724 600
3249 2818
4885 2947
2268 5677
2753 2050
1605 1991
2017 5110
4858 4113
3083 2227
462 4659
1808 3113
2278 5211
3705 4280
4409 2413
728 1210
4465 644
1039 5803
3308 2825
4662 5269
3934 4434
5627 2155
4988 289
4354 2695
917 28
350 416
3382 5199
4382 5390
3743 3725
2039 5248
2621 161
4622 1868
1949 3043
376 4289
1412 3369
1753 2302
2294 1263
4058 1278
4582 5326
2147 5945
2260 1068
1768 1878
5105 522
5809 5392
2148 2608
2175 1554
2981 578
5128 182
4544 4703
192 3824
1618 4642
3021 4242
2426 253
1913 5923
4870 2430
5867 2395
5790 85
1382 2117
3841 2775
5329 431
3765 1330
4048 5119
5585 5281
2009 3851
2295 5786
3963 1667
5647 393
5281 2976
4079 4656
5004 4687
39 568
1970 4186
5366 4122
1874 2188
2978 444
4439 4125
3983 4973
5657 3535
122 3073
2694 3510
2860 2178
1973 3214
2751 5431
1736 4202
4683 3803
2517 4909
4263 2973
2089 5940
3684 3560
675 1829
1159 1684
587 5060
52 135
3986 3447
5769 3796
1104 3025
5907 1962
5829 634
1001 4548
4061 758
3869 4735
3965 734
3496 417
2163 836
1050 5172
961 910
4825 3271
5215 2459
1250 5961
806 1869
3999 3056
1077 4302
5956 3224
3972 969
3635 3366
1201 1045
783 795
5929 3357
916 2826
5467 1866
3966 1098
956 1162
1572 5693
4730 2872
585 4291
713 3059
1825 4825
5432 2801
4299 15
2145 2790
1086 3656
124 5831
445 5045
5307 5842
2049 2495
1214 1490
5113 1849
4426 5250
3751 2911
1290 2303
522 1341
4794 21
3756 2603
5927 1930
187 2845
4364 3687
5982 1179
181 612
2727 2738
4462 4354
1894 204
1154 2361
2480 3878
3889 2180
31 1199
1926 5774
226 415
1419 4148
5295 4095
1181 819
1237 2754
1348 151
5082 2098
2322 5038
1059 5691
4847 1513
4509 143
580 4356
6 2228
3439 4947
2193 1874
360 4853
1789 2200
1886 621
5473 407
4433 2711
4939 1605
1066 4506
1644 5778
2205 5438
681 2428
4392 5662
2263 4839
657 5120
5214 3738
4000 366
4059 4110
809 1748
5212 221
5122 588
3968 1629
5007 3980
4965 5736
4184 2118
5875 5834
1315 4451
2568 2356
4815 2963
164 5423
3715 4767
1917 3681
3081 5838
2867 357
3437 3026
1557 2982
4186 2922
4671 3109
2386 1497
5990 514
2188 5258
4434 1781
5994 3581
5645 1413
2911 3526
5594 989
5485 5416
5430 5891
2460 1485
914 4771
5802 2774
709 4744
436 647
5942 577
915 4501
2984 1832
4599 5155
1486 2936
2244 4836
3325 5720
3835 3154
4968 4111
2464 5280
209 4187
5348 4297
1439 5764
4850 3186
1408 1828
5203 5054
146 4348
2691 4833
5208 1034
1801 2802
4071 3598
3148 3868
3064 5728
2616 1403
4003 1616
5459 2938
778 2483
3823 2758
976 96
884 2890
2440 1228
2770 1586
1320 2434
3649 3728
3350 4911
2809 1614
2229 199
547 840
1390 532
2150 4375
4996 2673
808 3932
3217 4199
346 1007
1854 2477
5830 3772
4492 4398
4141 627
4770 1765
2124 5802
4121 2694
5028 3786
7 4948
3591 966
1586 1382
2301 3378
1199 3964
771 2704
3760 2190
2130 4373
4638 2386
1788 704
2235 1676
5640 2613
2454 1352
2763 126
5933 4017
5917 2373
2242 4435
1142 3871
556 2606
2281 278
4559 3276
5965 5705
4158 3949
2579 1527
1220 5123
185 2703
619 186
5297 5715
334 5476
111 3386
5002 3731
3797 2769
960 3478
1734 3521
4830 4423
1125 1537
3959 2567
375 1471
2545 4154
3811 2525
3125 3450
609 1153
4995 3970
4401 1423
4216 2763
4779 3623
1462 3226
3441 3360
1817 1623
4155 4013
3674 5977
3563 1082
3967 3179
3568 3505
200 3051
4571 4504
5476 1426
795 84
1443 2037
1598 3086
2999 1767
3539 1340
4881 1075
2992 2511
4140 2992
3877 660
2883 2701
4984 833
4949 3128
1160 4701
5755 5806
1512 2407
337 4156
4336 2989
2061 3004
5604 4433
1827 5321
2246 5738
2534 4098
4487 5403
4403 5530
370 2281
4324 2023
1862 803
5156 5953
383 1899
4755 3164
4086 3477
3362 4468
1793 4879
2990 4240
3326 4391
5782 328
414 585
5273 878
4316 499
5232 1264
5433 1148
3831 425
1680 422
1699 2480
990 5527
458 751
4415 5047
432 4581
2844 2210
1909 4866
1859 4861
4286 1852
3840 3266
4529 352
3876 386
2543 5763
2442 1446
2563 3861
5731 3879
3037 4668
3759 2488
5996 5784
1822 1169
442 2121
781 2778
3048 5509
1751 4894
3533 4286
4353 846
1687 1972
5777 1249
2736 4301
2149 3024
4396 5927
995 4438
801 2739
2001 5832
5563 666
4110 1688
3595 3702
3941 1333
5040 5506
3604 5056
602 4758
5771 4343
5246 4406
2256 3913
636 3606
2516 1507
5889 3523
2073 1292
4522 534
3688 5605
3209 1814
3956 5262
2895 2324
4699 1498
5740 2321
2153 3958
46 4288
3607 750
5719 2085
514 927
3923 5004
308 5185
4198 2017
5323 4034
2766 3097
5317 1294
4827 216
2248 1202
128 1039
26 4608
4713 2752
5484 530
4418 1547
3531 5343
2520 2366
3885 3066
2288 119
3793 4475
2552 5901
5873 705
28 4407
1890 3512
3659 4840
2046 3018
5837 2862
3411 1827
1203 39
3353 3222
2943 1998
5420 1225
1613 2505
1762 5616
1457 1322
2663 4416
2487 658
743 4834
2644 1935
412 3635
4739 4296
4752 5968
281 1327
1144 653
3206 831
5225 5001
5804 5268
593 1720
505 1847
637 1050
1965 1285
2284 1390
265 2327
1026 5744
3985 2112
4485 1465
2048 4342
4445 1602
4801 2295
2994 5365
4986 4215
4233 1367
4497 3664
5789 63
723 4846
4279 2533
2661 349
1099 1243
1849 512
4172 4740
5305 4865
493 4008
4765 2877
5064 2086
552 3085
403 2684
1175 2120
3066 479
1835 1749
3296 5739
1454 4436
947 3694
1084 1303
2477 99
2493 5034
2422 1770
4894 1415
4637 5860
4691 5807
3147 2507
1391 5413
5910 4368
1518 1863
3772 2119
5436 4569
331 3870
4280 168
1901 3022
2253 4731
4613 5488
5084 2379
1385 4946
3252 93
4163 2273
1368 617
4310 5857
829 2629
840 5087
4447 3363
5738 5420
1824 1882
886 3481
435 2315
5079 4547
2399 1731
5349 1951
4284 2077
4173 164
5619 2243
1878 342
5525 4469
4908 5837
1826 2201
2455 3666
344 1505
2055 2879
5347 3516
1675 2385
4213 4011
5691 1860
4072 5052
2471 5399
2741 3594
898 1758
1819 3328
4604 367
3177 2787
666 2883
3664 215
2526 3194
401 3118
4623 3471
3641 2682
134 1448
3613 2403
3420 5405
5490 3433
2166 655
5686 2674
1254 1191
1922 5111
4774 1274
2429 1705
586 2138
4302 5064
4260 1331
5597 1349
1312 1693
2119 3637
2416 2719
5326 5686
1451 4596
2797 4754
3253 853
5257 3968
1581 2054
1430 4708
4906 4104
633 5154
2345 3537
1742 144
333 5771
565 12
4930 1018
478 1994
3495 2358
574 4415
2961 1704
4973 667
2950 3223
4915 5376
2451 1404
1961 3162
555 4353
41 4462
1405 2297
1585 4605
5091 5421
4224 4753
4721 5848
1380 2097
3575 2969
3102 3955
858 4694
5955 3622
1433 1955
4729 4713
4175 5585
1786 478
4261 2751
4695 2489
2875 2469
1588 5406
5827 2249
3657 2833
5351 1083
106 3142
4092 4382
5194 3150
4533 2974
2212 1133
1871 569
1563 3528
5885 529
3590 2464
5242 1411
483 3288
3822 2053
1999 5870
3527 1071
3516 538
966 1097
5403 3132
3093 5062
833 418
4276 3367
3689 1232
5702 3041
1140 3311
530 960
2401 5592
148 146
5280 5941
2425 1747
3317 4029
3463 4568
1143 2806
1378 5477
4648 3585
1245 4601
932 37
5786 3988
4743 4787
4347 4814
2894 3278
5226 3467
4421 507
2080 5022
274 2146
1305 1084
4589 4226
4628 1113
3901 5353
371 26
3330 2789
1544 4770
4679 546
5041 5863
1490 5486
2833 3836
1985 1686
5400 2817
2589 5513
93 3966
5816 4544
5283 1774
726 5971
5866 382
3827 4443
4581 4292
792 5176
1323 5637
4617 3175
3219 2506
4670 2344
3752 678
2642 5474
2909 4144
2415 2589
1079 1254
5136 2741
4383 5296
973 3114
4802 3883
1884 865
980 1302
340 2094
3961 1412
323 5514
4692 1664
5618 3830
1040 4495
2855 5480
2692 5238
4386 375
3662 4867
5849 5750
988 3506
1384 4870
4864 1181
4689 4432
1837 5562
928 4643
3592 5490
1455 2771
3270 4631
1007 2995
3783 2913
4603 2202
4009 2740
2974 626
3836 2554
4328 3540
1398 4134
3182 3159
4899 880
2767 5295
2328 2832
1282 5974
3856 1654
3938 2824
5328 5740
2321 909
2720 5519
2830 1138
2355 3613
3580 2749
3221 1344
3231 0
5324 4822
4922 616
5013 1469
3392 4178
2962 5569
4170 3247
2939 293
5550 4848
4735 2026
819 5230
2036 4976
5659 5274
1091 4277
2047 776
5575 5147
5544 1975
3666 2080
5427 5499
3573 1141
3776 5279
2221 941
3560 903
5685 3530
5155 1873
1620 1190
5089 721
5586 963
2778 3454
1483 4158
2776 3837
746 2317
4345 3673
5271 3927
399 3474
5000 2874
2216 662
224 3241
1191 920
1371 3435
1655 360
1811 618
739 5712
5222 2857
3167 4371
5553 156
1727 2252
4838 458
1704 4139
2083 3699
3802 2756
948 403
1171 3816
4452 4066
3980 5255
1195 3522
5272 2868
3724 2006
3091 4578
3692 5702
598 3361
2269 5823
1556 5263
4866 291
4400 152
1578 401
4993 3493
1198 1967
1092 834
4501 4279
2034 5126
892 643
3322 2912
4660 477
1452 3900
5988 978
4160 3416
2744 4260
2711 471
3348 3149
29 3880
5130 5446
2461 5161
1695 1350
4237 1702
3911 1204
4137 4546
4905 3335
5853 4786
1528 3657
158 5998
4 4338
750 4852
2181 936
2769 4689
1178 4795
1152 1200
4274 3785
5850 5469
5482 5384
356 646
2762 2856
4991 2219
4458 2288
4339 5076
2222 356
2777 2443
3239 1151
594 1119
5680 5815
5712 3374
2940 513
2022 5534
5725 1286
5736 4949
4289 1482
4782 818
1638 2544
5895 4519
2853 5897
471 2887
2630 3627
2559 3953
1509 4362
1519 1603
3742 939
4758 2951
1576 3251
4903 112
5139 742
4674 5024
1467 1347
5743 1345
1865 4278
5656 3377
4893 1289
2872 5579
775 1683
2845 2328
1395 1610
143 3211
5145 5015
3896 1005
578 2284
4611 5567
4116 5902
5042 815
2658 5226
2133 5069
5728 3020
5554 2998
3916 839
4159 5672
883 330
3164 4479
3403 5557
396 2341
4822 1359
295 2042
5912 2314
2899 5663
4145 4305
5202 3546
2305 3823
4369 3348
600 4607
80 1290
2385 209
3808 5414
3572 4748
4422 641
946 2830
4338 5710
1503 1922
4647 2888
121 5886
4711 1353
3412 3070
3300 405
5858 1857
5396 3326
2076 2083
2450 5799
999 4378
5288 190
1962 5331
4951 2762
5752 71
191 5874
3731 3771
4149 5498
592 2074
3726 4609
208 547
4308 1666
4073 4649
3390 4201
3851 3554
855 3155
3213 1937
1763 439
5005 3947
1993 5555
1242 3315
138 637
1482 5346
4411 4102
2650 3449
4989 4257
198 2470
2406 3301
2703 4564
5046 663
1882 2432
1083 158
3428 1314
2444 2294
1089 1696
2859 2147
2201 1136
4098 243
4152 5746
5668 3470
424 13
4334 882
1294 4228
5071 1092
5547 3904
1773 2650
1792 3320
2591 2290
4781 4847
510 544
2756 2114
2270 1831
4084 5013
199 2204
3188 5980
115 1628
4134 953
322 970
3444 1690
2417 1049
2651 1672
3179 336
3340 2865
610 4816
774 54
495 5908
890 5014
588 4163
1269 5659
3247 4709
2285 1487
4826 2889
5303 736
4190 4512
4591 3163
875 4489
5792 1545
2317 4670
1597 2069
3773 1544
2595 4256
4297 996
4493 5655
4349 1315
2620 4254
2787 4888
388 5200
221 3557
3554 5827
4166 2776
818 2731
2531 4639
1096 1581
4716 5237
3971 5374
3000 430
4742 2471
1166 3922
4032 4361
1508 2550
5096 1963
4209 5734
5682 4309
5160 2721
5311 4935
1615 3933
2701 2760
5357 2549
2348 2396
3818 2957
1972 4366
4975 1142
1102 2690
3874 2452
197 1297
4749 596
2057 5235
1630 1309
2586 1825
3625 1660
5750 2226
2508 4756
1162 5039
900 5639
3682 1565
788 3721
1798 873
1554 2564
1196 2486
5799 4660
5205 694
4320 4096
2709 5483
4907 1239
5495 1925
5262 5535
2283 311
583 89
5878 4793
3264 4390
3977 3527
5649 4235
4355 1905
99 5779
2945 900
101 4664
4874 2318
1289 3462
1318 1642
1045 2541
2010 503
1225 3444
4917 3797
319 1472
5918 2484
4153 2438
828 5191
2316 3411
5845 4252
3629 3625
2066 2996
5930 286
321 561
2865 5518
1488 3364
5444 5283
3448 3642
2342 3219
3589 5729
874 1799
941 5459
5630 3395
2019 5385
4634 879
4656 264
5679 2423
1843 3329
3137 1342
4865 3351
4873 2282
3976 1237
1404 3703
441 851
4945 728
439 3979
5523 171
4066 4646
107 562
1442 2010
4075 3394
4481 4899
3545 5309
1583 3243
2561 2766
3044 3451
5795 1325
5234 1746
4281 5589
854 2159
504 2326
2982 3429
5017 2414
4096 5850
3475 4466
5244 3835
3418 3017
4539 579
2449 5563
4616 2194
69 178
3242 4940
698 4751
3097 1456
1953 4290
4659 449
5922 672
4959 4133
1075 4954
3036 4907
1570 3382
5330 2044
2273 4482
2604 761
727 3604
3497 3889
1848 3831
4733 231
4005 5590
3485 5656
2718 4951
1268 5187
3683 576
5237 2543
3015 1435
1292 1457
465 4327
2953 664
1088 2152
2323 2659
4542 3362
5024 693
4076 922
4703 167
5290 1761
2824 5790
2618 5442
2536 101
3875 1394
2326 5489
2504 4684
2352 3044
5999 2427
2498 3094
3327 5847
2267 5735
3771 1065
1464 5478
4309 1594
1702 3845
1132 4225
3502 40
2072 317
537 5608
3202 1500
3342 4030
3562 1840
3714 2916
2125 5171
3745 3268
909 3054
2805 251
342 3583
3924 1999
3878 3829
1363 1865
5472 2648
1060 649
4288 4774
4808 5377
3914 563
5783 3817
3673 4427
3524 3951
1 5354
2433 4554
4851 2311
3277 3998
2716 3491
303 1670
663 4920
568 3685
1293 5065
3169 2342
4848 3144
922 2849
3173 2501
1265 3347
2265 3724
2277 4313
3038 5745
1340 1583
2309 4085
3290 1567
3410 3737
3894 376
450 2894
5449 3371
131 75
1590 5846
5142 3647
4932 5344
1959 4234
1919 2570
3500 502
4495 3235
1930 370
2985 1568
1606 2485
3371 1794
3661 5983
400 3306
5539 2905
2752 185
4199 2853
3363 5083
327 4075
1255 493
1051 1425
147 5958
3853 5053
5241 5404
4618 3991
3638 4611
3314 4997
5694 3340
2182 2276
529 2191
2749 4532
2409 3102
2339 571
2731 3818
4055 1560
3049 3229
3060 1408
1303 3292
5086 5324
4967 1700
2696 5989
923 1089
1328 5841
910 2869
76 971
3218 748
2831 1077
1074 2047
5851 3915
2420 2716
460 4043
5779 2623
291 1329
126 3339
1461 44
4113 5098
2851 3286
230 3334
1701 5812
242 4898
4805 3143
4810 3201
3905 4449
430 2105
3758 1044
1495 3129
1941 5443
42 2033
5818 5407
1648 2015
5985 1890
1441 5743
3391 5785
2566 4152
234 817
5195 2095
2026 2785
5941 3693
3310 5447
169 3639
1389 4166
5167 685
1054 4205
4370 1519
3077 14
4301 5783
4798 5550
5269 4737
2109 3651
4469 5097
4313 1750
2146 2828
5224 3485
5447 5103
4790 5703
2378 1635
1333 4779
5327 3550
5275 5529
433 5144
2063 5340
5896 3153
2647 196
1123 5725
2333 683
4883 2269
1520 4093
2447 3596
2101 2136
3291 2747
4799 1578
1983 2122
3660 3381
410 911
1164 3336
1568 5222
4635 5934
2901 2687
473 4576
4962 2712
2104 5233
1316 233
2044 3308
542 1901
3646 2664
1365 3935
5483 3601
3460 5491
4428 4456
2596 3434
2906 5849
3962 2091
3381 495
4384 4533
3648 2335
2582 3236
5061 1615
662 3896
991 3950
3633 2028
456 3021
2347 3662
5972 5575
2915 465
3051 5769
425 2647
1133 4682
2705 4919
27 5933
5382 955
2513 2531
5824 677
5233 4210
1767 4022
1262 2440
5299 4221
3414 3963
5567 2426
3801 4219
464 296
5300 3152
5353 100
3598 2246
3626 1033
3599 2038
2529 2988
5914 1246
887 4510
3763 1675
1194 3140
1479 312
2362 1757
2369 3795
5497 717
3123 3321
4228 5127
1653 2113
4580 120
4902 3111
152 5168
1663 4599
489 1070
3393 716
3006 894
2997 131
3061 3997
3767 4772
2 1881
3668 1933
1591 3033
5055 1441
1435 5505
2987 5084
5757 3071
3046 4723
3026 2275
1812 2811
3698 1209
3602 5157
142 5141
1750 134
3332 3628
503 105
3120 4068
1355 4212
3949 2087
2411 3969
244 3770
5177 2562
810 1355
1887 4317
5261 5576
2478 130
3891 4942
1373 47
1952 4067
1535 1797
1065 3952
1728 5545
2313 2925
2802 281
2623 2187
1424 2627
1470 1609
5746 83
5756 3295
4397 1949
3465 1897
5595 1470
1696 2959
4417 4862
5493 1433
2436 4620
129 4248
4306 3928
4023 1820
2674 1014
372 1503
911 2172
5832 4403
983 3399
5162 3165
5948 2532
3032 2409
5500 3989
475 1585
897 4625
1249 4600
5421 2956
1800 5538
2734 4996
3271 1017
800 2304
5904 5789
5596 3337
3336 4790
201 1111
1008 3792
1120 2383
4879 5642
65 4638
821 2101
4164 3501
2864 5189
5387 1312
4467 4981
205 4624
67 1178
2730 2941
3240 901
3171 3473
3809 4803
5120 490
2191 3972
1466 1029
4584 4050
776 2171
2298 4329
5836 5049
5356 31
218 1268
647 5757
4694 4393
5807 2902
4007 3838
4249 1712
608 5496
2675 3716
5945 5851
4425 2960
2900 3800
2880 5225
5098 2993
5352 3007
1980 5121
123 2698
700 4970
1624 4003
905 237
964 5223
2394 5364
5612 2274
615 3170
4803 5640
2011 4662
2569 4499
1341 5244
1816 5595
3135 316
2603 4990
1617 3464
1893 1140
5412 799
5632 3178
3712 3504
4446 3763
879 1247
4359 4953
1187 109
5018 4683
564 2479
1911 3069
4387 4773
3858 3342
1829 2332
2236 4130
1689 1454
5857 2003
2370 335
5147 2765
1867 1872
3333 351
5646 3943
2368 3300
4234 3490
4085 2439
5855 4238
4557 1061
5963 205
2613 5618
3981 5493
3920 5291
4562 4904
3486 4845
2666 3172
1669 3595
674 5359
4806 4414
379 3075
2204 2675
1743 2954
2014 5198
5549 5356
5898 3860
286 1657
5701 2646
4197 4324
233 1444
1777 4794
665 3488
352 1020
2765 3945
4570 3849
3080 5075
4610 3987
5247 250
285 459
2687 3576
4583 409
4630 593
4267 3508
2314 5990
2025 261
3806 4263
903 5845
2977 5597
3054 5911
777 5821
3927 5504
5451 2124
5579 5367
168 124
5669 11
1787 4633
740 1402
1210 2617
4678 5947
3208 3907
2467 2861
4269 4915
3293 4630
2155 5241
5633 4169
4987 64
4521 3228
1377 45
1873 4943
1720 223
3541 3185
985 4200
3805 4671
5243 2991
3449 82
3713 4800
671 3472
1595 630
5610 2743
4333 5876
1399 3099
695 5906
2669 2286
936 4418
2871 2075
913 2334
248 442
3098 285
4405 2239
1055 1723
5442 5661
4896 3443
5068 3068
570 1885
4764 5130
2680 2220
5499 25
4194 3484
5075 847
5411 1816
4586 3705
4442 1793
3498 2597
5859 4558
2475 1455
5507 4812
4608 796
3234 505
3707 5798
2164 4155
3184 886
1475 3839
926 639
3536 4565
5369 5388
2576 4299
2325 3892
3586 2792
3719 5078
3257 2256
2936 4541
703 2300
4483 814
2482 2573
2920 5208
18 570
5620 3010
951 2621
127 592
653 2773
684 777
4208 1798
5053 3753
2220 2517
761 4
1511 5412
339 1717
3416 2926
2050 4808
1730 2233
4080 3846
5198 3475
4593 5448
1233 1974
1549 242
785 2986
4490 90
3406 3566
3421 4986
1372 3706
5773 3967
2626 2002
1739 2065
4391 3531
1029 5572
332 2565
950 2446
2139 5719
5463 1410
955 3258
2413 7
4070 5432
193 4131
298 1996
3022 906
1017 695
2702 5903
3425 5635
682 5349
2564 712
5126 4441
591 4490
3281 1986
989 1460
5753 3103
694 1143
3246 406
1738 3715
5591 4380
5842 1445
2107 1270
1915 4721
2151 5678
1596 4142
5151 2839
3187 62
3047 1399
4931 4613
5559 3303
2121 5266
5670 3611
5923 268
1119 1917
74 1742
786 1741
3073 2671
161 2460
3222 5537
1784 3864
4125 2823
4520 3200
3753 4151
1321 5871
4332 951
3857 4644
2088 4573
1474 904
4832 5615
166 737
404 475
3862 3422
4958 2768
2117 1351
3438 1064
3275 4396
2938 5373
4787 1740
5206 1771
1892 2492
1986 2049
5062 3167
3676 4743
2654 5072
4295 3244
1847 2278
258 5036
4470 1978
1672 3061
929 5096
3365 1843
3833 4274
4174 2316
5770 3457
2241 2214
5235 2399
2627 3608
2398 453
2086 2914
2051 4064
5629 1649
4337 5888
1127 5867
3517 5011
5372 523
659 4177
1170 4239
167 5782
3973 4428
3404 2456
4745 1678
1904 2298
1765 4886
4298 1906
5661 3710
4083 174
2185 1062
2423 4442
520 1357
4750 5424
1169 956
3074 4815
3643 4628
3677 2667
3078 4082
2346 217
4837 4921
691 871
2612 3233
2287 2512
5409 137
1850 5978
1571 2000
1521 2225
2598 2688
943 1940
5036 4837
4753 889
5557 4871
4738 676
15 2923
5794 3663
895 2143
5200 1464
2297 203
5025 3156
2764 5351
405 2063
5240 5434
2197 1366
4669 4118
2806 5997
3725 1114
2585 3661
2558 1618
440 1120
535 157
4605 3867
5192 2293
893 4358
4201 4282
4473 1099
4389 2866
1607 673
5253 5573
4892 4018
4609 986
5936 5854
5893 4454
4696 4868
5887 5380
3014 304
2192 651
3611 2814
235 2689
4653 5988
1723 4586
1546 1760
4944 5935
5754 133
5209 1773
3744 1973
3975 2924
402 1132
3729 1244
2643 5770
2737 5210
4361 827
4720 1570
4952 3718
3079 4401
2800 2745
603 3202
612 1956
2540 2708
470 1311
670 714
4992 3902
2131 2893
1666 1494
4508 74
4766 2835
3636 1651
1971 5334
3280 738
1112 81
4067 2014
807 3392
2214 1942
492 3648
2439 2616
361 103
299 730
857 5877
1141 1656
2138 5814
317 3028
5146 684
2462 2212
390 5287
3618 5500
1637 2949
1062 743
2826 5627
5925 2596
1885 3052
1042 5620
3357 3325
4698 3701
104 3869
616 4046
5987 3720
110 5142
384 4162
3151 4849
576 4023
2085 2793
1211 5252
1346 1644
40 5671
2431 314
4937 5299
3458 5375
2518 2575
4474 3901
5639 4251
5010 5866
4052 2350
2918 132
3001 5300
2615 974
1823 4124
4225 1040
491 5118
618 5256
1635 5833
3538 1337
3558 1407
1494 1121
3945 3480
3345 4994
940 5323
4294 5418
5135 1647
2502 353
2975 5701
3883 860
5374 113
4615 856
2351 3313
4950 72
1622 3616
5452 1492
4357 4347
1027 2975
3 2388
3068 5472
920 4246
4185 394
1431 9
5238 5484
4099 2557
1821 5801
5183 3732
1258 3798
1833 88
2239 3013
5562 5138
4094 4413
4869 1694
3487 2953
1048 2842
1537 3208
566 4858
2074 2285
1561 3742
2611 3096
1313 3985
3119 2555
2587 4245
2247 4074
2515 917
5744 5008
2866 3525
1327 5606
3653 487
4927 460
1507 5938
3955 3427
2116 3874
5116 2170
3900 2978
2503 41
4636 4874
4909 1397
4187 700
3994 3804
2427 3231
1352 4960
4054 3157
931 5239
5385 5982
139 358
437 1163
2671 784
5663 5315
4979 2854
2018 1563
3302 136
4668 1260
5435 3287
3413 1461
1691 4439
5838 2571
421 4539
861 3695
2279 928
3974 2521
4189 5856
815 3006
3844 3294
4961 2007
3132 2199
1223 2092
56 4525
3100 3652
3850 5112
5900 3762
1809 854
155 2185
2979 3983
5764 4128
5230 5301
5341 491
3997 3992
655 5628
2084 3048
3937 4346
4206 883
2960 5366
4498 5713
5937 5398
4162 719
5735 1699
5278 4622
634 5224
5460 1396
4804 1189
5011 282
876 5143
4577 3529
3423 863
5949 344
2678 3346
2250 4265
3422 2234
5801 2594
3398 4503
2419 5788
5674 5277
5819 4704
3318 2772
4633 4872
1024 2084
2868 2509
813 3391
3737 486
3882 5470
2876 4328
2395 2496
1907 2782
4127 1680
4776 2156
5541 236
725 4535
902 67
506 584
2004 3569
1369 4024
1534 624
71 5338
2129 1177
1208 3542
5148 735
5919 916
3796 5674
5465 4572
5377 2498
5564 4092
688 2195
4304 4820
2544 613
1799 4229
5468 122
763 2416
4727 675
1432 3255
924 5297
5180 2634
3071 3368
1713 1421
3893 2520
3768 3787
2302 2744
2506 4690
1387 1875
4327 1858
2879 1230
5658 1137
2926 5093
2400 461
2327 2670
3395 5304
4831 2513
1284 4850
5975 5925
4171 4939
2240 455
5570 961
4523 4316
3494 608
3162 2203
4948 1883
2292 4796
3948 3267
4565 5861
1764 5571
5791 4337
4377 2534
3468 488
509 3174
2836 2372
288 4813
2712 1604
4351 3833
2951 1915
1757 3402
3244 1320
2412 5342
5687 4089
2653 5992
831 5539
1307 1593
4554 5092
5607 1262
3324 3885
5315 2502
5870 5006
3788 2851
604 2078
544 5952
5401 4831
5986 2034
1322 2710
1651 4181
5450 2011
3904 1944
1880 4336
2878 1090
5758 5817
1703 5501
2670 2920
5637 4801
5039 5220
5035 1008
33 2250
1912 5583
4612 1538
1841 764
5503 1067
2379 4580
848 1036
2007 38
5967 4061
1818 5634
5808 3345
4251 2871
1016 3117
4178 2867
2296 3602
5834 2906
3232 385
4957 1208
5439 4247
683 2070
2608 4507
3254 2971
1492 1584
1332 5369
3730 976
1846 4725
63 4598
5571 3965
2829 55
5634 2697
5970 1489
1069 2638
3503 3072
1270 2308
5861 3794
5683 3338
4256 4049
4305 3700
4100 1903
2633 1400
415 3815
3691 1943
1374 3005
1918 2420
1609 2858
882 4618
3552 5760
5508 2696
869 24
2750 5227
273 3744
4999 1894
4271 1198
1804 263
5935 1319
1582 4315
2472 1361
1677 934
5239 2151
1916 5246
3600 1823
5106 2410
5545 4138
2740 5810
1547 842
3785 4552
4240 1339
1693 446
4016 4298
1472 3101
5054 5638
4232 5284
4035 3514
183 1911
708 3293
2069 3423
1681 287
1657 4076
5489 3911
4412 2942
1744 65
293 2759
3642 4394
5207 2012
68 5212
5410 1719
4762 5508
1574 5985
590 4956
1908 3238
1085 2808
2791 2852
2428 191
5717 428
5302 331
906 3982
4078 3894
2689 1451
2491 4728
5333 4634
2955 1170
2857 1716
629 5452
4578 3784
5906 3801
4761 3385
3828 1599
3917 5959
1345 4146
4406 3519
3372 5813
120 4500
4920 3668
5101 4802
5118 5979
1005 5582
3935 2458
4050 5880
5883 3446
3501 1401
643 1862
2964 192
3059 4306
755 3116
5598 4860
3741 1011
1291 5461
3569 20
2976 1213
5340 5898
2792 2056
2743 3587
422 4294
4546 1387
4363 1959
710 1375
4757 4012
4395 4653
5532 959
5236 3920
4205 954
1415 908
1129 3862
1456 1486
37 2068
3565 949
524 5818
5438 4259
1683 3426
1319 2160
3960 3196
4183 4381
2016 1372
150 2599
4882 5104
3285 1692
4270 359
1090 4969
1093 2163
2158 4529
3787 733
3702 2072
696 2461
2114 2082
2359 5397
722 3256
3282 4536
2038 2415
1828 2442
3480 3808
5957 3962
1925 3671
5015 811
1740 1851
2511 2045
5724 4553
4549 2230
2375 1743
4502 4214
4089 1466
2714 907
1504 2261
1403 767
247 2518
335 2900
2849 4216
427 441
3010 1512
1004 806
5492 4357
2500 4365
4681 3494
452 2096
1444 4397
5688 244
1491 5742
621 5853
766 3234
5879 1730
5978 1157
3720 2722
3146 688
3276 4783
338 1912
4268 1624
4129 4084
933 5393
5419 5317
3988 1124
3679 929
3053 5129
149 5040
4036 2465
3364 469
2106 4374
217 973
4277 1524
1947 4121
3940 2406
2127 4515
4760 962
5318 4775
1855 3112
658 3299
3697 3888
3832 4065
2622 1296
4682 4934
2835 947
541 2770
4283 51
159 4945
4282 1530
1071 4109
4854 1388
9 480
5854 5574
1966 4964
5716 4760
1020 2144
3130 2917
1684 4048
4453 5704
2143 396
5274 5552
3690 2463
4030 2619
4525 5333
3149 2306
306 2841
4388 2987
1625 4890
2168 2272
5313 708
1997 4654
326 5048
3866 1557
5768 5166
4823 3089
4416 1431
525 3820
1783 149
3991 4233
3118 4863
3574 5460
5653 4672
2393 1002
4649 3227
3069 4560
5059 3014
50 995
4665 958
2194 3456
4736 4472
2779 5306
907 1652
638 2165
2898 5843
1028 5285
791 4236
5776 605
5133 4982
1480 5066
896 284
2922 4993
2027 573
5676 16
2354 1283
3352 4340
2035 1207
2418 3632
3786 4810
4504 2283
254 3682
5700 656
1506 4385
2972 2919
3474 565
2495 5482
4756 5942
2924 1913
4828 1707
459 5290
5514 2312
1034 5643
3139 1165
5565 3959
1243 4395
2407 4917
5784 2820
5388 1428
1856 198
5056 1063
4143 5088
345 5524
5530 1356
5137 5973
3546 4691
4500 4055
4607 5327
3932 4602
2087 519
597 3768
5780 1276
2334 5826
3306 1685
2719 5095
5034 3619
457 1836
177 2462
3860 4887
864 810
3201 66
1593 2135
1019 2848
2913 2618
2441 18
1715 686
5909 3147
348 1420
5841 2008
1791 3534
2693 5727
2652 3857
4394 1131
3782 2514
96 5773
4918 4241
3754 5113
4974 4494
5583 3187
1063 3482
779 3672
672 4931
2303 3875
4709 4697
1897 3791
2905 739
5220 5996
55 4005
2257 2551
2998 354
2484 492
5572 1992
3824 2235
1271 3872
1770 5214
4006 899
4524 3544
4161 5207
3265 2183
3355 5882
1560 2061
4746 3931
3472 2043
5445 4616
5644 226
1097 229
3821 4253
4693 3404
1958 1219
4168 648
759 1508
1413 4707
1018 888
752 3283
5291 3746
5474 3151
1253 3827
501 1550
5681 5694
5066 1183
2538 5456
2174 747
5344 4892
170 1476
5678 3552
721 875
780 4950
2290 3131
1246 1556
4287 1523
5624 197
3305 2605
981 4100
5892 4843
2640 208
1151 921
4169 1118
4783 3210
5047 379
4352 1569
834 4487
4737 1365
2304 2179
5077 3759
438 5617
2820 615
575 3853
5252 2950
1945 3780
1525 2339
1968 1778
2823 2977
693 1929
559 5749
1130 5318
5407 1105
249 4930
4136 3924
5376 5873
2167 1491
3881 4223
5860 2668
751 2310
4221 3653
1053 5512
1429 4571
2908 1792
511 3641
3825 1665
745 1613
368 1253
4672 4988
3442 4000
2003 1004
701 5653
1458 2240
2111 2666
2554 1161
4105 3659
888 4686
4661 4300
1698 2487
4963 4369
1259 1379
2090 3670
4124 1051
3746 3130
1343 2205
275 1026
579 1706
737 5531
2358 3031
4722 3574
937 273
4840 29
1946 398
1645 2445
3113 4556
2344 2493
4203 3584
1967 1555
5905 50
5695 2059
2991 2337
4042 1217
3814 1867
4266 77
1278 2581
3067 5228
3567 2241
528 2686
620 2693
5308 4906
3665 369
4090 5091
3509 3487
3095 824
5343 5124
2600 4726
1899 3104
4356 4026
1982 2779
3504 2391
2033 2644
3090 2536
2356 2067
4378 2353
2827 1970
873 1783
3331 5260
4242 4258
5173 4584
4212 5679
2532 1855
5979 3618
5088 3442
1619 597
1682 2587
1364 2412
2617 4457
4207 1907
4340 4739
2814 5074
3313 4583
5535 3735
5457 404
908 1845
3929 2162
5805 3743
3018 4640
5932 2546
4275 274
1529 1015
5144 3190
2198 3030
4887 4126
965 3123
4793 1514
1172 2591
841 2140
5009 3397
2664 4141
3484 5602
4878 1833
4068 5044
3654 1577
1575 919
2020 3034
5513 2352
3749 948
2571 2109
2041 5570
3551 116
2330 4752
866 1298
631 4484
3380 2935
5533 1648
851 4710
5072 2583
3798 1042
2648 1479
4666 3291
3376 5607
5073 531
2910 3215
1758 5805
53 4389
1748 629
1602 2843
4115 3220
2245 3246
1463 222
1553 1214
2135 201
5172 2632
2176 671
2315 2720
1334 3832
1349 1424
2486 4636
3566 1072
4111 2939
4895 1422
3473 4027
1858 876
2293 4520
3230 472
2509 690
2122 387
1012 3465
4488 2885
4051 1057
2528 2340
992 2730
4512 5957
3614 2174
4983 4764
2170 4606
1447 789
4621 4577
3816 556
4211 1893
1934 1896
4697 540
4846 4910
2542 3265
4455 2797
446 557
5574 3263
1584 861
3543 5717
1370 36
1235 5924
770 1669
639 1861
757 3532
4413 2345
4138 781
190 1129
3764 2404
5213 5566
2861 232
5952 1553
3004 5920
3383 4140
817 4567
1407 214
4627 5336
4601 1030
4936 5000
2404 5445
994 3322
1839 1945
970 5976
4641 5411
3895 1459
640 1546
4872 5970
5020 3813
1202 1391
4449 1416
1287 5497
5558 516
215 2020
216 1032
243 1571
1388 4283
3529 3136
3029 3917
4480 4782
515 4197
2593 4056
3388 5619
3933 129
3250 3841
673 2726
283 5051
5908 4926
3129 1373
1977 5673
4715 610
5651 1110
1167 176
5926 3630
5787 5632
1807 5707
3041 5203
2625 5257
3298 2921
1548 5667
4547 5680
1227 494
5361 3011
4499 541
5217 2672
4706 4244
2813 2378
1471 2066
4587 5737
5733 4561
3755 4791
5140 5962
5721 4651
2238 766
4107 1988
3675 57
2629 5288
686 462
4644 3036
5580 5322
58 3310
2884 341
5108 225
5675 3259
4744 1145
3211 292
3732 4002
5635 5355
3248 1035
3947 5836
1994 452
4942 2364
3944 4706
1536 4757
3910 4722
387 3748
1326 260
4362 3173
5863 720
336 3269
2807 3042
1790 362
24 4486
5664 2244
2372 715
2902 3270
1629 2812
5498 3877
184 5766
132 4218
2338 3057
3694 983
5038 1021
2489 5879
3225 4471
2028 299
5286 4538
1136 5079
3990 2907
4933 4314
3902 3858
3819 3370
5891 640
186 1638
2577 821
5265 1328
562 2961
4788 4399
826 4326
3228 4603
3349 1236
969 2625
4095 3182
1755 3489
3761 1475
2949 945
5521 5031
2803 3414
2357 5206
3319 3638
4102 372
268 5700
5159 2397
584 1562
3160 3437
1573 4745
3868 925
355 5213
3360 33
3837 5858
1803 2104
2683 3536
5434 2595
4814 3971
3399 5731
5003 2609
1496 3568
4253 2375
75 1477
2555 2360
374 49
5481 5046
413 5819
2421 3956
2299 2351
36 61
705 760
4537 5487
5882 5651
1513 4864
2527 5912
4109 1439
1056 1612
1121 4769
2383 3586
325 982
3199 2600
2619 2079
1147 4459
2560 537
2635 754
5800 3168
1400 4777
3815 4004
2996 3698
997 5041
4291 4273
3864 1016
4680 1516
5231 813
4966 5685
4408 3863
4614 4665
4379 4376
5181 2669
4017 5439
2682 2586
3550 4176
3879 1721
2774 2134
3312 3171
5406 3921
5877 1920
3023 2363
2888 1194
3812 669
472 898
4890 2732
536 2910
5392 3087
1310 2196
735 3624
5431 1405
849 138
582 3415
1832 1103
4867 3643
173 3038
5163 4505
260 2636
1080 2746
1604 4811
790 1112
974 3825
925 2593
5342 1617
5310 1558
551 1116
393 5756
4010 4123
4784 3995
4373 1780
2969 1429
692 981
1111 711
3269 3023
3800 2437
5402 4612
1532 325
3112 69
4011 3029
2995 1870
5060 1003
1286 5195
1641 5759
508 2997
4972 4270
5249 4676
3652 3960
4506 295
5992 1763
5092 5669
2893 1633
351 3379
5826 1335
5250 5862
2896 4985
81 3930
241 555
3356 1806
567 2547
4731 732
1820 943
3483 395
5189 2367
4590 4485
1875 3577
4423 3499
5168 2519
5718 2142
1366 377
5051 3445
3651 2970
3359 4037
5847 1735
4047 5816
1402 855
1646 3821
382 1222
5486 4747
1940 390
103 2651
1545 553
984 930
805 3709
4734 5389
1082 2330
1212 5090
5711 1777
3813 234
1569 3689
2580 4120
1539 1802
4632 4033
4923 5554
3912 1977
3908 4975
3518 696
3946 1094
3804 1841
2251 2455
1135 2584
2782 5396
5022 87
3906 3344
5170 786
2904 73
4640 4114
4255 5995
2592 3957
2965 4521
4818 5900
822 1370
5306 2641
1359 581
963 4464
5258 4072
3603 3492
1795 1950
3155 110
599 3095
160 1218
4821 559
2162 4267
4450 3428
1868 3789
1453 258
5605 4421
3987 3697
5938 4938
4429 4157
1842 4041
2759 601
113 4045
3549 830
4285 4878
2562 5609
5190 5830
4955 2663
1032 4729
4702 3856
4148 5387
1516 2528
2142 1144
21 3898
3261 905
3127 1360
5426 2019
5454 5551
3114 3909
557 3192
5132 1073
5820 163
2601 4227
3307 2292
5677 142
1976 5681
5296 3567
4040 536
4849 4557
3921 2331
2341 967
4775 2979
4002 148
5014 4927
677 2523
2988 2750
5334 2508
5350 4491
878 3520
5320 267
3122 2128
1963 2307
2556 2678
5862 397
3640 780
3387 2892
3547 2133
4820 4952
2091 4655
3499 5967
3892 2062
4639 3180
3107 4979
4326 5063
5734 5361
3716 219
4535 1480
2105 4516
4884 3790
5689 1673
16 2382
1802 4312
1006 5646
5884 2658
676 3134
2280 1081
5568 2946
507 5292
4517 2683
2052 319
3790 4175
2930 1346
2184 5718
1035 1784
2255 4339
5613 3232
175 2453
1336 2158
4573 3774
733 5425
1706 2322
553 3976
1493 4070
2040 2057
1301 2880
5868 924
3530 5417
1951 804
1367 5984
5504 2657
4037 1125
2638 3712
3368 106
469 4844
1204 4932
1852 1960
4897 1052
4875 3439
1905 434
1153 1650
563 3452
2673 5926
1375 1086
423 4680
4654 5553
5703 586
4812 4759
2952 2931
2056 2882
4985 5965
4133 657
162 1364
3867 2553
3871 2585
5954 5668
2289 4995
5378 3807
1448 2891
3227 4117
3647 3015
2660 4480
3088 2734
4344 2266
84 2702
1898 347
2469 935
411 5525
521 2568
34 1596
3482 5776
2483 1080
3909 5993
2954 2
5969 527
689 5055
1295 5440
2384 2515
3197 1796
1288 4268
1414 2474
1418 2216
3608 1803
5844 4384
4432 2371
1157 5184
328 1502
3699 3778
4146 1149
3194 2945
5069 4195
3110 4191
2801 4617
987 5100
1709 1834
5455 3884
1257 5630
3415 1184
4292 1726
1224 3614
1805 625
4717 3996
3701 1756
5199 414
264 528
3116 2320
1266 501
3521 305
4335 440
2118 1722
3334 4281
85 4513
5566 3064
853 2837
2788 1595
4321 2709
1705 4623
5951 3063
1749 938
1761 432
3462 763
2721 5175
448 5565
2917 2175
716 3417
3005 940
760 1645
5270 4961
5134 3127
347 4318
1022 1661
1411 3498
4399 310
2452 5201
3936 2236
5074 2676
1193 5293
5871 4330
1134 1106
5961 4957
2331 2601
794 2027
4645 315
14 4321
3637 2530
3887 4508
4543 2967
4350 1171
2024 3090
2862 5723
4222 3819
1406 5916
4227 5395
5592 1126
2773 5081
203 207
3540 994
4342 1824
4371 4797
1014 807
5027 2058
5636 355
3304 5236
2137 3676
2832 4083
4859 4363
5980 3262
628 4188
1649 1697
5671 2291
4020 1266
2474 3356
496 892
4685 3513
5443 1932
5131 866
4813 3261
2722 3497
3622 427
2136 4875
3872 2005
4981 3631
2786 526
1156 1160
5732 2100
1523 5730
717 3000
5204 5137
4675 5533
4904 3285
3274 4635
3669 4901
5416 1864
4839 3122
5218 4542
5611 4570
5869 1671
5191 5003
2207 665
2349 753
5185 4963
3374 5232
5729 3463
5422 1608
3515 5666
481 4149
4687 3612
2781 3848
1238 4419
1501 3305
353 2755
3570 1990
3009 946
2494 4657
341 348
3136 4044
1021 322
2186 1463
5964 1185
5584 4332
1733 3734
5016 5122
4325 1987
5747 5370
5121 4522
407 2677
4241 913
311 3440
2649 3665
4588 1891
2856 4020
3050 450
4112 187
3774 343
1610 384
309 2102
2446 509
3002 832
2672 4884
2746 1876
4374 4719
654 5586
1974 5140
5625 3999
482 5158
5745 2004
789 4711
4773 5170
2501 1234
62 2579
2424 3891
3212 172
1714 256
3594 808
373 1462
1107 1043
1782 400
2816 791
4104 3225
1067 5035
690 4172
3939 3570
4538 5593
1226 1211
5797 4488
3532 4593
153 4429
531 1928
5171 2881
4844 4592
2496 4440
1197 897
1741 3736
1180 3610
3544 5758
2172 2392
3057 1848
2458 254
1487 1409
2877 4805
4057 5305
1697 1019
1747 1282
116 5313
5477 3453
5880 4105
5386 279
447 4804
3455 5050
5501 2267
3769 4741
3557 1976
3011 1022
5642 3160
5462 3605
3224 4989
231 4674
2717 5068
4558 3620
2812 4115
1190 2127
5803 5029
3477 5282
1661 4621
5448 2022
3143 3599
5588 2886
3052 3297
1376 2537
623 391
61 3882
2053 2983
5263 3939
1914 4978
4505 4460
3680 4511
4365 489
1449 3775
2361 2207
3266 3942
5899 1509
832 1701
4977 3711
2697 1406
823 3677
3207 3541
5722 3331
5666 3459
2006 4168
545 3549
764 1946
1975 3376
3220 271
240 3993
1311 3355
2410 3264
44 1304
3727 5381
3168 2522
1296 551
1505 5109
1690 5059
1737 2287
220 212
1935 5163
4913 247
3165 1954
444 5345
5067 5192
2937 3092
3263 992
5394 4824
811 5604
2758 3198
827 1281
500 4031
1722 2725
135 1117
5414 2052
3157 4896
3128 2157
3663 3105
5080 3640
5186 5946
2933 5251
4772 2232
3082 3850
4456 383
1864 5162
706 3365
1362 2229
499 4171
1642 535
5337 5542
2710 3183
2745 5193
1707 3881
4210 454
5044 1923
3488 3507
5390 5932
3196 4563
1425 5307
5551 5644
3479 4452
2570 1627
4220 5094
3970 2918
1662 1564
1794 1984
3094 466
4414 2435
2825 3098
3086 5302
4800 324
5441 4261
3952 5890
2980 5548
5102 5808
5726 816
2757 5473
4460 835
418 1100
1766 5670
2463 5793
5475 4531
2637 2161
3034 1175
5478 111
3031 3248
2054 2145
2231 594
3292 2556
2843 4873
2695 200
830 692
3846 771
5408 1526
949 4112
377 309
5429 3461
4258 5883
310 3674
255 2737
844 4893
3028 1887
1872 1957
1087 5368
2430 4271
1427 5249
316 4372
1030 1229
2578 1381
617 3866
758 5156
5587 389
4924 1745
2062 2208
2983 1532
100 2937
5660 5522
5346 1807
2067 2374
3526 1533
611 3124
2081 852
824 744
2030 5264
1948 102
4217 697
1281 4574
2524 1101
962 1727
2810 2652
4214 4807
5464 1958
527 95
5211 2419
5050 3758
4025 2184
2226 104
3559 5675
1105 4224
5373 4838
4723 2110
5127 3729
5772 4967
1869 2981
4561 5070
229 5408
5888 4999
2023 1251
1759 3230
1078 339
4056 1739
3158 4073
4318 1844
4551 4287
329 4087
112 2834
1023 2590
5398 2116
3810 1395
1616 1850
3085 2700
5968 1785
2659 3908
3829 2141
4817 3387
3178 3842
1410 3517
4022 5133
1806 2206
5119 3589
5616 2819
5876 3296
151 2009
1436 2348
1542 5358
3040 1728
1861 4344
1335 56
5720 2390
3897 2576
2935 837
2042 872
4792 4483
5466 3897
3092 2153
5345 4461
2934 731
5552 5428
4204 3828
1956 841
1594 1493
5184 993
1339 262
5971 1259
294 3691
4971 2895
714 2821
1205 2242
1231 1965
5739 1478
3842 1107
2177 4566
799 2090
2388 2148
627 3760
5371 5664
1274 4983
4624 4230
3553 622
3233 1815
5094 3713
4526 3125
5143 2680
3103 303
4440 1238
2079 1601
4686 1947
847 2169
5524 1641
3140 5824
1013 1639
2307 661
4427 1074
4835 365
669 3314
4444 3166
2218 798
455 108
4259 4237
756 5949
5522 141
1043 3588
4077 4526
3576 4331
5424 1520
4740 5316
4646 5308
1260 5917
5012 3400
2932 1713
1309 3468
2607 4987
1360 1924
4833 2699
953 3739
1688 1548
804 3809
4064 5621
3655 5328
3030 2198
3672 5061
4530 4716
2437 5796
5229 5645
1927 4588
1177 5468
2402 5709
2448 4028
227 1695
870 611
3735 3752
978 3766
3370 5781
2144 4530
1183 1389
5536 363
2667 1123
660 957
632 3039
3273 2504
179 2268
1543 1023
1830 2393
4663 2578
5540 4453
395 2847
2485 411
3435 4806
237 3806
3109 5741
5393 4164
3884 5975
2068 252
3351 5895
3407 3903
4062 5696
2772 2280
3361 4473
5673 1754
3144 4412
3847 4383
5534 426
1434 2538
607 3556
1396 3486
2715 2815
595 746
2210 558
502 915
1497 2189
1499 3420
1469 1473
5704 2181
2793 5828
772 4854
993 2376
5921 5610
680 5884
2881 269
5112 2454
2497 483
1538 4094
1393 3887
2110 5181
512 2025
1815 1280
842 3093
3993 5711
144 5657
606 3515
4496 785
3845 346
2171 3626
2183 680
1895 2103
4940 3275
4041 5722
2432 895
1070 3669
4701 2248
1562 2628
1146 4923
4768 2064
3237 2561
3839 3396
5487 4889
1047 1543
1057 3138
891 2476
3919 4189
3440 4069
5727 4641
3969 1575
5698 722
3286 4717
5115 998
4167 1188
313 5523
3180 5102
419 1979
2308 2563
1209 5543
4065 1687
330 4222
43 3245
4015 1255
5715 5115
19 5494
11 4749
296 5016
1285 2810
596 3553
1481 1818
1437 2764
2723 2132
4122 4010
5125 4632
718 5791
2095 545
280 497
3470 4345
2783 3500
2408 4718
2688 1055
4103 3938
5806 2863
4916 3333
1239 4295
4708 1588
477 162
3863 1187
1381 5188
754 5332
3582 1122
4631 548
1324 5682
4860 5464
5367 4019
560 867
4816 1536
222 1724
1440 3050
5748 849
2636 5430
4218 698
4130 1549
5631 3981
5931 4310
1329 1447
719 691
269 5025
4004 2662
5924 1634
4477 1371
1710 4903
5812 4991
1612 457
4684 2552
212 5584
1353 5864
3236 1819
3337 5362
5058 1708
954 4103
1228 2039
2942 5541
4548 3354
2237 1318
1929 2325
118 128
1473 5765
5774 4099
2507 2735
1756 435
3781 4559
5368 1076
4317 869
3043 3460
461 4551
2725 823
1565 2237
4419 5455
4836 53
3289 575
720 3937
2037 1919
10 224
2646 2767
3431 3680
1870 4590
1769 3977
5512 3067
1350 2478
3259 1436
1860 2338
1671 1898
5708 5868
3848 2257
5470 4021
2199 259
4728 1338
1772 4585
3794 2223
83 3578
4619 3855
3992 2448
838 3012
5577 3217
1851 5503
1094 4678
4926 4765
2364 5383
2957 3191
2189 3811
2847 5018
4244 3027
1072 4826
2224 3032
2846 1362
1351 392
2970 975
2679 5265
4898 334
4179 2529
239 1078
5479 5733
5835 574
2885 1272
5153 3539
1386 1212
4935 2757
5976 3077
5033 790
2232 1173
871 4517
5641 4477
3386 4629
4097 3986
4448 4359
2015 3946
4791 5804
2335 5099
1776 3961
812 1871
2602 4936
1555 5462
4410 1904
3027 2729
1426 445
3854 5800
1465 1789
1863 864
5840 1164
5843 1069
278 5139
4478 5218
2217 3405
5713 2724
261 4984
5593 2319
1566 2665
1643 2829
3704 4211
3722 4818
364 2457
3299 2713
2713 3181
2548 180
5815 5023
97 3252
2993 52
5251 5660
519 184
3958 1495
4123 3684
2686 4417
2822 3973
349 3769
2227 438
3166 2717
3979 1186
5706 598
5766 361
5974 2429
5124 4610
4053 3678
4809 5329
2907 5012
5814 97
2916 1590
2739 5311
2021 5275
1774 5865
1109 1592
4980 4437
967 4132
4176 525
386 4855
2919 5005
2729 5433
8 2940
468 4127
4519 5716
246 1900
5309 5320
3922 1637
5314 3859
2159 4922
2963 2524
1015 4730
1207 2137
3379 5732
3957 3538
4786 912
5528 5564
1775 3260
2208 1221
2557 5928
3709 1821
3555 3403
539 3954
271 3852
952 1227
5174 3430
729 3448
4841 3899
2512 1369
174 4604
4012 964
5099 1252
5287 2076
3469 2111
648 5240
1708 2394
2233 950
4438 3719
5665 5822
2332 5458
738 4119
4938 3409
2002 5073
3024 4183
1632 3756
2492 3582
4151 4325
5284 1046
2869 2289
3855 4161
2947 5229
2387 5164
4311 3193
204 520
3777 332
3106 2860
1621 1048
5662 1130
5510 248
3750 2637
2828 769
1746 5929
5737 1528
1526 524
2264 2822
3426 1037
4193 5080
2360 4589
1361 2031
1674 2209
3859 2572
3571 4712
2381 3750
1608 298
5446 5150
5319 46
3585 2401
5602 885
5998 4377
797 5889
2892 4971
796 3940
1420 213
1011 3592
668 3667
1928 3332
1964 1810
3443 2387
5383 4897
4360 2783
82 3826
2590 3184
5650 4036
3577 3197
73 5999
2514 4914
1478 788
3489 3944
5864 5611
5638 3686
5316 521
1670 4303
363 1542
3520 2467
921 4167
5026 2850
554 2804
784 1791
3347 5132
2392 2794
5057 5986
1234 473
4314 567
5763 1842
1003 990
3241 2612
3457 1714
4954 3847
5397 2624
613 4360
1273 1442
533 5578
3408 2643
4771 4742
2126 3249
5958 3483
4132 3078
137 4209
2796 4675
1957 650
2519 710
5248 482
1943 1348
1631 4058
4626 5007
5943 1158
1834 2247
2530 3895
3510 202
1422 4180
711 4597
3065 549
944 419
4970 1830
2760 22
3436 2884
1217 2516
3996 506
4592 4699
1903 230
3998 1934
1306 652
5045 2542
5828 2844
4181 5429
1876 3135
195 2510
1068 1902
4862 5951
2082 5495
4229 4196
732 5153
4572 5453
1219 1531
3597 4364
699 4079
852 3726
5259 4077
3251 1808
1954 4736
918 1961
3542 4198
3159 5792
3873 4698
2850 2660
2262 5690
4014 1764
2306 4322
1304 2424
3181 4101
1634 5536
546 5391
4751 3418
5276 456
5621 1215
3537 3571
476 1711
1148 3327
4156 5202
1796 275
877 4497
3377 436
3826 5107
245 3003
289 1983
3861 4830
3461 772
4119 4829
324 2968
270 1223
3579 4450
868 5386
4880 4992
4595 4768
3042 5463
284 5101
3508 1682
2925 4679
2382 2560
1477 3783
3723 227
5765 5721
4947 1059
2282 117
2599 2221
3870 3389
5256 3009
2780 3802
5277 1995
2754 270
1700 3591
1628 2259
78 1031
2206 2441
1636 5160
2435 997
3104 1846
1460 5568
3185 4078
5380 2490
1485 4841
5576 5652
4243 2899
5332 1481
2858 4458
453 3580
4368 3551
5555 4159
5021 5755
1330 4937
4262 4193
5030 1993
301 3281
744 1257
1033 4579
4625 2139
3700 5528
4707 3805
2728 1521
2539 5910
3204 4476
4128 2213
3780 5613
1338 2753
4381 5278
5335 5032
2641 5197
532 4467
1095 1452
5325 2615
1009 3876
5822 3119
3748 5893
2223 1597
5710 918
497 1176
5267 2980
2699 4190
935 467
1252 5209
3328 620
4372 2836
25 4784
117 783
2272 345
3717 4350
3706 1066
4358 1980
581 2611
3141 5481
645 603
5502 1393
171 937
1498 3384
2120 5684
2819 3793
3627 1449
2804 4591
5516 3343
5690 3199
2154 4448
79 589
5548 2422
2099 211
5109 1109
2043 5357
4943 3655
2059 4944
782 848
1218 2475
2594 5217
5902 4780
3464 778
518 48
731 4194
1552 1769
4643 1293
3453 5247
5617 2046
4029 4272
2808 1566
4046 276
145 713
3467 1510
4564 4016
765 4009
1314 1621
1530 4057
3710 5625
5304 1611
3017 1880
1514 2405
406 2081
3817 2089
5164 327
4431 3273
2266 1398
1991 5937
2453 2040
577 364
4946 3349
2971 5033
3830 2908
3262 4320
4540 4799
5865 3076
4300 1782
2499 4968
3583 2864
4545 4666
2841 1738
4060 3757
4013 4720
4574 3
367 5899
398 2791
206 1102
394 5454
5097 984
2854 1313
881 5231
5890 2425
5615 1622
3738 2990
4741 5378
3210 5966
3770 1028
1752 2106
901 3579
1989 1001
4307 5626
4093 2021
927 3886
5589 4509
1933 5726
2466 2343
979 5964
3226 1220
622 5180
3803 2107
3405 5994
2771 329
5107 5963
5608 4400
3630 566
1979 2930
4921 4498
1679 265
2350 4059
1600 2909
4845 5196
3343 59
1357 1535
4655 1772
136 5950
4658 3176
2219 4025
2944 1938
5573 3654
1955 2193
2639 4733
3025 4392
3671 2301
5856 1267
4479 4402
5182 5878
4366 2962
664 5577
4888 2271
252 1884
977 5931
5 3221
5775 5485
5197 2245
2662 709
2123 2296
749 4143
210 2728
3279 1659
4380 5372
449 4524
1041 2705
513 166
1660 3212
3354 2238
5813 3317
1126 2277
5359 2897
5161 2468
712 757
4956 3407
5614 4998
2353 3564
1717 3675
605 4255
2956 4895
4594 1488
3295 5426
2179 4750
3645 850
1137 4891
942 552
3711 828
540 3733
1115 5921
5648 1619
4296 5298
2403 1790
3309 5382
3419 4527
1712 590
3511 5371
3447 727
2376 614
1587 4955
4219 884
2799 5360
2132 5748
1664 1009
3581 145
2196 4732
3478 5471
315 3205
787 3767
4293 5561
3267 2503
3013 3254
1206 4293
119 4106
702 3597
3062 2032
304 5502
5527 2444
1230 3323
860 5510
4606 749
466 3045
3175 5905
625 607
1725 4959
5023 3065
4514 5875
1517 944
2606 1205
1128 3502
3736 5987
2815 931
4829 2526
2488 5335
318 4595
4891 2964
845 1284
2874 4518
358 443
214 2450
2169 1939
2889 2654
5741 92
1423 4116
4516 2706
467 3359
2134 1786
3316 3941
4511 2691
1990 2482
1611 4071
5008 3717
2795 3558
1222 5907
4563 1835
2733 3080
357 1989
5322 554
1721 5057
3466 266
2100 1914
2064 1918
490 3629
4464 3307
793 496
1106 3406
601 4446
4855 412
3621 1801
1853 4714
2275 2827
3223 4669
5903 1271
3686 3975
420 1156
2973 1826
3513 3621
5785 681
4688 3777
4239 2805
2097 2809
1416 775
1122 4160
3609 4857
4226 2645
4568 3495
5282 5772
768 762
1866 3375
1421 5271
211 2499
3915 2840
5245 4262
2790 4788
359 3799
538 1216
4914 1434
1064 1589
1667 2679
3019 890
885 388
2173 1269
3389 4136
4780 3934
1476 572
5723 5363
4710 3110
238 2803
486 3543
5761 2566
5796 2130
109 5692
3612 3302
4101 5603
1279 1877
1942 4534
3926 1580
4795 5954
1541 587
2443 3318
426 1517
5811 4962
1921 2580
2113 4311
4461 70
5542 933
652 896
5643 4051
5362 2655
2700 5780
1960 2035
1163 2928
454 689
3152 5350
1267 1265
4188 820
172 1908
5196 1383
5037 3923
2405 4835
642 58
4142 42
4404 1159
5294 3145
38 2718
5984 1766
4246 2451
302 5314
479 2218
2549 602
5546 2761
3311 3330
5973 2873
4457 4007
4531 1134
2225 5665
5268 4006
1969 560
5260 1681
856 3421
2389 5259
2742 3555
5488 1606
5154 4941
3578 1060
2377 5422
3344 1224
4712 1273
2928 2346
307 5859
939 5479
2320 583
3739 280
300 4410
3445 3380
4441 3590
4541 2380
2329 3309
1524 1240
2840 1698
2863 1909
1356 5436
5138 2051
1937 3593
4719 4766
365 4661
1745 5835
516 1625
232 4405
3506 4333
4871 3274
4528 3206
697 1736
3852 1295
5946 5556
1559 3476
1302 381
196 2870
1358 1306
769 2614
4343 5134
5601 179
5667 4387
279 2653
1814 2985
3734 140
3427 5242
4527 5114
1124 297
369 542
859 5520
526 1438
4154 1788
4732 1453
5537 829
3215 5708
4312 2610
3174 4876
45 3912
2178 1038
3778 4367
1344 768
3142 5026
4667 5002
624 3126
4074 5547
2789 1576
225 3764
2160 4587
3452 4014
5944 4097
1924 1534
2366 4481
391 257
2887 3250
3183 5419
4676 4243
4471 4537
3373 3408
3476 5914
282 19
3631 5042
1277 3633
803 3436
3791 1579
2837 2626
2300 1737
12 2013
1877 2370
3238 3660
2203 3001
1188 5105
2070 5186
1601 1889
2102 3146
3616 802
2597 3646
2108 3740
4569 985
2286 5310
958 3040
95 1853
4087 2481
3678 5918
4393 4913
228 580
862 4859
3795 991
814 965
3762 504
5032 1506
4407 5067
51 1854
4550 1250
3913 1886
5652 2915
825 1591
5415 5146
912 2173
2029 2781
397 2131
4484 4929
2583 3634
4650 3410
1984 1518
3564 5159
86 2994
2445 4851
1668 4637
4045 5549
108 4217
1138 2041
5298 1971
4315 4032
3329 1427
272 1166
5519 4088
165 321
5166 3312
3634 3195
1844 2449
820 320
5404 4688
1392 3936
3133 5881
5076 1587
2190 5794
4596 4080
5083 2649
3203 517
4690 5167
5561 4411
3928 3388
3396 5706
1592 862
4925 173
543 3209
865 1275
2575 3016
4165 5401
1251 3658
3153 1277
2588 2876
3740 2099
4856 1679
2821 4528
1489 1607
835 4550
5395 3722
3016 2736
5289 220
569 2071
986 4308
2967 5270
5043 1041
3235 5676
1275 645
3258 2813
2396 2497
105 2494
98 2733
5255 1948
3931 4562
971 4496
2891 1484
2259 2436
2668 2535
3063 5117
3918 1172
1263 1336
1656 4652
312 2472
3522 2264
22 3441
1939 195
4038 485
4576 3573
843 5273
4602 1474
4598 1378
4019 429
5006 3469
5603 5511
2000 3079
4135 115
2605 3723
3172 3284
3656 2604
1215 5319
4117 857
2941 3115
2098 3372
2065 3298
2614 2786
3950 4404
1754 4545
2156 968
2655 859
4754 2878
3491 2943
4953 4470
1923 5177
5496 3412
3195 2656
4367 1147
1900 2846
3284 150
3320 2255
5515 1024
5901 2176
5872 5688
1221 595
5655 3002
3747 3383
4868 3091
89 2398
1515 5151
5048 481
5049 1326
2685 5071
4230 241
5423 3161
4912 4052
5078 4925
3989 1174
2523 1196
1379 659
3384 2060
4796 1677
1502 1921
3200 17
494 726
2732 5560
5742 724
2157 1010
3020 1856
1654 1787
4039 765
4901 3561
267 1392
3131 294
656 4540
1417 290
1397 3141
5210 5753
1325 318
4919 464
5920 1374
2755 670
1771 4165
3105 2333
1394 2715
4082 2192
102 1691
1241 3279
4889 4902
3843 1636
3072 4543
4718 4276
1264 1440
4273 2875
1101 1053
5456 2299
4600 1689
1781 4958
3256 3390
463 2154
5599 4727
5960 845
1401 5526
1936 340
480 5915
4402 5654
4998 1496
2698 4785
3346 1838
1879 4107
2704 3049
2551 4053
5526 2018
5781 741
66 4582
1297 4264
3943 631
4552 797
1046 3704
5425 2588
4472 4594
3886 5909
2336 5254
4254 1087
1685 1307
2367 2417
3454 2500
715 245
3341 1197
1932 3019
1037 1093
3838 3533
1149 307
3865 3055
4081 3565
5321 210
3632 3240
5928 4319
2187 2748
1729 160
2128 2838
1647 2073
3606 5294
1567 313
2249 5010
202 3696
305 4231
1155 3257
4510 3692
4976 2707
5081 792
1117 550
899 5687
3512 543
1888 1358
140 4081
3775 868
3733 2558
253 2368
5175 5614
1551 5467
5953 1385
4811 194
4385 484
3075 1525
156 1759
5628 2421
4507 4776
5831 2186
498 5820
614 725
1247 4204
3409 4523
517 2048
4769 2126
1182 125
2456 3873
2291 654
1468 4341
1673 4809
4673 638
2374 755
443 5650
1428 1
687 3316
3076 5546
2312 3108
4978 402
5364 2491
2468 2262
3650 1655
3728 5558
972 3511
451 4905
3471 3509
1694 3547
5103 2545
