6500 7500
3790 2568
3325 5134
591 3943
1857 5407
1705 492
3481 3023
2776 6134
6079 1210
4206 3199
4237 1842
2656 6432
1983 5549
2246 3607
6033 2434
1598 1890
5836 998
3053 2249
5324 3613
1529 4366
5939 3748
2844 5921
216 5149
3859 863
163 1437
5597 6325
5672 1410
4353 2510
2763 926
4658 4602
983 280
2697 3320
3180 3715
3970 714
5592 4354
3886 549
2183 5123
4246 6136
4568 5929
2892 3758
6198 4393
4122 3505
247 1251
4284 1761
4180 1088
1341 3852
4118 2229
2926 6454
1351 4331
4040 3017
2906 943
1415 1368
2722 6097
897 3538
3614 4544
203 6450
5969 500
878 5138
2523 1703
926 1423
1887 5374
3381 840
2308 3770
2879 6053
5196 4918
1833 3584
4903 5671
1147 2812
45 6469
4757 2547
1601 856
3399 6149
3687 6022
3659 4374
2519 6398
3492 4504
5712 3243
4470 5032
5307 2518
1631 3312
5870 2919
5123 1314
3890 3785
5768 528
5641 573
1525 218
2137 141
4620 313
5594 5999
5352 4029
5122 1531
1706 1120
175 307
3350 5492
5770 5183
3135 30
5774 1804
304 2118
6064 4529
4530 2199
6074 4330
2025 2258
1449 3889
5482 319
4013 1970
5626 152
2825 924
461 4109
595 501
5187 4985
6270 3875
4677 458
6463 4402
5828 4494
2672 2967
1327 2372
4280 3404
3214 920
4690 372
4190 4361
1836 3242
208 471
4425 3237
3656 1875
2951 4004
1810 3098
419 1440
4061 2894
3849 734
725 2081
6364 536
1666 1903
6447 2395
1040 3177
1096 2410
3329 2472
5006 1544
1627 2457
4562 2445
965 6099
6227 2710
3506 1091
2039 5687
4174 5171
1186 333
2919 3267
4557 3539
5651 3936
855 1810
4818 3918
863 3497
1392 3777
4010 2244
2487 6247
3508 4007
4027 310
1629 4668
632 4765
6490 783
32 19
4998 581
3689 3088
5291 6081
2801 959
6384 5693
2471 5495
5819 1259
1032 64
5971 5480
3203 4257
519 2170
5044 5600
1104 2334
5056 1447
49 2674
899 1571
3478 3032
4475 2835
2569 6023
3754 3293
4084 3216
5281 1632
5343 1028
4758 4537
1531 2978
734 5479
4738 4968
1863 3374
1366 1341
940 428
1989 3635
5931 1715
3239 2992
2242 1075
4506 849
3811 6295
5341 6146
4755 4210
4580 4990
1742 3618
1165 1876
3904 712
4958 5998
3556 6158
977 5771
1550 125
1898 4964
3885 2365
2104 4099
4649 4859
2514 5425
1875 5442
3954 729
3302 1719
6200 6434
5889 3227
3473 4773
2848 2314
4756 2399
2213 2797
1980 5941
4581 1590
5958 263
1835 1535
6367 4055
4867 4600
3706 1758
5085 2397
3097 301
6311 206
4606 97
405 1082
6197 1418
5775 5505
5531 4763
93 916
2078 4143
5287 3513
497 5028
2548 5923
2583 1182
2663 4720
807 2380
308 5086
3218 1450
2362 4539
1832 2890
6277 1514
1831 2057
3971 3167
5230 1456
6167 5569
4908 3988
2617 4370
2501 4935
5239 5666
5447 598
2180 273
769 4081
997 2058
296 2881
1174 2955
671 3853
6108 5983
3322 6021
6259 33
3230 1696
5847 1479
4054 2230
4880 0
4751 4001
4369 2588
2071 4547
560 196
686 1958
4670 3383
1596 2527
6408 3347
1314 6236
802 5401
3299 1164
4001 1208
4442 1741
4594 1270
4432 2480
3257 4042
4828 5699
3865 4709
4230 4501
980 4461
4836 2026
2695 3040
4405 2441
2227 3134
5994 5939
4974 3591
3123 869
6039 8
5008 4130
4994 1308
3458 1966
5804 3857
4241 4221
3817 2596
316 2672
3714 4254
2102 4119
4341 6176
2540 1392
2270 4956
1786 3955
6474 4678
6446 3275
2416 3796
205 2004
5227 3031
2450 5968
3125 2816
3574 2649
5987 3562
4401 3761
2533 164
83 4811
183 1077
6317 3029
2861 530
1533 1014
4433 2067
5930 4051
4874 3211
548 4647
3961 6419
4801 6438
4422 1009
5951 6265
298 115
565 6109
4969 710
5653 1229
6419 4914
6113 2657
254 237
6211 4326
4706 4611
1793 3507
5694 4888
2305 3572
4168 4394
4858 2280
1566 3125
4648 2394
3087 593
2248 5173
993 4229
5614 2655
5132 1375
5631 478
4041 3695
1957 2950
1775 1728
3138 5268
783 5931
399 1202
2023 6061
2383 6331
2793 4350
6480 3603
4770 3609
1975 5488
3681 4815
2699 816
4817 3759
4575 2374
144 1461
5050 5161
1587 3655
2740 6220
582 2486
2667 3890
5453 3440
2340 5498
2427 323
1016 1351
4941 2212
2203 5950
5403 1707
2549 4147
856 1803
1037 4691
3899 3832
5204 4901
4603 1180
5458 6268
5385 2860
5731 4391
3720 4332
732 3173
5574 4114
3268 3556
5438 3043
1792 5042
5375 1524
1198 2172
3795 2019
1007 3309
6436 5854
3990 1920
5633 1212
351 4943
2392 4192
692 3316
2044 5241
3374 23
4524 4947
4142 6193
1073 1405
2748 1323
5904 101
5862 490
1534 3236
2319 5040
3037 1992
4794 4446
559 746
5483 2322
3364 265
1166 1442
5779 2834
3279 6395
233 383
6349 2600
1578 3333
6236 5550
357 3650
5014 5422
3048 3363
900 3637
1400 2191
691 5180
4474 1950
5690 1345
2785 3920
2662 1219
4178 2998
1771 989
666 1697
5928 1232
2085 4780
1438 5763
889 979
482 4337
5102 1446
1546 4028
1659 2173
1536 2110
3173 5846
3567 2154
4728 5278
4599 5518
1984 4108
4845 5106
2161 1867
4330 2697
3186 5105
1864 3475
4572 6148
1076 1687
2318 2132
6360 6310
4584 1150
3260 984
2357 5078
3324 5665
4814 246
1286 939
1494 2703
3025 6386
3387 1658
4985 2867
653 3301
1482 1076
3893 3814
4395 4340
6333 4502
4273 1254
213 1116
3165 4274
4481 367
885 2008
1431 2580
5254 3184
2550 3880
6022 5091
5255 3180
3422 881
5855 2660
785 2662
3851 2879
4812 6213
1895 3628
2401 5545
4066 3654
62 6106
5848 2006
5602 1344
1817 1340
1465 2851
1441 68
1928 4118
4016 470
4114 3980
927 4365
2103 1925
1323 2817
5758 5970
5611 6034
5666 6203
4188 3179
2076 5186
4921 3689
3188 2370
4686 4422
3059 3778
4116 5344
4906 2267
5115 2771
3170 3163
22 5503
3617 4984
3515 691
5506 4033
6348 1850
5537 1594
716 2928
3363 5851
418 360
5550 6453
6497 4179
1357 220
3724 4458
1637 3353
4240 4965
1696 4884
669 2973
4121 214
2037 4211
5914 6057
860 6222
3071 294
939 6010
2805 3894
5984 5197
2136 3159
89 5875
1447 494
2411 982
5838 5265
5652 4039
5913 3817
2996 4752
4370 5047
1092 5164
1222 2307
3803 4938
5046 3675
4129 3504
5584 4849
232 6082
2003 3783
4212 250
2779 764
417 6016
4790 5453
3655 1326
6137 2507
4200 1837
932 3557
2507 2644
3440 5750
2283 3379
4261 5026
6273 4828
3798 4131
3830 2095
990 744
2894 3024
3314 5260
3081 4188
43 4010
2032 970
4855 2160
5472 3321
5134 4088
3390 2425
6390 2985
1118 2277
1594 4456
2433 347
1662 3683
5710 4476
2141 4146
2168 778
4988 5719
4915 3929
460 4858
3588 124
2065 508
1120 3432
5607 6311
266 758
1247 893
4003 4086
2343 1841
442 1190
3372 2413
2291 4934
248 3500
4672 1195
1211 1881
3421 2807
4233 5977
2769 290
3424 885
2535 5044
5189 1768
5618 1650
3657 4030
5538 3626
2425 6449
1214 3109
5083 6457
2345 1061
4823 488
520 6187
4744 1242
3682 6378
3818 3804
1020 3954
3653 3151
1845 2583
4221 5178
2812 5825
578 914
4856 2181
693 179
178 1319
4042 3932
4944 2499
812 777
3141 1051
1656 838
1605 5933
4940 6066
276 3696
2917 843
3038 5940
5976 2819
1565 3680
1010 2745
2592 24
23 5876
5305 5362
893 4239
451 3859
6426 5130
5384 5680
4415 2282
5736 6118
2221 2175
6225 3661
1059 5200
439 279
3365 5355
2264 2566
1293 4293
5934 978
379 2188
3356 1755
3998 4639
1420 4804
1807 4834
4700 730
1049 3493
204 6143
3438 6078
513 4846
1378 1682
4848 4507
1535 6480
4309 1031
6398 1893
3725 1797
1547 2407
1389 1109
808 5471
5009 3866
4020 3387
3153 468
3635 2589
1013 6313
1253 4636
4207 4850
4368 707
3303 3172
3282 353
4596 546
5720 1406
478 3073
1884 5501
1844 119
5993 3113
5708 3912
6252 5517
1585 4663
3091 2772
4266 142
388 1391
3034 4758
743 171
1288 5244
3046 2789
762 1403
2151 427
495 117
1687 3372
4338 4970
4924 1194
30 4891
5491 4066
5310 4635
6017 4819
5312 3200
3412 636
4750 6442
5045 247
4043 957
1855 4424
1440 5707
3549 2306
5496 4016
5386 831
3498 5118
791 3051
6131 1424
3235 6439
5778 5376
68 5179
5505 1592
5924 21
4837 3062
4564 1484
1418 399
3745 444
6356 5527
1860 1045
5144 2117
3085 515
1619 1964
570 3311
3666 4798
4044 5649
3197 5256
660 2825
343 4530
919 1901
4170 1154
2552 4377
1395 6303
5726 1710
4946 129
3189 4579
770 6416
1241 3640
4130 1681
12 4338
4832 3135
3023 870
2567 3186
158 3850
5042 5567
689 6117
5979 3525
4483 3114
3148 1933
432 5100
201 3079
5356 3898
6062 1551
1834 4436
1095 4996
1268 5963
4346 4514
3981 683
5865 3424
2858 5320
6161 6171
1919 824
2274 1333
1202 847
72 2042
3934 1269
5100 457
236 6210
3883 1513
3234 642
1145 6006
287 4447
4604 6002
5104 5592
2704 5209
2855 4655
2608 1334
5410 1887
2868 82
5977 3860
3956 1720
1339 1471
6318 4312
3590 4543
2943 5633
6116 1695
4390 5177
3134 1511
5285 2736
3710 2159
3461 4002
2460 2387
1381 2032
239 1940
2419 4408
974 6367
3779 4921
2865 1108
16 3416
6283 685
1910 1756
2701 6
86 5427
3249 6033
2400 6108
3113 1822
3195 2615
4705 2201
2100 5994
4841 4260
5182 4255
5120 3646
5358 5175
3057 2225
1353 686
946 2473
594 4067
2615 5085
5288 2591
1761 6497
4893 1191
1646 5036
87 6116
4729 892
2806 4206
2147 645
1307 2528
1027 4124
6006 6298
5717 4919
2939 4729
947 1917
4255 275
5568 3453
319 1515
3623 4795
4623 6153
1692 3100
3855 1711
4857 985
2524 1775
3351 3183
6308 2681
2529 5911
4403 4009
1491 3368
3715 4533
5184 6263
373 3685
4450 3820
4889 2963
5523 1617
894 3789
3449 5420
1998 1416
3267 932
3946 4194
1159 1417
4982 341
4211 4632
148 1939
2434 931
2063 5589
5824 2073
5229 4975
3643 5759
2522 2253
167 2740
1321 5276
3569 4238
4829 4942
6142 4864
1739 5110
4629 5330
332 1718
3501 1984
2376 2412
4205 3166
5233 254
1890 1315
5664 4474
5176 5169
2835 5063
4984 3971
1320 4840
350 2072
535 1630
2008 1467
5793 6032
2777 2606
587 1794
3433 6487
1899 2369
4101 3399
352 2757
96 4437
823 2289
3620 2432
2735 4111
5833 221
962 5008
4149 4152
4930 556
2807 5025
2160 3773
4085 4505
1933 3931
3988 790
4691 6385
5269 3439
6345 4610
6028 2035
3471 3219
3105 1665
2755 4557
6239 93
4695 205
1949 5234
5003 1055
5806 2683
5278 4523
197 2865
2998 2977
1532 3473
4657 3555
214 4768
627 1521
4666 5630
1576 4659
6228 1678
1688 2339
6307 5617
5077 343
1610 6278
737 5016
4495 5817
5756 102
5882 405
401 3668
2375 2577
1607 1384
2839 6425
4945 5867
1237 4451
1143 6464
283 3542
3585 5097
1969 5679
2546 3649
1545 2103
5020 4560
1900 2404
3701 5398
137 4742
3063 2534
2458 2742
3216 2084
5059 1996
341 5030
2505 520
3118 6431
5670 3559
2574 45
678 5046
1361 1262
5193 3747
3404 6253
4787 2038
5459 5168
2294 5477
2226 5288
1185 3291
1417 2303
4746 4107
453 814
3284 2000
5151 5414
1188 5615
2462 2120
5286 4624
4591 2011
272 3527
1215 6435
1838 5856
4072 5217
4055 4671
5224 5069
3408 3034
3778 4248
4315 5096
6443 1660
3782 1998
1748 2286
2301 324
1474 70
4612 215
825 4247
4472 361
134 156
2190 1866
3874 5383
5241 1739
844 5740
4747 4866
4894 4869
3748 4714
1730 2255
5412 5844
3209 2007
5746 652
3285 1910
6002 1848
5635 5393
2782 5672
4259 1152
4831 5849
586 6336
1936 5125
3709 1993
1789 3145
3716 4101
5251 1806
5158 904
2898 834
2949 2350
1903 4792
6243 3970
5688 5145
4840 5744
3554 4222
1591 918
251 4243
575 2272
2503 6105
4899 4754
231 2450
5624 2125
3021 3552
4077 6056
6418 619
170 5947
1513 709
1808 3461
488 2505
2820 5201
655 5606
2038 1621
5661 3122
3484 4145
1088 2022
245 374
5643 2396
336 2678
3671 993
3335 586
3858 4462
5454 366
2169 6362
634 5150
615 5308
4551 5
4133 949
2074 2609
6171 25
522 5516
5192 429
383 5848
3728 3264
4216 4339
1518 3922
2105 5542
5526 3602
2889 4300
922 2143
1004 1931
1571 53
1689 187
4972 1122
755 5031
5067 5222
5834 827
4996 1961
2564 4285
6299 1591
3161 4515
665 10
5460 2438
670 3878
601 2647
1169 6276
5645 4470
4268 4430
1355 1868
4554 4607
1161 5890
1349 3994
3872 6427
1160 6107
4263 6170
246 5448
2133 2300
5342 1735
3866 3397
1740 3666
6410 1030
1135 448
4484 6256
4372 6003
3892 1094
999 3175
5346 213
441 5805
2342 4861
2130 5322
6206 3042
2964 1159
4963 6388
294 6181
2589 5809
1062 5622
5515 28
5787 732
1356 5551
2081 5152
2189 5228
3431 2137
1608 6456
3043 5181
4176 5807
1167 143
1006 6046
5023 6101
1326 4390
1728 3187
162 4105
611 5114
5686 376
5943 4601
4928 901
3429 4573
982 87
1866 5722
2338 4371
1012 5191
34 3048
1179 5465
3116 1388
558 5406
2179 2362
5262 4400
1099 925
6387 375
6120 22
2804 1352
3169 4630
3385 3010
6048 5892
1737 1805
5283 647
1791 2039
4467 4032
2459 5302
459 6470
6354 2809
1801 5269
6077 4127
4739 882
2599 140
2349 3283
6176 6320
3402 5532
5470 2896
1277 4911
3321 6048
2443 261
4582 5735
3965 4793
5166 391
2952 3240
2780 5732
646 178
6339 940
6309 944
4929 3831
1825 5059
3675 3642
4213 5208
2098 3011
1309 1134
1874 4082
3622 563
4540 4882
5326 5604
3375 1451
3238 3392
4220 4415
5827 4265
5632 200
1736 5206
2521 527
1828 3824
4231 2859
3802 1422
4633 5263
5351 1870
2323 4207
5149 3625
5397 2036
3002 2197
2613 1220
5866 981
2752 2228
1931 4767
4112 6341
1367 2054
5927 3732
1093 682
3862 2010
2333 2436
5383 3571
2970 1965
3472 3076
5600 5431
1559 4640
5807 2037
4045 1550
3069 223
5753 5293
3560 694
1204 4369
5108 1239
2645 3489
185 5467
5953 2176
1876 5287
4703 1529
2836 5482
5489 6324
703 1070
3624 4962
1602 533
5018 4657
958 2221
1667 894
2642 5280
1920 4771
1206 1087
5659 3241
5127 6015
5585 5584
3963 1317
2594 1445
2114 5822
1454 4718
4653 2849
4504 3903
4250 1723
3652 5639
1379 1064
3756 722
605 3247
6381 792
1992 3084
4486 2443
902 3411
3371 3091
2451 1068
1762 6272
4342 2762
2050 5356
1754 123
4110 5325
2788 241
3800 4341
370 1527
6484 4810
3384 6381
6235 2806
6103 915
645 3911
2022 1305
6440 703
4148 5211
4289 4074
1226 2996
4953 2043
2558 3478
4056 2265
3828 2706
123 2711
5706 3117
6445 1773
1001 5064
3145 2205
4949 1130
4567 4115
5216 2934
1114 2016
1492 651
5446 1430
5606 5823
6334 4776
626 2321
4689 5985
2377 4213
4193 3772
2029 3937
3444 2799
5316 2595
4644 1211
4939 1273
6241 1852
4270 3137
6007 3575
545 5987
1643 5493
3880 1534
4436 1807
3022 3883
4086 3204
5377 489
3691 1338
6293 669
2747 3468
2849 1692
3819 2645
498 3506
6014 3791
1390 2959
3426 3060
777 2310
6067 1533
1061 445
4463 3274
3448 1111
6493 3871
6423 5340
5846 286
2143 1548
5002 4789
4327 108
6092 2005
434 4019
2566 217
3423 94
4698 4320
5389 148
6385 2179
1798 4731
1859 626
115 6076
3762 6080
31 5688
3898 6408
6382 875
1699 4747
5957 6195
4317 5115
5623 3451
650 4284
1466 689
5364 2793
1433 3667
3486 3226
1891 6410
3086 3015
4424 4616
528 5034
5021 4287
6066 2492
4109 1279
1512 165
4189 5913
3527 2484
172 1505
3377 653
3095 439
414 6389
380 1399
4410 4622
588 628
4914 3170
6475 1631
5895 3604
448 2361
2691 2027
1902 256
2609 5421
1276 4220
5595 4425
847 1464
3708 3888
5907 5738
1208 1864
3031 326
4517 742
4104 633
831 782
91 5884
1693 5385
6358 654
3403 4450
4587 2108
4265 3373
125 506
3482 5396
229 4898
5181 2616
3750 762
3483 3844
5704 202
5032 2200
754 1241
463 721
4257 267
721 3269
2182 799
5355 5113
5417 1054
1665 3282
327 5703
6 380
5510 3606
4694 6064
5243 5001
4281 4703
2516 5334
6204 2612
2127 272
1681 2237
3286 344
5493 5121
6294 2535
5495 4643
1896 2453
1325 810
5394 3611
3736 1081
2997 5553
4311 587
2541 640
6366 5906
4391 3705
984 4726
2267 1238
5130 4809
3583 6198
1398 570
428 2948
2682 6065
2224 2833
5539 4816
5073 5155
5656 5647
6229 397
699 1932
1721 3704
2647 5194
5883 1173
1731 1736
2484 2377
4579 5153
47 321
5398 3322
2251 4715
3413 785
3957 4482
2694 1857
1368 2750
5965 4477
2872 2775
5284 2311
3937 4974
5105 3303
2730 6068
4208 2902
3336 3794
2787 5855
2119 2243
5921 876
4162 5111
3909 2116
5660 3385
5114 1373
2330 2223
4453 4144
4725 3433
2166 861
4667 4157
4406 1706
6455 195
5437 5836
2841 4049
2299 3244
5730 5108
1916 5506
4392 4952
2910 3104
5859 4957
1467 3075
1954 337
3193 2308
1080 3919
2212 2163
2164 5285
5588 5116
5942 1278
3415 5255
4918 5577
3557 6103
3133 2625
542 1178
5757 3855
3792 767
2089 3801
5658 1390
5049 198
4560 5616
423 2602
1414 3431
5422 378
5019 1566
2684 976
2088 2940
3182 2565
854 6451
4471 6001
1035 4734
635 71
1100 6013
2784 5018
2678 6274
5433 3608
1660 487
4810 26
5790 5654
4478 150
6253 5199
1562 5702
4225 2041
1668 4724
909 18
4779 5662
536 2976
4555 4987
2880 5918
6093 5555
5 4646
1774 77
2675 2418
1967 3703
3341 4406
813 2942
1490 1777
2415 5321
3127 4652
4722 4595
5665 3594
6086 1788
500 3490
5450 5993
2498 3306
6268 1983
2909 5127
4185 1172
2900 2572
6407 4026
6403 5800
5816 39
3882 92
4873 1125
5752 5642
6045 6239
5455 5162
776 4812
2255 3956
2205 227
4173 2769
3466 3738
2047 2915
4600 5593
3499 4037
4511 4958
2275 5700
1250 4633
5719 5103
1039 2276
1882 1698
6004 2734
1965 696
4501 6304
4842 4276
4583 6071
4037 5971
218 1249
2633 209
931 6217
5081 5027
7 5677
4320 5021
6124 6353
5845 3949
3838 355
6087 1746
3280 2033
3497 2430
4532 4775
4244 1226
4785 3069
6355 4737
5591 516
3733 855
3926 3057
5012 4363
903 2420
6343 248
3977 3370
3345 2208
5308 2696
706 2991
2621 886
494 1404
4097 5915
346 2972
3540 1287
3376 2939
1871 5079
5465 504
4400 2607
1563 181
6169 3784
5605 2317
700 338
480 5572
5784 1673
3191 4588
2897 2101
1301 988
6435 4288
1911 4085
5321 2671
3244 2946
4421 2598
2983 3583
113 3074
2140 236
2831 1201
5439 5964
3616 6172
3581 1311
3912 2709
138 2727
5650 4487
403 513
243 502
2235 149
2862 2826
4743 477
1106 2732
4742 1622
4313 1397
1229 3116
5015 889
4786 4517
5668 5312
3154 2895
1017 6177
5509 5563
5689 5367
2073 5547
6189 2094
2629 1664
4902 5954
2902 162
555 2251
211 5142
3469 1605
592 968
6464 6339
4177 5430
3975 860
5693 725
1712 5266
2823 5521
5080 6211
914 4824
315 5579
2326 4025
5723 3638
4398 4976
3035 4416
697 4831
3799 2458
5199 2448
2256 1937
5695 2131
6265 2171
6401 1946
4228 3049
3196 2984
1872 3927
2692 4524
5494 5596
457 2713
668 4525
256 358
6208 1774
3383 3482
6191 2858
3500 6293
1734 1918
3358 3381
1295 5914
5282 166
3060 1102
6422 6286
4226 5619
641 5373
139 2503
4499 4936
6032 3067
2191 4687
1632 2319
4760 807
1034 4489
5513 2968
1070 1575
4925 2687
2380 2891
4429 1693
374 5831
682 2113
5054 1252
905 1209
6271 3460
3739 4835
5863 369
2083 1506
5185 5540
647 5502
5557 798
3580 2947
4589 3246
3780 6191
5578 833
2888 718
5280 4836
334 6174
1504 4721
3328 2508
5535 5692
3315 788
5619 5262
4621 772
6146 3070
4861 1915
3633 6142
2652 1608
3552 2733
481 3839
3233 2544
4105 2850
280 104
2511 1470
1495 6055
6182 832
3252 2149
5098 2393
355 1026
5300 2832
4759 3543
3112 4214
1024 2926
5925 1655
1878 4980
5766 1760
4715 5419
5256 2628
6144 3238
5423 2299
5609 5327
2332 3356
1340 737
1908 1244
4051 2490
4708 3641
2759 4682
361 6139
477 3567
389 6399
2933 6250
3955 6369
3903 2427
2218 371
3078 2075
2086 967
4404 1441
2192 5050
4457 4151
2483 2326
1083 1095
2156 6077
5562 5039
731 4404
1640 5889
3985 3720
338 1668
3997 3313
2217 3739
876 421
372 232
2689 850
6117 3450
5541 1959
4646 4182
6049 4564
1549 1104
790 274
2857 2384
4888 2063
3114 4345
1679 5388
1947 6471
4576 5658
5536 6428
5780 4323
3493 4648
2869 303
918 4578
4752 5473
4314 2603
3518 3254
314 3359
3843 5074
4343 4854
561 153
4571 2224
881 2157
4048 1376
4796 2195
2819 5989
2578 3231
2588 1738
4502 3131
2107 3600
3395 5684
1460 78
3536 1128
5432 3013
0 3524
473 4874
1709 1573
3986 1477
3470 6484
3342 1412
1196 5349
476 2511
3864 6332
2866 3425
3144 288
2067 4829
1407 962
3240 4384
6282 5484
2773 2530
4227 5141
5209 4224
3480 2121
1313 4234
2438 4644
5675 1003
3895 1033
4769 5435
1819 3674
5273 3428
3427 4777
2753 3865
70 2390
5145 2354
5497 2166
2671 1943
5777 1975
859 1429
2007 3838
2315 1558
2767 3207
1470 2502
2796 3077
2632 210
3205 327
906 964
3983 4389
5140 2519
694 1985
2922 5893
2231 4172
3179 402
4634 5787
4749 2422
5097 6110
886 3744
1544 2256
2698 2737
2581 5859
4799 1085
5235 1763
46 1555
6357 5730
5379 631
5854 5243
4299 4471
590 2031
1918 3964
5842 2174
5970 2151
1121 2030
4607 382
5498 498
2770 4496
4224 5033
4033 584
5861 1849
2211 2574
3925 4545
5850 4627
238 1659
4171 6234
1383 5472
4192 4706
5797 4062
425 6027
1727 853
3297 2295
261 673
2297 5612
3334 3112
4012 424
5257 5934
2126 3843
4419 351
2705 4031
2406 5613
1779 5143
3288 3476
3901 2062
5330 3295
2915 2753
727 770
3524 1783
2628 81
142 2078
4362 329
2911 161
619 2536
157 3176
3717 4201
1360 4589
382 1988
3132 3645
6173 2906
13 1189
4235 5404
5837 3996
2113 757
2152 5641
1503 5035
766 1267
5188 5557
4811 72
1278 5830
2563 226
6141 3480
3447 3928
3353 5369
6047 219
987 1060
4534 2447
3007 3553
1296 3337
5926 69
4408 3268
820 4522
1362 4154
2289 5726
4430 2573
3976 839
1252 5390
3996 3586
2431 5411
3254 5225
4378 5489
4881 980
174 3126
3605 3733
2002 2506
307 1367
3836 4493
3005 1520
2178 4654
5798 4584
2520 5960
255 3663
4624 2213
4835 1002
858 5082
3703 6209
1586 4890
38 6455
835 1786
6163 3044
4373 5519
2422 3284
2350 4196
1128 5882
5555 963
2724 5674
3211 4481
5989 3963
5648 6447
164 1792
1959 3124
4639 3250
3243 3323
1794 539
5277 4583
1644 5760
1212 5195
2240 6156
202 3959
492 937
3856 2021
3933 330
3155 4148
3673 259
4234 4417
4681 6098
3814 2178
275 887
2571 2517
5714 1600
2005 3551
6304 1469
636 5370
3805 2988
2220 4035
2325 6326
1615 2111
3615 3248
5711 306
1311 6045
1483 5475
349 5886
474 6299
60 2514
2327 1641
1324 4205
193 5148
2665 2248
1639 6403
2506 91
1410 3812
3592 3767
5137 4164
2978 2936
5802 4961
2145 2699
4895 3277
2654 2735
1413 5119
1255 255
2528 270
1589 4908
685 4800
2928 315
625 6150
5363 3579
3488 5104
2115 3797
317 4889
1597 2485
5603 1035
1971 2302
1074 4599
2870 830
3776 4807
6495 553
6264 3018
4798 5632
1473 3194
6111 1118
9 62
2307 3873
3378 5560
5484 6159
5348 2823
1966 1512
1604 4837
579 499
1782 3520
3013 3622
5039 5022
1154 5066
5639 4674
5279 2152
1805 3336
92 6302
3578 4887
6266 1563
3067 3038
2188 3252
271 2927
33 5824
1717 4059
2920 4167
1788 5768
1129 1628
5488 3985
3061 3730
4961 841
5767 6043
1595 2211
4079 1245
871 2971
2734 786
1330 4510
2765 4995
309 2328
2913 6429
1283 5476
710 1543
5179 4069
3317 612
2875 1402
5990 883
2423 2233
6434 2787
1458 6040
4191 2587
4111 5522
1156 2638
5740 3560
5473 1386
5899 2840
6179 706
1372 510
3392 6050
6145 4813
4676 1233
959 3502
845 3458
2826 5012
4279 754
3611 6259
6251 1153
6221 3726
3760 601
3528 4820
6322 4725
6082 6368
6000 6426
1630 3213
6415 2795
5150 872
3456 5332
963 5508
5435 5438
3966 186
1719 575
1404 4353
2403 2017
3106 3426
4869 4881
2239 407
1773 137
708 3788
4203 1114
5858 907
1700 4397
2950 3045
2727 60
5963 873
4797 503
1112 3948
5492 4281
5551 2842
301 1393
3973 1877
5707 1567
4753 2002
74 1001
2293 2107
2328 3589
4198 994
2720 1652
5955 4959
241 5377
5443 4907
4272 3612
3083 5751
2488 2184
3723 1731
787 5062
5160 4513
1002 1986
751 3220
1463 2855
5405 6420
6201 2689
1187 4241
6481 755
195 4428
1498 6219
571 4173
675 1960
1886 5077
2492 3990
2651 3222
88 4273
1455 1880
6351 1216
6275 4231
2091 1096
3842 3992
4661 1510
2797 6267
3156 5924
6245 1896
2499 3979
5521 5120
3922 4349
5075 177
2821 961
2814 3529
6325 1629
2463 4749
356 4166
2958 5146
2195 5317
325 1565
3676 3344
3171 3430
5974 3463
4531 2725
1485 1928
2781 3402
934 185
2033 4360
5302 4570
875 1476
3093 4526
5654 3514
1225 243
2852 41
1690 5366
4897 4766
5739 3456
234 919
4465 2283
6371 5967
75 5802
4247 9
1940 3317
11 5956
3650 3982
6226 4519
3039 6090
326 5076
5573 2636
1635 6308
4331 564
779 5410
2750 2560
1177 2198
3124 5286
4964 3232
5339 3836
1423 1482
549 6167
1802 6400
1477 5853
643 3700
2084 6051
1287 6375
3568 1843
2194 5057
223 5157
786 1574
2445 1934
2655 2345
4979 1364
521 3709
4948 4053
225 1776
191 1217
3089 1301
3278 1110
774 3449
5141 6206
5327 6358
3311 2360
5504 3901
2967 865
4655 6246
1038 282
3016 3271
1725 4006
3382 2679
140 5072
1842 3687
4476 3297
4039 5160
291 6481
5629 1927
5978 5689
817 5525
1319 14
3917 4786
516 5770
5945 1036
4106 56
5983 5538
3400 2550
1471 4664
270 4677
1461 4219
3794 1151
5565 2273
5589 1653
3718 2346
2093 182
4521 5715
2482 1615
873 4727
5795 5232
4159 4926
4668 3123
328 1640
4965 3052
6076 4971
5486 1493
4236 4382
2725 3415
6065 1701
2028 1098
180 3721
4516 888
2390 2102
1077 4233
2150 2892
1373 4413
4441 417
4262 5909
4427 3110
912 356
2927 2554
1089 40
4000 2340
198 2911
3625 2141
3804 4743
4830 1690
523 3486
2595 6240
466 2995
3139 6020
4294 27
1189 449
4348 2034
1829 1963
5750 720
1178 1168
2936 1147
3835 975
2696 4662
129 3877
5053 5716
5365 3355
5522 1107
3092 3214
4324 2402
3889 2782
1888 802
986 1638
146 1230
2001 3760
3713 5663
3270 4571
5685 3847
2304 1705
1173 5829
3131 2367
4445 13
320 4075
5058 3239
4601 1086
462 2701
410 1835
3945 1648
1456 5399
4971 845
3948 2552
3547 2780
1683 537
4740 4309
1960 36
1703 1778
4614 3085
4067 3887
1109 4266
4684 1155
6395 4759
4271 2673
2184 4944
2916 1165
6155 4058
6238 5023
3505 4929
3711 5690
5126 5098
1448 98
4095 3879
2428 2100
3245 3548
4139 2270
116 4249
5033 2347
3320 38
6444 3805
5416 1056
1190 3281
2808 4791
77 4427
36 823
3096 4994
2757 4992
5205 1255
6247 6376
3719 1802
5894 5351
2292 4580
6302 6084
4962 2903
1184 1502
1342 6401
2129 5798
638 3822
6089 1767
1658 4245
511 268
3661 4945
5396 4121
1579 5080
3626 2739
5937 2857
2286 4745
6374 1044
2059 5449
2201 5126
3924 2999
3974 1935
4147 868
5106 5766
1358 5643
4492 3329
4195 5440
4512 1926
2464 3684
5841 5274
6126 3202
1561 6301
870 2146
2935 5739
5948 6475
5388 2498
6258 5958
2493 3006
4542 4567
3064 4790
3041 65
5715 3925
2193 5774
1152 3811
1051 5661
603 415
5354 2755
6207 4612
4025 2953
6368 3364
772 1907
663 159
6165 5794
3333 1670
6476 2203
433 6161
2591 655
3425 4818
6477 5264
2640 5841
1972 4670
3137 6346
5038 1144
3696 1460
2370 5984
4034 441
6305 2639
3821 3686
3627 3682
4379 529
4312 5810
1702 410
2677 4021
4462 5013
5249 3253
1011 5283
673 3128
40 336
2116 5850
4113 1815
1315 4399
3003 3472
3271 5976
5634 2207
3121 857
4218 4303
5581 2929
5638 3477
4458 5499
3487 3923
6130 5165
5421 4280
767 1176
2233 954
4819 554
4150 1576
2856 1218
1678 4953
2853 5708
4388 5621
2223 6121
6328 3351
1883 3595
135 5015
2198 3830
109 6140
4901 4077
378 3934
3761 201
6148 1474
1297 363
1142 3596
5941 711
5980 6014
3612 6366
4496 4760
4119 1589
1113 6491
4296 2079
5586 1536
648 4565
3212 2558
81 311
6319 2692
3960 271
2513 3221
921 4020
3394 4165
596 4064
1221 2158
422 131
1308 1432
3532 107
6195 579
4152 693
4613 717
6297 3945
2732 1829
1385 3095
5272 437
4426 4748
6100 1374
437 3651
5234 4333
1514 349
5724 6229
3220 257
3891 588
6153 5932
4064 4168
5511 5736
1207 977
3541 4981
5972 6254
4300 3549
972 379
5026 5583
5583 5395
620 5443
2657 4508
1191 6361
3146 5290
5270 4903
5471 5469
2364 1063
3262 2090
3735 2433
3526 3142
5596 2409
4628 2262
1781 364
1917 4071
5808 5253
1865 5795
3586 4228
217 987
2845 2025
5101 6079
5703 3410
2021 607
353 5095
4904 3512
5709 3120
2352 5951
3777 4344
5518 4271
5221 4133
2634 3634
1223 6037
2830 6038
2429 4485
613 320
2068 5953
3036 3164
941 2901
3004 3933
5534 5261
1435 6144
667 2921
1071 4954
563 5877
1880 751
5440 6292
2838 960
1249 2821
2742 4216
6026 4989
2108 480
1806 1929
757 6379
2733 1625
882 413
5368 5644
3561 4895
2363 1472
2555 3808
6316 5762
6329 2227
5524 5650
1122 3245
4866 5973
1711 3288
2446 5048
274 2467
5320 5742
3902 4735
6430 6284
3697 2965
1262 681
5956 6215
112 5781
6335 6340
6255 170
1110 5812
4108 2389
1479 3743
713 362
798 6059
305 7
2154 1994
1422 35
2263 1196
1487 577
1270 3168
998 1832
1981 4208
2311 5041
486 5757
5427 4755
2837 386
2444 4123
4827 1329
6256 4497
384 3670
6178 2801
3033 5982
1500 147
4966 812
4886 2562
1333 4202
3619 5777
2430 110
1853 3158
1996 3339
5252 3550
920 2788
1613 2738
2331 106
5530 1795
1628 4
244 4686
6376 5530
6375 2003
4820 6255
4290 552
6063 995
386 1034
4957 5835
865 136
4804 191
1809 2109
5304 2631
6469 4902
108 2515
883 4993
192 6474
2432 3725
59 1651
2556 4414
2353 5333
4389 5248
6437 1823
128 3442
5960 208
6122 2414
6061 5741
723 3319
801 1293
10 5667
1937 942
1905 1286
1750 3989
4730 2491
4053 2368
5214 1949
1066 4609
2968 1162
257 5637
1697 6049
4146 3573
2355 3523
1200 532
1168 2869
5975 3272
1830 5131
5881 6377
3119 5271
5888 3327
6487 2378
5999 5635
950 3427
2177 4801
3291 2526
4529 6062
5382 928
841 1215
5832 2641
6042 5908
1021 6364
3318 1010
263 4572
6467 2217
3867 1316
2101 2582
5207 6007
1257 974
2046 2905
5072 3969
1575 3366
3784 5539
4913 965
696 5711
679 3454
1508 1743
6059 3940
4687 127
6412 1979
1031 5071
6069 5717
1386 6315
4783 4120
3647 335
2062 3590
3330 5392
2810 4568
6313 5009
1552 1414
3183 6270
1617 2576
2435 1811
3931 1203
6040 3944
537 4784
111 602
4592 5627
6114 1666
3984 2481
3178 6421
3801 1519
4485 6423
3634 2148
748 1401
4860 340
5096 4047
102 4317
5490 4433
2279 2993
1847 3727
6072 4913
1163 3580
4541 4434
3295 817
166 5764
3646 1581
1443 1580
1837 4321
5637 4817
1904 2440
3947 1127
1995 1409
6194 5099
496 3776
6399 1579
1892 4620
2174 3441
1078 517
240 134
1457 1948
4466 917
726 3862
6336 5006
215 6252
1652 779
6220 877
3704 6437
4286 2951
5344 59
850 1148
55 2164
2854 1435
6421 4988
2954 2917
3599 3138
4688 5043
5959 114
6342 5345
6071 4605
1124 775
4382 6009
6213 6127
1925 2240
5718 3388
1424 1171
2245 4764
2739 852
5997 6314
3495 5803
4508 1240
3595 4707
5566 2553
3565 277
717 704
3094 252
508 1268
2751 6126
1738 5494
2914 2315
4822 493
3550 2416
5013 2700
4416 5905
1927 145
4520 3558
4308 4665
4138 2144
2616 6459
5139 3090
4932 5054
4713 3061
5813 1062
1085 3951
2420 2522
5604 2405
2322 5353
2341 2076
6441 4851
5299 6058
1141 4967
4482 739
4665 1294
2230 2525
5444 851
4214 5695
3562 2281
3603 4040
1148 6072
6338 4386
3907 4251
282 3496
924 3396
4245 63
4345 2623
3919 49
5676 1826
6055 4688
4282 4328
3379 3326
3045 6374
6365 505
3572 1347
929 3340
5082 4278
2791 4535
4907 2424
1350 6422
4816 4078
5294 6283
2988 5862
3204 6288
50 2193
99 3848
4352 844
6260 4015
3869 4302
2481 1987
1568 5336
3726 5949
5048 4090
5852 4906
4954 550
3808 6322
507 29
1501 4159
3157 4388
5113 2234
3269 1143
6056 2060
3514 6135
4238 384
794 1595
5696 2013
981 58
810 723
3455 2128
1298 5610
5919 1610
4253 2464
1993 596
5212 5511
2155 1455
3654 423
209 3526
1336 5988
4487 666
5742 2654
2873 314
5378 3066
4878 6075
169 3133
3120 1221
4732 328
6466 2268
3809 3178
4720 4418
973 2048
4727 3510
5610 5580
3050 3328
6180 1121
4717 3390
5546 1702
6025 3092
5935 3991
1948 4419
4871 756
600 394
1713 3286
6222 4467
471 3209
4291 5819
933 4628
3951 5159
1260 3233
3700 6483
6110 5588
56 576
2040 3229
3115 4455
2676 4586
4156 66
826 2343
2543 4823
408 5673
1306 4355
6267 2838
1614 1588
3080 1193
1023 5154
4839 3421
430 2209
3522 6391
4355 5966
3517 3050
6140 3335
25 5758
1840 753
6011 1724
4194 2284
1217 794
3102 4136
5175 1888
1664 4577
2485 3146
3370 1355
5027 4140
4364 1357
412 5651
2285 1654
4488 4855
1416 973
1588 5485
2644 1938
2381 5652
1852 3819
4863 2844
450 2884
6496 6141
4637 3660
5456 4827
2827 2247
2990 2114
711 909
728 4444
5357 736
3812 5599
3628 6482
3670 3285
1370 5247
5549 6461
995 2571
4068 5870
1480 2682
5480 5319
5217 5372
3833 3842
4179 2846
6035 5313
18 2014
3265 2752
2149 1478
4936 234
37 2
2495 460
5395 910
2883 57
5762 3162
1146 4289
976 3631
3967 3893
6147 3021
911 5133
4916 4225
4588 3554
1412 4018
6070 4283
4608 300
5772 3841
4537 2545
2999 4842
5030 4650
5853 608
4765 2147
2386 1597
5441 4440
4967 3290
2659 1754
4260 1041
3923 1090
664 5315
3419 4306
2171 4982
975 5056
359 5259
4522 1909
2815 3054
1945 1839
2641 4757
6301 1307
6218 3346
82 3921
5667 1606
1375 173
4071 5990
4460 5609
3111 3005
2614 6330
5794 6343
4771 4358
5177 95
149 923
3773 3354
2187 6289
6080 1281
371 4893
321 986
2794 819
4635 5451
285 1545
4806 2316
690 3807
2027 5089
6044 667
1626 2868
4417 4983
4069 1339
5442 1796
2736 866
4385 1997
438 5483
3446 264
2413 2068
5947 848
1192 6277
4955 1683
2066 6131
2904 2910
4350 3352
1769 3501
915 2471
2448 3868
853 766
4047 1686
5625 4439
5799 3662
824 3702
3411 2020
1054 2338
1507 2444
3558 2592
6043 2400
3729 6488
704 312
293 5694
6037 1820
5010 6225
155 3302
4026 3153
6373 4803
780 4492
6473 3775
2623 5426
4155 3484
6123 5728
4123 5129
3367 2278
2010 6026
3952 6382
4610 3435
2741 6137
2995 4541
1790 2770
1765 3833
3693 6257
3559 727
4605 2245
1181 6063
5457 5005
2477 1158
464 3793
6215 3617
1275 5714
3564 3518
504 2728
5191 3694
1442 1911
1820 1204
5570 2766
5051 3003
1489 1336
3088 2691
544 447
2163 3946
1669 4307
4559 2210
3575 566
5733 2585
3878 5789
4304 1757
3366 3147
5225 2887
5716 2357
2688 2658
5662 2001
4876 3362
5811 5326
117 3471
5069 5272
1105 630
2015 1462
4680 3718
5022 6067
5812 3395
3275 461
6129 4282
5078 183
3264 4528
3149 930
884 3821
5206 2680
5128 531
6491 5117
5190 96
98 2468
4440 2323
1312 3
3644 2318
874 4061
5466 4110
4325 233
3464 1704
3920 3405
5628 5354
3010 3610
3026 5640
5655 996
402 6168
2790 1250
3253 4923
5860 2716
2538 6479
4934 1836
6030 3779
429 6069
4295 1057
550 1459
4862 3361
5146 822
4197 1677
851 675
58 2169
2602 276
1291 1310
781 1847
1950 2690
3839 1869
3577 2767
5173 4613
367 610
4367 6227
4153 1324
456 1346
5529 1015
5133 5629
3130 2257
2131 2791
491 5415
4446 1552
4351 4618
2296 3547
1987 2666
5183 1921
1205 4405
277 1008
2940 3001
3460 1415
3339 3206
2895 5872
4763 1291
3184 4498
3293 1923
4909 4808
4859 6130
1265 6184
121 2914
1388 5456
2404 663
3398 2608
4019 3036
5112 55
907 3299
4630 1285
2313 2913
3077 113
712 2150
2167 6035
2020 5581
957 1584
3871 5721
1799 4299
4563 5156
3100 1058
1732 2759
4115 680
3699 5176
4251 6499
249 1371
2395 1256
1259 2417
1065 5335
1821 2695
1924 818
6442 4672
610 4753
5732 2866
1254 1167
5293 2122
4154 3307
3587 5733
3551 2599
5359 2478
3731 2841
2421 3599
5220 4977
5617 4615
1406 2332
2347 4833
677 4930
3442 404
1043 283
145 846
530 5357
1084 1069
3915 224
5411 4899
2051 858
1756 1812
631 5842
3219 5221
2494 6494
6094 5888
3143 5935
1119 6266
758 3234
5331 4139
4509 634
4693 2730
1624 4443
3546 5857
6053 5737
4167 649
6288 6406
5527 4193
3150 4922
2828 5151
360 658
3454 1119
6214 6237
1263 1626
176 1900
4992 646
568 2520
1520 4252
3090 5416
4548 1995
720 188
2045 2415
3273 2242
1300 3566
53 3995
1609 1337
4073 4696
4669 4050
2260 5901
2930 526
3896 2098
1453 5510
819 1721
1997 6208
2766 3676
3241 1564
5954 3616
2261 1772
273 298
5608 2353
2768 2567
3174 1024
3601 3914
5237 4186
518 2097
5517 1737
2893 1485
3074 5309
222 4904
364 3160
629 455
2026 130
2878 1779
3810 5548
5253 3701
3467 2335
3534 4334
3162 1297
1963 1377
955 5534
6485 4491
73 6357
3629 1444
6483 3672
1509 3071
2312 1634
1941 6083
4091 4407
2560 1370
3327 4270
3607 2477
3304 5526
1403 291
130 5452
3310 2185
2717 346
3136 3711
4808 4548
684 6036
5424 5664
3166 2495
5962 4008
4100 5723
2918 5053
2989 1123
3916 6039
4659 5389
4570 3055
4748 2260
2772 773
2708 5249
621 5051
1405 2082
4210 2087
4774 3341
1611 2664
1968 6444
891 5223
141 1764
6413 5203
5900 1353
4896 2461
644 3570
2658 5000
1484 2648
4660 6297
4910 1744
775 3957
2053 650
6101 4606
1232 3947
65 3546
3352 3904
3834 5011
6280 1228
804 400
5722 1246
1267 3185
4682 4297
3354 332
5487 3896
556 2714
789 5328
2802 3517
4339 1824
2749 5024
207 5986
5111 1833
2094 15
4598 2540
5820 3648
1075 5481
6324 1160
3831 2779
577 6074
381 4645
5462 5942
2834 387
1000 4598
6431 1491
4328 6397
4183 3375
714 6281
2359 1676
5245 412
3940 4739
6016 1439
5036 6356
877 2969
237 2359
5258 5995
1726 5917
3417 1383
2473 4098
5613 1322
985 1532
674 648
4274 555
2871 2214
3496 6060
3418 5611
6331 3723
5090 4830
5857 4845
6060 2124
3122 1157
354 6096
4545 3081
510 3627
6152 2659
2302 308
1391 5368
344 3357
2041 4561
4931 5020
910 1752
1521 2009
2389 5254
136 2785
4651 5587
2011 418
5325 1206
6183 1587
4384 5541
5194 1518
227 700
6438 6100
3686 6173
1218 3597
838 999
5576 3764
1280 5834
4938 6164
69 5458
4887 5645
1046 4126
6240 4723
2679 4656
4977 5784
1618 4744
1468 4038
6012 3212
5764 3659
2472 305
1064 597
2397 5055
1227 4998
2368 535
4359 6044
4365 2156
1970 6467
5318 3438
4186 677
5817 3459
6023 1497
2128 5233
6261 4401
5353 2231
2811 4499
2360 5980
3292 1277
3695 3522
2979 5718
2396 2983
2630 6132
4128 3533
2600 2979
390 4070
6083 3190
4870 1999
1090 5017
4533 5837
286 287
3236 590
1715 6119
3463 2935
4275 1452
3553 5564
4140 139
153 4693
4784 3103
3459 4770
3850 4294
3110 260
936 5136
1452 878
4650 4518
3158 4212
4890 4084
2965 6321
1053 5242
4714 4246
3571 4342
2905 3467
5162 1635
2709 4043
2228 4839
2666 495
6254 2382
1885 5904
3082 2751
1025 2061
4137 1295
5839 5514
1812 1582
3523 5361
1862 5235
1506 4690
6246 3455
3068 5575
5419 5444
2374 1969
220 5926
5898 1561
4802 2665
199 3629
6414 1053
896 5535
2118 3639
5250 5307
749 5605
5782 425
3632 1771
4833 47
4310 3854
6149 5252
5431 1039
1674 1962
3759 2715
57 2204
5721 411
2225 627
3207 5565
6170 1200
6296 3528
2606 5773
6158 1973
1347 1649
4919 5570
3075 674
4745 3787
4151 5618
4792 2796
5261 5790
4329 2642
1505 1466
4712 6490
6177 1930
630 5895
1584 5992
5035 1732
6085 1981
5912 1499
5135 5709
6143 4634
3544 357
4528 278
3672 4301
3176 3403
4543 6495
869 3692
5644 2621
6186 3515
3006 4569
6166 6070
1234 450
2388 3563
1419 4311
2153 1078
5271 34
4435 589
848 1954
375 3978
3511 5636
5878 1436
4423 1487
502 780
2646 6012
4552 2428
104 3891
4704 403
1778 6094
4036 2617
6284 2802
1511 2386
4169 4736
4611 6029
3296 4946
1873 1248
6361 6335
4141 5455
6458 3417
5154 6351
3905 2873
2276 2376
1553 900
3231 4256
1979 284
2639 2053
6172 1378
5172 5329
435 2923
5061 1542
2006 4593
6389 2241
5110 507
1757 771
15 4879
4900 4847
3185 1742
1318 769
490 3950
269 299
4307 1101
756 1578
4550 3742
4030 5676
6362 565
5876 6087
4357 1132
5577 5528
4556 452
3232 431
2339 2847
6128 3503
2687 2344
4380 3633
2476 1362
1606 5236
2122 992
5949 2962
2718 1004
2744 793
4165 3099
4473 2071
3600 2813
6350 1787
1107 3083
2287 5558
5840 4454
3737 325
3018 5342
3436 100
1235 3080
4277 3481
4 705
2702 230
3357 4217
746 911
3360 1458
3250 4347
1102 4473
2268 3707
5155 3165
3369 2123
3894 1661
1677 6448
4316 659
4615 3111
3938 2088
3844 4191
3380 163
1811 5284
4456 1618
6468 1560
3099 4215
5908 2883
3187 2579
426 4134
792 3754
1246 1748
2012 1117
4248 42
580 1138
5402 5174
4059 3401
5761 5132
2284 289
6088 3643
3287 422
2981 5670
1977 3781
5025 2524
5469 1642
4503 466
4510 2878
6379 1394
517 1284
5569 797
1210 3086
991 4012
4766 2783
2840 820
322 1733
2257 1770
849 296
800 5073
1445 4044
1273 3056
5620 1438
5136 1619
5582 3910
3256 5861
2579 3223
6010 4178
4853 4092
1101 5500
4735 4527
2774 4480
3439 2542
1244 2555
5200 1583
5508 3536
1003 2897
6306 5925
120 5346
5751 496
1337 1271
1014 3766
5966 3332
4980 733
5929 5705
3453 3394
1304 5625
4525 4129
736 2912
3744 560
3056 2952
2683 6433
687 749
2356 3037
4096 2551
1171 2768
3570 3169
880 3276
3223 2285
5737 3371
4249 4772
2209 1309
2173 436
6027 1694
2726 922
2135 5891
5317 2462
1648 2815
964 4314
2254 4991
4602 5559
2956 485
3854 6183
2597 6095
4622 1115
3677 3386
4577 3002
1894 4692
3163 1283
3406 5402
186 2601
6488 5067
1934 1892
5877 1844
1985 5799
4418 432
133 3774
6098 4135
284 2487
3598 5279
4332 6264
1527 1454
1548 3406
1082 4848
2729 512
1943 1611
1843 2220
3738 1099
3058 2358
4187 2876
2643 4083
29 1539
1139 2497
5461 1568
3164 3106
5864 497
2310 6233
3192 5582
583 2667
5809 2758
5371 1231
4381 169
2208 6446
393 3717
1744 116
4788 3829
597 5070
78 459
5499 1443
2069 3419
6216 1453
368 1780
4396 518
815 3897
3208 4335
3742 1727
3020 2721
3309 582
3225 4142
6015 475
3462 1656
5350 1274
3323 4218
5429 4155
4491 2578
5426 1669
6159 1989
279 4200
5448 4708
2638 4892
2685 6243
5374 430
358 800
4283 3047
4358 3906
1759 2614
3751 1750
1153 6290
5871 5792
4505 3420
3873 1908
5879 1885
5295 3215
938 253
487 5907
4518 1027
2262 4694
1335 2096
485 5004
5822 5660
1493 905
6439 4024
4480 1971
3276 2194
306 4746
5161 370
3224 3278
948 2724
312 2187
2508 4269
1345 5341
3255 3930
3853 5945
6397 4183
3420 4475
1685 6073
2272 4279
6394 5765
3032 1489
5657 514
5118 1789
5066 2521
2034 1886
652 3665
5164 2327
1091 5866
2976 3413
6249 4453
3140 583
1365 4435
41 603
6461 4500
5741 4267
738 5537
4824 4079
4736 262
2321 3491
5961 774
3290 1968
3229 4653
1517 4596
3194 1235
3307 3519
5738 2704
3348 6200
1909 958
1675 5301
2969 5832
2620 4740
5844 6372
4789 540
4046 6424
2072 1572
6041 1549
126 2888
311 6244
1623 6221
599 6349
3109 2830
1331 2618
376 5052
2980 4667
2017 4324
5973 2460
1814 1765
3062 2708
2660 1827
6340 5597
6486 2304
147 1856
3015 3265
6352 6235
4656 3263
2004 3009
2176 316
184 4170
6433 635
6034 2069
4721 6498
730 3765
3098 534
2611 1043
6278 1318
4807 806
6068 3400
4319 4022
1005 902
1751 5250
1022 1006
4222 4591
4008 4604
5266 3479
4960 302
3190 4423
5677 5432
2625 1554
2056 3837
4767 4329
3386 5729
1958 2634
5298 4785
821 2925
4561 947
2712 3393
2394 5081
6192 4857
4692 4676
1650 2250
733 6251
3746 4295
945 615
21 6262
1396 1713
5788 473
5559 5863
2557 2944
866 6162
124 1596
4780 548
1557 2748
2860 6182
5922 3218
3664 2435
4366 483
4099 4387
1334 803
3651 4125
127 5002
493 864
1009 4041
5040 2189
3014 3802
118 5210
6383 5780
6036 5646
4497 3872
3101 3064
106 4900
4632 3197
2890 420
5893 2718
2439 1919
3861 4534
80 3469
3222 1734
1193 1304
4172 5946
898 3498
1564 456
171 398
3215 1187
1384 5437
6460 1871
2134 1759
1770 5423
4229 6348
3793 3423
1881 708
811 2336
3868 4161
5543 1428
2792 5961
3251 684
6099 89
6392 2885
3410 5778
5167 5885
411 5512
2455 4383
1199 2293
4057 2764
2393 991
5267 2024
3707 559
2465 541
3200 4036
5754 4056
1328 3318
2013 605
1476 2177
1988 3816
2441 2668
2317 3569
4549 1953
1526 821
1541 811
5540 2429
624 1427
3939 377
707 122
4546 4385
6363 2398
1684 5529
5445 1124
4527 3975
1305 1623
3509 1845
4184 2401
4737 2845
5906 3121
4627 1303
960 6155
6199 622
1869 6052
1962 1022
188 3530
4181 3588
421 2190
1797 1163
2631 836
4469 761
1682 1185
2842 3020
4877 4463
4306 2145
5219 6192
2442 2040
262 735
2024 5240
6448 4581
5087 4896
452 1
1164 1468
2743 5910
5616 695
3126 6241
5698 5352
2316 2055
3443 5441
1813 3508
2544 6306
295 4685
3908 5601
1622 5783
5007 3576
6234 2933
4718 4711
6205 3101
1421 6128
2148 4637
2572 4566
4455 3412
1359 2920
5373 6115
3457 6092
6454 3565
4843 2924
4409 4156
4917 3181
4293 4236
5558 6327
1671 2731
1868 4506
4616 5230
3609 4558
4950 3688
3674 5224
5673 2437
250 5838
5932 5273
3305 670
2822 6185
1401 3623
5571 1972
5319 6017
2783 4897
2627 1516
1567 6338
2082 2493
4377 4095
1783 620
3968 1005
5347 3193
5062 1264
3 240
4438 2794
107 2202
5552 3436
908 2104
1593 5270
387 368
3029 1863
196 3152
4852 2546
4117 1751
4452 1021
2469 903
4094 204
1600 2957
5815 808
4597 482
3489 4087
614 5447
4519 4769
4834 643
5786 5623
6287 765
5086 5656
5037 6462
4376 1465
3272 3279
5687 3516
4675 5246
3913 5874
1103 2222
4854 2792
6212 3581
1369 3810
5195 2852
3769 4590
741 1025
3768 2723
469 3107
5923 3089
1897 32
6498 1813
2758 1846
2986 120
1332 4712
1352 1684
3301 2115
567 469
6257 5294
2238 3741
4864 1671
2186 3196
3072 1492
3432 6102
4075 4585
4278 6300
5765 813
5747 5858
3949 3916
1450 6363
4640 6166
3108 193
190 3961
221 5158
337 3681
753 1142
4082 1745
971 1224
2426 5996
3019 103
6315 1198
1303 1663
2668 1809
2440 5568
2354 5239
5485 5879
4741 1106
4707 1547
1616 3429
3870 4180
3840 1585
3663 2439
589 2423
1932 4555
5891 1302
3555 5147
1060 545
5759 2355
5502 1052
2269 644
6388 5215
5156 2045
4090 1137
1329 6275
1436 6242
3980 544
5016 4392
152 2501
2214 2620
4074 567
289 4717
310 2974
1134 5101
1633 453
887 5912
3841 1413
1515 6319
5669 2127
639 4559
212 2961
4813 242
6009 1838
879 74
1780 743
6233 6204
2055 4104
752 6179
6219 5379
3730 6443
4340 1136
1922 5212
1654 6452
2123 1891
3312 4689
3791 1253
6250 4068
2358 3900
1133 5487
5246 4986
3001 2980
2992 3749
3491 3292
864 6269
2457 971
2165 3621
5520 745
4420 3249
505 1105
2974 3531
3982 898
5052 2904
761 4376
5748 4277
6450 6285
5068 5749
3147 2138
1735 3924
6134 4372
5169 2080
992 2824
1364 2406
967 3358
6154 4814
2942 1541
3306 5207
6024 938
1718 3157
952 1280
4905 3270
2874 5087
5713 5544
705 5267
5564 345
6347 5602
3414 5298
3344 2155
2624 2570
5843 5464
5553 4698
2711 3466
4825 2305
2049 557
17 1292
1496 2083
5944 3677
6058 4153
268 5782
2728 679
5548 1942
3787 4346
489 2452
1621 2937
760 1708
5532 1207
6453 2523
2250 3815
2756 6485
4360 896
5649 5343
2947 4905
514 4701
2124 4197
4371 2872
5725 561
562 172
4507 6091
6492 229
3313 6104
916 3444
4731 2930
6380 6226
4685 5701
3465 5595
467 3756
3785 6008
2778 2754
3999 948
1964 945
458 2046
413 3882
3340 4187
4011 562
3326 126
2901 2747
3175 871
1290 1604
3430 6004
6051 238
2181 1699
6428 5515
3076 4587
1620 5403
3503 4576
5314 3012
424 5839
1661 4319
85 2538
540 3926
4849 2650
1172 4357
661 1916
6133 2624
5705 1396
5516 2907
6125 339
3796 2781
3542 1530
3151 3899
989 641
3757 4805
253 6390
6489 4870
1209 1379
4710 4700
5451 4160
1522 3620
6136 3378
722 5490
6344 5678
4028 4730
788 4673
2077 3389
2324 5797
1132 4096
6378 1488
3669 6334
6095 1331
930 3806
3969 4484
2348 1282
4322 4738
6054 5237
1175 5554
4337 3790
5512 2363
5572 3909
6416 222
1914 3913
3879 1017
2975 5061
347 6415
5089 3722
4413 3691
3206 4378
5630 3568
3397 3939
2222 4877
2344 4261
1322 1013
4414 5827
5996 5462
230 1525
1 1237
2833 2325
2014 3019
267 4242
3107 4997
1170 4162
4978 4296
3512 112
6248 936
6372 2726
2993 1643
534 6261
1428 1977
2798 6122
5119 4204
3914 4872
2479 144
5821 2077
5323 373
3407 5899
2436 2954
3537 5139
4356 5412
5905 4860
5818 1050
2719 3115
39 2684
3712 1894
829 1457
616 3915
4015 5930
4702 5775
4838 5381
468 2375
5663 3004
3490 6305
35 1037
5988 6307
2298 317
2470 604
604 4852
1131 4941
2932 1709
2941 4034
5240 4940
672 2029
3346 3262
1704 4788
4080 5429
1516 3977
4297 4774
1497 2827
5507 6287
1138 1874
4539 251
391 4426
1815 1032
541 6212
6449 4540
2369 4512
2280 1380
5076 3350
6202 2805
1446 3058
3051 2349
2515 2206
1098 4551
2414 3876
1068 2134
3767 1712
2568 4457
1224 511
773 1840
6462 3030
1657 1557
54 4832
6420 6216
1647 1247
768 3967
4217 899
2843 135
1741 1495
917 521
4997 5226
5215 2142
443 486
2399 3905
654 3644
3129 2153
5679 6436
1439 2989
3589 5167
2610 118
339 837
5481 2066
3331 5384
1942 5196
3789 6413
14 5791
2491 5371
1929 1616
5920 662
2891 616
2346 4949
5335 2622
2486 3078
2265 3331
3579 5566
6019 716
3888 216
2036 3342
4062 2808
6160 1714
554 1258
4609 2656
3932 5769
3024 2627
5399 5238
1560 6123
1284 6373
659 5204
2982 5552
2761 3155
1117 5445
642 2051
2019 5029
5390 5112
2092 5409
3479 3495
5303 207
3507 4562
6295 5793
4625 5657
698 5193
1245 2426
2229 2749
1346 5350
833 3407
3857 571
4125 4073
4565 304
5867 668
4536 6133
830 6218
784 309
1729 3574
3847 2139
5047 48
2335 5220
3822 1332
2517 4412
6291 912
557 2693
3226 5706
1858 4950
4399 2898
2754 6347
4619 2186
4254 2633
1663 3182
4641 5574
524 1042
396 354
2202 2049
5622 1860
3217 1537
2945 715
290 884
2456 1624
1382 1957
5117 5010
892 3022
1716 6468
5148 1463
4006 3139
3468 1914
3942 5497
5697 6202
4160 6178
2714 1131
1045 5755
4386 1092
1310 4927
6321 239
3771 2640
5436 2379
552 2590
6457 2431
836 5297
1299 5281
2387 3261
44 1214
2896 2744
2467 1902
4434 4046
602 6145
1111 3108
3198 592
2847 1019
4209 5943
5575 2594
4844 479
3389 2870
5180 1140
2144 1782
4879 3734
5851 3208
1195 6312
3263 3462
531 874
5918 1181
5773 6151
5362 3636
348 1494
5244 4264
1879 2275
5248 2765
5401 4503
5079 809
1772 784
6237 1141
409 3737
5880 2557
5121 1197
260 85
2534 1325
2052 2373
3104 1243
5065 5556
395 1612
342 1830
5849 2292
2334 3377
4678 2863
4513 6030
3921 6414
1125 6238
6452 31
4805 155
5917 5513
4002 3016
5420 2161
1294 5382
4393 1266
2282 4704
2813 6430
2537 4005
6262 5818
3084 4364
3573 2653
527 726
1230 625
526 4933
6341 2760
4134 5092
1180 3087
608 132
6499 880
3806 414
2453 6180
5142 1599
3658 6152
4865 4175
2846 3884
658 4103
2877 1657
6196 913
179 929
6286 5436
5138 5785
100 5470
5503 2446
1429 3143
4124 5460
235 5852
4990 1528
447 2482
6210 3014
2281 5683
744 5380
4993 3826
2454 3367
676 4023
1317 5386
797 3097
5702 51
5982 2663
5814 1213
6353 4368
1955 4617
5946 740
3117 1882
1469 451
2489 5753
862 5634
3152 4235
6272 2593
937 83
2351 578
4288 3349
4164 1146
2907 2630
6411 5185
1272 1853
394 5897
2197 3141
5028 2702
2468 6024
3928 5975
1432 4916
1556 5871
3416 4932
2771 4048
2867 2351
4711 3577
5903 3102
6181 4011
2070 1716
585 5364
281 3072
5755 2949
4983 5881
3504 750
6005 2287
110 203
5479 2392
5264 3256
3055 5969
3428 4080
1760 138
5636 3690
1155 6392
4553 2686
5301 2106
4402 6407
2818 3984
4347 4928
1269 687
5223 5833
5328 2581
5322 934
5743 1186
2923 4660
1655 2874
1636 1100
3391 3673
796 472
4428 3028
189 2140
2601 1509
3688 6370
1344 5214
6298 2330
4490 4608
483 5991
4204 2987
2157 5938
2991 17
5414 1000
1573 5620
3797 1288
3530 599
6091 4468
852 2269
1130 2218
2247 2504
2934 5815
3281 1785
2405 3224
5601 1951
5430 2670
2925 2266
846 2918
5232 1753
6494 2871
3959 591
4643 5424
4285 4614
837 2958
3294 3762
5011 3601
5391 1980
6084 1522
5289 176
5598 538
5171 6125
546 44
400 6258
6263 946
3721 879
5700 3541
6046 5038
114 835
3159 3422
3177 6441
5916 1265
4883 4885
1686 6360
4049 1747
6429 3465
6164 1991
4679 5358
4514 4189
5452 5685
6478 1498
1804 75
3210 86
3228 2093
5093 5847
1242 6478
168 3027
2210 1199
1974 5296
5107 426
2799 3251
6118 2635
814 1898
3576 547
6003 5952
2661 2899
5701 632
1999 2843
2775 331
4772 3068
6370 5659
2760 5316
3221 6113
1823 1912
3747 2044
5268 594
1543 5124
3474 2236
662 804
1906 20
1753 6380
5143 3993
750 5543
4892 600
5547 5962
2200 3499
3631 6231
1951 476
103 1990
4884 906
1641 1408
5418 5696
4344 4509
3563 4403
6479 5816
1292 1047
4590 2610
3783 2931
4868 2531
2619 3007
3764 4681
1127 1667
2551 842
5213 815
4882 4185
5528 5638
416 5965
5170 2348
1952 5786
4126 5463
5734 5691
3722 1688
5744 5675
3172 5318
66 2848
4256 1851
3613 4171
888 4713
4215 3845
3989 4112
5186 2408
4029 2232
1956 1614
3388 1029
612 5734
3485 5428
1408 3287
3823 2778
4617 3324
5791 5166
1194 1343
5986 6492
1953 393
1752 1135
598 5060
4981 4779
3774 1360
1137 3033
1086 3330
742 6018
5157 4113
3958 462
4058 2790
151 4420
5680 3768
2042 197
2530 2165
398 4756
5682 2829
3964 3532
2881 409
52 2956
951 678
2938 228
3213 6496
3678 5624
4951 4465
2204 1858
5393 4875
1029 3437
1649 4762
1714 4722
5621 1562
4454 701
6139 4396
3845 2091
2585 2698
3770 6042
366 4379
584 4232
5340 1330
3030 4421
2121 1398
4959 1475
1634 2729
4709 90
2973 2290
1582 2419
5563 3205
978 2941
1581 4305
2502 4963
2944 1385
4493 672
4035 1348
805 1821
1008 4442
3978 6089
3451 174
2649 6224
4038 908
2525 3858
1363 3598
299 2763
2957 4781
5785 3735
5728 5303
3987 5337
1530 4262
4461 5902
5311 3235
1767 2047
2554 1607
832 2564
4004 5446
4361 3987
771 5585
6417 747
1176 2366
5041 1263
2219 2112
2120 4920
4081 789
5315 1769
2526 606
6326 5295
5407 5972
465 1234
4022 3585
4989 6088
2159 4856
1577 4198
76 4060
1944 4478
2510 4825
4578 5821
4321 4873
5910 5869
1901 3000
1036 2877
4144 2092
5290 4094
1158 3561
4975 1046
4269 1952
4489 2688
1645 3605
1052 6160
2737 4925
935 2746
3227 3886
6021 4751
4120 2831
2972 1602
4092 342
1394 2356
5070 1601
1042 2811
5274 3035
1274 1133
4754 2254
1822 491
2764 951
2496 5093
5329 4325
407 5896
3008 4304
547 1967
1986 5311
2064 4483
1144 4862
4239 184
1745 4782
6121 4132
1279 760
3604 3592
3011 281
397 4464
2531 4516
4333 6352
6203 1862
6109 1065
6073 1598
5896 3835
4323 5417
2080 2301
335 4195
4976 2637
4494 4511
3692 5507
4558 2719
1572 1913
1354 5137
2271 467
5567 4017
3639 5767
5380 1425
4872 1448
3042 3434
637 4876
1698 2381
3596 3380
1523 3653
1961 2264
3807 2463
2382 3952
5940 4979
1776 2449
2365 4915
1239 4054
3259 3334
5297 524
3935 52
4723 3156
3755 692
6230 1490
532 1889
3618 731
4298 5820
4699 1079
5131 3998
4448 3669
1041 1431
6472 6019
1063 5172
4018 4138
1348 2274
5560 3968
2303 6245
5599 1790
5197 4549
1673 6344
4815 2162
4135 3191
2490 1740
2054 6025
5475 4240
680 1236
1411 212
606 1175
1338 121
6115 3046
4662 5979
444 1381
5064 2183
2795 37
1028 2064
1374 3148
2016 1722
6018 3719
5938 5227
2417 728
6292 269
5890 2990
3300 1298
2097 5598
1162 6188
6391 3740
1427 4822
5642 6329
2243 690
365 4158
6312 5571
385 699
6314 5546
1220 6249
5590 4373
3906 6411
3824 6186
6377 2085
475 4741
2576 2629
2216 5523
1256 5743
4782 2279
2622 5533
4087 4181
71 43
5218 3630
970 6345
1451 4552
445 4106
2412 2466
3476 2320
2306 2052
1749 2364
2887 1149
4775 2677
6471 4871
2277 3119
6404 4728
1676 381
2547 665
3516 88
6424 2129
2407 5084
4526 3699
4070 2050
651 5919
4716 3140
6150 2646
843 2722
5381 1672
5692 1007
5826 6000
839 6282
2367 2130
5099 1854
2031 293
2512 4625
3450 1639
420 2238
177 2694
2707 2329
2562 3825
5222 5747
6425 3474
1538 3697
5781 3798
5005 5360
2060 1177
4696 523
5201 2119
2447 1369
2690 5631
4956 79
5995 6157
3289 1944
3437 580
5024 623
1938 862
4942 4750
4375 2074
2290 6041
3936 997
4437 2219
4574 4445
6427 5591
5387 4381
1343 3266
3979 6207
764 5365
2090 891
5874 5019
5165 2167
5771 3488
2721 5509
2851 5873
2985 629
2111 3452
4166 1356
4645 4924
4821 3485
1846 1486
5259 2479
3816 1976
2336 5450
4007 481
2924 4797
2584 5102
5699 1227
6451 2070
3732 1080
4800 4695
3361 2543
1150 3780
4781 192
5749 3795
6106 4538
4258 6465
4793 395
5829 5878
2789 2288
6052 1020
1723 1049
3445 2385
1851 3935
1816 5418
3538 1421
131 5686
2410 84
5265 5491
656 4597
2409 4275
4544 4641
5646 5075
2206 3305
2215 759
3668 2059
2715 5299
2418 1685
1528 4955
2138 4683
5163 6445
6031 6199
161 334
1755 158
5776 1793
4024 4116
2300 4680
6244 4141
2703 5189
501 4102
1939 5814
4232 3714
1197 972
5366 1289
2207 955
617 6333
3283 941
19 3999
6300 3731
4161 4488
942 5900
2626 1828
3258 416
1764 5682
5835 1553
20 3210
2876 3746
5745 6223
345 2800
2249 1400
4394 1538
5153 2028
2236 2135
1377 1038
2170 5936
4642 4490
2132 2196
2385 2889
2043 4917
3763 1192
5789 2777
1973 5003
4063 3053
4663 3063
822 3315
3665 3881
6470 6318
2598 199
449 890
3027 4395
3781 6196
5684 3310
2497 3828
5238 3544
5428 5880
6097 4594
2258 859
3525 2613
6190 3150
6459 3118
5873 805
4050 1225
2955 1411
3396 3752
2829 618
181 5347
5337 4359
6231 454
1574 3534
5869 1223
5477 2822
1108 5868
1707 1359
5992 5883
2000 3907
26 4868
5783 1899
4199 5339
1695 1749
3875 3300
4986 6294
4733 4452
2573 6473
3040 258
4933 5324
5964 768
1213 2342
1672 1577
1072 1766
3741 6175
4182 6248
4088 4619
2309 4348
4851 4910
6107 50
3637 3259
2117 4679
1818 3942
3641 6355
4943 952
4970 3593
2185 46
3594 385
5370 3851
5231 4244
3237 231
3168 569
3832 4310
925 1897
2314 4177
695 2226
2500 542
3753 6273
1946 4912
5727 390
4777 4226
3274 4826
2475 2820
6369 5216
6290 3483
3972 1358
2587 5405
890 4651
132 2089
4060 5997
1554 4438
4334 1184
816 1481
1701 2861
2971 6114
3683 3745
5800 638
2009 2470
6075 4409
867 558
5950 613
2199 2756
1551 4072
2518 2994
2320 2864
2259 128
1264 801
5242 4258
5674 4343
2746 4057
210 1517
4107 551
2099 6412
4719 5122
1537 359
5735 3908
2921 2862
3000 6463
3863 5257
1397 4315
4593 698
4538 676
895 4431
715 5864
1743 5378
6096 1093
1057 1662
3660 3823
2437 2512
1079 3026
5580 5576
581 5088
2596 189
4654 3398
5501 2880
2237 2652
2618 3974
4498 3039
5868 1276
6001 3657
5409 1700
3766 3161
5872 2556
3017 826
4995 3391
278 5198
1978 2312
84 3587
5147 4272
2603 1372
1151 3280
4383 2494
4846 5049
5729 2383
313 1433
4065 3615
4397 2938
2244 2818
3070 1546
509 6418
4005 3464
702 4184
2096 5496
3494 4174
6320 1627
1612 249
2234 3025
154 3827
1877 6409
5892 1067
988 5258
649 1556
252 5562
1478 6476
3009 3867
2366 6396
539 4669
5825 225
901 6404
1444 408
3347 671
6135 4675
3566 3174
2960 6466
3597 5955
3837 5860
2372 5586
5615 5439
2139 2065
3246 1342
3608 2465
2146 4298
2253 6169
2863 6011
729 3008
1285 4237
2087 1363
1870 4550
3786 4149
5579 1296
506 5394
2984 3755
2713 719
4762 1762
3897 2333
3765 1321
1907 1222
5671 4316
79 5007
1289 6214
292 1126
5029 4460
6090 1859
5763 2475
2112 4449
3900 1097
5408 1819
6057 2239
4803 2586
4412 702
3645 1637
593 3729
4411 1066
5464 5731
4795 5561
5313 3540
1376 3376
1856 3408
5561 6112
913 5219
3261 1680
3202 4787
224 3521
5088 4937
63 3693
2650 763
5095 3093
6281 1941
333 3188
6332 617
3477 5251
4252 5083
6175 1073
1990 4863
4569 5745
1893 3813
6406 611
2864 5457
4875 297
1026 2483
1795 2459
67 3803
868 5804
288 5928
618 1924
4354 3447
3740 2707
3638 1169
300 3885
5004 446
404 4411
4826 3296
4349 6085
4671 5291
4479 5304
3752 5626
2109 1261
2373 5359
4991 5408
3435 1675
3690 1183
1800 4466
5683 2814
2252 3384
122 3132
5415 5974
5103 419
5338 6138
5587 738
5210 4853
3513 4553
1481 825
6156 5045
979 656
5647 1540
5760 1878
4136 6309
6029 921
994 1872
4937 1861
3911 4100
1316 4045
242 4352
2745 4716
1243 3228
6482 3144
4196 2643
3502 1129
4566 1327
51 3800
2371 3308
6162 1354
4303 3294
194 4429
5803 6316
1746 3314
2480 614
3128 3171
3434 4122
446 2966
1642 146
340 741
5468 5655
5152 1299
1599 5524
2912 1426
6242 5504
5017 2943
3702 5205
2963 1873
5831 5748
5678 6458
4407 211
5091 1798
5360 3751
6432 4867
297 781
5092 1260
6285 4292
2172 365
5159 4052
2580 3976
4127 1072
5349 2341
4973 4290
622 3902
4335 1865
4301 2717
2079 4441
1651 4592
1402 5806
3319 1174
1590 4521
543 5959
4638 4286
259 4999
1542 438
5542 5478
3820 1084
5055 2331
5463 4939
1768 2916
6400 522
3679 5387
97 2675
5544 1647
2125 3716
6038 3658
5897 3492
1921 5338
1058 2997
3944 401
3181 4356
2075 3750
3930 1644
1030 73
2018 6120
95 3418
1393 2875
5796 168
6456 5094
2885 2836
3012 3786
3199 5608
4336 4128
5769 2537
1136 1320
3848 6350
1475 5434
5915 6124
1047 5400
1233 3535
3591 2828
4326 3203
5260 5710
2824 433
2605 3217
5805 3861
4267 5903
2266 1313
5292 3652
2175 1905
4726 5363
6409 6111
6303 4486
3860 5628
4764 5065
3825 1272
2378 3917
1691 4658
3401 3846
470 2371
206 4190
42 6086
1519 4532
827 5037
842 1508
1827 3446
3887 3632
173 2626
5063 1922
5034 3414
2466 5840
2361 4479
5991 4878
6050 1569
5886 6417
1803 54
1976 3382
454 5578
3749 1956
3521 1689
2162 4448
3943 1389
3044 2533
5404 1982
2738 1166
3543 4380
1069 4176
362 956
3758 3864
3405 795
5275 4063
4987 4459
1203 5754
4449 2661
2142 6260
3929 2559
1784 6054
1097 3679
3441 4843
1140 3834
3160 6271
2637 292
3698 990
4032 3965
5525 1504
574 4014
5476 5486
6013 1906
3073 6129
4652 3443
5228 352
4014 5474
1149 4375
2994 1503
2590 1071
3247 4003
4791 2893
4778 2388
1251 2970
928 4886
2884 4322
3813 2741
5333 5594
3602 4536
2449 194
4157 1507
363 6402
4773 4230
3368 4546
3593 2513
377 1473
2850 5813
4631 867
5887 5202
3876 3448
3621 4623
4927 1205
2582 5981
4464 392
5074 3671
4201 1449
2575 5894
226 2216
2509 519
48 609
6008 5331
6224 3736
3630 969
1201 484
681 2886
318 3127
2959 5720
1796 6393
6330 5433
1081 5305
5968 1382
2693 2960
4318 5231
302 1818
633 2853
3775 5188
1826 2611
6276 2516
1923 2705
969 6154
623 3712
6232 5843
324 1784
3475 3619
6104 6228
3548 6190
688 154
1570 1620
3877 2018
5545 5603
2278 5772
795 2403
5967 3298
4920 5163
956 5590
3065 109
4768 2982
3950 4575
923 1593
2337 1834
719 3895
2553 1974
5203 3325
739 389
904 5277
5801 1018
5178 6328
6310 1103
576 1434
4891 2632
553 6165
27 2539
5400 1904
228 1523
1680 5865
4305 1814
4500 2786
1459 3130
1848 6323
740 5801
3355 3257
2816 6197
1219 3409
2536 2810
5208 2476
187 4542
1638 2023
3277 1496
3962 235
564 2548
538 4318
1913 4563
219 1361
572 5459
3142 3799
3393 2391
3606 4097
5627 2804
28 5948
4175 2541
1510 6405
5425 3365
1044 4973
3519 5190
5519 854
2946 322
4287 829
1625 796
961 4554
3349 3818
479 787
3266 4761
4626 3966
4052 5614
1502 3289
4885 3094
4132 5573
2669 4841
4093 4227
3640 1188
2384 4169
4809 4838
455 1113
3452 2263
6020 5916
265 2246
1094 2296
6359 5375
5500 2685
5306 639
499 434
2731 5014
4734 2669
2061 2309
1785 4966
759 4951
1824 6028
2106 5887
3992 2105
5533 1387
735 2352
3531 2271
1472 2500
4083 2180
709 3537
3308 5187
3734 3771
264 3445
6269 2291
6327 2743
5001 2235
5125 5182
2295 1570
5875 3647
5952 3105
1434 5461
2710 1808
5345 5170
5406 464
1116 595
3079 2900
1763 5310
4935 4948
1555 5144
3242 3258
1592 4027
2273 6342
2987 6031
4302 3059
427 3713
782 2597
1915 160
2607 6194
119 3195
5071 1040
2095 791
5236 1480
3667 1365
4523 1717
1849 3201
3994 4732
4023 1781
2716 1312
2474 5397
431 664
2545 4783
3694 5779
2680 4710
1488 1729
2527 1500
1758 3082
1926 1636
953 4880
763 5068
1409 4629
3684 4603
1238 133
156 2297
834 3198
3047 661
5640 4367
4387 2563
6157 2451
1670 105
1710 935
3649 4626
159 4117
2786 1023
4374 1083
5031 5927
2903 1016
1019 4065
6386 5756
806 6163
1603 2456
3529 2442
3316 2474
4076 285
1387 3753
4912 2909
4573 4000
2110 4556
1282 2712
90 4013
2030 5058
2565 5245
3049 3664
3582 5109
3910 1145
6105 525
5985 6005
4926 175
954 2575
8 1350
1464 927
4264 2488
943 5828
4451 2192
861 2529
628 151
5084 2986
2 3706
2962 11
4444 4327
5593 3960
2057 621
2593 5752
2232 2012
4618 5128
3066 2584
3685 4844
5174 1646
968 3470
4586 3941
6209 5292
5332 1799
1777 5468
566 4093
1569 443
406 388
4847 1349
4850 5698
436 5978
5792 713
2542 6477
5681 5300
949 3997
3103 4802
2559 1730
2408 396
5334 953
525 5413
6217 1290
5981 4253
4143 4865
1839 2259
2664 3545
872 67
6132 2604
5885 3972
3648 2411
3881 4666
2817 3624
5376 2056
1580 2215
1055 2945
4683 1679
2586 966
6393 1170
4131 3511
5000 5727
512 4472
2966 5653
200 6440
2953 5920
996 828
6168 5668
6402 5218
1462 3614
2700 245
6337 5725
4761 4705
1182 2773
2612 2605
4468 5811
4031 6280
4163 2133
607 5391
4089 1879
966 266
4923 5922
5911 3870
5392 1603
3338 6371
1248 4531
6188 99
1216 950
4724 4268
778 4799
5810 3763
747 3457
3772 2294
6323 4778
5057 4469
5168 3938
573 1947
1048 1691
5856 1855
105 3578
3846 543
3510 3136
503 167
2809 1936
5247 3487
3337 4137
5336 5697
2931 406
1430 2882
551 3769
3167 3509
3788 4806
2948 4336
809 5306
5226 80
2196 2261
24 3041
3705 4291
944 4362
2048 4684
2561 2298
303 5746
182 1884
683 16
4098 190
5211 3973
2577 5275
392 1089
818 572
6465 4091
6174 2337
1157 2720
609 4203
1850 2798
1499 3698
4447 4621
4535 1674
724 3874
3993 5957
5372 3856
3991 4894
101 6232
1935 4163
5936 983
2908 2774
4673 4909
4443 6296
2800 3369
5263 4495
5612 1257
4585 2761
5556 6205
3201 1306
5449 1559
4595 5323
4898 2549
2937 5808
1912 4398
569 3958
3248 624
5691 1831
1228 6394
4223 574
5902 1633
2402 5681
5901 5937
1861 1725
2653 4574
5276 5669
330 2784
1930 1335
2899 2651
2723 5213
3927 5845
5124 350
2859 6317
3662 3260
1033 3981
5094 1420
6127 1366
4103 4719
258 4794
6346 4733
1889 1011
5478 2803
6138 76
1991 1407
4952 5944
2686 1801
1281 2856
4431 5140
4647 3892
1733 1726
745 3953
1787 895
3520 3255
4999 1945
2977 463
369 1816
2424 2837
4776 1586
3343 4638
533 3304
5467 4960
1115 4642
5909 1483
4947 4702
6081 3273
4439 3728
2803 180
2929 2496
840 4250
3636 2509
1540 3869
2461 4263
3610 5192
484 6201
2398 3710
1261 5229
828 3757
4636 6359
4911 2099
1524 111
3054 4150
1258 1609
4145 3792
3359 5713
718 12
2636 3656
1747 1328
4009 5712
3584 3840
1018 3230
3815 3129
3827 5776
1399 1955
4547 2086
2882 5788
1724 897
323 3348
472 2489
6185 5314
2673 1059
329 4697
1994 752
2158 3096
5296 2168
1087 295
3535 465
61 4649
1015 1012
2604 6365
2478 2561
6279 4410
4078 6384
5434 5090
3826 1048
2706 3564
1123 4978
3052 5107
4968 2182
6274 1300
1841 4209
6187 2975
2961 568
4242 585
4102 5466
2379 157
5998 1800
6396 4432
1722 1825
3743 6354
799 6387
3852 4308
4202 3986
5369 5184
3298 776
2452 1395
1426 4223
6184 2676
857 2922
5933 6337
765 244
1266 3494
6193 1139
1371 509
5413 2469
1271 3962
4922 4796
3918 3065
3829 2908
2539 3192
4664 2421
3642 3782
5202 2313
4158 6093
5554 3678
1583 474
150 3225
4276 3189
5309 5648
2670 4821
4674 4699
1766 6486
3545 2854
6078 4631
64 348
1982 6279
2648 4883
1425 4089
4363 5135
1558 3149
2886 6460
3362 724
94 5520
2762 697
4515 4661
415 2126
1867 4313
2832 6489
4219 1179
2570 3154
5361 5704
440 3708
3539 435
1236 1817
6119 3343
6223 688
3884 5826
5830 3809
5367 3360
6151 1156
3028 5898
1854 660
4701 3345
2681 4520
3727 6291
331 5289
1380 4931
5514 2776
529 4351
165 5531
1486 3582
1183 2455
6405 6230
2241 4076
3373 4199
1067 2532
5474 2569
640 933
2674 1112
803 442
4292 5348
657 1419
1437 1501
5823 4969
4459 1978
3332 1074
2391 2932
3409 5536
143 2964
4477 1645
5043 1895
5129 2981
3680 5724
3533 4582
3995 2252
1539 1275
1126 5796
5884 6472
701 6047
515 6383
5060 4259
1694 748
1653 1883
2635 2839
2532 3863
2058 6147
3941 657
1302 3724
4243 6493
6112 3338
793 2324
3953 5607
5109 5761
2329 318
1708 6189
4697 1791
5116 5454
1240 2015
1720 1161
160 440
4017 3849
6289 61
2504 5282
2035 2136
4021 2454
5198 3983
1056 1526
6102 4972
2288 2619
1050 637
1231 1613
