6000 7500
4241 947
458 1478
650 3692
1953 660
2852 255
5724 2924
2368 3523
5644 3437
1900 5422
5635 5322
335 4013
3683 2621
1342 3031
4192 2475
5352 3038
2679 3016
1753 3727
2714 3786
3634 384
1558 1434
5809 3813
3544 5119
1049 2945
2680 1921
132 1189
5870 2064
4255 5172
2682 1507
2146 5039
77 4944
290 2729
1131 3194
53 1769
4138 1130
3842 81
759 4559
2866 4348
2660 1936
969 5702
419 156
3780 2512
5972 4839
1681 5949
2605 3740
716 5621
2729 3617
340 1204
1625 5789
3093 5850
5587 3657
1672 5150
5710 2247
3971 3912
2749 5909
2842 5779
1991 597
4195 4586
1936 3870
2003 5942
2598 816
2579 996
144 3261
4898 2499
5274 361
2839 4211
5286 1184
3330 5008
5148 779
1347 2285
2333 4420
5783 3759
981 976
1101 3743
4458 1854
5974 5361
1824 932
2573 2316
1871 5978
3878 2676
1150 3677
2241 5040
5255 5616
2622 3622
3764 3724
476 1431
251 5257
3117 1655
1190 1395
1707 2978
3350 5018
1006 2904
1440 3413
5919 3685
1460 946
4475 2408
3098 133
2325 3070
3482 1486
4873 4375
5643 1804
3742 5167
3515 4712
3917 43
2148 5176
5201 4803
5544 2885
2580 3461
5816 290
4906 4953
3547 3508
1165 2630
5540 2028
5164 1788
4768 799
1314 3717
5145 5045
4133 1345
1345 1866
5425 3582
3710 5137
4378 2368
5390 2506
5669 3188
4795 3104
1752 2254
894 5744
2537 2851
198 327
1662 97
361 5602
431 1980
5842 2832
2765 4547
2178 5034
2040 775
2834 2773
892 4510
4035 616
1563 2604
5591 1240
832 4895
2324 2205
1977 1706
4149 4183
5529 1856
120 4220
2039 1632
1924 2215
2844 4628
3011 5810
3075 4090
2248 4541
1052 313
1878 1162
125 1279
3334 5549
438 2628
1176 1326
5575 2271
1364 3006
3348 2239
2035 258
3104 5065
3499 476
5515 1793
99 3731
1199 665
5717 3979
5091 4866
4846 5659
3141 4444
4531 2982
4091 2095
3959 1146
789 3410
5197 4026
4981 3761
20 2073
1887 3866
523 984
5252 918
1308 519
1805 5554
3902 3842
2786 2598
1212 1424
5432 2639
1375 2985
1151 5272
4285 4830
2289 5876
5991 4792
2249 2503
1113 4445
1803 5206
4410 4904
2452 1620
1354 992
1703 550
3867 4917
3912 4144
746 2951
3845 3675
3386 1778
2740 5535
2351 3821
3258 5958
4585 116
4756 4056
5572 843
4946 586
5578 5271
2162 3048
4157 3152
1631 560
3800 2096
3685 598
5674 295
2226 3663
4030 5374
1367 3483
5004 2791
2982 2449
1813 4247
4668 633
289 1542
3645 2153
2782 4890
5620 3802
604 3385
1508 3494
1257 3916
4454 973
3480 149
404 3196
4260 2380
5772 5956
3663 1122
4487 3144
4205 4470
2763 2974
1096 165
672 4039
5177 2123
1474 2261
29 5826
878 175
1319 1792
2347 4265
5035 4313
2087 1930
4012 995
3332 262
3982 5597
5190 3794
5086 1285
2850 573
5677 623
5151 2104
1434 2967
190 3329
3732 1841
4369 5010
5928 803
3745 3420
4472 3337
164 3862
865 2442
921 3137
2992 2732
5689 2812
2290 3448
5409 654
183 2694
4565 1320
748 4324
3210 5357
681 5112
5419 171
1910 2341
2646 1759
706 4271
1365 4627
2596 5550
3817 3412
3214 3679
5417 1548
2042 4099
5828 2842
3042 2686
5978 528
3766 5906
846 3559
3327 4649
2752 1273
2899 1335
4529 5327
3013 4857
166 2511
5014 3087
2668 1489
1842 4528
1578 1673
2476 5480
4834 5465
845 5954
2445 2552
1312 5057
3886 453
5108 5657
1841 3320
780 5885
2473 1836
2872 69
5556 4336
5563 3415
3921 5291
3040 498
2403 3949
2927 1287
2934 890
1497 1
3009 1181
1921 2165
2949 4485
153 4802
2315 1407
948 4690
5902 1810
888 1154
1782 5863
3261 3985
1983 2467
1400 5601
379 5612
501 2013
1322 4723
5088 1550
3762 170
2766 1919
5899 3207
3620 4359
701 4584
452 4841
5115 743
3826 5366
4902 3383
3410 5457
1493 2616
3562 5403
4489 2679
4470 2383
5874 3445
1648 1688
3913 3911
1884 2931
3451 3446
5927 566
2273 513
4074 4750
4383 5786
4580 5416
2407 4875
3777 232
1795 658
3623 1141
943 5425
3532 138
2135 214
1504 2565
2026 3517
5450 5429
3336 4048
5053 5641
5937 5265
5659 5266
3684 1975
4656 4416
5548 389
2952 4400
1064 610
23 5688
3131 909
1276 5146
2578 3234
3176 5388
4579 631
4989 1484
423 2925
643 796
3276 139
4340 3102
4600 2526
3441 4601
2198 1575
3459 2615
3691 1284
3543 4453
3305 5581
3426 2343
3130 2822
3899 3503
4152 1842
2941 339
2350 1106
1718 4476
2383 3680
5823 3818
1244 316
1615 3718
5656 4260
835 5729
4738 1257
4295 4686
288 5473
2058 1059
577 3781
5924 5653
5957 4843
4099 3190
1159 2454
5715 2361
5372 3365
2382 4585
3734 2005
3689 3052
637 970
3596 4198
4252 3967
3380 2911
1350 4360
1488 3982
4028 2124
5825 5629
3876 1517
213 2724
1018 4138
1269 1410
1141 1298
3665 2703
1125 3060
5199 4571
4592 3565
3522 2430
4758 2092
782 4770
5498 5195
5062 5923
1381 867
3151 3875
1479 1231
5545 3569
4562 416
5214 2136
3721 847
2385 1072
4961 2800
985 1985
4752 5582
1301 2757
4853 1198
3763 3151
3185 5193
1324 3423
2645 4051
1014 5994
3294 1551
2187 3372
5203 3029
326 5405
89 2825
2731 5490
1760 2750
4457 2680
4158 3755
2853 5215
4560 1534
694 939
4386 2255
2059 1513
4279 5483
219 5369
62 1397
1856 1429
4013 1004
4430 3475
4449 5734
567 5794
2281 3629
5260 4031
2020 4848
5739 4617
3321 2018
3024 459
64 2930
3445 2088
2245 85
4857 485
3748 1323
4685 2553
2312 3028
2176 4629
4638 2994
4398 659
1295 4187
478 1432
1499 5324
92 4385
3624 2543
3954 883
5462 2471
2191 1719
5741 3130
3678 652
3612 956
1192 3109
4100 1164
5311 721
3164 1741
4627 1898
4947 1497
3396 1412
2418 243
3088 1494
3239 3730
3246 2949
2894 4896
5412 3826
1417 3896
4809 5504
827 5363
3368 2453
5230 4020
5531 4264
4281 508
357 5650
4408 1656
4559 1527
2812 1874
463 564
3819 530
12 1471
4297 4530
2192 2306
3048 4970
5738 1511
481 126
3277 430
5427 90
4125 4909
1574 4869
3881 1553
5277 4434
1734 3107
4462 859
4856 5568
4546 5555
3656 5477
1948 3497
3997 2637
4508 941
2255 776
1348 1830
4352 2244
2583 3935
2855 2345
1385 3953
2160 2831
537 2493
4393 3748
588 5320
3358 4304
490 3182
2232 3080
4701 164
2931 2865
3855 5447
2594 3243
4424 4603
1267 3082
4002 3086
4879 5911
3657 3882
1988 532
4511 4684
3753 4199
1984 343
1917 1252
3552 3183
4670 1302
4547 4522
2918 2004
4748 2103
1943 1223
5461 8
2520 2796
4916 4872
4425 3425
4400 2780
5934 5160
4810 1994
3538 4932
366 2075
1202 162
4224 68
5457 4901
2147 2570
5319 3142
3395 5711
1806 2438
5104 5525
503 2455
4820 4920
3514 3041
2657 4217
4504 3604
2873 1674
2015 187
2735 5476
5933 2390
5192 4957
3105 5258
3785 5837
840 4162
868 1931
4186 387
2077 287
5959 3458
1093 5251
3343 4418
1279 1684
2879 5292
5696 3162
1477 4950
792 3024
1931 5224
5703 2575
255 787
2091 2021
5624 5108
5052 4793
737 3223
3527 2135
4732 5472
2507 4622
3518 3090
3706 27
3200 738
1353 4130
3467 331
1284 3827
5055 2119
5074 5433
1137 1121
2827 5834
1911 998
1447 1938
2151 1419
4962 3700
2699 3707
108 1879
1602 3311
5005 2622
649 5245
4586 2733
5736 2081
1496 1963
990 3293
123 2219
1133 2397
4268 2675
4005 1301
5375 1819
2727 3877
583 4156
5280 1799
3307 3454
4899 841
1037 5947
552 61
1737 838
3631 2196
4258 2993
607 649
805 1617
4622 4786
3244 2351
65 2250
740 1757
3873 500
3539 2617
839 5283
3615 3968
1669 3989
3669 5455
600 3439
36 4001
2986 4134
2639 3814
3248 4569
2470 4620
1985 1809
5864 1485
2780 3635
546 711
2762 2233
3783 1917
3159 4551
3133 2287
1867 2167
3529 3328
2025 2955
4703 4059
520 1901
2112 5521
5786 4483
4903 499
1047 3004
4710 161
204 930
2413 486
0 2837
4658 1592
1652 4858
781 1912
4774 5321
2803 1105
1278 260
3528 2807
4870 3734
4842 3185
5270 1255
5914 3900
1897 4731
1657 1822
688 121
2572 5155
2698 647
2929 3797
1376 1420
3827 4758
3934 1430
2292 5696
2233 4845
148 2263
2145 2888
3112 3209
741 5743
4278 1317
4608 125
756 1727
5250 4354
1710 5915
5543 4422
3724 3856
2723 3760
1057 865
5886 1890
1221 5038
211 2328
2199 4252
4501 2460
1749 3646
5945 3453
1678 4350
5413 2943
4674 3378
3272 3820
5532 2011
3625 417
4058 2202
4493 1084
5017 2700
5888 3239
5294 2928
2283 1779
5341 5391
633 1477
3361 4789
5135 1316
5085 495
4019 5754
322 2510
2405 4630
5357 2988
3705 4619
3859 2644
4513 3652
223 3832
663 780
1519 4987
2867 1137
128 2872
2743 3714
5535 4536
3301 3928
2339 5252
1389 1200
3670 3225
4545 5488
2636 3972
660 4062
1915 1504
5232 4680
1369 4398
788 3236
1310 2458
1546 1196
1765 4407
578 5228
1066 3088
1157 5014
1630 703
843 4922
2169 3380
3051 5509
4394 1851
2328 4259
3993 5497
5278 1352
3177 1015
5333 2939
2477 2969
2210 851
5110 4205
139 355
2484 2176
1007 5043
3140 4645
821 369
1442 4177
441 4811
2069 5489
4750 4787
3427 3295
73 4278
40 948
1956 281
3311 2847
2177 854
4968 3745
1036 4255
3975 4657
4365 5694
5447 5282
3756 2640
4666 876
5251 1585
2173 4296
2532 672
1501 217
294 3408
1198 1647
3267 4501
3865 2611
3314 1264
5223 736
2725 5210
642 1704
5639 4478
173 1413
3295 5664
263 3169
2349 4338
4723 2516
3848 2008
594 2648
3186 1807
5524 5081
3924 3774
4003 3631
4713 1340
444 4087
2823 1692
2802 5089
2441 2109
1513 2162
5245 2577
2756 5812
5345 5389
5078 572
656 3634
1879 432
2331 874
1523 5707
90 4066
5259 541
3118 1857
4506 4106
2465 1071
3399 5774
5612 1019
5198 274
4421 5356
654 4335
4490 3975
2431 5107
3446 2294
1223 708
803 3996
5084 488
5167 1134
5153 4231
5296 1472
1571 884
4411 1813
117 757
4739 5526
2937 2991
5307 1666
3883 2556
15 5640
5475 3292
5769 1541
4069 3515
4466 3474
2184 2752
5704 1808
1926 4209
1429 4847
2093 689
2258 542
2197 4564
3837 1815
4830 4975
1907 3287
993 5993
2603 3541
2737 4009
5948 2069
5623 391
3986 1740
202 5241
2321 2091
3566 3318
4574 4149
3250 1016
22 718
4858 2677
1242 2921
4132 234
2696 5113
3510 3469
3023 1462
1021 951
2508 1561
248 3452
1507 719
2631 4238
1097 3221
4072 2166
2387 4132
750 4281
4007 3434
3906 5264
2993 869
5477 1658
1032 4860
3000 2427
4065 3710
2041 5092
2652 5737
1539 1101
5350 1305
3653 4959
5063 3447
5397 4068
4000 5869
1520 2497
2397 3850
1068 4964
4239 4417
3941 4876
3045 5066
999 3771
2678 5353
1939 1505
5099 934
1129 296
4048 5562
5568 710
1979 4145
2828 2240
1720 4426
3212 5441
5264 5989
5416 1112
5493 2313
4845 680
1676 3904
3447 2972
1355 5249
1930 1479
4555 3309
521 5607
711 4609
674 5002
809 42
2031 3902
5388 1988
84 2486
614 2480
333 5423
5 2446
1360 3358
306 4925
3650 4540
1651 648
2082 3338
5401 593
318 2619
3557 5596
4572 5528
4502 621
1694 78
5592 831
5513 24
989 3741
5072 1578
238 4126
2534 3040
3874 758
1175 577
632 5775
3328 15
159 5777
457 1025
728 2871
4960 2391
2411 5896
5066 2364
1194 1862
988 693
3132 1881
1293 199
1042 3762
3892 3807
1716 1567
1695 2647
820 2529
5537 5496
726 1033
498 5349
227 726
5165 1364
5092 5907
5010 1972
1937 5818
3173 4176
485 4262
4614 2353
668 2612
3085 4105
5371 1267
240 405
5267 1385
5305 4114
2797 2627
3506 335
3059 241
5146 2899
4865 270
113 4867
1995 4949
1297 5533
3091 203
5064 5930
3910 4207
10 3910
2621 2971
3226 3642
3125 2270
1923 5132
3415 1332
2185 493
5539 2148
315 1801
1584 4363
3206 1665
3773 207
4444 1690
4930 5839
702 1781
1516 5881
4901 3605
1817 888
3126 962
762 2000
1320 1814
158 4397
2355 1392
1640 1995
1420 675
1709 1987
3054 2049
3708 440
5961 4527
5675 2605
373 2717
4791 3510
3155 5005
2807 4980
2083 5538
4354 4656
1121 2708
1684 1404
779 4662
127 2108
4056 5207
2272 5986
1249 836
718 3713
1600 2410
4920 2983
2584 4525
5645 103
2478 3097
1974 3817
3420 4644
1686 1246
2781 5718
729 5946
677 2387
3079 590
2826 2235
4406 5829
225 1861
1277 3486
2372 5202
2511 4339
5266 2470
4361 3490
43 2027
1643 479
2704 1543
900 128
5680 5097
1143 1926
3219 3998
2996 2423
1156 4040
855 5981
140 4916
575 4715
4388 5624
2830 4103
1352 3157
1205 2738
421 46
5290 3201
1028 5931
2917 5646
3114 5674
5213 4477
5127 305
130 5868
5303 383
4712 1850
5349 3835
3184 4277
4063 966
3252 4940
391 5219
449 3632
5015 614
2771 4990
3220 1886
4650 2894
381 2260
4527 4306
5081 3711
1994 5024
3231 3282
4481 397
4706 2816
2029 4297
5590 2583
2567 4157
2640 4288
5885 1993
2541 130
5420 1057
5798 2587
5609 5390
1213 2440
5045 2940
226 4918
5986 1328
774 388
2819 985
400 5428
3991 5620
5272 3673
4553 2990
4779 4147
5067 89
4917 2484
5629 2025
2171 5879
5168 184
5444 1399
2651 4533
2521 3079
3587 674
1019 1336
433 3269
3495 1509
1812 565
971 2395
3338 1991
1596 2709
5932 4184
1397 21
4247 4864
5789 4073
727 1582
1927 1573
2539 1058
4695 2875
4786 4873
5383 5311
1610 2280
1611 4998
5241 5027
1215 583
1797 4317
5059 5970
3364 4392
3296 1496
2769 4979
1473 3017
5180 127
3618 4521
5534 2437
2444 2388
3890 4083
305 484
5723 4886
4471 546
5970 3123
4169 2016
3228 1304
2075 303
2466 5630
1266 601
3974 3215
842 2496
2215 1913
1687 4638
3390 1929
3203 2050
3526 3462
2150 3008
5595 5559
4227 1376
5597 1046
1449 819
4557 1487
4174 3067
2778 4228
3346 5835
4106 4172
5737 4165
5817 5421
5889 3511
3823 1892
2009 178
1220 3701
3713 5865
1588 4544
2913 5054
2672 4008
919 4107
794 3011
3417 3214
5124 5962
4189 1254
548 3611
913 456
2988 4658
786 5589
4755 2592
5856 2722
3066 4835
1771 2652
2380 40
4417 599
1746 3950
1616 266
1316 3431
3324 2089
2046 1549
1706 2523
5949 4945
336 2790
3559 2599
4088 1450
507 963
1382 2520
54 4017
2062 3822
2629 4498
5478 5019
1727 2151
1154 3414
4053 1145
3907 5880
2379 5938
3909 1188
209 3353
2051 4772
2010 1113
3736 5267
2425 1797
71 2698
1514 4698
4374 2995
5133 1001
906 1022
4839 3089
5315 1216
5346 4191
5212 3660
743 1645
5402 5151
3962 4410
1981 4664
3474 114
5337 1884
925 2779
5884 1152
4934 284
2892 3300
2157 540
88 472
4206 3857
4850 4942
3948 1075
4446 4948
5577 785
2499 3065
4435 4143
206 2184
1750 1978
4931 2246
5218 1954
3643 3526
528 2683
5882 4899
4807 4613
4925 931
5538 594
495 3706
1666 5419
4046 480
3588 1451
422 3211
1575 4636
850 1933
1549 1160
773 5307
5182 2105
3836 2293
3487 4504
732 5686
4083 2320
5858 3409
3230 230
2586 1220
4948 2491
487 144
5881 3558
4730 2606
1868 5220
1384 2144
2606 4832
2323 4146
4867 570
3156 96
2666 3042
1655 4615
3593 2139
3608 5432
2818 3226
266 4589
2175 3297
565 3539
612 3164
4604 434
2817 2853
2427 3393
1426 2881
1896 5918
4055 173
4494 555
1799 1847
5750 5334
2066 518
3507 4140
3253 328
966 5209
1201 4927
192 4747
3950 3847
2675 3974
1918 5000
5407 3273
834 1229
1903 3377
1557 3667
1298 1388
4596 5048
664 5883
2505 2131
415 2425
1723 3362
1562 5186
3935 3148
5921 5083
5640 954
5605 4128
2569 5438
5090 1469
2370 3077
3150 3264
5326 2927
720 1825
5087 2426
721 3384
5571 5894
3758 4372
467 3530
4790 2504
3810 1710
573 4878
5779 1044
3929 1833
1425 467
1577 1738
2201 501
1997 4926
2624 5540
961 1282
3622 944
1466 5928
4992 1990
2531 3924
4641 5747
3914 2959
2530 5684
1999 2291
4135 3739
2987 3867
4480 1308
281 1331
3712 5179
5374 2861
5517 2558
5509 312
2018 4788
4653 5807
232 3554
3202 3143
3433 959
4929 3606
3092 3894
1290 4293
5726 1565
942 782
960 1907
473 5648
3068 768
2381 5587
5262 1840
1053 2782
2577 482
4889 2015
2207 4378
4995 2251
5681 2241
5925 1362
508 5988
3844 5798
4588 1555
4443 4751
382 1338
427 3302
3392 5613
1069 3322
3541 2384
3648 4153
4447 5628
3784 202
5608 5726
4589 1205
3857 5461
3699 2789
2809 503
1801 2906
447 4240
4438 302
2921 5340
733 5764
831 535
5056 581
3877 1021
2203 696
710 5420
2021 5059
2588 2090
3501 5821
5254 420
1654 5639
828 4923
1437 5467
4259 3938
3187 3978
3377 1547
4223 351
228 4358
3556 607
5820 4196
872 5605
2103 7
270 5817
5283 2588
1691 2514
413 5393
5805 3178
1515 2498
3389 3053
3609 4887
4699 5275
2134 2883
1692 729
2851 1073
3807 4346
80 3388
603 3025
3554 59
939 950
1733 359
5361 2451
4401 5229
1954 5424
1288 4268
863 3561
5128 5804
2734 4124
3256 3534
5102 4093
2206 4312
3198 587
5527 2231
1056 271
1091 4440
1046 224
992 1693
75 2792
3003 2747
3393 1452
3383 1957
3524 4151
3299 5469
2278 3506
866 3840
5951 4226
1796 3951
2979 5996
1306 3467
3232 1171
2435 3824
2514 1735
2378 5222
804 3992
2504 3021
5347 5886
5012 1832
5913 4633
4570 2211
2859 4489
2294 2513
2943 5288
707 2557
185 1068
37 1795
5637 5937
1922 1820
996 2502
4204 1157
5962 5011
5452 4074
474 4369
1744 5966
1898 752
703 4284
2686 681
4743 3932
2314 604
3475 1514
5207 5917
1671 4659
2630 2317
513 2531
1140 1158
82 3626
5360 3592
2746 1696
409 4276
3728 5916
1231 2524
1894 2659
5792 204
3675 1597
2204 3596
5160 5070
5299 5719
3436 311
3531 111
5782 4343
4939 3963
3849 5188
243 4349
1636 4610
4043 5619
3018 5003
977 5094
496 151
5363 3430
5095 5625
4119 810
339 3647
1828 4516
1227 5899
328 2536
1821 5280
1857 3301
3998 5204
60 5086
2617 2379
1702 446
2394 3833
1022 2347
1086 2152
405 2960
4212 304
2969 4757
4165 2052
991 3846
5973 5442
2050 3784
5631 2887
2471 4367
258 4651
221 4532
3416 670
586 2977
1303 5199
4613 4180
3095 5392
1214 1595
2791 2357
3456 5316
2492 363
4150 1088
5993 1020
4761 1474
3887 5979
2881 4065
2889 2560
2060 5872
1415 362
1542 3335
2309 3812
5008 4487
365 4560
5604 5763
1043 3018
4689 3305
3149 3498
4733 2891
4004 2477
5188 3915
5048 5964
4669 3779
1809 2392
3630 1197
5731 1970
5705 2121
3701 4985
4932 3838
5195 741
1619 2492
4507 4714
5143 5527
5827 5515
3813 4767
70 2198
371 4652
4999 5398
5185 4383
465 146
2052 4595
1366 5738
4575 2907
4109 4458
4263 1589
3563 5790
5142 2282
593 3964
514 3690
1697 2178
5381 3614
3733 2262
2180 3901
4432 4429
3337 3859
4767 4856
1722 365
3548 2237
2451 67
5890 4740
4843 521
1717 1853
4847 4941
4229 2567
312 4710
1476 3777
4014 3459
2459 286
3019 1777
3333 3485
3007 4310
5852 5362
4455 1288
4567 4967
736 3598
5329 2468
2469 1222
755 1876
1747 4572
1758 333
1054 2039
3502 5449
3853 1708
2905 3829
5174 4978
1038 791
2915 1339
4721 1456
768 5274
2613 5319
816 3722
1769 300
690 3241
1947 3471
3782 4790
1134 1449
3201 5529
464 3030
918 1448
2472 20
1627 1871
5558 4854
4353 697
2726 4713
453 28
3265 5658
1393 2909
797 4012
3429 2382
1017 4905
814 3324
5047 3129
3915 5276
3722 4534
297 4432
2515 2060
3797 2074
3717 5138
5876 5753
1885 936
1647 2735
5995 591
652 3577
2282 3899
5891 3373
5653 2221
3283 142
5096 2966
4248 1745
1061 4997
4766 5588
3668 5303
2363 5632
2388 2878
2796 169
4661 5893
3754 3753
287 4014
3063 3648
861 1566
3444 2324
3920 5669
2956 5402
2271 250
5562 5543
2585 5114
1845 3830
5764 4427
2438 2538
3862 5565
630 4776
105 5813
5131 2601
4769 60
2449 3522
1837 4173
3786 183
2708 846
3110 552
5586 5242
5041 282
2067 4708
3694 4691
3021 5226
3614 5858
3331 2589
1660 3083
2140 1520
5158 9
1395 644
1491 549
1377 766
2485 4596
4198 1212
1464 5913
5930 5443
2761 717
2512 5934
4037 688
2950 695
3342 1166
4808 5704
3374 1167
4817 2917
2747 1357
2691 2118
2677 1080
1168 1464
2057 4732
2089 1734
1264 4671
3966 5296
4267 2029
3432 2981
4745 911
2337 3650
509 3224
1656 2125
2330 1627
2132 1061
3839 1622
2654 1241
3727 3180
887 3878
3116 4055
3490 4030
1099 2515
5396 2133
5730 4402
2916 277
5850 5103
3558 5567
4877 256
1864 750
1916 3499
5806 5561
3434 3796
2659 5951
3279 5136
543 4373
3460 481
2244 4004
908 3121
2390 5143
3136 3044
3044 2407
3421 1219
5756 825
2912 2374
205 2452
4544 797
4380 2014
1299 3697
5275 2115
2755 5586
1232 4334
4428 666
4182 124
4107 1322
2490 5745
5236 1613
4526 763
1145 433
4793 4836
1413 2400
1968 1314
5289 1525
484 5323
723 5975
2400 5785
2154 3294
4101 1042
2628 205
5020 3591
609 3564
4742 346
4044 1935
5358 3873
2099 3140
5796 5470
962 1295
5239 5815
825 5668
4634 5569
4052 3918
4159 4563
2440 1720
4520 1054
4021 2040
265 2554
5718 3163
2661 4163
1463 5098
1405 808
1358 4590
599 4529
5050 2962
3375 3536
4087 1163
4838 135
4859 5571
2079 2359
3804 5592
3194 5471
3776 5769
647 3874
5025 5105
171 4315
5701 1091
1033 4548
3703 2465
5422 4318
1881 4999
3660 3644
2286 1249
2960 3917
1081 3200
5069 5380
5242 1686
2619 3999
4532 1346
1428 5985
1327 2394
5775 3368
4420 1375
4895 285
1109 2431
428 1662
124 4388
5837 701
5070 2367
1592 2479
5339 724
5840 2389
3025 1028
4261 5153
316 3695
1538 965
1236 4168
3850 2987
154 4774
376 3803
4373 3307
2745 4870
4702 4892
558 5290
4228 2507
1077 1176
430 1619
3513 5184
1601 786
5038 5459
479 1099
3646 5819
217 306
4594 4493
5204 1401
657 5331
2167 4406
3452 4438
2254 5078
4194 194
2356 374
5813 1653
4852 5055
4833 5050
1383 3150
4270 4465
1127 1069
4872 2828
4577 3321
2618 814
1816 1671
1591 5579
2491 4394
1785 4123
967 733
2770 2916
2320 2811
2264 1185
3774 5725
1059 4428
2149 1315
3619 789
653 1593
4836 1838
4392 3641
2800 2838
3419 1053
3908 4546
5106 4782
5327 3628
4081 4816
2901 2283
1112 1318
3268 1927
4950 817
2181 4269
4671 4519
938 3976
4246 399
5300 2459
5862 2670
4896 117
666 3620
655 1789
16 1615
18 792
2030 2332
5896 2533
4954 2719
3043 3095
1095 5035
1573 4993
2667 1989
5114 2365
5628 5860
5138 4467
1649 979
2475 4133
454 4674
2109 3136
4324 3342
554 4576
5202 1630
2835 5992
3053 1721
79 3502
4563 2947
5265 3721
689 3247
3755 2673
2959 1060
2000 1977
4478 584
3868 3237
3218 4194
4220 5012
2205 4893
3292 2010
1102 646
5118 2671
3270 2746
1534 1124
4341 3286
3123 1109
4441 2593
2623 4072
5615 150
5206 3078
3237 2657
799 746
4315 1588
2100 1641
2546 1052
1603 2296
5844 773
1085 891
4909 3537
757 2147
5392 3905
1993 5995
1775 3997
4885 3693
1581 2258
881 4326
3154 5439
5900 3804
4484 5084
360 651
661 1066
145 3957
1938 1115
4566 2404
1928 5844
4305 1227
1970 645
4583 4088
1634 1678
5836 880
1462 5200
5751 1591
5176 5413
539 3934
303 1726
5016 3049
4039 5440
547 3854
5860 1263
994 3688
4825 3533
4187 5761
5793 4439
823 901
778 1321
3788 4968
2305 3542
5554 154
5249 5259
4829 4311
4794 377
3102 5828
889 5077
4690 5999
624 1633
5960 4396
907 247
4624 2672
3967 2457
2053 3785
5688 4431
2983 1173
286 1303
3497 1934
4153 5381
3591 1085
4155 5643
2287 4879
3586 3782
1336 3360
3236 87
2404 856
2493 4675
3099 709
3422 2348
3968 2325
1946 1460
2359 5933
5542 1604
5665 3317
24 3907
852 1029
2460 3248
2635 4129
3325 3034
530 938
272 5633
644 960
74 1433
5414 3527
4705 4798
483 5955
1051 186
4773 3291
4525 2420
2357 5144
5912 4689
3381 896
5113 1027
704 1444
980 2897
679 1519
4145 3720
5749 3407
1104 4637
2153 942
1332 3933
2259 2273
5429 3809
2857 5595
4130 3432
2674 5289
2587 5130
3485 3181
5172 3440
2131 415
669 5782
4448 5063
2500 455
5222 4820
3793 320
1689 4815
3041 5208
5455 3696
5398 592
3880 2547
311 401
2789 3844
4959 3132
3740 2918
58 4419
1517 3570
5519 3363
4116 1384
285 3921
5291 4981
4803 2849
5801 5939
1193 3895
7 5183
725 4095
3792 3133
754 562
426 4597
3016 1435
518 3571
1599 1446
3284 1654
2551 3937
5998 1951
5878 2603
1325 4208
3958 4570
4978 5075
3789 602
3911 319
4537 1250
1932 1480
1432 5685
2805 5499
4789 2300
2533 2229
1713 5017
3061 246
448 2586
4975 239
2831 2864
2557 900
195 1104
3637 1437
4098 3589
4302 5030
581 4325
4862 91
1296 5980
4348 698
574 2405
1404 740
1503 5111
1341 3942
5648 2117
1961 4301
3285 5622
1080 84
377 4884
4727 4112
2665 4874
2384 2989
2095 4121
5523 1417
4736 613
5785 5501
5602 5197
5405 671
1950 2031
2575 4550
2045 4102
5256 5408
667 1701
5663 2222
5403 3574
4391 1006
2395 4466
505 5341
399 2596
4128 5
2106 3698
4419 1503
3400 5023
824 3841
5812 529
5109 4486
4996 5787
2038 2363
5276 1290
1398 2421
2303 3939
5999 2712
1623 837
3781 3092
2833 4330
469 2884
1076 4518
1181 2304
928 321
3530 5698
1594 1888
2888 3229
4832 5536
3816 3253
2313 5493
602 3640
200 5959
705 1835
4933 4449
4848 5056
5979 5682
712 1047
3469 2257
713 1594
2078 3258
2227 1736
3930 4021
4076 1270
1969 3576
2238 3772
2352 749
678 1564
156 71
3976 2643
3298 112
1315 2655
5058 5532
1553 1556
2190 4071
5387 844
2568 1687
616 65
5434 10
965 4246
1745 2146
4277 5539
2529 5359
2257 673
1564 4743
1701 4833
5555 5598
510 5211
5152 1969
3030 2808
3869 2412
1414 2946
4230 3500
1386 349
1784 685
4636 5681
1004 3149
4318 1960
5023 1411
51 4754
3961 2456
1829 662
4333 2340
1250 2900
3026 4044
935 2992
3750 4817
1495 2633
3555 1492
5359 1639
4619 2855
696 524
2581 1023
2593 4506
5380 4479
2458 1427
5336 5397
2269 5660
5522 5131
5831 3865
3365 5676
4068 3709
5338 5218
301 4054
2582 1251
5060 4577
1899 1626
4151 1697
3916 4861
4134 3147
5501 82
4800 3127
3071 3218
2858 544
3070 11
257 2525
5376 4625
671 5358
5748 1226
4250 1660
2976 4327
5754 398
2434 5368
853 2860
1873 5463
2013 5189
412 1418
717 5585
541 522
2972 5412
3692 795
3189 3313
2391 2903
5170 5260
408 1774
5733 5545
237 4526
2637 206
749 345
4040 2802
1794 4446
4306 5185
3858 2041
4465 4838
4788 5120
208 3450
1399 2574
4884 5723
4015 5547
2591 1095
2302 159
798 4279
93 4578
2170 3330
1583 4108
3145 3166
2722 3084
4234 2762
5406 1147
1418 4749
744 3119
1512 463
397 1165
829 1713
491 438
1162 340
4038 228
5481 4711
3211 747
5541 5021
1098 5125
5312 2624
96 2690
5483 322
4984 2312
4915 1786
4136 4640
527 720
2846 988
398 3347
3983 2422
4974 410
1339 4748
1951 5853
4208 4513
1793 852
2951 676
269 4667
2824 3588
3981 3128
4938 4404
4331 4631
352 4859
1184 5004
5908 4308
1211 3546
59 1751
319 338
4226 273
4609 2755
167 5833
1941 2386
2235 356
3293 3504
5910 1078
2903 2030
3318 208
5861 1609
2447 5110
5314 4222
4784 2377
3037 5784
1962 3138
4625 3245
4718 1495
392 3981
5460 1258
5042 943
949 2549
2159 4549
3221 1098
1313 336
4998 5919
800 5952
2681 4783
4868 958
4940 1683
3263 3627
5955 742
390 2191
1590 1532
2522 2834
4163 4523
5237 5649
1379 2693
2012 1767
869 727
5458 5407
2072 3199
3517 3171
4626 2760
222 4290
3897 3872
5194 1161
3181 2854
383 3776
2344 3126
3129 2879
5024 229
5410 4877
445 3567
3847 4814
2549 3371
4129 4543
1844 4934
2231 3255
1663 3521
2373 5969
3289 5594
1704 4647
4772 30
3006 1524
4073 3863
5903 3326
5094 2376
355 1195
389 2463
3597 5417
2497 3397
4120 2128
5030 267
3418 3549
3659 1090
2179 2428
5969 1526
1351 3699
3931 1965
931 902
201 4203
3664 3369
3290 1500
3866 3684
4416 3887
2977 3983
1901 1516
1195 3889
3508 2212
2945 3929
1292 5716
3581 3299
3714 4460
5504 4807
3249 2784
1808 3283
2900 4261
3798 4064
5610 4996
1234 5444
3171 4303
1117 489
2736 3455
4864 4581
67 3075
5952 1169
905 5752
3790 3375
2047 4118
39 2635
848 1865
3370 1096
3945 655
3354 1214
4211 1013
5456 3115
4362 923
2692 3948
3047 523
1058 2033
1436 2561
274 385
3208 5330
5687 5165
13 3575
4802 582
5777 4943
944 502
579 3071
3442 5379
345 5661
2261 3940
5155 4395
1530 12
2890 490
3335 4393
4720 3179
1728 3206
375 3280
5238 4594
1239 4834
1392 788
5552 3616
3225 5623
5655 4079
3076 744
5130 4237
406 4447
4488 2464
3148 4366
3300 5387
4175 3005
4245 904
4143 3284
4662 3463
3188 2214
3275 454
1346 2715
1613 3426
5822 5458
279 2402
4272 341
4047 3012
4314 1118
4009 4791
477 1932
1207 2527
4987 2187
1055 5502
5205 5194
4505 3825
5867 4688
930 223
2043 1827
5845 3036
895 2289
1725 4457
2961 2112
3411 4067
3984 4127
5728 3354
3340 93
5217 2636
1067 1253
4118 1625
2073 2225
2389 1909
14 4421
372 1676
2516 5237
5942 5972
5803 974
1559 2835
838 5437
5570 5285
5525 4053
776 4984
4618 700
4375 5468
182 424
4621 5133
871 2886
591 5344
1761 249
619 259
4426 2734
2130 2002
1714 1689
769 2305
5065 5299
2224 3945
134 2833
1000 4082
3667 3033
1237 4507
3947 278
460 2444
3315 3869
2717 615
1555 1038
4142 5600
5271 2996
2298 1239
250 5941
3100 3529
2122 379
3700 172
3401 4169
2457 5085
4815 3401
934 3472
3353 2084
836 5250
4350 1482
411 4726
4166 3356
5178 4034
2574 3668
4407 2164
1964 3416
4461 3914
327 3168
3889 4511
3626 527
2188 4158
1483 2818
4008 2902
4581 608
1889 5563
2968 152
416 1904
42 3228
5233 4738
3223 5968
5727 605
680 1545
3143 4197
3830 2355
5379 56
2509 4785
3840 269
1783 4024
5518 5169
1309 209
5269 1675
3503 5950
1904 2688
393 2938
1790 1172
2096 4512
2556 2159
2638 4881
3569 771
4468 1211
1748 3839
2136 3100
5285 2923
3716 5269
1075 2764
2754 4809
2920 442
5829 3160
3339 873
5996 2269
5875 5843
628 1380
2804 1964
1700 4616
5657 2841
2 5102
2288 5074
4018 5714
5149 35
5941 4795
5721 3355
1945 3422
3570 2350
3152 2466
3546 3562
2989 1133
3864 4179
2995 975
5120 5522
4731 3098
5335 916
3644 3266
2563 2369
3172 510
3157 3022
3251 4292
891 3367
3217 4722
5787 2323
534 4089
2721 2814
2222 4761
3629 557
4937 812
1975 5333
4640 4982
2487 2267
5191 4821
4509 2697
1433 4342
2311 2208
1439 2753
3693 1142
3831 5781
4304 2656
1541 3703
4799 1586
5189 5920
4326 4971
133 4345
1550 3186
2217 155
1431 5841
3180 748
1751 3880
876 5795
640 2252
1094 1202
4274 4929
4660 1845
1986 2298
2263 403
3089 756
1087 5836
516 4614
2116 1094
5950 940
5834 997
2335 466
2092 3538
4818 2667
5031 2228
506 1265
5892 2858
5826 4871
434 1350
3450 4050
4036 4868
3875 4696
4759 3961
4726 4340
2626 3602
4897 1000
11 4214
5819 4766
4837 667
3969 2292
572 5671
4878 3170
5810 691
4077 3594
1500 5780
1082 4244
236 2889
886 4135
5479 2998
4085 5733
5752 1724
5601 641
3062 3742
252 4309
3759 4188
1259 5373
3738 990
2142 4241
3056 1537
4173 603
2540 2230
302 3202
2416 4399
3666 368
135 252
5533 3093
4172 4006
3735 3765
486 1709
5210 1905
553 1151
2707 1136
5984 982
1990 3103
3690 1414
5722 423
1935 3085
402 3278
3280 2919
2364 3855
1182 395
867 2234
1787 2141
4780 3175
2398 3852
1329 1746
186 450
2555 2922
2133 1643
4168 617
5310 1831
5439 754
114 1621
2882 4850
2409 1711
1396 1869
4283 862
5868 4852
3574 802
3103 301
4319 1400
2845 14
2907 2850
1912 1782
4551 5722
3486 5192
3893 1579
5854 272
1978 618
929 2804
2724 3881
1869 770
1792 5692
2860 4322
511 1187
544 625
1410 1756
5200 2550
5600 5551
1518 1502
1489 3671
2036 3766
4080 2661
5495 2024
2019 5254
3905 4036
1262 4080
5905 3418
2904 4913
4778 534
1853 2720
3254 3623
1416 109
5443 3788
3936 4316
4851 2641
138 4687
4041 1358
5734 1652
2768 559
1161 4474
5956 5031
396 971
1641 1049
3990 864
4519 4692
4482 264
3086 5263
5389 5647
5161 5310
4312 3556
141 5683
5386 1560
2784 5100
5678 4961
3266 4206
131 2335
3435 4535
3761 5268
3478 4443
3120 2805
3533 2371
623 1213
4284 5139
5799 0
1282 3583
1158 2158
2017 1286
3379 5500
155 3252
5965 1768
968 1883
5814 1986
3757 3015
1333 439
170 3775
1144 4515
2576 5096
2065 4763
1263 514
3488 5301
1402 3815
4530 914
2229 1341
5632 1224
2837 1826
5708 2342
3101 4829
2997 1590
3926 3242
752 3608
4233 4161
4749 268
4924 5091
3575 357
3922 3303
3397 3054
1605 2337
1535 5025
488 104
5676 5514
2562 294
3572 5072
2730 968
314 4641
4213 2130
2317 3405
4597 679
2011 422
4707 101
2237 477
194 1559
3995 804
739 3343
5863 2127
1772 5932
601 870
1768 977
5920 972
2463 1233
3108 3805
4328 682
4709 237
5894 3493
2553 760
4746 4224
4728 4023
1318 3973
3360 4029
3124 5232
5007 2160
3207 3265
1597 4243
4372 1403
2016 778
2720 176
893 2114
1196 5352
1446 5335
354 2220
2779 470
5428 4632
5821 5371
3378 2687
3245 663
2984 4111
3723 163
5760 3618
2633 1903
1210 3491
3715 3990
5654 1634
4664 3482
1834 907
451 2826
1173 1918
801 1032
4309 3488
2798 2819
3367 2301
1166 1067
3594 2062
4117 2505
317 3624
2340 3943
4564 2279
4629 4287
1980 1529
5384 2803
410 4579
1982 2210
1482 3146
1536 531
324 1955
923 1743
3778 922
4523 5768
1217 3019
2604 3002
2386 1646
5719 893
817 2950
5019 828
4321 191
5790 4733
1475 431
4405 5365
5301 5542
1547 3834
4645 5644
4591 3970
1226 188
5484 1193
1178 801
3590 728
1326 5603
1169 1677
254 5231
3453 1428
4311 2264
3032 1436
2088 1999
3240 1017
308 1998
87 3712
4273 2905
2880 5181
5435 4282
175 4052
4628 4380
414 4769
1029 4937
4863 123
2728 2751
4062 177
4855 2
2705 1277
2456 174
3403 3106
4177 4007
9 5590
4483 511
246 1896
2683 839
3957 5041
5585 3288
4704 2197
2814 2077
2306 945
5321 3572
564 1266
3090 5350
3595 4565
2098 1313
3050 3219
2275 5948
2369 1236
1122 2726
4582 5679
5378 3519
3860 2952
1034 3290
4131 88
5742 563
4871 4706
2733 4720
2164 1333
4200 1863
5977 487
1240 4865
5488 5864
1680 236
3987 3828
420 13
468 3026
1186 5564
3603 5221
4282 2573
2547 309
5400 2895
3074 3806
5367 3061
571 4840
1759 5073
3072 5617
5436 2920
570 2111
5440 5062
2061 1966
4301 471
1422 4827
5795 373
4806 1558
3158 2594
2861 2980
4090 2253
3583 1512
4491 5453
5990 2944
2662 5385
4178 2272
1708 1262
1835 3977
5257 821
4148 4703
5800 2528
1659 2473
3627 1780
1847 5566
5759 3073
1914 3257
2816 5929
1023 3046
2223 3954
3731 235
2942 1685
5186 921
5451 5824
3291 4635
1650 1764
218 3366
4209 2745
2489 3203
179 2175
3413 5302
4602 468
1423 1199
2008 568
1180 2723
3613 3732
3686 5201
5528 4273
2906 4801
3438 4077
4894 2609
2396 3479
5536 3064
5071 5009
765 4471
5293 1760
3505 2582
4643 2443
3560 437
4615 5806
2143 2823
48 2216
1502 4435
2105 2707
3134 5386
5302 3
2886 2439
691 5987
5068 1794
5580 3155
1132 265
2439 1700
2479 5498
2930 5689
2815 5297
2486 3689
1373 330
1920 4677
4965 3359
4657 317
5855 396
1174 3725
5966 2310
3942 5170
4869 928
5897 3682
909 4826
4693 4935
982 3340
3496 2307
3871 3600
276 3310
3567 4041
5981 1754
4179 5793
1469 2742
4840 348
4064 3955
529 860
4027 5142
2957 1370
3749 5217
143 5973
4084 4862
3746 1798
3489 3966
3146 3244
5391 1372
446 4991
4355 5394
5449 1390
2474 3965
5576 1455
4988 5117
3073 3836
1770 5799
5664 4230
4936 185
3815 4159
5638 4174
356 4027
2480 878
3262 2434
4440 3557
1027 1498
4516 767
5866 2696
833 3240
4385 2180
1780 5067
766 3417
4358 5519
3465 3113
3989 2650
1411 4289
5013 4939
5712 4666
533 834
626 5904
560 2548
1065 2193
3725 561
3649 1353
550 427
2141 1870
3055 638
2063 1361
5887 4195
5963 2278
1766 4897
884 5967
3080 3683
1658 1234
5811 4956
1130 2540
4415 4709
4797 4673
2909 120
2182 3456
5626 5511
2612 57
3719 1439
2172 5921
4928 952
1152 49
522 2699
2702 1667
5508 3331
2627 1732
3345 635
1412 1327
2138 5890
5002 2023
790 4537
1455 400
5082 2036
1850 4019
47 3111
5877 1191
5692 5771
2341 92
5649 5214
1286 1221
46 5655
3994 2578
2685 5604
5365 2195
2801 5164
1424 1180
5000 694
1891 5337
3264 2098
5953 3436
3163 5487
2027 3135
3344 1765
3888 4898
2124 1669
3602 3780
387 1293
2097 723
5661 4248
3010 5832
5313 2869
4390 3823
3182 5278
35 5945
2129 986
1183 4915
5340 5235
2393 3231
3741 5345
4042 4588
3494 1045
4167 1396
1268 58
2001 34
2739 5687
2648 1483
2870 326
639 3735
3904 2910
3320 4305
5702 5253
5815 2248
1490 1610
2360 5922
432 2163
682 5348
5872 238
5906 4784
5295 3808
5482 751
3863 3579
2274 1365
3799 5395
4299 1762
4144 3444
4827 3509
813 5261
5683 5212
1009 820
5234 2462
2342 4819
1107 5695
1545 4846
3259 2448
1882 1682
3147 1800
2056 3726
2832 4842
3306 1508
2102 4175
8 2099
2935 1882
807 457
4011 1576
793 806
2002 1422
165 3285
611 5001
5780 1859
731 4234
3617 5294
4982 5372
5849 5494
26 5830
1305 83
4075 5762
502 4405
3707 3438
5762 2839
1372 4508
2610 160
5573 2522
1846 29
284 5887
2503 1291
407 2259
3310 2424
3454 1752
2437 4693
5989 2113
5297 3639
2535 3518
5553 1766
1172 4639
3937 2086
687 240
5163 2416
268 244
4122 4212
4986 833
4966 216
4222 4683
394 3986
3822 4823
658 3758
5009 2970
2211 1018
25 1506
584 4906
5784 5706
2240 2810
2115 2827
418 51
4001 4047
1138 2071
1698 54
605 4456
2716 3566
337 2714
435 5508
4429 1343
3303 3702
5489 4110
1472 5383
4110 1787
4291 1274
3404 1041
2410 4799
4256 1616
2094 1344
2436 5739
638 955
3479 4329
3951 5925
3015 2006
5668 5315
442 4171
3388 392
5596 5134
3031 4142
767 5377
4686 4495
261 1889
957 478
5418 147
1778 3601
307 2975
3711 4357
3168 2082
4785 5531
4633 1125
3767 4480
4542 818
2963 1618
2919 4759
3852 1939
5171 5032
4725 1329
4059 3550
4020 1405
2838 1237
1040 1476
2033 5452
5958 2007
5758 1834
1254 3118
608 4411
1628 4469
3083 1574
936 2284
1533 5520
1258 1208
3359 5697
3680 1382
61 2942
932 3547
3371 3636
3882 611
5356 2568
880 181
738 5940
1528 441
1789 2684
2376 4623
5351 2308
3658 4642
4370 5152
49 1733
2592 3481
4680 5370
3585 2177
5323 1761
5944 4604
4922 5750
3326 1108
2322 3251
4595 912
4883 1143
2777 1311
3057 4022
5744 526
4503 4455
2933 5637
2676 4727
4199 2012
3718 822
425 2914
4616 3884
4403 189
1510 3262
5807 2173
385 2769
5369 5861
5859 781
4161 3750
3357 5665
4875 5411
5560 4018
4754 2941
4139 634
1481 5560
610 64
3313 323
2808 684
4646 3210
2710 5033
3004 1007
97 4218
4368 1359
4216 4254
2519 201
2543 543
2502 5882
3604 1457
3439 4401
975 1012
4445 857
864 2846
2111 3058
2428 1481
3363 70
545 2436
3046 2373
5103 5721
617 4482
519 3795
5835 5902
662 4765
3167 2321
1929 2844
1013 2079
4757 2873
3978 1475
369 1771
1506 4678
2811 5168
2526 1872
4841 1008
4464 79
2953 5800
5502 4780
5904 4955
904 5029
4244 1110
5112 5281
1843 699
951 4120
5848 32
2064 5104
1632 881
3111 5106
2120 2035
1618 1967
1548 2107
4887 4672
3373 3270
1273 4682
532 1602
791 5047
5651 2346
1126 761
4729 1729
1604 4554
709 1458
5976 2576
5034 553
4673 3643
2183 2302
2980 5701
229 167
4607 3271
5521 3390
4957 3276
5126 5273
1498 4946
1330 2120
4741 5900
1763 3903
2970 5329
2152 473
699 1014
2932 5279
1471 1408
648 1048
937 4900
3938 2045
5221 1119
220 3487
1848 4679
5394 5028
1 3059
1427 2613
4146 4730
2571 1659
1083 2935
1668 678
2523 1386
2450 5507
897 3235
1450 192
3592 324
3932 4038
5123 4938
1120 5760
3352 3612
556 2862
3973 358
4499 4992
1025 3189
1705 5584
1218 2032
2481 5642
1642 1533
1370 4275
2496 1443
5263 5680
1409 5384
3812 3376
5679 5026
1906 5690
1401 1535
5781 5546
3477 4643
4541 4257
3029 2508
1561 769
2464 1389
3520 3545
5561 5924
580 211
4342 5591
1079 4189
1609 2874
535 4724
4514 1805
2517 3687
5445 2334
2353 1702
1568 3956
2836 3768
2788 5378
1608 1150
1243 5974
2137 5634
3081 1572
4672 1217
4010 4800
4556 1111
2022 5491
1743 4286
4687 4779
4249 412
2299 4043
2602 5312
987 4160
2423 3275
4288 516
4254 712
4944 2201
4744 4291
3235 3578
1356 1915
2354 1943
1419 4425
2071 4333
3939 310
5193 4424
3794 983
1527 2489
2482 793
4104 3543
1566 1536
3856 5957
91 2829
1391 4599
634 5240
350 5736
1814 1640
3674 5325
4022 1636
5694 2338
3765 3848
216 957
4423 1562
730 664
2453 5287
1579 1698
5613 1097
4140 80
5169 1354
2374 1829
1620 1637
3571 4721
4079 2265
2329 2674
4061 4204
249 2169
298 5553
85 1100
1005 5960
1839 2204
32 1468
2564 4302
5399 3524
1008 3101
3673 4433
1762 5492
1644 5788
4734 1663
3391 2476
5847 1070
2944 1031
104 705
4082 2403
3382 3279
189 2868
859 2192
4969 4837
3671 811
5732 1183
2392 5523
620 1906
5880 953
724 4347
4345 4697
877 937
4639 1093
947 5318
1438 4250
4197 3023
784 4648
3633 2591
4828 1946
3319 5317
1062 3076
4943 5544
4587 4368
5181 3649
955 1758
1791 863
2375 4668
901 978
5231 2017
4539 1394
4681 5927
2454 653
5426 5749
106 2562
4363 2094
2196 3715
2119 784
1569 72
3197 5122
785 5742
5707 1215
1408 2406
974 1092
1645 1232
5029 4739
3606 3658
3829 4365
3698 1584
5377 261
538 3466
5224 2080
1270 2227
3288 1040
940 3980
5673 2209
1407 1062
1219 920
2506 4646
374 2409
5915 1312
1822 4389
3398 4464
3535 2001
5690 1940
1092 5811
3787 3402
4442 5822
5284 38
5032 4219
1291 31
5353 3845
3022 1039
4413 4046
5506 2597
2896 4810
5175 2766
2962 3124
34 606
910 4580
2694 5445
4439 2478
531 425
4711 2415
273 815
4714 2793
2243 2106
5385 158
5929 1522
4389 1956
761 1011
555 753
3632 1540
2599 580
3927 4514
283 3125
1855 2646
2044 2268
472 5401
5697 2772
5935 1064
1441 16
2609 5044
2794 906
4338 5773
1321 1367
4092 1086
5634 1753
3406 642
2871 4258
4921 5071
4360 1138
1444 26
1139 3962
401 1885
5342 1577
2895 3864
116 3584
1781 2840
972 2354
777 1260
244 4778
4606 2933
3814 2482
5808 3505
1255 933
3638 2046
1016 3392
3233 894
5839 1557
1773 122
4290 3007
2494 1925
1587 5436
5442 4804
5079 3586
4860 2645
3428 5171
2544 1309
3805 3063
3455 624
4126 4042
5006 4566
3811 4028
3387 5036
3835 4351
686 2236
3224 2344
4070 2362
4024 3744
4453 3435
978 5759
526 5912
795 2048
2647 882
1589 515
5366 2954
3309 1499
5253 2665
1902 1982
1245 2286
4655 5770
1118 4494
346 4423
5776 1725
1836 210
1967 2396
3795 3610
3431 5173
3729 137
5771 5895
1468 3662
4665 1821
462 251
3242 1087
169 2140
568 908
3049 4607
1724 1816
851 4600
5583 2281
2284 3630
3743 704
1852 737
1607 1043
2049 492
3247 25
1955 2157
3308 4045
1280 3613
2117 4655
1344 347
3768 1629
174 1784
2155 2116
4382 4882
5324 2432
5132 835
439 2318
818 5859
5121 1791
2250 2867
309 2085
5549 5710
2361 3837
1233 3165
4078 5060
5471 1192
5918 3398
587 5867
5348 5427
2924 1614
5049 4016
3771 2813
2841 4729
3821 1608
5421 5776
5328 4408
3655 981
902 4481
5646 3468
5308 4598
5332 993
2462 4253
1252 4568
1827 4319
685 5354
5134 3055
1331 2170
2825 2681
4293 475
3523 37
395 1596
5711 871
1070 897
157 3117
3376 1348
1531 2026
5129 2142
5395 4452
4219 22
1522 2705
2785 1828
5770 5656
1072 5572
1260 5541
1543 2830
5893 419
5618 3035
4521 4003
4237 575
4269 929
1629 2852
4904 1463
2367 2666
1287 1860
4477 4
5574 1490
5954 3272
5225 5162
5662 1974
5599 1580
4517 3192
621 5578
2693 3173
3097 3883
5211 4618
2037 1425
1870 1120
112 2915
19 5238
915 404
2614 1714
4103 1680
1106 3361
3636 4660
4292 3039
2936 1347
1511 3930
3576 1003
295 5808
1876 5626
1136 2370
1012 1153
342 5897
2634 5741
500 964
2864 879
2843 4760
347 2490
3894 2375
2014 5513
107 2378
4147 1942
3039 5376
3820 1747
429 1848
1779 4742
2653 5678
5636 5751
751 686
597 1521
1335 3793
2270 2445
497 2658
1088 4885
4121 2358
2174 1539
641 1715
1675 2200
517 1351
2054 5914
1063 895
1933 1923
5137 2303
4976 622
5043 4200
4303 2185
2307 4825
882 4117
2883 5703
3001 5998
2004 1664
2528 3333
2751 824
542 233
4568 102
4240 1373
3652 3749
193 3298
4983 5838
3458 75
1526 5435
450 5870
1688 1235
3409 1823
5551 447
5125 5145
2566 3816
1124 4002
4637 4621
3243 4353
2600 5772
4813 1855
3448 2845
1454 443
3385 3489
1833 1363
2946 2181
4715 3581
1160 3893
2513 3666
5641 4650
1026 1648
4782 1175
2327 1056
3677 263
3870 3134
2538 2799
2616 1307
3806 3678
1470 3443
4821 1103
1754 1447
4141 5961
1274 567
5026 1144
5219 4562
5997 1177
3355 1895
2126 4974
5516 507
4945 2912
715 4764
2947 5227
5983 2634
3841 372
2420 4094
1281 5304
1230 4542
1208 253
459 367
4366 5415
27 1037
3536 2182
310 1811
1696 1128
3672 5631
4124 3897
4676 2608
4603 5051
5073 1218
4266 1398
3584 3254
1170 220
3069 4919
4387 5450
1872 288
417 4986
4550 2509
2483 849
2455 3787
5044 3513
3402 4341
4203 1528
4347 98
5080 1356
3369 1839
2366 4973
1989 1628
5725 5177
598 2336
5967 772
1457 1421
2687 4717
3519 2053
973 4661
1866 4332
3834 2068
1874 344
2114 5456
2406 2566
3970 3212
3621 110
3027 3020
5569 1310
1913 3184
2195 1030
118 4125
1851 3336
3286 1454
4193 4612
2110 1937
5946 2331
3084 5462
3747 1391
1251 3798
4356 3791
3491 3159
3094 179
4533 2356
2570 3971
5557 5474
4325 5670
63 1247
5076 5982
4474 315
5382 3906
5496 5409
348 4503
4181 3694
5001 2047
4316 5783
1818 41
3833 4352
470 4387
4086 3332
2186 1393
2527 4436
4952 354
2701 5203
3170 3746
2074 198
5788 5699
4242 2718
367 2580
4753 2266
4914 4113
2940 48
5851 5482
4593 461
3561 1459
102 628
3035 4185
3726 4557
4495 5673
4357 1600
4243 1182
2793 3464
2601 2495
1826 2137
659 926
4573 2276
665 2997
4296 3783
4926 2629
770 5991
5370 2070
5761 153
5243 2590
41 5675
3205 5827
613 3728
5898 3484
329 2472
695 4936
569 3289
3260 2610
1235 2330
1551 3871
3901 1324
103 2623
1742 3681
3851 3120
2193 5343
2939 994
1224 556
5476 5246
3511 5503
2432 3387
5706 168
5117 3139
4034 3174
5144 3988
5248 2882
4717 4190
4033 314
1582 620
3779 227
5691 215
1089 1024
3946 2706
4190 558
2113 2435
4737 2150
2974 1530
912 1772
76 4520
5743 2044
344 460
3119 1230
4232 3719
941 1201
812 4553
2168 418
388 5905
3106 221
4185 4725
1719 5295
5355 5309
78 4233
5833 3653
3573 3512
2536 1342
3384 1852
1811 5537
1819 5796
1674 3227
4584 887
1039 382
2715 4459
1949 3193
2689 4592
970 1581
4512 4170
2446 4626
5433 5888
693 279
1972 3249
4694 5090
2408 3885
3483 1083
5642 5801
3956 5346
3060 394
2421 1981
3128 706
2742 411
4980 1984
627 554
4985 2329
2291 5792
5593 5727
1965 5580
3065 3395
5122 1275
4882 1360
504 5635
3192 4924
3697 5115
3169 551
3944 4049
1188 4210
4907 2768
760 4413
5838 1670
3255 4582
3468 2122
3213 5748
1362 3994
787 4605
321 5570
3949 3217
1735 5141
4214 2414
1800 3014
1435 464
2345 2702
2256 376
5494 5840
5526 3319
86 533
636 1605
1071 5851
2695 961
239 2519
489 5814
4329 4371
3034 1272
3943 3655
4831 3751
4991 4575
2711 360
21 3919
4691 1730
1777 2299
1849 4076
3702 4768
2081 1546
5909 2569
5841 4490
714 3691
5873 4274
4201 3013
917 5820
2213 2530
3113 3946
384 1722
4422 5517
590 3156
2776 1623
5183 1123
4276 4894
3407 4362
4552 4735
525 2728
4910 537
3654 3593
2954 4863
742 1877
1388 4744
188 5347
1595 3339
1854 329
424 5984
2161 3348
3457 629
3273 3705
1189 299
3843 3890
2709 325
1403 2555
115 1737
2236 5767
2966 745
1020 5190
5362 1668
1633 5140
1187 2500
771 52
933 408
1135 5732
2166 4488
5773 4771
2876 3246
4719 2057
1740 1242
2343 5816
2127 5082
2897 4356
4816 1381
3537 716
3115 4797
5716 449
2684 5717
1996 3633
5830 4806
2086 702
753 2739
1323 3304
5938 5871
100 276
5468 2339
4202 3672
540 5556
168 1278
3884 1261
3651 4266
4029 3066
1115 1337
2840 148
5156 2067
3008 1416
1445 1473
69 219
4777 380
2545 5431
3121 3868
5709 2078
4880 2545
976 4061
4089 5158
4578 5451
3423 731
4900 892
2911 5225
2713 1806
5057 875
860 1117
3885 3659
1661 45
4770 4057
122 4930
2773 3496
1148 1894
1430 225
4497 574
4822 1248
2402 2061
271 3587
1074 381
3067 115
2371 2311
1830 4098
4450 4294
5607 5599
2200 855
259 5965
837 713
4335 4891
2632 4653
212 5495
3578 4448
1624 2129
351 3161
2524 3993
3241 3233
1721 2551
964 626
1682 4928
2156 1873
4343 1928
945 5898
187 2037
2518 4415
2023 5756
3153 4307
2862 94
2121 739
3796 5464
245 3920
5037 4390
3052 4355
1683 118
323 1102
2308 3379
1865 2518
4207 2704
4951 4377
1509 5778
4893 4505
494 4280
5261 3045
2346 2199
927 1997
1380 1583
1908 1717
5765 402
3443 4015
3635 5396
380 5889
30 1569
1653 2948
1919 5255
4221 474
3642 5400
5281 842
3394 2663
3471 3399
1838 5049
3641 180
1078 2711
3919 1739
1963 2926
4280 3669
242 4681
4313 5244
5622 350
325 512
4379 4995
830 2076
5187 1908
3695 2956
4271 5901
4971 3145
4102 4386
2847 2625
854 2713
1992 298
1544 538
2670 917
493 5101
4620 4805
5318 55
2525 2138
4431 2740
4016 5654
4918 3492
5040 2149
1756 1159
1905 3296
4235 2602
3601 4591
2267 2901
4183 1635
4404 1968
2923 5766
358 5286
3437 4137
2326 5454
2822 1603
3647 378
4381 3268
2334 1705
5075 2349
997 4430
5988 3370
3639 4545
5980 2171
5869 924
3257 1127
1048 2856
1576 3344
5240 5976
1153 4225
5469 4499
3195 999
5119 2620
1108 1135
4623 805
651 636
4535 494
4601 5823
2084 3861
2718 4951
3661 2277
172 2249
343 2642
362 5666
5061 1638
5865 627
292 5700
1390 830
1940 5516
4886 3105
1959 4475
359 5095
3512 2754
5227 2783
1606 925
2741 4908
3679 3959
2101 2054
4611 4500
4105 426
4108 1716
5745 1107
4332 2189
4823 905
4337 4558
2280 4314
2310 1244
5611 1770
4500 827
4225 3621
3972 3197
596 5434
5520 643
149 4663
4307 3000
5018 218
5735 4889
1177 504
5463 275
3209 3351
4811 3676
2085 3001
563 5735
606 3176
1952 1552
576 3573
4006 1179
561 1330
1730 3281
2216 212
1146 3764
4433 1945
1294 3198
4751 3507
3017 4213
5693 3876
2978 5713
480 1065
2194 4718
5778 1587
3351 4000
5767 3637
137 1369
2965 1281
5028 3177
1693 3027
1567 889
2377 3831
4941 3473
2055 5230
1732 4468
1840 4741
3107 596
1586 3260
5670 3580
5373 4058
1485 2767
3801 3442
262 3250
4964 5156
1378 5093
5672 3858
3271 2614
2663 4272
3824 1203
2552 1699
1010 5118
4518 2564
5684 5731
72 1962
5467 1276
4967 3131
4973 2721
3605 2786
2607 2398
267 3195
5226 3069
5258 3141
1524 1776
5700 2072
5459 3263
2560 5052
2891 3654
3752 4700
3600 5099
4979 5943
1987 1949
1155 5069
4236 3936
4095 589
2144 1924
3440 2020
3720 4781
2348 4323
492 774
2787 2695
4336 5127
2774 5270
4257 1599
1492 4753
2422 1259
1328 4131
1359 4462
4300 2973
2277 1867
3791 2898
1861 2936
4346 2685
3077 3091
1163 5615
150 4232
2399 4960
214 76
1731 4699
38 1280
2615 1661
4096 2660
3165 2224
313 919
1832 1755
4025 5645
3227 2393
5853 4716
5282 3926
4913 4223
2107 1971
4376 5878
5304 5205
4184 4611
2975 1728
4467 794
1044 5724
950 5712
1646 4086
1677 1723
3193 5510
783 1796
631 4251
5943 2632
3895 63
1711 2662
5753 2213
2813 4032
5968 3651
338 4828
1185 1948
4196 1156
3341 2194
5209 4567
1909 4239
2673 1744
2068 5367
4679 3563
1690 5364
3302 2806
5354 4962
5627 1063
3775 4320
1807 2417
1343 4069
4160 5175
3179 4441
2296 2809
5911 2385
1363 637
4414 4555
4881 2066
4515 1461
5486 3312
3803 1148
2772 2986
1598 3099
4826 1402
4990 2461
5685 1131
5316 722
5895 2154
2239 949
3828 4818
4264 5574
256 903
4861 1129
3196 5178
4692 2618
4590 5849
1886 850
3534 759
1338 2877
3329 3860
1612 5147
4958 2447
2212 1959
4479 4337
1572 588
2868 4954
1167 99
1673 1837
719 505
954 2595
946 2450
3161 3428
3191 2226
2649 4694
184 5236
1030 2223
2664 4283
3923 4695
3138 4084
3996 445
3611 3754
5939 2692
2550 3081
3183 3520
5514 5037
625 2896
1585 5506
1371 4384
160 4608
3473 877
1944 1081
4486 4035
5617 2003
4176 4773
4437 2485
5698 630
2338 4227
1478 1149
3964 2043
4310 3984
5720 5020
3577 4911
2230 3909
2999 3110
2792 4091
4548 4063
2764 2893
3175 5129
5971 1271
2429 4122
3462 3441
2565 2242
1149 5797
2443 657
1505 4775
3144 2535
2642 3590
4231 4236
5141 2968
1090 257
3281 4267
5325 3050
5982 2857
1957 4812
5166 5757
2688 5233
1289 5460
5491 2863
1147 687
1050 3424
456 5708
1664 2787
1741 4263
5530 2232
1203 283
734 2999
33 1531
1171 5846
5215 1844
4286 5076
595 2183
1015 4473
278 4624
5923 4988
810 4880
3166 5715
4498 1306
2501 545
2706 845
3412 406
4659 386
3854 5534
1011 19
2926 5187
224 4364
4528 5121
2225 1488
3493 3615
3896 2821
3463 5135
2365 640
5916 2429
4067 5006
4612 4472
5089 1858
1580 1194
3953 5892
1119 3047
4558 370
3139 3540
147 4853
203 3476
885 2174
3737 3913
471 2206
4066 4931
2700 3927
5423 2710
1626 136
5660 4524
1560 2333
4631 2087
2750 1256
1556 5061
5184 2188
4051 2190
635 5609
566 509
4436 77
31 428
5320 496
3323 2730
5616 2019
2442 5234
3980 5576
3808 2481
3739 4097
5584 4583
4953 291
5441 2238
2655 2419
984 5530
341 2961
5614 1510
2125 5479
17 3879
3640 2770
4534 1742
3525 3752
5446 407
4156 5755
745 4707
5344 5524
5566 4361
4762 5936
4647 2963
4 352
1877 898
697 4634
2332 3009
4698 293
1123 4669
2495 5651
698 3729
3988 5866
5220 612
1164 44
475 1076
5713 2058
870 5691
5298 639
1002 4100
3504 2691
3142 4966
1374 2256
197 1691
3229 50
5497 1887
676 5126
1191 5577
1880 3514
1552 4300
5512 707
260 4851
5500 3374
3607 2372
1862 1992
3484 1289
3269 5355
4997 3406
5603 3645
5546 4952
1699 4437
4093 1426
5116 1785
4460 2539
1271 4844
4912 2441
995 3952
5046 3944
920 2399
562 4556
1128 4025
2884 436
2468 3603
4876 755
5695 5848
1459 861
5490 3757
1858 5557
5547 4109
4251 1292
3918 1050
3347 5765
3424 1554
3802 4794
332 4737
4026 2009
1540 3853
2362 3723
1304 3094
1764 2065
2070 4762
3481 4977
4456 3411
163 1878
177 3451
3770 3770
5755 5080
5105 3187
1368 2824
3616 2056
926 3433
5766 1607
983 4574
3662 1283
3979 4403
2293 2488
2208 3208
3760 1297
875 3216
5804 1694
1103 5854
1593 3364
4339 1775
1883 2314
2158 4752
5162 4883
4057 715
2712 3789
959 182
883 2794
3160 5298
1958 3792
2430 5448
176 3548
4409 5825
4801 2366
3730 3345
3551 807
670 3800
4510 4910
5465 2097
2856 3274
1570 2664
5111 2934
3568 2352
958 4092
161 5963
2874 4912
4476 3470
2266 3599
5879 469
3521 4328
4023 3386
466 619
4123 4502
5926 3341
1200 1228
5846 3323
4683 989
1229 1812
5507 5485
1804 5791
2597 1718
2032 2731
1729 145
2732 1570
181 5007
986 714
3903 2155
1225 2319
5550 95
5431 452
2821 1349
2799 5608
551 4704
5757 1409
2829 2741
2994 2083
1810 3664
370 2297
4963 2607
763 2866
1925 1868
2820 2775
2297 4104
3 3810
68 2678
2304 3568
3564 364
1529 2413
4651 5284
215 2876
5985 4808
5768 4965
2318 4517
94 4182
3470 3222
4459 4587
3349 1140
5630 5064
708 3108
2218 119
5051 435
1084 2716
4787 318
2990 1174
3038 4299
4538 3352
2279 3074
1045 4685
2775 3991
4171 5418
4747 5548
5729 2668
2643 735
2234 390
2024 1864
3825 1914
956 2859
5364 3382
1340 2315
815 5746
4792 2584
5791 4202
1685 5481
191 4414
858 2649
3317 337
4923 832
1041 483
4492 5300
5621 3609
1275 1355
3960 2059
4866 5558
178 448
4097 1074
4771 4484
4763 1139
1394 2689
83 823
5330 3625
3078 3638
4289 2186
4522 1920
684 196
3549 4491
2958 5305
1774 1818
862 967
4888 1681
2760 2932
4642 2322
2914 5446
3545 813
1248 2736
3135 4907
2854 4963
692 1910
3598 3032
4697 332
2090 3925
4294 1051
5671 3931
1035 1126
3190 5339
4287 4164
2414 2788
2611 3763
4180 765
2228 3670
775 444
3582 342
4485 2817
2415 2381
2448 3419
2262 3595
2510 1225
1272 3315
5309 4245
2076 4081
2251 73
4892 4075
735 4374
3599 5971
2898 5262
4164 5256
4970 5518
2202 3923
5317 1009
3933 4702
4927 3733
899 2542
3688 3056
2300 462
879 4186
1726 4249
5054 2038
1890 2777
3879 2274
3977 3790
3316 5573
1204 2134
4775 245
1283 4270
5244 732
4849 2776
615 5908
5246 2100
1302 18
3178 826
4032 3737
5448 5758
119 3457
4781 4256
3372 2245
4367 100
1617 4921
1307 1325
4994 5852
512 4670
3476 1748
4630 1649
5658 3259
536 132
2806 4070
2488 4463
3425 668
5579 497
2108 195
1334 4060
2748 5404
4635 4813
874 4461
5077 4381
5368 730
3963 5874
5686 868
4050 5342
1976 1442
2301 5693
2558 1299
2336 4321
296 4994
5499 1611
2790 3532
5843 2965
2910 1644
293 4391
5964 5512
524 571
5474 3555
2641 1423
998 4969
3222 2984
5714 308
2220 4235
806 1695
3687 2701
1458 5174
1073 1077
5594 1082
841 4101
3809 1952
386 2795
2467 5990
4253 134
5159 1922
4154 1631
5472 4676
585 4665
3215 4139
4402 4037
199 517
3199 5636
5288 1210
5173 5116
4322 5484
1421 1319
2319 910
2998 3477
1453 3316
2669 1178
5747 2418
5438 4539
1100 2654
101 2546
3122 86
4942 2051
3322 935
3846 1976
1357 1538
1934 3674
4308 600
1256 5248
5763 2631
499 1238
2878 734
3449 39
5147 2487
4824 798
952 3525
5987 1268
5824 4181
1639 3153
4543 1650
5559 5216
5818 1707
4113 5552
3832 2957
1265 3656
2417 2360
2295 3769
4349 297
4735 1470
5022 5709
5652 2743
3872 2521
1823 2218
1209 4412
2426 886
4215 3686
645 1005
461 4010
1480 1034
1116 690
2985 3480
2316 1518
5136 3381
3216 3849
241 1849
1667 17
3127 1438
1285 536
1665 2042
3405 4078
903 2433
4434 4561
1715 1170
5567 5053
700 197
111 2401
5454 3400
1494 3716
4874 307
378 5191
896 4115
3751 5068
5247 4442
110 4728
1679 5161
95 5583
1484 4933
5101 1300
4935 1899
2285 4166
3282 5308
2412 3429
2123 248
5931 4285
3965 2653
4700 3801
3682 2880
3408 3819
3579 3230
1859 1378
1060 1875
1621 1206
4956 3072
5485 595
55 1441
2165 1773
5027 4033
5228 2820
98 3062
5581 1703
5598 3096
5907 1657
5883 2494
3999 4141
4814 4531
4844 5351
2948 1944
4890 2727
363 3892
2595 4983
2671 5166
3589 1824
1461 4976
2253 1132
2358 226
4812 927
4819 3811
4561 1846
4395 3552
4722 2778
1241 1453
5740 3205
5565 4229
4805 872
802 2126
5588 2774
515 254
4049 4295
3925 1383
5404 108
4675 2275
4170 5803
207 4370
4977 1568
4835 4382
3362 5505
5107 2585
844 4602
66 790
5208 213
52 1996
50 5013
1670 5182
1142 3851
1622 885
922 783
1893 3969
5235 4216
3287 2571
1565 23
2034 465
5802 3544
5746 4958
916 4573
253 3843
4908 2765
5273 5336
136 1501
1960 5046
5093 5610
683 3704
3312 2763
4654 2143
2252 2022
56 3220
2703 4746
2925 5575
2753 5414
5647 2102
589 2937
2554 1186
230 2483
3553 1374
4576 5293
233 4331
3952 3941
5036 3960
914 1368
5510 2953
1467 3043
3014 1466
28 2913
4112 3122
1228 3003
1815 5663
4317 1294
4804 5157
5021 5891
4463 1116
1739 193
3610 2326
3297 4902
1888 5426
4364 5805
5797 5314
758 5406
4114 4178
3278 414
3096 840
4632 1606
4217 525
1465 2207
3002 5662
5157 5306
4688 190
1875 3898
873 5338
5292 1036
2865 5593
4469 5857
4617 141
1114 4593
2498 3736
3020 4903
4351 3116
675 157
3238 656
1895 5128
2967 4154
5100 4914
2885 5180
162 2179
722 5243
1892 1598
3274 5740
4678 4705
3036 4152
121 5196
2893 3154
2759 1803
2189 3888
1971 4192
4359 3267
3940 4492
5097 429
151 4344
4598 2759
5331 1026
5306 4606
2461 5997
5216 129
2548 3607
2887 1672
235 3535
1776 3112
2590 1750
2955 1958
5154 669
5922 3403
3540 4148
4905 1790
5619 231
455 4719
2738 1679
4327 3306
5033 1893
618 1902
2260 2761
1443 1624
2991 5618
1300 5667
2214 809
2128 2600
4054 4755
3516 1079
2902 2651
1387 5875
3137 2626
440 280
1451 1002
856 3987
3509 5720
3891 242
549 353
2849 1563
2938 74
4740 5375
1238 3396
4549 2758
4397 1973
2221 1731
1486 578
5279 650
2401 980
5975 4155
4238 2979
5098 848
1554 200
4262 6
4569 451
2644 5079
1179 106
2767 2295
4610 5884
5430 5015
4137 5313
1001 2541
4949 4849
4911 3495
5871 5087
2863 2579
5453 107
979 5124
180 2517
2080 5430
234 3665
1638 1947
2757 33
2048 4085
5582 3501
4094 166
4320 3068
3234 1379
5936 4221
4396 2243
2542 2156
2964 4409
2908 2110
1788 2290
3565 683
4452 585
4798 3908
5464 2411
3366 3738
5947 764
3818 3427
5393 4855
436 4496
3174 5802
1966 2725
2620 366
557 5730
291 413
3542 3551
646 5042
4783 4119
3464 2132
5503 1979
1197 2563
4371 1612
1973 5903
5992 5328
5832 3277
5505 5627
1487 520
2276 5326
4188 2892
5150 1916
2028 2168
3928 1366
4071 4822
796 5847
5682 140
4764 5983
5901 3597
808 1155
1406 4538
5699 632
5466 1651
443 2848
5480 5410
5343 858
4955 5705
4760 4242
2246 4136
5139 5277
320 2976
2650 4497
4334 3114
819 1114
811 5809
4451 1035
2209 4298
1110 2534
5408 421
264 4756
2163 3947
5487 1406
3109 539
1448 3560
3028 829
559 3449
331 2203
1614 2682
629 2781
142 4734
1635 2101
2758 2797
247 1168
4323 5614
5322 143
5039 4451
5774 1387
3498 2737
3709 4005
2625 4654
4605 576
4473 1269
1222 5926
2006 2771
3861 2172
4599 1983
3992 3394
4344 375
5334 222
2877 969
4265 2749
1024 3213
3900 3995
126 1371
1860 292
275 4150
4540 2798
5229 1415
2118 2559
109 1243
4045 1961
4418 2469
2608 5360
5940 5382
2795 3516
2419 5606
1452 4701
622 2145
2656 4450
3304 4215
3769 1209
4496 3334
1216 1445
1031 3585
2433 3314
5857 2217
2005 5486
1755 5198
4536 3167
3628 866
5633 3232
4060 3037
1831 3619
482 3327
4663 4116
4652 4096
4972 547
4524 1010
2928 2309
5666 4193
6 913
5994 1207
3492 3158
304 1843
403 5862
890 762
349 3661
857 1491
45 47
2007 677
1798 4736
1863 5466
5003 899
1802 1296
44 66
2783 5213
4765 409
4298 1950
81 3191
953 62
1532 3346
1247 2063
4427 853
1998 3404
847 569
4708 5611
2242 105
3580 5016
3064 5944
2697 4824
5470 1953
196 1089
3012 1245
280 458
673 1642
5589 3528
4776 4796
1525 3051
747 3799
1105 3349
3087 4454
2744 5677
4716 5149
1317 2870
4891 2836
1942 3886
2971 3389
437 777
368 113
5011 5399
4796 4552
4384 5672
334 4201
2561 2537
330 1465
3356 5109
3082 2288
1786 3204
2589 5239
277 1911
1311 1880
1003 5058
826 3958
4377 2474
1246 4972
4667 1817
2247 3922
2559 3891
1521 4745
2719 1334
5917 3773
772 5856
231 1897
3898 3421
5411 5953
3985 2748
4724 4376
299 5163
3955 3708
2219 1377
5083 1712
3696 692
2922 5475
3466 5845
129 2532
1738 3238
1337 5478
2424 5842
1349 3308
4677 3172
5511 1749
5650 3350
4115 5332
2981 2785
582 2581
5492 5873
5564 5148
5473 987
3704 371
2690 1891
5606 2093
3550 1783
3005 3325
5196 1544
1361 3767
4644 2161
4399 2055
4162 1601
1820 3756
1736 4379
4682 2327
2973 5638
353 334
822 506
5794 2744
3676 131
1456 3256
4571 3391
4919 289
2869 5154
4993 3747
5268 2544
3414 491
2139 5728
3430 3057
4330 5652
2875 1440
2658 2669
5437 1802
3033 579
898 2815
364 2908
4127 5855
3472 661
5424 2572
5140 991
3162 5159
4191 2890
924 5935
210 3553
4696 2801
300 1055
4031 2638
3500 4777
592 1763
1206 3465
1637 1941
4854 3010
3744 1523
3204 5223
4210 5831
152 800
3681 3460
1537 4509
4275 1900
1253 2958
911 1190
3838 5022
5287 1493
1111 4947
4412 5910
146 2034
5179 3531
1767 2501
1261 609
2848 725
1825 3357
4648 4011
2104 1467
4684 4989
4649 548
5667 2964
2810 36
764 2756
3058 5088
5625 915
4218 3478
2268 3778
4017 53
3461 4888
57 2843
849 1515
282 5877
3772 5247
5415 4167
1712 2929
4111 393
963 5123
2265 4831
1757 1571
4554 5977
