6500 8500
2843 985
6387 4316
1246 2709
728 5093
1644 2818
2030 3690
5086 1391
4953 4456
2971 5566
3759 799
4578 1758
2201 1509
2826 759
4415 2778
5435 1513
5390 3872
1023 1574
5282 2476
1796 784
4808 6031
432 3685
5357 1058
4518 2900
1469 1813
4997 5182
2465 4382
765 1518
1363 4113
4040 2543
4154 1946
4888 3241
5558 2147
2350 1544
2762 1402
3822 682
5925 2423
4774 4236
3620 5170
3756 1463
4791 3649
306 6300
3760 4977
6360 3838
1914 5850
1995 4163
2769 164
4633 2721
5091 5624
2881 665
3397 2068
4919 4531
340 4408
1319 2966
284 5180
2361 3274
5807 1188
5099 2701
4058 2031
141 5962
2686 3728
1429 1269
5000 5113
1014 2075
3351 6393
1526 454
5756 65
2883 430
6376 4832
5275 56
2839 6438
3088 476
1385 1861
1912 4492
2183 4897
1578 3835
4095 3218
3229 4467
5747 5383
5649 3477
4625 2376
5659 1095
5809 5814
4130 4542
4113 3233
5510 339
2822 565
1118 979
4010 5712
4378 841
2200 1475
1362 1829
1274 6014
3865 5033
1208 3202
3482 337
3633 4132
5682 4988
5286 1850
446 1775
2086 279
1972 3425
2652 1991
4369 4277
5636 4643
1112 5061
5476 6210
3506 84
2378 5479
6380 5223
2426 732
2940 1030
4728 5658
4181 6449
1180 5458
1752 2148
5500 1948
380 5024
2105 2635
2209 5726
4949 4726
5863 5124
835 3789
2776 5214
3378 2945
237 3146
1326 4689
2283 6132
5954 4573
6221 1583
6347 1586
2059 3121
5679 4538
470 6424
2222 3402
5152 1392
4326 117
5143 2907
6432 2136
5393 2305
2856 2506
2983 3230
889 5138
1129 469
5538 1769
3684 5262
1732 4732
1173 3509
3483 1837
5588 2419
4006 1927
3077 3471
5440 5590
1122 2259
5021 1712
334 2679
1277 5469
5857 3801
576 4675
3208 229
2862 3208
6132 4147
6034 2224
4705 4707
1842 2080
5947 6153
4268 5947
1303 3762
5892 1810
4979 3906
4668 6147
3054 3035
1908 5209
1532 6068
1032 5737
5868 4484
6483 2472
5843 5595
3616 4688
3556 3716
121 594
5139 6395
5542 5074
1472 2843
6139 2693
2754 55
5331 6312
1944 4186
953 4116
5292 5741
5979 1752
3172 5279
2617 2117
6300 523
6068 2520
5147 4614
5226 5314
4404 4327
1622 182
5427 5345
1271 5619
74 4482
5556 873
2458 1724
4772 3533
1713 1694
2066 6105
1388 4140
2808 168
5734 2296
1355 4655
5737 1109
1767 4949
1175 5740
20 1972
5613 6162
741 4047
399 3124
171 3928
745 2160
3500 3049
3166 5632
4837 1043
5983 6065
4822 5940
6411 2992
5611 2776
272 2108
2168 1400
476 1473
2231 2165
4354 4365
265 3574
1903 343
5903 4428
6053 4927
5359 2606
6225 348
3175 470
3264 6290
2009 1246
4331 2258
1777 269
3043 2614
63 4341
4520 1558
5527 2862
898 5360
6235 5174
4276 5715
1772 6054
6072 2791
4390 5543
1358 6332
4486 707
6200 3497
4033 184
5318 1594
1164 2241
6159 5889
416 2040
979 2380
4427 4169
5687 5130
4153 3337
870 1168
4387 1552
1610 4896
2159 1555
2906 4698
6087 143
4589 3914
5092 1546
4282 5462
3791 2335
3335 3600
794 4254
5202 3702
6291 3696
3670 1480
5463 5832
2527 6371
3735 5401
2916 1886
4125 461
6333 3500
1095 5819
2727 3746
4900 1854
5685 6487
4413 4840
3724 352
756 3607
4868 543
6222 4996
327 2327
242 4965
1660 3461
5534 2107
4683 4867
4018 5936
88 1160
1091 6226
4981 1065
2749 2803
4418 6182
3567 385
1715 6213
1546 2550
5774 5177
2007 2887
4136 4198
5482 1834
1654 6066
6107 1059
2722 670
3694 6342
4220 218
2475 121
4109 809
2075 1249
1293 357
5995 1040
5644 3640
2823 810
5722 1120
5439 5603
3505 5614
2902 1022
3942 4071
6227 317
2973 1903
4542 608
3475 5992
2977 2096
1822 782
5320 4738
2094 1911
4873 6419
5235 1957
786 3072
4208 2880
1379 749
3450 812
3362 1727
4552 2936
3543 6428
362 507
5719 2399
4920 2727
735 2737
4652 1201
3509 2505
1959 3752
2824 5069
4570 5387
1402 1665
338 4385
5308 1289
6033 1338
6173 4864
4322 2928
3974 4993
4118 2213
1202 4275
287 4157
6201 354
3339 2503
4003 4359
1352 4979
1015 3496
956 1682
6156 5665
3037 4754
2604 832
5478 6243
6194 6430
36 2341
1937 3400
6335 1774
2428 468
478 1647
3836 840
3232 159
599 1012
727 1348
2322 2471
536 4731
6497 243
5337 5107
2828 3833
157 4985
1085 4831
878 463
5389 3332
5739 3865
2433 1641
5056 3805
4182 843
753 3081
823 5979
5135 6196
4197 2995
1186 2455
1458 4315
4513 5303
1805 5847
1755 943
623 6203
968 289
2071 140
3878 2998
154 1521
530 412
3137 2731
5160 752
997 5352
752 1145
2026 5218
5511 2211
1108 2509
297 1615
1765 2814
4974 4575
5691 4681
3663 4700
4629 3679
4450 5879
4224 1866
6482 3828
43 1247
3321 1234
2766 3451
6384 5041
868 361
5517 414
1212 5647
3863 797
1627 6015
1 1136
1420 3378
5146 3216
6112 2535
3723 2829
2057 958
1635 3660
3586 6422
2002 104
5698 5172
3626 5848
3446 2647
3059 546
1185 4056
2714 3575
838 2604
5336 3913
1100 5557
5277 1123
519 3738
2265 4127
6348 1080
4761 5167
6184 1277
2944 1371
1431 3170
4359 1599
3761 602
76 4300
676 458
583 3470
6031 4967
4376 2909
471 4511
15 3133
2124 4942
316 2511
6050 1053
3798 4757
4695 3633
1545 393
2353 2551
4184 76
1858 5692
2134 448
3648 4657
3471 6151
4816 240
1393 1403
995 3374
4972 6458
5363 3780
1466 5770
4275 205
1060 6097
1518 1876
3300 3791
143 1159
405 1603
3067 5013
5797 685
4851 5801
1098 1360
4750 705
6388 346
102 417
2171 5014
6441 2131
455 113
344 1934
2315 6483
4982 2641
733 3940
5065 1216
545 5963
2092 1856
5958 2602
6102 43
5144 4191
4452 2510
2647 868
3459 5599
1483 3765
4590 6150
4698 5989
3349 3186
3640 953
5959 4362
3698 1803
4903 2901
4485 4544
1191 3394
4221 2687
773 2917
5615 3875
4787 4421
3996 5532
2764 4194
6229 2132
2088 5616
2060 6116
1051 5415
5496 53
4989 291
504 5791
4227 1471
2035 4284
374 1535
1626 3391
720 6100
2399 6414
122 3621
484 1450
4101 4360
5820 6394
5423 2340
5880 4827
6492 4125
3281 4596
4039 3942
6478 3905
1673 488
2463 5293
2383 2631
3493 5286
2664 303
1676 2773
5638 2014
863 3519
5778 4940
5966 6392
3946 1069
6048 1227
5466 3455
4202 4104
1803 1826
6314 5792
331 1225
1692 6233
5886 1000
1043 1398
1290 4267
1818 3981
944 4923
2266 5981
4594 2569
3193 4883
3434 494
4809 822
3144 4340
5960 5068
2793 2542
1245 1440
3875 2203
6131 3601
6044 4107
124 5148
3753 6145
1315 5456
935 6396
3458 4679
3594 3267
4918 733
289 1458
2207 4705
552 4334
4164 3933
3238 2458
2397 6283
5796 3373
5578 5106
5917 3325
1449 1372
6316 1314
5140 2890
144 2334
3581 1063
1451 3673
5784 892
4577 1221
535 5471
4263 4629
4121 3663
3679 5818
4168 2633
5549 1905
1354 4786
3513 5342
1575 561
6440 3102
3478 3754
2175 338
4348 5414
1093 3352
3078 5944
911 2027
5264 3973
3786 1275
1799 585
3404 2069
4775 1808
1002 262
1624 3410
5400 3733
6323 2830
38 5315
3234 4453
5205 2761
5053 4442
4887 3099
829 4434
806 6463
952 2012
4693 3844
2966 4817
5502 176
6280 3995
1300 3069
3692 2319
5050 5646
1857 6293
3001 3988
4215 4152
4178 1551
1234 650
1313 326
1833 4026
6135 981
1318 6423
5074 2786
6055 3348
3079 1130
6218 1047
2441 2952
396 3349
1836 1642
1844 3225
649 3341
5632 4141
2526 2759
4853 2172
3634 2833
1788 5570
3038 4855
1793 2955
5312 1413
381 3422
5043 5793
3013 50
4515 5535
6334 5429
5297 3038
5627 699
94 3311
1971 5625
4901 5689
2016 3353
3220 1405
5002 564
6358 1158
2596 3585
4036 4406
2077 6032
3201 2268
2289 4650
2388 1195
5069 4978
2150 4987
1646 3191
5321 116
1159 5855
1915 172
3104 4551
6473 2919
4609 5935
2729 3790
211 1256
2901 5077
2108 6063
4724 389
2328 383
1861 6225
2912 1631
1220 6365
4984 5958
1814 2489
71 4246
3768 4671
3956 1864
4107 869
6343 5264
5061 1211
3977 6302
0 226
3010 1569
1838 4114
3085 5591
5461 5183
3328 238
4459 4767
3294 6107
4325 4053
2677 1487
697 3266
2583 1947
5913 1431
3134 5812
5072 5561
6017 1449
3546 5948
1027 5969
2879 2563
1936 734
5494 1186
5097 5233
3099 2713
3309 1989
2139 664
1124 2408
541 5335
6101 3482
771 789
656 766
6213 2247
1256 60
6079 2114
3408 4459
3580 3467
5495 2196
1262 2481
3819 2120
4672 6402
6496 3354
2761 1393
1072 2889
1759 420
1684 6354
1373 5925
746 4212
2988 2397
13 1628
1364 1939
1491 6425
2302 201
854 2490
318 274
6211 2796
1521 3063
3409 4099
424 3423
2675 3722
2832 5122
3149 5588
3503 6189
2975 3021
3262 1983
723 4600
2974 4092
1875 3169
3804 4352
6446 5195
5950 6045
433 4476
3830 10
916 2695
341 3350
3707 5114
373 6377
1655 192
2788 5222
5106 4403
652 5627
4350 3080
4749 83
5035 3546
4313 1303
871 4030
887 1359
4596 4957
5915 5495
1090 285
4674 6398
5733 4046
913 5446
5908 4498
6071 4032
4132 959
4537 3808
42 6112
2332 423
2928 3684
4541 1312
6271 1784
969 6498
3999 3440
4597 6223
4867 5307
4246 4485
6157 3944
832 5227
4409 2537
182 4517
1162 3344
1394 522
1101 5146
1029 5156
5591 5390
2288 2677
5856 6120
3133 1283
4435 5670
1068 3490
769 6109
5403 2793
2325 951
3962 248
3814 6238
5183 3826
3006 3076
4273 4414
2784 6329
2545 5563
4160 669
3893 2860
1762 1718
2982 916
4789 5857
2609 2669
5554 6317
225 3109
2064 2871
2052 5690
5531 5921
2280 471
860 4012
5272 5181
1167 1893
5407 2009
1238 4381
2702 75
4650 1901
5598 3803
842 6426
2405 1935
5845 299
4358 1350
389 5577
6391 2336
2621 5585
3429 5136
3717 2994
6024 5427
3381 2323
335 4628
2853 6227
149 539
180 914
4813 2015
2416 5480
5300 874
5871 575
648 3268
4470 5309
4781 387
1217 462
4721 4737
3538 2886
922 5115
4385 2360
5847 4562
1650 5178
3540 781
778 3046
4261 2625
5191 1004
186 6344
3463 5815
982 4205
795 3538
3383 6199
522 6217
3563 163
1227 288
1345 2295
430 2113
2411 4814
5033 1672
3964 5237
3758 4830
6051 4213
1590 4724
2320 1036
5792 646
4048 1404
51 4537
412 3635
5316 3952
5280 2460
3821 2681
4732 4907
1614 2982
6134 5669
5444 5455
321 6383
6012 129
2548 4779
285 5253
1880 2342
917 2383
22 2883
4133 2314
500 4743
4 4128
3247 3871
5449 6309
1709 2772
2627 4571
1441 4693
3853 9
1048 6453
5592 90
5996 4919
677 6149
2451 4989
3342 6171
3736 6338
5364 1539
3072 1735
3922 4861
3496 3265
926 5929
1247 4758
639 3652
3467 442
4798 4880
826 2792
2406 4142
239 5104
4548 3518
5899 2738
726 3608
1672 2478
2477 676
79 978
2157 3892
2805 6267
4379 3055
3278 621
3664 997
3097 3276
3654 6127
1190 5384
515 5564
4180 4192
5306 2536
80 3779
6433 2562
3994 3637
134 3730
5940 5816
4104 246
5413 912
4756 120
4430 4968
274 1859
360 2922
4932 1232
6188 6376
465 334
333 3111
3578 3776
6461 4560
3174 2620
1084 3567
2914 1923
5641 3481
1563 6327
5684 2770
524 6337
2693 4412
5742 5991
763 1620
902 3070
4663 2127
3401 4584
980 3042
627 271
6296 6216
6192 2787
5405 615
6142 1956
2765 524
622 5444
4843 4393
2967 5866
843 2381
5555 3092
3823 5259
4607 3271
1219 61
4011 3669
3757 497
1601 2839
516 5132
3014 2842
1535 6234
1728 934
3165 3429
1340 6180
101 3048
3537 4665
6392 368
2615 1068
4457 3742
766 3739
3951 1023
4549 1540
3270 455
1768 6348
4151 786
4557 5684
1596 5082
2558 550
1586 3040
5828 68
5776 3788
4845 1401
1130 901
3635 6341
2012 5159
562 3309
2364 4491
2241 3741
2523 5118
2522 5758
4274 1510
2618 5288
2085 365
4096 4788
2254 92
4439 4138
2260 5318
3595 6472
6356 1141
4138 2589
1750 3385
2608 109
152 390
1559 5274
4207 3977
1863 5849
5735 4762
1395 3724
2362 2414
363 3306
1548 52
6006 5747
2520 936
6207 566
3775 6168
5865 4741
901 1706
3677 139
3720 1605
1416 1559
5910 1528
3597 743
2936 3147
5187 1340
5814 817
5926 3907
1632 5954
5333 2864
4353 4462
1235 2852
241 2835
6077 2903
1927 3622
6476 3658
1182 4580
2024 5938
1849 4490
5677 4651
1910 88
2560 5902
585 3398
588 3025
304 3162
2178 2646
3286 1925
1985 3345
1045 2733
5112 1704
6018 2797
3862 3508
3551 1351
5268 776
6438 4210
4818 3086
5623 3210
4242 1660
6288 2048
3646 3045
4270 736
4569 4349
5486 85
6359 652
5575 1961
3323 443
6450 4108
2909 4937
665 4954
4696 3480
6185 2692
6472 1759
4324 5915
2898 4805
520 2100
2245 4448
2391 2888
1856 4612
3331 2491
366 4917
5055 644
1782 3712
4524 2072
5253 478
3729 3122
4059 251
640 1467
1409 1762
2939 838
6317 1973
5464 3450
1205 777
3685 1027
4482 3862
5509 6102
6028 3134
5081 3444
329 2045
1917 3512
1397 2686
5769 814
4216 6264
2235 2841
2203 1165
6423 439
3552 2339
5154 6390
2390 1439
5840 5713
5456 4857
4533 3563
5693 3529
4110 4183
5317 636
2334 3288
5020 4155
1229 4309
1460 3537
1683 27
2213 5682
6022 2445
1570 3763
4093 4189
6299 2283
1480 394
2855 5411
1195 3583
3510 232
6015 4879
4065 6022
4507 1676
2494 6494
928 2734
3176 3105
2711 2134
3638 1877
2113 2617
5095 2372
1263 1924
4736 3767
5104 4411
6297 2177
1696 4771
1786 4369
1006 1422
3911 4129
3050 6496
132 1349
31 880
4199 605
1096 714
3494 4739
3031 2634
3961 1999
2308 4778
6377 2277
4481 604
1948 6369
1598 3262
6114 2164
4196 3555
4232 2387
3690 2948
1017 5381
990 1932
4254 3156
4689 3697
3379 4680
2937 4833
1916 23
5788 870
925 2844
2472 4299
2541 3970
3816 5830
5184 1074
551 2676
5815 963
792 3547
448 4295
5920 2453
561 5995
4591 3232
2373 2619
668 5909
1519 1914
1250 1469
3160 971
1419 5007
2439 2357
5218 403
1476 956
812 820
526 6346
6027 5878
4950 6193
1564 6284
4458 2699
2326 2884
5041 765
1580 4673
4007 1753
3642 2754
1265 3936
1850 3979
2490 3642
2498 3499
799 3057
1993 1459
4223 2042
3713 4137
4833 512
4838 2529
5725 236
988 4792
4117 627
353 5553
5512 1651
6205 4336
1377 5697
330 4824
5642 2799
3466 3556
2555 4751
1769 5405
4850 5129
5113 1310
4669 2402
1147 4184
607 3050
3969 5298
5039 6273
4128 5795
6293 2766
1198 5731
4407 6413
1551 5612
505 4499
2688 851
5350 3060
1062 4044
3065 2208
3655 100
3782 4619
4704 4900
6381 3113
5994 3434
3350 3012
474 44
1145 4373
2849 4248
3413 3370
3106 370
3288 716
1652 1133
3808 110
3852 3868
770 845
3252 1305
6463 3543
5472 4452
5044 5067
5564 5396
4546 1066
1470 612
3314 2847
5806 4
5577 5729
1617 3691
1898 1685
4222 735
5059 1557
328 5728
3218 1662
1473 2632
3899 4893
4194 4694
5614 3360
4226 3094
5213 5245
758 2729
4820 6482
5087 3088
930 887
6430 6370
4259 3409
4960 2872
3848 711
3903 6313
3224 4079
6054 2237
6409 3837
1947 2682
564 3768
4424 5079
4000 1731
1756 4800
3161 4616
2980 3517
1886 3141
4613 4772
4300 1623
6365 2311
632 4281
2414 3606
4902 1142
5088 2450
4500 2549
3042 5779
4631 4043
303 1147
2438 5502
5355 5569
6321 2840
776 3358
2890 2732
4690 3523
3933 284
3112 5821
6493 3178
2794 1356
3766 562
5096 4672
1496 1336
1082 4889
5356 1532
2854 3247
1593 6186
4422 5065
5015 6305
1317 5217
2036 6209
976 4370
5062 5193
6400 5618
2410 2546
3710 4500
96 4514
2496 1421
612 3654
5570 2981
2173 5252
6459 1048
3809 5743
4987 2124
5953 6265
5194 893
5241 4523
3516 3294
984 1617
224 724
4627 282
261 5072
2424 6364
2501 4272
3612 5063
10 2030
3184 6002
5378 2824
6363 3565
4908 1593
6176 4477
320 1570
6378 2817
5341 2648
5497 5208
903 485
3403 1419
1188 3494
2640 5116
5150 6148
5442 3562
5382 3307
3167 2999
3123 3404
4075 4644
495 6158
490 4818
5772 1600
5123 6152
2674 5343
4827 5552
2153 2321
482 5474
3484 825
259 4588
5835 881
1249 5518
4241 2456
6108 2085
5535 2293
6046 6343
1549 5887
3658 2236
2747 1767
1414 2137
818 2086
804 3161
6429 757
6047 5120
4019 5506
3433 2385
3796 3646
580 2942
3347 1855
3377 74
1463 3312
946 5464
2695 3016
4021 1607
232 3597
2080 2294
2825 5039
6305 5199
1945 2415
2517 3464
249 3570
5011 2050
5763 5892
4819 230
2561 4740
5894 2488
4229 4983
3871 1531
3263 4435
5696 399
2386 3036
2585 2078
5839 3486
6105 3755
5153 4068
3032 2765
3110 1128
310 4098
5907 4636
2314 5718
2804 5978
3155 4215
2875 824
5078 1426
238 5128
247 3215
645 1307
1594 1388
960 1839
6016 1131
1076 3253
2158 1078
4377 4837
6399 1633
218 294
3226 3000
1259 6011
1407 4670
2767 2547
1717 4455
1957 722
2392 2978
618 5888
2116 2324
1436 1860
2540 302
4344 4148
6150 2457
1292 3433
533 1444
2300 1606
5945 3457
4185 663
3305 1284
6039 3998
5929 4746
3699 1083
628 5811
4372 5191
2763 6279
2185 1434
635 6169
1022 3659
1659 4823
5758 1591
4848 6134
4566 4356
813 5308
2065 3964
2679 5851
5688 2152
1456 3632
3303 3971
3258 2129
2141 2912
1008 1446
3373 3667
5298 4187
6110 28
3769 5939
6465 4111
948 295
3473 1597
5296 1661
937 5652
5019 4696
183 515
5909 2195
2097 3603
805 4811
6486 2176
3384 1378
2877 1990
5223 5358
1541 6406
2891 5437
532 6205
387 490
5443 4465
6066 4946
2650 1179
1169 4158
5668 3472
58 1496
1825 5399
702 3280
3479 2304
4744 5417
6153 1807
6443 4377
6266 3524
895 1889
661 897
5565 3778
2394 4934
264 2198
1061 2232
2006 1020
5492 3672
5068 3723
667 2099
4139 6232
1404 1320
461 6350
5438 2858
4042 729
3127 560
3221 4906
1506 2905
4310 4848
5635 3878
6303 3236
3989 747
440 5772
3387 1962
4937 3197
1428 5220
4834 1841
5600 4826
2987 1476
5168 277
3976 1627
3990 4479
5120 746
2264 579
6294 4154
5850 5970
663 6194
3000 3564
5249 5080
2427 4812
4879 5000
2307 3154
4875 1571
1688 1760
5544 3167
3285 2933
2893 1916
5838 923
5023 6048
1119 4729
4640 1873
4411 2194
5013 4652
5583 3207
439 5266
732 3812
715 5555
659 4564
6308 4699
1725 6289
3188 165
4355 4364
156 4602
3889 4640
4560 2168
2930 3520
4823 3068
2786 2867
1360 3614
5939 1189
2970 3226
5262 1811
4911 312
1866 4581
1207 425
3131 2359
5652 821
3576 4518
5199 2448
5821 1656
3902 342
4256 2028
3454 3850
2466 1076
4711 4264
6013 3395
4309 5289
3259 1879
3045 4388
339 6275
2229 5683
3062 2663
1589 1625
3855 3602
1919 4943
3843 1417
784 3834
2161 3257
5789 189
6287 4525
707 6442
680 5912
5573 4229
5042 4070
2480 3220
361 4460
268 4632
4831 4863
3076 3674
6197 551
4286 2101
5529 5733
4283 6138
1110 1369
3192 5509
1839 4150
160 106
641 4866
3242 4368
90 4260
4952 2462
1366 3516
3087 1357
4753 660
1930 5641
3709 93
710 1733
3019 452
5793 244
5421 5483
4530 6164
4084 2891
1716 2920
5335 6206
3514 5950
4446 2369
4437 5210
2401 1974
5829 2762
557 1519
2701 241
5790 4400
3095 4972
5963 1746
1695 6436
2731 3639
6495 3405
5103 4051
4954 4366
1437 3342
2352 1653
4386 4667
1613 5886
3622 2988
3337 2552
3082 6046
4187 5166
2226 4519
947 649
5785 5899
803 6087
3039 6088
5504 3466
3650 6025
1771 535
5876 506
5377 286
3419 6121
5933 376
1754 1386
1310 582
2453 5171
3905 1385
4467 3881
2385 1044
293 2098
3361 5083
2500 4634
4277 3735
4371 3927
2730 1613
2562 3372
6254 5434
4375 640
1222 3983
5521 3749
192 5355
566 4273
1888 4077
324 1802
3773 2568
1657 4354
1333 3706
3958 6450
5310 3164
5869 4146
3313 4117
5203 1527
1823 944
3647 2989
1427 2971
1978 2637
5824 5773
278 745
2870 422
719 1798
3776 5871
3518 5527
6274 467
2434 5400
4306 5402
4980 3935
2797 1153
40 1486
3180 2388
5900 2110
6097 4319
288 5018
506 1919
4730 2494
1021 2158
5943 2705
5942 1105
2724 5465
2795 4170
5326 5639
5475 3869
3237 2502
6354 1835
2262 2946
2746 1637
555 5319
2735 3616
128 2424
4925 4266
1038 5845
1686 1191
6420 2470
3239 3525
5029 5103
4653 3809
5114 1766
4400 4241
1116 4734
5102 3886
3266 4728
950 214
755 5357
3605 5254
624 6198
4175 4446
245 3346
5826 1253
3521 1050
3108 2672
5212 751
4047 4888
4804 4415
1809 4396
3316 828
1036 5836
3024 4534
1178 2757
270 4367
1287 1229
2180 4145
528 5608
5259 1037
2396 3747
1106 5630
892 5431
4701 1757
4817 4450
1329 5651
2038 3293
4551 2024
3656 6081
2296 3991
5290 2579
4676 1381
358 1011
181 2121
3737 654
5976 5157
5823 5449
3813 5326
5399 2807
6183 4916
1056 4873
3630 5112
1063 5294
2199 5485
5118 3594
6189 1562
1241 678
4016 4280
6422 3272
5987 3760
6169 3039
4343 1790
4842 990
1951 2440
5491 5330
2313 1295
2344 4776
2118 3127
4044 1930
5489 3125
5665 1441
4670 3235
2506 2658
4707 1553
93 4605
4742 2183
2499 1781
772 865
2783 242
2413 132
2040 620
5133 70
1966 3075
3847 6294
3002 700
556 5993
4057 2352
4714 4441
313 1922
5551 3417
5257 1291
4615 3707
4966 5143
1030 1300
5523 4005
1744 5265
6074 5705
637 3661
26 6034
6191 3408
4323 2025
873 2207
3780 5370
1336 4131
688 4904
1982 3101
2995 4780
5997 891
3056 5467
2998 3249
5973 2855
2908 5522
629 3431
2871 5717
4821 5348
219 4836
1653 2899
3792 5824
5519 3558
654 1992
4475 4768
443 4844
1700 1034
6063 3861
915 3938
292 6098
713 3248
4864 447
5628 1632
2093 3976
6115 5567
415 933
2580 5558
4281 3714
2218 1414
2873 4303
874 5004
4766 1897
2725 5937
955 54
60 857
2225 1276
3512 1578
5870 2095
4601 1279
2068 2343
4777 1975
286 2250
1745 2638
4030 353
740 6250
820 502
5550 1134
5459 2653
1608 5542
678 5407
3322 2466
2227 4761
4910 4067
5585 1239
1332 5125
217 2666
398 2178
1154 4321
3539 919
512 6475
3991 2965
6133 3507
1298 6253
6208 6188
4034 5700
5180 595
2976 1560
6390 340
3708 380
3533 5825
2505 4257
138 2427
712 1311
4671 1319
3157 2272
4360 2344
992 558
3673 1836
2409 5777
5396 3359
2163 1197
959 141
5567 2722
2395 1116
2387 5730
401 3336
1687 5419
650 2299
2818 5300
2004 2642
5919 1174
5116 5762
1843 5215
3324 800
5911 3781
5076 5425
3884 5463
6282 3135
3338 5150
3806 3495
1081 1771
1699 4759
857 2588
1502 209
1240 3698
6498 4541
626 301
5616 5221
4388 2192
1046 1328
1357 4597
630 2201
4725 5075
4957 939
4943 5373
3738 148
1790 6439
5690 6077
2042 378
6252 1285
3529 5457
3844 2775
177 5823
2710 5052
5309 405
1141 2219
3245 6142
3400 3771
3445 783
6215 1493
5561 5523
6499 4343
5618 4816
574 1515
4287 6135
4861 1750
6216 4118
5981 4206
6434 1707
4677 4654
5680 3891
2770 2199
3531 1203
3282 3356
4896 4851
6078 5421
70 5515
865 2854
2694 2240
5003 2256
3864 4443
1611 2094
4423 1872
687 6086
5626 4061
1928 571
2575 6167
1969 235
4247 6036
5128 2245
1495 3182
3465 932
5431 3428
3643 1609
1513 2974
5446 1818
1719 102
6278 4121
6180 6021
6145 6379
1647 2191
3102 3827
4384 2279
3310 4470
4519 844
6100 2020
2078 1547
228 2000
2304 1738
3140 4773
3585 6415
3374 1833
1855 280
1490 1622
3849 3678
2921 3943
5516 1722
2176 5389
4392 492
3693 2302
145 5095
5182 6384
882 5620
1606 5735
3704 3008
4100 3171
3985 5695
2510 769
3021 4903
5189 555
5568 1464
4796 3143
2198 5988
4651 2238
4086 5584
5136 4437
1236 4563
4994 2777
3954 3333
5172 2104
5200 3107
5711 1981
6041 2454
2018 3863
3100 3972
5445 5203
5110 1536
1272 5091
3372 1851
4532 6207
1268 6437
4468 723
5866 3483
1922 5450
3579 185
3979 2545
5858 4203
2271 5186
213 1132
5842 4199
2061 651
407 5071
3171 4374
3931 2703
8 1254
5597 3389
5801 6056
1774 6255
634 5476
5572 2902
5477 2735
2028 6235
4493 24
5299 1220
1938 1984
1574 4625
4889 188
2715 974
2698 2151
4656 6333
4067 1575
6257 3527
1730 3917
1314 2264
4195 3980
1003 1516
501 5037
4929 2266
5157 5391
5779 4093
5596 2411
188 1258
2032 1716
4894 5461
1827 2674
2248 6278
1751 5623
6424 890
77 5247
167 5796
4942 2916
4654 256
3036 2412
201 5500
5862 6155
5775 1344
499 5549
3671 3774
3881 3211
6295 6471
4267 114
570 2056
5027 6248
4963 5490
2446 3269
1281 1782
3795 6184
964 2822
2250 1772
1869 2869
2508 5372
5239 3413
1413 3066
3517 2233
6327 741
2920 1506
72 5751
5402 119
2958 2802
880 2153
1967 2345
3751 4218
510 2608
5897 1494
6414 4018
6124 969
4186 3726
2644 5859
2791 4891
6076 2287
256 1363
336 4587
497 5842
3269 3013
1201 529
5701 5904
417 5685
4285 1804
4055 216
5639 4496
2109 3873
655 4057
3410 1678
5873 1339
6342 498
2741 4423
4582 4790
1992 1701
2377 626
816 1315
2251 5088
3569 1370
4915 5556
5991 73
2282 2133
1375 4502
2563 998
1729 5846
3927 96
3417 4878
2612 2821
5830 1196
1094 1967
3030 4130
5162 1333
4870 1242
3080 3946
2610 808
4395 2130
4335 2438
3394 5738
3461 1679
3593 6374
1623 1550
3414 418
3589 4271
3427 2531
5723 5184
2552 931
5893 2307
6415 6064
1382 4960
4190 3521
4364 643
1609 2662
1603 850
1430 1395
5607 1244
725 1788
4729 3183
4211 1965
3623 5047
5757 4808
2918 5752
2190 2655
5657 1437
3975 1554
5883 5030
1012 130
3168 4439
2155 1205
3743 4171
5221 2659
3008 805
1662 6236
436 1998
5989 247
1192 6380
3420 1943
1398 4422
1831 4929
1204 2991
3549 505
1845 5019
6451 3106
2331 6479
5233 416
2205 3260
5007 2621
2660 6269
5412 2054
3921 2636
3199 3851
534 2660
690 3041
1383 2254
1862 989
3320 1347
2343 1483
1080 1530
4688 253
376 601
5369 2017
5692 4926
5276 6001
3477 5099
4491 2856
2106 6018
2365 1944
2667 4014
408 1848
2913 5246
4066 5943
4825 6375
4013 5874
1312 2126
744 3270
4602 4351
91 344
3747 290
3719 986
473 1029
1282 3542
717 364
2951 5344
2745 6446
761 6083
3728 2444
4832 750
1705 95
3536 5477
689 3957
5524 1638
1830 3893
4706 254
2442 1460
1422 2894
4758 2755
2083 6455
1579 3150
2172 4567
5768 3411
1435 1365
4576 1271
5694 1793
263 5043
4765 4637
4008 5688
3824 4346
3939 1129
3319 3290
2219 4342
6357 1785
1678 2184
1196 1794
5303 3522
52 5782
2567 2498
4890 895
2684 465
1361 5764
972 5484
1511 2908
4362 3605
5082 5820
3275 5027
4292 6408
2135 4245
1200 739
1172 1097
2841 837
5487 4554
3912 4451
16 6307
3142 5906
559 1635
633 5748
1194 5536
1257 4621
2029 1538
5025 2145
5016 5076
4703 965
3070 4355
927 3797
1904 3589
3963 544
1005 882
3093 848
4686 4234
1645 5923
2000 4846
582 1292
2697 3963
3604 3986
3057 5005
1406 5201
6130 5756
908 5875
694 3475
6346 4918
2491 3087
5198 5873
117 6417
945 4469
5165 5805
621 2816
4301 2697
5647 1598
2537 3123
6014 1942
4070 4096
3810 4221
1893 2741
3436 592
3181 6306
4770 2788
1308 4298
4233 2202
1492 2226
3867 1354
5771 1479
5800 2918
2707 3492
3380 2540
4183 3302
2117 4658
2096 3636
2470 4781
1401 2715
3469 6367
3261 842
5488 2623
6445 5853
2435 1588
3877 5678
5898 2032
6126 4799
4877 4379
5841 2469
3121 3700
864 3819
2073 1616
3159 1321
3141 918
4319 908
2904 3898
1269 1389
2929 78
4697 977
5707 5768
3205 3713
3794 548
3947 4589
1520 5310
4017 4164
4936 1780
5450 3064
884 2229
3214 5799
899 137
5706 5798
1931 862
3352 3557
4296 688
248 5635
1800 3818
3820 4714
6469 4383
4490 250
4883 5547
6125 5385
2398 3670
6247 2870
409 4574
3202 3748
5271 4151
1852 2877
791 2351
2882 802
4999 1410
5 5706
5115 4420
6484 98
5816 6143
5957 441
275 3841
1501 5613
2297 1199
5872 6089
6073 3785
4525 6314
6203 4639
422 3613
1368 5837
716 11
3570 320
5383 5787
3771 5055
2247 1237
55 4391
4218 4345
2382 2865
3882 5862
2594 6388
3706 2768
1911 5739
1335 2123
1040 483
3295 5153
1881 5100
760 62
780 1820
4985 5863
5028 5131
3675 5507
6394 1824
3312 521
3983 1032
222 3446
734 4969
4869 2524
5131 839
68 2347
4370 5829
3800 456
2518 5189
1536 630
4289 6325
6393 2516
2557 206
2757 5582
1225 5800
1295 4713
5090 1316
4611 2166
5186 6113
2370 5368
2186 801
3290 3366
2360 2306
5781 730
540 473
1233 5163
2628 6448
5805 4508
3385 2751
1296 198
6258 4874
1115 3823
6061 3132
5543 4286
6075 3721
2959 2962
5210 3573
104 6229
4921 1485
1968 3362
4514 3874
2146 3876
5260 3084
2125 4945
3566 3201
5307 3254
750 3031
5787 5243
4389 5750
4619 5780
3249 2553
5921 6161
2655 142
5243 4106
5467 3909
4083 1852
1638 4110
3571 4774
1232 6320
5201 655
5673 6316
3992 1582
1737 2560
3453 2961
2492 1719
2934 3782
24 2382
5134 4153
257 3380
2703 4021
1983 228
2184 2790
5404 2544
521 2154
3841 5711
2167 1634
2224 6351
2897 4742
1135 3727
6058 1094
4859 3719
3139 5137
1943 3297
3426 79
2768 3489
2723 658
777 896
450 4449
6462 2990
1392 4755
5246 6141
92 4358
2648 1375
6255 645
2081 4527
3908 1693
6009 4847
402 3634
3073 2106
3440 6157
4678 5002
3995 1406
1077 3802
2601 6474
2739 1204
2236 1577
3486 1882
4773 4931
4814 5882
815 2923
1934 3921
2623 5207
2303 3549
594 4986
5891 5448
4508 819
2666 3795
1738 5016
2990 3627
469 3578
4946 2088
2964 1933
4252 727
6064 3560
4713 1799
6263 1489
2905 4048
4269 187
337 3323
2054 5011
4351 4424
4414 2392
5071 6319
3164 753
4062 1915
1459 876
5547 5583
1789 6146
6361 1411
5970 5701
2164 419
5237 1626
836 4276
675 6480
5474 3456
1783 2879
5057 1734
1722 910
4510 1650
2635 692
458 5827
5590 5634
5375 3117
5301 2046
801 260
3402 5996
2478 6029
4466 1054
1503 5841
1587 703
5196 617
4860 2587
6458 4663
4757 1902
1952 5313
3561 5649
999 2125
5727 2260
1370 2023
695 3205
5372 1149
1889 3028
2272 3766
4523 2001
4715 826
2154 3800
4257 4487
1619 4350
3051 2468
1479 325
5525 3420
3190 5060
2430 4608
4272 2003
2949 1604
4134 2053
2022 3279
4621 6039
6070 5404
1359 5932
483 3491
2637 742
581 5956
2699 587
5285 4200
5553 1342
4280 1976
4123 220
3448 4211
830 5907
4455 4010
3554 1858
1631 3412
1758 5066
4179 5703
1421 6291
3660 1301
3125 4557
4891 3145
2076 1452
1123 1089
965 3382
5560 4401
2179 5775
3887 907
6214 3677
2704 5884
431 3699
5720 4678
5656 1021
1670 5897
4161 5592
5392 131
768 2826
5713 211
4472 4549
2819 2063
441 1445
1504 1507
1157 2798
5637 3033
2713 1086
4082 1230
1743 3238
2355 5092
355 4887
3096 3590
1865 6013
2850 1561
2632 5953
4391 754
4746 1367
6240 3043
2145 3609
2407 2181
3468 3821
2743 3638
5505 3854
5724 1567
4964 915
1484 3286
4365 5633
2705 5198
6093 2644
260 255
1567 4841
178 6201
3784 962
2549 2059
1763 3214
861 5359
4361 2217
4738 1960
5339 2093
4120 2820
1726 2102
3943 5637
5851 355
2624 1729
949 2039
226 3259
6437 5258
5624 1245
3491 2322
4558 1610
5265 2363
4193 6292
2055 2400
5738 3098
1741 811
4098 3054
3970 4333
4031 6212
3714 855
6355 5736
3559 2486
1524 2696
527 6052
1039 2394
266 1290
3301 5663
910 4922
3879 5127
6439 2270
5766 1964
5539 5190
2728 2984
158 6231
6470 4177
147 6202
3953 4997
2046 1394
2834 2564
2577 5648
2187 3163
5896 614
4471 5749
198 4913
299 5565
73 3718
1439 1061
3621 5250
3504 859
1637 2461
6418 1592
1828 4860
5743 200
2338 3586
5956 1470
4858 1913
6168 1226
2960 466
1334 413
1485 479
5129 834
5313 3867
2546 567
5273 878
738 4003
2654 3725
4420 5541
5222 6443
3732 2169
3061 6192
1475 2694
4091 6191
1452 578
5935 1743
3028 4209
390 1867
4647 382
4176 5869
4155 5691
6468 3305
1742 3330
301 5291
1086 961
5670 2105
61 1052
4447 2558
1283 3414
5038 4312
2630 202
3178 5219
647 3116
2535 3582
542 609
5255 3671
5270 3993
6481 2280
531 3744
5601 237
5836 5445
5048 4290
3742 3338
6383 3656
6328 1881
6351 4749
1994 3192
2182 5366
2519 3984
4078 2011
3548 6062
2194 5413
2380 3142
3146 234
1059 4075
2298 6391
1612 3073
368 3308
2425 5964
176 1223
6404 4558
4603 1397
129 5050
3231 351
4304 3880
4630 5753
1497 4430
731 4635
749 3027
3978 3193
1950 795
5010 905
2132 2474
3048 1621
6057 3598
4494 2897
5220 4344
1859 196
209 6299
6310 5435
3393 161
4846 659
797 1789
5070 3255
4429 2806
3993 5611
4448 3596
977 1361
1468 1236
3703 6103
973 1010
6164 1248
1581 4766
4720 5593
2712 6111
1876 3177
3451 1163
3207 4660
1804 2310
3750 6457
139 14
1883 3458
6477 3592
3276 3011
2464 3009
4947 2885
4722 3415
3940 3743
2744 718
4088 1433
3527 1171
6035 1840
2639 5468
5420 4371
5410 6220
131 3956
3027 415
4863 1868
6375 158
3353 1655
2119 3932
2779 207
5731 693
1824 6373
1920 856
2857 4094
5984 6026
5762 2289
1448 3777
1891 258
3767 2950
5718 1910
5751 925
1117 6035
2246 3645
1870 1520
4303 67
464 2610
6056 314
4265 3975
631 4835
767 6456
2239 1101
703 99
5485 5990
3474 5354
4258 5698
5617 4004
1410 2052
1583 4037
2999 3401
4673 2021
798 5576
4776 5031
1270 5905
5705 4686
1766 4899
5373 1770
5179 4649
4278 3705
4142 1064
4462 1490
3828 4875
1066 19
4147 2281
1597 3715
3718 1267
4779 4324
235 3368
3842 3794
3916 5126
1954 2832
4099 1104
170 2595
4506 1619
127 533
3606 2112
5358 6445
251 5430
5515 5833
4464 6187
1210 1654
1820 2016
5468 5840
6030 1293
575 3615
3926 1100
4769 3468
2716 3188
4504 4706
5827 3978
1161 2639
5967 6131
2138 4750
2050 657
3326 5097
3345 5295
3669 5578
1278 6403
4038 2819
1330 2255
5334 80
5037 4486
6011 3361
2978 5062
3833 3561
4428 2274
1058 2076
1510 5038
1242 3925
4225 3843
4665 180
2210 623
1702 5440
382 2837
342 968
3600 1529
2257 2593
6007 3278
5651 2282
2290 1139
3187 6326
115 2517
2994 2065
3365 6244
4924 4963
2374 3758
1900 4468
2021 3204
233 5169
2267 2851
255 5290
4801 3256
3700 2643
6001 2753
1284 315
4575 5320
2039 6345
3779 1909
929 1502
856 3569
2273 5248
6460 1408
4474 1917
3587 6074
1693 4763
142 3221
479 2051
191 6357
2533 1959
3687 3166
5391 3619
4790 1892
50 1723
5258 6499
165 2358
3068 1374
6239 1326
3508 4618
3528 3966
1067 5297
5526 91
4250 4845
5952 1878
5169 5757
5418 4545
6268 3541
5993 322
4402 2650
151 5362
2017 2407
2821 5513
5441 3299
6315 3890
1561 4828
978 6246
5646 3474
1640 2716
4336 6363
5100 2975
3035 3532
3668 5304
822 3032
2493 6476
3210 635
4234 1488
2431 4583
5728 6259
4534 4908
5559 1993
5397 2598
2486 6452
3136 4261
230 1327
445 4565
6269 2316
1261 6030
5026 1438
5024 1581
1854 4910
3211 3710
271 318
2634 1170
1073 4376
6106 4233
2445 6368
1260 4669
3447 5165
6119 4995
5879 1106
4897 3544
1851 3626
5428 4088
1595 6000
1158 945
2261 4712
2582 2526
662 4895
692 1713
4763 1870
4089 18
1218 5049
4605 3920
3297 2089
5236 1219
435 4292
3957 2749
1566 530
5083 5229
4403 2010
529 6053
2211 327
1216 5454
4032 2935
5622 2431
4561 5064
3267 2312
223 2200
2330 2285
1174 1875
4983 3852
5207 249
4253 4594
488 1938
3831 4031
1913 6108
2619 6140
3251 1302
6494 3770
4035 6468
457 1563
5541 3717
5922 542
6349 31
550 4458
3799 2578
2539 4103
3074 3363
4740 4237
372 4291
2098 5375
586 2317
5662 987
2099 2186
4049 2386
5342 3651
3665 3029
2773 5491
5744 4798
2058 3695
5348 2599
2126 947
709 1764
3553 1384
3716 5280
6244 1525
6186 5306
1350 1526
2607 531
2503 2006
2074 4389
3641 460
4071 983
5955 6005
5569 5010
4245 5121
1550 2985
6116 2361
1592 6059
1009 2333
1399 3629
3272 2029
6140 1425
2189 2518
558 3816
2942 3112
4659 911
273 3990
1723 3158
6231 3947
2670 6009
1867 4569
494 183
3327 1816
1471 6366
1710 3924
938 1865
1209 4085
4538 4770
2244 6462
1044 2973
1064 2748
4553 4684
651 2300
6148 5301
3456 5579
2497 731
5330 4384
3511 1318
5031 4386
3937 48
1621 3540
2532 6070
1907 2896
5804 4398
3412 5287
5014 5767
3209 3130
179 5642
309 2436
1481 1265
4029 4820
5362 2849
1033 5230
1553 4387
4512 954
1239 135
6489 4885
3701 6084
491 1268
1302 4764
3608 4097
5887 2600
65 3620
4503 3059
5229 1274
5448 4038
6154 3287
5522 3432
6369 4167
1568 2576
3280 5473
4284 4951
5269 706
2479 5868
3547 1534
5761 2781
850 3023
6485 4690
2911 6260
2925 217
6 5044
6290 4244
5006 4793
4509 920
6340 2977
4291 2067
2790 6144
2255 118
6407 1112
1988 4719
638 2607
1049 6016
5176 1585
5419 3962
1442 559
3444 1698
5244 902
1582 903
4882 4930
4015 1355
4793 5333
3399 518
1651 428
2169 2354
2358 698
6002 2876
1779 3982
1304 656
456 6115
2572 5460
1607 5917
6137 674
5507 6277
5875 3393
5655 4287
3971 1151
3011 1871
2371 2337
4312 3580
3 4472
3917 5408
2015 5890
4080 4302
3507 1286
3907 4921
18 6219
2892 6331
2588 395
4045 1077
5753 4307
6410 2122
3198 1921
1142 1549
4497 1926
2950 3390
4266 4530
2957 5204
971 2615
57 1883
3069 4715
5741 3587
5962 4704
941 1162
3934 3877
5661 791
1704 5881
1454 648
609 913
4926 4532
4069 3138
906 517
1258 3343
6069 128
4941 1217
1264 5433
1153 5042
2643 160
3138 516
2107 4915
918 6211
1320 2370
573 5205
3876 3611
1812 4255
426 2813
2249 304
1901 3321
5992 5351
4735 5328
2984 197
1929 4074
4201 1778
2483 3245
5141 2507
548 5020
1019 2943
3739 4081
4702 1541
1926 6044
3949 3815
173 3847
1776 4603
2599 744
789 672
4249 500
1697 5173
3924 1498
28 4410
708 124
3430 2949
6082 5466
4606 606
3885 1420
2170 362
1089 6110
2817 6060
64 5571
1342 4416
1918 2720
3834 3
2665 5594
3277 6296
6162 675
1539 6447
4408 2231
4204 5058
3573 5284
3145 5111
684 4850
793 756
2620 3397
1835 740
4492 5496
5729 6007
2709 1103
869 4533
54 4226
6147 2330
2565 1051
4314 4970
37 2230
2162 1260
3894 3157
4616 5003
5990 2750
1999 2853
4680 1853
1291 125
1343 6073
1792 5606
1533 5926
1569 5745
1146 2074
4505 5006
5368 101
277 4265
5170 1182
5941 4947
5380 1692
1874 493
909 4083
1884 2409
53 2197
2181 421
3568 2426
5085 475
5181 5774
4666 4380
5098 5501
1254 5957
5117 2501
2191 2118
6020 1995
85 3014
5518 2780
1351 1322
4608 2530
2943 4775
4166 2700
3389 4598
3359 3814
162 2926
1243 194
1168 4278
4052 5828
5859 486
4681 1614
1092 3462
23 313
2915 4646
4405 3047
5242 2874
4644 1062
3919 5959
4106 1985
2014 2671
1996 6295
5936 1987
4907 6051
4496 1895
1853 4017
2968 4331
7 72
453 1046
5481 3860
2885 2976
3148 5376
602 2081
2384 2346
2279 4748
2357 6385
3721 2987
2672 4431
1457 4577
3558 1026
2785 3329
5148 1708
4426 6221
5650 3091
5230 3572
1508 5544
2123 5662
2 5240
4934 4944
963 804
4293 5617
6083 569
317 2215
3147 4806
3122 6247
2240 5012
2859 2157
3755 5109
6397 204
6298 3761
2049 3825
4521 2007
427 2585
2816 5299
4461 4039
106 5503
2270 5918
4012 169
6042 1710
957 1306
1712 36
3195 2685
932 5048
834 6101
1671 5302
1703 3912
3044 4710
3651 2410
2829 5831
3341 1033
785 2906
2142 4782
5417 3553
1556 1067
5736 5551
1348 639
1817 690
3541 3426
5602 2667
591 3001
1879 1777
1025 5054
4442 3680
1636 3839
82 3007
872 779
2717 1524
1280 3222
2543 3965
5132 1646
2177 1001
1125 1997
220 424
6204 598
2646 3692
4802 5720
5726 2904
6029 347
3150 4086
518 6435
3462 4884
782 5158
3343 696
5999 4242
6099 4413
603 5305
1746 3895
993 3004
966 145
395 2216
4805 2459
6228 3206
1396 4179
5586 2146
1453 5974
5234 2084
597 3003
29 3392
4297 5278
4639 4348
6175 4975
6219 3077
2402 2957
262 4813
5654 4676
3774 4052
2223 5140
1531 2275
3872 179
184 6481
6325 1754
2956 213
1367 5364
3390 5141
4063 5586
4152 5661
4782 554
1960 513
2933 2730
5145 1006
3189 5151
5340 3096
3443 960
5426 2628
6190 406
4912 5667
6220 212
5289 1968
1325 2881
1840 4546
1720 1776
1156 3061
2752 889
6389 4120
4585 297
3661 957
1895 4920
1389 2437
485 4626
463 2618
3896 3213
5700 4445
5166 2711
2682 1332
851 1730
5436 4025
3329 144
5051 1451
3683 1595
169 223
1403 3528
4111 3328
2690 3831
98 1587
4399 909
3914 319
759 6389
5721 3118
5540 489
4828 1194
153 3772
1075 4185
6094 3277
2147 4429
403 4735
3114 6224
3860 450
5811 2947
2151 156
4487 1920
3333 3355
2574 5806
592 5317
1887 4842
4567 5900
4539 1213
1787 1041
1739 1667
730 6218
5107 3300
1797 3882
418 4394
3818 215
764 5249
5528 5228
644 4576
2787 6490
5748 5966
6181 5864
3588 1081
2569 1399
6088 1343
543 4909
5158 4217
2336 2451
4333 1366
4667 708
2903 2541
1525 2597
3944 358
6158 4736
5612 5835
6023 671
2838 2057
4849 6181
357 5769
837 2627
2481 296
2625 5059
4522 3930
3105 4582
4433 4478
5563 2586
503 4006
4692 2303
3439 1075
6146 2403
802 2262
821 5721
6253 5934
3392 5968
377 6139
3644 5686
2403 4701
229 2331
5822 3379
2196 6200
5366 6090
4188 2581
6304 345
2649 6038
4087 5096
5080 5164
983 1331
1083 1800
4146 4941
994 6362
2220 3751
3009 4166
5951 1072
4574 4760
2935 504
234 3897
444 4165
5606 2225
1166 1691
1721 35
2144 4219
4944 3327
6144 2574
2452 4777
1079 2297
5089 3315
888 1210
5546 1200
3382 1823
3091 1429
809 1805
4124 4251
4871 4886
2780 1630
1228 5810
3060 3842
523 174
4655 854
2868 123
886 6049
1323 3334
3837 4296
5279 3618
5387 2613
5938 5804
610 6078
1802 2416
3900 5517
2778 6263
4806 49
1148 2624
718 5439
1628 6334
197 4536
1337 5292
4150 3082
2149 5723
3485 4240
1203 2396
6236 2616
3950 1941
3968 4404
1372 5999
388 4561
5658 572
3254 2684
2256 5139
3135 3079
2626 3701
1864 2504
4771 3407
6233 1742
3545 151
4543 3430
78 3172
5944 5226
6198 717
2732 265
4366 4259
6401 154
2706 4526
6427 5910
5969 264
5374 1548
49 6129
1462 1127
5965 4143
359 996
1488 4507
2814 3285
933 1009
4068 1308
1331 5176
231 3176
5716 2210
5888 1005
4675 5660
3274 15
2570 3987
150 6431
194 2373
4157 4175
1499 4955
2337 3185
3498 2393
2306 1817
4217 5276
3371 1156
1489 81
4501 6358
3572 6122
4191 4556
3560 3095
5912 3295
4829 4461
47 3239
1252 2493
423 1687
859 4035
5332 6057
2576 2193
3260 1657
2444 2704
1286 2683
6452 1705
4638 5607
4279 1514
4679 2559
4046 3316
4661 1714
3244 5472
508 622
4352 58
2945 762
163 4976
1306 4624
2521 6440
3058 611
5501 6323
3952 4195
970 5339
3298 2649
6234 4524
673 2561
4171 6454
4862 1608
3283 1845
2294 4839
6395 3460
1547 3849
4517 2764
939 2
492 6478
2295 283
6237 2265
1576 4659
2811 3804
2363 2592
2742 5679
2683 4020
3407 2656
1808 2221
1661 2390
5645 4718
1418 5529
5195 41
5985 993
1690 3915
4971 2575
2423 2993
5608 1423
3777 464
4922 2356
1494 831
5101 6441
5780 4222
3318 3476
3344 4877
1543 6124
2044 6136
4077 1176
294 4753
3562 4590
2614 1325
1940 3650
3617 3708
5125 1952
6003 4080
480 2654
100 6460
1747 149
4072 5438
5923 2465
5674 2698
2234 2005
6167 4592
2600 4647
5932 3939
1544 687
1132 4015
3089 356
1795 6228
2072 360
4844 5470
351 4058
4962 5545
2051 5197
2534 5707
2595 272
4127 3764
1727 5581
4129 1155
2613 4119
2258 2083
4528 709
1197 5761
428 367
1324 1500
3173 4322
2299 4516
615 3526
6120 2811
693 3291
3501 941
5825 4474
1939 2779
563 2087
4417 4807
5004 5643
4726 666
4441 1313
981 5941
2043 2725
2633 5347
3811 6473
5370 3281
5537 5337
6345 5537
6326 526
5159 4256
2238 1243
4572 4066
2133 4390
6010 3365
6425 1218
3418 1663
5451 5903
2965 1215
3115 6061
2952 4756
4815 553
4700 136
1011 5108
616 5977
1515 5393
3411 4553
3271 5601
3219 4493
1516 1843
206 6470
215 2979
3502 6047
6080 1929
775 5666
3406 3817
2140 5676
3861 573
4210 6310
5376 1761
95 1522
2062 6258
5854 1696
4975 3189
4642 3275
1026 4427
3033 2680
6457 4293
2268 1969
4243 4630
4009 823
6491 2246
5215 5631
5469 6488
1097 4613
4004 3318
4115 375
1542 6288
343 2038
5794 1744
3609 3377
4803 2062
1604 1580
3598 5982
6318 5394
3023 6156
1376 589
2986 1294
1226 4528
2509 1088
4599 5504
267 1122
5906 6491
1666 5105
867 1115
97 0
671 3551
747 4230
345 1468
3973 6242
3334 4862
2455 2243
4022 1884
1433 3052
5675 3187
5214 4311
5460 2273
3686 3478
1103 4797
3765 3448
5001 4992
2457 6190
4799 2115
4480 3406
2638 2018
4288 6004
5946 6173
1311 3798
1560 2596
1412 1890
1641 1181
4998 4001
1016 4495
1199 2941
4739 5403
5379 2583
4786 2143
2799 4054
849 6308
3890 5598
2831 5516
2375 970
5245 2452
1785 4419
3186 5716
4316 720
6416 37
5846 177
4657 4289
3299 171
3856 3703
3124 5023
4023 5331
1371 2349
3930 2228
34 6434
326 5001
3649 1334
244 1172
5764 950
4626 4023
5812 2714
6038 3968
4691 2794
5137 5296
2417 4022
5931 1940
1444 2077
3452 2866
5576 1117
3544 4685
4780 2326
4213 1016
4826 999
4393 5424
1405 1732
1634 16
4807 3644
6170 5475
6171 8
1979 964
133 496
2310 846
2802 1517
3360 5514
6206 5744
757 5776
3111 6245
866 4483
4586 6495
3292 1280
3029 2769
2656 4159
3040 3240
4440 336
3047 2271
3424 1812
862 5409
4624 4197
5881 2921
3870 1830
4872 6461
1365 4543
6421 2140
1718 1114
2418 5894
6307 1150
924 1556
2400 409
852 5200
325 6117
1980 4935
5174 5807
5867 115
839 4821
2989 4258
1390 1644
99 4480
679 5420
3702 5045
6089 5412
2820 5133
1837 4871
2889 4711
4768 715
6277 5636
404 6336
5209 3989
5937 181
6209 1639
4105 446
1069 4076
2953 3883
4516 4856
5314 219
2880 3643
5918 5084
5281 2605
5490 3554
2345 2861
1689 4172
4733 679
2460 257
135 5817
2528 2689
4641 3103
3897 3992
4499 4656
3497 2850
3898 618
2376 5032
4327 4063
3017 6492
601 5426
2886 3832
3495 4202
3336 6268
5018 392
2031 1899
2089 5487
660 1157
2114 2726
3904 3153
4916 1648
3730 5371
847 2434
1131 5554
3442 3175
5676 1323
1177 4504
420 4661
119 4060
1990 1508
3183 1737
3084 2406
6241 3065
6337 4208
6217 5350
5520 5560
2484 1497
2993 798
4346 175
3972 4599
4498 438
2917 858
3235 108
1658 5604
4260 5117
2691 4313
3854 5070
1052 5602
6138 2710
3217 47
3240 2318
1977 849
164 806
1894 4796
891 5538
4968 5168
1681 2175
459 2398
6243 5838
126 1601
3197 763
6103 4505
2866 4337
1327 1412
4847 4952
5216 4102
5263 1589
604 401
2616 584
893 929
2803 2209
6123 5046
6403 3034
3997 1456
2104 3806
243 1669
4660 4708
6373 408
35 1945
1753 2464
3007 2420
1962 5312
3315 537
3476 4268
2927 3443
2003 3090
3480 5410
5968 122
4024 1362
1633 4829
3441 5356
5971 3550
4880 3922
21 4407
1512 4494
3012 1251
6085 3331
1584 4279
397 328
3873 2441
2836 6106
936 4697
2232 5078
824 4304
5437 4042
3119 5973
155 3846
1349 4610
2789 2389
4618 6420
4649 5822
6372 2447
3129 2446
4878 1809
4895 1148
4562 1618
3955 6178
1134 4109
1013 4078
4636 6489
6353 4426
6370 5481
4054 511
3265 6183
6177 4869
2293 3545
4381 5893
6004 5367
2348 760
3250 6347
6091 4310
6210 4662
920 4822
5666 4984
3308 3152
4717 1949
5430 2189
2367 2800
617 245
254 5628
1530 4994
3592 3559
5130 306
3287 4664
1181 1415
4479 2859
4795 3244
5398 2915
1558 2525
5453 3566
5338 4238
3857 4247
3348 3219
1143 3675
5433 3736
6479 3006
1105 737
1070 495
2137 1885
2324 4789
4005 702
240 1060
4488 755
6455 3439
4341 3357
1760 4633
5884 6094
166 3535
2806 1792
986 2913
2476 3387
5712 5154
5770 4795
2969 2044
5256 3919
4419 547
1322 5239
3945 3403
5361 3666
6019 6467
3046 427
3243 186
4318 2986
1500 1287
5175 2626
620 4566
2079 3131
5049 5976
4961 5135
1387 1125
5493 4228
19 5102
2111 3648
4751 4702
5457 5681
3778 4182
4778 3941
3790 5086
790 1202
6406 190
212 6387
410 5605
2895 5719
5648 1677
3577 940
711 2580
1585 1118
6086 3313
6320 4881
3550 5447
3628 5379
290 4785
509 2212
5458 440
1529 5856
5064 3887
5864 5702
6382 4308
5795 2678
2573 6185
2090 6085
4079 221
4754 4870
5752 309
4995 1057
1648 3303
307 1819
252 924
1440 4481
3311 4512
596 2495
4785 3896
1571 5008
3534 2443
5782 3985
3015 5949
4969 4008
2292 2187
931 227
2131 2043
1841 1383
6187 2523
4617 1222
2529 1844
385 6037
46 1019
3829 5057
4564 5671
598 4011
4731 1166
6136 268
414 2944
2027 552
1034 6352
951 3018
2192 350
4156 5493
1565 5687
6242 1261
5566 6315
3840 2756
3858 4645
1997 105
4425 275
1214 3159
3632 310
5075 2827
81 5453
2507 3383
3938 2640
2277 5432
705 293
5579 3010
2011 1675
1731 3657
3020 4559
6284 1028
3787 1107
4555 434
6344 4095
5254 4024
2979 1748
4373 532
2962 3822
807 4653
4025 1863
67 1763
3487 2828
6052 4135
5126 5725
6464 2740
207 3810
5385 1699
4248 5783
3216 994
1642 5790
3233 5786
4264 1898
743 616
4866 1015
2243 712
204 5858
6292 5179
2420 4318
4583 792
190 4156
1748 1492
6312 1869
3435 4586
4145 6418
392 1031
3355 574
2217 6067
4477 2292
2863 3899
5414 1082
1183 4999
5190 2556
691 853
2323 1152
2553 5089
2996 6042
2800 4911
544 432
1285 6165
5604 1169
5810 6397
6431 2717
736 5028
1707 1335
3241 528
2010 2371
5284 426
3016 6330
4443 1980
1144 5494
6302 1643
2287 371
1899 3682
3156 1537
2166 5876
1932 642
4398 1740
1224 4062
1438 2019
189 2116
6301 4002
989 6095
125 2235
2948 4627
3555 3911
3396 5268
4658 1894
4228 366
6408 162
3883 2911
2603 510
1522 1815
4108 6230
3599 1736
2985 5704
6118 5930
4112 588
5012 5839
5786 1454
3639 5877
5343 1138
3094 2969
6113 1430
1701 5920
3291 239
1816 332
4855 3783
5173 396
3128 30
4027 538
2129 1212
4255 1183
2432 2135
831 4604
1599 3969
2884 3136
1128 6197
1973 6257
606 2522
2485 6477
2208 5428
2861 3662
489 5192
175 1184
1493 5998
1974 2688
1538 3196
2547 866
1432 3918
840 6497
5311 5987
584 3571
4931 2573
437 4224
1956 5673
5283 4529
3041 3479
674 3577
3624 3173
4762 2180
5978 1931
2759 796
3489 3864
2393 4964
4723 384
6000 5021
3936 2269
2586 3419
3762 133
1736 6163
4595 2008
3653 1822
5480 270
5599 4521
1826 5694
4511 5746
2869 1478
2602 4084
3618 6432
123 1806
4712 6353
4573 2954
2678 4214
419 3067
5164 948
269 191
6261 2723
1942 381
1961 445
855 1175
4951 146
2408 2041
2597 1382
2718 1896
5754 5365
2252 3734
2708 3885
1289 324
298 4395
5008 852
367 3664
3293 5610
3179 316
449 1379
4977 2882
5156 2142
502 610
4743 1602
5231 2940
4545 5056
4628 4252
3832 4687
3358 7
1981 6359
6109 3929
987 4353
2961 4392
2992 1137
3307 4623
6350 2724
4214 5035
921 5898
670 4009
2317 5270
3672 3750
1860 1457
4172 2783
2069 2972
5032 922
875 3217
6195 2049
1780 2594
2568 4013
4881 2514
3532 6069
3691 1963
1656 1572
4797 631
2544 4447
942 667
4320 738
3590 2477
4162 2567
5499 5573
5094 1453
4315 6311
5710 4361
1221 5597
5717 793
486 4745
2864 6276
2550 1364
2221 2968
6096 871
5327 2391
1057 6282
295 1264
4694 2929
3107 4124
2160 2161
1353 5916
4835 4055
4684 5942
1423 2257
4060 4249
883 4692
4854 2417
4748 4638
1104 4029
3395 4578
5689 3737
5345 2970
2737 3445
4734 673
2681 541
3741 5353
6413 2571
5470 386
30 967
300 3062
595 3855
3676 3447
1846 1073
3203 5144
1821 1273
787 103
6256 5911
706 1751
5346 785
3845 1568
2833 4133
5452 3469
3191 1996
5904 3493
4584 3824
3682 4174
4406 5336
11 1233
1184 5311
3055 6355
5060 3689
4884 252
589 899
1042 4695
1882 57
5678 3488
4317 5322
2899 491
4571 5
6444 6137
699 6433
2347 6177
3204 1838
4444 3625
6322 4122
1381 1079
779 613
1643 4216
5961 3916
6366 5242
2888 170
1764 586
2100 5459
6149 5324
5605 1432
1906 691
1374 6280
1170 3100
2112 4283
2319 4825
3154 5765
6426 97
3025 1779
4687 1970
1682 6174
5163 33
885 4338
4623 1447
25 1542
2801 4072
4930 5119
2673 5626
6062 2960
3748 5073
4559 1298
5633 3229
2095 1341
6045 884
890 5251
6419 5235
6475 3151
2591 4282
4727 4611
3369 26
5630 3129
5036 5040
4709 1715
5889 4674
5834 5271
4230 4962
83 5087
136 2362
5353 3503
3565 20
4939 1108
4852 5659
5765 728
3918 3901
2356 4853
1620 5255
3143 5323
4262 2805
3895 5442
1087 4314
1555 976
406 5760
5178 3799
900 5781
1179 4297
5206 5865
2809 5392
1892 5965
4502 363
3449 5657
3026 3900
5394 590
2301 5275
664 3364
1523 1725
3667 429
4174 3612
2204 4892
1498 5378
3826 3119
107 4326
111 4332
4635 1154
5686 1579
781 1038
5848 2857
1685 885
853 2325
5278 501
3966 1461
2851 2937
5916 1709
2462 5316
2488 4810
6374 1096
1102 4305
5808 3931
6212 5241
221 1266
1630 6170
4563 1900
4614 2728
4170 770
1347 2439
4311 3473
4755 6281
438 860
3614 4232
2165 1505
4061 2395
4993 3513
653 6072
356 2958
4540 3436
4436 5674
2556 697
5287 2204
1000 5640
6364 1688
3118 5754
4839 5693
114 451
116 86
477 2425
1155 4998
4598 6249
3366 6381
2592 5142
2611 4550
5151 5443
4064 6411
6246 3501
6367 6372
3802 1173
3611 2004
3915 2534
783 2170
1848 3085
6428 3487
4592 6028
3071 2082
4955 4250
4290 1376
4295 4007
5791 6298
2530 2367
1798 3584
1577 5778
4710 4747
3746 813
5901 6033
3772 2308
751 3576
3645 3273
3734 556
4401 2496
2020 3120
1384 4515
2197 3026
1534 5914
3615 3552
5127 3599
5580 4966
2775 2234
75 5771
2351 4027
4767 3227
683 5225
3851 6091
5593 5261
560 5759
62 1690
4840 2934
5683 5797
6121 5160
2605 3949
2275 6386
5498 2785
1872 3282
5344 4065
696 1126
1991 1477
1133 5398
4622 773
6386 5282
6273 5843
3472 388
2579 1717
2443 4555
3130 5029
1964 2218
4237 2629
2152 5267
577 877
462 5562
5323 1908
4026 5321
86 4253
1078 6324
3248 2845
2215 4123
6021 1288
2571 2128
1307 1390
914 5872
3163 4473
3151 3298
1829 1666
672 2565
3967 1164
5384 4876
565 5675
2525 5656
4330 4585
568 719
4612 2752
311 982
5005 3252
4923 2301
5714 1448
6368 6166
3981 2220
4158 5329
4251 1728
2115 2795
2456 89
3279 1049
2354 2365
3859 1918
4495 2418
6264 4520
4205 2736
848 3830
4412 3051
1053 3304
4081 4722
6230 1278
2997 3665
3601 2804
1255 4090
2876 4190
2487 4231
6127 772
2753 3261
2559 5677
4579 3581
2947 5732
118 150
578 166
3695 5867
4020 4872
2748 2566
5634 2442
1735 790
4620 6459
3375 3967
5352 597
4294 2925
3257 1190
5669 6254
5319 2432
2651 4956
3807 3453
3906 3593
3391 4539
5849 1209
5171 4112
4383 5216
2844 4173
788 267
5447 1652
6199 4882
2837 4144
5208 5994
6402 6270
4114 5081
2515 2482
393 69
6436 3858
5109 1330
2087 5722
3170 4572
6306 599
6065 3647
724 5349
3754 6010
2421 3757
5324 2149
4948 404
258 5374
742 273
2782 5575
2772 3836
2230 3181
4550 2910
3596 4548
1791 4961
5709 1373
919 2601
1925 278
2228 2744
3582 1396
6471 6304
5288 4235
3662 2109
391 3148
2214 1966
3941 3796
4600 1317
199 208
5610 4105
642 6285
2845 952
2662 1953
1909 4959
897 1140
2852 2706
2941 2959
538 435
3801 5852
384 3231
5063 3078
2327 3853
2274 5559
4554 5709
5017 2430
5302 482
5105 4207
5406 2433
841 6416
3004 1629
4856 883
754 628
5640 3437
1665 1178
394 1135
2606 3902
3805 1689
2045 1636
1455 5615
2473 4161
3923 3174
3535 2313
6442 3676
6182 607
2482 815
4928 2429
472 3209
940 167
2041 3994
2359 4682
2206 955
4367 726
6289 6041
5803 5644
1847 6400
6331 2171
4332 4444
1890 4648
281 411
4898 2022
4140 5742
1987 4971
1297 3548
5058 5211
2242 1887
3987 5629
421 1455
1467 861
1446 3165
5773 5572
468 5101
4759 2487
6488 5051
5833 1192
4209 966
6339 6050
2291 2603
200 694
3368 2227
4131 3228
4410 5961
811 5098
1288 2784
4531 4475
3116 4317
4328 563
2524 6080
1253 2515
3888 2499
5760 2066
3846 2267
2448 2150
5905 2767
877 1346
1150 5813
1111 1281
6092 577
2103 5196
3583 6301
1667 17
4664 3505
2259 4463
6223 1070
1965 2206
2760 210
1411 2103
4103 3314
796 4606
1244 758
1055 6409
5874 3888
2440 3194
6281 2652
5192 3729
1757 771
2263 3442
3839 374
511 3681
1121 46
5193 3813
6319 2996
6026 3263
4431 2846
2412 477
3733 2159
253 2774
3306 6361
4094 4101
2048 641
704 5511
6232 474
2212 4227
1041 6006
14 6119
2120 1904
5964 2771
5885 4180
3722 2533
3925 2963
6332 1231
2436 2353
3421 6024
3727 5134
6279 3264
3764 6303
5465 3250
5415 4089
808 484
4321 1206
6371 5015
2005 3687
3363 787
4200 5022
6098 695
1321 1124
5073 433
5267 4510
5552 5361
1807 1017
348 4069
3910 2298
1424 4328
12 5580
2346 2508
4143 6485
6259 2055
5471 5952
967 281
5986 4033
5663 3427
1001 1888
3781 1584
4329 298
5545 5546
1018 126
4473 3511
1369 487
4747 4932
5620 3974
3317 2997
1773 1499
4945 3996
4760 323
2589 3184
3177 4535
2130 1377
1554 1198
3370 1111
3437 3089
3428 2467
3120 4890
4865 2719
2312 3514
6122 2611
1120 2892
905 2743
4206 4466
5401 4082
202 402
572 307
6178 4397
5247 833
2590 4034
2341 3044
569 2479
1160 3693
4434 5257
3625 4059
701 3351
5232 2248
3490 77
378 3459
4476 359
943 6019
45 1252
2954 898
3304 5540
2053 6321
2237 4399
1344 6215
1426 549
4874 3655
4824 1912
3063 3212
319 5499
1507 6266
1447 6412
3457 6360
2369 3002
6276 5422
1237 2315
5513 51
646 4958
1998 2156
140 6126
2653 4595
250 1523
451 1739
6275 1087
6081 6040
5224 2789
1316 942
3603 4854
2578 5710
1400 5931
1810 5369
3874 1847
2286 1025
4037 3910
1970 5924
6166 38
1380 4045
5988 634
365 4425
4991 6405
6163 6271
4634 4433
2193 5238
1941 2492
5982 6261
4345 5149
2511 3335
3425 6484
5587 1121
2963 5519
2991 4939
6396 1014
6141 3961
4271 863
1605 1003
2474 3879
4453 1039
5977 624
2719 5386
4810 2914
3152 4980
2896 4703
714 5338
2636 3301
1007 5231
2542 4050
1211 6125
6067 1144
5294 4405
608 807
1189 1673
5188 4938
6412 4440
3460 3292
4043 4041
2972 2002
4529 5933
3253 4716
27 4126
5548 410
1450 3203
3666 5967
2349 305
4489 1982
4958 3904
5177 3623
4085 4991
246 6
6152 3504
3726 6335
2340 6237
4792 5997
3519 4666
1921 5285
1801 1235
3525 2364
2689 6469
3986 5784
5902 1745
4593 2338
2622 5094
4308 4852
195 6076
168 6179
4547 1796
2471 906
636 5650
4382 4804
1877 1786
2233 3811
3034 2691
4028 803
4836 525
3126 5277
1955 3284
619 4418
3901 2812
2919 3903
4737 2939
4135 1329
214 3740
2726 400
3909 3631
371 3310
3982 1099
4235 4000
5853 3926
3866 3322
810 3155
3542 1576
2813 4769
2700 3536
4745 4347
6487 5025
5581 2645
2174 2485
161 4489
493 5526
3005 6464
2554 4990
1024 701
6270 4723
4526 2702
1477 1828
1794 6027
5045 2815
5084 3242
5167 4607
5455 1670
5483 5213
4535 5489
5844 1035
5161 2484
5948 3954
3492 5161
4339 2138
4338 2033
3948 1832
923 1255
1905 1564
2202 2483
3090 2035
700 5206
549 5505
5354 4285
1873 4402
5594 6378
89 4363
2736 3923
3880 1503
4893 2836
4648 5486
1615 3179
1509 3694
3785 3463
4478 1720
3574 5155
1088 5928
4002 1167
4445 3653
346 3237
314 748
5755 3539
1299 2512
5052 2707
2629 4849
4986 3097
3557 4149
6311 2061
4416 3234
5395 1214
2415 5492
4580 3438
1408 946
3284 4981
3689 4464
1275 1747
4996 921
1338 5340
537 1262
1868 3289
5949 2834
1305 407
4363 349
1248 5714
1958 2174
4396 514
2810 1358
3376 4838
3356 980
1514 5802
3835 4752
4454 1259
6250 6486
2758 66
3869 4783
6265 2810
1074 2609
4380 5913
3678 5668
4074 4540
2047 2261
6467 1874
283 3953
48 2712
3196 2251
3470 5922
547 5244
3530 1951
5895 87
434 836
6090 1659
858 1084
2305 5587
4092 5945
3169 1002
496 3955
4899 1056
3886 3731
5832 5653
1540 4417
4800 5436
354 1831
5860 1368
5252 3416
6165 3784
6049 6349
4718 1958
2321 864
1137 5596
3092 199
1004 63
5972 2670
1505 1187
3619 2384
2910 2951
3891 5885
3075 6240
4830 1680
5621 3424
6490 2747
2645 5971
1273 4953
613 5423
120 4330
4556 300
5928 5346
2830 5901
442 2449
279 1664
5304 308
894 638
3132 2214
1487 4809
5603 4791
4906 4087
4421 2673
2981 1193
5708 3258
4484 3753
3610 193
5322 4454
2101 5844
3330 930
5557 6340
4973 178
2269 5766
3613 2036
6245 1907
276 2875
5266 1846
2514 480
4126 2831
3980 3595
2692 4912
4637 3168
84 2058
3752 2895
4073 2863
4764 2413
2777 4049
2860 481
1099 1695
3289 5232
2631 3686
3959 4858
6309 4160
539 5510
4307 3114
5422 4239
5462 5382
5142 2079
3003 1842
5562 4593
554 3617
5219 629
2755 1465
6160 331
5030 5187
4041 2188
6362 1435
3225 203
4374 3108
611 2026
2468 1474
2536 764
6025 6404
721 5452
2581 1674
113 4950
2437 5645
69 2190
2033 3110
514 2739
4788 5508
4298 5478
5914 379
1694 2538
4959 147
3817 778
1984 2288
112 12
5119 6159
2566 5085
5532 6176
4116 4717
4483 3058
3591 372
3657 329
3681 1936
3631 2097
1434 1511
2641 972
6161 5960
59 975
109 653
174 6082
2037 2405
1171 4488
1562 3056
4465 1427
6128 6017
280 6128
2504 2064
737 568
5878 2838
6248 6318
6352 2119
1629 6055
172 261
2931 827
5434 3999
2938 2473
2671 1954
1975 5609
513 3866
3815 6241
2034 2463
2333 25
3213 3030
4236 3452
2842 4642
3200 935
32 2348
5681 5090
2156 1702
2867 2809
6385 6251
833 633
5217 40
2584 1683
460 1768
3763 3115
669 2332
4163 3388
2900 4801
3803 5528
4588 3074
429 1668
4685 3948
4299 1928
1028 5919
1813 1700
5643 1795
1618 4497
6095 3347
4990 872
5998 276
1639 5980
5122 2868
1885 1787
3838 1113
3255 1045
4342 3126
1425 725
5746 1749
5819 681
2587 847
1669 5699
4904 2555
5047 2329
4244 2758
3524 3224
3481 2205
5653 2155
3696 5548
3584 5034
4192 3283
3215 3418
5454 2983
332 4615
308 888
5625 1624
2815 1640
5248 5406
5574 6175
2143 1721
4149 4274
2661 6444
3230 2162
3488 5533
5671 5525
1924 431
1749 5224
2955 5397
1136 4727
4456 5589
33 5574
912 5755
5783 2577
2429 2375
4159 3579
3455 662
5040 1024
1461 6262
4719 3071
2082 1472
5831 4188
3636 5497
1464 1703
187 3591
3081 2379
2284 4506
4001 1797
3388 2377
4716 3465
5715 1491
3064 4720
2422 1177
6474 1337
4783 127
1572 2651
6338 4859
5077 4438
6447 2173
5740 6401
386 5260
5506 816
5411 2500
5882 2668
5934 1533
4885 1299
605 2591
454 4641
291 710
1478 1512
4051 1240
593 5334
800 2182
4449 5568
4784 1143
1114 3688
1832 3019
2827 5341
2329 4522
347 2092
1152 4683
5124 647
4956 5621
305 3787
3825 173
4812 625
3812 2572
203 5895
4432 4201
845 5327
4189 4677
2025 2263
814 3959
1193 591
1415 6130
6226 4894
1698 4819
2659 1504
748 5908
2019 1611
2696 1428
958 4471
3022 4547
1770 5147
5155 2927
3913 292
41 4294
5388 2167
3162 1345
1775 4902
1675 780
5185 1380
3523 6399
3499 5380
1139 4270
4050 2252
1963 2953
975 6133
5799 373
1591 1783
2513 4329
2122 335
2404 29
985 894
2598 5708
5295 6195
5609 3386
2281 2366
2063 4591
2750 4868
4527 867
1339 231
4141 5416
3227 3997
3998 3435
6466 4306
1065 1906
3367 3773
6202 509
3892 5946
4090 900
2807 3894
5703 3421
227 5808
4239 4115
1664 6020
1761 2665
4935 6328
5424 689
6036 3960
3103 3945
5473 4730
827 4631
3725 3223
2846 2091
6040 4709
413 5955
3797 2239
5536 4933
2796 4691
1149 266
1784 22
1127 4181
6449 5654
3522 2328
6143 4223
876 713
2835 1018
5409 2782
658 3200
2121 1482
3423 4865
2102 1007
6193 155
6417 4905
2318 13
2847 2350
4337 5418
1573 5975
1231 2060
3627 5534
3101 3845
5325 3958
193 3369
1668 2745
2449 6466
1047 1979
5877 3320
103 6123
5855 3588
5315 4136
5066 3937
1706 4721
1986 6410
5360 4178
5631 437
1625 4843
2276 580
2278 5550
4356 619
4581 2249
4914 233
3246 2554
729 333
1165 3732
4699 4924
6286 2242
2489 5734
3422 2675
819 2290
3652 4196
825 134
4137 5162
6155 3053
6251 6003
3602 2034
6283 1282
2091 3199
3731 632
4978 4263
2872 3756
105 3399
5022 107
4610 5983
3464 5870
6104 195
2642 6407
4917 3160
3228 4784
681 398
282 3384
1527 2557
3354 1481
2216 6239
3109 6093
2740 1324
2067 3317
5261 2276
4536 1241
216 5896
6435 3375
5927 4898
5211 984
6196 5194
3659 263
1151 1955
6329 3340
1537 2139
2734 1891
4169 593
364 6114
4604 5026
3053 5512
1935 583
4438 1418
4173 5482
3296 5883
3182 1658
5745 1013
3222 5377
1649 457
5349 1686
2379 4073
2309 5332
4394 2582
1878 6339
3302 2548
1953 4320
2469 5263
2008 5388
5798 377
1443 704
1213 637
3688 596
375 1986
5777 4134
1677 928
3083 2763
481 2185
6238 503
5093 6023
817 4339
4102 788
5767 4019
5138 3630
1328 2661
3206 3856
1517 5539
5852 2622
5508 311
4056 5861
2467 3604
5702 4925
4203 32
3928 2718
1267 3641
4460 684
5238 3683
553 775
5347 4914
2658 1185
5228 1224
1834 581
5697 1755
5046 661
2516 1573
467 42
4167 6272
5250 1671
4302 3015
4892 5826
3564 1791
1663 886
2538 680
722 2435
5629 3017
3745 4162
1811 6214
6324 2284
210 3144
996 2013
6008 1161
4349 5986
302 4409
6005 2291
4976 4579
1923 794
3346 449
6260 2286
5861 1409
846 1443
6060 3454
1616 1424
6379 4513
5750 5281
2751 3485
3194 3820
4632 1228
2128 3484
5479 5145
1819 683
3098 2823
370 391
2188 5724
5930 6118
5974 4357
2923 4928
3749 4325
6249 3128
1010 59
1054 5638
762 2590
3357 3840
4876 2421
2335 444
4992 3624
3960 1971
587 3745
2858 2924
1230 3793
6084 453
5371 1296
3223 1102
3575 1545
2389 1484
4240 2320
4177 2244
350 4139
2450 4725
185 2801
6179 3870
2756 6322
236 6287
2461 5860
2865 1092
4662 5451
2887 111
4940 6208
3868 4622
1294 5053
1071 4503
3431 4204
5305 2967
590 2532
1126 3449
2366 3628
2070 4064
6454 6256
2454 5123
475 1257
5149 5809
6456 138
5503 686
1386 927
5240 4552
5225 225
5204 937
3712 34
686 1272
1600 3140
5980 6451
6398 5236
87 4040
2459 259
3935 540
5695 2930
1486 2047
2922 1994
657 6252
2253 2746
1113 2956
2419 3180
1989 4620
896 5521
3705 3709
4988 5788
9 5272
4212 5234
4347 3339
907 3381
2907 2519
5351 3502
5079 1250
2733 5834
5054 2179
1482 1612
1781 1590
1871 287
4708 4668
3788 3324
5293 875
3680 4457
517 5269
3789 1353
5227 5017
3607 4432
3850 1263
3932 1773
4469 4901
4909 4375
108 2931
5704 2401
4340 3104
5749 2584
5890 6160
2774 6008
2564 520
6032 21
5329 5696
2874 2374
3340 4100
4927 4243
3515 2253
1206 4601
1346 818
5408 3950
4933 5273
3018 3367
3740 1697
1778 1765
5514 5680
5121 1566
447 5789
130 2428
323 527
4682 6092
5365 1238
4463 1988
5251 5441
2663 5524
3398 3022
1035 1977
6151 2278
3793 5110
643 4733
1215 3020
2676 436
2127 5622
5802 1085
1474 1119
2551 3568
352 4028
2368 536
4886 1681
2792 926
6285 1042
5582 3792
682 6099
6037 1726
5009 94
1933 397
4305 3005
3052 4323
6448 157
4334 4609
2878 995
2013 1090
5664 2657
5108 3093
3629 600
5291 5972
666 3759
4451 1814
571 2873
1031 2422
5813 4802
2311 3251
1557 1093
2781 6096
2285 1436
6043 4225
4938 2222
296 4372
579 3083
3432 1387
3770 2378
1815 71
5660 5498
6172 4335
3212 2664
2657 5520
685 1008
3364 5763
1223 3296
1714 1741
6341 1857
5274 1297
1946 4378
4544 3024
2381 3326
5837 3190
2812 5531
369 4787
2372 1270
614 3934
5595 1495
1138 6172
6129 5927
2593 2742
6405 3720
39 3195
3827 3889
4014 5891
3325 4744
5818 4982
4148 1055
974 153
3268 2368
2668 973
5530 4193
379 5984
2926 330
5589 4803
1378 64
3405 5175
5416 829
5759 45
6174 3859
3711 2404
5381 1978
1724 1821
2136 5951
2495 879
4144 1501
3153 1146
110 3376
1691 5363
5197 4168
1733 5212
3520 4568
3715 1880
4368 3137
962 2480
5817 774
525 992
2342 2527
4965 2111
1140 6427
828 1180
3236 576
2316 3668
3117 1407
4053 2898
2946 3807
507 2309
1266 2760
2721 3515
2680 224
2110 1862
4122 2980
5699 3884
1949 112
3965 6297
3637 1309
844 4834
383 6154
2512 6222
4397 2090
6117 2612
3438 1950
2447 767
452 1645
954 1596
4198 761
1251 5794
5432 4509
5034 4176
6059 3610
2720 6429
4357 4948
3273 3506
934 5325
4905 3711
3984 152
44 4973
5425 5854
400 6079
1176 1442
4643 6465
6272 668
1734 2539
5533 3848
1708 2513
1465 2141
159 1684
1163 938
1107 4288
4857 5664
2738 2570
3049 5202
3988 6043
5111 1827
1037 1
2685 5009
2502 3396
5732 830
1552 570
3744 1098
4097 3775
4913 3149
148 5785
1020 4794
6262 459
567 5803
3066 4262
208 1110
4752 4301
6111 2964
1711 2070
466 6204
5386 545
1602 5283
66 3510
1109 1416
1356 472
4811 4436
1301 5985
5672 2163
5584 5672
1680 5530
1276 5488
1679 534
4565 1937
5924 5655
2771 988
498 3441
2687 6382
3332 3530
904 1565
6313 3951
56 4016
2001 4936
5328 917
546 5152
6480 677
6453 2521
1902 3857
1187 5727
6330 3037
3920 6012
2932 2938
625 4036
3256 1849
137 835
3783 2630
487 341
6336 5256
3415 3498
17 721
5730 4815
2084 2808
5067 82
1279 5036
6224 1208
1528 3139
4587 6274
5667 4269
2531 949
3697 603
5367 3243
3674 6286
2798 1543
2924 5395
600 3704
2148 3908
4967 3198
1806 1207
3113 369
3086 3769
998 2528
4741 1071
349 5880
1309 2848
4794 2355
2669 321
312 4617
4119 991
5975 904
4165 6058
961 222
4568 2073
1588 2497
4646 3371
1896 1649
739 5185
2056 1352
2848 4501
1417 3246
1740 1304
879 557
322 39
1674 2475
4219 2144
425 1462
1391 6493
698 2690
4076 2071
2339 4570
196 499
411 3786
1897 2223
881 6421
4231 2708
1445 2878
4238 1711
4645 4220
6267 519
146 1801
5619 768
205 3319
3386 1825
3185 5600
5571 1466
4970 1756
3158 4765
3416 2825
315 6356
1976 6075
2195 2037
2840 5188
2023 6071
5429 2893
5484 4974
3929 1091
2894 3829
991 3531
774 508
1341 4091
4841 3534
1050 6104
3526 2932
