6000 1000
5542 4244
2360 1215
5434 184
3653 2623
5048 5856
1316 3051
5750 5290
253 3137
4265 1767
2904 826
1670 3361
4821 5070
5570 2015
5424 864
722 1850
5345 2771
5764 2294
3492 2154
1063 3401
1738 4053
1132 508
1292 5415
1312 691
2804 2138
4170 2316
1967 5835
516 21
3047 5084
4084 4710
4547 2582
5613 1588
1397 5781
4855 5985
922 4701
2390 5681
984 30
5049 5188
3861 5444
3758 5506
834 3727
4988 2781
4943 1760
23 585
2571 5042
768 1049
3531 282
809 2627
4387 4325
1920 1631
5432 1398
2054 3359
5450 4008
3541 1538
1675 3200
3406 3103
3495 287
1058 4900
3507 4658
2734 3659
5797 5328
5240 4457
5625 3845
2569 4431
3394 3477
3185 1007
4529 2831
610 2176
4344 131
562 7
4126 1804
4420 1586
3136 852
1781 3383
1896 1351
4105 4236
2872 5144
3330 1734
571 5695
1545 1612
1254 2642
2731 208
3334 638
3718 5732
840 4587
4997 3636
4162 766
1065 4424
1637 5980
4085 2591
4193 260
5123 1337
2084 989
5965 3229
4785 1689
4156 4000
4605 2461
1104 3778
157 3822
509 5493
1512 5669
3412 4370
2502 5729
5611 5758
5617 5707
893 921
3613 5826
152 4143
3980 2824
5851 3855
1314 2593
3975 2947
2579 5635
5781 1492
1073 5526
3054 1348
1561 2702
1029 3831
3591 2008
3110 2723
4333 2819
4638 2520
4415 2317
3073 2848
2047 3077
4421 427
3038 3607
2114 5476
5339 4751
2689 4528
1612 3758
5551 4617
2561 3007
1924 3159
1847 5518
2267 3557
3793 253
2975 4362
5715 369
4863 3959
1163 3365
2829 5839
2589 3983
3392 4390
2331 5896
1276 1782
576 3569
280 4127
2524 2206
4086 4041
2257 646
3151 3606
3504 2404
5754 1119
4701 3410
188 2326
5548 1071
1585 2722
5700 4056
4563 3528
3217 2194
1814 1297
1087 5637
535 3069
5091 2486
5084 1
346 5772
4660 1511
4912 1449
572 3797
1534 1510
5815 2062
1691 3015
1934 5652
5372 5796
1372 3071
4224 975
1916 2636
2711 1174
1101 3985
444 4870
5189 4557
5653 2438
2226 4975
1848 4476
4898 1023
5612 5028
5059 5056
5310 1172
2863 3763
1275 159
1806 1000
1096 13
4561 5099
1869 896
5285 1112
551 4920
2397 2731
373 1439
3050 2948
5222 5868
5106 3352
2181 1691
200 3781
4592 4631
3163 2394
4317 2926
2278 4147
5914 5861
2960 3490
14 1065
700 872
2811 1222
5312 2834
2521 1613
1856 2710
1662 436
132 1799
3064 5966
5022 2261
5360 719
5636 3971
4892 3819
836 4547
1080 3560
1583 5941
84 5660
4142 1455
4330 3587
3530 5388
4438 4497
4832 2711
5092 4786
5683 5895
4974 5897
1656 5043
4910 5212
4545 1069
564 2224
5580 2086
215 5305
2532 5438
1115 4836
1950 2143
2732 2892
617 5050
2859 1256
880 2887
5114 3232
1715 2553
2401 4943
5228 20
2364 1668
4479 1679
5346 5169
1190 3744
670 4827
4741 5003
1128 2833
5063 1626
4675 4185
2761 5481
3180 146
223 4831
4139 2239
1094 288
4535 5599
2459 2805
2643 1570
553 2047
2398 859
3800 3991
1002 4039
5454 4384
5308 965
4972 4055
445 1569
399 5786
1247 5630
3843 2573
5667 5540
5201 4252
4451 5549
5183 5690
2690 3604
1755 3208
4843 1201
1540 3998
2866 3082
2586 4035
3644 3430
276 3791
2673 5109
3340 1997
2665 4335
171 5760
4254 1098
1578 3202
1955 2253
760 2161
4624 376
4449 4622
3833 4193
2217 4553
1333 1986
2611 3848
3935 1143
2871 4704
3107 976
4258 1505
1501 659
2636 2060
3270 385
5216 848
428 3653
5843 4635
3621 5365
119 4346
1238 4057
3715 5453
4653 2794
5166 1173
2683 2115
5956 2810
2288 2925
527 5244
703 5054
3022 319
5427 4759
3875 4790
1474 1437
5443 5125
2032 5126
791 5387
2221 2365
3821 164
1197 3940
365 5663
5300 1391
2301 1163
4798 5069
4748 380
355 5187
2557 5110
4774 2199
3156 4495
3101 5590
3524 5533
3483 4228
2958 994
4720 1971
5521 1815
5984 4397
1807 80
1262 3183
2792 2058
5968 1614
2294 3425
5654 4723
2356 973
4322 5622
5699 3462
2735 1389
759 4433
1455 5958
5811 2171
1556 281
5950 5982
111 4450
1553 2863
1166 4180
2548 4994
4682 5140
4027 5340
5546 1474
5692 5544
3871 3846
4665 3060
5766 538
4780 5240
1590 2812
770 2119
938 3222
2500 3264
979 936
3557 4598
3826 2106
391 4748
4260 913
151 1067
303 3522
227 3148
5006 387
5042 5197
3739 2596
4792 272
1196 1062
4706 748
592 1807
4013 1580
4668 2273
3122 5233
4939 3762
4209 3772
971 5569
5716 3220
4296 5038
1119 753
1844 694
1202 3503
439 1092
2550 5872
2211 2754
5985 5618
3239 4554
3358 5420
2923 3080
5656 1757
3463 5031
1326 263
3347 1831
5315 3754
179 4695
1251 3905
5041 891
3731 499
2028 5161
421 5252
1666 1360
3814 4881
5160 2762
5165 5898
1049 4324
345 1921
4553 1430
2600 1026
1734 1462
2786 2788
5283 3908
671 4645
3485 4963
4043 4502
4812 1840
5344 1797
204 4050
5153 5735
173 5107
341 2767
4470 1127
2474 4787
4064 2298
4290 3403
709 3963
1837 4655
3154 2983
3443 3827
3269 1099
752 5595
5900 2191
3208 2050
3632 4902
5492 5751
3077 1192
2992 1417
360 4568
5494 658
4160 480
3522 1543
5016 1379
5642 4046
100 2393
3879 5037
4834 2917
2024 3597
695 4432
5917 3279
3897 3367
3593 5487
3113 4279
591 1855
1568 3314
1600 3107
3958 4993
5064 3871
5502 2280
1741 640
2346 183
5060 1862
3403 4010
2850 4849
4245 198
245 4418
3387 3685
5544 957
2263 5741
3461 812
432 2683
5976 653
5076 2334
5080 4796
5779 5851
548 5913
3427 3332
5569 4577
706 4504
3705 1319
2943 2640
3091 4254
5105 2607
4042 1357
2295 5063
5753 5598
3798 3129
730 4760
340 3867
2961 5193
1945 4690
3891 1176
2426 651
1818 341
1414 2785
5302 2232
332 354
374 1981
5804 2964
4905 2457
3840 2214
513 2360
1427 4350
4401 3172
433 4642
5298 4781
267 4848
30 4538
2011 4023
1756 397
409 4232
4995 434
2179 5394
561 2741
3966 3252
1284 5378
1865 3173
2004 142
2383 3548
1447 3389
854 1061
2101 362
1912 2493
5991 38
4215 783
3714 605
1826 2936
5231 4808
4129 3568
587 3586
4000 647
1673 4904
1890 4078
2547 5406
4983 5767
1825 5499
3973 5901
5565 744
446 4417
1451 5033
4249 5035
1014 2618
5650 352
5871 3247
1951 2247
3519 2696
5394 1944
4331 1347
4599 1887
3012 2775
4650 4735
4979 3779
1984 1894
1362 3686
955 5959
1660 2440
3741 4572
620 2093
1388 1593
3810 1643
5986 3843
594 2633
5347 2449
3508 5680
2598 5715
2048 2635
5702 4863
4984 4361
2674 2567
611 4119
2480 847
3863 470
4861 1298
2566 5755
2736 5373
1603 1535
1777 54
5229 249
3853 99
2772 119
5251 900
5629 1353
5752 1072
1832 4478
3760 113
4913 2772
5720 458
5139 3138
501 2272
1885 1667
5128 5972
297 2876
1483 4283
3920 302
4172 3030
467 3174
1927 498
2784 4355
3898 911
394 3306
5741 72
3678 5754
4114 2355
793 4602
2770 1025
761 2479
2171 173
2311 5202
5896 3899
2634 83
4004 1647
1867 5564
2417 226
4025 1649
4053 2855
968 1498
3952 1805
5957 5852
3571 4753
3055 777
5002 5276
3196 5621
5407 1985
5963 3240
2104 3969
1783 1196
1047 3841
1306 4203
4120 4996
1099 1287
478 5407
3551 4803
3430 3418
925 136
4597 2532
4079 2759
5982 1402
5370 680
3401 5768
4305 3447
3554 3799
2400 1310
3201 2454
5248 3020
2841 3360
1870 4770
1280 5249
1140 2962
5837 4657
1044 2907
2964 5563
790 5475
902 3580
4116 2158
1370 4167
3727 2372
5975 2116
2183 4241
1424 5649
5523 4593
1260 5338
4278 4615
1074 4946
1042 2986
2144 1286
5487 893
4137 5181
5275 4761
273 3091
4032 5654
4501 3751
2497 2803
2888 1261
3707 3753
1497 23
5103 5726
3200 5867
3787 4911
1300 4692
326 5828
3550 1458
5211 1771
5641 84
3004 2738
5329 3828
3404 3271
674 5243
4697 933
2953 2437
1278 441
144 2411
1091 2743
2751 444
4824 5619
3775 644
4329 3188
1188 1454
4094 2277
5258 3485
1384 4005
1013 4068
1975 5009
5112 4608
4404 1270
645 2536
2667 5662
318 5530
3997 5834
612 2780
2836 5684
5553 5157
975 849
4903 2523
2739 664
2852 583
5669 5688
4376 5746
5057 3792
2562 4363
5304 2080
5593 5926
964 160
4778 4932
5382 5818
2656 1895
177 265
3017 3374
5363 2313
1526 1819
3546 4743
945 3735
1027 5384
5379 1284
3807 741
1211 4611
1129 95
1925 5479
1200 4878
2100 2428
4637 4309
386 4439
2409 58
3332 3156
2648 2915
3953 4909
1415 1294
4456 388
624 1346
916 991
4539 5698
5796 5674
5469 760
5961 961
5281 1472
213 4321
3536 632
2485 5298
1098 5788
597 3512
115 5236
4268 5809
4271 2429
933 5556
4196 5005
1450 1461
1139 2419
1581 3571
4023 530
3799 3265
2886 998
1982 373
436 2945
2534 5918
3364 3572
4247 100
2878 582
3844 2883
4813 3258
5087 3223
986 4326
292 3215
2541 268
3410 5208
868 3897
523 4195
3778 2561
2687 3601
1614 5790
512 5281
1272 4752
5823 1307
5582 252
362 2588
4272 3719
5994 312
4462 3695
1597 578
4375 1401
372 2392
579 3995
2491 71
4836 2233
2902 692
3921 81
3690 1863
1500 4859
7 5979
5463 4406
2495 3537
3450 2682
4640 2619
1499 4159
423 1275
903 1947
2199 5355
1493 5514
5037 3747
464 2151
431 1854
4925 1460
4848 3993
1250 360
313 3489
4601 1604
4721 2162
3009 1490
1206 4318
510 4665
2864 671
4799 1775
4200 1502
4633 2704
2209 1634
3529 947
4691 4643
1785 3230
4625 2521
2103 1932
1646 1642
1391 3801
5194 2444
2853 5349
3713 5508
193 2598
1327 2581
1204 345
3757 5237
4457 2471
1385 2517
73 5911
3322 101
2111 1620
2987 749
4922 3412
3083 3915
3413 4327
2136 2911
3838 2257
1418 3821
5301 934
1555 2797
2236 2490
4158 2014
145 5362
1454 3726
4253 2725
4548 3700
5966 402
1758 4588
2932 3760
4702 2923
2145 4555
2229 3889
3257 2378
2803 917
350 5500
1605 3061
1830 4734
3773 4471
4869 381
3502 1120
2162 4429
3562 1915
5482 5118
5992 737
2615 1503
1494 4410
2370 1137
2658 5601
4788 4038
1305 339
650 887
2817 2558
2406 482
5919 1327
4226 4843
799 3369
1846 2977
4483 1041
2652 2031
563 3854
5203 5320
2686 359
4888 4385
4441 4934
1575 3756
2517 4954
3617 2259
1645 1561
1229 3255
5721 1687
2343 1153
3801 4944
957 1080
86 2236
474 1154
3869 3357
1187 1165
696 861
4068 519
5735 914
5217 2882
2391 1179
1411 4907
288 2658
2832 5307
2692 3145
395 1496
85 4443
1141 1681
3293 1610
529 1171
4649 4865
5466 5162
3976 4821
169 858
3298 2424
5864 4745
4908 1413
5215 5470
5579 5539
1759 3010
2214 4288
4063 50
5067 3812
1729 5628
2633 205
2764 2997
958 1918
644 3047
5792 2183
4736 372
5575 481
1652 1598
1779 1682
198 5062
976 789
5264 931
734 3434
1547 4948
2079 4200
978 486
358 2021
5628 5594
2928 4508
2679 2919
1050 3181
2457 670
2467 178
5916 3742
4754 5759
3255 799
1535 337
1571 2589
4497 5418
1589 3641
4993 3301
5872 3119
4239 3882
5402 1436
5505 727
4769 5076
4510 939
1118 1467
1511 2751
4052 1905
2082 4510
866 1693
3484 3123
2124 688
2573 460
852 5534
3295 5254
2019 608
5861 3291
3506 192
1288 1149
3512 4031
1754 4052
3633 2287
988 2279
490 4717
3384 1641
1651 5935
5497 4672
1252 3840
98 1632
384 4742
3486 2418
2009 2072
4445 452
2777 4047
2260 5374
4308 5607
250 5887
4713 4221
181 1268
2934 1264
125 5210
927 457
3327 2668
3493 382
448 1672
554 3992
3837 5082
403 2678
455 1943
3880 3196
3325 2205
2000 1832
278 2089
4611 3710
949 4294
4452 1161
2868 1835
2815 3891
2283 490
4989 2730
636 904
454 3380
2307 4342
3909 5220
3540 5774
4357 4864
4106 1406
4805 5933
1432 3260
1864 5446
3612 5571
3388 1838
2386 522
5998 367
2450 4108
2930 2543
1070 3026
1217 5800
4485 289
1879 5114
4360 4575
4475 5752
37 1701
4154 813
2305 4505
918 2129
4264 1653
3132 1869
3212 3647
4111 3431
2518 3874
3937 5180
557 2228
156 1488
1491 663
1722 645
347 1592
4443 4456
5054 1549
482 3605
779 4629
1162 2999
4678 4416
2303 1575
3120 983
2219 4286
3836 3771
2090 487
32 3673
872 1422
3518 3508
437 2078
921 5592
3744 3475
3832 4527
4437 1040
914 257
4217 195
616 2179
416 539
2790 2133
584 351
5446 536
2087 4220
5621 3443
3070 1056
732 1115
4123 889
3637 2208
3108 3378
477 3405
2092 5465
88 4178
1302 5519
5638 3433
4057 3085
953 4230
1882 730
5207 4677
4694 5104
218 5085
4654 1953
3682 4583
3650 1882
2284 241
2941 5297
2933 4712
3370 5032
4197 1880
3693 3877
2200 2216
3476 4604
3702 5392
3407 5806
3823 787
2141 3599
4009 5849
417 909
1980 3523
442 1759
697 3344
343 4186
5224 3887
4556 28
137 5950
3273 2382
4958 507
720 2859
5337 4636
1992 455
515 1719
5962 1829
508 3210
4666 1940
862 1451
1294 3770
5639 4012
680 1397
2208 4711
2351 1555
798 5158
96 4006
2122 1493
3503 295
1016 928
5169 1893
5878 428
859 4746
1123 3363
459 823
5196 5956
546 2040
1249 3001
5668 3194
390 4463
4907 3632
1952 3879
2723 5719
5499 3478
1055 5270
316 1907
2207 1138
3574 3221
420 4408
5012 4183
2190 5296
225 1053
441 15
1530 1050
5783 5339
613 2495
3129 5400
367 4595
4026 4259
4359 4822
3601 865
2664 4966
912 5077
3172 1628
3961 1793
2646 729
3634 5870
5875 2307
1271 2098
3351 1584
4844 5327
5704 3798
5755 3939
3733 329
4897 5199
4700 4707
919 3783
182 3734
2372 5665
4454 2765
1599 122
2622 3197
2465 862
1961 317
5121 3120
4777 4925
593 1322
4 4116
4195 2135
114 2336
231 1019
2231 2256
1707 5361
5171 2254
3220 3667
2539 662
3044 1904
3756 152
4229 1849
1883 3024
5055 3126
2504 4967
5405 1015
2477 725
2861 593
3572 2544
4175 2736
789 5402
915 2905
471 868
4349 1296
5210 3838
659 3556
1379 251
4622 1004
3711 79
2015 4155
5648 321
3716 5379
1085 474
449 2338
4199 2095
3362 3354
3399 1545
34 3951
4309 197
3497 1879
3516 918
2701 3027
1502 3284
5793 2539
517 3986
5785 5030
4871 5143
2778 5457
3034 3453
3065 2402
1440 2884
3949 5997
2369 1448
4874 5024
4828 3656
3251 1900
4397 5218
327 256
3547 2164
1405 4706
3028 5764
4140 2221
4067 4401
5803 2434
5903 1949
2939 1809
721 3749
3766 3677
2170 1800
369 3720
578 1742
5880 5065
1799 4082
2767 2301
4964 2610
1237 3775
2809 978
5988 3000
596 1675
4440 924
5935 4453
4159 133
685 158
5420 3046
4673 106
4934 2502
5094 5464
1643 1938
5444 2847
143 3270
2018 5515
2700 5762
2575 2981
1572 1975
4361 5700
1078 1714
1439 3149
2966 1779
4166 5045
2560 2894
849 3182
2044 5007
4178 175
3626 5330
3941 1306
2650 3112
3780 1788
3642 117
5533 940
1796 999
2959 3635
1273 684
837 788
2 3966
3363 4930
5775 1885
1492 5511
2065 3980
5178 66
2980 1305
3862 3932
4981 2295
2693 3470
1809 1823
5550 1898
3262 4660
2335 679
305 1156
2443 4641
3668 726
5944 3452
3598 5131
4739 4112
1338 2900
5689 2359
2956 2374
4571 1756
5377 5445
5706 27
2816 5591
1189 4530
5028 5081
1192 2264
1075 5127
5192 627
2069 1354
5566 4014
2722 1618
1996 2804
2889 3960
1517 565
4985 5382
1519 5885
2249 3237
2134 3740
5500 5067
5831 4297
1339 1730
2984 1082
5562 4378
3451 3530
2750 4071
1698 839
3931 5875
3974 1599
4796 1517
1343 4118
4567 5912
4728 1091
2948 4933
246 4778
3095 2123
3145 3547
2377 5227
5518 280
3636 843
2492 2982
324 850
1910 4826
3353 1875
5488 4124
5387 2908
3627 1609
2663 4472
4399 4465
186 2453
4453 4337
1753 2045
3663 1528
683 232
5821 1076
366 2057
1632 2695
2456 5711
2195 943
4303 952
438 1541
2824 4957
3602 2786
679 676
3587 1109
1853 4473
3221 3295
1377 2954
4965 3178
5401 2318
1990 1267
3873 5309
4286 4303
1413 161
534 3765
4489 780
1506 4807
1552 1459
2380 3664
1752 3102
3542 3131
5928 2890
1559 2398
2535 1343
4473 2387
4872 5661
3922 3918
1937 1677
3534 5094
1836 85
2837 1597
2780 1991
12 1147
3127 3714
272 3542
3421 5200
2051 1661
392 3870
3510 1754
3029 5612
2605 5614
3202 5441
804 5822
604 2931
3236 1784
5908 1883
2138 401
3048 3558
1442 4291
4506 1426
4786 703
3359 2816
3900 2000
95 4455
3292 4197
524 1619
4738 5815
2325 4063
2366 1238
4763 475
4584 1841
4469 3592
5271 2744
3169 2850
5441 3209
2374 254
4212 832
2555 1017
954 1057
162 5356
2384 2136
5273 29
3014 2381
4873 2027
4758 1403
5050 1877
3303 2187
3374 796
2371 129
5879 2808
4493 2061
4916 59
653 1527
714 3949
1456 3637
1683 2935
5415 5301
1378 1195
948 635
838 2825
1531 4030
4680 628
4152 1339
5467 2519
2741 90
3324 5986
4895 3304
3665 1941
1858 511
2275 2356
5561 1108
472 5484
999 3166
1713 5546
4957 451
1175 877
3983 2388
2253 772
2998 408
1995 3375
5249 3419
665 2910
3580 800
1 4260
4608 1276
599 4847
1167 4567
187 16
3341 1170
4391 176
4213 467
3099 5271
1441 365
3115 3947
203 2608
3828 4676
3411 5589
381 5946
5181 3372
3818 1891
1329 5293
2610 3458
3420 2165
5053 297
5242 1683
2382 2586
5943 2839
4937 1388
4641 1375
13 4139
4282 3
3595 1068
5934 5642
1735 4809
1941 833
3982 1781
5845 1350
5857 49
3498 504
765 1617
5473 3850
1979 1409
1489 4618
3603 4764
5483 1540
4060 1820
5395 3429
4075 4447
3645 4182
2482 677
351 779
5245 5015
2822 500
3934 5593
2387 1568
609 3538
1679 4388
3672 3006
275 2699
5850 3824
3795 5251
3227 2524
4703 2482
4719 1789
1290 4062
4377 4462
3345 5949
4967 3539
3247 3160
5731 5389
2424 4126
4879 5718
5615 5489
4005 1929
1536 1317
1688 3114
1569 1636
2029 3169
1289 4989
4994 5102
3171 782
5206 485
4623 875
4829 702
422 2190
1325 4353
5398 3912
2255 180
377 424
3951 2476
5180 5745
4461 2944
4095 1962
1488 4211
993 5820
5261 1022
2591 2547
3068 19
716 2426
4531 3789
3032 5354
356 2041
5111 2420
5039 2867
1408 4535
5436 1311
5435 2719
453 3400
3287 2551
3472 1289
4671 3454
1525 2362
3166 5325
4857 4339
4790 2866
491 2260
4523 4146
1205 867
80 3016
150 323
216 4503
910 3826
3138 885
826 224
4940 2903
2234 1486
5911 4247
5918 3588
3553 2960
635 574
4577 5483
224 603
4416 3701
4569 920
4980 3158
2818 3766
3283 4619
1542 685
5470 1396
5855 1252
1630 5954
3135 1747
4078 2056
2286 1421
3790 5264
2773 2769
843 785
3576 4842
3170 2515
3585 1085
5464 1169
4481 4338
4659 3813
4298 5332
3005 4435
4546 4914
1981 762
3640 2299
4471 60
5193 4310
1448 5840
5862 4179
2688 3407
5182 809
5491 1870
1650 1123
304 3948
4962 4785
3025 732
1824 3317
5676 4990
3721 1859
4168 549
5163 4875
5609 2468
687 5259
3074 3115
5020 4451
172 5554
4603 4225
4125 5712
1800 2597
1642 535
4061 3535
2469 1159
5729 1214
4289 717
1025 3185
5645 4323
4082 4784
5622 1288
400 794
1508 1928
4862 3093
4259 4238
800 5588
1876 5845
2916 1245
3824 2500
1458 4375
3781 3021
81 1181
5383 4060
1959 93
5389 3044
1172 2601
740 4460
889 5092
871 4205
4177 5894
1574 461
1789 5948
2363 3019
397 4597
1898 4054
5816 3150
3561 3608
4554 5658
5995 2084
3367 4574
963 5811
3344 2681
4351 1674
3581 2430
901 2617
4555 2749
3944 4771
5838 157
4307 221
2414 2621
1020 2092
5493 3217
1137 3018
1665 2942
5640 1902
5476 4096
344 4548
2046 1802
5558 1160
4280 1229
4232 255
33 5329
756 2973
1374 3379
154 3579
4243 5639
217 5269
663 620
1398 1090
3248 3343
651 3869
5081 668
131 4825
5221 316
1596 4020
128 2686
2896 5285
5973 4204
315 3288
4201 3746
5568 879
3105 1292
4385 4448
666 1393
4662 2473
2890 5098
3284 4152
1356 3370
4969 4009
2608 5286
1038 2168
5136 1075
5610 4018
4631 170
5801 811
4661 389
4550 626
4031 2448
4938 1501
992 2325
1239 3626
3856 5216
5765 1812
3285 182
3608 5184
5727 1916
3979 1094
1465 650
5722 1825
728 1475
3002 1939
2951 3924
1921 1579
3333 5905
1281 554
1279 1660
769 1686
5485 2309
628 1758
328 1032
1355 2415
814 524
4269 2241
2558 2672
857 2718
79 1640
56 1973
3160 447
2647 816
2602 4379
3006 5740
4746 4102
4422 4564
4900 5761
5947 1240
1778 516
3182 1473
5195 3339
2280 1554
2765 3130
5259 4637
4580 3898
5431 1177
4518 3682
4737 2200
5246 1209
2476 1792
5596 5341
3559 5122
5131 1242
1862 1487
5168 269
5924 18
1723 403
4044 4382
556 56
2007 982
4839 948
4508 4972
3080 4725
5883 4830
5364 2680
74 5000
3656 5040
2592 5353
4564 2271
5152 1001
5777 1625
1477 4452
1453 1208
3316 739
2577 5156
2906 1702
830 1301
3573 344
570 2568
5343 55
660 4369
771 3861
3883 3312
4124 683
2972 5779
1739 5071
1373 1116
5810 765
5690 5685
3609 2349
2115 5111
3263 3540
900 1095
4526 4531
1001 2097
1361 1791
4724 5936
405 4997
1915 5090
2527 2330
1142 678
3058 4079
5449 443
4087 2006
2551 2290
4419 5034
3692 4700
3811 220
2523 4621
3111 3368
2869 3857
3459 1494
1146 2745
2676 1748
3148 5214
2121 527
2247 2480
108 3745
704 4352
822 2285
2478 247
4384 1349
3859 3531
5023 1763
3679 3987
2715 2735
1740 5696
1802 3594
4291 4861
2920 4941
4800 2066
269 2088
5144 3186
3899 4589
1532 723
743 1333
654 4302
2879 2177
873 3904
1878 1703
4672 3612
1390 4545
113 4265
5313 3892
3150 5945
5237 4838
2413 2540
3360 3613
1349 1999
2449 2755
2559 3393
3372 4129
3296 5426
2624 3525
5842 5603
2109 1367
4562 358
4494 707
2771 2684
5822 3034
1994 3768
5573 4982
3670 2499
511 3243
62 631
1687 2243
4343 3413
279 5231
4705 5991
99 3099
2531 3460
2791 808
3579 5079
1145 3696
4306 4290
3057 2142
3511 290
176 674
3386 4614
4803 3167
3994 1030
5534 3063
725 188
1567 5636
5744 2546
24 4877
2538 26
40 803
4045 4839
5583 5961
3847 4811
3139 2442
4314 3095
5198 2132
4664 5609
5314 3417
1077 1741
3915 2706
4010 495
5949 1364
2937 2113
5771 734
4148 4542
2936 5859
3614 795
2585 419
5535 484
532 2447
3067 822
3907 4801
4600 937
3785 1678
519 3663
825 2192
3851 5634
2093 5578
5942 1624
1791 2373
1887 4282
4749 4804
4427 2622
5013 227
5451 3124
4585 3043
2883 1755
2514 1376
3378 4871
4390 349
4234 4550
3191 400
4006 2896
5874 361
247 130
5504 2167
285 2530
3926 5191
3126 5198
4632 2909
4241 2197
4455 4705
5559 3625
117 5724
5462 5853
5135 3634
4854 4347
3651 429
3479 2289
3215 3718
5881 589
1680 3045
170 951
3059 2978
2394 2096
4108 4249
3192 4829
522 1836
1285 4393
1173 556
3123 4015
658 2760
2070 2300
4001 2467
2651 4394
4604 4632
1296 1909
1243 5312
4990 1325
3235 206
888 2579
5017 541
3214 5541
4764 4945
4435 819
2434 5124
4242 834
5714 4998
2196 4681
1866 1324
1709 2182
5590 3863
5495 1750
330 4287
2595 3928
1215 3476
1297 5917
2059 5999
4188 3903
2755 4537
1209 5333
5549 2446
5805 1523
1843 3319
1617 5863
4543 92
2588 764
2058 415
2149 2838
60 713
5350 884
2738 1912
3635 1340
4262 5837
1640 3101
415 4017
886 5727
2472 4157
1231 3628
908 5524
2528 930
2403 609
2565 308
3328 4101
3963 2081
3794 2201
4463 2022
1060 2481
5836 4215
5730 5923
5403 3049
1064 810
2995 1225
4533 62
5399 3057
3788 5289
1348 2721
2169 1518
1587 1594
5841 2752
5886 4073
1693 2993
777 4237
2458 5137
2999 4512
710 435
1469 870
5955 2669
475 4610
3109 2548
788 1101
2071 2203
1624 3621
1111 1723
4807 5088
4364 756
2184 5573
3282 1427
2250 2441
2533 988
5537 4284
5047 1158
4054 3466
5780 2939
3809 3014
4686 3820
5191 4685
2946 3847
2724 299
3659 857
2892 2965
4353 228
1712 4860
5175 545
2132 2889
2180 3833
1256 5083
1478 3786
2670 5132
1287 533
4840 840
2213 2645
294 5215
1668 3464
4636 5166
17 4029
3996 2099
773 4380
4279 2225
4835 972
3424 3893
1732 1126
3020 5248
2148 2464
5897 3409
693 1212
5270 4498
2328 3096
961 654
4818 214
5618 853
4513 1818
5340 3809
2671 698
4870 450
928 3655
3802 2174
5007 2747
3290 600
946 4229
4676 75
496 1856
4372 3257
846 4824
3936 1514
1592 616
2583 4226
1382 166
4173 1522
3566 2569
5116 150
1648 5504
1974 5998
5286 919
4395 4156
4003 1198
2310 2409
3435 1042
2215 1434
4537 5699
2493 4585
755 3276
4347 2474
2232 3203
5671 4474
5140 5346
3925 3589
2430 3679
4731 4987
3300 1664
4886 5794
5734 2756
1861 550
1623 3282
5847 1219
4117 4482
2139 236
2925 5401
3970 4603
4257 1368
661 2861
3906 2071
2040 2774
2063 597
3428 1221
4627 1234
503 5951
2466 1291
4107 1187
1835 2018
239 4438
2074 1848
4118 3910
1929 5878
1953 4269
4185 2029
2110 1370
5188 4317
2856 5497
1897 431
1620 3550
5478 895
766 4358
4179 1705
5147 3256
2788 112
566 1312
4490 2666
1721 1698
2632 2019
3357 4532
2697 4513
2873 1996
3216 5025
1641 3262
5115 4828
1566 2991
2748 4483
2475 2333
3289 2570
5598 5113
712 1945
1007 4377
4760 456
3689 5421
492 3244
5784 4733
952 1692
3100 1967
1218 2351
3308 1961
4793 4938
4097 1983
1860 4791
290 2275
4730 3483
352 2952
3280 3937
3950 4106
317 3094
5800 2166
4646 2470
1283 705
3198 3037
932 637
335 2916
1000 104
447 3957
2974 201
5675 5916
3499 4903
3955 1897
4187 935
5578 3193
4090 5331
5362 3551
2296 4493
4856 3053
3765 262
5274 1035
4992 1925
2005 4525
2914 3875
4369 1726
1067 4189
1143 2525
4681 2364
3232 1685
1035 2383
3195 5390
3343 1415
4929 3364
3666 1590
641 977
1336 2899
4431 2274
5104 2690
1081 5555
2389 3844
5620 5133
1507 3728
3429 4709
410 3552
5083 898
4744 2130
2677 4984
1090 5123
1784 1304
1991 5145
2410 2087
2840 3967
801 4148
3749 3062
2590 4083
1932 2268
126 2337
2512 4517
590 2043
1628 3195
4098 469
4811 5408
4340 3800
950 153
4388 594
1088 165
2684 3876
118 2315
4761 3278
5686 2647
2042 5174
1801 801
1223 3956
174 4169
1533 3777
4190 1736
4598 5989
668 4729
321 91
3695 3544
3989 1671
2858 2063
3667 1182
2691 4524
3361 4927
4998 882
5498 1054
3102 4892
4341 3402
4408 1148
3623 4971
3259 5785
3018 2395
2721 2102
581 4992
1726 4758
962 873
5365 2335
2823 5659
1227 5450
1242 5940
5606 5260
1460 4314
337 1355
5266 5456
160 1248
3812 4956
1147 4647
1161 3033
1103 1308
2306 4409
3969 4051
3706 2527
4899 3788
242 4623
811 3005
4867 2576
5694 77
5124 1706
2433 147
3625 806
1011 1271
4263 2649
977 4171
2264 89
497 4686
5736 5414
1479 2283
1203 5313
4076 374
4921 3639
3167 5988
3094 1440
3053 5060
2603 2425
5832 5720
460 1431
484 4931
4656 5542
3365 2842
4559 4879
502 1048
4762 2956
1257 5027
5828 2528
588 2246
4315 4069
2882 709
5588 1669
5293 758
5891 2175
1563 5427
1894 2846
2178 5280
5209 3235
6 1746
5489 3616
1304 5275
4540 1253
5132 623
4838 5452
3933 5626
4645 2460
90 5976
5929 4650
2945 5103
2102 4080
5243 5352
1120 1544
2968 4520
3647 4651
600 3706
2729 2406
1387 652
1008 2724
5547 1616
1901 3472
4371 3127
112 5336
3763 4732
5659 1315
4915 3040
1309 581
2568 3036
715 2845
3024 325
4058 5686
2354 793
5334 5409
3805 3509
5341 2778
5824 2399
2451 3035
4602 4280
1636 347
3299 379
2077 3184
3526 3286
1359 5148
5082 5495
2821 3441
5681 5128
3719 1965
506 5964
5036 2368
5802 322
2997 4040
2188 5570
4256 1299
1803 4076
370 1837
2439 4576
1428 953
3866 1408
3820 5469
5909 2901
1761 1227
3528 1735
4941 46
2167 3690
3311 4061
816 564
1100 5303
3465 655
5733 1744
2271 416
806 3189
5071 5971
3176 5224
5773 97
1177 3153
4956 938
333 3302
2909 5262
5255 841
2016 1861
2206 513
3313 4322
483 1934
1515 1073
4710 2638
5335 2231
5490 4494
1999 5119
105 814
5602 1372
1868 3414
435 4741
4894 1029
164 3694
1989 4266
78 5920
3114 5576
1152 5261
1947 5731
1697 2620
3902 4837
4048 4675
4299 3134
2075 5843
261 3782
1816 5183
5599 962
5532 5876
2440 1790
4859 3872
3549 1917
2578 851
2814 2572
5146 4357
5471 3559
1466 3469
3888 1254
5384 3920
3348 2940
5619 4436
3253 3776
574 2291
1965 5902
5740 2976
5058 2288
2525 3858
2887 3631
5751 5517
621 5072
5069 5436
1877 3650
1266 5368
5253 3212
891 5052
1182 1852
22 2998
3119 1164
885 615
237 5403
5854 1230
3822 986
1437 1425
382 2321
3352 1303
997 923
3314 3802
4810 5795
2626 5321
5971 836
2865 2541
1481 4293
3326 617
2708 4261
3026 520
2362 5153
5306 3241
2875 4544
2924 4626
5661 1433
4830 1794
4517 179
4586 4569
4628 1644
1043 2412
692 4763
4287 5670
3639 5344
3742 1274
3467 5396
1110 5627
2021 4387
1301 778
969 2076
4881 5096
4373 4689
2448 966
4091 4184
2367 1548
5905 4172
5096 3326
201 4136
4953 2397
1126 3794
2899 1008
1135 1016
4135 1021
166 248
1154 1326
5877 5723
2112 5302
167 5432
5167 413
2129 2628
1267 1446
4801 3832
4270 3328
3813 4926
2749 3888
4096 5596
4325 3336
2309 746
1550 5282
1792 3764
2347 4777
649 313
1240 4405
5170 2155
3669 1093
3158 1853
3457 1321
3965 553
2163 4223
3133 526
1083 4646
1433 5838
5486 4888
4860 4928
827 3348
2442 5705
4046 1407
55 5993
3008 2714
5021 5001
899 4890
982 1207
1121 2052
4643 1089
797 2707
1704 3689
3857 5284
1919 4273
4362 1318
2220 1104
4407 3486
3027 2469
5933 5977
4507 2293
828 2010
3448 509
3079 3300
1158 1365
2737 2024
1557 3721
5393 391
2452 5150
4092 4974
5557 4485
4252 1770
4255 155
3417 2698
3597 915
5571 969
2639 406
1764 993
3040 1142
1475 4100
5276 3089
1293 3191
413 4558
5517 1046
3294 5640
3452 4523
5895 4251
3071 1551
2783 4212
457 5376
2544 4985
4817 2872
1107 3180
1048 1966
2462 4207
1852 3660
1443 2147
3256 4153
5799 4312
4176 2269
1057 4714
2897 5433
3903 3962
1476 4032
5913 4929
1960 5179
5711 1074
3397 4027
5520 5225
312 1358
5197 2957
5707 2871
5846 1676
4345 2385
3415 172
255 2028
424 4222
3630 4834
3748 1948
5348 25
1345 5304
103 3482
3521 1400
5630 2835
3592 5748
686 4919
4181 3510
5959 5164
486 3211
2159 453
5511 1803
2501 3994
4932 478
5439 949
5125 2091
2239 3269
1577 417
4348 4757
3545 954
136 641
3538 2011
3890 139
3786 0
550 134
4276 5319
1033 3729
3564 1456
2860 3717
5052 2594
5072 736
3694 386
1529 4242
1368 3349
5353 5460
3723 1864
5426 4678
3072 3774
1978 285
2744 5190
1208 1621
5024 4691
3939 1373
2668 514
678 4276
1591 3916
4066 3953
5397 3502
3199 768
4515 606
1857 5953
1682 4901
5560 1374
5455 4094
5574 5855
3240 3708
4589 3644
1702 3246
339 5678
36 4731
4073 1534
4503 2782
82 3423
299 4792
5465 31
2205 2746
4904 2433
3 378
1815 3752
5430 2643
2944 824
4410 4343
430 4669
148 10
2599 2787
5660 971
146 237
5746 2403
1881 1844
329 2083
3964 763
5738 5267
5269 3471
4917 4866
3254 1262
2125 5927
634 4662
1933 5910
1401 1236
3704 5675
3213 5279
2013 3829
602 3929
259 907
1931 445
389 4570
2396 5322
4626 1260
3759 1866
5356 1140
2091 1036
2763 5606
5825 2924
4519 1899
1019 4663
2727 2369
1392 4395
3203 3499
5199 3638
2455 1926
3924 103
3315 3474
4448 1399
212 4819
2781 1206
2027 4522
4405 4670
4568 2032
3710 3999
863 1633
4823 1384
4460 5679
2540 5975
3381 4653
1855 4440
5093 1145
2746 2079
5769 3406
4797 5728
4524 5602
3366 4177
3986 3658
2143 3444
5318 3684
1970 120
3537 3347
5481 1627
2707 2537
1606 3092
2289 4628
2385 2571
1674 996
5289 5957
1430 4518
1153 2375
2895 2990
3390 5471
705 5059
16 4855
3489 3398
867 970
4532 4131
5941 2312
4017 3733
3878 2563
4909 4349
102 5253
856 69
461 2030
5336 3902
4149 2436
3124 5494
1776 5370
59 3125
3301 5404
5584 52
1425 2955
4615 1281
2453 4125
1335 3723
1644 1483
5409 8
3473 817
5223 4316
4837 476
4887 1765
1842 2662
2705 1724
2130 3750
4509 3381
4688 2806
3496 149
190 3327
4590 2727
2261 1914
3425 2044
4144 5386
4610 2211
1472 1989
3509 2626
1332 3496
4024 2717
1322 209
3967 5568
375 383
2166 2308
1766 604
2714 4844
5239 2414
702 1529
238 1743
3751 1083
589 4201
1731 4736
5333 5900
4138 2496
751 598
2330 903
5978 752
3565 3331
638 4991
1095 2799
3438 901
5351 4551
864 375
1562 807
5508 212
180 3697
5442 570
5330 315
2810 5978
3945 3052
3816 4120
3346 1936
3288 3329
1265 4737
3709 888
2967 5891
2508 2726
5474 2328
2088 5011
4935 5862
4733 4740
3930 3600
5155 4640
266 5689
264 4135
468 4894
228 2487
4779 2497
301 491
2713 5416
1298 3884
5090 5219
4717 278
3056 1314
2168 3473
5940 5734
2680 1121
1212 3117
3061 5799
3281 4959
5260 4744
5538 2574
3383 950
5614 916
4699 5704
1638 2463
5219 5397
3852 395
3948 1606
787 4858
3030 1419
569 2124
746 5311
2037 433
1957 493
283 4561
733 3645
4755 1659
5515 4399
717 3141
3488 1979
5174 5782
1059 4773
2695 1194
5342 94
2806 3619
848 1651
1171 5960
1780 2675
1462 2980
3081 2728
1028 515
943 1450
1417 1777
5133 1471
2201 2740
3774 2761
3147 610
5233 3294
5937 5486
2769 2215
3683 4668
3886 5410
5763 1630
1024 3017
1216 5463
3276 1732
3462 1113
2273 1106
2192 4376
1892 612
3681 5265
3892 5006
3446 2265
2487 1968
2127 2451
3089 1652
1241 3337
2672 4772
1357 223
3831 494
5685 4138
5540 5882
5906 3901
4891 4428
3735 1536
4511 3428
3112 5581
2437 1244
4557 1740
1771 3450
2404 4968
4128 2985
2486 2055
2133 47
4020 932
2135 1871
2194 3438
869 2836
5456 1718
155 3384
4338 2516
230 573
662 2053
4504 5425
4991 3238
1061 5492
673 842
4223 390
4081 1232
1365 141
626 2796
4198 5317
3470 3784
5732 4021
5545 4893
4147 2370
104 3105
4219 2688
3207 5819
4525 3078
5572 4979
2927 590
4670 5750
3013 3445
320 912
4588 3878
5594 855
3919 2807
3482 3517
4693 1607
1889 2789
3784 5747
911 5439
2428 3100
3477 2865
498 4765
748 3395
4500 4810
3981 4699
4875 2354
3371 3652
2080 5380
1805 3654
5185 3585
1928 5632
2210 2995
414 43
5607 405
3455 446
5529 5245
1381 1442
2507 1970
5953 776
672 5291
544 3451
2314 5192
3159 1122
38 3358
3086 1125
1184 4262
3189 3201
2587 4496
5898 5939
4607 722
3535 5509
3268 4396
2083 1993
2172 1635
1786 2350
3062 1772
4644 5580
1220 5207
3174 5010
3444 5791
1337 5744
3870 1359
406 596
881 110
531 5973
2333 648
2996 5932
4868 3835
388 2837
1347 82
2503 4075
5996 5827
2230 3346
2078 2472
1393 3121
5713 1888
5679 1175
4109 3320
4222 5922
5670 2692
2399 2646
5015 3280
3354 3853
606 4085
1695 3880
4131 3862
4617 3416
5899 908
5227 3234
3377 261
3611 1798
1733 5831
50 2149
4233 1992
5938 5797
2885 2918
5758 4605
2173 775
727 3787
5141 5241
1076 721
1849 4696
4999 5213
5129 449
3594 3227
4684 2531
1821 2734
1320 125
5322 1144
708 3711
3956 4627
2427 4246
2971 4584
2484 1495
3575 3757
1794 2879
5267 4514
4281 5611
3001 4782
5331 3927
3183 1468
2411 2739
1482 5274
4521 2282
4683 5326
4130 3356
357 4114
5936 927
2340 1410
4491 2921
2685 3290
4382 4883
1234 4756
3060 5100
1045 1728
3335 4121
5477 2560
1221 546
1165 4951
2774 4258
3990 926
4712 2195
71 1602
5321 3488
1346 3292
4192 3455
4283 4381
2281 421
784 1331
1839 4580
2594 3755
991 5348
4153 3098
4191 4366
296 2085
5983 1605
5390 1990
2323 2891
795 1320
1743 2196
906 528
5004 4882
1018 2067
189 5152
4392 3919
300 1637
4230 3834
1248 5842
5604 2492
2212 2511
3373 1362
931 1269
122 4277
2431 5773
310 396
3622 3602
5411 897
1762 2148
1350 3272
560 2653
2965 2173
219 3267
5280 1338
5969 2715
5794 1051
1402 2841
5238 5676
794 2663
3433 786
5172 3561
1236 4845
839 4464
2609 5846
4203 2212
3699 5324
31 355
5522 4459
2378 1059
1084 955
1658 4329
3992 2284
4877 3562
3355 1822
3662 1872
5964 2245
1093 1028
5366 5995
3655 3275
5453 5624
1023 4430
5154 37
5265 2235
2720 2550
5303 4210
1199 881
5958 1382
5044 2342
833 1429
3478 5907
883 534
4346 5234
633 941
4011 300
4228 4013
5418 5363
5592 4688
3023 3277
4363 4950
4389 4289
4236 2445
959 2793
3437 5623
4527 869
4336 2286
87 5369
3590 3730
4012 4320
61 3935
5088 4122
1235 4214
2496 1447
4482 3816
4595 5413
3141 4470
5853 602
538 1582
2468 5836
1421 4446
3193 5584
1222 3225
5184 2950
1730 942
2277 3338
3957 3307
2252 1251
5009 3116
1804 566
3901 4449
4896 4633
4756 3421
5317 1690
4820 1984
2911 3376
5501 3931
1068 5798
89 3737
257 4245
2929 3703
1700 3274
754 3432
3480 5093
205 41
3046 743
1485 5485
2584 3624
2017 2427
1834 5051
3932 2144
2978 5733
1434 2152
4143 3310
5 1695
4294 305
4486 3157
334 4344
4878 3900
1364 4044
4146 1211
3827 4648
2522 5903
4942 3805
3570 4105
4781 5041
4502 1009
3755 1452
1358 4872
3320 781
5120 304
3884 4977
3092 327
4210 2584
842 70
5352 1280
5688 1058
5819 4509
2867 219
2329 162
2604 4123
4244 3662
5923 4566
3631 665
3882 894
5428 4
2694 4224
2675 1224
667 4404
1549 423
5703 1655
1616 790
2240 5558
1012 4940
1463 2966
4093 3218
4784 3249
5867 1278
4652 704
1062 2297
4016 4600
5503 5706
3106 3465
1958 57
5939 2701
1895 4365
5127 1589
2854 5182
3309 5165
83 634
1685 1524
3978 4011
539 109
3271 656
4704 3023
614 4458
1548 1942
3177 1118
2365 1512
1610 4067
3917 5299
70 5557
466 906
5380 1293
4827 4591
3019 2580
831 661
4695 2128
1772 5366
711 370
5328 5501
5459 368
669 2213
3673 735
4194 4590
1518 5013
5070 2549
3000 3391
780 1830
2416 5075
3440 4026
2644 2970
3770 5970
3918 2371
1180 5653
3848 4058
1635 1552
402 3736
1527 5671
3385 4521
5008 412
981 2344
3895 4986
1829 2323
5705 2927
1588 5710
3157 346
4367 5974
5762 4851
4579 4170
5882 3084
5077 3759
4423 2677
4227 1842
4977 73
5256 4168
521 4601
5294 145
4716 1954
2716 1033
3426 3618
4947 3106
861 4654
5852 4411
4852 4703
615 5778
2516 3955
3942 2327
2596 4661
4036 1646
3329 5583
434 532
4206 2506
1543 45
1467 2258
4288 3885
4634 330
5644 774
1987 3303
1930 3817
4968 3674
1845 701
2282 3622
2156 2034
4959 1386
3015 3070
426 4965
1263 2292
3007 2949
5220 2709
1133 2644
1917 1086
175 2674
5031 326
4297 3692
1473 4074
3237 4412
66 4899
220 1729
4831 3549
5954 2665
5840 3724
4248 3011
3563 5832
1943 5318
5145 1720
1226 3698
4150 791
5543 5142
4734 1650
2045 1257
3453 430
917 3741
5708 2110
3865 3909
2358 1974
2222 2898
1157 2352
5693 4507
3905 3565
3968 987
385 4887
4141 4072
407 2181
3291 4115
4273 1146
4742 5994
106 196
2969 2306
138 649
2499 2773
3356 2218
4986 3974
533 1087
3767 4850
929 5716
2461 5171
4685 1249
2513 5223
5422 4857
1956 5801
2702 1034
5812 3704
4266 4999
2008 2994
3310 967
815 4599
4826 1412
208 2341
5324 3468
4477 2185
4379 4104
3331 1595
3858 2758
3745 5516
4534 5358
5634 3767
3261 1808
5212 234
3161 2114
135 1418
5510 4624
3076 890
5226 4947
2805 2575
1179 5701
4261 1279
2137 2054
1291 3058
555 3725
3607 5435
5029 905
2243 5203
2762 657
3628 2613
3674 4953
107 203
5586 4421
4496 4835
3517 1045
1376 1994
306 270
3090 1847
540 2768
4794 562
2768 4693
3842 1780
3144 5134
5827 3536
221 5930
1170 618
5556 3988
3149 5880
5010 5739
5187 802
1127 2188
568 4652
308 5168
3087 1557
2421 3266
2233 3179
2543 1466
3419 1816
3233 2038
2326 2609
3085 5677
2563 4198
3349 4275
121 5195
4374 2140
1798 3422
5814 5572
3393 218
1819 222
4132 6
2545 1766
4996 1786
1972 5924
1193 1796
2055 266
277 1128
3190 1845
1538 468
1810 5371
2843 3028
2905 2526
2164 619
5591 5411
5990 3972
1706 3163
1054 5442
3400 5651
3396 258
2321 558
4516 5947
476 3671
1817 1778
4189 1063
1653 2184
1109 5944
923 324
5355 3970
5151 437
3242 622
3987 5447
3912 4084
4635 292
5458 4607
552 1162
1299 5048
5257 4090
643 2757
2567 3630
2268 3532
757 3738
2066 4213
4425 5877
5373 4983
5863 5278
1661 2377
4814 310
2176 2003
4750 4896
3442 3362
4429 1560
681 5502
5970 1482
2120 4980
2324 4886
1032 2800
2182 5749
2483 4702
4575 517
2986 5565
2847 235
4134 5753
3391 4340
5288 2048
2285 4565
5143 4978
4833 5655
4034 1129
1608 1998
4651 4308
4802 1583
3684 1003
2012 4918
698 4694
518 4578
904 1704
3265 4579
937 1846
1174 2801
123 3661
3804 4165
4865 4372
3175 1553
4960 1957
380 1205
5888 5775
5672 571
1788 2137
3304 1761
3772 3025
4476 5393
3249 3578
1871 1218
5374 2226
2849 2320
3839 4988
2108 3780
5098 309
926 210
4729 5600
1503 174
3893 107
1416 1295
3266 2458
1976 2025
4696 1956
2237 667
1576 4354
1487 2384
1873 4036
803 2679
3003 3620
5292 4444
4740 1184
1395 4149
387 4687
4573 1927
2095 3373
675 3965
1742 1519
3995 2484
4430 2821
268 2996
877 4059
1604 3177
2379 5029
4183 3839
5922 2783
2515 5474
990 3582
5277 5633
3379 240
729 3629
4816 3657
2884 4489
1498 4194
2036 4467
2653 1190
3525 5185
890 3144
2020 497
4648 1697
153 4307
4180 4475
25 5002
5696 4191
5526 4581
2938 5258
2235 3311
91 78
51 4922
252 3702
3606 2210
4591 2252
3701 992
967 5537
2991 1463
4324 5242
5460 2612
3155 686
4858 5222
5795 68
2375 4190
3855 2795
5186 340
2542 3894
652 1309
1034 4077
5375 3059
4806 854
2669 5536
3514 2614
5531 1107
2161 1839
5652 4359
3231 5585
3224 4766
4022 4001
130 4942
3474 5648
778 629
1422 5687
4866 5874
4766 5682
3676 4680
623 3739
5396 4334
2912 5377
2601 4995
2642 366
4251 1185
4657 2141
5663 4402
3815 3541
2471 3649
202 2255
2616 2432
4982 4905
1089 1623
4709 5577
4621 595
3494 5395
5214 5116
293 944
4041 3214
1676 3567
260 2178
632 143
5149 5776
5967 4033
76 4540
2718 2742
5056 4164
2926 5473
2498 3449
5605 5737
2057 5482
5250 4499
3938 3851
39 5228
194 5091
1495 1577
1318 3595
5204 3355
226 2840
9 3883
1210 1532
2807 4088
1245 4481
4018 3930
5813 4644
1664 696
3016 3688
996 5277
3206 4582
1811 837
3568 3351
2464 5644
4250 5813
5717 5232
892 3989
5977 886
2185 4515
4850 2105
1351 1246
4674 4255
3222 3435
2891 4434
139 1980
4933 274
2915 3371
5218 303
4211 3415
3131 116
4566 1485
1969 5112
5514 5196
4735 3521
4775 3231
4528 5480
4732 586
3616 3997
4342 4218
1264 1136
2838 1441
1918 829
1022 4799
5190 757
1295 2405
898 4257
5371 250
2851 1574
1258 3860
2717 2189
1611 5423
627 1202
3264 5383
5774 3038
1537 4921
1352 1776
3382 1405
1323 5703
1303 3545
1797 5437
2186 3946
4690 4356
2553 5562
1747 1404
4522 689
1116 2118
4647 5816
5904 3676
1813 3285
3317 3672
4536 338
775 2111
4071 820
5406 2431
2242 1424
2035 211
2419 3642
3456 1673
2862 3072
2740 2126
4365 3938
5748 3907
5158 156
3454 2733
2441 4267
158 5398
251 1699
713 5458
2983 4151
4444 712
3615 5136
1763 1480
4414 3516
3318 4873
3544 946
4544 5089
2308 5428
3567 2343
4014 1178
657 4916
2619 3529
3036 4697
1122 5247
4121 3984
4849 2477
3398 876
691 5039
5527 3615
2359 343
2041 2311
5018 1497
2113 742
741 5360
2067 1884
4596 5008
5296 3574
354 1708
3520 1507
5448 4037
781 277
2753 5440
4464 2004
4424 3390
4707 4981
3469 3385
1185 2331
878 1223
18 3308
5414 3796
2935 5163
5461 1464
5284 3147
5416 3773
4030 3426
5809 770
3350 4024
853 5017
4926 2811
2657 4022
5678 5645
1009 5019
5541 4368
1594 5646
480 3074
2076 4160
314 611
5791 4874
4629 102
2827 2209
4321 633
2743 3065
3267 3297
4411 2878
3380 985
2175 544
5761 111
3569 2529
5410 1139
3515 3042
5438 3399
2696 4802
5528 1241
1389 3420
1601 2353
4028 3627
2381 2587
2327 1258
1719 3198
29 4949
2193 5548
2947 5372
5666 5992
1509 1585
5835 5189
5358 5802
2352 3785
2165 5879
5555 1886
1582 3941
3867 2512
4207 3818
5925 2615
1005 5857
4883 4868
724 4586
5030 2868
3137 14
1657 1752
4495 1843
5326 5725
479 588
3654 471
4914 3135
1017 1817
3943 3513
3998 121
4667 5345
5323 4923
4795 2659
5262 3534
3302 2112
307 466
5279 1135
2368 1217
5437 5443
11 5529
3466 342
3513 3424
2698 364
4393 5256
5130 1226
5205 3263
3764 5829
2126 4638
595 963
488 718
4576 2146
470 576
5161 3546
1564 3228
4040 2396
5892 2937
994 3921
4319 1733
3471 181
4446 4373
4759 4264
2973 995
5126 3611
323 910
2265 3299
3153 1133
841 1188
5108 2423
244 2814
1431 1508
5480 306
2246 5787
3789 4516
5035 2906
4689 572
4582 754
4530 3143
4157 238
4103 3463
5701 5904
2345 1336
5073 1531
2954 3479
1744 4130
1224 3315
4572 398
159 3250
298 2488
1851 1600
1330 1680
1504 2007
4311 5968
3258 2033
3278 4749
2293 399
1041 3950
5359 5984
1854 1722
4386 5023
3460 5381
5979 1516
5981 1250
4976 2016
1908 4556
1609 1922
5038 2070
2655 3032
5150 5528
5893 4427
1524 5667
3904 3481
1775 2051
3063 3457
2388 3761
5742 124
3560 892
3464 2606
1935 33
4819 5490
3717 3666
1051 1890
4718 2127
689 3505
5003 4487
5931 4659
4698 2340
2549 4573
543 548
4618 1715
5920 3731
5635 2818
4070 2611
1993 697
3797 3566
2745 3952
4520 1935
3792 4805
209 271
3369 2712
44 1712
2793 3996
1580 3859
3675 88
3769 5850
1907 1550
4334 4304
4155 2822
359 1814
4182 2963
542 5021
4402 2322
882 3864
5808 392
1718 1795
5680 5101
4465 5586
1026 5417
4876 4360
3728 5869
2405 3575
147 5206
1998 5830
4447 4616
559 3709
3991 200
4468 4897
810 422
1619 5049
1618 3814
1838 607
774 2222
813 980
807 2979
860 2150
2607 3866
4235 5255
1282 5334
1560 1237
5282 3161
3501 5229
5423 4961
3209 2266
5745 1513
5525 974
57 2278
5425 3807
1593 5167
4787 984
5889 4820
3928 4413
5097 5268
2919 464
3035 5858
2446 1334
3117 1892
3272 3514
1841 1411
2799 4738
1255 3411
3583 1774
2870 2346
5026 2379
2420 3769
5997 724
2963 990
4918 4788
4551 3577
567 4425
4115 1753
3037 3340
1840 3392
3914 4407
52 5641
2470 5491
3610 2655
5484 5498
1468 1539
235 1615
5117 3396
1977 4441
3835 2075
419 356
4413 5804
3685 3573
4614 4231
2952 2250
907 2366
3104 4806
2204 5466
2506 4089
845 5106
1341 925
2977 1645
214 2987
2625 2172
5113 1233
3927 2122
951 1565
4112 1489
361 5721
1331 51
3596 1865
4847 1231
2006 2920
1383 2602
1891 2869
4809 1377
1926 479
3312 792
2893 1666
4459 1152
5910 5955
930 2624
2010 5141
4428 902
2728 4698
3395 3086
2759 2566
5122 3097
5202 5287
580 1151
4619 997
1015 3793
2350 1858
4488 2886
2796 1694
5305 5967
4394 5221
452 2792
2976 4880
2155 5883
1198 1559
4301 2456
936 5459
4439 863
3121 4674
5157 555
3600 4867
4924 1157
4049 5871
1134 1923
3505 4797
4204 3511
608 2125
1686 3002
1558 5343
3783 348
4237 1924
2031 2554
5307 1323
3143 4539
1124 2904
5327 5306
1962 1629
5830 5942
1230 4253
3337 2074
3629 5477
1286 1432
1394 3842
4594 5357
5807 3933
2576 4613
1827 5983
5624 4174
1899 3913
5429 2577
598 48
3738 1959
5235 4049
3275 4066
2064 489
565 1265
263 3501
248 3427
1573 2443
1823 5906
2003 4202
368 3155
1893 1889
5682 3404
5674 537
987 2220
1144 5026
851 591
2554 2630
2096 2790
2876 5919
2552 4248
3776 3648
4015 4162
2436 5454
1375 2413
4293 39
2820 1027
109 1526
2153 2304
942 4278
3754 4103
1259 3815
2341 503
1334 2509
1905 5520
2302 2697
1629 472
5563 1390
3889 5467
4127 3977
2259 3716
2415 3382
3305 3665
1750 1670
5368 1100
4677 1166
5388 1263
2623 3982
4642 3216
1269 3076
2509 2450
1030 2131
3577 5929
805 4292
3734 4612
5848 4594
5001 96
3260 1567
5376 1014
1191 1084
5576 4666
4890 5105
5655 118
3972 4206
3321 5535
1412 4679
211 2009
970 5938
2800 1827
311 3213
4970 5239
1911 3334
1859 706
4267 1141
5043 2533
240 4025
2117 1465
178 5805
3874 2943
731 4891
192 5691
5381 3906
4499 4389
2627 5147
4782 1951
3604 4003
1769 318
5419 5314
282 880
5177 4559
2628 3140
3910 5391
577 2971
4355 4423
5062 1344
4880 5364
4323 1378
5749 5693
4145 2603
656 2922
1672 1977
4961 660
2050 2134
92 115
3864 4962
2438 3849
1863 2244
3286 4939
2338 4415
3730 3325
2779 675
2795 2310
2640 1826
2270 3397
393 4960
3664 1665
5118 3437
2276 5803
5839 1911
1399 5117
2355 3448
2241 1356
43 1283
3660 3504
1102 3109
575 1031
2128 1047
1595 2975
5200 4332
1151 1576
2775 3964
4789 2564
2395 1537
2033 2703
735 1558
197 334
3732 5177
2564 1573
5102 4684
2052 5061
1539 2946
5951 1769
4320 4299
618 5810
129 4442
520 3273
4056 2159
4133 525
935 1608
514 5351
5866 2912
1040 2631
8 2227
5332 575
4358 1381
536 3388
1551 4154
812 4721
1420 1903
5291 4113
5369 825
5589 9
3887 3519
1586 4774
3204 5559
443 4007
5309 2376
1253 4480
1913 4187
3556 273
5357 2276
5960 1969
1436 4341
2479 3670
4767 1603
1406 3811
817 5488
1988 4374
2287 2417
163 2234
1725 2913
2142 246
2900 5461
5311 2504
1760 874
3750 3171
1983 3251
5447 2928
4466 5664
1069 3283
4396 2542
1150 4952
1071 531
4655 4371
504 276
764 3584
3118 4818
4037 4812
485 1946
3555 2888
4669 2160
2336 2648
5687 2367
5011 2776
5005 1330
940 3316
3181 1596
5519 4466
895 3617
631 3865
4846 1392
5413 5178
364 5097
5887 5610
4971 1709
4906 5149
5134 1255
5509 4243
3481 804
28 2073
4400 5574
3168 1874
2061 4876
744 3122
3648 4163
286 2270
2908 2877
465 24
2251 4281
3188 5246
5516 1547
2802 2475
3819 5505
884 1102
1938 5451
4901 3322
3432 5159
4944 3495
3894 1005
1684 2251
2151 5087
5079 4217
4089 426
5316 3497
4218 1329
3641 1199
5890 2895
1875 4093
874 1285
4931 3287
2025 3073
2556 1469
3908 5766
3698 3823
4450 4840
1201 2555
5040 2732
1659 3446
507 5709
5074 2875
3696 2101
4332 1369
2262 4367
4458 3494
4727 3083
723 239
3244 716
2649 3108
3740 755
1233 2813
3342 5130
378 1801
3422 5886
3252 2693
1363 5848
4417 5292
4216 3678
2317 1332
1546 190
3142 3004
2825 3459
2279 3111
4630 1710
4205 2522
808 1657
2794 2832
196 5814
338 448
412 2501
184 3520
1369 710
3164 5523
3130 1988
1751 1213
688 163
4161 1521
4765 440
2855 2017
3923 3923
270 5921
3700 1868
72 592
2098 1018
4565 4768
1176 4852
1480 4715
1570 140
4113 601
5025 5743
2812 2363
4687 2198
2418 543
4104 5934
1053 2037
2582 4107
3039 4491
2699 2763
4062 4263
4186 3527
3771 682
1880 5250
2877 2823
3834 463
1520 1064
796 1768
5697 3152
972 4330
127 751
894 5405
4770 5604
2272 1972
3033 4111
4791 2552
3539 3487
3389 1155
2874 3048
3116 4301
274 4541
909 1189
21 3640
4845 3293
4035 2862
2022 2860
2191 3022
1922 5865
5378 74
4002 2329
2808 5004
2881 2661
5718 3518
785 2305
236 4454
2300 4936
2049 5551
404 5138
5068 40
3761 2230
829 2664
5213 1542
3841 733
3165 284
3720 2565
1649 568
1409 4841
2348 4552
2313 1228
1445 286
1307 2065
4542 2510
3103 3254
3011 3507
5046 2843
5915 2121
2218 2984
1311 1204
2030 2240
5760 2049
4946 1700
2526 207
2990 4348
939 1130
5972 4128
1793 5793
2297 3554
1966 5620
5709 1878
5999 1546
753 518
5829 1520
1407 3132
3959 3439
3911 1930
2131 1043
3211 4268
4663 1811
5926 1933
2581 5266
5844 981
1728 4091
1602 630
5110 3440
254 3066
168 2249
429 3164
4202 2324
1164 4976
4383 2545
4136 1081
3588 614
2344 2777
750 1371
2392 2951
1438 639
4284 5597
5691 4486
2537 3008
1010 3715
5651 4762
913 5337
1639 3151
4606 2100
1710 1114
786 5047
2053 5288
3405 4181
2339 2708
1371 1012
287 1731
2081 1044
1319 420
5392 202
336 1078
924 2802
5089 4295
456 797
1757 1132
4007 148
4512 230
2256 1010
5632 3118
5782 3699
1615 138
2376 5172
2198 5217
5726 1216
5361 1124
1396 1611
46 1168
5597 3934
2228 5605
782 4305
4570 5424
1168 1530
1046 624
5662 2716
3069 5825
3988 76
53 242
3661 5613
331 5717
302 5616
3671 2455
5987 5892
1997 5512
5595 4328
5075 1749
2014 2207
2942 61
4240 2929
4214 3500
2529 510
4893 821
5817 3009
583 294
2432 3555
3045 3603
4426 2465
5603 4560
2756 2852
1831 1445
1522 1578
5921 2685
5974 3139
1633 4549
3646 5617
2099 5080
4442 745
2097 3081
1386 5881
2177 1002
5869 3917
4752 1639
3688 1860
5747 959
5665 2170
2160 3808
3845 3491
1696 958
3791 5638
451 5367
629 5702
2423 3651
1353 3506
1056 5135
2435 377
4418 2478
3187 438
1117 4043
3402 3187
4055 311
5818 5115
1169 3224
1669 5672
3475 1656
3066 3088
3620 2629
281 4906
348 3693
3643 2416
3088 3563
1579 462
2797 4019
1125 4445
4783 5020
1031 2639
1214 613
2140 12
5657 3165
5581 5257
1321 4140
1727 1117
2666 194
3768 2637
947 108
4911 2989
3947 5455
1505 4596
4051 459
2637 2145
1904 4793
4350 4815
4354 5668
4008 407
3817 3031
3423 35
5601 4970
3052 1958
974 314
2757 5792
2248 3593
5385 3596
2488 5347
525 279
4948 4814
5179 5531
5945 4400
1655 425
3624 3614
4722 5121
2123 4683
3777 3377
284 714
989 1345
3584 233
1689 3722
1514 2671
3021 3289
1613 5841
3097 5160
1872 1931
4403 5478
1112 5201
4581 3515
985 5847
4313 127
2661 496
161 3830
64 3795
1183 2961
4723 871
2834 5462
5268 5538
35 4414
3075 2652
4065 2013
5019 1024
4292 1479
603 3064
2618 3054
1767 4313
4231 5854
3850 2651
2085 5194
1909 32
5391 296
5946 4726
4047 5230
489 4937
4708 4097
582 5763
642 4754
3186 815
3049 4099
4472 4016
3618 4671
4412 1581
980 687
3229 3895
505 587
4714 4884
1746 2902
2839 2345
4951 1525
2831 3136
5901 899
5737 5873
2733 2485
5858 2401
2520 2042
2612 1533
2730 5120
1006 1273
2921 1302
2787 335
2316 3170
2982 4620
5980 5068
2617 5888
1521 740
3830 5784
4825 4196
2903 567
920 521
4409 2339
3913 4240
1160 2514
844 3350
737 275
4498 5928
5684 3242
165 3713
3250 2933
2519 4536
3971 357
2620 4087
1037 3979
3558 1806
870 2826
4151 4403
5272 5697
2638 827
4318 5738
233 3068
5788 5656
256 2059
995 2347
3578 5022
1114 523
3726 5683
3226 4192
3543 4898
5099 4794
2606 2
2833 747
694 1506
3376 1952
5806 4173
3098 1105
2798 5756
3339 171
4747 5981
3223 3219
2225 5769
65 4490
5433 3707
4072 805
3658 1920
1097 2583
5051 137
1647 2864
5299 1960
2320 2557
2269 2223
4164 5527
5408 5431
5159 5235
1470 3564
1324 960
573 4004
1622 2518
463 187
5290 4150
5564 3110
4432 2348
4480 3732
4583 3175
5045 4042
97 1901
2402 5412
5138 5547
1464 922
3916 2193
1313 4718
1105 3168
1429 5962
876 728
2334 5016
625 336
5759 818
2216 5055
5475 3498
1449 5472
622 2064
3881 2020
5014 1394
3277 1821
2913 3090
1948 1764
2154 2657
149 672
742 2410
2322 132
5865 4479
2593 1919
450 2153
3960 3456
2203 3610
1496 4144
2202 3683
4285 3881
4768 328
20 3609
647 2770
325 1963
1232 4271
3431 2585
5948 2798
1277 5889
677 410
2094 1385
3703 5315
3449 5073
1888 1457
5230 552
4902 177
2357 4270
4310 2319
558 67
607 5824
3042 5335
3984 333
1136 561
3736 307
4936 4783
1942 483
2725 169
4083 2389
1328 2605
2460 2705
232 2830
4302 2248
5400 2958
1092 3192
4277 2676
1986 3968
2342 4656
2425 5631
4163 5545
4679 5385
3246 4422
5404 244
3619 856
5647 2513
5623 2452
5719 2386
2107 4511
4368 2408
3084 2897
847 1828
1108 4519
1130 964
1156 5375
2266 5525
487 4955
1315 151
1923 4823
4620 454
249 4526
1717 4274
1765 5295
4776 2600
3458 4769
210 363
5176 5608
4169 2489
664 1096
4804 2219
5319 5694
5767 3958
530 4673
5757 5018
19 5211
640 1055
1419 4908
342 1300
2629 4216
2709 3461
5417 5647
4639 3646
1971 2505
2801 186
4715 3668
383 720
545 551
4930 4364
5000 3436
965 4780
379 3633
4059 1342
3977 4070
5778 560
5756 3029
4587 5757
4208 1964
1219 1453
3225 3681
199 167
3245 1070
2292 2625
2988 2885
5278 5567
5834 3852
5027 3576
4246 5238
4099 1658
601 2968
3743 4958
528 1937
5095 4910
2118 1200
684 506
3876 2667
2023 771
1066 4351
850 4915
2244 2108
960 1416
2039 5817
3279 4419
3307 3281
289 5765
5725 1851
5626 681
3140 442
116 1711
3724 2689
3532 5273
739 5650
1795 4133
2957 5522
2931 3003
5440 229
3306 5965
5412 5553
1554 3590
295 3206
5930 4142
408 5044
3010 215
3243 5575
1936 4667
5252 409
4337 3133
4882 2507
2089 204
101 2914
41 580
4433 3296
185 5323
1113 2390
1681 3583
726 1572
3184 2237
4174 3087
5787 2107
500 642
440 3748
1310 540
2429 4755
262 1896
820 168
3697 1239
1354 4392
1186 2400
371 1478
5600 4141
1082 2641
1985 393
1716 4345
3152 5507
3146 3226
1484 2491
4274 761
5472 3013
54 371
3999 5513
222 5899
2910 693
5952 769
549 2556
2901 4081
4356 2217
2828 5154
944 5430
4609 5176
1225 4789
4711 3239
5772 1077
5637 5808
2304 5012
792 4853
5512 1707
2490 3079
5932 293
2880 11
4312 1352
1667 2750
291 1110
141 2844
5873 5560
1207 2435
3638 579
1773 1906
4949 3945
5234 5108
1541 4166
1701 1186
1544 4533
2710 2068
3725 2967
5907 4856
3962 1622
2570 4461
5664 332
2857 2498
3533 4500
5860 1562
207 2870
462 2827
1703 979
3586 4833
3205 4776
2073 492
5468 3233
2962 3705
762 636
998 53
3179 1259
1106 394
3652 3743
3218 5893
1770 5789
3808 1995
3031 1277
2597 4800
1138 3836
3500 4488
767 5308
2785 5086
2846 5925
2349 2849
1155 5078
2445 2046
3677 5673
3737 563
1178 3245
5646 1423
2613 3976
5208 1783
4773 2421
3219 846
1317 2656
5776 4854
140 5890
1244 1491
537 4161
4366 3190
2408 245
2907 5615
376 2262
1052 2023
855 1738
2614 5625
690 5777
4171 2934
4538 185
2819 1210
3445 4098
5743 1504
3686 4969
4743 1785
5768 1857
3746 2766
5884 1648
1404 2930
1964 5770
5173 2229
3691 3803
3782 34
821 320
5724 2036
4963 1420
1344 1052
2056 1751
2572 5
3729 4889
3436 1717
4842 3050
5085 3526
2068 1088
3806 956
5539 4285
5225 3944
3408 4727
94 1079
458 4730
2312 2873
1790 3324
2530 5909
4327 4492
5826 3442
1452 2809
3708 4885
1954 4048
5552 4158
5241 695
2481 414
1850 3342
258 5053
5479 2391
5786 5058
58 5263
4019 3856
2463 4832
1268 3176
2662 773
879 3345
2681 5272
1874 3128
2703 5742
5927 1955
1598 4109
2147 5449
2254 542
4658 4117
1949 3886
2116 298
1471 5963
4467 1111
2026 1013
411 1773
425 2737
2760 1787
1131 715
1195 708
4167 2941
2574 1316
4987 4426
4478 5342
5033 123
499 1716
5989 2753
4612 5996
5325 5713
2742 4682
2227 2604
2001 135
2291 5468
630 2893
4950 866
4514 2332
5894 3075
1039 3039
5061 1191
526 5915
4771 2180
802 1913
1380 1713
5643 2599
4069 750
2536 1006
3552 4534
2621 2992
1366 2357
5567 2534
3687 3012
1708 3259
2630 44
2826 2163
2105 1638
5247 1591
5902 4543
3234 2296
5507 1335
2494 4895
183 1654
229 1414
4954 5823
1246 4199
3872 2069
63 3926
858 4333
195 1950
1523 3961
353 216
2002 65
1400 5496
3829 584
5148 2077
134 4002
3078 5864
3954 264
3414 1737
5297 2120
2704 3643
2719 2654
541 2817
3447 2815
1714 3248
4039 5722
1903 3104
772 1272
5658 5095
1403 217
676 4795
469 5510
1148 1235
1021 2005
3649 3467
27 4468
1367 699
2119 5931
818 4331
2290 3353
1699 2748
1749 5884
1159 2784
2580 569
4923 5359
648 3890
10 1867
363 439
4380 4816
3409 1380
3194 4296
1968 3669
5263 1587
1513 5226
1004 4846
5445 225
5164 4720
1914 114
4370 4477
682 2117
5034 4813
3846 1313
4165 86
2146 2959
2223 1982
5870 465
3929 2204
3173 2820
3860 1038
1902 1484
1745 1443
4077 98
1939 191
5421 3408
1963 1876
1410 3680
4966 3387
4038 5937
5798 4045
3041 878
1634 690
48 2508
42 1039
4541 2380
2682 831
1886 2494
3849 838
47 2969
3527 5151
2970 557
1774 2851
4920 5139
2726 1727
4851 3386
585 3055
3523 1290
26 4546
2813 105
1435 3837
3490 2169
110 1444
5695 5066
5885 350
2150 4719
1072 2858
5506 418
5631 4315
5137 2856
4484 1500
3946 2592
5236 711
2157 1663
2979 3810
1625 1011
2412 4639
5728 4571
1565 3204
4487 844
2245 4065
745 1060
1884 4298
4889 2503
5254 64
5032 4391
5244 1987
1036 798
2917 3598
1308 2242
1426 835
1631 3253
2758 4209
5649 5064
4726 5129
1820 3394
747 784
3803 5014
234 4234
3210 2462
75 193
142 2090
4973 1131
1149 3142
2678 1282
481 243
5868 3366
1627 2156
4033 5175
637 1813
5536 2974
5320 5036
5677 1910
69 4227
3605 3873
5627 669
4304 213
49 2700
3162 2302
2447 2358
4492 731
4434 404
4101 1481
1528 4708
2422 4095
1906 1366
2848 2263
2845 5714
4225 4869
427 42
4560 577
5608 3333
4316 5812
2844 3543
2712 1167
93 3896
5723 1220
4474 2012
1822 3305
1457 2407
5698 3581
2747 828
2950 621
4593 1696
1748 3691
68 1978
77 5419
1768 830
3985 2238
1003 1183
586 5074
5066 1515
2898 3236
5065 4817
1944 5434
3319 1193
1274 3313
4295 3524
1690 283
4578 1833
1228 4625
4275 5566
3752 883
3368 1908
418 3553
4221 1387
4300 5316
1621 4592
1607 5771
2106 3056
2454 5780
45 512
3434 4132
2940 4469
1654 767
3441 2039
4975 2632
5107 929
5156 3942
875 5807
4505 2953
3993 2590
2830 5552
2060 291
1724 5908
2444 5643
3854 1566
3323 2713
763 2303
3093 2466
322 4250
2631 3309
5912 5205
1828 5730
4029 5422
4021 4420
2546 1428
4725 477
2187 1438
4238 2932
2353 1243
5789 4506
2361 2634
5849 4973
1486 5943
2038 4064
5232 5833
4955 4086
5162 4649
2918 5448
2274 5543
4352 2361
983 5204
4100 3675
2659 3480
4326 2687
707 3954
3753 3335
5295 3981
4751 501
3375 4134
4398 2104
3779 5209
3712 4935
1626 267
5856 4319
3548 3113
2511 1066
5859 1363
2299 3712
2152 3207
1736 759
3877 144
1900 2483
4184 2595
2654 3687
5338 5952
1808 5283
5109 559
4074 1688
5673 2139
265 4917
5513 4779
1270 5310
5457 4562
824 154
1086 231
2510 4437
3228 2035
1181 4750
3241 4724
2989 2535
1940 1834
3940 5521
4808 738
1360 3591
1946 5429
494 1762
4335 473
738 4664
1423 2691
5287 3914
319 2094
2043 4606
3722 1328
1342 353
1213 3570
0 3298
547 4501
2332 2660
473 2459
1973 4208
2337 4484
2894 5914
4549 2314
4919 2729
5452 2267
5554 4609
819 5860
3582 1197
4772 1341
1737 1556
2086 4634
398 1134
4822 3261
2489 1721
1694 1601
5820 3484
783 4239
243 2026
2473 4235
5770 2578
5386 1873
3825 3975
2955 2616
4050 2559
3589 3990
2641 199
5585 3341
5739 4398
5100 502
309 128
701 5657
206 643
2994 3806
2505 1020
3657 3162
3096 2857
401 1976
1490 3790
4088 36
3747 2779
1261 5579
3418 547
5367 4798
832 1739
2981 2082
5349 4924
2315 968
3599 1684
2660 5666
2766 4137
5078 1470
896 1383
4110 3936
605 5582
349 2881
736 5866
646 1810
897 259
966 5692
271 4028
3680 5294
3416 845
699 2562
2776 4176
1516 625
4884 4272
67 2650
4928 4092
5993 1476
495 1499
3238 5046
2645 5350
4945 1037
2754 4964
133 63
4381 5170
2706 5146
4574 2854
2238 3825
4864 2828
3796 5587
749 2694
5086 1395
3439 4175
2789 3268
4616 5736
1584 3321
4339 599
396 4747
3082 5629
2782 4300
2393 2988
4122 1824
718 5173
1833 3318
5496 5844
493 5057
2319 2938
1678 4529
3468 411
3868 1103
2062 5821
2752 2972
2298 2538
5119 1247
5101 5561
4378 3041
3885 4913
823 4383
5530 189
3230 2874
4952 4767
4080 1150
2835 4862
1705 3146
2072 3922
2318 4722
3043 3533
4406 3978
2197 432
1194 2439
1671 1662
4692 5399
619 4219
4753 5708
887 3868
3274 673
5354 5503
3896 1203
5142 4713
3297 860
2985 4256
1711 4563
865 1725
3125 4775
4102 700
2922 2829
3134 4188
5833 3804
1444 331
1692 1266
2174 2853
758 1564
1782 3973
941 5990
776 1361
4613 4739
2635 1571
5710 2880
1787 3911
1812 3925
5876 4110
4978 666
5587 2001
1663 505
639 4716
1340 3199
1459 945
4815 5783
835 2109
2407 2791
120 3330
3338 5155
905 4630
2189 4386
2993 1435
4885 1097
241 2422
2224 2103
4119 529
655 4311
3051 3067
5712 5550
5633 5969
3487 3493
2373 3623
3197 1881
5616 1563
956 5987
5790 1745
1079 3205
1461 22
719 3943
3491 4336
1677 4912
3128 3154
973 1180
4927 2670
934 17
5524 5300
2842 1509
4558 301
124 2002
2158 3323
15 87
4436 4034
2034 5532
2258 5186
4745 384
4552 4233
1446 4306
4328 4728
4841 1477
5577 126
191 2202
4757 2186
2949 488
1510 2720
3336 4145
4853 3492
4220 2281
1720 2157
3178 2764
3762 2673
