6500 4000
3284 3376
1796 1192
84 5561
737 4415
4297 2854
6041 1662
347 5269
3343 1607
1231 4959
4142 3905
4177 4592
4365 2211
3583 870
1069 6453
5889 6254
1146 6292
2483 3177
1552 3670
5167 5310
4345 4943
2178 5661
4187 678
3066 2260
1309 432
3176 1340
5152 3680
1495 1831
763 1978
500 4431
5785 2140
1844 4791
640 2028
206 5069
4430 3271
3988 3554
285 613
1615 3128
1834 5164
4422 152
3419 5821
1700 3074
342 3801
5481 4734
5196 1995
3776 808
790 6469
1995 1428
4285 2196
825 1440
4214 3174
3080 6434
4327 4191
6385 2218
5568 2770
1950 3202
1604 1005
3532 5903
5802 5758
4399 2076
5643 304
6185 1823
1127 4586
4643 4686
5242 794
1221 3873
6487 3044
1791 520
4916 1178
4140 6120
4309 2808
6317 1226
5074 88
1481 4276
3092 5237
3010 2882
1735 4580
3338 4139
3545 5947
6287 1600
3282 4756
3777 3938
169 4610
1174 5768
6337 2560
4539 5284
1016 1702
141 5154
287 1814
1555 3716
4597 5132
5671 879
5347 791
295 3747
10 1462
3020 5454
5346 3417
216 4963
3873 5651
1613 4386
2961 3925
1063 6076
2793 1161
4402 5413
723 1276
3858 2990
2442 2344
1356 3382
1144 2022
43 3470
1609 2333
293 4574
1467 4106
3929 1256
3951 2839
3860 3592
815 11
4444 4355
6077 467
6325 3898
883 5322
366 4823
3814 3263
3210 3236
3366 6039
1370 2126
6107 294
4018 274
4762 3656
2655 5035
586 5990
2594 2517
4042 2311
5170 1999
801 2284
60 5958
5234 5924
336 6278
3714 4560
6161 2894
1327 3545
757 3620
1676 200
2997 6327
1802 373
4548 1329
870 1185
6405 533
445 2810
4159 6210
4060 1116
2952 6012
749 3457
161 5211
4784 5374
4512 1731
827 450
4901 923
4320 4126
1683 1134
4964 2726
4667 5391
2690 6405
3348 4358
4719 1779
175 2336
3180 958
407 4739
2523 1626
1229 4318
1751 2057
4458 5556
5224 1919
4577 5854
3237 616
4570 6060
4578 2550
5641 830
3045 652
3525 1029
4574 3189
3517 4038
2893 2926
1398 3053
1252 1075
3452 111
6294 2586
3982 686
1128 3320
1295 1941
2871 4715
64 28
2880 330
1859 4793
3961 963
5793 5602
5296 4492
6480 6279
5204 1484
707 2649
5081 6429
1462 5435
5692 254
1192 1773
4870 4956
3800 3386
3167 2136
166 4627
104 1553
6279 3141
3447 6114
3766 3511
2665 1085
5263 2319
4937 1589
4680 600
3350 996
4022 5091
5669 4374
5082 4432
4592 1537
2043 3143
4502 2129
4843 489
6407 2496
5114 1238
4518 5377
2149 5672
1278 3584
3219 3890
8 6157
4555 2744
5032 4141
6355 1945
6482 5800
872 5033
4105 5086
1423 3870
5337 2965
2309 2212
5415 1302
4048 6189
6071 5006
6067 4005
2658 1483
6473 1491
5237 1595
6163 756
2399 1585
777 6427
100 6355
4538 1517
4118 4938
5090 2161
3634 2065
5100 367
2191 935
4011 1852
2338 3284
3349 1089
1689 6458
5984 6013
6104 4476
204 1377
5210 382
1491 730
2382 1273
5316 4803
3922 1743
1287 3283
736 1842
4231 5466
308 3935
2197 5542
5381 5848
6406 3330
769 4364
4883 4103
3904 933
5778 5643
4246 5262
1574 2181
5899 3866
3059 4393
2585 4636
4481 591
145 5037
2011 2424
6182 5747
3205 220
2297 3392
1994 2449
3813 4683
2358 1616
3479 1677
3623 6144
2255 855
1928 3254
6334 4446
1848 3232
987 3720
3379 739
5713 3441
3737 4295
2345 5976
854 6298
1761 4533
6192 2789
6183 828
78 3120
2014 287
6068 5178
5345 3387
1098 5021
2719 1697
1922 4008
2592 574
1377 4310
4261 5029
5320 4064
3995 2481
3417 3885
5115 5015
715 2722
4551 1368
5913 3813
836 3800
540 3494
1673 2166
1658 5695
1090 728
3403 5678
4716 2479
3286 1784
2504 3553
1983 568
4062 3512
15 6212
1449 1091
782 1701
3214 458
2605 2697
3686 3550
2520 178
2660 3737
3605 4802
4366 2698
1475 888
5959 4150
5639 4389
2820 4867
5311 3572
5054 1225
5595 5240
4283 4127
2956 2209
1867 5801
424 3789
3054 1570
4670 4277
6250 4922
868 6301
3288 5320
1138 6128
3170 5564
231 3848
3347 5281
2886 5844
3735 4787
3467 1028
276 985
3341 3821
2337 849
5195 133
6 4080
1725 539
6024 361
792 4569
6227 4133
5868 5987
403 2792
5539 1008
5709 3527
6109 5925
2307 2653
5754 4280
4671 6185
1065 5730
5197 5756
258 3446
3849 340
1050 5230
1148 5490
6372 2023
803 3041
1416 1300
3925 518
4316 240
1145 1246
6099 119
5313 5983
5002 2125
1391 3573
52 6178
3048 2955
729 5273
1805 4993
4976 687
251 2246
4080 2234
2764 20
1196 1761
3285 6346
5116 2230
437 4903
436 2203
5072 5860
3340 5027
1486 1
6494 699
5725 5144
6318 5595
4097 3210
800 5114
6153 3939
3026 2425
2868 2804
4684 300
1122 573
1826 5608
2791 1897
3144 5919
4265 4916
3328 761
338 2835
3769 4091
4638 3735
1921 3297
2013 6321
457 4088
4189 83
3864 1790
511 1062
4974 6059
541 802
6271 5219
1963 6325
1349 1669
4520 2754
2231 3859
5752 1921
4310 622
5244 4158
5149 2073
485 4112
3956 4035
1184 4726
5769 5581
3443 6015
2070 2593
3346 5102
5364 1022
952 2669
1517 4184
2256 352
6421 941
5516 3282
2884 2912
140 1947
461 1035
4958 2875
5784 2233
2238 5918
1583 2295
5026 4907
3985 3970
2978 3275
1742 511
2284 2520
3339 4781
6116 1099
2164 5112
6464 531
5772 4508
1407 5891
3004 301
4785 5567
5651 2376
6070 999
3802 2039
4254 5601
5064 1160
259 5820
3695 496
1730 2549
312 1208
2630 1982
5477 4697
5490 882
4175 1924
636 2838
1033 4899
6441 3698
3395 237
1281 3776
6062 6229
2301 4237
6443 5432
325 4973
2856 3312
5220 1531
2237 4481
4663 2624
2933 5773
334 1939
5971 5433
5843 2531
1015 2939
591 3749
4220 4222
933 1556
2512 1799
5489 2546
584 5973
1727 1765
3453 1870
3842 869
1159 5251
6125 2398
3131 3576
1248 4209
848 2716
5761 5056
2183 918
5758 472
324 4638
4704 6048
3323 2317
5870 3601
2320 4443
2852 4852
5219 5130
46 4090
1303 2315
3407 5473
4955 5468
3483 3077
3774 552
4998 6222
3613 6105
963 174
2882 569
3654 371
249 1027
3115 1480
3854 937
4617 2640
3537 3858
743 640
2984 5022
429 4129
6201 4873
5974 4563
2393 5136
6499 5995
6304 2456
5675 3724
4070 4054
4928 1123
4339 6097
1308 216
5824 4746
2031 2561
547 4710
4447 4765
2496 1248
5857 2445
5457 3588
979 4772
2553 4934
3652 2863
3023 6489
2648 1733
1651 4817
3730 2643
2192 2276
263 5087
4381 676
4917 442
3862 3448
5927 2388
6022 4567
384 3750
581 1682
4724 1121
671 5111
732 2427
1017 1056
220 3384
3576 1297
3287 6406
2621 12
1319 2565
4270 1313
2969 5106
4094 5626
3049 5004
3473 3615
2854 1895
2462 3687
6211 15
2901 2369
968 1421
6326 160
2575 4488
5146 1070
5708 4670
2261 4182
4164 1740
4844 6328
2407 5723
225 1505
3615 3383
2614 4216
481 3994
5924 4308
3582 1410
5546 5368
3885 4738
2440 4097
1660 35
1142 3224
2610 1389
2239 214
1800 6333
4377 1077
4798 1854
2082 3585
5359 3192
232 110
187 410
5638 179
5773 159
2435 1534
4664 2058
2970 5226
2259 5095
4920 4525
4659 5927
5590 5900
5016 3472
5965 1366
3272 642
1290 4735
2469 4186
1530 1986
3067 6122
5479 3567
2201 3755
4833 87
2645 3984
1044 841
2391 3045
696 1679
890 6056
1055 3418
2548 5781
1521 2701
3204 2753
5581 2543
2829 5404
3965 2309
5943 1642
1635 4059
5355 3300
3344 3999
3500 3437
1985 1847
3745 6297
624 4596
3278 6270
4116 723
6369 2342
2587 1602
3032 4448
4697 3838
6262 3963
3423 244
4981 4679
3119 1263
3912 1827
862 813
6234 3285
3600 4846
5584 3181
2505 1845
588 4036
3474 2815
5814 3997
4745 328
6018 3783
5759 3106
808 2124
4146 4702
5860 3966
4276 4868
5781 925
5312 5270
6009 4612
833 4370
406 4701
6282 5105
4969 1586
4125 4083
3442 3520
5933 2373
3319 6472
2506 1011
1896 3927
5993 4322
1624 4019
1045 819
3932 4912
4086 6217
4102 337
1769 1345
5742 1040
1089 3823
5903 6040
4856 1473
4041 884
3837 3518
1272 364
3464 3565
4796 3816
4777 1293
1851 5192
4397 4840
2124 2251
3405 3061
6365 1212
3622 1310
6115 6090
5212 4661
5306 1925
5287 2601
73 3333
4308 1920
87 2254
5501 5148
2936 2581
2434 5430
2121 2888
5024 2395
4190 6471
4482 5763
1767 2587
4908 3019
3068 983
747 6071
5674 6117
1653 107
89 6361
4216 5932
307 4828
1509 490
3444 4620
309 2691
1408 977
4468 2933
3665 1286
5471 2819
5398 2974
2607 5598
1363 5421
4269 3822
1951 6340
4536 3634
802 2153
2098 2615
4897 5375
579 803
3011 6064
4204 3967
2654 1143
1987 2026
2947 2487
1520 1228
876 5662
3441 5617
5448 4210
1037 2123
1650 3393
1484 6017
844 413
3848 5594
5731 2175
4956 5823
3446 4639
2313 4827
5292 6181
5390 2403
2122 4300
2145 1516
5435 4234
2436 2248
1085 513
5333 4815
130 1620
1707 3230
144 1041
1627 1379
1096 3985
197 4673
5098 5835
818 5613
5807 5716
3072 1443
2363 4507
5272 2603
2782 5569
2364 5459
5408 1259
4229 3646
5069 1718
1289 742
2927 4081
3188 2632
4179 322
4553 1034
34 5547
352 6290
3780 2827
250 4040
6484 2101
5034 5690
3113 3827
3895 5588
1280 199
1852 5324
2507 4763
3308 610
5819 5833
2467 1291
3949 1084
3588 2118
6445 549
443 4274
4523 2622
1247 5996
4122 4684
2487 3169
2778 1951
5530 25
2288 4338
956 1488
4003 3411
417 417
879 1127
2526 2897
95 5045
962 6020
1342 1839
3863 5879
3749 5064
4779 3993
2274 4196
6244 3681
4640 5642
5356 3932
2412 393
1739 312
4425 3777
1420 690
3915 4861
814 314
2599 4566
4820 5210
1563 2158
103 306
2328 2824
3547 4115
809 4830
1270 777
1242 2066
281 667
2725 1456
5440 2471
3739 3469
2859 3416
1365 3806
891 2906
1830 2007
1005 1445
2836 3539
3540 6462
6026 270
3313 755
1385 6004
1102 6032
6465 6326
1877 3773
121 2559
2390 4136
1778 3436
3808 4063
6362 2613
4368 2898
4193 6109
3175 2864
1302 2113
6327 2505
2218 40
3185 4931
380 3992
2323 1882
2003 5951
599 5328
3015 3686
2817 4978
811 2174
4242 6411
4162 4893
1709 3415
5657 5389
4757 1249
1288 276
5023 2724
928 6330
4117 3606
3954 4914
1468 1060
2245 6404
3638 4927
214 4250
3556 2977
6206 1555
3007 4242
1925 1427
5950 1808
83 880
3740 3824
4133 2966
1022 1735
297 5272
6055 6237
4449 3239
1621 5904
5174 971
3235 426
5416 167
6165 288
3910 6483
5289 4475
2586 2307
1086 2828
1818 3668
6154 339
2914 3465
5873 5209
4653 702
1592 1333
435 4468
3372 480
5663 3475
837 233
4183 2539
2602 1514
2128 2263
527 5923
2910 3015
4651 516
2657 3112
568 1737
6467 534
993 5217
5161 4229
4541 4768
1766 5453
455 1539
1550 6488
2805 1736
5015 3654
4492 1076
3773 6107
995 1241
5571 5680
1840 857
1998 4932
81 4055
4266 136
5969 2732
4720 5743
3466 4244
5183 4194
2140 801
2867 5182
6367 1647
2314 482
2139 6339
5624 4289
3976 2552
4534 4157
1153 1174
4626 4587
1297 5381
86 1460
902 102
3920 838
5659 2551
4604 5634
2831 236
1246 2574
820 868
438 3770
6319 1563
5688 3918
6064 6211
564 5916
5425 3366
1149 6399
1485 4838
2891 6266
3743 2907
1438 5525
1551 5551
4675 1376
4991 3199
4315 4217
1340 5024
3933 5455
5871 5057
5151 4427
926 5806
6076 4704
1137 4281
116 5150
2804 5028
4497 3334
2481 3596
1816 3484
744 6119
4110 2092
5060 5986
4807 4110
2539 3067
5817 6395
5521 1513
1763 4111
1856 6412
6495 1136
545 4
2209 1806
1636 598
6285 3404
2365 3711
4106 4253
1690 541
2221 2409
6361 3410
5841 3496
4260 3353
1232 5671
1105 4105
3245 774
5607 2785
5658 3407
6241 281
4655 1370
1842 3923
6200 3781
1544 2055
3571 4649
4279 4550
2578 4789
2946 6353
5291 3352
978 4845
1460 2638
1136 4554
5006 4099
3369 4100
4495 942
5429 3295
6373 5777
5693 5383
2802 4654
554 932
27 3149
5238 3608
1035 1713
3539 2052
2722 1515
3316 3570
5326 1590
6204 848
2302 3860
934 2159
4605 2379
3675 4477
824 3626
897 4604
807 5327
838 6121
1945 5630
4113 6167
5602 1110
1404 2299
5751 1550
3159 1917
3909 2059
791 1942
1948 5392
493 6165
3754 5113
5441 919
4293 6118
170 4462
6396 3474
2651 2310
6158 2749
2644 2588
3360 1169
886 2256
1060 4400
4129 4429
114 3919
3231 4401
3501 5513
4222 4351
5890 1546
26 57
2803 741
4761 2006
4607 1009
2881 4197
5825 2630
3591 2901
4736 2727
2606 2189
3104 5636
5449 6061
6038 6415
4267 341
971 1184
1277 5905
1119 1281
4257 3301
5340 973
852 5776
2765 1243
6080 5355
5053 3551
3732 2089
4209 2879
899 4918
2049 6302
1311 2428
5601 6256
3299 2605
5768 4352
4849 5151
2783 817
5143 4144
819 4223
2537 1717
4552 2710
6021 323
4689 2805
4268 2492
662 1292
227 6070
4650 1788
5247 2900
765 5456
796 4381
3149 790
5101 4666
1203 409
3251 1509
1378 1926
3558 644
6140 5669
2628 4137
280 4224
5466 4564
2795 506
5716 5946
1394 2700
533 5196
5552 3843
2763 6152
4237 3480
5945 529
4165 5559
2346 3894
463 1253
5365 6227
1245 3765
4948 5082
5437 3147
5644 6204
1722 1391
1920 3432
4813 5296
536 204
1132 4527
1620 3791
5305 96
6126 3477
1186 1128
4625 3211
3898 5705
4902 3741
2087 2840
2199 5795
2420 5496
2576 1094
5833 4883
2422 1693
305 3569
5953 1970
3964 5143
1181 564
3246 2806
1759 5422
5214 601
4673 3734
5938 1247
2250 4257
2865 4786
1256 5098
1257 1591
3785 4577
1903 2384
6277 144
5604 764
2066 2674
906 635
3856 669
218 5398
5059 3242
1218 2021
1553 6203
3270 3666
2721 2774
419 609
1121 3730
2006 2350
2010 605
4819 1615
752 4985
5737 2151
813 1252
2134 3367
3942 5063
6193 6306
5508 1418
5030 6396
3436 4312
5684 5507
247 905
2195 2892
1458 1265
3345 1987
3900 6169
4224 2663
6295 4439
713 972
3786 4818
869 4780
2081 904
3841 2243
1494 2095
1602 1624
5738 2992
1389 6376
2709 4565
5866 3314
4507 5870
985 561
2009 6481
2408 5483
5439 3146
4616 3538
1899 4889
2106 5517
2689 6095
5020 5363
5249 2083
5493 4801
101 515
2156 1667
4036 1295
5422 109
1937 4050
2556 2951
1618 6198
626 6062
3091 140
4087 5329
1641 1145
4225 1777
2024 6168
5157 1522
6100 3036
1991 718
1111 5249
3719 6112
1472 3155
3584 6083
5321 1750
4196 259
471 548
164 1455
77 4814
3460 5298
4000 4520
6084 1887
4904 1861
4417 4951
411 3359
1415 3487
682 3651
3756 5169
5522 628
1446 1122
916 123
2685 4718
5283 1856
56 6381
5794 3153
5052 3748
4207 3751
3565 3722
4985 4298
2460 1299
4134 5489
3146 5531
4922 2054
409 1910
4158 75
2790 242
5407 4009
4040 3802
5126 3166
728 303
3641 2255
1224 3908
1923 773
2162 5176
618 4341
4975 1257
4227 3619
6098 1251
3987 3319
2094 3662
2280 193
397 733
3401 5962
5215 4895
3674 3798
3983 4618
776 1356
2959 1562
2524 4442
1233 3088
5056 3307
2697 2446
6117 603
3693 2667
1130 1093
5431 1182
3493 345
4827 13
4001 3594
5141 239
3086 4856
5029 5009
2439 386
563 6350
290 1414
1430 998
4221 786
4862 63
3937 1170
5729 1907
5085 5409
5389 6148
6025 5486
641 3124
1057 60
5995 2599
395 3136
4180 3891
5979 3952
1403 2050
1118 3158
5495 2003
3677 1079
2101 4398
5949 5808
2222 4659
843 4555
4764 4601
1874 1201
1580 4551
2240 1367
3906 1540
1299 2253
4687 5362
3184 145
3022 1972
1964 3107
2030 6104
5288 2780
201 1751
2018 4865
1565 5584
1305 5862
620 1584
4938 4513
799 5544
4731 6005
5649 6486
3463 5718
5787 938
2700 5836
992 6309
6095 1711
1943 372
472 3867
610 5957
4374 631
585 2119
3418 5855
3676 1582
550 1486
3935 21
3012 5841
2447 2213
1236 310
3679 2647
6042 1608
760 4335
2206 5772
6433 5871
431 5416
6105 292
1891 2459
2047 672
4101 6188
379 737
3530 4178
257 5477
3000 4965
3618 2798
146 2843
6393 4261
1936 2011
3782 5427
3269 580
6219 3739
6233 3142
4816 3899
2430 3836
1228 1244
2476 3280
392 5548
2048 1803
1026 5842
1841 4870
3222 491
751 6206
544 2215
6002 4109
2415 4605
4682 5399
6274 5510
2637 4653
2208 1745
2561 56
2681 827
1578 1503
5929 2544
3024 5516
261 2903
849 5467
3150 1629
5179 1675
5839 3733
2493 523
3228 4929
4160 4456
6486 3557
1414 195
3207 6457
522 1709
602 4365
1267 5784
6103 2024
3197 1554
1745 2372
3357 5541
2897 5659
329 6208
5741 1187
1760 2626
139 335
2120 3745
3485 2437
2650 1652
2680 2325
4347 2265
2405 3102
6207 1194
1362 486
6149 1404
3465 1741
2395 1344
4211 6038
1657 5889
1195 2516
5504 6316
3697 1214
3439 4968
2486 6494
3648 5658
831 684
3187 4904
109 4266
650 5263
4025 4553
2171 4121
1207 1144
3792 3399
1853 2636
972 3582
2113 5523
2941 4835
5503 5311
4887 1906
237 2905
4115 2453
4775 4877
5308 567
5901 4397
316 1994
761 940
2615 1032
1737 2772
6039 4961
5446 507
2944 5792
5799 3757
617 1342
1989 2381
2108 4162
1126 3482
5660 525
951 2165
3503 6171
4826 1465
1374 4774
2105 3809
6152 4368
5867 3574
3704 3132
4973 594
5191 587
4662 1704
5396 1152
315 6418
3133 5241
3720 6030
3664 4228
1318 6442
1611 3440
3396 5694
5293 182
4385 1538
3380 5689
6306 4259
6414 6126
2170 2266
4406 2273
929 1892
92 4045
2016 3099
4527 1347
5629 1317
4726 3076
3861 5698
5662 6432
2176 1851
4931 2420
5478 376
1188 4599
1642 5859
689 997
2107 1384
2679 1245
2563 1617
746 5156
6491 5090
1099 668
1515 5639
3794 1393
1064 3290
3896 3454
5559 5186
615 5703
4233 522
1832 4681
5680 615
6238 3710
3616 4747
4695 2494
4056 5667
2756 383
3892 1147
3130 2887
446 546
3477 5002
6297 3696
2702 6277
3978 4996
6497 1724
2444 3690
829 2458
1478 5254
1427 627
1575 2935
1748 3547
1664 5255
4986 1416
857 3514
1140 3462
2020 6243
623 4770
4672 2287
4511 2186
6085 74
1589 4028
1259 5479
3221 2629
2866 934
3589 5535
208 5735
4454 4416
5442 1250
44 713
5656 4773
2448 3831
2749 2088
2734 5994
4031 4644
5424 4532
212 5481
6475 6239
2814 5076
3662 4535
469 6329
4067 3423
3073 284
2773 2809
3069 1858
1477 433
1336 3490
2233 3159
2550 5827
877 2781
5467 3176
3166 308
1639 3378
5854 3736
5637 1956
3240 354
3698 1885
6471 3401
2711 3579
1771 4656
2796 4066
2750 4999
3731 1502
1227 3544
950 3349
5246 3564
1292 2873
4500 1411
2888 5682
5222 3752
2930 969
5579 4143
4210 2486
2289 5194
6249 4643
1021 1466
5698 4826
4053 1417
6189 2541
303 3778
1507 385
5828 1325
5298 5741
320 5847
5366 4759
5826 5985
6381 3864
236 2771
4896 5120
2025 5434
2033 1173
2042 725
3495 3208
5426 629
5303 866
2876 2719
4734 6143
3093 5732
1831 3068
2359 49
1825 3205
3742 3182
2757 633
3329 4245
1088 234
4352 4286
5840 4674
5243 6205
4020 1530
552 1111
1972 2918
1452 1660
1251 5314
5859 5589
5882 3042
3140 3427
3753 4001
1807 2634
3840 2535
4401 6421
6336 822
5005 3154
4124 2306
2477 6232
1190 4140
1843 5357
5525 3434
374 455
6498 5610
2742 4849
6020 2499
2417 992
3471 4199
5904 6052
3070 5988
2705 3603
3258 5511
2775 1372
1670 6369
3085 3628
5823 4326
3640 4634
5911 4353
604 1529
1545 5998
5783 298
5438 5676
2244 122
3384 5053
4635 2831
491 465
119 2651
59 2049
5318 420
6466 5117
5349 2961
939 3371
6223 895
4404 1282
3090 3580
1857 4219
4073 724
3944 5162
5505 5693
3158 2383
842 1637
6159 6
4972 48
4299 582
5373 117
4358 3583
39 545
4693 5292
6179 2497
2758 3753
400 2983
4949 2913
5678 4396
4694 4166
6057 1087
4590 113
2294 3395
3125 510
484 2045
2565 4016
3883 2122
2815 6131
2604 5351
3702 2715
5502 5533
2100 2155
5228 4037
2580 839
2152 5770
592 1946
398 4688
4558 1688
4646 1149
1643 3165
3262 4020
6087 2978
5905 3940
4007 5967
3397 2416
896 4406
32 5616
2894 683
152 2132
2735 418
1493 3451
2116 1424
4914 5928
200 5127
5673 4874
4199 229
5140 2519
1071 3998
3825 3916
5188 1303
3315 648
5957 6260
932 618
4618 3398
2194 2228
1220 3345
2418 2488
5585 3779
2559 6492
4568 6387
6089 3830
3783 2957
5120 1673
3692 6373
2983 5737
3275 2423
1315 3689
217 2597
180 1993
1401 4717
2234 1518
2902 6311
2193 908
2509 5557
4271 6287
1599 6124
4674 6028
2203 5367
2110 770
1753 2767
2816 962
6434 1326
3724 2197
3259 4945
3658 1137
1814 3328
6131 5290
2518 5052
6246 4004
938 4629
1666 4579
6181 2025
156 2925
609 1811
3795 5414
3013 1023
368 6209
1253 5352
1291 260
4547 2400
5789 3010
3893 95
3202 4822
1649 1126
3511 4075
3887 3674
5915 916
1457 4837
3970 5288
6214 2036
614 863
6237 3760
138 5521
5259 3269
3088 2242
4941 3542
5420 4220
3283 1066
699 4179
2414 5107
4735 6191
4814 3228
2216 3485
3250 2970
4002 2208
6045 2192
6476 2097
267 2048
5975 1316
4198 4306
4838 1963
875 2675
5128 6460
4714 5139
2712 1836
4452 2252
5887 2210
4135 1162
4103 5491
936 4948
4006 5100
4924 148
4988 6242
4391 1909
3414 3884
1141 3306
4472 4441
4334 4809
185 3162
970 6150
514 2001
5301 735
5281 4778
5920 500
3824 2345
5888 3449
3972 2847
3708 2046
5413 949
2883 162
2672 1960
3655 6467
3225 3775
1914 3835
5610 4027
4063 3093
945 4134
3309 5929
3590 3533
4792 1397
6101 3097
5075 3953
3760 1388
4884 554
2068 405
3226 33
1445 247
657 2962
4169 3964
5180 5227
3136 5013
6046 89
3031 993
3966 6382
5831 32
432 3396
5405 1888
4894 1696
6489 86
543 4311
4126 1812
6280 2134
2503 1400
5045 1714
2692 443
3938 5838
1110 6435
1205 1668
4114 3103
5325 256
1682 5688
6352 4990
2354 1081
5617 4843
4173 4660
1097 5652
5766 3642
996 4833
2443 5571
2298 2523
3336 6420
5515 4458
1622 1088
3416 5122
5563 2855
3608 5480
4405 4976
2558 4174
5319 5876
6144 6255
2593 4597
864 661
5622 5271
1782 5173
4038 3163
5577 55
408 4760
1464 6436
4301 5786
6040 5030
6377 4445
1847 2945
5236 5412
3569 991
940 2607
1258 4920
1591 1597
4945 4749
3914 1519
4241 1698
559 4595
5687 1007
4946 1817
1626 2755
2455 4125
6230 1958
1687 2973
3425 1569
1402 4585
1500 1813
6418 757
1512 2750
2303 3215
6299 4202
6425 5175
5533 3986
4382 3219
3611 5259
4021 2568
3890 2015
5198 6388
6485 3234
3733 3337
4072 1015
3156 5798
6190 726
5855 1139
333 984
3489 2105
1310 150
2114 3429
4326 1552
5025 5232
3367 1419
271 6294
1790 5506
3642 456
1906 3907
6176 5797
1323 4000
1335 3895
6119 3911
38 2183
2746 578
4068 5793
210 4392
976 3380
4753 1290
1927 1104
5077 1800
1839 4526
6130 2387
441 5565
6232 2320
4282 1092
1962 6238
6368 1685
3457 5335
4252 3818
6019 3526
4445 2201
2616 1639
5746 4832
2095 2275
4359 2410
165 3559
946 1521
2830 498
4435 4690
2277 3762
3980 2285
5654 321
2383 5944
1068 5825
2379 563
2900 5450
1909 1877
5108 2886
4982 6416
4575 3491
2133 3700
2315 4790
4061 3419
1043 5115
1554 1439
4418 6409
2389 2452
668 3612
5991 5614
5089 2509
4325 3466
2225 3597
3521 3991
5079 4776
6270 3650
4925 2417
5270 2323
6132 3826
4130 94
6398 2662
772 6123
764 3808
1738 788
4012 6023
1756 754
748 5877
5309 5893
5782 590
569 4581
2431 1916
3106 693
534 5664
2060 4695
313 3157
1187 4048
1795 2604
3413 5874
3803 811
5391 502
3083 5394
5583 4608
1123 4118
767 5141
1058 3424
4715 1848
1444 5553
1845 1229
3122 1816
3691 5011
3796 639
1981 2422
4721 3062
2896 6164
5397 6308
4878 3807
5294 619
3878 3774
5472 1526
750 5782
3752 42
3797 4411
1489 5673
3200 130
5057 4342
2885 5774
2304 1872
2097 1258
2166 4343
248 920
523 6367
731 479
2040 5611
6110 3965
5973 6273
3267 2473
3671 4898
6339 818
4393 2272
503 3279
1529 4480
4514 139
5856 4205
3445 5
1154 6147
5526 2286
6221 6085
863 223
1062 3247
2146 1866
4380 2421
1156 72
5511 4460
911 269
2044 2745
4019 5914
6145 2147
4889 3341
1078 5861
2196 5778
5169 2575
439 360
1533 3344
6384 695
4839 3326
5395 2477
5640 1961
5038 1577
2258 1580
3330 6221
6058 3902
5338 1409
697 3031
1601 3718
2827 3742
2968 3022
788 4334
2497 1114
2949 5515
5653 128
2266 5681
422 3413
1014 1304
4679 703
5427 1125
2511 4272
1428 4626
4754 1301
4947 289
1747 4633
823 759
1516 2788
151 487
3084 326
6429 5079
647 4003
1755 2746
2635 2171
4692 3825
2699 16
4396 2618
1770 2116
2958 2184
2647 3863
3687 5917
4601 4012
4367 1504
162 6271
4952 5896
1193 2087
477 5358
665 4691
5105 76
4280 2157
1372 1209
4815 898
4661 5783
1898 5857
5875 4409
394 913
4737 3875
2723 126
1210 5055
2931 1786
4591 4061
6387 2072
1324 1611
3701 245
988 6099
4743 3644
2821 3350
2380 3288
2086 2484
6451 670
3431 3982
6247 1936
1827 6498
923 1043
5285 4032
4044 5713
3819 4015
288 6053
6370 3209
1077 4292
5012 6450
2357 5654
412 5376
451 187
4166 4029
3370 3611
6436 1098
718 4098
5382 2436
4088 553
3356 5885
6056 1039
4530 4082
450 527
4462 5044
6422 2375
4859 1824
5051 6440
4935 3144
2472 2430
1598 5294
5111 255
1453 6441
4132 4096
365 5193
4409 4728
4989 5901
1506 3479
452 5912
1237 5282
1006 2495
1344 3431
5600 1767
28 4373
1070 3880
215 6111
5268 1764
1902 1202
3844 6008
2028 5527
2543 2820
666 6003
2643 1401
5970 5832
4732 5145
5569 2444
2741 2725
1366 3900
5102 2288
3903 2137
269 6163
3273 5856
3684 2463
4341 61
2789 715
5631 4677
6468 719
1779 319
2169 429
2675 4207
2872 1835
3331 1446
4940 2833
817 2902
3506 2033
3504 2633
6419 4548
3827 1730
6112 5451
1269 5158
6194 1992
5736 3810
5681 1378
2236 5603
4 6335
391 4921
2869 1868
498 4676
733 3083
642 1863
1965 3351
954 2304
5576 342
2400 6184
1048 3389
5599 3122
2776 1073
2112 1904
895 5619
1838 5371
4046 4957
2529 1072
5232 280
1662 2191
382 290
794 674
3450 6006
363 4497
5168 5894
1114 5472
944 1609
1915 4982
5935 161
4531 2185
1223 5299
286 4637
2211 6078
4111 6349
5704 1119
2855 4240
2290 4067
2629 4546
416 4293
6310 356
1019 1213
6427 453
5739 2554
2963 2850
4272 4255
1976 470
2640 5666
4649 5920
1531 926
4274 4466
371 5883
2005 1579
40 4869
3399 3519
6322 4371
1282 2644
6392 6459
5315 3137
685 663
754 3
3750 1215
6463 4452
2226 4500
2767 5318
2126 334
5717 313
3626 2297
3382 1759
3411 4291
673 6136
2117 291
894 1177
5614 976
5094 2334
558 2998
5548 5297
3335 2178
3855 5244
4017 4405
5499 3780
2001 2672
4609 987
4451 964
3857 912
816 1053
5451 4623
2136 3221
4437 5190
4300 767
3112 203
21 820
5378 5330
6309 1206
5412 2686
401 749
3520 3767
4962 2783
649 4070
2051 2365
5544 2584
3990 2131
3109 4042
3759 6081
1560 2637
3650 5400
93 3011
323 3372
5444 3832
5406 4576
2669 793
4008 4775
6462 4871
5103 2461
2788 4813
1546 5811
5192 917
6356 5886
3866 714
6379 4594
2695 3785
4051 5746
2547 3186
4994 5721
1029 2112
3224 3428
495 544
2381 5405
4882 4609
6353 1358
4599 3340
19 753
634 4923
2954 5078
3274 6253
1576 4333
142 5935
1178 54
1466 3259
4015 4512
1326 1042
4082 2475
557 5739
5084 5501
3758 2865
4139 3590
5997 624
717 3001
6332 267
1973 6116
4037 1930
3718 1071
4846 6029
6198 4879
4918 1155
1786 877
3058 4915
1524 5081
6155 2053
4501 986
6455 2612
3612 3604
5665 2296
171 4625
4556 5023
1168 4543
3832 5627
4867 4850
893 235
3881 5401
5881 3766
6395 5406
1794 3273
2305 1894
6078 4455
1214 1065
5011 2866
4593 2262
1646 2515
678 4268
3801 6110
3628 3101
745 1635
2932 2108
1822 2489
2841 82
2063 4485
3215 3332
5733 3683
5981 3009
1799 1068
2890 3336
3835 196
5033 3524
2119 4944
346 4094
510 476
3476 118
3114 1975
3874 6084
518 228
2163 253
5022 2885
2227 6193
5040 6092
676 5225
2144 5759
4868 173
6166 205
677 2221
4378 3847
2306 27
3514 278
512 398
389 6403
3111 18
5496 3854
530 1636
4825 2231
2728 865
1074 1729
2287 158
2463 6312
2627 501
3263 1204
5207 374
3555 5508
1175 4537
4149 4093
4911 5260
2419 2976
998 4434
5229 734
448 5869
1900 3960
1513 4181
4876 3540
1803 6045
1894 3007
375 1115
4934 1274
2684 347
1612 4547
3475 762
5230 2324
3050 3168
4781 5937
4148 4313
1631 5873
1361 3715
4892 3171
1388 1474
3868 873
3599 1927
575 4740
3672 1233
5434 5804
3790 1151
3867 4630
2490 286
1893 5945
1109 2589
5863 5881
1051 5337
136 5968
2322 4164
698 6248
107 3075
2624 4504
12 3057
2898 4624
3592 1016
1501 4810
2437 1013
2179 6037
1471 664
853 688
6273 2893
1757 960
1346 1415
3065 6338
6121 2321
6412 1838
5063 338
4654 4076
1279 1463
6081 6372
1038 1680
6417 968
2056 6088
3155 5977
4284 2729
383 3368
719 1914
4412 1146
4262 5181
3181 268
6474 4380
4342 6172
5612 4254
3875 623
5986 4511
331 1261
4504 4225
684 1296
5254 6233
1117 2198
255 5744
1284 3435
3632 3691
2688 4346
1997 1398
1131 4969
4074 3633
4411 2801
1502 4175
2860 4299
625 2946
2862 716
5076 3323
6093 1536
1765 1755
6013 3684
3751 5520
6496 1797
5086 2844
115 6474
6213 3983
3663 951
6314 4694
3729 5708
2879 147
4628 6275
1577 2738
5818 5250
2180 3914
6415 6089
2161 5109
3153 3897
3997 1918
3255 1412
4239 3693
783 5675
3598 853
1160 4278
2131 434
2078 1712
2664 5939
806 2829
2766 4384
2088 5372
5616 1791
5668 3541
3694 6228
4510 2884
5172 689
177 3056
4740 6180
5896 5012
5260 5514
4789 1354
5185 3489
5582 5041
3601 3669
3220 2035
704 473
3322 620
5630 1030
994 3294
6478 4170
4544 1493
5707 85
2077 4941
758 5766
570 3385
2992 2545
3817 1875
3551 3089
6235 1021
483 1880
2966 3425
5605 5733
5613 4800
3216 3912
3789 3225
3096 2002
3110 4294
4805 5897
4219 2326
3139 5760
5804 2595
822 3882
6359 2077
196 1431
2737 5350
5266 1974
4085 4732
5155 3958
1957 4617
6162 677
4623 5992
3227 954
655 318
96 4145
3289 4514
2257 901
1212 4506
4151 1107
4624 3195
4208 4549
1870 5216
4277 5026
6351 5323
2333 4752
4362 4611
2608 3117
5790 377
3818 6139
4039 3987
5031 4917
3310 3027
5936 5545
5549 2450
425 3023
3001 6476
4725 5065
1804 5319
2127 348
519 5552
4434 2513
4992 2872
2611 6014
1924 1794
2687 2758
2811 5568
3132 4753
3683 1402
16 2849
1919 1469
6164 5187
1041 6046
321 2619
686 3139
4249 5710
1439 1706
4657 3815
2774 3920
6184 645
2428 6145
1829 1312
3585 4987
2620 1905
919 1818
2948 6016
2806 3388
2069 4270
1586 4304
3897 3034
2243 1260
3538 682
2740 2942
1749 4926
5462 2014
2922 77
3561 263
2981 2378
4485 4221
5956 655
3327 5745
2844 596
1535 562
3456 4247
780 5771
4147 3744
1637 3950
943 5646
6263 2399
2646 4860
3498 2590
4620 6318
3312 4146
6143 5902
991 3021
2175 6200
5184 3173
3408 1846
4582 797
3727 845
1199 2034
725 614
25 2592
3206 5888
2545 1649
5983 6000
603 369
3100 4183
5902 4494
3151 4214
440 3361
3165 5785
6346 5607
5775 4153
2153 3110
4712 5165
4573 612
5893 1067
3971 5582
4533 169
72 5248
3148 2979
5401 4056
2427 570
5278 832
2326 4792
6409 6057
5182 894
4336 492
1409 3728
4926 765
5041 497
466 3231
812 3893
3138 5727
3124 1371
2807 4812
3296 1138
4371 2717
1100 5993
520 2577
5666 2861
1448 6398
3550 69
1473 3865
3529 4590
3193 1105
71 1821
3666 3904
1469 2941
1162 585
3894 3856
4540 1369
6210 659
1788 4288
3300 662
3435 1596
3482 5331
5648 4831
4709 1403
4587 2570
900 4345
1459 4613
2318 3788
2779 141
1729 3855
539 2207
5633 3244
781 2899
2552 3851
475 2047
5154 3792
6448 4435
1333 5126
2154 2084
5410 4147
6265 4499
2115 3729
1865 4997
5240 5819
6031 1564
5387 806
2965 2813
2485 1447
5532 3190
4823 4167
2375 1351
3711 3941
4016 4908
4561 6137
6313 5088
3570 3129
1806 3305
1039 6314
2571 2294
3926 4882
5328 177
4186 4516
35 5494
1422 3127
4432 1850
2751 6449
1801 6331
1980 5014
3009 2803
1634 5247
5791 3695
593 3456
2704 556
2452 4044
905 6220
2168 469
2739 4731
847 2206
3757 3355
3921 3032
532 2483
3699 3503
131 3358
2538 3257
2471 5764
5988 3026
5835 3492
4912 264
2928 5418
2678 2687
2555 2394
5488 2790
1967 5395
5812 3004
310 2135
4979 481
2347 1374
4137 437
4143 261
1492 1588
835 2504
5806 3066
629 2146
2190 1782
1348 401
5131 780
4898 3014
2334 5802
6016 1684
5213 368
2092 4890
646 3915
2873 2156
4903 2010
278 1275
5436 2068
4043 3888
652 4117
4400 1980
1359 1573
2940 1432
1101 1967
4880 38
3099 3447
2123 1783
1343 5864
1547 4755
4642 4855
3374 3092
3239 5067
4321 2056
3963 343
494 6010
1754 5366
1808 3535
4361 653
2215 617
6135 862
3449 1102
2818 99
2809 1912
2332 349
2923 4582
5864 3543
3953 3631
5543 4069
3567 4777
2362 5153
5646 5751
2874 2582
272 5343
1023 3084
3575 3892
1978 3017
4431 2268
3243 1000
3620 4284
1629 4330
4503 5233
3722 3663
4353 3459
6139 3109
2478 859
5850 4839
3716 5725
3421 4025
1913 929
4508 5369
6082 3575
1888 2660
596 2802
4522 4332
6001 2385
4782 1535
1744 836
5027 5054
3108 2062
6060 1658
1543 1915
1590 528
784 3261
1882 6129
2198 1207
695 407
3916 2368
3713 526
3821 4736
2850 36
1768 1287
5542 6196
6255 4285
5258 691
3546 2240
1474 1386
3298 3309
2924 4024
4602 5722
4532 3996
2502 208
670 3498
3171 4745
2733 5309
2353 2670
5202 3414
2093 4350
1734 164
4707 5575
5124 2227
190 3363
1337 3272
5535 2109
2590 6497
1594 5683
6218 6374
2377 5031
5699 1408
275 1520
5852 2115
1717 5447
5509 2051
6114 576
1075 3179
345 2817
2300 751
3945 3430
1020 430
1435 2606
4338 184
3496 1700
4476 2547
6349 3311
5958 2329
91 3665
3629 2264
1721 3164
830 4665
4787 3339
5071 3356
2573 5528
6151 6478
2329 3649
3036 1183
2990 4906
4319 2448
4263 1191
4835 994
4066 3438
2402 2455
2707 4467
5013 3981
2785 5463
5148 5203
1561 896
4324 3640
4535 4848
4769 2537
2777 4474
2072 5017
5486 6430
531 6102
4427 939
6404 5428
5211 3968
1688 5166
5848 3151
6400 2347
3082 6465
2694 6158
3154 3659
3715 555
631 625
5007 2289
5483 4872
653 5373
2187 217
80 2214
528 1270
953 2447
5837 112
5453 5215
5575 3980
661 5108
2909 6031
2701 355
5199 1715
1979 2418
941 5604
2982 1200
2084 5509
1095 2031
4195 4068
509 4503
4610 5104
881 2890
489 3445
4717 3676
1339 17
3268 5638
3061 4072
2079 6315
3908 3516
3217 3613
5813 5123
4453 4249
989 5670
6239 6019
3491 4438
621 4769
2755 1334
3406 3532
846 218
5181 6496
5178 295
274 5907
1879 3746
1092 488
2618 5417
2269 3235
4996 440
2536 1306
4388 5206
148 1857
3462 2232
5727 4821
1386 5706
1708 5587
6399 4523
396 3286
3164 1349
4581 396
1061 4262
184 2952
129 4149
3772 3094
3541 143
1042 5817
3134 359
2848 2091
1047 3786
1216 2168
1918 4073
291 3450
6289 6054
3948 424
2054 5702
5264 3308
4656 2709
2253 4706
5330 1307
5201 2411
1741 2292
3422 1619
3209 1928
4032 1576
3143 2678
3387 5997
1542 2699
4127 129
5093 71
5003 4301
1329 3135
1040 1628
5461 1860
3775 4662
1861 6284
4392 3180
23 6069
4960 5277
5691 1010
4645 1971
574 5128
1341 995
4076 5497
239 5149
442 2469
4288 543
2934 1100
3815 4650
5255 4966
3194 5629
4469 2271
5455 6491
5221 2617
3668 5038
1255 4799
3398 2563
5726 4314
5165 2152
2461 3172
3409 6127
753 1171
1736 6389
6073 2723
1053 3764
4059 4696
4436 3184
6342 3114
2027 1322
5414 5452
3580 2501
5710 3324
5127 4171
4150 6166
681 4748
230 5831
1956 1284
1789 6480
5702 6096
4120 5133
3095 2474
4370 4062
173 5734
2738 115
3647 1219
4457 4425
1360 584
1669 5440
159 959
1283 163
245 4046
351 3331
526 175
5682 5908
5273 1363
6257 1710
465 1395
1437 1727
3519 4238
3946 2696
2137 5390
3610 2830
4537 5093
5672 3688
1470 2860
224 6304
3392 5077
2232 3426
2186 4886
2488 4331
6157 454
3490 2313
6382 2019
1567 3675
1262 2491
5877 2834
3147 2562
3939 3070
4606 4646
4802 2580
5250 3028
630 4878
2674 5387
5919 2244
364 2170
1733 114
3869 2393
3318 6002
2875 5121
6435 5096
415 729
4055 3471
4302 452
4665 2503
4579 101
3177 5146
246 194
209 5701
5392 258
4136 798
3060 3502
2449 5650
4256 6379
2062 6269
4286 2511
2045 3652
2037 2628
2840 3000
4329 5609
1677 4983
5400 2041
6129 1051
5960 1392
513 3250
5608 5138
1320 829
6424 24
1556 2759
5652 5765
3279 390
3363 3508
1170 5830
4328 6155
3213 5699
1988 90
2745 867
6137 2996
3637 928
1672 1944
2342 946
5932 1902
2411 6055
1718 6135
4332 4741
6442 4722
5465 2685
4305 1057
5862 2080
360 5385
6350 5036
5645 4952
5797 5410
6146 1598
5747 3772
3478 5342
1432 5307
5763 981
5940 1140
480 3277
372 2004
2823 2193
5334 5578
235 1457
3991 5183
5193 930
5404 1744
369 6177
4546 5687
1810 1855
924 1477
1911 4347
898 5762
1993 3065
5683 4607
1300 5586
3706 3156
3103 2959
2974 2856
242 547
5368 607
2410 1135
4251 46
132 4712
4322 2883
1250 5110
5609 4851
2424 611
3324 5709
2913 5536
6222 3661
1603 5991
4686 3515
2951 704
137 1387
2921 4243
2260 4616
654 2267
4770 3016
3494 5834
4464 3637
4099 1687
3145 1807
1849 2773
2771 4645
45 2507
4364 1430
643 3566
981 3037
600 4084
5538 3198
766 5214
1000 2999
3294 4453
3488 4648
1897 4051
6290 1064
3680 135
5367 1653
3905 4589
36 4887
3448 279
6315 142
6470 4804
3033 4517
5941 5637
2050 4885
637 5791
1710 3975
4773 2357
2752 2904
4290 2736
5524 4981
2744 2502
1699 1976
1714 5212
3016 6424
4950 5663
5776 2621
3673 6293
6096 5775
5147 5700
3244 2695
4235 4135
1163 4218
5620 384
3354 1193
3542 5684
4275 1109
2104 5622
1869 2090
1161 4750
5780 4282
5661 1778
6454 248
4895 3033
5842 675
6052 5001
3359 155
306 3721
385 589
5450 460
5231 6397
5491 3804
2384 3558
771 1557
2863 2096
6178 936
2213 5530
4961 4935
3280 3267
4095 3167
6260 852
5175 5283
915 1683
1587 3872
785 5084
3996 5222
4390 6380
4509 1311
2577 5895
3523 6225
2671 2980
3524 746
5062 5308
5715 4905
605 630
4888 3577
3763 2429
4767 3648
2736 2666
4360 3587
2939 2370
4569 4172
1540 1889
1541 1837
4647 2526
6331 4669
1703 6197
1581 6419
5117 583
233 3329
4363 1599
4489 5892
5456 4324
6035 2652
572 2330
2174 2328
1261 643
5421 4530
948 4459
1880 2038
219 4901
4652 4509
4699 2374
1528 766
828 1760
2262 1242
3522 2956
903 2377
705 5365
834 3461
426 1787
1549 3357
5767 2107
4387 4720
2096 915
3554 2167
3682 2257
6217 5829
4910 1189
3126 34
4248 2106
4565 6364
2291 1810
3822 1844
3726 5665
4014 299
5322 3091
172 1613
1411 5540
1820 503
3321 1157
4010 4227
2825 6162
1815 604
5883 4628
2761 1979
1764 775
4660 5438
2748 2993
4808 4730
6171 3421
2781 166
2296 2706
873 927
711 4463
2075 5332
4298 850
4203 4114
124 2426
5918 1929
6142 1949
4230 1129
2 861
762 4236
5520 5769
5097 5597
5894 538
264 4571
3644 206
6305 4410
3487 6362
1907 378
1606 2975
2716 903
6328 4742
4174 1542
3291 4570
1959 3709
3959 2249
6010 225
213 3402
2034 4461
4478 4433
5506 1523
1405 1774
4413 1551
270 190
4167 1331
4419 6345
1314 3377
76 329
2425 1849
1694 4049
2089 5740
4108 137
1823 4714
343 4510
880 265
1185 2997
805 5042
3260 2419
4723 346
4637 3369
2519 5930
4751 2172
1559 2020
2903 3797
4375 3697
2378 5131
553 2851
2429 856
3438 2500
2387 6251
529 1934
4069 6223
3535 1434
887 6079
4081 4891
4730 3115
1667 5025
4899 277
1723 4251
241 2110
4049 1350
3765 4824
4071 2775
143 459
5475 1932
716 325
5383 2340
1712 3947
1380 5478
6363 738
5978 1686
2459 1998
3811 4424
3880 4203
2219 475
5458 1612
1519 3879
5216 776
2800 2548
1150 3622
5578 5448
167 1335
1421 1159
964 5585
501 5537
1784 3098
3552 4017
4588 5999
525 1425
6481 3013
4090 3405
4236 2553
4355 2202
1614 1908
2281 3493
712 5265
4005 5339
6088 2762
983 2298
1648 1801
488 1078
1108 3556
3831 5807
2022 2569
2808 1375
5329 4030
5830 708
2292 6265
1633 2614
5706 3523
5351 4408
75 2238
4340 4518
6072 2522
687 6288
1424 3125
2270 4536
1686 1298
6127 4479
3451 4131
1811 2102
5163 3578
4314 4198
6403 4658
2568 4163
2715 4271
1971 5761
5696 2811
1425 679
6047 3598
3810 2460
6300 5188
2350 6464
660 1739
5748 3962
4852 3811
1873 1124
339 1900
3233 2740
3593 2261
6240 5826
6120 6360
5371 3793
1442 3972
2065 246
1711 4909
1354 5163
738 6438
24 6022
770 3138
3636 3499
1496 146
49 944
2540 4844
2938 1657
3427 1890
1034 5576
3579 4119
13 5360
4084 1476
2889 1766
4161 3725
5788 1618
1940 3191
3163 5890
2832 3260
1007 3814
1525 5714
3734 5868
4486 1533
4182 5415
2348 4325
4811 3104
5897 571
5417 6437
999 5522
3981 3853
2228 6091
5930 5948
3767 411
5300 4354
2283 3667
4379 1382
2492 3293
4460 2282
5554 6263
4639 1449
1330 1472
2185 5161
3746 747
61 3679
1200 2908
3725 4588
1958 6190
5203 4263
4828 3901
1593 2514
2349 3374
1171 6140
4930 1458
5226 6151
1454 1830
4240 2280
2002 3692
5800 2457
6383 2825
2286 6080
2344 720
4557 5135
404 4897
871 2518
2482 3039
4213 809
5952 5295
2275 6241
4461 2067
4433 1003
2432 3971
192 5380
3102 116
1080 1235
1371 2677
5485 1012
2861 3148
2731 2363
3440 2194
1654 1981
566 3701
1322 3531
5018 3787
1645 5696
2446 5865
6243 3391
3253 4246
4033 2468
4474 2069
4691 1336
4943 1321
188 478
2962 3839
3076 2322
2824 6303
6136 1436
1400 1288
5353 6192
2652 4264
2360 1792
4586 6258
6054 3185
265 62
335 2406
5801 3763
5332 106
2663 192
4765 5546
5947 351
4853 1864
2971 2870
5592 6072
1397 3216
1961 6098
3028 2225
2988 3322
3526 3600
2531 170
4420 5906
1663 1498
1334 185
942 1218
6253 1983
3041 4177
675 4785
3229 1871
4614 3568
2500 2371
6303 43
3609 5016
1864 4120
2310 4092
414 2598
5743 821
1679 189
4138 6187
6479 3546
50 1380
6236 4451
6186 6286
1296 6245
5360 1224
476 2558
909 3555
3297 6100
5564 4880
6292 5446
1885 70
5910 2786
3293 1283
3621 1935
5603 1943
1081 875
4104 1364
4077 1166
2849 2145
1668 2791
4967 2623
5711 2944
4438 5442
1762 789
2423 4641
4172 1648
5433 2741
4727 3463
6030 1785
4483 1074
5527 2642
1892 2929
5423 1953
4013 209
4644 5234
1317 6431
4519 2826
5626 1725
714 4328
2276 2814
5070 2476
5137 4836
4942 6447
1298 4010
4596 358
2052 707
4963 2533
3721 4825
4746 243
5482 2924
6402 5950
5039 397
5963 4900
506 3248
433 3452
4163 4113
756 5334
3927 3507
149 3442
1872 4556
3386 2656
6394 2433
58 2578
4598 2739
5756 1720
3484 5631
2720 1046
7 1565
2247 2360
4560 1069
722 950
3248 1661
3306 911
4752 4664
4323 5910
2148 2521
5570 1674
357 4698
2445 3874
1226 1461
20 108
5331 6202
2598 5872
157 2098
4123 1175
3458 1180
4681 4402
2915 6067
2887 851
4426 2465
1158 4919
4630 5538
5248 3869
4984 2027
6320 4478
3559 3926
2534 5851
4372 1131
163 3488
5765 3685
5162 1268
3198 1019
497 706
851 1405
4499 2752
4311 3412
2413 3123
3562 1227
4467 5623
865 3145
1871 517
5362 1341
4098 5502
4505 4847
1792 3113
4278 3794
930 68
6267 810
3747 79
966 3886
5948 165
874 2464
6330 5103
740 2971
125 3957
3415 2707
1209 4296
3936 4421
1573 2982
3461 1640
5621 4412
5166 5697
1833 505
2964 4329
3373 978
386 5554
2160 157
6254 2305
1863 1938
3838 5560
5635 219
3688 4875
1640 188
4771 6386
3793 5867
3993 5980
2999 4788
5627 2659
5000 3012
5755 132
4357 5787
3432 4376
859 3316
688 1650
6005 389
6440 4857
5906 5884
6195 2216
5276 1798
885 2954
2272 6466
454 4195
5135 3625
5205 3921
2727 4784
5764 2018
2182 4936
1630 1763
2762 5195
4983 1339
3162 6257
85 3178
3351 5379
6286 213
1579 1645
1451 2555
2724 990
5796 1874
6284 2853
5109 4762
4648 1873
2130 445
4480 2332
1241 1338
3378 186
2132 2943
1584 5184
6173 6141
70 2914
3400 6176
6461 2314
1147 3362
5267 2386
2335 5000
4583 6305
5369 3571
2935 2857
3952 3266
6059 198
1268 471
4772 3769
4900 2878
5261 1770
5724 840
150 1802
1222 5191
5676 2871
3998 3278
330 4122
74 5572
826 3063
5042 5503
203 5408
14 6394
6134 1899
4971 5431
2729 6344
4860 1018
6248 5953
587 408
2636 5767
5923 2044
958 2358
931 5484
856 4471
4107 2099
855 3433
5343 2290
5374 3812
6209 5177
3984 3223
5500 3617
616 5562
935 5267
4408 5949
2911 6234
759 3495
135 4315
4350 5312
6215 2466
1518 5239
1696 6034
1538 4614
5686 2173
5200 4473
3201 2079
1974 1150
4567 2281
2373 5633
5239 5461
2142 2608
3334 2223
1698 519
3889 6043
613 1747
6231 3956
2083 6342
1585 5333
5694 4758
6123 1492
4100 1001
3017 2278
3659 3281
2851 4436
6216 6332
4217 5129
1307 4267
2843 1186
2409 3989
99 858
17 5656
2784 5573
957 3906
3128 3771
6187 2556
1508 3528
1944 2922
370 73
2217 3501
6389 4713
4145 823
5760 4362
810 3887
3833 2269
6439 1221
1691 2071
5138 4307
1752 1950
3034 3049
1450 66
2768 1353
4027 2074
3568 5549
5227 2734
3381 2413
2397 5174
4831 1036
6324 4375
3947 5257
1671 2367
4386 4573
284 6341
1992 2443
3301 1923
4780 514
1534 1560
1743 2768
1113 3152
3157 5266
1368 626
1499 876
356 2180
4253 835
4083 3302
6354 5220
3191 4632
5879 5258
6275 5384
4933 412
2330 3229
755 6358
5701 5470
2099 5007
1332 1199
5144 5034
2392 4337
6268 332
1932 2128
3690 1487
2979 1977
283 3820
4932 1732
3667 6259
1165 4367
2899 5712
1582 1254
664 6384
168 5989
980 2782
5080 6485
2036 1865
199 6370
2267 3974
5816 1385
4837 4053
3174 694
1887 241
5677 1294
3587 1318
1189 1756
3560 3048
5529 3220
6007 59
6388 4417
1447 3723
651 47
1465 4603
393 906
4990 1396
4970 2199
4791 4215
2155 97
1167 5837
5531 2931
5176 3796
3468 2364
5257 6490
6413 4057
1239 6357
5517 649
182 2078
901 4211
3410 2794
6397 588
4957 6320
3118 494
1571 6479
5274 4014
3121 4359
3116 2300
2331 2731
1926 854
1049 4515
1382 2688
1572 4621
5774 1239
5217 1269
5470 680
5403 1450
2929 3616
3967 5170
1996 3754
2498 6495
4188 6246
1198 6183
4698 1413
1908 4391
1931 2648
102 4910
3424 4079
5275 758
1155 5849
914 1154
4291 4964
4255 2763
5001 1210
5049 6179
1375 4707
4289 5887
5596 125
48 3467
1596 26
3748 1365
2293 4600
888 154
918 1776
578 6018
4817 3635
41 4635
5092 3946
410 892
4450 4319
3375 104
1702 3394
4585 4971
4861 2784
4611 3799
2696 5499
6225 168
1647 6049
256 2308
128 559
4035 4685
1364 5040
1952 2796
1746 2435
3865 6230
123 5303
6197 2862
793 4287
548 4208
1514 1716
6003 461
5223 2846
2799 3296
4439 370
4559 6352
4821 1049
6459 5050
373 4077
2035 331
1263 5724
5955 4751
3830 5898
5132 19
3607 740
6097 5137
318 3521
4690 6446
3305 2401
5972 5462
1850 2867
2828 1867
2053 530
1775 5449
6408 535
3302 5171
2129 2611
2295 423
5572 1512
3736 5140
5017 180
3979 5253
5685 1843
5497 3937
2987 592
521 2000
5625 6065
1497 3131
5352 1037
5551 1216
3393 2478
720 5275
5647 4998
6122 2712
2976 2689
5951 3910
2842 5839
774 3274
3973 5815
6092 5092
786 6186
459 3758
4999 5316
5944 2529
4376 697
211 5179
1946 558
2021 2566
2853 2277
1234 4808
6229 1973
858 3130
2007 2454
5447 5348
2810 2800
4818 2081
1350 6468
1012 6391
2457 1630
5994 5359
1294 3731
1002 1314
4710 5443
990 3160
3761 834
302 5818
4893 2239
4612 4231
2398 1644
3117 602
4873 965
5468 1054
5409 4159
2917 5315
55 3719
5703 2877
97 5647
4566 2412
2892 4972
6376 4108
3362 5338
4713 3795
2787 3618
3454 1558
2528 210
6108 4002
3027 3707
6483 4107
4966 4631
6053 5003
5829 2389
3809 1769
195 4404
4755 3264
3472 3256
658 1922
2582 5429
6456 1670
571 2693
3160 2188
5849 3087
2670 5119
1399 464
2769 1853
2639 5850
6032 6025
6341 2852
4728 1931
1166 988
3834 2679
4919 1164
3025 302
1030 2431
2677 2683
5964 1804
1949 457
133 931
4156 1665
2549 4233
6272 1968
3639 881
5719 4841
6444 2402
927 4034
4857 44
5469 3262
2055 2283
3595 3105
3256 428
6029 2085
202 2891
4915 3929
2039 2331
639 1933
3459 6452
4243 1738
223 1508
4600 2127
3035 956
6172 2968
1264 5231
5712 215
1353 1211
4047 2657
6380 5059
4528 98
6050 5780
3901 4469
5884 4667
4064 3020
965 252
1418 3561
4621 5715
561 2490
2484 2462
2017 4065
1286 4472
5721 1205
798 257
402 1969
5518 3072
4668 4023
2327 4584
1008 2160
2977 4269
3630 6282
5336 5072
3816 2114
1463 1179
644 4606
3960 2222
4092 4820
6492 5252
3402 2043
179 2016
4803 2684
4923 1422
595 466
1204 5500
464 6250
298 6451
1984 4911
5363 3647
5065 4950
5898 1621
228 4651
1836 1197
3700 4176
5540 6377
2597 149
1498 1002
2813 4021
4842 403
377 1337
3891 4682
2181 2510
292 4552
4410 1646
2925 3979
2642 1308
1124 5018
5087 1133
1548 5060
5460 2984
5786 1566
3368 4192
832 4465
5113 5236
920 3203
6079 4531
3994 2346
2184 3243
582 2359
467 4086
4226 4896
1905 883
5372 4924
2352 2655
2708 3609
2641 3060
4442 5346
706 1271
1595 2301
3617 5570
154 1083
973 2986
4465 2179
2073 3086
69 344
6065 6392
2416 6291
4564 3790
2278 2111
5252 5805
4065 4403
5061 4187
508 1153
5606 6094
735 1277
2986 6280
1328 872
5156 3599
5050 2060
1977 6001
3003 5875
1285 2498
3828 2293
6288 3030
3055 1545
420 5803
3974 5425
1720 6113
4847 5424
6472 2841
1347 3287
5834 124
692 5300
3989 3050
4258 4946
1025 3959
1379 4188
110 1280
4801 3504
4965 4771
1116 3096
5990 4447
1793 3595
3649 4279
328 4290
3426 4200
2998 2338
238 5344
5615 656
5723 4544
6037 1172
2619 5221
1969 2408
1312 5147
4576 2661
1656 3343
3271 3170
1817 5955
773 4575
4790 3591
2489 815
3907 5204
4054 1549
3778 1561
1875 3834
6340 415
882 6285
3986 3455
1151 5969
376 2876
4929 431
3304 5218
2522 3638
3877 5707
3129 1989
4978 3255
4455 1231
5536 1044
6477 4495
3252 6310
317 3298
6256 5411
4078 3121
4804 5926
1537 1964
669 2646
779 5039
5445 2219
2864 3868
6226 6149
4331 4663
4153 5070
4788 1362
6302 1475
949 782
5241 6470
3390 5933
6378 296
5619 3005
721 3497
5004 4598
3581 5691
6345 701
1271 5529
2996 4102
4700 4074
5732 844
2905 5674
6428 1048
4471 4041
332 3948
2019 692
5556 5134
4545 1453
3353 6027
3364 860
341 3708
5095 3025
5173 4675
3627 5256
984 1223
2703 657
1939 1633
1384 5978
4307 404
1503 6026
294 3245
6452 5809
5209 1324
2143 4767
1179 238
5066 2718
194 31
1143 2858
4456 6417
3295 5116
344 1567
2718 2650
29 5749
3044 1059
5921 824
1125 696
2525 982
1777 3871
3039 3354
608 3530
79 4043
350 5354
2468 3664
1628 6423
4688 5648
3388 783
1933 30
1369 2600
3660 3193
153 3318
5009 4708
5808 6086
2026 4501
6458 1985
6348 5679
1321 1641
1719 5493
3631 2969
2032 4668
304 5049
3492 3348
2945 4440
1953 1990
3079 6336
1441 4864
4809 2964
3042 4482
147 5742
1031 3552
2569 5640
5136 3903
1910 1499
5459 5356
1597 3365
2772 1758
1523 3047
6358 2932
6083 2508
4797 5790
6432 4039
1890 251
2210 1691
5718 1896
5044 1748
1293 524
449 1878
4398 3623
2591 6410
1275 2832
3513 4258
3653 4933
5895 4022
5376 3877
524 3270
3071 1574
349 449
2908 1511
2167 2594
4488 5189
741 6283
5083 1495
3223 1482
6281 889
5792 6444
2730 3850
6426 3090
3342 979
516 1984
5771 3973
5937 4962
5282 2220
1558 5750
607 6261
2205 2703
4783 4729
2838 3655
4739 4437
2324 577
5021 6009
4554 3961
460 3400
4490 3844
4057 1494
3173 1793
3839 6024
3510 1006
4506 2985
5323 5612
207 2842
850 1373
4748 3944
5058 4811
6106 392
542 5073
2421 3483
1393 4539
4176 795
1678 5160
2252 6461
4312 5157
5 3373
5942 4130
221 2671
5159 3464
5206 717
5279 5971
3018 4487
5047 5845
5430 1279
4977 156
4633 2799
3992 6036
3265 4794
5537 1315
1674 748
1027 5085
3043 5711
3509 6445
186 4095
3899 5810
5358 4782
3787 3439
362 4320
5121 1681
6430 4991
5664 4407
2676 5474
5822 2343
5749 5984
289 572
5966 5982
3211 4275
5339 3933
6124 3536
4744 6477
724 1080
6438 2927
3563 5305
6069 3321
3437 5816
3 5066
2653 1506
4881 1217
5777 1832
4562 5347
6175 5757
1390 4913
4330 1937
6224 709
1032 202
458 3217
2220 2355
594 3917
487 5048
4864 5591
1504 3934
4927 3586
3391 2704
959 4180
6307 5655
5498 4419
2135 1120
6074 4252
3141 825
5730 2940
1215 843
1562 1305
1304 5644
505 51
5650 5159
6449 5487
5091 5720
3123 1876
4496 5199
663 3610
5762 924
2319 4657
4247 1666
5996 6173
1254 4862
2574 419
3678 6087
3955 763
2632 5264
4304 1841
2015 3845
1383 4692
1180 4797
1079 3403
6391 3315
2798 3537
3528 1343
2453 6134
1632 1407
2103 2472
5028 2082
106 5593
5233 3059
3249 5008
181 5779
492 1952
1701 2787
2336 3081
1455 2150
878 4232
6061 5289
222 3073
3429 6103
1797 4541
486 3335
1367 2766
3019 5577
5402 3111
5186 1780
4441 5075
549 1988
1855 3768
4414 2737
3189 4545
2367 5934
4865 1490
4854 5051
1854 4583
768 2291
6416 50
3077 4378
1510 2380
4795 6218
1566 6319
2564 6231
4484 468
2091 3473
690 2142
5805 3249
1564 1692
5798 4954
2494 2303
2041 2869
3469 3509
3311 579
867 5386
5528 4026
2268 5794
5912 681
1644 3364
1010 2676
5561 2030
5908 3150
3247 4190
1082 3071
3527 5005
5934 5286
5679 5685
1331 363
4529 4450
3120 4693
5999 4327
3586 1623
2904 2139
2475 3238
3127 5558
4886 2414
5832 2205
2406 5326
4711 6343
5153 3852
5251 2579
1211 5641
4184 6390
279 305
5443 2432
4109 5317
889 636
6298 6042
479 2086
3643 654
4058 3002
1260 1826
5380 2616
5926 4979
1413 2837
1608 5755
1480 4725
1373 5301
3788 1728
3238 2920
5361 3840
5980 897
1249 1429
2325 3313
703 5465
6323 760
1191 2352
2589 4256
4034 5097
496 3630
6245 1459
2473 4007
54 80
3578 660
3804 3889
5588 922
4313 3978
694 3529
5820 621
4885 4940
4572 1705
3168 2702
2995 5579
4356 814
4487 5089
1417 5615
2786 2195
2535 4795
5922 1108
6133 3317
3512 5124
2465 41
2356 5858
1798 5645
2008 4321
3292 5243
4851 1571
3037 1420
3544 5476
5394 4323
2404 5600
3852 3861
4708 1061
1235 350
4446 2880
2064 293
3670 4807
2464 1719
2173 731
1172 634
3101 5539
3594 3506
5164 4160
4550 1690
947 2733
1955 3024
6036 3717
1684 5964
4335 3639
2246 4994
444 1749
322 6125
4669 658
2343 3375
3412 4591
3383 2187
5566 6146
6203 3265
3358 5624
590 953
1999 5125
3152 6268
6264 6317
82 5224
5037 3534
5055 5738
4463 5268
3430 6348
2230 4953
5844 5278
672 1496
2165 4863
4778 3660
1695 1360
4741 1886
2579 3381
1661 2335
378 2470
1436 3605
6469 2769
3847 2534
3057 1020
3137 3517
4185 84
3455 78
22 5512
4473 6359
1975 4156
2265 4018
2012 3444
4603 3038
2004 3360
515 2528
4050 4984
2102 1024
434 4052
638 4798
4869 5340
961 1196
4515 6142
2480 1753
778 1659
4939 4303
2857 5972
4526 6063
2617 2070
977 2542
2682 4888
5809 3276
5821 2620
730 3252
2441 2236
5370 1426
6034 5083
969 3460
1835 5915
1878 1468
4749 2948
3843 365
1115 712
2224 4006
5104 7
4766 4493
5740 2224
2975 4363
6316 5246
693 3732
2957 4230
3261 5437
3685 221
2797 1829
4181 6159
5078 864
4170 4829
2847 3678
4641 2217
3314 1132
193 2538
4337 5625
1706 5202
589 1507
502 1047
3087 785
301 5942
1217 2040
922 593
5977 871
4281 3643
6196 1095
1569 1532
1135 6313
430 3108
3950 2896
6420 4387
1376 3258
4793 224
1904 2730
4627 5975
3876 6366
727 2645
680 4505
296 3703
787 6074
546 5403
5145 4356
3902 272
2038 3478
2780 4348
113 4379
5357 1262
2991 309
4317 1399
2285 1651
2513 3726
3241 5349
3195 273
4318 5441
1781 2793
3781 673
3696 2950
1638 4239
2282 2705
739 3058
6028 2390
1787 183
2273 560
311 1052
4549 565
3277 5814
2456 2200
3543 1996
1106 3995
2906 5325
243 5492
3934 6463
3919 5047
4738 4089
3063 4212
3502 4678
3770 4853
4619 474
6431 5172
1947 2821
6261 3548
3755 2816
6167 1948
4394 5853
1740 1497
4891 5824
4758 4420
4794 1809
4829 6375
2656 5620
2625 5959
390 171
6386 4557
504 2144
3081 2765
3361 446
4295 3581
361 1583
6278 1592
5891 5618
6375 595
348 2100
3923 5979
6357 3549
2147 222
3850 1330
3656 3046
1942 4241
5745 2916
2515 1406
5916 5961
4424 5228
5139 6021
327 6247
4223 4283
1345 3657
1139 1106
4128 2302
3549 1911
387 6400
3326 1991
1536 5846
2202 2627
5277 93
474 1678
4119 1957
804 1913
2743 6041
3183 2032
3741 5580
4658 833
1313 495
1860 2512
606 462
3943 6219
1306 1632
1440 2141
6321 1050
53 1309
5779 2133
4866 2149
5158 4309
3317 945
3624 4689
4722 1903
4494 1117
2029 6334
937 732
2433 1901
1941 1699
1938 1165
3917 3593
5968 4842
5010 483
5418 2682
2993 441
2158 4423
5235 4977
2317 2005
5512 5931
4855 2714
1665 5287
3975 566
1982 721
3029 3187
3266 4640
4703 4995
567 6454
6208 2012
4389 1181
6283 646
3199 581
4993 3759
2479 907
2544 750
3886 1479
691 4524
2753 336
3404 4058
3179 4743
4913 2967
5623 4619
3006 1320
2612 451
507 2391
5335 651
1352 2237
3962 6068
112 3671
3192 2909
1176 6281
3062 3226
974 3246
4921 3420
1511 2823
5594 2117
2566 375
1837 2337
470 1467
5514 4671
2085 3706
6308 5574
5750 4521
5597 5118
1456 1510
4228 3699
4200 6201
860 5880
2557 2757
2372 4273
3913 6101
3657 711
5667 2989
6258 1359
2271 3658
3074 1593
5815 4444
2188 5280
2919 6160
2388 1721
5886 3936
122 3080
2603 2530
5125 4457
3078 6058
5245 5753
3846 2318
4215 4970
3172 2366
6311 4534
3836 4185
5225 2009
252 3743
3859 2972
2312 6296
229 6051
2394 4496
2747 1063
5874 5812
68 1708
3826 6323
2090 3085
4685 1026
6401 4426
5513 779
1 4602
5628 3079
282 1820
5992 3304
5770 3126
5344 2121
1889 5752
5880 3241
11 2527
4759 1643
2454 5445
3977 4796
5068 5071
2972 4716
4750 3828
6102 2094
1230 3589
2207 2176
5122 698
4343 5074
4296 1752
2834 5632
4872 5583
2366 6274
5280 285
5869 2665
2299 1966
2426 2779
1934 4491
5851 2778
277 3930
6044 3227
189 1742
4832 847
1954 5954
4171 2229
4009 3645
3303 5010
5574 1319
1197 2404
5379 2720
4525 6170
5385 744
4524 4128
4212 2120
6063 5155
18 778
2659 4336
2858 2093
1479 2349
1716 6456
925 1232
5454 3183
1009 2635
4493 6249
4936 957
975 262
4141 4709
3999 2963
1726 6475
4824 606
2631 637
1358 400
4096 435
5035 5726
2912 3054
134 3817
3820 1631
1732 4161
633 3082
5695 2911
1244 1097
3661 921
1392 792
2706 899
5861 4087
2717 4138
5586 67
3385 4173
2770 874
2438 2164
3791 485
5885 736
2845 5543
2907 886
6205 3338
3596 4764
4776 1672
2046 6401
775 231
5598 5519
4666 1082
1201 512
191 5436
3845 207
4030 5364
4443 127
797 1962
4429 5458
3433 1264
1273 3819
4951 1575
3564 1547
2370 6133
4768 230
6150 1017
6411 1805
2058 249
4760 5717
612 5313
1076 2467
1443 2742
2177 357
5067 2928
565 5032
2235 5843
388 6007
1821 6214
6090 2064
5865 388
6410 5813
3669 6300
6168 1869
986 4894
3536 2764
6266 2226
2341 955
1412 311
5987 6413
3135 1568
4636 1222
1103 1775
3371 4357
1731 439
4830 1707
5348 4189
3712 320
2937 2658
2661 4383
1884 1113
4836 5966
5939 1031
2159 6224
2321 4779
4448 4757
5189 4418
3771 4892
4234 1025
1819 4947
6170 232
2870 39
5419 4578
1240 1346
1895 3614
1886 2258
6177 3510
2229 1822
845 1898
314 421
2451 100
2371 2008
3806 3702
2698 6175
1824 3954
5744 3443
5324 6207
6138 2572
4763 1541
4294 2668
5847 4955
1539 5606
5295 3327
5350 4859
4841 2536
405 1357
1219 6035
1073 6402
4440 399
5014 5974
3377 1220
562 5293
3281 1572
2474 138
2588 4884
1968 4464
5112 5020
120 4568
381 2063
4395 4519
955 2029
5593 1559
319 3641
2516 4540
126 1141
5297 4305
6457 4502
1488 3949
3553 3458
2826 787
619 2868
1600 5555
4403 6365
700 3347
2200 4928
5119 1118
5327 550
5876 3672
2835 2143
3470 6393
6188 4395
3707 5304
4696 5938
3577 1601
1238 5621
3928 23
4622 816
5553 6448
3557 6215
5123 4155
2076 8
4613 395
2693 5200
5474 4988
482 5402
260 6307
2812 2524
6017 4123
2495 3829
490 5840
2877 536
4259 1352
1866 4642
5580 1435
2943 1267
6364 153
2249 394
1213 6499
47 3560
4875 2694
5803 3842
4416 0
273 4727
3940 4124
4491 3805
892 2061
1858 5361
1083 3486
3645 6385
6094 2947
742 6414
2626 5909
4905 1603
326 4248
1003 5457
1476 4703
5573 5291
3507 3289
4774 4992
2374 402
1724 4622
2613 6351
840 743
2794 2351
5900 1230
4369 227
2570 4361
5587 1815
4428 2573
3853 1722
2542 509
1066 4744
3002 333
577 3673
4466 4071
6000 5475
1177 3018
6437 3064
5307 2247
3047 967
3531 1625
4303 2930
2074 2382
5314 6011
4677 5485
5836 3342
66 5505
535 2761
4292 212
1680 3976
244 4986
3764 5238
1619 1862
635 2148
907 4724
1396 597
5967 226
3320 2279
4498 5686
3958 3627
2514 5142
5565 380
5480 1695
6347 804
538 5101
5171 4116
4264 2415
6006 5444
4678 3909
4075 2396
2967 366
6075 4937
2080 5062
268 5439
1568 1198
1046 1638
3871 1423
4874 4169
1607 103
3254 3878
3038 4559
1182 3913
2057 3705
2151 961
3325 5592
6128 5207
5690 540
2466 3206
337 4390
3515 447
2950 1158
5558 1627
921 4816
4968 2960
6174 5180
6390 2485
2241 2190
2530 3207
367 1438
5177 3175
1655 1234
31 3481
3728 647
821 2994
2560 1464
4201 4428
3705 2812
3931 1825
67 197
1194 542
2204 2327
1966 6226
5130 3621
300 3677
6202 2713
4521 6044
5557 37
2710 5168
5428 2075
5354 1168
4178 771
6343 3969
904 4372
4112 4385
2726 3876
627 6130
5110 3213
2662 3253
3603 151
4152 4031
5142 6439
1986 5599
3807 5882
456 1834
702 5094
3710 414
3008 837
2601 3200
1072 436
5989 4165
6291 1394
3924 2934
4959 4013
2109 3218
3307 1236
1018 1323
6453 6154
4594 4687
4615 6182
1419 2348
2572 1754
1705 2235
1813 4766
1490 3562
1868 5285
428 4454
4470 2576
6086 4561
5700 6408
3355 3712
674 5061
1183 2245
4683 45
1616 5498
2517 3704
861 3629
4702 3607
1912 2392
3075 3078
5008 4680
6374 966
4799 2641
5218 1955
90 6213
1426 1471
5073 5185
4742 768
6023 5657
4144 805
240 4958
3518 5590
6490 4974
1325 586
3097 1884
358 4142
4407 4151
2683 521
4155 3346
4459 3782
473 5828
2263 1452
418 2919
5795 6482
5618 3881
1152 2692
3968 316
5107 2747
709 1689
1028 4647
6180 1893
734 3119
2596 5692
3872 3942
176 1654
1013 1525
3089 575
2470 1879
2837 1543
2754 4593
4845 3931
4890 2204
5878 1833
2401 4152
4812 5736
2000 2169
2264 4902
2713 4881
2916 4652
517 1255
421 499
1276 909
4571 1771
2141 1881
5838 4939
4858 2567
5043 2162
2926 846
5452 6174
4871 2407
3625 4449
1697 537
4543 4430
2668 121
1883 4201
5160 800
3486 58
3597 1694
4206 2361
537 5653
1570 3161
2994 3379
3064 3422
1505 2681
5810 1703
3190 2610
4383 4360
2248 283
1482 4340
1164 5940
1935 2177
2673 6073
6156 5504
3505 1163
6488 2889
4354 4733
1681 4761
1610 1112
5317 4699
3203 710
3548 6194
4747 6363
6043 5223
667 2936
2311 2721
1917 2921
4850 4925
583 2440
5917 5464
3186 2923
3052 2910
3333 5863
5187 3370
3196 4078
2368 2270
1704 3204
1036 685
4093 3118
1625 2602
3352 2591
5269 3116
4306 4101
5088 324
884 6289
2942 5532
6004 2848
1901 4213
266 1768
6301 6077
423 53
1243 1548
2667 4132
3499 6368
160 1454
3614 493
1357 3945
4595 2938
5976 2312
4706 4154
1728 3713
6113 1997
4091 5704
1225 387
4879 5563
5487 1614
6027 6356
917 282
6293 5058
1527 5482
1522 6115
4863 5922
4631 3632
1526 975
226 6156
4729 1272
1758 5866
2581 5731
1772 3052
3738 4399
5954 22
1776 4834
2532 3310
1623 362
3142 2818
2895 1581
795 201
1206 2480
2985 4470
910 890
299 2881
2960 1781
679 6108
3236 3505
183 3251
5753 665
3689 1058
1056 2756
4029 2711
3884 2316
3480 3100
2583 9
3046 391
2633 4394
117 181
1338 4366
551 727
645 5635
3619 1478
3161 5080
1157 5378
4192 4805
2450 6433
3481 444
5099 3955
3420 5943
4608 4562
5872 1734
2622 4377
2071 64
2609 2735
6008 1789
4954 6262
3762 3233
6091 705
6493 6493
1301 4806
2521 2
1429 6050
57 6322
656 5046
6111 6383
4953 6047
6228 2797
447 191
4250 463
6160 4975
3051 2981
6446 4344
1001 5936
6460 3924
5689 1451
3768 2991
2846 6354
4344 2859
1266 1441
683 3525
2279 6132
5523 3761
1120 5518
2340 3408
4840 878
6051 4486
3779 5420
1675 4542
5555 3197
5253 5960
2361 5407
982 1544
4197 5043
4580 5524
5106 1883
3257 2017
1004 3896
2691 6252
2595 4980
4346 4483
4157 1634
3516 1527
5914 317
1812 4148
3882 1014
5892 5471
4810 1726
1461 1101
3969 1130
2138 532
2386 1485
4287 6337
5811 638
1783 3409
1713 1795
4786 1470
789 6443
63 6426
5545 3988
5591 5956
708 5719
3572 6324
5386 1664
2980 4700
108 2362
1960 5796
3879 1524
4024 297
3941 6066
5734 5388
2666 5393
912 1757
1433 2807
726 5878
2023 6347
5208 484
3911 81
2061 5748
5560 4960
2760 6153
5705 5302
198 3212
1750 4858
3234 4033
2223 5952
573 2103
4232 1266
4218 948
5284 2571
4423 3043
4004 6487
5476 3714
5133 5460
5998 2405
2385 4349
4028 2654
3376 1605
1084 1156
1881 4989
6118 2356
1862 6264
2792 1361
94 2241
5541 3201
3230 3476
4349 2540
5507 2274
648 2493
3681 943
4822 2042
3851 3006
3823 65
6148 3196
5290 2353
6423 4930
6066 4522
4475 910
4834 1328
4131 1390
4987 4949
4517 970
2822 900
5377 266
1693 5306
6338 5628
3646 5197
118 3803
4806 781
3094 3841
359 4967
4244 799
4089 1859
6360 4204
1093 3784
5129 4490
659 1381
913 5321
841 3636
2918 6299
4980 3291
2634 6378
4907 105
5262 842
2172 6093
1129 3883
2125 2441
3208 980
1652 3240
611 2743
2638 1772
3021 1819
5150 1796
5534 3468
5265 2795
37 5728
2973 5822
0 5965
2150 1327
5304 3397
5714 5201
5655 3040
628 5274
1930 4866
62 6082
710 4572
478 3846
4909 5167
1104 2506
1774 6033
866 92
174 2836
3005 4226
967 2631
5697 3727
3276 1954
4045 4382
3098 5649
5256 4783
1617 275
3870 608
5757 5526
6033 1055
960 1528
3107 425
2308 3029
5720 632
2527 2557
5046 2748
6049 4615
5928 2138
5194 5788
51 2013
3534 3051
5519 2451
632 6473
5036 4011
3428 812
4906 752
5190 4414
3805 4297
5547 1045
354 1240
5636 5426
2242 4484
6048 700
427 2987
4676 6195
1780 1176
4202 14
262 353
4513 4260
2623 2564
5342 1481
1316 3268
6333 1655
499 6216
2501 3008
3604 448
4023 438
3264 1604
1112 1167
2554 666
4079 1332
3829 2995
598 1278
3365 5799
3651 1038
1381 52
5562 508
105 650
4477 989
1054 381
4705 2751
2551 6425
4205 1578
399 4721
1970 3292
4348 4206
5299 2585
6366 504
462 891
5909 3299
5388 1383
4384 1610
560 1148
1024 1289
1692 2130
1208 3500
5302 1442
3633 3928
3744 211
3242 4339
1052 4754
5931 1033
6335 5336
6199 893
6259 599
5722 1622
155 826
2510 5963
127 3214
1410 3563
6169 641
42 2822
6015 2777
2533 902
98 5419
4026 2708
908 4672
5670 4104
997 5550
597 3406
5492 2163
3602 1500
4194 3140
1487 3133
5589 745
2819 1444
2989 6455
4168 1190
839 6484
2351 2354
4351 2339
3812 1965
3056 3740
5634 6295
4877 5382
2369 5345
4191 5605
5411 4265
1169 1940
2801 6138
4995 2439
4415 3977
1659 2525
3573 1203
5399 477
3930 1433
5846 885
5961 2760
2567 784
3533 1188
6296 1676
1202 2845
2833 3325
1395 796
6251 134
5985 91
1087 4876
3799 3513
468 5423
2499 1959
1133 5495
5907 5205
2396 1501
622 4316
2508 4085
4273 1828
1355 5245
3434 4235
6220 5213
701 2341
5550 4168
2714 2532
4756 4422
5118 5396
3566 2915
1094 2397
4718 1237
2189 5754
5484 6244
3784 4558
1434 120
6329 4413
4052 3390
5463 5488
3394 3862
5375 2949
4245 831
1846 4819
576 3922
3497 5019
4634 887
1483 176
6011 2728
1067 2596
254 4302
6212 1656
3717 2609
2118 722
5611 1746
6344 807
5567 4047
2316 1090
1431 5469
453 2583
6276 1448
2376 1355
3574 5852
5384 10
2157 1671
2732 1096
253 1004
5494 3055
4373 1891
556 952
3389 6235
4701 3095
4997 3833
2920 3602
5271 1723
178 3951
6312 327
1876 3035
6191 5068
3105 2037
3232 5242
3508 3003
111 6199
2339 1594
3723 422
5735 5353
1715 2690
6147 4854
3169 3194
3888 2988
1785 3682
1685 5913
5473 6422
6371 1762
2111 2776
2759 5677
1605 1437
3332 406
1532 3837
2562 5534
4632 1086
5853 4723
1274 5729
4800 4193
4238 3522
5286 2937
3709 5981
1773 1663
3212 2482
2254 5208
353 769
1059 172
5048 2250
5096 914
2212 4737
4333 4369
580 1285
6014 427
5019 4489
65 974
2541 5099
2686 6407
5341 3069
4421 5276
5728 4655
1990 3237
2600 2104
2878 4060
6252 4711
3182 4317
3014 3738
2251 1348
6242 5596
2649 6428
2546 250
2458 2953
2355 6267
3218 1606
4733 3849
2403 3188
1107 2438
5858 1103
1011 5341
9 6161
340 947
5642 5668
4584 307
3040 4719
5982 5198
6269 5566
6447 5911
1265 2895
5393 5397
4154 4528
1134 5229
2059 3653
355 3222
158 5789
1173 5279
3635 6272
33 2958
5827 3453
2491 3943
6450 4705
1929 6371
3178 416
1588 2664
1351 3624
1809 271
2067 1142
3957 2259
2955 2680
4589 131
3606 1195
234 1489
3337 6276
5432 4529
3798 5152
4563 5899
3053 5261
6141 2625
601 3694
1387 2182
3703 3990
4121 315
4629 6106
5464 379
4848 551
413 2917
3918 1587
3030 5970
555 2673
1916 4538
1828 3857
30 3756
205 5941
6012 6240
5845 5921
88 5660
5925 3134
5134 557
4516 2442
2953 2154
5632 5370
5310 1840
2584 6236
1557 6075
5946 29
5510 2874
1406 2639
2839 5235
4944 4498
3290 4388
4542 3303
5962 671
4479 4942
2214 2434
1091 772
