6000 8000
4974 1639
1554 1140
1351 729
1721 4518
1720 3107
5008 1166
2359 3271
4096 4804
131 1976
2863 1348
2745 2758
4655 2499
361 3048
3912 2888
5518 4127
3696 5448
2299 4843
5327 5116
4417 806
1990 1229
550 362
939 990
1003 3220
2648 3900
5489 4616
54 5238
1642 5851
4002 4915
3181 5606
1809 3543
3034 4404
5672 5021
5875 1474
2061 5500
4645 2532
1156 1734
3736 72
1668 4366
3437 290
641 1700
4235 2729
2432 2840
695 1222
5382 1674
216 3642
2672 2321
771 989
5145 5059
569 1568
5291 2052
3225 5072
953 5206
2519 4310
1982 4685
5981 420
4063 4179
2331 967
2775 3164
1329 1793
1424 3932
2615 902
5214 5100
5500 1281
3007 366
181 601
323 2093
3143 1528
989 1554
1703 1601
5162 2559
5505 4853
737 216
5940 4361
1562 1828
451 1693
2193 3419
3278 2627
3135 5834
5975 793
1149 4464
1510 4227
1603 831
3191 5488
3514 5002
3224 3330
505 3025
1395 2527
4552 614
4990 1784
3432 408
5374 4263
2498 3794
2010 524
4094 4963
3359 3555
5459 2182
3469 2285
5046 1631
1447 1133
5502 3924
88 4935
3699 4952
5796 4036
410 4873
3216 5760
1294 2501
3044 796
3305 4548
1946 1443
4570 3366
1057 699
5117 5633
1781 5320
4255 1300
4830 1121
1460 3420
1514 3031
2067 2592
5802 1820
4922 2250
957 3029
483 1220
3056 1082
3513 3263
556 2330
4650 1484
880 497
845 160
5965 5370
2781 4789
3758 2226
3847 4681
4486 114
1876 2759
3727 2631
4137 4124
1459 2983
2604 3466
1462 5431
2710 1493
1144 5204
4175 2485
5073 774
1475 2379
2779 4640
3016 5945
546 5391
1788 5340
4740 879
500 1859
4789 5725
5167 4201
5725 5096
1119 2131
1426 1069
3283 3488
4919 221
935 5949
5928 566
2967 2062
2267 3210
5001 3122
2645 605
139 5648
3994 3283
3904 2678
2677 5418
2623 4896
4795 3133
3805 5789
3447 817
2254 1679
3211 1306
1734 950
3984 1526
5153 3671
2759 3052
5185 5792
794 3287
473 1048
917 2603
367 3219
2251 3596
5669 4860
3332 1147
547 3148
25 407
99 4340
2657 2571
898 4943
4832 5110
2198 4638
1291 4261
5349 300
2008 1380
875 3999
1964 4427
1324 1020
3409 5650
4434 4028
1799 4628
1865 352
2717 1895
2979 2260
2421 417
3004 2298
1587 226
4186 4889
3991 2849
5339 2621
1034 4461
5089 5476
1097 3598
2290 2446
2273 5477
1631 599
5180 2537
4866 3352
5453 2671
2270 2542
3097 1418
1889 2419
3348 4444
902 2206
5059 4084
1367 5103
3508 4328
2489 5447
1438 3884
688 2280
1365 495
2909 309
3720 2369
1738 400
257 3085
3412 1949
1472 1769
3152 3236
5728 4421
1958 3008
4512 151
4941 1964
2632 2823
3643 3050
886 3273
1764 1916
1639 3056
5404 4290
3234 717
4008 1060
4003 5416
3243 3714
4693 4331
5223 1007
823 5786
1726 4647
1096 555
2217 4499
4447 3191
5260 3724
13 5277
1399 5803
1179 5070
2165 3572
3288 682
2262 575
5667 5456
3640 651
278 916
3157 2670
5484 1638
5709 2487
1819 1049
5977 5001
1159 3489
3545 3909
4455 3350
2051 3792
2180 3083
5917 1927
1527 3656
2608 5343
1923 4739
5979 4258
2257 4434
4622 1109
4287 1137
722 1118
1040 1989
4331 3337
459 1586
1748 4025
3857 4067
2164 5971
3538 5068
510 1533
3107 3986
1043 56
1441 3495
4676 1214
2556 1729
1823 4436
2429 140
1574 3732
2995 3673
3226 3911
1501 5294
2965 4852
3846 763
2538 1617
5241 910
1035 161
2271 5550
4731 787
507 1935
2127 5919
3132 3124
1879 3666
1758 2119
1583 2997
5158 79
4361 2878
3620 1169
3608 427
4704 1452
1429 5148
3036 2198
706 248
4597 2628
1696 4221
1170 5305
2163 1014
4105 711
551 4724
662 3576
2176 1867
1234 2231
1563 3833
1723 587
563 4327
4466 5824
3701 410
4827 3988
1666 4835
1826 196
1715 1835
3461 1511
2971 1174
732 2036
1163 4948
2671 1823
4169 3066
2219 5462
5663 507
2980 2875
3169 2920
5002 631
988 1958
2189 5192
1374 3580
4567 4338
618 2091
1737 5257
3100 2184
2714 2431
122 1737
1627 5801
1512 1119
775 4988
5768 4431
2402 3565
4674 4449
586 904
1108 2123
4062 1982
2167 5269
3672 3539
1870 2666
5782 1022
3329 4556
493 1
5837 2600
2522 4259
2265 5310
4732 3244
4233 1694
2983 2515
107 4927
2583 2222
532 2974
3913 2546
4946 4678
511 5104
1106 1090
5507 1192
4562 652
3742 5605
177 1556
1650 829
5411 5062
4629 1632
5898 4846
837 4385
2554 4815
686 4271
4881 5092
1194 5487
1791 1970
4154 3183
5760 2720
2609 1490
650 557
3723 4121
4943 1937
2757 5943
2969 1934
2468 608
4894 4817
4056 2960
874 1978
5579 4498
1536 1926
3906 2506
3941 2273
2410 1920
5817 277
1190 5602
2865 436
5944 2737
1226 4914
5662 5283
1420 5826
2335 1315
4593 1013
4793 2128
3445 5822
2457 3559
2832 5011
1660 302
1048 274
1371 4698
2325 4438
707 4921
2470 4459
1709 4729
2728 4945
4937 210
1213 4719
4762 201
1468 2685
2587 4097
1953 5547
5894 3073
4165 5209
3066 3226
3262 1337
4769 2760
4790 2423
1551 63
36 1749
3277 1207
5744 2865
2227 3758
2024 3974
2147 4656
3822 2887
4532 3049
105 2658
3976 610
3897 5829
35 3738
4028 2389
1306 5066
3146 2655
2204 2498
743 755
2620 3024
5558 1231
834 4173
3341 272
5039 3962
1935 2340
3530 5258
3556 2294
536 1059
5419 4764
487 3162
4265 1648
5438 5035
773 1572
3336 1708
5918 1307
5766 402
1846 4185
2926 1600
5554 4991
5892 5867
5702 830
3954 5424
5071 4493
1626 4150
4874 270
4737 4654
2435 5367
2590 1715
72 3528
645 3250
5441 2482
1210 2477
344 289
1821 3464
5166 2454
4500 2626
1951 5723
3524 3398
3485 1995
2760 3782
4462 5393
5383 1540
3087 3801
3888 5979
420 3641
2916 4299
3394 3635
869 2717
140 941
5861 1538
798 1282
3821 5868
1877 2027
5121 2704
2844 3639
5758 3690
5084 4540
5087 3429
5161 1089
1871 5959
2022 5608
5615 3099
1275 4617
2364 3892
2117 2465
1056 852
3195 1433
4275 3150
5852 5280
4359 673
3494 3967
5654 2145
2259 3820
998 5774
2066 2876
1569 3308
3654 4751
2586 4993
3115 5028
975 1909
3369 2081
4929 5706
5141 3261
5863 2366
3310 3369
4116 2032
3167 3465
4367 5595
2078 5911
796 5917
1635 636
4883 2292
5539 3005
5370 1271
1390 5609
3800 4309
5384 3549
4951 1668
1221 3444
4728 5224
5845 2383
4157 2350
4193 3376
233 138
4619 2455
1319 5087
1466 4936
2978 4080
5679 359
4630 3028
1610 2253
5691 708
5718 898
243 2672
2954 4707
5322 4412
1820 2345
2981 4275
1607 874
225 403
3711 4116
4228 4790
5821 2437
4720 5198
607 5871
5200 4469
4420 5137
5248 4840
2142 3899
5279 3225
5512 2155
958 3893
5449 553
2369 5656
3606 3554
5511 3746
1186 5522
5125 1345
3077 4881
629 1393
2888 175
1337 1366
2663 2124
2628 5902
4035 3995
2020 3127
3407 1680
4995 3627
1585 539
3546 1630
4637 5098
1241 3208
2572 5049
1414 3102
5804 5559
3920 827
2726 1226
4595 1320
5704 1096
1059 1640
3493 2227
2007 1353
1880 1870
3026 2326
862 2177
5235 4878
4373 3174
979 2329
2906 3540
3956 4644
3717 1252
2664 3340
4411 2976
3872 4562
964 5674
4522 3890
2108 1848
390 1421
421 4906
5774 3115
5649 4109
2993 4779
5399 2681
403 5360
94 2064
1240 1893
3531 3138
1949 1340
5124 663
613 416
2938 856
3402 5906
4460 1746
2892 2891
1654 2132
2876 5625
5175 186
3236 4225
5988 2822
4809 3919
277 1582
541 2965
4112 51
5035 5756
1196 2188
327 5351
4022 5428
3281 3852
409 5561
1489 3161
3848 5897
661 3044
3154 2528
4817 1852
2205 1672
5987 4409
5168 1851
1173 2402
5079 4578
670 1265
4885 180
776 799
192 2374
5848 4172
2795 1106
1755 5950
3648 3983
681 836
633 3668
1754 2107
4914 3786
5172 3865
2861 2378
5789 3155
2629 1180
1993 909
2495 449
3072 5438
3258 4374
4797 1612
1511 2886
3588 5356
3042 4482
2296 4325
4554 2895
4910 3775
3203 2910
4856 3734
5984 1950
193 3981
521 3362
2964 2735
2948 2220
2288 28
3317 3047
1180 3683
3330 4752
2871 1658
3102 4913
5919 4462
5213 2337
5452 1424
3415 3089
1146 5793
4586 4819
3743 332
4113 5362
5509 977
2772 1336
2778 5991
4609 2697
800 3142
4707 3436
5138 5106
3750 4633
2295 849
4735 4062
945 5571
4314 4627
1047 3114
3381 1774
3315 2625
1915 3483
2830 4939
2642 3151
5598 1491
1978 5489
5083 1303
5403 5207
426 2087
2378 3059
4660 678
4725 5375
241 3113
4066 2916
4745 3881
5173 3945
4298 2750
2441 1550
3083 2676
5963 4717
4513 1718
86 5387
170 5922
3068 5680
2655 3658
764 5589
3168 1072
1933 537
4770 4557
1405 1543
3208 5646
4438 3939
5287 5319
3955 2176
1492 5658
1744 3717
5629 2668
3910 934
3442 4165
1830 3675
5523 2530
2502 5915
87 2303
3388 5669
1810 2988
1707 2092
439 1163
1924 4588
1028 5414
3779 5912
5721 3331
5343 4074
2274 3891
240 896
585 207
2598 2100
394 2864
48 2587
454 4534
2136 3412
2940 3682
2901 3125
3095 5030
203 1227
3609 839
5218 3410
4957 1961
2902 3590
1469 3454
4315 1482
1209 3755
4025 4292
2427 4425
4909 3417
2314 4096
1428 2614
2284 5429
5668 1218
5753 4170
5869 5163
4482 4538
4274 5260
2336 3928
185 5281
3199 4716
3705 2162
2050 1535
5938 2826
725 4432
4845 3396
5109 4103
3972 2898
461 4123
481 804
5479 1783
3274 5581
1903 1155
4557 5617
1576 1633
4129 1184
2560 1158
5913 5555
5749 113
1364 4754
1546 1173
2390 969
3232 2232
2294 480
2338 46
5538 2470
4944 1256
3294 2525
2920 107
879 268
584 358
5956 1716
4493 3149
1217 4302
464 3868
3883 3243
4606 1840
926 3462
5207 1608
2374 4294
1089 2242
1612 4296
5761 1592
2958 4365
5189 845
844 586
3498 4871
1242 5781
5575 4844
4134 2471
4080 491
2769 4626
1694 4023
1588 5845
4998 2019
117 469
3323 3503
2087 3065
2439 2299
5790 1786
4671 4252
30 3295
2647 943
833 2466
3189 2216
2774 3594
4487 117
5246 5907
2611 4609
2788 5042
2420 4239
3939 108
4900 1470
3380 5166
2896 1903
1975 3748
2784 4738
2686 2567
867 531
3364 2468
1757 129
1078 2110
3997 2630
2360 1389
1733 4546
2104 40
3899 5461
962 4672
4332 343
5622 4330
632 970
2085 1863
4553 650
4666 4783
3361 726
5254 895
715 5480
3953 4597
2702 177
4964 2837
2941 5177
5476 4304
2988 2680
1126 4313
2666 4177
471 5853
2137 1481
1765 4591
199 1921
3307 5498
3360 2989
2982 4260
1495 3228
2904 5436
5274 4509
2306 3329
2118 591
3937 2645
1542 1514
3161 593
5105 3157
150 478
1225 4911
3441 3634
1125 833
2261 1811
5521 1112
5491 3486
2766 3091
1187 996
127 5135
3423 3742
4569 3998
2453 2282
1305 2900
5730 1365
1008 2251
4409 4630
5763 1587
475 5279
4049 2746
3759 141
4784 5240
2209 983
5391 1237
1808 3854
813 3861
590 109
4374 1713
3464 1637
2968 3595
2991 3856
2746 4532
5044 2743
4148 5799
234 1682
3443 1407
4395 1501
5526 1286
4114 5053
4295 3835
4146 2674
3316 2171
5127 3392
3737 5961
3999 960
230 1841
4882 2382
2703 2643
2444 1362
4730 5773
4372 5344
2162 5264
3842 3484
2946 4399
3862 958
224 205
2789 4919
497 4753
3487 1254
3496 2713
4893 5527
69 5420
4879 5611
2787 4453
401 2421
4555 5713
5889 4418
24 3284
5294 2168
2228 3394
2544 2472
4868 4054
4362 3849
4683 2077
3253 5444
608 4734
5318 4571
1807 5931
1020 2622
5606 458
5273 5616
1582 3841
2535 1152
5770 3266
3438 5265
3091 760
2337 1500
1649 2406
3874 2836
5356 2847
198 98
5410 4105
4034 4854
2109 3062
19 1420
1850 5592
984 4972
5443 2973
5176 2673
3349 1941
720 22
61 3662
2368 792
1022 3184
364 3838
3517 88
942 2300
5549 124
5030 3754
1383 4787
4543 5830
5764 2488
5543 3152
3489 2089
3422 261
378 542
5262 5475
2106 4619
4378 999
2932 5366
4581 1310
1046 4651
3787 1416
108 1313
1215 863
3569 3319
672 5577
574 318
1929 3713
2160 1759
3818 312
3903 3317
3616 1813
4751 404
1135 2605
4776 2293
3018 3405
1349 3513
810 148
4076 2362
229 5570
2392 3478
1874 2833
5056 1422
4549 3307
4302 1262
5683 1127
4574 3973
3550 1717
4771 5932
2425 1798
37 4971
1641 2207
3030 5405
2592 4574
4317 5538
5806 1980
992 2489
887 3299
3433 4413
2456 1705
1545 4983
4178 3759
2905 4547
2731 2675
1139 1917
2179 1563
1051 2883
326 1405
5380 4982
4852 3130
2961 5358
646 859
1165 4639
2090 2347
2528 316
2515 2724
4949 5535
1192 1206
1090 452
3768 4621
365 2336
615 3230
788 483
4862 5574
5427 5090
3760 2335
858 3172
3565 1448
3966 2593
5297 3931
5154 1951
2668 3234
470 3804
4135 3625
4733 1534
2880 4650
1891 5596
3357 743
534 4408
2693 2547
4763 3992
3435 4277
34 2523
1505 4568
2475 2510
2047 5032
1702 655
4749 5933
5040 5749
2944 1607
2976 2926
3142 765
176 1453
2041 696
1376 1156
3235 2351
5060 74
1794 702
5623 877
3754 2448
4440 1471
5401 1102
187 4703
4340 1666
154 65
1418 4520
23 1516
1359 5995
916 1385
2130 1890
3646 2359
795 2950
2752 474
1412 4997
3502 1721
1231 163
5951 4335
2842 5141
3481 2241
3566 4063
2963 2018
1195 4657
4194 5352
2172 5814
3217 1107
1284 2030
5866 3040
1296 1552
3014 4580
952 2980
2674 485
3835 368
3807 5413
2758 2803
4746 5984
1853 2407
4916 4984
2953 1427
3879 5459
5221 5770
619 1439
1560 731
5342 2215
4942 509
4679 5856
709 2084
930 4314
1243 2715
1259 508
491 820
5759 4999
542 3064
987 1741
900 3831
4348 3277
1952 3937
3633 1974
1724 5976
5285 2118
4777 1575
630 432
1736 2543
1813 2461
2698 422
4350 3012
698 2964
1257 3514
1800 4868
2235 826
5350 2805
3090 4256
1900 3182
5326 4232
4510 5303
3733 1017
4713 5743
4130 4744
2143 4288
5488 4677
4267 1849
4489 2003
2546 2361
1021 5342
4364 5860
3376 211
1307 4636
1354 5956
1247 5012
1938 2011
16 3201
766 173
5795 1171
4377 886
3472 2044
65 49
2962 3168
4613 1509
5696 4220
506 5430
2013 5697
678 4818
2843 1381
1818 5560
3140 3084
4743 4941
3989 1983
1200 3198
4481 675
3076 5114
690 4959
5599 1346
2476 5816
4807 3779
892 1854
5514 4268
3506 5782
3837 2308
5188 2367
2094 1065
306 2305
5678 4512
2949 3941
4692 5687
4313 5796
57 3371
668 3791
2537 2270
736 342
324 3435
1578 4305
357 5852
4327 576
716 50
4847 4583
5230 4581
1452 2719
3963 4243
5444 5322
90 3265
1904 5308
3656 4057
1883 2254
1112 2667
2437 498
5779 222
3145 5552
3301 3207
299 5289
4446 5869
1918 1219
2696 295
1012 1111
52 1960
1909 4700
5985 3169
4204 1539
280 4323
1355 4284
2385 4778
3071 4689
4408 3705
4571 4429
2899 2392
5585 4398
119 4623
1922 5727
5537 4007
3766 5534
1504 933
924 2925
770 4133
1516 494
4572 1141
5546 5567
3574 1154
5400 5746
566 2320
3986 658
2887 805
3845 2057
1481 5978
1760 3081
5675 4811
4334 510
1360 825
2240 1212
53 4874
3170 535
5492 3731
2776 3519
1094 597
1114 3578
2517 2401
3790 556
1322 1129
2394 1782
4521 2797
3121 4344
509 1726
3802 762
4973 4762
4800 3504
149 4987
5435 5394
4959 5966
1704 1565
2928 3499
2042 91
2362 2154
934 2309
4890 4467
1688 3072
2436 4233
4851 3943
824 3787
3156 613
594 784
533 3517
3931 2918
5747 258
2508 4210
355 3004
5348 2679
738 3531
253 973
267 1100
4122 225
4596 2225
3414 1211
687 1070
5601 4960
5999 3071
162 5061
2794 5745
1476 5529
1608 5441
5128 4370
468 1908
1711 5299
3576 2799
5431 645
10 1295
1943 2779
5197 1143
1671 4918
3527 3267
3367 1574
4867 5025
2246 5246
1537 4167
4405 639
5095 3636
2344 220
1402 2703
4787 3285
4381 2752
1842 2979
4383 3279
5016 133
4061 3526
3945 3591
4125 5078
949 2502
1298 864
3868 4618
1731 1945
1772 5452
2792 2937
479 390
5808 5378
5216 298
2798 3780
4014 2632
1456 2652
3428 441
4721 4301
2780 1817
4566 5079
435 1883
3715 4895
1824 239
1342 1006
1454 3036
997 1388
1955 4029
983 5363
4180 5854
5416 2835
3655 4406
2120 308
5242 2043
2000 388
2266 4174
2400 3571
4277 1904
2283 541
4041 3966
4526 3644
3371 4141
5021 4550
1398 191
3280 1387
5868 303
71 2820
1181 4841
1988 3027
610 5335
2377 189
2596 2039
5676 1138
4536 219
5293 3894
4173 3570
4306 3511
1425 1023
3047 3321
4598 1815
4711 4112
4159 5802
5594 4254
3534 334
2358 4494
841 3951
381 4720
5417 3229
4071 4410
4167 1478
1121 2987
21 1249
861 5951
4171 4391
2553 1093
3322 4809
2208 4563
2452 313
5634 4759
1211 212
846 2599
1966 4869
1795 1615
1643 5825
3466 45
5210 4396
5329 1898
1067 922
2643 5795
940 4731
1406 3137
2134 1930
3069 3404
1728 3256
1422 2689
1529 2611
2349 3839
1203 3240
5948 1662
2551 3991
3793 1408
4 2880
1689 2531
347 4322
132 1875
5684 227
5856 2851
830 102
2353 1392
3085 2371
1297 2255
444 559
3649 2782
2665 574
31 5018
5134 4572
4051 4094
665 2787
1638 5154
4696 532
4347 1034
3500 1915
309 705
3300 453
1338 397
3777 709
2258 2538
4727 2161
5195 4212
1549 5635
5147 185
5306 5683
384 2000
3492 310
3780 2365
1637 280
656 255
5255 4484
5595 3434
1258 4214
4780 5888
3242 4137
5129 5
4705 1649
5593 2203
370 5190
2791 3781
5036 2283
1384 214
321 819
4139 2578
2297 1495
1061 3793
965 3589
1155 3400
922 2065
1779 4692
5560 440
3977 5820
1204 3445
1085 2061
5726 2913
76 335
3153 4866
3092 5457
3784 2157
2935 629
5288 375
5217 5284
1464 1278
1896 4236
4540 607
3228 1844
2573 2484
3728 1902
3350 3525
5160 4859
5100 906
1115 3902
1878 3093
3053 3347
3346 4446
5786 4119
4677 4383
4617 4824
3137 3129
2990 1597
3491 1330
4333 5668
3756 2187
4723 3649
450 5675
1493 1755
553 3507
3982 5935
2977 735
3327 1747
2600 2922
4190 5565
3964 5548
1743 1610
1237 4091
4902 2874
2627 3501
1150 2518
4467 2911
4437 5891
5062 1968
5253 670
4853 5726
215 3424
3523 1404
835 5287
38 2195
554 5688
3302 881
4140 166
3985 1302
4796 3729
180 5734
5458 577
1624 2662
4068 229
912 3678
5659 3188
1036 2475
4954 3218
596 3460
5636 4801
3150 4417
4369 1655
174 5338
1965 1488
488 5731
2509 3677
1866 3117
102 1758
2562 3320
4092 3767
5568 5564
3990 865
4939 5857
4077 2267
1667 790
3086 4743
820 684
3860 5150
4542 5964
5257 1188
59 386
2141 1322
1793 775
217 4164
3601 3643
4984 3252
1592 1472
1133 13
986 2576
2790 1855
5256 2153
3892 4115
5304 5806
3269 365
999 4812
1956 807
4391 5140
2841 5468
5464 2572
3734 3942
2685 502
5528 617
1062 5316
3019 2486
2064 3897
2684 2633
5708 4147
4026 3211
4560 2757
4222 782
3276 3391
4579 1542
4057 1398
4702 409
2375 2748
5853 3105
263 4442
1171 5195
5926 1805
5864 54
1233 635
375 2449
2322 3655
4805 1785
4523 4051
2956 1005
1394 5772
1787 5038
4533 891
973 5139
3603 5490
3573 2002
5244 360
5794 4955
4636 5921
4880 669
5973 5389
4816 1114
2073 3743
3259 238
2709 3783
3667 5870
5157 1284
2531 2999
1586 1002
5364 3575
2712 4375
1861 5958
1345 234
1261 1644
2785 588
330 4561
1160 5020
3543 5783
1509 4079
1350 5661
2837 4056
4198 5855
840 5039
1491 2183
5352 3264
745 3060
3553 5045
2397 4909
779 2271
637 5341
447 10
4837 1836
1926 3972
4214 3167
293 3871
5627 4285
1373 1850
423 4714
4681 2135
3110 5588
2017 5184
5252 1814
1881 2432
3424 3303
4319 3379
4390 3756
4453 3354
137 1966
1315 5371
208 254
2699 66
204 4293
2275 3406
2023 4898
392 974
4245 5878
5093 2193
1625 518
2889 4687
4644 2035
2680 11
3707 4723
1417 2404
3503 4526
4215 3428
4117 5479
4718 5433
5967 5197
3463 5304
4855 2860
5471 5612
4953 2553
3385 3592
1532 1588
5091 5762
4119 4439
2184 5957
3679 3813
3060 5000
2068 1460
5320 5044
5456 3521
4457 1771
5000 433
1825 814
395 5357
5344 5201
4232 5107
4719 5023
2736 3954
1606 181
524 5291
2569 1467
1775 4308
4507 288
2156 16
2256 204
2750 3837
465 4586
2875 5482
4322 418
654 5130
2762 1525
2433 4545
5025 3094
4860 4138
3356 4363
1327 5875
5118 1830
5732 2017
5243 944
4187 5895
3641 4763
2131 3472
5369 1233
151 3733
4538 1175
856 5017
5827 2073
3075 1711
3405 4845
5501 3898
4168 5359
5762 1012
3484 2493
2455 242
1882 5402
4996 4424
2038 1712
1763 1486
103 3751
3128 4808
807 1704
1645 854
1749 5553
3537 5554
1647 750
476 2867
1273 5924
2639 279
5466 3200
4403 5990
302 5255
3183 80
238 4828
2407 3262
1599 646
2005 3101
1770 4655
4492 3827
2099 3388
2581 5046
407 4048
2975 2963
1201 5692
1834 1707
2224 2862
84 4
2667 4825
2381 2740
3005 4090
937 61
1005 4016
5378 1054
419 5276
1658 3300
4149 5817
2998 892
4209 4958
1685 2783
4095 3867
3233 2919
2934 1145
2409 4541
1619 2447
3738 936
1690 2745
5309 5510
1540 4297
5949 3996
2955 3104
5714 4224
2210 930
1289 4953
5550 2993
4152 1616
5707 361
1212 1036
4842 1502
2644 5214
352 2811
5700 3530
205 672
2584 1461
2310 3292
609 5929
5196 1132
1222 1578
111 1264
2602 4760
663 3633
2566 4870
4054 170
2220 260
4709 5167
1547 2146
1208 5339
1595 5181
3239 346
3934 1030
4633 1323
3951 840
5931 1719
2885 1555
3924 4576
1151 3621
5583 5885
4042 326
781 2915
1979 2584
535 1126
113 4129
2450 2991
1833 2218
3133 434
3783 1999
148 2683
4716 1124
4172 1678
1244 4635
282 931
2218 3568
4006 2726
4389 5052
3434 5815
995 2595
680 339
5156 3474
1508 5237
3064 5332
4712 5501
1140 4659
5296 723
5620 754
5412 1696
2357 1415
2486 5333
1681 2931
5143 5637
4516 34
854 5377
4382 3546
2855 952
4993 4223
3918 740
133 4006
4421 5231
1531 4490
377 4775
2122 2333
908 4357
3645 1311
3420 1986
4335 771
4102 3181
3263 1838
4329 4500
2203 197
3771 3203
1220 4690
1455 4015
5955 2105
3431 2033
3240 5160
1651 1824
5605 4607
950 5594
1602 4171
5531 3215
4997 4168
790 2405
448 4351
3764 3014
4952 2812
4545 1569
1851 5300
2850 2237
3935 3022
5517 4458
1392 3757
4261 2789
3549 4833
2365 1134
3155 3418
4387 4472
2243 1370
5503 3832
5777 4394
4568 3453
5159 3574
1050 2249
652 1529
5572 5408
2034 2580
974 5084
2804 4001
4798 4403
4715 963
5525 4194
5170 2912
1282 4726
1434 4264
708 1508
4196 1885
4863 1329
4981 2102
432 4099
4396 947
5010 4244
1835 4216
2857 5925
3562 3980
4501 529
4849 3860
4559 1242
5164 2028
5878 3727
3106 3883
5813 2985
3688 4929
4871 2649
4638 1243
4370 5821
5688 4507
2133 4773
864 5572
3427 1377
1566 5518
1230 2166
1556 5446
5950 3789
1030 1043
1776 2824
1332 5064
32 5164
4048 1261
3284 5963
3657 786
462 5274
5899 5374
2939 900
5307 695
2534 5347
2101 2684
3474 4387
2321 2239
3344 4508
4810 4579
3908 3146
3516 3305
2151 2780
1299 2866
319 4513
5097 5721
3968 4291
1894 59
3345 3063
3773 4813
5993 1901
1143 5744
3594 4161
2660 384
5541 4570
829 5523
3054 624
1616 3223
4161 1455
4806 2205
5946 8
4153 5349
3114 3247
832 4237
4085 1727
3479 55
751 3987
322 2348
4471 5311
4970 756
1710 2219
27 3356
4163 5541
4791 4061
5234 4407
5336 4368
1521 618
431 3301
51 979
4290 5539
2908 3926
3579 1259
5645 3302
143 737
4556 4345
5314 4802
3571 1463
3866 3479
3613 3602
1600 5537
1698 5768
5812 2158
5865 5861
4485 4027
1344 2272
3916 4126
1348 534
5752 5261
2399 1367
591 2505
5493 1430
2086 5843
5628 4950
5701 2284
4293 4985
2071 4384
4164 4585
5211 297
3328 1001
184 3440
5066 4646
685 3560
4576 4315
2683 2159
1362 500
1442 4891
4739 1046
3482 376
4829 2957
254 5840
5470 1035
1070 3701
4474 5158
3238 5179
4758 5988
3478 4944
4504 4480
2277 3013
4835 249
5148 1406
3319 224
4616 3498
5780 4282
4207 2328
4818 1074
1869 3221
1098 1790
1676 2810
3365 3477
3704 2594
3220 5759
3921 1947
417 2352
876 3007
5368 319
3749 2727
2851 2353
5724 1172
3851 2373
2460 4274
4281 3359
1994 5147
4811 2451
4017 2368
4488 5962
740 5953
2474 2433
213 3134
317 3982
279 5673
4888 1208
4978 3002
5395 823
2196 1335
4158 5505
4933 2228
4429 986
1977 5623
5267 168
5587 5708
1543 4454
2404 889
1286 1308
985 2173
5457 1198
2917 1709
4988 5865
2514 4658
4300 3697
4788 3741
1033 3355
5126 3461
4773 2871
5108 905
5895 4175
5397 2115
1113 1743
5592 3700
5012 4319
2675 82
1815 5376
4253 5790
2479 2463
857 3077
2518 244
2382 5663
664 1344
3045 3923
2286 3268
4589 215
3812 213
1301 2274
5776 4741
759 3896
2854 3242
5499 3097
2040 5243
4639 3895
778 2771
1205 4349
1 4242
5685 968
5017 2806
3778 815
95 5599
5695 4046
4431 2163
2411 2029
242 3158
455 3870
1967 3603
1458 372
5727 1754
5569 848
2706 536
1959 2354
919 1113
2004 5230
1295 5519
2800 4613
4911 5301
5286 1654
2543 5549
3458 3640
3568 4217
3844 961
4915 5836
4494 1357
3196 4705
5 3254
159 2917
2084 3515
3340 5775
5602 5883
5970 1878
3980 5517
5860 4551
1490 3809
5228 2808
3055 1827
47 2943
3222 5952
894 2020
2083 582
335 4791
2682 3968
4934 85
3877 287
2507 4473
3864 15
884 1120
285 2474
5064 103
1488 5525
385 935
297 2357
5425 4839
4082 4745
3160 2617
3856 2286
5504 1781
4415 1042
3050 547
3709 5256
4497 1469
1256 3512
1579 4376
4195 4940
1604 2766
5519 3018
11 4530
5202 2356
3512 5337
333 5202
5133 3291
1752 4661
612 2646
1640 1599
5495 4792
4229 3720
489 4758
5969 5252
4433 3017
5353 3828
5259 4483
396 3797
2694 4378
2115 3739
112 2396
5090 3160
1109 1425
2405 1105
2521 3887
719 2550
362 2749
990 2707
4363 5105
753 3857
5205 5899
5269 184
97 5354
972 2051
3763 2435
963 5142
3988 1010
270 5133
3938 4128
2373 1489
4279 4211
3252 5720
3914 3657
2268 5886
3000 4389
2054 3325
5619 4531
599 1944
5604 1447
5945 2504
754 698
3179 4923
3652 1201
4043 3395
5247 1341
1519 3334
5011 843
4891 2144
801 5513
1363 155
1729 4575
5907 5622
1272 1507
4254 3585
4310 4037
4757 5702
4147 2313
3308 4527
2986 4506
4668 1955
5317 5024
5467 2143
3126 2975
2091 1988
636 2877
1632 2597
2351 1868
1837 791
346 3799
5986 5684
4846 4300
2089 5481
4166 2557
3436 5800
2523 5615
4099 4298
628 732
1167 2014
1708 1772
368 2246
214 985
1032 315
5276 5027
3625 2870
2793 3593
4398 2042
284 2602
274 479
3653 938
2803 284
915 152
5149 4673
2473 3043
2031 5407
4124 3669
1786 1910
1628 2690
1199 2322
3185 5111
2679 3784
1895 3520
3852 1349
2312 231
3747 971
1320 4240
2595 5157
4690 3889
2145 1263
525 3180
5847 2539
3635 5247
4783 4333
2343 2151
4384 1475
1239 2945
634 3984
5052 4855
1983 3260
5914 1589
3834 2856
2567 1292
4427 3667
3661 4452
5957 1280
2577 2995
604 3577
2539 1444
739 768
3279 1536
2316 2933
3084 5159
4824 4821
2081 3736
78 2059
3960 4974
3352 5573
2715 677
239 5471
5398 5034
3809 5693
4418 3035
5436 1669
4450 520
5818 2556
50 1956
614 585
2867 4032
3488 4312
2525 5223
704 263
77 4582
2891 3965
2536 769
5264 3812
2545 3630
1310 3427
3465 2548
530 4359
109 2873
2039 4463
929 1818
3658 3497
2383 4933
1219 4573
5545 1316
3621 1350
4986 744
3529 3819
3174 4885
5483 371
1780 1331
3270 523
1357 1108
638 4010
1528 353
1548 3749
291 3950
4067 654
1185 4594
2756 3694
5480 5841
1916 2269
2898 5718
1761 5948
877 4334
172 621
2126 1605
4097 4437
5006 4475
3339 1325
5556 1050
5792 3293
4352 4497
5187 3061
2334 4882
2725 5057
5839 838
2834 421
642 4826
5069 2425
3730 3527
548 2221
3690 802
991 1328
1188 2858
5067 2503
575 1117
2166 781
2973 2224
5146 281
460 1619
1862 3402
338 3721
1017 2408
3260 4101
620 1959
3752 554
2870 3795
4443 2654
3039 1866
2799 3955
2055 5085
4908 883
1014 5607
1358 3058
4546 5419
860 3450
2030 285
5335 2939
4009 3587
2371 3964
4675 2845
1019 3421
1998 1547
4059 4083
2396 5410
1145 5203
5624 1369
1530 2524
4607 3702
163 4362
4216 5993
265 4805
3539 1194
5198 5955
496 5069
1369 4807
2563 1506
797 3294
221 2007
4470 4400
5076 2148
863 1549
4935 1764
4296 2940
5953 5764
3632 3312
4587 2850
2063 305
1614 2331
2552 4206
4138 5403
2786 1465
2148 3716
5621 3177
1762 3382
1164 3431
4678 1098
702 1791
1506 1122
959 2583
3139 137
3950 357
5475 1544
1669 887
5178 5168
2451 1913
4330 4694
3686 4033
848 2688
3731 2240
3828 5930
1867 5494
5347 4045
1401 47
803 665
1892 2694
2116 4487
1995 5196
967 918
484 5908
312 5655
255 4369
3735 4934
1713 2445
2135 1731
838 2133
349 2581
4272 4746
1031 3691
5611 1253
4219 5566
871 5170
3843 1221
5284 5665
1317 5651
2813 1891
4283 5670
589 4820
1571 5156
1024 2892
2735 3665
2695 2935
1742 1033
4280 2896
1756 2591
89 381
780 2312
971 21
4659 780
5182 3451
5365 3214
4898 998
5815 2733
648 912
5300 4460
4738 3607
1038 2121
3028 5769
1245 3447
1482 3994
5588 3313
2119 1386
1083 2344
258 193
4337 2233
4237 5977
3663 271
3353 149
15 3699
3003 377
5858 2613
1718 1057
4098 1564
4208 4321
4055 1670
1872 446
4188 3086
3439 4634
1075 4228
3917 2513
4744 1519
3969 5411
5961 5536
2652 5239
2121 4502
2930 3957
705 379
85 37
3770 3562
4985 5242
2221 447
4865 1384
287 3387
2215 283
345 1518
3726 1148
5952 4283
5581 3623
1300 3790
4111 4218
2048 3745
936 2659
3456 5569
658 5928
5784 5109
885 1162
4015 767
1812 3875
1580 4767
5908 1076
1591 1354
2952 3631
2724 5392
5190 866
2158 1975
457 3426
5381 1643
5896 4722
1421 4353
3136 511
675 4978
711 4018
3577 5113
269 5751
1811 2009
4326 5455
202 84
498 1860
2747 5874
4473 5863
527 721
2640 3425
5015 5914
4947 2424
5272 4135
5271 1000
1845 3416
968 1685
123 5603
4992 2339
4685 2889
3928 718
5655 2385
5720 1234
4353 3829
2447 5618
5637 2946
2138 1604
2878 808
693 2596
5923 1577
2413 2565
3803 5563
3384 4470
4021 2400
785 5499
26 5526
3900 4706
1605 2534
292 4269
5345 1417
4203 5074
1330 3880
5635 5422
3058 4836
5394 5740
5829 834
5990 4682
3040 3082
5972 2496
3831 1291
1347 4967
3377 558
3923 5735
4123 4102
3702 1831
129 4311
905 4990
4305 4598
3342 459
3528 2573
5530 3545
2483 278
1939 1942
944 5144
5261 2642
557 862
5626 2459
3682 795
2239 1217
412 5149
2808 2629
1899 4348
2175 3496
5942 5544
5473 5478
121 5879
3082 4468
3794 1551
1207 2418
3027 3859
3393 4073
2723 5738
4960 2106
1589 919
4565 5937
1193 3863
4799 5309
2670 4013
4090 5297
657 5334
4505 2355
909 3622
1111 4082
3373 5492
582 3508
5245 2714
3666 323
4297 728
106 4671
2558 604
3978 579
4932 499
2355 4456
4388 4964
3607 903
2617 176
2015 2660
3535 2798
2797 5415
3099 1656
5743 2264
5433 2006
5477 3616
446 3952
4181 1247
3521 5628
2463 5808
1544 1397
4509 3054
2997 4517
1099 512
5295 4680
5331 3187
4223 4699
2098 1223
5980 125
602 5397
1053 5530
1445 5627
298 880
4961 4784
2234 1004
1341 987
3678 5327
2389 3351
2866 4143
1232 5146
4484 3165
760 1232
1189 2644
5430 3393
2848 443
3993 1833
1060 119
3209 1777
1864 1372
1722 5272
805 3672
2635 632
5857 3239
1750 1496
3318 5621
2082 3910
5019 4393
4680 2936
2897 5330
5742 1787
1973 414
1747 5093
1437 5321
5731 5118
4980 4669
2914 115
1907 894
3681 2906
1479 2792
4831 832
2708 3510
316 1803
4324 1412
2269 3361
5607 562
5680 758
2862 1363
677 835
699 1480
5974 3541
2446 5634
4456 1515
1039 2160
4820 1228
3256 156
531 3205
4179 5678
847 3628
3622 2375
3186 5161
2984 2409
2178 1293
3337 2142
2152 3037
428 5180
522 1248
155 1342
3416 4721
1522 4106
5719 2262
5063 3960
2992 2855
5201 3476
2043 993
2765 3750
3287 3710
4714 1532
1443 4905
622 5317
947 5710
82 2930
5131 5904
4600 3485
4468 5901
3257 595
4365 349
5360 2034
3103 2648
1169 3536
4426 1661
2996 1250
142 2709
5706 5600
5450 2511
2555 5165
3418 1853
5937 3652
343 1027
1000 4796
2847 4823
2255 4691
5199 5483
3362 2287
3108 4793
994 4917
3324 1359
5925 1157
3975 3597
3824 1289
3826 4980
2718 3620
4089 3921
4653 5819
3944 1510
1224 4047
389 2941
923 3374
5139 1476
3120 3270
3411 3573
721 2519
1333 105
1054 777
5311 5620
3995 493
996 5839
4202 4166
2589 5191
4376 5193
4001 976
5181 1932
313 3810
1436 5923
3677 1660
2125 2970
5820 1197
3586 3609
1450 1186
1802 2023
5003 5082
197 3534
526 4186
1278 2338
4708 716
2561 2201
294 2909
144 724
3286 5900
5934 327
2249 4326
467 649
3158 2563
2959 2838
2653 488
4244 2711
135 128
631 4249
5754 1888
3035 897
273 4443
3618 642
4037 70
141 2056
2123 2190
4963 5019
4289 3518
4884 104
5171 5558
1375 1657
2893 2698
5874 136
5748 667
735 4595
1411 1816
3440 1391
5088 1651
1268 5504
2107 5974
2303 4877
1970 2962
3006 5307
1198 757
5376 4199
5375 1843
5717 1911
3104 5390
746 5671
587 3692
5033 4455
1116 2712
2874 4850
3876 5037
1316 4203
2593 816
2634 1972
28 5254
2658 2606
2342 4392
978 1897
2280 1646
2811 5850
540 2661
2833 1778
1771 2908
3719 5771
1515 3796
4285 4884
1366 5266
1440 3311
5313 5584
3814 4769
3878 3599
182 4355
4991 4257
2092 4420
3825 2568
5693 1473
136 5766
5648 5689
2492 3629
4989 5813
2742 837
5553 2174
2580 878
1847 643
5561 1953
4316 475
2825 424
3372 1442
1517 5809
1148 3563
4033 467
2458 457
4972 2001
5316 3342
2493 1675
2568 1954
5150 4104
2796 5497
5123 2047
2922 1168
3041 857
5432 5080
5555 2058
3854 2261
4368 5285
4620 3566
2868 5716
4268 145
2326 1667
3965 311
3404 914
1817 389
3123 266
1100 1728
1730 2012
2478 142
5183 398
1288 1356
2324 4924
3231 5188
406 1567
228 4052
4801 4564
5577 1673
1313 5754
4665 800
75 2070
1581 4951
1467 5172
5298 2296
3885 4549
2972 1298
4345 4559
571 2046
1168 5187
5405 5434
1759 1997
3325 2360
5120 2953
5793 5905
400 2821
5909 3679
4445 846
120 700
1069 2376
5367 3680
4905 147
5112 4009
4670 4071
3630 3550
1255 5134
5881 5222
3887 4652
2046 546
5943 477
1285 5449
1087 2358
4115 1494
308 4367
2748 3135
3504 2458
4241 4610
1079 4624
3429 5244
2662 3126
5935 981
605 348
5024 871
2033 3969
2510 5495
4923 564
195 1373
4106 3209
3823 3916
5428 5981
3032 2894
325 4798
1804 638
1408 1008
2070 851
2530 350
4698 4954
1283 2589
1235 4183
1172 5491
597 3446
4038 5050
4550 3338
4854 1326
5534 4995
3285 2456
4069 2784
4083 4093
3871 5128
5590 2473
5498 2986
2354 2772
3881 1725
3295 1796
3012 3853
5447 923
4583 3752
2263 3877
4339 4554
5250 3437
3250 3360
382 3080
2918 1864
5989 5831
1154 3179
2915 1984
5584 1338
5859 3067
791 5328
1166 5215
4276 1847
1745 4213
4896 4339
2245 3872
2307 2316
1670 4346
701 2804
660 1270
3264 4050
5018 1115
1552 5677
2877 2189
1107 1683
2659 5586
2846 3869
4584 544
2192 2742
2501 2025
1912 679
843 844
3942 378
2113 426
593 2507
1103 1225
729 4949
3379 4192
3421 2307
5038 5235
1739 3653
3820 374
2398 5598
757 5835
2201 5748
3057 464
2879 245
380 2500
1568 4140
911 921
4931 4829
5904 2768
3797 868
1597 3776
3024 1299
3271 251
1430 2317
1058 3480
3249 3469
5516 5005
2242 1084
4103 2560
1695 4606
1520 2314
4394 4524
2102 3297
1006 3686
2465 3548
5031 2125
576 5846
889 3556
512 4522
4864 5626
3010 955
3638 4022
336 5983
2260 2015
2144 1333
4836 4481
1271 5575
5699 1025
5377 4521
5355 1092
5122 2686
3595 4926
222 738
5644 5404
3400 5460
931 5649
5204 2016
2705 4794
425 1971
5341 2790
2649 3707
5239 3349
3692 3475
62 5417
2767 3500
3501 190
4213 5556
2852 1570
359 4577
4756 801
2230 3286
3808 3927
932 4566
3815 3778
4423 2
3131 1078
5735 5842
2332 5435
2418 179
2112 4341
3452 3579
249 38
58 581
5788 4478
1557 4307
4399 563
4767 5652
1797 2414
667 383
1541 4279
5292 2349
5346 472
2701 2817
5179 5849
1648 1230
1969 2275
4889 1305
851 5094
635 364
2849 3685
5323 5437
1886 4600
1814 5406
5850 31
3922 2861
714 1371
2716 1998
235 5562
1343 3213
4528 4785
196 5386
2128 4451
453 3272
1041 3547
1346 5095
393 2085
4328 1671
4548 5218
5665 4642
2149 5704
1567 4925
1072 5451
5310 1125
2651 5640
5177 4024
717 4381
2520 4100
5155 5512
3745 3413
4464 504
5769 1061
1131 2778
1697 5325
4019 2773
4012 2008
3644 5507
504 2050
4052 5601
3426 959
2734 5143
5451 4144
3111 680
320 5691
3398 340
3816 2426
1987 1807
3148 538
2361 3258
206 5345
424 2558
482 697
3905 5047
3051 3618
175 2577
1470 1239
4875 2236
5231 3918
2428 4222
1873 5703
3683 1028
3248 5298
2485 2794
3237 1352
3408 4612
5741 3176
4236 4477
749 492
157 2561
3697 2099
5870 766
2356 121
4815 3493
1303 5940
1925 603
5798 90
5266 256
1584 748
4840 3940
12 3977
211 2942
3836 450
2947 4740
207 4837
5045 1775
5028 223
1661 1358
3454 1379
2606 174
2482 975
4642 1702
4288 2136
2132 4200
1498 5946
1102 2902
5694 1031
5208 2521
3536 948
4938 71
600 3237
3368 195
5085 619
5510 2147
4913 1677
1555 616
4539 1965
5445 5926
2430 1097
1451 2536
1368 572
70 2762
1253 1479
3961 73
1473 4772
5767 1642
2422 4865
5843 5579
606 4488
4656 4957
152 18
1263 1684
4573 5324
2689 1598
166 4770
5751 3038
1664 4803
3781 3327
4821 5009
2345 5466
2700 1794
2656 5227
1928 1524
2072 4053
4786 4822
2423 3626
2907 4611
5232 4631
816 3095
3251 3482
18 5632
4259 628
314 2234
3721 692
5911 4795
1914 5350
5746 2846
3580 1095
2994 286
3351 623
3627 5644
3509 995
1981 5629
130 3728
4263 2332
1985 4514
246 2775
5110 3524
5023 3935
4291 3186
5757 5450
2391 1044
5070 1585
4257 1383
5212 3561
2236 9
5321 713
194 2114
2339 2156
4772 4088
4349 4777
5270 3879
4439 2372
1693 5126
5251 1933
402 144
1950 5173
1023 4969
2264 4515
4126 4904
2985 1438
3865 972
1214 4238
4969 5736
4150 2381
1921 1611
3314 5585
1016 4108
5912 715
5280 2843
4192 4747
3213 5695
1570 5453
2828 4489
1101 3885
2384 4892
2859 2479
1609 101
2814 3606
1309 5268
5883 1437
2445 1618
2426 5664
5446 3581
3722 5022
46 5987
5801 3335
3596 5980
1138 4544
5552 884
2313 1477
3703 3843
4955 77
4060 3358
2733 956
3979 3147
5116 2113
5547 5318
2417 3811
3597 1314
2065 4684
3125 4008
2181 4875
1829 338
1497 2134
3729 2112
1448 1650
4742 1483
1558 2664
5933 2618
231 3770
3642 5533
356 1026
93 1468
5098 4883
5929 2140
2856 3246
416 2235
4256 3914
1287 5639
3687 2829
5932 853
1409 2443
4075 1094
2060 2702
5876 2370
4775 5323
4212 1260
3772 3275
4091 1614
399 4768
5077 3141
1937 257
1141 4663
2730 2509
2570 4742
4299 888
3205 4250
116 5432
5042 505
295 4584
578 5913
5811 4066
5692 5909
2966 5081
4999 3189
2921 4668
1913 5918
1931 1290
2697 4388
2195 5013
5897 3384
3313 1144
700 5253
669 23
4503 4899
3838 2598
5371 3357
1783 5267
555 5682
3691 3821
5755 1924
2154 5336
1158 4041
5608 4120
4859 3046
4599 3862
3600 4736
43 143
4710 1402
4045 3409
169 4782
3355 202
3347 3660
977 2053
17 2268
5930 1663
363 7
1262 5641
5778 4503
2250 5960
1828 3817
1622 1058
3119 3190
301 4788
3467 5089
354 714
4323 3766
3127 35
74 3399
4247 2074
4107 2905
2157 3624
1849 4861
1389 2984
3605 2928
1827 722
2839 3386
2911 412
4682 4696
4519 150
29 1884
523 5151
836 4060
3650 2763
4907 209
676 1957
303 48
360 2582
4304 484
4603 4040
5906 2263
2287 2657
256 2410
4477 2770
3671 5755
1887 5097
2605 3433
859 1987
5978 526
3275 2202
4804 1801
2291 2590
5144 1009
2529 2956
710 5008
4088 165
2443 4601
3875 4191
2777 2194
4142 3463
1379 3604
5462 2256
5810 5543
5096 690
2836 1919
5080 461
559 4928
5745 182
1267 3769
5359 1062
910 200
1945 2460
4876 1641
404 4428
3021 4251
1191 2767
4448 4306
1246 4851
5872 3846
2999 3771
485 1622
2631 1527
5825 4781
1796 5712
2003 5597
1593 2544
2912 4942
5004 4664
3557 3079
3505 980
4803 5138
1280 5679
4627 2608
4490 4156
1633 5848
1822 2318
5460 5115
5947 4761
5841 2734
4266 3816
1478 3310
679 486
2029 1041
1066 2610
4250 2882
5698 2785
5803 5315
2504 1812
5660 4676
4869 5442
3554 1537
793 5686
4078 3848
5563 1431
3718 3348
5115 4830
3098 1766
831 2399
3589 1450
5429 5399
1680 5176
173 2049
5440 2152
2161 2708
1769 3010
1716 2054
2816 550
5209 3552
1206 4528
4498 4555
1007 5211
786 4457
4454 1268
2500 5638
3147 945
73 847
1768 1629
4703 2295
271 3807
5578 2863
4413 850
1391 2730
1634 1403
907 2403
1784 719
1042 1224
3578 5122
1197 4320
3957 2813
5486 5040
134 1251
4936 5384
3891 1845
499 5645
5681 4286
2707 395
3354 199
870 2764
2027 5528
4336 2098
4128 560
1396 2949
2957 5531
1334 5123
4515 1513
4761 4732
5610 1399
3221 3523
4136 2893
2214 4414
1480 5132
3289 328
515 5521
3510 5707
3714 3076
3116 1296
5520 30
4047 4078
1940 5007
3971 399
1919 4390
44 5709
4605 3925
2826 4235
5037 2150
1594 4077
3188 4153
5733 4916
79 1063
3392 3824
5094 2978
3587 513
5976 5999
1393 3407
5562 2716
430 2243
1934 637
4132 3408
405 5934
318 2067
2376 994
814 1861
1678 3490
3387 2588
4392 5496
744 4445
4344 4350
4428 5423
3343 3119
1134 3777
4286 4886
3612 232
300 3471
3882 1055
4878 4230
2974 1825
4404 2929
495 693
4108 1209
980 710
2186 2966
503 5997
4843 3000
1855 2969
474 4519
1029 686
477 5582
3321 3231
442 2552
2564 3703
3698 1627
3118 4072
2114 4653
4224 2390
3558 3457
2591 552
2058 2022
827 2508
5485 4567
4459 3533
2077 2453
3184 2276
3615 4565
1908 4516
3624 764
742 882
5022 516
5249 4930
4309 2289
2513 2279
1123 203
2824 4447
3175 1505
328 2420
2363 3389
3981 1905
3532 1887
4385 5153
4971 5194
2559 2738
4924 2691
3919 5306
5971 4560
248 3588
3299 2701
4284 4038
1080 3298
2614 5576
2229 3851
1911 1210
3455 259
4120 5804
4861 5369
3680 2585
2057 2104
896 2725
5418 2601
3889 354
156 3773
2330 2306
237 307
3617 1161
3096 3788
748 1979
371 4912
4612 5880
3192 5659
4414 4280
2419 5314
4802 2921
2713 3505
436 1441
920 1562
5836 1751
5319 4864
2942 3744
4987 2103
4354 942
2434 3253
22 4590
3930 5724
1419 4005
2578 688
2226 1560
5385 3726
40 5220
626 330
5536 860
4940 1053
3417 4169
4131 4491
4694 3737
5437 1880
259 1458
519 3647
4141 1056
4231 5200
2075 3487
1727 2346
1968 671
3011 5524
649 3912
1435 2490
1250 2514
689 3961
2095 5169
4053 3845
55 3646
2194 3855
941 2705
4950 4086
3933 3344
5163 5894
2388 5844
3894 1723
2317 528
5697 1992
1662 5750
3591 2731
3230 3698
812 3178
4779 5217
2805 20
789 192
3526 3170
2442 134
3197 3290
350 4867
1037 1826
3936 3695
5333 1067
4416 1922
1646 162
3207 5972
752 3913
3149 925
592 666
4380 3612
5524 1294
852 3111
5609 3
2817 1882
5828 4163
3009 3693
2823 2801
1404 2491
731 4017
387 885
724 4055
115 1018
2532 1652
4621 2311
3819 3569
452 5469
765 3026
5140 2756
842 2948
5614 674
4020 3245
1854 1742
4825 2899
1276 106
1674 2086
4444 29
5712 3039
5927 5048
2177 3401
4841 4968
2641 5660
3695 1275
1961 3654
1675 468
4635 4262
718 5532
3561 5250
747 1699
5529 3248
774 2172
3639 3850
168 1653
1052 4735
4669 4525
5580 4643
4093 703
3210 872
340 630
1843 123
4529 4058
2367 1276
4422 5464
3563 1170
42 2828
4221 4816
2749 3978
3593 5033
4242 429
3564 527
1997 320
3886 58
372 681
1124 661
2768 1364
3383 4501
5009 5696
5393 584
969 4649
1432 3886
8 2078
4614 3108
5490 2651
4406 393
5240 1520
5474 2751
1487 5578
4040 5484
5832 5162
1381 4402
4343 2010
872 3318
1601 3808
49 1355
822 2416
3926 4095
1816 5776
1963 5425
3401 5882
3611 4966
4979 406
2815 3687
2416 1952
5596 3332
3333 1066
4994 5117
1740 4711
3462 2575
2890 2380
3403 369
2171 1216
305 5473
2315 3055
5901 363
1117 4114
3194 178
2279 411
4661 2452
1182 907
3570 4632
5737 4207
2937 2854
2056 455
3046 5236
4243 2923
5020 1409
4706 3842
674 1996
3386 1136
4551 648
1535 2341
2241 3430
366 683
3713 296
2751 4648
5101 3529
5415 3637
2183 706
4502 4318
5765 5730
5487 4317
4491 2951
2021 5348
2281 4476
2575 5249
4618 4856
478 5752
4640 568
2720 5026
2100 3735
3741 5998
5670 2094
2547 2981
3810 3944
1792 3030
337 2178
2822 1088
469 1931
4575 2441
839 4569
158 1750
3105 4907
2370 2769
1153 4979
5616 4352
4029 448
2923 487
3223 4329
1539 5936
4667 2108
3033 2619
2414 5326
4651 567
3948 2692
5358 4614
2690 2438
2782 4364
1388 3257
4726 127
5873 1103
4615 2095
2480 1142
5290 4776
2213 67
2812 3586
2524 1620
4917 4289
5814 5440
5641 4021
2622 2252
5686 3959
5711 3822
4430 3363
3297 1244
5407 273
552 3397
3785 3206
4792 739
3765 5248
4858 1153
579 4975
928 5486
1265 3532
3425 4485
787 2248
5625 1602
4643 4130
966 1193
5421 2639
3746 1374
438 4748
4050 2363
2771 2897
408 4209
2574 4800
1403 437
4781 5016
3541 1274
697 4715
226 1929
4647 4181
5871 4786
1084 2526
2276 52
703 2439
2328 1792
3229 501
3475 5715
3247 1776
904 1636
5891 4337
3853 1279
5265 5101
1068 2677
1269 1681
2124 530
5506 4474
866 5208
5340 4405
1372 5590
539 4332
808 4872
2009 749
3774 4202
3378 241
190 3323
440 1073
4945 3274
4401 1052
146 1464
3631 4215
2466 1994
3967 5714
5455 2545
3590 4806
5305 5729
2216 3432
1976 5373
1328 2831
3218 2529
3065 927
3017 2723
4649 4992
2301 745
2516 4397
5630 5076
183 1146
5785 4797
5664 2342
692 3491
3073 2638
5289 1779
3282 2411
1502 2072
5448 2736
2105 5088
5299 1304
3334 4435
3037 867
1888 5503
2408 2815
1227 4012
1055 4587
516 4068
1773 1327
1427 928
3173 5262
5390 4111
811 3103
2293 1068
5151 2137
4084 1946
1177 5508
2619 2469
601 3564
4657 3971
1312 4148
1127 5199
767 3676
3088 4208
4000 2181
2860 2699
4838 1086
2053 957
3094 3306
443 1621
4794 2549
696 3917
3757 809
2488 2297
63 4543
4534 4110
2225 4098
288 4395
456 1842
3604 2761
5422 2924
5113 4894
2741 5178
3245 2026
3490 401
2719 4903
3849 4231
5941 217
3070 962
5104 4134
4087 4419
3476 68
3915 1753
353 294
5535 4814
3363 1862
2448 3765
1483 4152
3151 3825
4442 4448
4307 4155
5237 5873
5632 2210
5576 2609
5041 2090
4210 4962
5132 1429
623 5970
2654 5643
1927 803
2646 1029
5834 4602
4648 4430
2550 3760
3187 2422
3592 4857
218 5183
2585 4466
3078 929
68 1200
2673 2467
2406 5102
2704 2998
2661 4142
2044 3696
5103 2257
1352 1240
3582 482
1449 4049
3182 183
4895 1051
3177 1181
4407 4089
3791 3375
3909 4932
5983 4092
386 5129
2012 1400
5824 2377
762 6
3406 2244
883 2055
1778 873
3193 317
3206 2624
5617 890
727 2304
713 761
1496 5271
5472 3378
2233 4620
4537 1021
1321 2569
5434 356
3495 246
5968 2972
4808 1266
3651 4665
5618 2971
1130 5221
2386 3199
4478 1485
684 747
3602 2395
4027 2192
3895 132
2222 3121
3113 3818
5687 1596
1657 540
5715 3468
5548 4465
4262 3938
4073 1332
427 3023
1074 3339
3101 2990
4976 3553
1538 1918
3673 3255
433 5737
101 3336
5838 253
804 5778
1027 2325
1013 3878
5959 1628
4848 3873
5029 42
3460 2457
1611 1963
537 2122
2372 425
2346 1523
1856 5470
3583 4195
2327 2650
891 1522
2292 2747
3567 2753
458 1531
5263 2696
4036 3353
4271 3985
4578 4069
1290 460
1920 1283
7 2722
2464 3373
5603 2212
5220 2564
5888 5898
5186 5219
5915 5225
5013 2881
581 2319
2248 1591
3748 3613
4412 1647
1202 3333
4018 2497
3662 5145
4514 2180
1410 5226
3444 4897
4184 3106
2490 4246
5496 521
3520 1462
2305 1375
2129 5685
3610 5583
81 3423
4436 689
3457 1414
2185 1846
4238 3276
1147 1241
5673 753
4177 1321
3180 157
3331 1317
1623 1581
4877 1037
5301 1736
260 813
200 2853
5992 3194
5325 2832
60 611
3946 3976
4030 4504
4872 3834
4520 3558
2431 5676
3 3280
528 3112
5057 2097
5855 1594
1618 4596
3893 462
2681 3163
268 3381
2424 3826
2202 3979
946 4902
2146 1081
4320 5968
2454 396
178 2793
1717 978
4753 5383
1980 1499
2721 2413
3676 691
4081 3584
1093 1451
358 917
2469 3057
1613 2068
1453 2149
1423 5401
4419 5091
772 2669
4561 370
4217 301
588 5876
2936 4354
4887 3449
5468 5136
5366 5832
4920 2440
5362 615
5819 3367
4508 4059
3896 3866
1095 3470
3374 5939
4160 2938
5515 158
4527 5545
2289 1334
1700 5761
1238 5182
2238 1797
2111 1343
3395 2872
4850 1277
4046 1561
1387 1087
5831 4994
3830 5858
5677 685
2827 1091
4604 5557
3929 1182
3241 470
3399 5791
5893 2038
4611 351
5092 5175
3063 1566
4379 4002
3172 3092
3306 1865
4760 1739
2347 2387
1176 5365
5282 428
4058 3288
3246 306
2026 5765
5862 5630
3522 5580
1986 3143
3449 415
4778 36
5851 2879
331 5472
1474 5732
1386 5807
5639 514
2319 299
768 2258
4424 4382
66 5823
4518 5896
5643 3535
2582 4496
494 5672
2945 4827
5574 1722
2282 2904
4672 694
2910 1714
893 2540
1485 4159
1719 4145
821 1967
570 594
1636 3907
2511 4876
5461 1710
4189 5662
3117 3385
3451 596
3159 451
5570 5071
1318 4416
5268 1548
513 2167
976 727
5058 111
5890 2031
1801 3154
5174 2005
64 32
1699 4226
3291 4931
4506 5125
733 2579
5903 3956
3796 1238
2187 1411
5666 3684
5995 275
289 291
1932 3502
398 4188
5920 69
3670 3128
580 640
5964 964
1684 5944
1128 1829
3165 292
1805 2795
2831 2907
2845 3600
2744 2535
5050 2520
4461 1889
4813 3315
5880 1900
5954 2566
1018 570
492 3922
5998 4241
1617 2781
4109 5063
2913 653
5713 2013
5014 1099
1839 5920
1906 3970
1270 2967
45 2807
2298 1432
373 1936
1901 5739
2732 2901
5283 4511
1656 2442
20 5229
3052 5877
5107 2391
379 5382
4768 1309
3062 2818
4342 870
3829 333
1513 5213
4823 1762
1692 2139
3560 5624
5513 828
153 2179
4701 3915
544 198
5106 3415
3122 2213
1947 4146
5705 2450
4397 4196
2616 590
1732 2265
2807 776
5277 3492
1944 4848
2278 5667
826 1943
1991 5467
914 2066
5887 2656
2348 3963
2395 355
1936 2444
5224 228
2308 5251
5392 3583
311 130
4449 4248
3176 5975
933 1196
4826 1760
5049 5233
4070 5058
4688 5099
114 5591
3215 2417
2169 5516
2610 656
1860 2024
2173 240
2052 3601
1340 1837
4039 5228
1714 466
1081 3858
1840 2869
868 1571
4591 3473
5651 704
2471 3722
4530 620
2211 3663
2350 131
5867 4386
3884 5355
4230 1676
4968 4973
1011 4122
1712 1395
817 687
5330 3711
3581 3202
3448 167
5559 1624
2001 5717
5165 3328
712 172
2207 3139
1596 4937
2494 1394
1162 2169
1063 2636
266 1576
5805 1698
4308 3936
186 676
2491 1149
1439 233
3267 4986
1559 2570
1279 1763
2542 5812
3129 4157
4356 4708
3598 3020
4031 5722
1565 2996
2579 939
4225 4139
1859 1368
2231 5866
2462 1179
3358 76
4469 2197
5586 5892
1838 3674
1875 2080
4282 4849
1655 5698
558 442
5551 3195
2304 3204
769 5992
3725 810
598 3836
1890 2616
1092 3001
5740 2388
943 5788
2783 1928
647 5412
1774 1130
3762 5779
1380 1981
3674 3197
2960 2777
283 858
3265 3929
1382 4901
441 4003
2076 2635
3732 3814
2737 1809
2019 250
2352 3537
3548 533
1683 622
3585 4020
899 811
329 5372
2987 471
849 5112
815 33
3212 206
5844 53
4812 2859
2601 4956
98 2842
3983 26
3817 4505
750 3021
828 937
673 5379
4541 5989
3020 5798
1898 194
4975 2428
4822 1634
4897 445
315 2944
3244 4695
3898 3459
2438 2796
3326 3153
264 304
1665 4702
3623 5747
1905 1795
3254 2041
4729 0
819 3109
1885 1032
1009 3422
4252 4604
2079 940
5351 5152
1564 5666
4218 2693
1999 736
3164 187
4577 4725
4564 2516
4524 5887
1494 5986
4292 3772
1088 3645
565 116
5775 3003
5571 2825
2882 2791
5885 1003
1687 1378
1175 4713
2840 5502
1954 5787
3190 1199
1863 662
3685 419
1377 3509
3959 1503
4901 3990
1844 1064
3198 2290
5074 1872
296 1202
4697 551
3804 2130
1104 4295
1705 392
5007 4360
4174 4756
2669 580
332 2814
4479 1907
4258 5916
4662 4031
3477 5385
4590 5890
4264 4908
4386 2185
3962 1016
1071 2324
873 4492
4641 5051
2032 2109
3626 772
2323 812
1682 5395
3162 4042
1841 5614
3572 893
921 4486
4928 2117
219 3719
4785 1871
3200 27
4588 1312
3998 1504
5142 997
4921 2259
5075 4674
3312 4675
3061 4977
2929 1164
3519 4234
723 752
5469 5593
1477 5445
4151 3844
5846 2718
5389 5546
2676 5086
3659 842
4664 4733
5424 5805
2873 1821
1503 3383
5114 4229
2943 1419
5522 86
568 1799
951 3805
5771 3958
1433 5996
502 3069
1065 3903
5194 1079
4366 3173
145 4996
5119 4645
878 1822
4766 3659
1308 3171
5722 159
92 1123
2838 4117
2182 924
1893 322
41 3840
1064 5396
3079 954
4547 4727
3013 5368
2950 2175
3551 3238
2403 4065
2237 3830
2412 276
4234 3764
5111 4131
3292 4265
1254 4358
564 1440
2903 1177
5102 3768
1942 135
3470 1521
4248 548
1941 725
96 565
5674 4629
809 1664
1461 3638
5729 3015
5048 2120
518 2343
3925 208
1575 602
3869 2386
2549 4255
3675 5884
1026 57
5527 2816
5566 3241
2379 2476
3850 4149
2633 1183
1974 3704
5192 2069
307 171
3547 4030
5787 5065
5219 1856
5206 592
5905 122
3144 2427
4402 4198
4736 5711
2401 5741
4127 3506
616 5780
5781 822
5994 4858
3863 5947
1550 4287
5854 4946
1679 3798
1463 2903
3166 525
126 99
3459 3823
4580 2398
2802 1257
5736 4182
4220 2288
5936 456
4594 5797
5646 2164
4774 2788
5225 664
2097 1973
2927 2480
3430 5763
4206 861
5275 561
5716 5794
5233 44
3255 81
2252 4422
5078 5006
2340 2199
5414 5302
374 4603
4844 5212
3647 2554
2 3706
3081 2612
2603 2992
4346 3249
4918 2868
3827 1466
2244 3946
4544 4730
5388 4834
3486 1269
3700 5015
4145 5690
1972 2665
4927 3053
2285 2653
1630 4371
5055 3016
1751 5263
4101 991
1620 4670
466 4693
4133 4749
4983 4450
2477 3309
1335 1445
201 1962
223 3390
5791 1204
2621 1912
2006 1748
5797 1297
1706 5270
792 869
782 4641
391 1150
4301 1626
5065 4523
761 3087
1152 4356
5482 2721
3992 517
3940 4278
1858 1899
562 2101
3902 3611
2597 463
5222 4842
3867 92
3628 1788
3952 3343
1553 3949
1868 3761
5082 4377
339 988
4752 2127
3109 3740
755 385
3751 2083
5099 3156
4626 4187
2630 1428
4483 2968
4535 1701
1049 589
3629 4920
5281 2754
3112 4533
611 3217
1356 4537
5061 3947
3453 1645
2801 5121
694 5275
5361 742
4631 5364
3473 5942
3890 5216
2199 5910
5756 2481
1400 439
5402 1024
2503 4426
961 4922
1229 2126
4585 367
5982 1757
4357 712
726 5292
3382 1376
2190 4087
5900 4272
4870 1245
2197 5036
3130 515
595 4880
490 344
5631 4336
4531 5010
627 413
5653 797
517 2204
4754 3269
4199 5965
167 405
5807 2522
683 3815
4197 496
1789 4780
955 4900
1076 444
2755 5631
2886 720
486 5742
4687 1800
5682 4219
4249 1876
5051 1690
1236 2037
5478 1190
4764 5443
3266 770
5640 4162
4663 3874
890 1948
5612 1740
1677 659
4074 5511
1753 4539
4899 4019
1524 543
1292 169
3023 1688
1415 2958
3413 4998
3799 4592
5328 4961
3480 2434
1407 4273
179 1665
2035 4976
3949 1213
1142 519
4371 612
4118 2884
1370 3377
411 2741
5642 5004
2223 39
4525 1832
4582 1436
5689 2706
1561 3725
865 1189
4948 1246
4741 95
5922 3278
508 2839
624 3730
4748 625
3724 3651
4956 1756
5734 4893
4930 2214
4183 3582
730 3494
560 4704
4065 2623
4759 2247
212 5296
1444 3159
567 4342
758 4267
583 571
3049 4000
5656 2045
5406 3753
3792 5400
691 1382
138 5681
4375 1881
4925 4686
5481 1789
1413 25
4182 3116
577 94
128 2040
906 3110
2858 3661
1339 3144
5884 5938
5633 247
2931 4160
4451 5120
4432 112
4558 4558
5363 5954
671 707
5533 5108
4819 5837
2691 1609
209 1530
1984 2238
1132 668
4967 4440
5921 5514
290 1938
2637 3538
4601 1019
2018 984
3204 5409
666 438
5086 4810
1930 4765
2626 2492
625 314
4176 3322
4110 2947
5027 3282
1957 3212
938 5055
2037 545
5658 1457
3619 915
3002 1258
4623 2620
3303 2436
2864 2327
2150 2994
3927 1288
5454 5290
251 908
4610 3346
1857 5872
5193 5075
5882 5893
351 3345
9 3712
2155 19
376 5282
1326 2217
4201 899
4351 3304
561 4683
4393 1272
3074 1559
572 1396
5589 3709
2753 3905
2329 1940
6 1167
538 2191
2770 4847
1486 1015
3025 2765
4632 1877
3390 4076
2806 3664
651 5728
1184 2682
2505 2802
3706 4151
1137 876
897 2096
1302 1160
1077 3041
5822 1039
2588 5474
4904 341
124 3619
1525 1410
3833 435
5463 5119
1996 4380
2247 2728
210 4605
3855 5426
250 1886
1831 4510
545 5811
2449 965
802 606
4628 331
1183 252
5532 5701
2069 1040
3029 1159
434 5642
2754 5313
5238 3688
5026 5753
5544 2208
1767 4981
3518 2165
4156 5463
3471 3747
4200 1892
3753 5056
4833 3888
2650 3610
5783 2223
970 773
5136 3800
2459 4593
2440 609
2140 3522
4965 5054
261 4970
2764 265
5005 1151
1082 3648
2970 5719
2594 1733
4064 3516
2989 4373
728 783
5591 3372
4892 4542
4828 3608
3048 5381
4311 96
2062 1706
3694 4755
3389 4887
3798 4014
3870 3090
4563 932
3375 1178
4458 1517
1086 4863
3446 2082
3911 4890
960 3542
5650 5286
5229 2641
5849 3605
2895 83
573 3042
2821 5969
1228 3920
2302 953
4722 78
5671 1318
2080 5185
2819 4750
1157 3456
925 2393
4691 1047
1218 1449
3739 1139
4499 1613
4977 1939
4747 3341
1277 3118
3008 1215
2636 4154
1746 5647
2253 5859
3542 5810
5723 2637
3767 2687
39 1456
2174 2634
304 5551
3515 3074
118 2415
3575 5542
1917 503
1902 1773
4724 1724
5072 2495
1672 1235
5823 1080
5227 1686
2393 3011
5939 4085
5652 3762
1010 5654
3093 2334
5324 1752
806 3045
244 2048
1446 3364
91 5458
4011 5767
4750 3100
4624 5186
4441 992
5710 3802
2829 5003
5886 1558
1105 600
2925 2060
3171 188
4010 2209
1948 5210
2366 2412
5830 243
853 1285
4906 4026
3202 3370
2625 329
5043 778
1323 3032
799 4113
3996 3443
1331 1075
4341 1590
918 4718
4338 5427
1001 578
4966 1045
3483 12
2011 2819
1073 126
3636 2555
956 5818
3419 5259
2740 2229
5638 93
2618 3365
5800 730
4700 1512
1457 644
1573 5785
2773 5509
5840 5758
2678 336
3141 4712
4476 5293
4480 1413
3273 1339
653 4737
189 4316
3637 1583
1314 4888
252 3448
948 430
2933 237
262 901
4689 2063
3397 380
3293 1546
4239 1104
3664 2111
1785 5155
901 1195
5337 3481
2853 465
4004 3232
1484 5613
5315 926
3973 4125
3219 1659
232 4415
2188 5694
3801 3467
4814 347
4007 3140
913 4728
437 3876
5772 4247
4903 3259
2088 3098
2722 5353
2191 949
3873 3901
247 481
1500 634
4226 1446
3943 1236
3599 1834
165 2848
2638 913
4686 3120
5420 2170
4072 3934
4294 3442
514 3847
1266 1874
2014 1990
2074 5295
4495 1606
2506 235
1118 1128
4325 1730
4452 5029
756 4615
2093 3948
2571 2397
2049 24
5750 3324
5184 2977
1174 4107
3507 506
3782 2932
3022 4379
1518 2541
3786 2732
1161 4879
1836 2281
2624 3006
640 236
2687 3009
5047 2075
1798 4667
3335 1401
4425 1360
5308 60
3958 4589
2028 1185
1735 627
4734 2786
5130 2430
5236 5361
1962 1808
1992 5653
4104 641
125 4832
4360 2315
5303 2586
3320 1116
1652 1894
4278 855
5334 2141
4121 1810
3138 821
4496 3033
3901 5889
1293 1873
3932 751
1534 4158
110 1011
369 3123
3511 1071
4321 2776
1832 1287
5357 4938
3693 1695
348 3233
5647 1697
341 4529
5661 267
3290 1744
3669 3632
3067 1319
5564 5862
3584 1557
1572 746
1122 2301
1274 3933
783 3316
342 153
644 5927
3261 4479
2096 4270
4465 2116
3468 1869
1252 2462
5540 2844
2612 3458
3634 1738
4625 1745
4269 4599
3907 4070
5409 4372
3947 4118
4517 4204
4251 2934
2951 2562
1129 4679
2341 1351
3391 982
2613 2088
4023 5506
3298 2211
734 3544
3268 3438
954 4766
2309 5838
1336 1273
2499 1906
5372 1324
5137 1985
3776 3617
472 4433
1385 5485
2497 5232
1691 5619
1577 1347
643 3192
621 1925
5738 3723
1281 779
5597 1165
2472 2266
5773 2841
1533 3908
1361 5540
818 218
1120 4011
4873 1203
2711 5031
5960 2834
3789 2533
3031 794
3001 321
5557 4423
191 2245
3272 4324
3614 5941
3811 5699
2533 4197
5991 569
2320 3806
4912 2138
1136 17
2599 2739
1897 2927
5962 1969
5373 5205
4857 701
3987 3763
5542 4180
3832 2364
2016 785
100 5700
388 1914
2526 391
4086 5174
4410 4136
1741 3864
4260 3452
1653 3222
2809 4253
5833 951
2487 1110
480 2809
5191 1896
5582 4757
1091 4831
4962 3650
4032 5587
2272 5388
5567 3196
334 41
1397 3078
741 1806
2761 1923
281 4535
3740 2429
245 1435
4765 4536
2387 1573
4602 89
4958 5131
4005 3235
4312 1687
5877 1991
895 1858
4016 3034
3015 3715
5258 4081
982 741
1615 788
1264 4039
449 1768
2153 4190
3396 4034
161 4697
5739 2394
3540 473
2380 4701
3043 293
4608 5421
5573 4064
655 1691
520 2310
2835 5568
659 2604
3769 2640
1852 1580
639 14
4079 120
3813 4189
1499 4276
1884 4176
3134 2852
5034 3803
825 2952
5332 2827
1806 489
1223 2710
2415 4666
3311 3708
3214 4553
171 4205
5302 4043
850 3051
549 5733
4592 3175
4695 1541
4162 5041
227 5241
5423 4245
4839 2464
1249 4774
3861 3997
415 2129
5068 1553
3163 2186
1002 3326
5902 818
276 759
1644 4771
4240 2914
3089 5439
5816 5329
903 1498
882 3670
1621 1205
4654 3439
5054 2955
1431 2961
4782 3185
3525 3136
5910 5043
4982 5273
2103 3314
4634 4637
5053 2079
2025 2551
2159 3615
855 3441
2206 1770
275 626
2692 43
4717 647
4834 573
3788 5245
2045 1255
2168 4193
2924 5073
5916 3411
2541 4965
2739 4075
5379 1038
5657 382
2484 3096
5826 4281
2900 1454
3880 2277
4185 3403
3499 4862
501 1595
4144 3557
5386 5083
422 2615
2818 1191
3858 3368
5442 1603
1248 4625
4658 476
1725 583
3555 1804
603 1625
3366 5515
5600 2695
2738 345
2461 3989
4463 454
1971 269
5508 1083
4191 2483
383 5985
2743 2959
3795 5124
4699 325
80 3882
3859 4608
5703 522
682 3993
1989 660
1673 5973
3660 4799
5408 1459
1659 3930
1523 2512
4100 1579
888 4910
1782 2885
2232 2021
4400 2982
4155 3145
2763 1077
3761 3227
5152 1584
1766 4947
3038 2890
1304 1176
463 5777
1251 2076
763 3068
5879 4401
3059 139
188 2755
2883 1703
2333 3953
3668 3019
2512 1361
3665 5881
413 1085
2170 3614
3806 3904
1803 1720
5278 841
5799 911
5924 5784
272 4035
3840 64
3710 5493
4472 110
3497 1487
3410 3681
4652 4622
2729 3193
3338 5833
5996 2830
2919 1623
1025 1802
5966 2291
1044 1426
1325 789
4673 733
4646 824
5690 1434
4246 164
3304 2607
2576 4471
2548 3075
236 2004
1663 598
1178 5278
3309 5610
3974 1857
5997 3132
1590 5077
1471 1492
617 4044
5215 2478
5032 2196
5413 1689
2881 490
5835 5828
310 2954
2727 5520
2059 154
4170 1131
4205 5288
5809 1735
3201 2323
5387 2647
1465 2574
3839 1780
5439 1390
2002 3785
2110 3088
104 5847
4044 75
2688 1301
445 3216
1260 4184
4143 3414
529 3131
3533 798
3552 4178
5842 4004
3744 2800
4358 2384
397 1101
4755 4132
220 3718
418 3567
1015 1545
2869 1765
784 62
3712 1267
3370 946
2527 4441
5135 5827
4926 2071
2139 4495
1526 431
3970 97
2607 657
3080 3975
1848 1732
4435 5060
1960 5171
5169 5604
2318 2857
1790 4411
5465 3455
1311 5967
5426 5346
4013 1187
4303 230
5613 5331
5081 2774
3708 3070
5226 5903
3755 1761
67 5705
3296 1839
2496 5189
4475 966
5354 4347
0 875
2212 3281
4355 1879
4511 4343
3178 5657
414 282
2884 5982
2557 1767
429 3296
3227 5398
2810 5380
981 3689
1777 2700
2300 87
4270 373
5494 3380
5958 2663
1701 423
3716 5312
3684 3166
3689 4688
33 3774
3775 118
4684 2200
2565 5067
1686 264
3544 1977
2894 5465
3450 734
4886 5454
927 4303
543 1497
1110 4660
14 3551
5203 633
2872 5864
83 4552
1045 2302
1216 387
1004 262
2481 5127
56 337
2467 3906
164 5994
4273 394
777 4266
5565 2744
4024 2494
1629 4989
2200 1423
3841 4838
5312 920
147 1819
160 4710
2036 549
2540 5014
993 1635
1910 1135
2820 2517
1598 146
1353 5757
2311 5636
4318 3251
4211 4662
286 3289
5396 5234
1416 3224
5497 2278
3559 1593
3124 1692
4227 100
5338 4709
881 1993
1378 2230
1507 324
