7000 4000
2811 3310
4179 3489
3793 121
3206 953
4903 2380
1585 1191
5784 3909
3859 1713
4612 5957
5143 795
712 988
4152 3092
2779 4065
4464 2309
6180 1038
6531 441
158 5913
2466 1431
6243 1211
1755 3963
4518 3772
5396 4311
113 3570
3377 6808
247 123
5053 1824
53 1992
5816 4996
831 4210
5922 4015
3526 3906
5960 3140
6829 1729
4116 6266
1502 5869
3689 4184
2140 1182
3228 5028
759 4218
5006 665
5886 4881
4151 5424
486 4168
2260 6905
6938 4498
3762 5329
6771 3571
1420 2542
4666 3689
6665 2440
978 2396
6509 5226
827 5562
1671 6539
2534 1768
2367 6126
87 5503
2472 4540
6754 2264
3380 3643
4736 6186
5145 1424
6170 5512
5773 1609
5451 2315
2448 606
2849 1261
1498 195
142 2176
2407 5024
4426 1876
1145 3232
4831 6718
3663 4589
6258 5963
4255 5563
6117 2095
6977 6416
3737 4603
6832 5449
4802 96
6018 5186
2730 89
1149 5196
5194 1644
586 2010
2985 1315
6325 3287
3087 3921
6116 3702
5551 5041
3426 3204
793 4884
4834 4718
4896 4275
6152 2409
584 1056
4646 3133
4070 293
5601 1543
1927 1550
125 5515
4714 66
239 3730
1091 841
1021 3073
6209 2746
2194 5802
1698 1980
3721 1155
1568 3451
240 3298
6909 79
6859 118
2310 5844
579 4329
4118 2458
234 4203
3703 5332
871 405
5945 3606
4754 5488
2679 6018
1525 2907
1242 5702
775 2195
2856 6344
115 2163
2552 5137
3188 4399
4729 4385
2068 3382
6884 4481
1096 3567
5497 1626
4046 1637
4839 3658
886 1946
6076 1384
4135 6154
5100 2521
6294 3940
1661 6000
5850 3973
1857 5996
84 3796
6629 4677
5503 3042
4079 5731
3582 5880
2270 5063
6587 5969
2791 4124
6708 2411
4477 3427
6078 2602
6732 130
5409 4848
2054 4738
1872 2368
4739 4500
3969 2632
450 6527
389 6703
2477 4617
917 2709
1809 6645
5343 4794
6366 4030
4184 4924
2861 5949
4158 6419
2923 4808
2737 659
3211 5847
4476 4938
4249 3371
3559 5840
469 5080
5422 5497
6887 6413
488 6
2196 2515
5416 5520
2494 27
4131 4542
3387 4798
1934 4701
6936 6361
1930 2627
711 5901
57 3584
888 2724
1714 6350
4377 3276
2806 4233
5935 3899
3523 6032
1614 1440
2078 897
6189 2475
6276 5443
4979 5027
3656 4807
4372 1606
899 6804
166 4153
4471 4322
1134 36
2043 2675
3776 3480
5096 6175
5280 1402
6849 6543
5486 4247
1911 3479
6633 5115
3030 2700
6550 5875
5761 297
3091 3566
679 4836
2538 6764
219 1616
5064 172
2665 4366
2767 4784
4281 3221
2425 3501
6641 3575
2424 2366
3767 6983
6862 557
40 4237
4891 1927
577 6033
3871 386
4818 6376
3216 2252
2292 780
3537 6487
1393 5513
3697 6616
819 4948
2721 2443
1592 5639
4862 2358
4603 3184
5161 2000
6362 2045
623 4506
5070 3868
2165 4604
322 2524
2233 3280
5077 3362
5927 6469
4171 2285
6783 2669
457 3458
5435 1363
3009 162
3299 2174
3028 2461
1997 3079
4683 1990
4047 4919
23 6006
5101 3675
870 2653
4459 1826
6911 2539
1835 3342
3353 4003
1967 4250
1630 2346
4965 6713
5382 4489
4540 4656
3512 2849
2474 1977
2502 1893
4003 2576
5082 3597
5845 5273
5874 6473
6399 5825
6833 4832
4639 2096
4897 6374
273 6375
3939 5909
5767 2480
2475 1483
5812 6690
6882 6202
6928 5321
4487 3768
1858 6106
2587 1888
2076 2307
6607 4556
6043 1518
3751 2512
4261 581
3525 4517
5498 6858
326 5096
1806 2744
6009 236
5049 2527
2837 6301
6521 5908
3456 1319
1868 6023
2442 6123
1307 1562
5214 1816
408 5318
6608 4659
4337 432
5004 4461
3123 2433
317 5623
1234 4796
2080 6633
1028 3637
6856 4257
1512 3533
4983 3463
1647 1141
1223 5848
818 4129
5549 6803
1109 4240
2597 5307
5257 409
5594 905
3743 2949
2282 6517
3935 3783
5744 5145
4130 146
1255 4735
4880 5776
1299 4733
6996 2080
2999 4348
1284 5470
211 2826
5415 3387
5237 5370
5866 392
5859 4576
1252 3361
3225 5879
1169 5102
3586 2573
3480 3601
5538 984
5205 3652
3026 1009
2518 2758
3081 1304
6328 997
2905 948
3476 5360
689 3333
3991 1295
4835 3470
2934 6833
3415 662
6743 6722
4163 4777
622 3743
5633 1833
4028 5326
2122 6604
989 4606
1869 5301
2752 2329
6274 537
3295 4046
5376 832
2498 2599
1132 5179
5556 6177
6392 1857
4455 5266
2697 6810
2429 2140
546 1509
4851 388
971 1710
3302 2138
1506 1374
1278 1081
5578 2311
3124 37
3765 5451
5286 6904
3368 4267
1025 5541
1055 1982
4296 2564
6144 6591
1668 5695
5532 2985
5778 192
6247 4756
6197 2376
1650 723
558 4236
6187 3815
6499 3559
5367 2696
919 2293
753 4645
4496 3691
5303 5820
5086 4154
1380 4441
1708 6439
4170 1164
6414 6070
5148 6363
3273 6410
5111 3064
3685 356
4662 2364
6579 3478
127 3780
4687 4067
709 1907
4215 6335
318 2248
5780 1027
6713 3855
1773 1262
397 2266
3376 6926
1706 929
1024 5282
2726 4289
4580 4449
6082 5070
5394 3088
5787 5679
3888 3576
813 4246
6645 1532
2769 2864
1705 2024
1057 3406
5751 4309
2698 651
5425 5416
355 3686
2964 1314
6112 3498
3675 579
5013 1000
4145 1640
4127 3384
2555 5159
5220 6939
3257 5596
896 6300
6963 6193
58 5505
1704 3472
1220 4071
698 5821
758 2386
213 2059
3066 6188
968 5684
386 6470
477 1997
431 2030
3274 4418
719 72
4322 3949
6703 5082
2317 2165
5011 558
6488 5509
423 1956
667 6797
4807 3832
1947 5944
6162 6262
5434 3525
4289 5106
4999 5608
5010 1258
6998 5121
6855 125
3650 6606
1772 2445
1257 2412
5517 6020
5223 2027
263 1063
1954 1089
44 810
2511 4894
1366 58
2879 1130
1678 3032
6529 3398
4870 241
1628 726
5821 1285
2369 6327
3479 434
2774 5387
1599 1349
3067 1788
5811 5038
4636 2149
6935 2716
1206 1573
2975 453
3166 1092
6440 5524
4024 6409
6902 1356
3200 3418
3454 3824
931 95
1848 2507
6503 5861
60 4191
437 1393
1038 3969
3308 5188
4462 5955
6595 216
6032 2877
6878 5025
1027 315
3176 3938
6964 1329
3086 4562
6619 2050
1410 4866
3101 4475
3284 6120
144 955
6874 4692
2221 3518
2719 664
4559 4631
4730 6898
1794 5371
1032 2239
4009 1339
1245 4466
1122 2478
3431 4300
6339 3521
2010 990
1757 2031
4381 67
6719 3423
5692 4710
2558 826
527 4583
697 6828
1208 3794
1783 1529
1986 2470
4200 5592
1659 4499
5666 3775
1376 3355
5030 6603
2981 4400
1939 3412
4945 3663
1924 4608
5798 6456
4304 4326
2917 4587
6870 3101
1200 5981
5550 5478
2545 5264
1899 6672
3283 3543
5871 1020
539 3380
4817 6953
5521 833
6572 1608
3152 4266
4294 994
2525 2595
5883 1914
6272 4560
6136 2375
2342 667
2777 431
6650 5866
6716 4424
9 5706
1501 3503
4456 564
874 4800
6573 5629
5508 1900
4700 6257
6021 2402
4353 2885
1889 6873
227 5054
3661 4649
922 384
4958 2116
2600 2911
5754 2417
286 6674
6578 1031
5167 2617
1948 2053
5087 1554
4757 2051
6747 6748
4595 4682
6495 3144
3927 6598
6096 4708
1693 6082
2699 1779
832 419
4093 2471
3335 739
3596 6656
6522 1496
2458 4360
3729 6832
505 5737
773 3818
1447 2581
1001 4774
446 6187
6434 5585
1756 2541
6090 456
2588 6882
4122 2236
1707 3386
5405 57
4197 3581
4722 1108
118 1026
2809 680
815 1110
5843 4358
6549 1765
4285 5857
5537 2110
3687 3708
947 3877
6101 6230
3014 2804
4931 2036
6224 6455
564 4484
2745 6009
6373 3904
3722 4830
6244 126
103 5291
5844 1624
2222 4764
3544 713
604 635
3089 4419
2626 5653
4198 4977
3433 5200
3259 2673
2591 1811
3924 3267
5921 5436
6621 6923
4307 729
2353 4845
1265 1422
5624 6275
2363 244
175 1132
4957 266
5402 854
3662 1324
6395 6450
830 3506
5567 767
1319 3029
1063 6588
1004 5662
913 5049
4824 2342
2859 3733
4466 4093
5730 1517
5620 1183
509 6971
442 6934
5337 3462
6512 4113
10 4664
165 6586
5227 2304
1121 6298
229 2196
5031 9
298 4719
3895 2021
4968 2517
6430 4544
4221 2147
2860 410
5796 5577
4951 6653
2239 1966
6777 4352
645 1090
4325 2919
2660 3587
4314 6131
3515 1574
1741 6297
4306 6080
2627 1128
3809 1123
2910 1137
1225 5463
6039 565
4794 2992
6205 2868
4087 3516
394 4914
6617 4216
3704 5775
3131 3840
6556 1610
1398 578
131 2924
297 5092
3894 3759
3660 4771
2515 1286
4519 4328
1598 3476
3390 656
1496 131
3328 999
1394 2702
5609 2241
828 6842
5417 3935
4552 4955
2188 6715
6337 51
231 4657
1022 2661
323 1408
2360 3090
6305 6321
2484 2271
6068 1147
3984 5672
5268 3325
6696 2428
220 424
3799 1706
5534 593
1776 4493
3194 2590
2344 5240
4555 583
6879 1755
4693 2645
1712 1306
2749 5492
2731 4973
4932 4028
3700 5777
5846 3829
6128 509
4906 1278
2805 2810
2005 785
4363 6383
6483 3082
6682 3753
6194 1975
3846 3405
6864 5143
6759 3871
4593 5582
3381 414
56 3812
6750 2340
3023 2908
5954 4476
5279 1829
1031 1623
6924 5779
6559 1176
2915 6248
975 2243
2890 803
2921 5292
5180 6836
6735 5059
2933 3297
5785 1030
2794 1814
2244 475
5842 4854
2480 2828
1987 6683
3455 2776
2898 6172
2795 2127
3471 4754
340 2136
1593 4122
5763 1567
1826 4942
1216 5109
3325 2254
1377 5376
5912 4201
3452 400
1118 4783
2783 6430
5305 4173
3570 2143
2084 1536
5740 4380
2680 1709
5950 949
1386 5863
1015 5978
1879 3920
4270 5537
1582 4626
4311 6774
2053 1548
3027 291
1285 3704
5122 3152
4549 2150
6901 331
5356 1937
5940 2577
5314 3613
1007 21
789 764
6958 1566
5616 4579
1436 6192
503 2316
2320 290
4967 4930
435 4452
6525 3055
226 4150
3304 360
5224 4292
4427 958
2032 5498
4720 669
2352 5032
3653 206
5465 2526
3388 3809
5202 5466
4986 5700
4769 6728
4585 3789
3992 4717
4820 4550
4898 6636
5560 5235
6502 3620
5060 2714
3436 1297
2095 3556
6558 4190
3674 2
4697 1398
4890 585
1873 3830
6937 526
3958 443
535 6293
114 2054
2661 4188
471 4034
2614 1662
5484 398
4451 6860
6598 6760
26 2056
529 3271
5994 3258
1540 3414
5911 6024
1609 1514
3733 2771
2863 6909
4280 122
6234 4413
6982 141
3013 605
2820 1149
1488 4801
2831 330
2390 6337
1378 3163
3554 2636
2889 6776
1624 6400
354 17
3921 883
5964 2415
5073 3928
652 4083
1030 1371
6308 165
2206 3750
3031 835
5936 4671
5958 1127
5093 909
6115 4944
1407 4278
449 670
2739 2824
1870 1646
6847 3718
5170 1762
4591 3526
6443 3008
841 6114
2035 5959
2240 5759
717 1269
5512 1615
5758 2420
1751 4868
6254 1953
639 2265
448 756
906 292
2876 6602
2676 1909
6252 6504
5186 1796
2634 2532
409 4874
464 1605
6671 4402
5627 6990
6381 1215
5039 4709
2758 2274
891 3564
1293 1635
1752 645
6782 2670
1921 1797
574 5569
3592 1923
4194 1198
3085 4983
3513 4965
1653 4230
2440 3735
2085 5481
3632 5894
1802 2076
3678 855
4100 6091
1069 6417
6822 3791
105 5062
1429 2832
672 115
6417 4019
110 3036
11 769
4379 5129
420 4842
2971 6952
6005 1531
99 1231
4510 1891
6421 4325
2790 5973
4168 2441
1422 497
1932 2242
1984 728
2782 627
1657 4793
2316 5058
1187 4356
3365 1387
3754 969
3125 5668
2139 5588
1363 3283
5732 2017
1243 5411
2411 428
1622 4022
6551 2511
6446 6856
1675 1813
3351 2277
6960 3912
428 2442
6429 6403
1318 5336
2636 4050
396 6386
2410 3572
2832 5583
5934 3114
4491 6537
5441 3356
1758 3784
4502 1938
6853 807
218 721
5195 6607
5989 4736
5596 3291
6046 3936
81 967
495 648
6888 6737
3186 3538
6390 2555
4342 5308
5333 3769
2086 3464
1527 4646
4904 2482
939 2528
6830 3226
636 6506
6275 6199
5270 3135
6151 4590
5336 1307
1833 6221
1479 4362
3546 2786
4278 2978
637 4108
2309 5674
141 2467
5698 4102
6324 2660
5479 1340
6179 2193
901 6643
1085 4206
1117 306
2844 533
3366 4532
1562 5317
6453 2938
4988 3751
6401 3867
5738 6065
3932 718
1068 4167
5340 6977
3329 908
173 6245
5334 3646
3338 5013
4380 1754
4029 1347
1747 1611
2469 1863
3113 4130
402 4966
6351 438
4686 6589
5831 2014
2404 2156
4108 6669
1796 4758
2887 1660
6464 1533
1898 6354
3804 6191
6640 3677
6706 856
616 6734
842 19
6478 3837
3154 6956
3844 5965
1960 5966
3462 896
4010 5010
1304 1396
1196 4145
1058 2481
3896 1025
1337 4939
1343 5773
1558 2749
4341 5227
526 6493
1415 2269
0 4297
6030 4001
4724 3321
80 3953
2854 2624
4274 6159
5141 3100
560 3966
3241 1059
1254 175
4248 3370
1555 4999
302 5590
1466 1391
5863 1028
598 4444
205 6849
5088 103
4254 504
1349 3764
1490 3828
6677 5832
4072 1598
2821 5812
4387 5757
265 5864
5447 2534
1448 3233
382 4863
3552 4152
2649 2064
368 401
248 3731
1807 702
3715 6308
224 4482
2259 3773
4865 2643
1949 3523
2913 1175
6785 3798
2046 4274
6761 4943
351 222
6576 4871
2025 3609
90 4353
4521 4414
1673 1601
6053 5733
5941 5828
2773 2129
1177 1159
4894 1218
5696 3272
921 862
4520 731
112 1735
5570 4599
6317 3118
2642 790
6630 3850
1635 332
4445 1344
6774 2682
2682 5660
3271 6799
3595 1647
5026 5345
4447 3898
3683 3067
4330 543
6213 1048
1587 5167
313 2658
111 5930
2297 6495
4094 5353
2478 2619
2133 1712
6410 5090
4132 223
3272 2495
3447 4024
3429 802
3214 4869
4293 6451
4049 2246
1272 5228
438 6729
3040 5851
996 5566
1110 1585
332 1481
640 2092
4577 2951
6594 4891
3940 2654
6280 184
6060 3072
4203 207
1486 149
3424 6592
4530 4982
129 1996
3043 6745
2328 4932
4112 3614
1441 5299
4753 1461
6346 472
399 2538
3193 1486
5482 349
3999 6125
20 408
837 1136
5029 4076
1606 2516
4434 2759
4927 4546
3208 1959
2371 5914
6624 1625
3831 6232
515 2957
4902 6156
777 5529
1298 5906
6895 3943
2702 3825
5453 5283
1696 1676
1988 1619
3857 5189
5943 5479
3070 254
3192 2120
4531 5564
3062 3214
6293 3098
6370 6028
3955 4382
5009 4020
4702 3547
684 1999
4908 1190
2067 1576
5575 3627
1771 2561
5095 4310
2914 4825
2625 3450
6248 6689
3364 5354
299 642
2630 2117
1968 3626
1163 4947
4562 3539
5705 4436
4827 700
2182 3544
1716 2313
6126 1093
2288 658
4885 4610
1005 2268
4384 3630
1580 2639
2000 553
405 3255
6236 4903
2984 3990
3823 6567
6681 797
5421 6639
1938 3376
6526 1179
5793 2453
3477 2294
5457 1113
153 140
6085 1303
482 1018
2001 5155
5313 3013
4331 3143
6104 5715
2003 5430
6514 2612
2916 4519
585 3396
6134 4055
4291 6078
6292 1589
6438 1572
2801 5884
5016 2882
4565 6069
5868 3432
1253 44
4430 5191
5057 4081
6920 5151
1359 4962
1020 3537
4522 3951
3879 346
1036 6781
3135 406
3676 877
977 5801
6408 397
1101 5540
4036 1373
4333 6220
5359 1479
5992 310
2979 1493
3047 1205
1843 3026
2521 1207
4547 1753
875 2048
1345 4125
1543 1201
2224 1466
5645 4323
390 4763
163 6267
6729 2134
1513 4155
3727 6323
4592 5265
3837 4131
1777 4123
2452 4749
3567 2685
6604 3987
2359 2847
2026 1271
4696 4846
3553 916
2286 385
2250 1168
570 1394
6910 6447
524 511
3873 4878
674 1612
797 1410
3531 3776
650 5225
1895 276
3033 1050
311 1553
1453 3739
970 1770
5273 6500
1566 148
5318 458
5876 6658
1056 6170
882 6532
3356 6945
2223 1523
834 5138
5263 4396
2274 2809
3277 2711
5277 6396
4422 4140
1738 448
1141 5642
5742 3115
4085 5133
3485 2905
3789 4673
2640 1200
4830 703
5536 6864
2225 4319
3486 2920
2468 1445
6577 2109
2967 5856
4976 980
83 5019
250 5552
6956 6208
3612 3852
6437 4114
5932 757
6426 5342
3161 4423
3654 6699
6347 2352
1578 2300
2834 3296
3045 5055
5896 4890
5854 1696
1478 1311
5953 1100
1045 4347
3635 3247
1919 2448
2839 1499
1515 5708
1658 6535
4346 1228
768 1886
5344 2871
2570 1222
6639 2079
1569 752
1542 6578
6714 3381
5058 4159
3219 3929
4408 1099
36 4308
3763 4018
1888 1252
2157 4057
6378 2105
3389 1438
5261 2199
188 2874
2454 1061
3474 3557
2846 4040
5665 437
3310 90
1062 919
5306 6241
1341 1552
1509 2320
5613 4011
4630 1942
6613 120
3705 6460
720 5425
6318 3334
1368 1469
710 2927
5540 2179
4425 3304
381 1694
2350 6901
4997 237
2611 2463
5543 6623
1409 1282
2252 5905
2943 1263
6674 1143
3355 6533
3345 1860
3396 4961
5830 6825
3800 2305
2574 4889
5996 1903
1670 3897
5309 1337
955 1607
3641 6769
866 1831
3792 6457
3818 2668
3024 545
3734 1305
1154 6917
4953 2180
6905 1565
6789 4066
990 2184
5801 3690
1044 1668
2486 1818
1723 6814
5725 2073
6479 796
1344 6820
4916 4731
6548 5290
6806 3030
1309 6576
2172 2912
2427 1989
6534 6004
2729 2930
1340 3341
4177 589
776 6044
1454 5162
4934 4648
1477 5276
4859 737
3420 2498
6023 1731
6728 791
4975 6835
4040 5248
3880 4189
6462 4815
2312 5998
4242 884
934 1489
5526 5640
4832 3010
664 4277
6406 3410
4370 2787
1917 3719
798 603
2939 989
6458 1539
4371 1848
1374 5558
4791 4000
3204 5279
5806 6075
6289 5117
3017 5237
4344 5163
1348 5331
1423 4255
2621 26
2103 4008
4853 4151
4733 357
6259 4220
2248 789
5619 233
4744 2806
4721 3528
1600 758
3548 699
2314 5504
2670 4577
17 5231
4637 493
6842 6060
3557 4211
4321 2260
6120 3910
2938 1264
441 1629
6175 678
4044 6848
6081 1949
5390 5956
3372 4687
1418 5122
4076 3933
6593 2773
4097 4345
5127 1428
4563 5641
268 818
3527 5804
1173 6786
1680 4745
5495 1840
3659 3741
4206 750
804 4209
2980 6364
1460 4417
2055 4679
5083 4144
1840 3728
950 3285
578 5855
2488 719
1383 5841
1504 4110
4685 6903
3164 5550
2568 2384
4918 4320
615 5781
3168 372
1097 1322
6073 4305
4225 2699
3239 2363
6 2745
3679 3827
4578 5328
522 6189
5736 3203
5972 1800
6063 6494
4672 5748
4913 5064
5795 259
366 6365
3505 1950
6894 3461
514 2192
5299 5289
1248 5350
3144 4137
1925 133
5196 3112
803 1161
5274 6665
3187 1472
6178 4545
6067 1300
5433 1044
6323 1097
3156 234
1595 3922
4201 906
5284 4068
2864 5246
1401 3208
5443 632
6481 4061
5530 6111
189 250
4310 1196
3005 1771
4394 6491
3588 4538
6886 924
5361 2154
6172 283
1651 6752
5576 2659
2298 1741
2208 4428
5948 4726
3934 351
1402 2319
3807 3656
669 158
618 2162
2696 3908
2443 1656
5618 6542
1996 4509
1445 6662
1087 1851
4237 2328
2608 6932
5418 74
5502 4070
1103 5772
5799 1687
3945 3491
6331 5634
415 786
1805 6830
1039 6331
4252 373
692 311
3466 4231
43 847
5210 5454
1195 6545
3724 4911
6185 3188
2120 5403
4038 3655
1965 6719
5283 5970
6326 5870
1886 1747
370 4412
5276 1281
6612 6066
6261 4295
6301 2616
391 5611
5975 903
6523 4132
3458 2370
883 5035
1421 1032
6545 2987
1203 5839
973 5068
1775 1375
372 5516
4882 4106
2438 3122
666 2718
5856 2548
5288 6035
6127 3417
1375 2394
5287 5048
6228 2948
6065 5976
2807 730
6286 3471
6971 337
649 1259
2241 6649
1026 628
5488 610
3463 710
1471 1810
806 307
2306 2713
2487 3077
3579 6549
2356 2777
774 1686
5702 4512
2929 5824
5027 3668
4421 814
3908 641
2002 1102
3865 5128
1901 3499
410 6349
1915 4333
1 5719
794 5730
6431 4572
5905 3645
3220 5373
2736 2510
6570 5076
1077 6851
440 3459
2211 117
1817 3354
145 5975
1332 6908
703 10
4479 2766
3360 6158
16 2250
1303 3978
5304 1043
1072 1015
6397 502
6995 3456
6069 2533
3615 5789
2459 1940
1727 1476
3110 1360
3948 4141
6091 4376
4328 5125
4623 6008
5711 2551
2324 5873
157 4398
2866 6109
5252 3907
2653 6380
387 6366
6448 2160
4773 2666
3068 1237
5563 1317
400 4574
4061 1054
1013 6933
855 2397
3755 2167
5445 986
5752 5366
6264 1926
2143 2850
1749 3109
1616 4047
6568 4685
1825 2459
4675 468
6398 5390
6369 1669
1308 119
2234 2118
5899 1958
4698 6827
6974 3193
5788 4456
6420 4991
3884 5932
6975 304
123 6880
6769 1717
2888 11
5259 3801
2450 6385
1746 361
6952 2296
4025 1010
5203 6137
5548 232
6383 2406
6707 1120
2378 5341
152 5571
6477 2034
3633 998
550 2181
4075 179
6857 4044
1636 554
497 3755
2242 6844
6775 965
1222 5176
5809 3870
1321 3529
4798 3795
5783 4186
1507 186
5836 5285
721 2862
1100 4378
279 1210
3786 6459
1076 3309
1669 920
1181 2942
6757 3012
3242 2843
3759 379
5404 6627
2331 4207
3646 4223
3677 6140
6291 3820
6313 5327
6269 3744
2612 3274
6794 5740
5817 2997
1878 3561
6198 5921
1476 5701
1842 5156
4235 2137
2467 5600
418 5126
967 6793
5121 4014
6143 6157
2835 4290
3373 6801
3589 3986
1853 1230
3981 5941
5579 200
713 879
5745 1188
1282 3302
3184 2107
70 2139
4357 4244
4628 1763
466 6712
4137 1146
2415 5011
2893 5095
542 466
2178 3106
5253 5568
2138 1978
5411 6276
4362 6879
5743 3401
3849 4435
566 1377
6388 5603
5995 3071
914 5111
5897 318
2796 657
1923 5099
6452 6162
130 2186
2960 4111
4393 63
3323 6676
1334 4294
6889 2998
1064 973
4743 3578
6435 6630
3134 1795
2647 3979
4560 2856
4494 2728
5341 3177
4645 5277
5877 3709
665 1446
3160 3394
52 2965
1610 4788
5046 40
2569 280
1458 5651
2871 1524
1205 3069
204 32
1633 6279
4691 3474
4633 6564
6727 5669
5184 1432
49 364
5913 6805
4734 4381
126 2484
6044 5022
1514 5729
1267 6306
6825 1805
5826 2578
3212 4969
4026 4704
5424 4228
4099 3713
454 3930
2927 4666
4058 5401
5321 2869
2333 1165
3616 5752
1729 446
119 4388
1459 2400
1832 3351
264 1850
3510 344
1286 1738
3482 463
3790 299
1119 6002
5291 5531
2766 6585
5631 4038
4457 1511
3198 4134
3119 495
5446 1871
5458 3218
2989 1558
4276 366
4335 5830
5889 2232
1054 5699
1792 5747
1990 1013
6581 5622
6689 2986
284 2372
4841 128
4391 938
3247 4525
5181 6292
6456 3060
3169 2335
306 6892
2689 287
5509 6437
358 2767
2493 586
4669 3968
611 3582
6380 2502
5770 4126
1589 5313
3422 3367
1760 3158
6332 3099
4123 2794
2878 3756
6072 248
1413 1350
2652 395
2237 1568
1560 6928
4172 6664
1104 736
2792 1299
5492 3545
3282 1960
6480 99
3074 3206
1283 5854
4910 4598
5828 1945
3229 3948
5106 3290
6663 1727
5177 2148
2402 2878
5699 112
3810 1981
2185 6655
4899 338
4930 5357
4974 1787
1764 6857
545 3360
1970 4616
4267 947
3029 2253
780 4681
2799 5367
4566 3931
4781 3205
6912 2326
4300 83
258 6341
3428 6726
3090 2338
3460 4365
3954 3737
6296 6415
187 4062
2013 3883
452 1745
5628 6867
6487 2783
6618 3216
6597 4263
2124 5971
257 1628
557 2488
6929 6442
2827 5972
4948 1828
5644 2762
4404 4101
5884 1743
5166 742
2235 5435
6257 5814
2675 4359
5476 6526
1442 4652
6660 5105
4924 615
1012 1661
4057 2769
1444 3014
4356 6489
6957 5929
1468 389
4509 2062
6385 3168
792 5696
1556 4624
5959 4318
5951 1098
1417 5087
3542 3793
644 5881
348 3903
4726 3447
475 6285
3845 2638
3446 6348
3801 6474
4647 6316
5636 2505
3341 6272
4454 1908
439 185
5436 6040
3916 469
1950 5631
4349 991
63 3440
2094 2349
4584 2279
5199 4243
6542 3770
3892 6813
2969 5745
6472 3346
4513 5987
2633 2257
2631 4552
5072 5532
1859 2098
2657 2698
1320 3688
6357 1715
603 3197
4670 6942
5047 1437
673 6358
6367 178
5149 996
5464 4369
6793 2141
1142 6089
6779 1987
2841 6444
2355 3805
4474 5902
2542 4026
6567 1587
4747 3138
565 5543
3750 6425
6815 4698
1994 2706
1791 4786
5853 59
5020 284
4186 2921
3651 6885
1728 2918
481 2171
3025 1632
2263 4782
4312 6581
3015 961
2077 3278
3994 838
3788 272
2134 1847
3300 4088
2637 6440
2543 6965
1998 918
236 582
800 792
4567 3683
4947 2435
1379 3846
117 2418
6919 4661
6114 3742
4505 4605
4523 4591
3318 3025
5687 2750
3952 1500
2400 2633
2441 6212
3665 6367
4386 1590
1831 1386
3626 5868
992 174
3695 1821
6803 5380
6961 5922
3320 4952
2718 4163
1914 4089
4959 3096
1184 1556
3585 6818
533 2204
1788 963
2994 3148
1291 5878
6904 4269
6648 1075
4638 4470
19 3007
3644 2687
4259 4844
5561 619
1689 1912
4748 2941
517 5124
3830 4477
2180 3017
4298 4183
4631 4058
6991 3954
3520 4958
5452 2522
6981 5574
3747 839
6470 4940
5176 2506
5175 6915
2851 4988
5713 6741
3732 462
3126 326
1505 5140
3773 3265
6353 1134
2074 6204
6766 5644
4528 698
2868 4202
1400 270
5075 1688
4083 1487
2192 873
3946 5112
472 6826
2193 382
2813 1677
6122 4882
232 4407
937 755
6033 2200
5124 5042
6049 3758
1995 335
6203 3502
696 6022
605 5539
5602 1973
1549 5722
6795 6969
5639 1663
592 2676
4423 6698
1472 5045
4810 4112
634 930
6533 2187
6571 4021
1324 798
3975 3111
281 1895
6457 3469
132 4465
1470 2468
2044 1843
5247 6740
404 5311
905 4549
5008 6090
1548 1898
4232 1726
5351 995
3817 4332
4544 4363
6755 5937
4977 6281
5118 4641
1713 3033
4023 3318
473 624
3414 82
3692 6654
682 5768
1801 1485
3167 5691
3864 6278
4468 2976
3584 874
3324 1760
877 6568
6790 1801
1770 6888
2713 6117
2401 6497
6693 3634
1718 3062
146 2280
1262 1382
4609 649
2504 4253
4069 5294
1553 4090
1691 4586
6821 4888
5442 3710
3309 1225
1535 160
2529 5904
5794 210
2732 6463
6283 6145
200 2111
2050 6102
2158 6318
3088 1892
6554 5704
2867 5026
445 2365
4836 3919
4050 229
791 6265
4190 647
829 1379
4033 4851
1425 2043
1955 2727
4066 4986
2149 5275
4535 3167
6080 142
4501 5104
4143 2674
2020 4537
1099 6273
823 5793
516 3455
1641 1506
1251 2172
1846 322
4790 2270
3574 2033
2599 1163
5036 5450
4928 705
2266 3548
1081 6073
6959 2369
2029 2743
6083 1577
1323 5444
5189 5507
3829 4214
345 23
6022 1417
3938 4457
5852 5630
2510 2567
5978 6548
4117 2829
602 4262
629 5903
1884 2518
4015 6747
5090 485
2330 6288
5511 6209
3337 6467
4436 2620
1080 473
4431 5262
14 5472
2616 3219
4648 2846
1275 4946
5653 6401
1371 2374
2097 1934
6505 4009
4614 3125
2593 6355
2101 5396
2209 194
4650 5891
2428 3016
2413 6307
2812 2640
5909 5086
2825 5219
6295 5214
3000 5375
3343 31
3978 2182
3400 423
4893 4700
3502 4994
948 5458
6344 3003
2815 6528
4707 5573
3038 374
5840 804
3702 110
1623 1439
2483 3841
3631 5384
5188 5806
2793 1991
4759 5950
4738 3982
5233 2410
6141 4185
207 6264
1897 2001
3718 1993
4955 6775
1112 4344
196 4405
1620 5316
6940 2900
4620 4634
799 449
2216 6638
3258 3052
4482 211
6972 2421
2746 1131
6814 5667
1428 4757
4907 5084
1155 1627
252 666
6955 3222
1608 3339
6062 4533
508 3693
3936 1780
5961 3703
6659 836
5803 1584
2073 3023
356 3446
5944 4037
4537 5088
272 5040
3267 4025
4283 4913
5518 4434
1130 5101
5230 3599
5522 3716
3576 3732
5213 6831
3696 6290
5999 4806
1893 5078
6738 5614
2952 6173
181 2822
2033 2625
3287 2240
583 5007
6273 2841
2855 5280
283 4584
5398 2935
5092 6480
6271 321
6400 3860
2822 1444
216 1392
4317 4082
5942 2231
610 6618
4626 4820
4570 3560
4895 1436
5686 327
5208 2189
1475 3875
4441 617
6210 2665
1129 2704
678 1740
1656 2707
3782 6642
2577 5304
3021 6807
5683 1452
46 1921
5028 1994
2265 1902
846 2784
6873 5991
663 3015
1280 4264
2408 5182
5044 452
2349 1279
5353 2436
4292 6870
4814 6045
6095 1634
4111 1649
5483 2915
3221 5670
1645 4597
3824 5245
6314 674
6838 6085
6532 1879
5910 1658
5860 1005
5998 3700
3521 243
5067 6025
178 2224
3708 813
3604 6095
2375 5738
1646 2067
2256 1522
2872 2275
6042 5221
4078 2814
336 2754
6327 4612
425 5440
1855 6253
3105 18
6482 3958
3128 3782
4440 6483
5231 2382
4139 429
811 3227
6088 6432
1828 1203
4262 3343
1519 6758
6564 6784
1550 6338
3815 878
553 4341
6206 4180
4936 1214
3923 4229
554 1167
3796 3811
191 5261
609 1575
6636 2748
1538 3338
2997 652
4717 6388
2345 505
659 5136
6278 5409
2253 2142
6892 4286
4905 264
3825 5213
3394 5728
1640 5615
3330 6852
5423 1854
1688 6205
1138 3527
1183 936
4008 6651
3813 993
826 4455
4269 4837
373 1657
959 3035
5131 3853
6994 4690
6620 5205
5632 3512
3231 253
4053 4051
5035 6312
6695 1008
4470 1681
1536 486
4211 6122
893 3160
6361 3670
5775 3400
6664 6362
5923 6957
5323 6612
2594 4268
4548 6151
4030 6390
5204 4175
1906 3881
5750 2212
6867 3957
5469 6511
2422 4814
746 302
3931 4221
1182 2939
6486 532
3492 3337
1176 4896
6412 1406
2547 1280
5432 1078
6515 2901
6027 891
2615 1547
6102 2388
2508 2308
2479 4802
6015 4409
1721 966
5120 6057
3498 496
5240 4769
4480 5053
760 3972
4512 1447
346 5838
1484 4658
6064 4838
2377 3808
5496 5920
2654 28
4740 4993
1820 2350
3590 413
933 2906
5900 2903
4218 2944
3566 6074
5163 4281
6249 5703
1937 1969
2727 5721
411 255
6191 885
1357 6404
4845 1275
960 6938
737 5739
821 3939
3863 2931
5769 3202
76 5823
6561 4100
547 849
201 6277
5638 2037
3174 6989
5352 4824
1259 944
4919 4670
2838 4391
642 5422
4667 3213
769 2854
3634 5968
3639 6877
2339 901
1655 709
4778 1156
2800 851
4925 6822
4412 978
4643 1057
2709 2672
2912 520
3203 1470
2243 6007
1105 39
4923 1378
376 4743
5466 4747
6881 4529
4398 2954
4937 2499
626 1666
470 3453
3682 1052
3911 5352
5558 1244
1361 6694
3118 6295
5094 5234
1193 4459
3794 436
433 4138
3165 687
1406 1838
2601 2574
6279 5916
2589 4981
6947 6582
6086 491
5275 150
4874 5020
761 6340
1041 5980
3889 1844
2370 5103
4777 6783
2704 6789
6092 1468
1573 4463
241 5826
4279 3264
4216 6829
6006 4041
2738 1931
2605 4393
954 2360
4857 2077
1450 180
4193 5687
4315 4149
3854 3876
197 4471
4420 1915
3419 5198
5389 6443
361 3682
3358 2899
3197 3807
1629 5658
5063 536
6256 5511
1800 5123
4694 5066
1382 1251
6510 294
3139 6796
4202 2932
2096 2255
2104 1173
2280 1527
5829 3145
3138 4109
5459 2947
185 6053
4088 3917
6637 4839
1065 2379
3223 5769
2578 5698
4484 3621
6350 1495
4373 1564
2785 2914
902 4746
5545 87
2519 6891
3292 1776
3078 3084
5568 2634
843 1451
4092 271
2786 5074
3369 4099
4136 3344
835 5394
3950 2584
6145 4462
4275 403
4081 2392
5381 5107
544 5761
6177 5609
5350 1503
4435 4059
2747 3960
2563 2566
5050 5000
2039 6268
6683 1719
1697 3666
2911 1563
195 5209
2550 900
5385 2739
3199 1899
5410 1416
109 560
849 42
1660 555
4892 1345
1314 4005
3402 1525
5546 2980
3254 4611
3357 3520
3514 3632
3268 1675
5813 4742
1920 2060
261 3252
2174 1889
2673 6139
6569 5962
4756 6927
1588 6282
6808 3724
1426 4422
4917 2591
5164 5518
1892 1473
2416 6244
4860 4271
6004 4039
4856 2061
6113 1827
5332 5742
2229 6837
3518 3534
436 4272
4374 3579
174 4834
140 3305
4942 4161
851 2168
1571 6283
4415 5770
4443 2132
5968 5206
3990 3945
5185 6790
6890 1352
223 3657
6195 1313
2506 3181
5109 4036
6826 3950
991 1918
4376 2984
3901 3180
5529 5938
2421 1862
3993 4316
139 2434
510 6116
2214 5
2112 2314
3095 5252
840 4581
1126 4967
6493 799
292 819
6528 5030
1989 3696
1876 2322
1969 3256
1823 6930
4084 3942
699 1586
6812 4722
5654 559
1075 1460
729 2083
2925 6811
2362 5626
1008 1362
4150 3740
6290 381
2141 4642
1935 6584
5307 2925
3386 876
5695 2596
2497 3373
4424 2413
5490 962
3097 1248
3701 2833
5355 3980
492 6950
2668 2519
4142 1699
280 2618
5965 2836
4808 2487
4993 143
3802 940
2944 4198
4586 2330
2892 4508
1681 1603
2884 3001
2816 5149
2056 1133
3928 6821
5397 3366
5123 928
2659 53
6345 5271
1033 6695
555 2605
1991 5849
523 1968
4419 1033
2966 890
4597 866
3293 3542
4156 4618
5438 4990
1403 5015
3411 1995
868 3999
5727 2651
3774 5924
5764 164
6168 935
790 1273
3291 6351
6931 2337
4783 4686
2963 1655
3003 872
3378 5597
1890 5372
5505 3359
424 5628
766 240
3997 6622
1790 5786
4842 3229
6184 2736
4485 3602
2533 4453
3224 834
6485 6731
5612 3517
5759 2474
5822 3363
3475 4821
2444 2544
1836 3196
5630 5874
4500 3449
6235 6274
5734 4460
5700 3473
5906 2999
556 4588
1311 4937
67 1372
480 6887
4938 451
5414 3697
3529 2234
2576 2929
972 746
646 5652
2826 2715
3594 6464
3190 5977
5807 2572
976 3465
2606 4792
1164 2178
3848 1474
1090 5392
4155 4628
512 6954
6358 3284
267 562
1093 3600
6527 4875
3094 4178
6163 2657
6756 1905
6845 2336
5462 3340
5681 411
5544 88
1219 6302
3740 3426
1238 6802
3530 1154
1617 2752
5282 1967
4556 3391
6223 6043
6193 6424
895 4706
3177 6423
1213 4464
3812 1086
6024 6657
3226 4668
5724 5589
2227 5362
980 5220
1978 2664
3749 2430
3699 1549
1150 5926
170 3037
4922 1948
307 3237
2135 5056
536 6372
3442 6377
490 5005
5102 5599
1440 1475
5990 1588
320 6161
6041 145
6800 2791
998 2205
2163 2597
1268 2323
687 6547
4821 3162
1711 6093
6622 3667
910 2431
2677 5132
1626 3536
6211 6394
563 3734
2175 2778
6133 2088
5456 109
4416 4164
2857 3927
3775 6594
6946 2802
6419 3839
4888 2734
3077 6225
6632 5616
1139 1367
6202 5655
5623 1441
6709 3399
3472 683
2329 1672
4960 85
1971 4002
5392 4674
2338 2115
6403 2071
3556 1985
3746 289
4602 512
4241 5900
997 2198
5694 5680
1499 5852
757 3644
312 2125
3568 5171
3207 1748
5200 3187
3976 5199
1958 5637
6544 4748
3998 5649
2650 812
5085 546
1985 679
6717 5474
4016 2490
700 262
5726 3070
752 6771
1247 6749
4411 4785
2102 6717
4031 6087
1692 5439
1137 1316
6609 889
5864 2679
2990 4992
4115 2206
6052 3788
1365 4321
4273 6324
2090 4665
5216 2209
3601 4171
3618 6373
2970 5287
3147 5533
6543 2202
4433 4097
5962 1579
4750 407
3141 1631
3575 3918
5772 5484
5316 6886
3647 5534
3404 5523
51 636
4581 4282
1865 1454
1390 3482
4316 6530
5688 5284
4576 3260
2009 55
4196 105
2714 1107
2373 5635
4417 6124
3132 2671
5957 5388
5080 1370
3606 2800
5133 4327
4128 2503
6865 227
504 815
5820 2817
2638 6250
5330 1283
3111 4078
2268 2611
2829 1521
4418 339
3957 3369
484 6682
5454 2641
927 3508
575 4580
4159 3353
6123 508
3545 2546
3362 336
1966 5803
1574 5364
4534 282
1370 959
6371 1357
395 5943
1520 3552
3637 6710
2445 2961
41 6471
1847 784
6614 970
1500 4898
6190 6370
5322 1673
1159 654
3249 3778
1473 926
2321 6190
6839 2637
4866 1404
2300 1390
5362 1670
1108 3901
2463 6800
5622 2217
2998 5412
2586 960
4286 4307
3413 5791
6311 2327
461 592
4405 4567
5437 6454
4303 5094
2197 2219
6792 902
3481 2888
1281 4622
2840 2306
809 6948
4182 925
4966 1936
150 3120
1301 931
4516 3487
5835 5673
6667 914
3049 2536
4796 572
3150 5160
844 6414
2643 2737
6393 5187
694 6050
2170 2751
2842 2292
1766 3375
6916 2029
6375 983
177 4315
5660 4929
328 215
4478 3022
6600 2491
288 2450
6978 5548
2439 1070
5379 1867
2780 3546
869 1913
6048 5477
4358 2213
6241 2779
3814 1458
4361 4829
4452 571
5988 4895
2945 2295
1674 2821
1929 5306
2982 5483
5032 368
2257 4740
5971 1055
5289 3307
1016 4852
3551 5288
78 1250
6954 6871
3893 2112
1695 5953
608 6819
732 2970
1740 4678
1956 5077
233 1630
4679 3061
4805 6743
4574 5827
5061 467
1230 3504
2775 4156
3977 1467
5776 1039
479 6925
4383 506
2388 2678
1329 762
2108 5144
2455 1112
6466 6389
6222 6515
186 6448
3883 3439
594 3224
1010 212
5717 1348
4915 1513
3146 5180
278 1504
1049 3239
1885 608
2464 738
3441 1957
4188 4222
4943 4883
1900 5500
2190 2909
6387 1326
3016 3649
2213 5767
6591 6054
1289 1855
4126 6739
4964 353
4497 5925
3821 6556
5979 783
5217 3385
6229 6081
1358 6958
1992 4803
4284 187
342 4912
5647 5796
6848 694
3666 5865
2596 189
3822 1507
5709 2012
6157 3113
2294 219
3919 886
1850 5758
6507 5378
467 6632
6722 4909
6918 6798
1750 4013
1743 1578
6159 5334
2432 1310
6340 3965
4558 4901
5593 3210
1763 1870
5062 1596
3158 4447
4622 4179
4077 6051
238 4495
5366 1126
28 3977
3493 2971
1798 6466
3636 2454
1207 4232
2457 1253
55 5460
6809 3490
6993 5763
5983 3161
858 3653
1405 5130
3469 1104
6107 2385
2361 794
779 4823
180 3437
456 1777
1023 1839
6148 454
6376 4431
365 6922
4318 1804
5892 4714
5969 2214
2845 3896
2341 6088
4214 4346
3933 639
3374 4739
6251 4732
1144 5393
1290 2371
154 3603
4863 5031
2417 3671
6013 6862
1396 3956
2291 3311
4062 3591
4231 4104
6684 1042
1161 3975
4157 808
5929 5490
6966 6757
4244 4505
2669 1842
2153 2408
814 2381
2451 6761
5358 4663
4169 646
4463 1774
3108 4485
4877 3669
6220 3254
6047 3962
3917 6902
3252 1047
4994 2867
3313 530
1271 3845
817 167
2351 3169
1204 4446
4644 2852
1544 111
1666 867
5564 6429
1891 5859
5387 1443
4488 5404
5789 4539
945 1302
5328 242
5301 3083
3506 6171
6552 3515
4617 6531
1611 0
3522 2278
6988 2763
5973 2798
5007 3408
59 3119
5608 4850
6467 2190
6725 6152
5222 2339
5718 6614
3874 5530
1762 5441
6281 1115
2334 6216
5753 6249
2755 257
1603 2032
4263 324
6051 3869
940 2695
3319 2084
3953 1400
6153 672
4498 2302
3461 4566
632 4864
5113 2884
5023 860
12 3336
982 3081
6239 6721
5428 3781
4005 3701
6174 2614
5041 2684
4550 3209
2272 1505
5882 3981
889 2803
591 766
6111 1158
3008 3147
4793 6333
4397 1381
42 5677
3652 1012
4022 3441
3450 2774
293 5253
1905 5741
2109 1807
6652 1065
3399 319
2436 2966
2585 1707
1095 6577
1189 6680
2038 5385
2471 3006
4767 3154
3769 1560
2520 3330
3686 4535
2901 245
253 6590
6627 22
1819 5675
1605 528
1434 5809
2418 68
6131 5418
3816 2818
2881 3009
5781 5254
377 3484
2535 602
463 2159
1433 6030
2199 5442
2258 1359
1903 5895
3057 3074
6315 3524
6270 5447
230 5224
5155 2717
3904 1148
5487 4963
2797 3448
2491 3887
2748 6381
5848 4960
1748 6100
2862 3974
138 1737
3036 2887
1160 5867
949 1667
1726 5676
3497 3059
5926 6855
2057 6668
1789 2950
4758 2692
5664 4696
4582 4667
3712 3926
6200 170
208 1189
3572 1121
217 6269
6580 396
487 727
2060 607
6455 6195
6497 548
6900 4158
334 5526
2047 3314
6196 1193
2628 2135
1078 3282
489 4174
6764 1401
5238 3020
588 460
2065 2535
723 3684
5042 6994
2955 1062
5893 4296
2986 2100
879 6014
4245 4654
3852 1456
5059 3873
5554 6773
6394 5034
6942 3672
6780 6824
3658 78
2695 1581
3298 3862
316 5120
1837 3127
5590 5762
824 5657
3286 2460
444 1338
1774 3141
1432 6391
5890 4760
199 6976
5187 2956
691 2228
3248 5431
6850 4304
3668 3540
3598 2994
4843 4487
2877 416
3949 3407
2648 5175
571 6812
327 457
6363 4514
540 6342
5797 1064
5407 4249
6233 3250
6319 3849
5372 6600
6356 6452
3868 915
4775 1963
4732 5405
6508 5152
6686 157
2582 629
169 771
3350 3619
3784 2983
5707 3263
986 1478
3902 4568
4 343
5671 2741
4703 2600
1815 3047
6635 500
724 6756
3738 3126
2602 4816
1867 1257
733 630
4453 979
5674 320
5369 477
4327 3075
4673 934
1228 114
6119 5419
714 2844
6050 1595
5516 2223
202 161
6778 2933
1178 1708
1793 3107
4247 3044
1552 6696
4125 3415
786 770
262 5453
3227 2483
5078 1358
6140 1004
499 1040
4096 2191
451 817
6310 3300
5179 5408
5790 1725
6214 870
3805 2788
6165 138
325 6203
1270 6907
5132 3293
2988 4054
748 6580
383 4480
2364 5061
6596 6291
3609 913
1194 6559
6422 5834
1581 3151
2161 5817
5125 1749
6130 6183
3741 4705
291 377
6530 5549
1584 1053
2873 5426
1883 499
4854 1697
4450 4270
4982 6700
2485 1652
6673 2282
6602 6407
6348 5374
1742 5486
532 4432
4390 5693
2768 6142
6524 238
2164 6611
212 3129
1941 5560
3391 2317
1034 684
5260 3419
5071 3722
1586 2097
4661 732
3004 747
5607 6816
4037 2281
2581 4827
519 3066
6896 5726
305 6064
289 2701
647 4857
4359 5689
671 5241
2814 1701
926 942
5165 6247
4236 793
6520 450
1856 1152
4838 5555
5584 4527
5126 6001
2690 5940
4920 3241
3438 2563
1372 6878
1439 6772
3820 5251
4465 3424
1443 81
3439 3240
6110 348
6784 696
3149 5942
1151 5907
4826 4299
246 943
5146 869
2646 6673
4524 3519
136 2383
6208 6720
923 3172
5524 5535
5160 653
5147 3549
2604 3018
6767 6920
5229 2287
2151 6519
2346 4239
6298 941
5760 1449
4113 4331
6768 4170
2530 3002
2287 689
6776 4578
6860 2904
4532 1929
1162 5765
6300 3510
209 3509
413 2827
668 2958
2111 3085
1827 1094
5635 2023
3063 2226
4737 6742
3255 3257
1147 5784
2305 5320
5138 433
1438 224
429 1433
1912 5617
4600 3281
249 3738
617 6778
2539 550
6465 6686
3153 2007
4954 1904
353 1837
4210 6201
6282 6518
1313 4672
3213 4420
1327 6635
606 3774
3847 2004
3562 513
6872 6210
2830 5165
1256 4781
920 313
1107 6913
3688 369
3321 5407
5021 2592
1813 5421
1279 4809
3316 2677
3270 6550
3886 4474
106 3944
4873 2756
6008 476
156 4933
5504 725
4786 4541
2580 3854
6146 1695
4299 3402
1961 1007
2750 2554
612 5829
2776 4377
630 3054
5018 5456
3440 2513
1829 442
5209 4655
3489 6746
6965 4094
2092 4926
1186 1799
1116 779
3707 3998
6805 5544
3509 5386
6035 3679
2062 1614
2936 6242
3416 4772
4282 5750
6010 4503
3645 5158
5097 1011
2137 5427
754 4640
5917 1519
2824 2049
1808 1746
1812 3771
935 5255
1649 4148
2132 4551
1516 6315
2573 1986
4012 5201
4653 3577
1583 4261
2147 3565
3881 5338
4713 430
5139 1983
1654 2740
5728 1336
6751 5572
1753 1683
2781 132
221 3664
3041 2466
2619 2875
6760 6846
3382 2631
3558 1199
3534 1420
1685 3745
1854 3633
2509 4340
5966 4056
5580 5267
1153 2089
3905 152
1795 6768
641 1034
5520 5798
5066 3230
5591 805
5637 690
3783 127
1215 4128
3853 1421
5103 4867
903 2439
2848 6637
4680 4989
4240 1270
4164 2842
4272 614
1744 625
1114 4472
379 6240
6285 2425
2951 3080
567 2456
5152 2357
2414 6980
1217 3207
6028 1129
5672 235
6557 4547
2204 3403
160 2738
2922 5469
2123 517
5292 2880
4515 3843
124 2465
3922 1659
4382 4651
2579 637
3772 4383
4962 6104
4641 4395
2703 1911
3215 3094
443 2173
6108 2015
6192 4861
4569 4780
1715 5119
4041 3687
862 1419
6312 3039
3346 6794
5168 882
5808 3223
756 3031
6038 2203
5997 5487
1523 4469
1597 5979
2191 5181
5074 1029
1106 2019
2694 6197
5370 1001
6389 5960
3491 6294
1577 5192
4071 6868
1736 1947
2909 2082
2311 5239
3210 5650
303 5006
393 484
5331 5097
5325 682
6797 1501
6541 1769
4655 177
3201 626
3276 1364
301 853
2517 263
5587 3149
2924 4165
3843 3
3501 483
5566 1072
4664 2473
4332 5749
511 3121
4731 6509
6322 1197
1071 3190
384 4795
3642 5482
1663 6359
4812 4513
4101 4338
3296 1095
6678 2866
427 2325
3827 975
5684 3065
4956 2725
4185 4876
6001 5792
6513 1019
6836 2583
857 1571
5531 2390
2734 621
1273 6685
1767 24
6575 6597
4219 2789
2565 631
763 3727
5182 765
2590 6099
625 2479
4665 5671
941 6916
6489 3628
1572 1124
4590 6995
952 440
5589 1142
2389 6115
3339 380
1143 6229
4972 733
572 6433
6877 2543
1231 2424
4045 6512
4881 3991
6475 285
4573 5805
6355 2258
1492 6118
2622 697
1804 4979
836 6343
3191 4181
215 1423
5766 5936
3550 2568
5510 2393
6025 1195
6997 3294
4508 6625
4178 2977
5914 6900
6950 2347
6267 4502
3018 1569
6262 1882
6589 6399
5005 6782
4499 716
2308 2404
675 2890
5267 3554
3560 4712
5952 1185
2548 1169
670 3681
3007 3822
1739 5361
3517 6561
1531 4042
4199 4107
4207 6369
1679 3647
6469 2042
3137 1693
1483 1049
6807 5647
2326 427
677 1962
3983 3924
1799 782
3453 1184
2365 2401
69 5046
3608 3368
5052 6041
478 2211
6642 6565
2564 1758
266 3816
3987 4594
4042 5575
2701 5494
5956 3192
3143 4623
4154 6134
6691 6984
3352 1455
5112 1534
6583 1366
2064 1702
4148 2531
237 828
3269 5438
3914 4860
1481 104
4458 5602
6979 825
3129 2775
4472 6411
3260 781
4204 3245
2906 1951
2672 4849
3397 2041
155 3892
4640 623
4146 1822
4969 3420
5197 981
6436 5732
660 4669
4366 848
2202 3747
5241 3220
4611 1138
4105 422
6231 524
6307 4336
2071 688
2784 3225
6606 6910
999 3659
1952 6785
1098 6052
4475 4374
1385 6310
3065 281
2136 4116
1480 1633
1877 1783
1530 4776
2462 5139
621 249
3182 363
5153 2164
6721 1772
762 844
64 2103
1493 5632
4699 1227
4613 3914
785 461
3142 1021
2708 2587
310 922
3532 4200
3988 588
5513 5819
3136 153
4348 5594
548 5057
2069 492
718 5014
3281 2953
1575 2101
5354 6899
6685 3000
864 301
5595 775
6517 5643
2347 1180
1508 4335
706 1820
4554 2805
5491 5790
2323 3861
4682 3231
2556 4877
3180 6406
3778 6034
4160 6217
3565 2354
6125 6634
6802 4384
6788 3553
3289 5065
5455 964
1325 1209
5393 3878
1487 1884
3613 129
3597 1139
3347 6876
3909 2256
4467 4647
3235 5723
1784 3057
4052 3078
6498 3131
5221 2469
1170 774
6646 2377
2179 4675
838 4971
3698 895
4265 4324
3490 6174
2473 1679
1061 971
6070 6231
6316 5850
5413 3443
4360 1919
6099 267
3020 2801
3336 4835
3363 2359
5400 2153
6124 4870
3797 76
5525 859
2254 6042
5729 4458
434 4954
3073 4098
3398 6982
359 1819
483 6979
3638 6496
825 6163
4343 6678
5931 1970
5875 1538
5841 4906
5051 6940
3406 1636
5056 1732
2383 1491
5777 4053
1946 3541
2386 1535
6056 5223
5714 3357
6539 4724
2946 5173
3910 1351
4816 2650
6739 159
6360 6991
513 3289
3577 278
631 1703
1534 2332
5467 1916
4141 2299
1720 2723
3334 5665
2131 202
96 2069
4180 5899
3798 4312
1014 4486
4082 1162
6002 6215
1735 1368
4723 1268
3294 5021
4587 2367
4106 3988
3610 1933
5489 1151
2751 542
5311 213
1907 1736
1404 3019
3092 3378
6182 3444
4604 5194
2717 1492
3473 4530
5691 1111
3622 4734
4432 5244
702 5023
2880 5788
2561 6184
1529 4923
398 6845
6166 5967
6989 2146
1419 4638
333 2943
4774 4637
5297 3270
6736 2795
3060 2016
1408 5475
538 2284
961 3800
5468 1599
6876 4157
4250 4401
6034 303
2705 2680
357 5664
4583 2334
5157 2797
6511 490
6941 6708
3407 1361
4804 1296
5383 494
6701 2263
1787 5994
3056 6943
62 3792
3876 3720
3079 5323
1316 2072
1011 6218
635 660
648 6128
2632 5414
6661 3048
3757 6935
5652 1802
1201 6481
3730 525
5115 1873
1355 597
2865 5807
2431 4033
3753 2348
3444 6875
2740 1698
2284 6975
1148 2085
5746 724
4607 515
4971 5114
5572 6951
1690 1744
2692 2690
2526 420
1123 5570
6715 4922
2500 760
4541 3964
2490 2058
2238 2222
1074 5787
3196 6931
3297 488
907 29
2735 6671
6834 4614
2789 6906
2099 4437
3246 5382
4147 5718
3107 850
3163 4729
2160 4139
6590 6936
6444 4063
2106 3513
2976 6620
3648 1389
2215 4856
1411 6541
5169 5633
2528 4354
2301 846
767 715
2435 6955
1980 2066
4996 6213
4706 3388
3963 4031
5246 2395
6494 735
5480 333
1227 1480
3643 1865
2610 418
1362 2813
349 3900
881 3608
4785 4004
4319 3467
3736 6219
4365 6702
4121 596
6160 5434
1127 2812
1274 4684
6538 1425
4671 3555
465 1930
190 6246
6496 3393
3483 2845
4449 2765
5477 974
2343 365
4846 6477
5298 563
2382 5242
1395 3434
1944 4636
2817 6098
2247 4351
4715 3176
958 5989
589 3261
3340 4080
5986 4524
5878 1464
4926 6461
4305 3331
5207 4515
680 809
1089 5395
5054 5069
4000 5811
5485 3390
4596 1187
4619 5982
3591 2504
6471 4043
4763 4554
5015 4196
1452 4023
6442 4064
3418 3705
2885 3038
3842 3117
3499 4390
4167 6314
962 547
5861 4127
5919 686
2296 3835
805 2886
3044 393
1048 3729
4762 2075
2091 2960
5981 2403
938 3431
1086 3842
6563 6724
4961 2218
6516 6110
4103 3826
2522 2815
6987 6284
5327 6631
5198 2565
2762 1685
898 5709
3127 3831
1983 1817
1389 359
2742 6067
531 4060
4048 6593
4868 2993
3112 6185
5448 1976
1457 4716
6335 1229
4074 3588
6212 3754
172 2959
3195 4970
624 3952
4222 1583
1491 3056
4444 3642
3725 6744
2968 2432
2930 1068
1350 1878
704 6072
4998 6558
1360 2972
4708 1397
6121 258
3054 2855
308 34
1607 3891
2273 6320
5107 5169
1017 97
3042 4791
1570 6666
406 2747
2706 3779
1197 4630
460 4425
3251 2530
2385 3562
1088 2262
5651 4448
1528 5457
6425 2839
4879 4430
2823 1017
329 5598
3671 6056
4489 2201
5278 4976
107 2500
3920 2808
5162 2760
2210 4339
6368 6897
4227 5079
6445 531
686 20
6079 3157
3982 2940
5244 1355
3183 4492
2019 600
5640 3507
2116 2556
2514 3511
74 4143
4598 2119
6309 25
716 3024
3744 5519
6762 5931
2656 1864
822 3558
38 5735
3742 2210
304 2496
2315 4049
3171 2525
4439 6551
1295 378
3906 4298
3625 4284
494 3173
751 1399
1043 3916
1006 6736
3175 4984
5824 6884
4051 4934
3716 1308
3603 4337
2195 2124
4825 6339
4102 5211
1236 2040
2127 3097
6232 6997
3256 5685
4811 5330
6824 6650
1561 3244
5142 6924
37 3797
6913 2220
4674 3348
5440 4105
5377 3934
4176 5872
5682 6421
137 2782
362 5547
6221 1071
462 2894
1687 2094
6758 6227
722 2485
2384 6723
5924 5085
1233 5808
6411 1988
1157 865
2063 3995
3959 3821
18 5432
3777 1546
5661 3889
4912 6478
1264 5445
6705 6502
994 4367
5600 3445
1909 2261
3342 707
4809 1181
5604 1502
2148 6522
6927 3612
271 4451
5823 5230
2987 6847
3417 556
853 1541
5116 391
4266 4753
2983 2514
530 3522
1880 1528
1759 2697
3811 2494
884 2881
5500 6688
963 708
6138 544
5172 3201
4990 6986
2635 503
3867 6763
1202 3937
5747 1785
6710 1117
4144 354
4162 4208
3322 4862
5312 251
6765 5554
6045 5780
3445 256
3421 3725
5317 1157
39 4582
5555 2922
4490 4759
5250 2070
559 2607
6215 6644
2403 6441
6690 5108
4752 704
5901 5923
576 3905
936 6767
3855 5399
6377 5538
3605 2249
987 1334
1364 6705
2720 3128
3305 352
6999 5794
1079 5871
6432 4752
5519 3932
4492 4621
5471 2455
5865 6652
1294 4172
4095 5993
2503 604
6925 4238
1703 2114
498 4644
2644 5232
3785 1462
95 4880
2629 208
4438 3178
3723 858
3327 3574
6973 2028
369 2423
2118 577
1346 1868
6097 2550
5625 387
6688 1242
1982 209
4013 5648
2663 4507
1557 5724
6204 4283
210 1238
5254 3215
6468 5480
3761 5296
6129 2811
4615 5580
6441 4433
275 4828
3503 6707
3580 4511
4766 2892
1175 5621
4461 5734
3116 1733
3275 137
269 5413
6656 3279
6391 5346
385 6492
4258 2122
1524 4978
4302 6113
3519 370
276 4751
860 2026
5373 478
1811 1178
2017 52
30 5710
3314 4342
5251 976
894 4522
5553 3589
2212 6608
5158 2022
2295 640
6225 4235
4709 316
4309 3651
5384 6061
1494 2830
4864 3089
4114 3760
2895 522
3370 1516
47 6071
2045 4086
1844 745
2037 277
135 5009
2205 3372
3385 5257
2121 3194
3508 4259
4529 4557
6669 2722
3929 6431
6626 2579
6844 3550
715 6328
4572 800
3966 1520
6985 113
6415 753
1686 5692
2928 1105
5346 6097
104 907
4710 6239
5215 479
1503 3752
2232 5322
422 3312
4098 4032
690 6143
1517 3377
596 917
4345 5383
4065 6912
6654 5800
3735 1023
1684 1786
1140 4217
4746 521
5192 6228
2299 1144
5588 2244
3317 1689
1342 3049
1297 3428
2433 3435
5419 6462
4149 2177
6343 6670
3670 3882
2897 5008
3709 2780
5357 912
2357 6587
4229 1766
5582 2006
1387 4662
4238 33
3064 2853
2381 3833
6992 4548
5427 4084
2340 2310
867 4280
6354 910
5573 6981
4654 5485
3145 5893
911 5988
5255 4683
1179 6206
707 6610
4981 4287
5076 3438
3627 1859
4557 6521
3250 4091
600 69
2173 6422
4526 2247
2207 5620
3925 6959
2218 4117
5159 274
3084 6086
740 4596
1565 2982
1050 2988
749 4778
3076 2185
3973 2545
254 1333
3 3717
3752 1490
4388 6529
4483 1241
2366 317
4579 2708
4678 3454
4413 77
1700 6322
4608 1922
5019 6854
6932 1260
726 4135
2950 2133
2771 1639
743 5843
5380 2018
6490 1354
6459 5212
5870 6978
6773 957
693 6112
5388 3497
2482 1335
121 5593
3803 6346
4652 2558
2624 6640
3573 5521
2549 3170
6287 4570
4629 5423
2743 3068
5248 3045
3851 4212
4181 169
4728 231
2392 4279
6109 390
3719 3164
4183 864
946 612
2246 6881
5310 1877
319 1691
6093 5298
2833 6714
1957 3027
6547 6780
5494 6046
5721 4609
1326 201
2613 3137
6019 3970
2201 1809
1009 3236
5430 15
2028 1327
3121 1941
1638 695
3593 734
3205 5964
1302 2245
4797 4421
4173 3238
5814 5591
48 4619
5523 5091
1328 5889
6150 2378
965 4713
3022 1559
4256 2790
6218 5207
5045 1739
4588 444
5295 6538
4288 1320
1928 1638
5150 3813
5985 3629
3787 5842
764 4972
4780 601
6423 269
2961 3959
2087 4234
5755 5178
3006 94
4217 3595
501 5559
4019 3874
4032 5499
5668 6420
4297 4528
2977 2781
2904 2785
3120 6660
2335 4355
5768 50
5444 3823
6962 5995
1029 3306
4407 6127
2804 6096
6863 4907
1083 1530
5918 4676
6409 3150
35 5502
6726 1782
5656 4949
3974 1823
2319 1463
6662 6929
2623 6770
4525 5508
3970 5601
2995 46
282 4650
3669 1069
4689 3248
6891 4245
5557 3893
6945 2008
4324 1290
1485 6523
2162 3985
6810 5348
2978 6012
5657 4767
6003 5153
4829 591
6712 2035
5473 2389
5571 205
5232 2764
4779 1866
2541 4
6899 3535
1414 3514
2249 584
3449 2303
2081 6966
4301 2047
4677 4565
5501 1267
4320 3610
3563 5461
2808 6402
5706 4442
1862 778
6474 3185
2368 2020
1495 759
375 663
5128 5618
260 1621
5610 6970
251 567
5907 6817
1896 5017
6953 1114
2853 743
4442 3790
403 5912
1474 2121
4055 2289
88 880
1135 3885
847 61
3051 1592
3564 6765
705 1591
897 1413
4223 3799
6930 65
3151 5397
4378 1651
5266 4121
5201 5286
6402 2667
6176 412
4220 3091
4760 3058
1637 4627
6968 4182
5800 1233
3240 6005
94 2144
242 1880
6720 5356
206 2893
904 5624
1975 1885
908 2013
1814 4826
1082 4526
658 5168
4352 570
1042 16
5068 4620
6670 2834
3569 1806
5002 2652
2544 1757
4681 6560
2110 6996
6628 5185
2142 3266
3290 2452
695 6964
1546 1276
5114 3249
2011 2039
5190 402
4944 2151
573 2876
3629 6733
1849 3641
3581 2586
3903 6609
1412 2426
6631 4177
6787 2819
6169 507
2465 5195
4772 465
4939 6243
3964 5876
1489 1704
1874 1332
151 6599
5135 312
5219 1716
6740 823
1554 3326
1648 5001
128 1
1391 6514
1993 4703
5481 3364
1397 5553
2761 6534
6933 261
537 2630
5895 1849
4949 4635
430 5760
2166 1265
5493 439
3795 30
6897 4531
1942 6503
3866 549
3941 5755
2592 1287
2066 3971
1214 6144
1352 4643
5825 1202
4605 5661
5228 2207
6858 2429
3528 6641
6585 5037
2710 286
5585 1935
2220 4133
5506 6233
3361 611
45 6105
6216 1457
2 5164
5872 5799
2014 3685
6835 4787
2476 1883
4133 6317
1427 4162
3995 273
5171 4069
2609 5381
4799 1720
3539 4693
3726 3262
4663 4518
5463 4096
3756 4968
4980 1294
4771 4035
1643 4762
6934 4194
4625 3994
1974 3095
5294 3108
1761 4473
3942 3872
1190 3623
6866 6055
2688 1761
739 1684
5338 2102
2900 2928
5669 1254
6906 1756
5621 217
5038 4737
6763 4908
1627 3087
3971 4504
5894 1103
984 5682
5673 3175
2277 1555
6702 1118
569 2580
5099 2509
3202 4553
1913 5736
3672 6751
3280 487
4060 523
5663 852
22 1600
1052 5919
5920 1971
5079 4521
5345 93
1881 181
6055 1642
5395 5928
2693 3093
5134 2038
5025 1073
1778 2331
2022 6010
1180 6574
2126 3699
2034 218
4551 4029
6266 6621
2419 1620
5722 3955
552 4613
2507 1700
4073 5815
4064 4224
4822 2968
787 1540
6948 1341
3383 751
407 788
2059 5368
6054 1074
3832 2477
1191 5846
4104 1750
3918 1051
171 1342
3780 6498
1292 2825
4921 5654
657 6992
5603 1101
2041 5510
3061 108
6625 5210
1240 1853
3401 4812
1908 5945
3432 6540
72 2230
943 5888
6450 712
3507 643
4351 1459
4852 5379
6449 1872
2598 4120
2554 595
3541 3596
2957 6049
4742 6254
3720 1557
2993 6624
5426 2655
6967 5172
810 4095
2716 2870
3833 6617
736 6508
6753 3707
2380 6304
1463 5161
5643 2009
3080 3392
2107 1135
4290 3714
6926 6626
5375 2486
1665 519
1373 5243
1456 1219
3285 5127
918 4810
1461 2831
3836 3680
3393 6646
2397 4571
1465 5420
5262 1671
5565 842
6284 2686
6087 6393
4014 4496
4705 3598
681 4715
5412 1792
86 6947
6364 6779
1330 6482
995 4160
5439 4595
6623 1289
3379 6755
1073 2046
6173 3624
3768 6058
1335 4789
300 3046
1768 1083
6647 768
2337 2883
5731 2353
6374 4975
734 6850
3770 4707
3157 3879
2406 6398
2072 3605
2662 5142
1224 6536
581 6003
3069 2221
1287 1742
6749 3374
3102 1778
1803 2990
24 5110
4770 6513
5749 1206
5368 4569
582 5952
3840 1246
5269 3198
4089 2628
4599 4199
6869 5016
2531 3711
4395 1106
6816 6555
496 5358
1166 3884
2532 821
2562 4416
5676 3961
4034 510
5937 1343
77 1858
3050 2333
2572 5744
1322 5795
4900 6570
2012 3712
2336 2872
6105 2694
781 340
3913 1174
2741 6861
1388 4510
5815 6709
5242 4440
3230 2447
2007 5072
782 5044
2008 5141
2684 6501
79 6974
6871 5743
360 447
4801 2623
3834 3593
5849 342
6037 3569
2836 6911
3869 5681
1018 6472
2230 1014
5737 5428
4776 691
2372 6136
5802 481
1781 5883
2843 6153
5967 417
981 1752
3367 2419
2251 638
6804 5536
5617 2161
1146 3259
3710 4291
2285 193
5040 12
6772 4426
3451 2444
4191 92
1818 3243
4782 6436
745 3217
6461 4585
4165 2093
167 3814
214 4728
4153 6869
5065 4364
4606 3976
5264 3604
2962 6575
2125 2730
6611 599
730 1247
3900 6397
5667 3894
3937 6149
4855 2996
5658 3767
953 6490
2040 5406
5885 75
6852 777
1511 5557
3819 6865
6883 1321
3130 6077
653 3273
3434 6883
5832 2361
863 166
2875 6147
5034 2086
5308 1613
3264 3481
1381 2761
1625 2967
845 3695
3384 6150
2802 1526
5258 1593
2115 587
2903 2720
4538 1096
2700 6563
1212 4697
5834 573
1639 6853
6546 6092
2712 3676
985 6465
1724 3563
2902 693
2398 5707
2387 2540
29 3043
6029 5990
2496 538
1717 4293
4354 5897
2171 3132
4027 6791
4950 677
5339 5985
3511 2995
2954 6129
374 2889
4536 6918
5348 3665
2958 972
873 6013
4017 4386
1102 5359
2082 328
3354 6179
6723 1845
1745 136
2553 5986
518 6334
5723 594
5319 4841
2551 6103
3760 875
1131 1597
2810 2399
2869 2553
6658 551
116 3347
4175 2216
2394 830
2940 6207
1866 1087
912 2233
1604 3925
2537 3911
2527 2405
3500 1119
4543 1645
3540 4077
2154 4995
6518 4953
6260 2648
1563 4225
5017 6762
6253 5818
2674 2537
655 6011
4460 6863
2972 2571
4684 2063
2778 2807
4043 1266
5938 4258
3109 5177
2217 6037
964 6730
97 3212
6730 5753
3533 3468
2956 4885
2052 5712
4848 4226
414 5958
2079 2962
6386 3303
4339 2910
1672 362
6843 5071
1615 1376
6017 268
3435 6196
1590 3277
5697 3941
6615 6387
2412 598
6447 5433
2639 163
4396 3817
956 6962
2426 673
5583 2835
3538 6371
5183 1145
820 2663
6330 2373
6733 1834
4129 5033
6944 6941
580 6562
65 5343
31 5686
6694 824
324 5678
2770 3715
1702 501
3806 5584
5098 6754
2303 2462
6103 6347
6201 5043
4213 3286
5081 5835
1133 64
4695 1249
6638 6993
75 199
2177 761
5528 2157
1188 4935
5915 3494
1861 4406
5649 2934
6990 5522
1128 1484
6831 4727
878 4488
5136 198
1209 3625
6303 6445
643 6967
4469 6987
3099 4010
98 6554
3059 5705
1467 3787
225 6998
4054 5217
2155 5720
4933 4330
4338 4543
6074 5415
5562 1450
6861 2155
4406 6303
4761 3457
2456 2861
633 2562
1730 5493
1559 190
3106 221
6907 685
4985 5310
1579 4073
5970 1035
1019 1414
5365 3834
1613 3315
6188 1365
337 6059
4226 1453
1263 4936
765 4072
1356 6681
3375 3838
3217 2981
314 6777
3470 2446
6519 2610
2027 6692
3468 2251
2886 529
5819 2626
6969 5365
4901 4695
5592 1192
5774 3308
6154 6661
2093 5517
1067 3615
6922 888
6801 2238
1765 3165
741 4818
1683 6999
245 4450
1634 6553
6700 5455
2396 6200
4940 5496
4751 3323
2651 4219
4718 4387
1522 5148
6428 4303
5 1835
159 3211
350 298
5000 6356
5542 6181
4992 3532
1094 1256
2919 1288
2583 5545
4764 1082
244 5208
1210 1418
4336 4775
2757 561
6372 6434
2882 3856
6338 155
607 1076
1732 6211
4369 5822
2461 329
2557 4142
270 2476
2004 717
6075 1430
3238 4910
2146 1353
1953 6017
4473 3365
3467 3199
3012 1728
2883 5697
5091 4007
4056 3301
3155 5113
168 228
3694 4404
2683 6725
147 6121
4329 139
5704 5983
3764 3275
2453 3493
5363 5060
2540 2272
2145 1580
6424 239
651 2974
3425 541
4849 5183
1367 5961
2023 4905
4861 1166
4323 1067
4553 3320
2685 2989
6711 6234
1591 6289
1353 2002
3748 1346
198 6677
1221 4205
3657 5746
4875 5147
5762 3654
4481 6525
2828 1641
1276 470
1710 3234
5646 5625
3408 633
5239 3698
3245 3923
2858 1939
1003 6039
2021 6068
3053 5429
6841 2235
1392 2865
2733 102
2798 5295
2754 3422
2728 6438
4401 1245
1347 5467
6183 2575
6917 2823
6040 6435
801 5495
2818 4721
6265 6510
1437 6226
5386 1561
5335 5927
5598 5344
294 1711
750 5476
601 265
4704 4956
1642 5402
2117 927
5420 383
2908 6890
5326 1678
5539 1301
3841 3416
5708 2552
6255 2902
2926 6084
2271 6961
2641 2896
2434 4176
1841 124
2036 1274
2189 6552
2949 5229
3333 2267
2819 1545
6238 2570
5949 6255
4692 6238
2620 3329
3878 1841
4187 2259
5320 6063
3882 41
3885 3159
194 1277
6058 2166
5401 6412
4621 2321
1053 62
1351 3136
5022 1488
2088 4600
5033 6119
4350 5551
2759 2194
6061 3785
2931 5258
6473 2351
1976 3139
2075 5203
3779 6809
3856 5297
1306 2681
4806 314
2255 6141
4840 1232
5659 3421
4745 296
4800 182
476 6595
183 4197
6668 2582
2870 1653
6588 3946
3263 6299
6433 3021
4224 6732
5904 5501
6666 5446
3039 2501
1875 6251
5838 6615
3781 2895
755 987
3001 1016
5371 480
3731 5951
2119 772
6463 6596
6791 6973
2058 952
3114 569
5833 459
2715 1537
2018 5890
5703 3335
5431 2113
2332 1917
5024 1901
5069 2225
6334 622
4410 225
2667 4193
5256 5690
5156 2975
6742 1369
1667 107
4527 5948
5342 399
2276 6236
4243 1832
520 1411
2686 4773
3838 2489
3093 2123
1136 6557
5678 3397
2560 6667
4627 4017
2953 2407
1152 4520
4847 6026
4741 5525
2722 5052
852 4843
3494 4187
2505 6701
1940 3749
5547 5197
1218 6027
4803 173
4495 6168
6923 168
6057 868
861 4811
5993 6894
4659 6766
506 6357
3037 445
3728 5238
957 1415
5712 498
143 4350
6748 4766
5720 985
4507 4653
2607 2772
455 6684
1047 4227
5055 3836
1977 6237
2379 2391
3048 6135
993 6484
4260 2557
6167 816
341 887
3465 2688
335 5882
274 773
3122 4501
5108 6382
4414 5473
5869 6566
3504 2341
6537 568
5581 1429
5939 2057
5461 6874
4189 4534
2313 5984
1198 2712
8 1887
2293 4314
1594 2152
4109 6408
4787 47
1551 3810
5903 1705
2996 3153
928 6601
4995 3803
1241 1172
82 4204
5574 5610
788 4408
1754 2863
1300 6583
1532 3103
909 3786
2707 49
1305 5527
1250 3246
1092 6663
2281 5831
1830 6476
6342 1714
3117 5683
3266 1003
3624 3989
417 951
3098 580
122 2873
4987 701
3002 415
459 2493
784 2025
2536 644
561 3678
1192 6353
1839 5247
3611 5377
4963 2286
6026 1122
1455 1925
2016 5565
6840 4593
193 1674
6846 4074
4568 3748
203 4779
619 4964
4784 514
4385 6031
315 6155
164 1388
3571 3317
1964 4931
5315 5663
6893 4361
5374 4195
1910 6840
988 2356
3096 4410
6687 3996
6798 367
6854 5050
5391 1409
3961 309
453 1058
2399 3618
447 4357
5474 3866
6405 5391
1945 1852
4277 5578
491 1291
4295 1482
1547 1002
6059 6571
3010 6759
2501 4680
6306 1226
2666 6133
3684 5002
2024 3492
4287 4985
2275 2081
3872 2508
6653 1775
1734 2464
6147 2683
2048 1692
2850 4723
3516 1243
1310 4853
364 2104
2304 749
1722 5089
149 4523
5265 5218
6986 80
1338 5917
4392 5417
614 3034
6171 151
73 3251
3348 6453
6118 2197
3359 3116
6731 3413
2070 3859
6379 246
277 1116
3614 3726
5206 345
1165 4429
4504 6516
6156 6336
5218 4260
5173 3452
1682 6345
5599 1594
4209 5797
5898 933
1612 3694
4660 1894
6320 923
929 2183
6745 4997
1469 3592
3181 5727
6277 2955
179 5947
6031 1385
3943 2449
2405 4349
5879 1272
4514 1803
1926 5606
6540 2946
5976 5464
3170 4974
367 2106
4120 904
5857 347
727 4564
1537 6378
3261 4389
5701 2005
5606 56
2228 4847
1446 1764
1860 2227
4594 1041
848 6029
4989 1405
5586 6691
4493 6968
6921 3130
5855 6569
4837 714
6562 6572
4755 540
4688 4957
5450 5688
3179 5333
595 6727
1331 1808
6226 3404
32 3673
4884 2897
485 197
2015 2437
2348 4313
4991 5100
3457 154
1824 3721
5541 6326
4634 6167
1239 1140
3495 2848
6304 871
1621 4941
3587 5576
2723 4415
3172 54
6263 6499
5360 3269
2567 2128
859 71
6071 754
3055 1037
6651 2731
1510 3395
2113 5860
1887 191
4909 1293
1111 4372
1000 1091
4134 6823
5804 950
5916 4561
5527 4925
1464 6985
1731 1869
6098 1648
4668 5256
68 4918
979 6280
3265 6313
1662 6296
1277 3050
7 2913
4002 4563
5710 6270
1482 894
2245 1170
3547 4254
2376 1955
380 3639
3332 2838
2764 2879
3673 1508
120 4242
2156 5351
3621 3051
772 2662
5925 2290
808 6384
885 3983
1602 2589
2051 1928
5475 4438
102 4601
6077 2604
1644 1442
3620 4629
6242 2131
2894 5542
290 827
2724 3191
6299 4146
2262 4012
3253 1153
4402 341
3583 1767
6692 5300
4941 5437
2711 3174
1431 6260
2176 2288
4368 2078
4511 5452
2159 992
4978 6944
1894 2298
6089 6405
2128 1497
5499 590
432 1204
3011 5646
627 5250
4850 5337
1533 576
6643 1906
4533 5714
3898 6488
3980 3442
2289 5302
85 3611
1158 3433
5987 1790
5888 706
4658 6311
5037 5465
6875 3156
4212 5003
3034 1721
1931 2414
1266 4915
6506 5270
3714 5918
3915 2719
6439 6839
4973 6235
5867 2860
2358 4411
2932 3483
916 720
5174 1622
6186 5398
3133 4483
3965 2520
5329 2099
4844 6165
3706 3631
1904 744
1782 3736
6649 2422
100 1084
2144 4632
5887 945
4914 106
4789 6647
4635 6937
1959 5939
4564 3299
6781 5170
2974 1407
4035 1477
4571 2345
3478 5656
2184 2585
4067 230
5689 711
4090 3500
1564 5150
4448 1510
1288 2729
6813 4490
1576 5491
5449 6544
6460 5349
6837 893
6155 2693
2430 2170
2129 539
944 5858
662 2644
688 4368
1269 3723
4876 6038
3344 2355
6012 6182
6199 73
4192 275
133 3460
363 2569
243 5836
3887 421
3052 5146
3303 426
3944 4288
1664 2973
4268 3648
6000 1298
656 2065
1369 1309
543 455
1037 1380
654 4479
3307 840
4725 5887
6680 6795
1596 4334
6828 3851
1339 6919
1518 4103
101 1427
3599 4859
1435 5910
3912 1724
6737 1255
2181 5816
1652 675
15 1494
5302 6319
4813 3895
2447 3011
778 305
562 2559
4308 2642
4230 1952
728 6619
6501 2055
255 3819
966 4987
1719 6507
5851 3765
4068 2529
2899 4478
5928 5862
2030 6896
5014 5216
2524 5410
4970 2291
330 5612
6943 3617
5408 6486
4001 5946
5648 3674
6066 2609
3075 1856
3395 6146
593 6629
3745 535
4984 371
3536 2560
2098 921
33 692
2279 1036
5677 3379
4347 6735
2391 1006
2942 5154
419 1022
13 5782
108 91
6868 820
4701 4887
6610 1723
3072 5202
4929 4765
5675 2851
1115 4607
285 2732
2803 1759
5873 376
5105 1690
6799 5645
3890 6164
5974 2936
6885 4467
2042 1239
343 6704
4428 3635
3459 1236
4119 5012
4166 1085
2302 1080
3968 843
6601 4790
3423 355
5955 1815
6679 899
6158 6806
1384 4761
2516 3992
3930 741
1632 6148
661 5166
2219 2416
6020 2175
2322 4840
5178 3804
744 4699
2437 1160
771 2969
747 6194
6819 3967
5679 6132
6655 6019
4251 3425
162 6706
3690 404
6898 3530
6676 5725
5478 5193
2918 203
796 3349
4610 5935
812 3475
6599 2757
3104 5340
1416 2755
5119 1896
599 6330
6336 3585
3410 3155
182 5489
2687 2130
5902 4725
4011 6352
1051 3586
2920 6160
1810 1318
4887 3662
5858 4921
5847 2091
5226 956
2186 100
5001 6446
2753 6946
892 575
541 6418
6817 6076
683 3706
3891 4916
4716 3650
951 5389
287 6613
2618 5556
5347 350
2152 1920
5225 3915
3288 4902
2513 5135
4246 375
6404 4559
89 1240
620 6101
3409 2044
1060 6787
2744 4893
1973 829
6217 6687
974 5190
1618 6468
3083 196
1972 2721
6011 1730
5634 3086
371 5204
2167 1217
4399 722
6413 3110
5271 2606
856 4689
3035 2158
6574 6395
3243 661
2006 2952
3071 247
6084 5459
4334 3134
5507 5073
6553 516
2261 4536
4107 6738
4039 6426
1526 4688
1852 4865
2523 5604
4795 5468
4823 4006
3487 394
1124 4660
549 6048
184 2793
5946 2705
3178 214
3371 3802
6135 5236
1070 1961
6752 1943
6416 1109
3058 5067
176 3288
416 4872
6161 5018
6914 6107
1838 3430
5577 3316
738 3105
412 6815
2546 2344
3535 6838
2130 3332
3233 3389
1497 6648
1261 2656
6644 1186
4618 5717
3232 1798
1541 4770
6796 3583
4174 4403
5151 5471
1066 144
5460 5579
1084 4741
5818 6015
915 3076
6605 1984
1235 3844
421 5754
6016 5448
1312 5309
6976 4192
296 2742
4446 1194
3496 2859
6036 4900
5782 806
6329 5586
5685 5619
4539 3358
3907 6458
2183 5694
6970 6130
568 2318
1354 2635
2231 4213
3607 5319
3549 6360
4063 4118
5535 2588
5765 3864
2031 1234
6427 3253
872 2090
6820 4615
4080 4048
6207 3762
5735 4917
468 2145
3561 3242
5947 6520
3222 4092
5810 4371
1864 518
5349 5659
2307 4833
3630 2837
2681 6895
4727 4085
1174 5462
222 2615
5881 3228
4313 4819
3877 4951
1539 6893
2788 3858
5243 2598
3173 6305
392 2979
1156 5845
3713 308
3464 763
2566 4027
1260 6866
3488 3409
5779 6222
3623 4633
3861 4087
4952 2649
2937 6166
5963 6475
5569 3053
1249 5627
4935 4392
5756 5134
5429 3660
4091 4443
1963 1890
5130 5954
5880 5029
4883 2427
1863 2792
6384 1618
1002 3004
5559 5293
4110 6169
2495 5636
2671 954
6106 1964
3301 3183
5211 5305
5977 6675
731 1434
1871 2547
4676 527
6504 3166
924 1650
5984 464
6237 2945
1244 3692
4589 6960
4911 3863
500 2926
3448 2796
3681 2594
850 857
6240 5260
1035 1435
5716 740
2395 1974
2200 226
507 2857
1699 1284
2948 2343
6536 5810
2763 4343
331 5764
4546 288
3960 4744
4656 4945
2267 6062
5693 3200
876 279
3979 6753
5650 147
2264 4950
3032 3104
932 1875
6246 1330
3962 188
5089 681
61 2108
3985 6579
2907 13
3278 3638
6983 4301
4867 2215
1834 3485
378 1465
235 5281
6724 84
6142 4805
5324 5314
4792 5400
6634 156
770 1515
4506 3345
2847 6573
2226 5785
4872 5278
685 1544
4719 4375
3600 2898
1797 3319
4140 1680
4616 2362
6321 3028
5193 5325
628 3777
5791 2011
3972 2273
521 1643
2150 1220
3046 1924
4340 6921
6939 1791
1845 5051
5891 4886
676 5355
4869 5506
597 5269
1199 3594
2772 489
5514 5974
3655 435
3808 6889
5680 1212
4234 1784
1676 616
4601 6198
4886 5853
1882 2283
3484 3292
6984 982
134 5083
3739 4516
309 4079
4657 4799
2169 6949
426 4256
1315 5915
4749 6108
5980 3195
3543 2622
228 5771
1246 4169
3717 898
3986 1223
1451 3857
930 2820
6454 6224
6592 881
5048 101
2470 5713
4871 4998
352 3186
4503 1221
3437 1471
3628 1570
5741 474
1059 5222
3430 863
4624 4445
5739 1944
2290 4302
2089 574
6851 4711
4768 5303
339 6261
2327 1751
3234 4558
6418 3806
6698 5215
4375 620
2645 4730
2595 4285
1168 5315
1424 6176
4007 5997
2061 183
6341 6138
6492 3488
1449 3327
2765 3411
4364 5514
21 4592
5110 4491
4889 5595
2852 5363
3667 6679
3306 1998
2584 6834
5733 6449
1916 6750
5757 3761
4690 3171
1779 2726
2100 5312
6672 946
6811 1874
4828 6859
4545 2438
6500 1412
5792 2840
6491 837
5908 4980
3664 6843
1694 1972
4233 5369
5982 2816
2049 5934
613 3124
3989 618
3236 6716
6584 5174
6359 831
534 6546
6352 6271
2325 977
5154 2753
1902 5561
1040 2991
2449 2621
3218 6021
887 4251
6675 3142
321 1812
3858 2549
2575 6180
91 5638
4517 2324
551 4397
3828 4768
6951 5783
6786 1498
347 1722
25 6094
2617 2052
5403 3182
5827 4373
161 4136
4649 4897
6451 5036
5629 4306
6560 1781
6139 2710
833 2891
6227 4439
5670 676
1631 4147
528 1395
1185 2188
6132 1617
3967 1897
2489 6788
4833 5324
5690 5711
71 6392
5805 6332
2571 822
854 5546
6744 4831
2512 3590
458 6286
1733 6047
5236 5081
5515 38
783 14
3870 5587
3578 2208
3244 3622
4020 4454
2691 4602
5043 911
344 801
6566 5605
6704 5272
3140 134
4575 6659
1296 1512
3331 3607
5293 1328
1125 4920
3148 3313
295 3041
6949 3429
5470 2126
3926 968
2409 1551
5300 1125
5406 4750
5290 4119
701 6368
1769 3495
5715 6309
3349 1045
3279 2087
54 5666
5930 4215
92 1150
1936 5933
3691 2964
6219 2074
2187 4639
2168 2492
1545 2647
6230 5837
5655 325
1822 2733
6181 4573
1521 5898
6657 671
148 1773
5771 6256
6382 4166
5662 2169
2460 4075
4264 3997
3237 5268
1943 1077
4004 70
3405 3573
6333 3766
925 116
2965 6841
1780 2603
6302 4468
3897 2003
1336 4927
5235 2398
4161 5778
2756 4702
1430 4252
6484 2735
4878 3746
5642 2689
1786 939
3315 1066
5552 252
6137 2613
1171 4858
2991 5335
6741 3486
4819 5039
1816 1965
4788 4052
5597 35
6100 6628
5933 6428
4239 1331
3875 6329
1167 5263
3555 7
3899 1208
2499 4755
1951 5833
3115 1323
256 4273
969 1216
1851 4899
4367 5157
3766 1542
2420 2457
839 6083
3159 6214
1462 1734
3835 6914
192 892
942 3847
6770 5098
1999 3040
2236 4822
2603 1793
6915 6263
4228 2608
807 48
1211 482
5472 1794
6007 3322
3326 3005
6250 5892
3680 787
3791 176
1046 650
6288 5567
4486 5877
2446 4691
4253 932
2374 5249
5748 3551
6094 6379
5611 6792
3312 5075
6827 6988
3771 4265
4632 4879
638 1602
6980 4892
6245 2237
5003 5999
4429 1846
259 6178
1232 2229
5862 534
1601 4370
3103 4016
1918 5528
3693 2297
6149 1789
1399 1910
3602 4797
6164 4317
4765 3640
1725 4494
4205 634
4735 2451
2114 220
401 655
5839 4804
590 6016
3392 1682
1785 2703
816 1325
5399 3763
3758 1292
2725 1954
93 3531
6734 334
587 1088
4389 3102
2269 3189
4400 8
5144 3661
2559 6697
2492 4555
725 5992
3850 2917
6603 260
2423 4904
3100 3580
3640 3757
2941 2963
4018 1213
3443 2523
6268 937
2947 6287
3711 2916
6565 552
3209 5911
1737 4720
5249 1836
2393 1664
4326 204
2891 3636
2283 668
4561 1383
6880 5004
3403 5118
2203 6259
3839 323
3860 2068
1172 1448
3649 3477
4021 1426
5296 2312
2655 1932
865 4625
2787 171
27 45
2992 3496
4208 60
5378 2497
4711 3848
5084 300
5786 1979
2874 4276
5117 3505
388 6479
5012 1665
6365 3913
1962 3179
5137 4427
525 776
1333 5233
502 3324
3311 811
4642 2601
5615 6605
1979 861
6586 4694
5837 5581
2959 6693
2198 5716
1933 3235
5364 6972
1701 2799
3262 1046
6818 4855
3619 1177
4086 6223
2354 135
4858 3268
2678 3947
5104 845
5234 6505
5272 566
4815 1861
890 1881
4006 2858
474 98
6476 3436
4195 3352
1120 3383
6555 6963
6908 86
802 4379
3951 1312
6718 3880
708 2923
5212 5813
5140 5896
4271 1171
5245 425
5129 3886
983 3466
3947 2770
6823 3984
4355 6485
5285 6427
66 4497
4257 3902
742 5607
1619 3865
3826 3568
6349 5756
5991 4241
5605 5885
2896 43
34 3146
3082 2387
3862 1654
6697 6079
1226 295
3412 1235
6699 1604
4409 5347
6407 1060
1922 6711
4946 471
1677 2472
3427 6036
3019 5751
5533 3888
5614 3616
4403 4817
1567 5047
1821 1830
6535 6524
5641 4248
4138 2629
1237 748
2083 3295
4124 2593
3956 3328
5719 5116
1317 5274
1113 4115
2760 3350
1229 3063
338 6252
795 2301
900 4575
493 1718
5281 5131
5626 5613
3185 1224
3617 5259
3524 6872
6746 4959
6582 358
1981 5184
2105 1403
4651 3123
2278 6258
4437 2937
6297 4928
4712 613
3996 1582
6014 5766
2664 1825
1258 6325
2658 2646
1709 4394
6903 2691
5191 4045
4542 609
2935 4813
2318 5886
735 2276
6616 1079
3162 3993
2481 1024
2973 5774
50 2768
4059 5093
880 3890
3189 4873
6396 5339
