7500 4000
6822 4126
1204 4440
1752 174
7051 4231
119 3492
2351 2771
2572 3405
6712 4465
2035 4377
1399 1773
1311 6710
2433 3511
7075 6845
1088 7091
6051 2812
1872 1611
5882 502
856 471
6593 6188
5007 5133
2341 2644
1572 1858
7302 6667
5088 269
5398 5791
3898 6370
2162 1220
6136 7442
4292 4811
6230 2130
3720 2311
7144 1120
957 3215
3432 350
1443 3659
2494 4996
3556 3562
286 966
5754 5519
1822 3119
3213 4923
1070 4237
7026 4859
1275 3025
534 1367
1141 7039
1809 3370
3240 4974
1678 423
5142 3748
7436 3554
3462 2256
2837 6313
1061 330
2223 4314
6306 2079
3401 2087
2097 6630
4952 6450
3912 309
6446 3594
3466 4590
2020 337
3304 6936
5689 3503
3621 1459
2088 3443
6202 1664
3726 4531
7090 3703
982 1423
2793 5024
268 867
7464 4216
6968 1866
3602 754
5571 1964
5440 7264
4143 1138
6359 5061
5306 7251
1794 3749
814 5402
3770 4097
3042 2057
1304 3570
1601 5663
2365 2142
661 497
3891 4596
6203 6535
4827 525
2391 1832
2194 3088
2659 1106
2486 2341
4104 2733
4041 5723
3732 3430
6379 153
6987 114
4687 6872
4899 2338
7020 2260
805 5348
3386 1756
2680 2773
1012 5590
3877 357
4786 1357
2058 558
967 5267
6356 4315
6462 3010
6112 859
4675 3507
5630 5056
3838 4087
1325 5577
6134 4643
3387 7391
4874 1907
7433 6199
487 967
179 288
1815 2610
6971 3482
5031 2699
390 6841
6367 2782
6365 3578
503 5010
6977 5089
6584 3807
6498 3895
4630 5012
6054 1816
2990 2113
2271 1872
5706 187
3051 1133
6521 5386
726 5983
4222 3909
5326 6383
206 1022
3341 7072
3187 4843
5799 4300
6658 1400
7033 1094
3507 461
4089 3833
3681 6768
4162 2675
1039 3415
4503 5895
6482 5192
6172 124
1027 6523
2205 5323
6372 5493
4028 1270
2284 2565
7263 877
7313 1452
68 5915
3345 1770
6002 4948
6636 858
6614 5672
1841 52
6389 7092
1007 2373
128 7490
2637 1806
305 5767
2147 141
6058 6027
2623 6809
3164 3414
6686 4262
3395 3190
5099 4117
1939 2817
4811 809
6085 4576
819 62
2878 5671
4486 5934
5800 965
5682 4523
3313 1515
2908 3915
6661 3068
3974 437
7074 3305
572 2651
1802 2159
4593 7097
6891 6807
4428 1162
907 193
2439 653
5500 4011
6269 2090
4319 4195
6595 2687
1741 6409
381 3398
7410 837
2008 303
596 3323
4411 6798
945 829
7115 4494
6318 4452
2843 1668
2014 5889
196 6379
3702 1451
4868 4661
6802 4666
3431 808
3384 2254
6263 3660
2991 6030
6761 1155
704 4156
5452 2854
2961 3181
1073 4010
4954 2375
6634 2555
105 2585
7431 1807
2718 2288
1201 658
7365 6305
3428 2549
4614 2110
233 5932
3583 4069
5702 830
399 4215
7280 6939
4160 3035
5538 5182
550 654
905 1416
3321 7192
4528 7202
3403 2261
5223 6000
612 1579
3328 1557
5748 4006
396 3590
3211 3104
6567 3784
1264 1001
7158 268
6190 4209
1727 1190
3458 7026
3226 5170
7444 3320
3501 6622
4792 6634
7388 35
7403 4975
5049 4324
502 2732
2722 6977
539 6489
510 6908
1667 7139
7366 5813
356 3920
5550 642
4208 2185
5239 5632
4569 6038
3542 6417
2256 1659
3902 3579
5497 1508
5801 7126
1376 5897
1010 2645
2025 2934
5554 2822
2062 2393
4809 4807
558 7338
5209 4756
1905 3453
6029 5524
5044 5253
4853 4083
1823 4239
6129 3598
2771 6151
4352 4506
5680 7247
3699 6490
6750 1051
1128 7197
958 5335
3493 6301
564 133
6854 4280
7439 4433
6715 5165
3584 1364
3360 7273
6930 4055
3566 4317
7397 4400
2591 1003
6048 2481
6351 7020
4922 2065
1618 5574
2535 2358
3033 4499
1115 1761
2106 2107
184 1854
4433 3433
2055 1225
7484 486
7211 5853
5740 3699
4927 3208
5291 2215
4741 3381
4692 6844
3725 7089
1858 4031
4248 6320
854 3541
3055 6355
6980 2047
4324 7475
3679 5973
137 2931
2799 1774
6481 6197
312 5688
1576 1152
4333 4624
6434 6993
3645 6211
2925 5222
2474 5806
3670 4635
1634 3736
7216 3591
5059 5283
2200 5697
6241 2328
1308 3285
7073 7184
2696 7222
3666 613
1653 4658
446 1298
2904 3798
7227 1717
7492 5839
6411 6397
3587 6007
3860 2475
5016 200
1897 1518
947 228
4681 2207
5714 6859
4182 3472
3821 1027
5760 3066
4239 3700
6651 1309
567 1361
3117 4026
5053 4066
7142 5752
524 47
699 4388
6857 2332
5824 2350
6673 2820
4490 5492
5101 7266
637 5954
556 6213
2098 1129
2158 2923
5250 6688
2193 7404
91 1991
371 4356
39 3566
6106 3950
964 155
6155 1316
1476 6646
227 173
426 770
2902 5289
52 5840
3231 5609
533 2581
5470 6618
841 6524
2548 3475
1768 2175
3133 5789
6626 655
7396 6867
1595 1643
3439 2138
5186 6970
6416 4544
1942 3885
1345 4477
4701 6368
4355 5666
1959 1799
7376 5307
2641 244
101 42
3844 746
386 6671
4611 5337
2785 5881
6187 1906
7034 3188
316 602
6012 5127
2445 627
1343 2237
2498 6380
1284 1550
508 6632
5465 41
1460 312
5493 615
6174 2879
3529 5408
425 4894
2689 2574
1997 3619
6855 2951
5512 5998
5109 4343
3227 4178
7009 7234
2395 3213
4641 4234
486 2062
721 7477
6615 1580
5159 4821
6167 2948
3688 4408
32 590
4965 5115
3911 1421
3248 7309
1316 554
5058 1318
5479 6396
1821 2877
3194 3061
421 6177
1018 3921
731 293
754 5827
4791 2727
4199 3815
4049 1358
6554 3064
7218 3448
5541 3485
7416 7145
2360 6073
2890 792
3182 4391
6100 1150
436 6126
7406 6308
3368 7043
972 6256
4840 560
743 415
1973 1076
6463 5607
431 394
405 3363
5871 562
2495 2128
7014 3419
5283 4308
4383 844
4447 422
4259 341
6220 5713
5946 2308
4086 4137
5211 6089
2527 3460
6537 1398
53 2418
4482 4412
2471 6759
3691 3709
1708 2774
6480 1372
4166 3226
2250 2259
632 2737
340 6285
3644 6179
5979 505
5859 5620
1228 3247
2291 6473
7356 4901
6994 3708
4773 431
4523 2315
4336 2363
4229 2710
2488 4329
377 3407
244 277
4520 6461
3079 103
4867 1477
3496 233
521 6513
6423 2191
3077 4067
6238 4836
2809 1819
1675 827
2547 1888
5729 5260
4767 5480
4938 2819
6113 4943
2924 1320
7083 5646
7496 2203
6674 3624
1495 5703
4377 6593
1508 6332
6395 4269
5601 1675
2842 7155
3333 6458
6300 5243
6571 1847
1960 1485
6161 2276
4812 6643
3769 570
2505 1829
5617 4363
3965 6604
4646 1141
7245 3494
6970 4827
4618 6679
900 205
4213 6498
6526 2871
6094 4063
1914 2592
7220 6741
5441 1101
2839 7321
1500 2718
4267 5946
1023 3878
7256 1441
5202 4082
5246 5879
4157 3560
5229 2108
2944 5832
6191 3422
1849 5339
3185 6681
3206 945
1134 4966
1552 4340
6226 3487
5266 1536
3637 2371
5234 5452
2074 4074
5275 7362
7243 5804
4197 1418
4728 916
4061 990
5140 878
5644 2387
7469 4077
3396 6072
786 291
7275 2052
194 6237
928 1522
7210 4229
6733 6335
2984 1650
2770 6830
3061 498
3409 2331
1464 5392
300 4270
3540 1395
695 6894
7456 3201
3043 881
935 7346
2699 2163
2128 7384
4080 5552
1813 2517
5009 2344
6223 1078
4144 5938
4530 1302
706 1734
1214 5830
1017 2897
6806 6610
6720 5535
588 5939
6217 3364
3887 5211
4996 6835
5776 7350
4128 6682
1462 5554
7309 6059
6698 5168
6141 5661
2876 6973
795 1121
239 6401
3427 6984
4685 3469
2322 5102
212 446
7181 946
1542 6607
4550 4116
1206 1720
7223 5591
6148 504
3875 176
2056 1994
1556 7417
594 6374
915 5708
7284 4980
4984 4495
7100 7434
4115 2483
6060 7316
5129 6479
2390 6647
6158 260
115 2628
1982 3232
6973 1744
1358 2599
3036 7008
1029 4020
4751 512
5652 1860
4405 6367
7006 1519
2747 5568
5389 4864
4740 192
2093 1166
6851 6233
5026 2693
6881 2568
4084 3047
7290 3458
6405 5028
3497 2013
6249 4410
5815 1637
3374 5905
1024 933
4750 4253
3968 6946
5567 5
5710 1638
4097 2808
3508 5727
1880 6474
1688 1242
5216 5976
285 572
2638 866
1323 868
5885 2479
5521 2160
2561 74
223 4046
4305 7335
5308 3115
5809 0
1283 4989
1640 1564
755 4789
4674 7118
3870 2937
1205 1784
4532 3245
6211 5773
4380 2343
1656 6978
5803 2012
6776 3390
2795 6110
2347 932
3317 442
4928 2637
6111 5521
270 5185
6418 4334
6388 5106
2534 2622
5835 3951
4328 1157
3196 6443
6841 7328
5586 6537
1385 4569
7360 6289
679 901
3889 4800
3793 5581
1585 4900
906 3184
2372 1983
4771 2507
5150 2305
22 7168
4235 6371
1382 4473
5347 1575
1641 3502
6426 7087
1276 1050
7303 4287
6858 5980
5583 776
4436 2809
868 4850
5074 6055
2986 3412
1330 974
3791 3139
6744 6502
3162 2929
4990 1213
3067 7179
364 371
4369 2299
5826 1043
1598 3678
5875 2255
603 6839
4225 1821
2384 1399
655 1176
6316 2717
642 5320
2033 1548
1166 2575
4790 736
777 89
2490 1107
5975 4597
3032 1275
3894 6522
1891 4172
6302 6954
929 1561
3189 1216
522 2502
3957 3467
6162 2985
429 4034
6067 683
3175 6385
5134 2528
6168 1985
4217 581
4891 4810
7032 2156
9 1401
5657 6005
5137 6245
5596 3306
2342 4876
2996 861
408 221
3941 3389
6523 3768
2834 2282
6721 4882
292 4488
1894 7027
689 254
6432 6225
2611 5692
6199 3900
4732 2448
3896 4121
6366 4370
3334 3214
4193 1645
6736 3603
5687 3351
973 5450
6947 1026
7359 3470
7363 4824
2069 6998
3344 3746
5341 4129
6817 577
6453 4008
4748 4922
133 4673
1831 3557
3515 4432
1971 1289
3298 1629
7423 56
4734 4823
6619 3550
71 2940
1442 2097
6640 5308
7331 6836
2645 4109
664 6590
5153 1614
7445 216
2053 3509
2037 194
7370 2635
1592 5301
3112 1718
3441 1433
1951 2882
1123 2445
4008 6145
3251 6244
3604 2890
5333 3886
2852 2779
5258 6169
4620 5940
1787 2458
5068 4303
4362 3222
2808 925
701 1283
3963 3946
659 634
3628 4061
4905 3778
3221 4795
7167 1468
1478 1299
1458 4110
7400 3691
954 3282
4694 5052
6470 2714
5712 1834
4951 2039
2452 6586
5292 5400
5076 5207
5212 6689
5844 4241
3961 5403
4915 1842
298 1174
1750 490
1163 1972
901 7311
1581 3980
6877 1655
1520 2946
5008 711
5013 7204
3560 1613
4070 4773
3649 759
6941 5155
1188 2419
5820 4868
2861 6149
2742 6746
1340 6727
1082 1787
2873 761
6445 2770
4524 1793
829 1878
143 5653
920 5369
6568 2955
5418 4285
3792 6928
549 1006
4187 222
5394 163
3630 1234
667 198
1100 3939
892 4588
690 1338
1269 3192
5342 4188
630 4405
1208 4885
5901 853
1234 5432
16 1500
2373 5751
3916 4880
6225 7330
5434 3122
5945 2593
3571 5152
5226 5928
1059 6794
1374 22
3111 766
2582 4959
4389 3340
6803 7143
4542 3045
1220 2137
7129 6239
5328 7405
6590 6589
2086 2738
3528 6665
6848 1741
7474 1731
4971 6103
3065 1483
1041 1663
4241 5463
2886 320
2103 4206
1790 6947
2537 1928
1242 1962
4461 248
5263 3664
3802 1246
3302 7261
2330 3905
3591 4653
358 6858
5784 4905
3820 4379
1811 5739
739 1204
5224 6806
6321 2617
4224 7198
209 6494
4830 4145
665 3378
481 2279
2043 1149
652 5785
7203 5664
7149 1716
3813 4917
7412 6756
4726 1344
4755 6104
7031 6707
6109 5821
5628 3518
4375 6181
3291 7398
890 5150
4446 595
6261 7050
2555 4019
4065 2898
5511 316
2691 6267
3320 4286
4298 6635
3495 2226
2409 942
5486 807
506 1795
4819 5008
6624 2470
7089 5110
1845 5359
4254 4306
6654 1837
5929 4128
7023 522
1896 7208
902 2816
5078 778
4540 1405
5240 2590
3454 4333
5457 4565
6324 5034
2481 4683
4161 6574
6452 1981
2339 3528
3506 6117
4829 6541
2455 78
772 5875
7315 876
3186 5655
6072 6052
263 5627
4432 7127
3284 7037
5786 5528
1586 2950
5920 2100
2296 182
6652 5075
5847 4866
5681 3252
2352 3495
6315 2491
1726 5525
6050 3633
2424 4563
6784 7348
1248 6376
2767 5539
1266 3904
4950 4968
6575 4134
1582 4304
6415 1383
3502 6743
7018 6638
1121 2004
1763 4782
938 2918
5171 2731
2116 479
7327 672
4788 6491
1877 4111
4655 4510
7401 5037
1591 1499
741 5271
4134 7243
7162 1116
1122 4784
5474 1922
3407 6140
4577 7214
3650 6163
3569 144
3330 6083
3029 3396
5940 6684
2024 1127
6560 6011
6298 2366
3047 1986
4240 5328
4549 2685
1603 3737
3959 7011
3270 4404
4076 3224
5872 3499
7010 887
2900 4595
3947 6895
3184 72
4471 93
326 2471
3719 1769
5267 5753
6518 1919
543 4926
6818 3204
2817 959
4825 5755
5388 7217
6984 2084
3363 4724
4307 178
933 3189
1868 3501
1285 5383
3487 2743
2915 1140
5243 343
1004 4445
443 3906
6206 32
6601 6258
14 7067
5516 5270
1628 6678
2894 6922
163 5886
3551 5246
5724 3584
4533 4703
3340 1754
353 3002
6153 1015
3179 404
3985 2673
5334 2102
1947 6127
5019 889
6767 7453
1431 2837
235 3114
851 3844
6456 284
3256 2098
2896 6801
5189 473
123 5772
5048 3963
7296 5564
7332 4898
4581 6501
4974 6840
6815 1463
6408 3403
3886 3891
1194 6222
2420 4849
1402 2354
3022 2967
2874 4246
3271 2016
4062 4759
3558 3577
711 4358
2479 5276
4117 2591
1280 7269
17 5145
606 4501
5065 7322
1629 4053
4180 7469
4348 517
4154 6264
842 5045
5193 5007
5066 81
4821 4254
752 791
3048 4972
4256 6471
4906 5280
4521 1987
4142 7144
5930 149
1031 6255
5857 6476
2596 6795
5611 2841
7103 1660
773 1042
2295 4349
2000 5154
5853 7134
4658 1648
4700 4301
2186 4753
939 4634
6343 6448
1319 3006
3758 5553
112 4289
1247 1992
1844 5090
4173 1
5738 964
3331 1219
980 579
5642 5747
4006 3954
6424 4339
1544 4418
1953 10
4232 6251
4707 3762
2393 5338
385 2431
4545 7496
1454 3740
3416 5140
4426 2403
3914 4739
1602 3964
6025 5745
6325 667
6899 5702
913 5332
7204 2847
7049 5304
538 4169
1203 5819
7132 594
480 420
4834 6724
1318 6631
5221 448
4090 2246
2149 6
4761 5082
2435 1333
2275 7014
2040 4639
6183 2264
3561 5696
406 2797
6906 4844
6611 5296
1808 1300
1853 6316
2042 6650
3212 6472
3338 3613
3021 1763
455 4272
976 5093
5120 3602
5052 6575
1597 2994
1019 4429
54 2827
2380 813
3577 1514
813 4771
2244 661
7108 3827
2525 4045
2976 7070
1451 7122
4416 3607
792 6905
2131 6269
1465 5690
5446 5330
2840 994
6879 5960
6430 3052
5379 1086
2723 7117
2304 7297
5025 1559
2622 2101
3153 1578
5206 3377
391 4192
2569 6792
5136 5957
3400 6141
3662 2712
1091 7084
6371 3325
42 2149
3872 4517
1189 911
3653 3673
4107 1776
5627 4879
2173 7295
3364 7364
2185 2480
3425 2802
3504 5991
916 3573
5055 4819
265 2676
1430 5628
2598 1023
6036 6598
1682 389
1303 718
1533 1095
5690 3067
3475 5942
5251 3268
2543 7363
1404 1644
4857 4591
4628 4244
4072 1308
4168 2230
2914 6312
6692 6092
6573 2613
908 4687
6826 730
2493 2935
2797 7053
3633 5088
1083 4778
3834 3828
1689 1476
86 1899
2945 1428
2489 694
1631 1605
6763 2134
2607 1008
4219 224
7016 475
450 7189
3692 2164
4649 2799
5182 5614
6730 845
3986 2213
1635 6148
3285 5860
6531 2963
4605 2410
6213 5516
3479 7005
1145 2696
1396 2639
654 4345
3643 5055
2153 215
3712 6035
2112 722
3946 1950
5473 7034
3066 229
475 2239
6297 4461
4364 2579
4331 5378
3578 4505
3531 2048
3228 2386
6843 3634
7292 6477
3045 23
1933 380
6197 2356
1006 397
2001 1619
4682 3328
1765 3530
1565 6430
1055 5935
4949 4384
3874 6152
1223 2891
580 6898
1379 6167
1133 3860
6664 2768
3594 5992
926 6112
5232 7121
2655 2212
1579 7133
6369 6852
1111 5803
2553 1304
397 2763
2998 815
512 5100
6294 5709
7265 2509
2300 5497
4921 6040
2739 4062
2010 2258
2578 4100
2533 4746
4152 4028
3510 2302
460 5507
3843 5891
4042 5209
4175 4042
4493 5818
1697 5022
2220 1013
3931 5844
5845 2767
3406 5936
4017 4
1850 3053
2995 3198
5725 6901
1369 4727
734 2132
2875 6136
4238 2602
4279 1080
5442 3402
5491 5589
6549 630
427 3649
5335 2546
5034 5373
5094 862
3568 3132
4778 5972
6800 2848
2709 5120
7141 7236
1867 1034
4491 3662
3546 2660
5456 2180
4474 5660
1395 6314
5387 3160
4338 7449
2977 4276
3599 4956
3433 2067
6570 4946
6117 6291
7258 5788
40 6897
392 1785
4631 6583
730 6080
2402 1886
4884 3558
4948 5282
912 4825
4456 903
5523 161
6087 6602
5517 6637
4657 5486
2667 1276
3937 1504
3125 1410
942 1324
975 1798
4944 440
1165 1161
2899 2195
6116 6534
2688 6619
1892 2975
4895 1790
2701 1057
1475 6485
1980 5376
1751 4322
6262 6620
4466 4194
3471 1189
542 2340
3237 46
1440 5433
4743 6273
6096 6425
36 2281
6337 7448
4311 6975
6979 609
46 5787
1638 3971
7123 1025
995 2285
6805 1689
7380 4118
6037 1453
6074 1525
6836 1314
4966 5179
6438 744
3848 3159
2790 3513
2606 1040
949 156
1731 474
1694 202
1789 2295
6988 4238
5091 1828
4176 183
4602 4164
7095 6404
7457 3369
4565 4359
4643 7190
7164 5893
3391 2780
1384 3280
1839 6720
4633 5023
4351 5442
7330 2787
2419 2061
2932 4803
3718 4685
3913 7113
6926 4897
18 4076
7055 3985
4005 3031
840 426
4035 3384
3623 2790
1698 7458
2930 7196
5573 107
3288 3267
6459 6818
5546 3668
2871 1472
4137 245
1607 3542
2955 5424
662 3681
2371 2245
2780 2638
5502 88
4684 6544
2748 298
4308 4167
4768 405
7415 5397
7426 4197
6413 5130
2274 5316
67 1482
5793 197
6404 3648
6893 1084
453 1824
6335 5764
5408 1365
2586 7271
3572 1902
3846 4774
5700 2397
1135 6282
3198 6511
1333 539
4941 7445
3646 5826
1835 1044
1227 7160
6287 3627
3695 7178
325 3008
6272 171
3958 6507
6882 2748
5075 2968
5330 6043
998 7325
934 1782
382 3561
7153 6361
5001 3859
2672 6452
5807 7467
4320 1995
249 4407
6840 1272
3563 6033
1674 4462
6004 700
4999 459
5082 5459
3955 1354
7467 5431
5518 5417
310 3965
1213 1135
2293 2798
4489 2753
5755 663
4677 7150
6030 7400
5581 4743
317 4772
2698 6455
7262 3556
2957 941
3904 1512
5201 5161
6476 48
6577 5715
1193 3775
6008 3697
420 342
2814 6381
3545 5945
5070 1268
5696 6054
6839 4032
6469 5843
80 2596
2907 6456
81 2190
7322 2147
1616 6529
6095 5225
2725 3120
560 4414
5891 1846
477 3772
5372 684
221 4678
843 3609
7482 5506
6501 6573
4126 6742
1627 5252
1153 165
6257 5377
1168 758
6084 438
2855 6463
6484 5668
4296 4319
2509 220
812 3993
1577 5472
1677 3824
1139 4934
2331 4038
6394 7169
6164 2390
5539 7232
1940 5231
7027 3629
2281 6920
6009 1074
3263 61
5004 856
3708 1969
2189 2024
103 3367
6124 6437
5896 2892
6689 7435
2126 4609
228 4915
2964 3512
3610 5009
3343 4976
2466 843
1965 2095
5606 6050
5615 5561
633 5134
4877 1443
7362 6363
3989 2747
6355 7086
2575 1797
4475 6890
4270 6788
5425 3087
2334 1230
1780 3186
806 3969
5788 4720
3417 675
7177 3738
3513 2171
1294 7068
2727 6754
4824 4003
2416 855
2952 5943
1174 6676
635 4318
5115 3940
6097 3441
3554 6445
64 824
7476 2243
586 603
3392 6009
1156 2723
7422 1726
4462 3165
4664 6935
525 687
1181 5074
2354 6119
3516 5835
3808 4708
366 5494
2077 1955
3503 5143
3845 2531
4440 513
3739 1193
6711 2979
3492 3018
1676 80
4404 6843
1104 5190
2139 2729
7201 915
7435 4583
6586 4855
2005 1181
5161 1438
456 3202
3812 4712
4477 34
4321 7301
2467 1197
625 588
6665 5929
1364 2133
5745 168
4188 6008
4354 2742
2299 3611
6849 4552
289 1055
7172 1721
4020 5779
2312 895
5270 3977
1716 3486
7087 5907
5164 7071
126 258
3612 6347
1644 1562
2183 2966
3207 4665
2476 779
2210 3117
3281 1563
414 4396
729 1601
4244 2333
5146 5716
461 4793
5641 3240
5750 4463
4021 5613
1320 6344
6662 6680
5522 3805
1944 3203
6962 5748
299 1538
3859 1647
5795 2003
3349 7390
2849 2290
295 4538
3243 992
4269 937
2267 3576
4183 5220
6588 18
6888 2740
1934 1599
4953 4416
4009 2092
1784 6134
4739 2692
1860 6077
6749 7036
3842 2844
7307 5177
6177 6384
6618 1175
574 2584
2657 2762
6534 92
6363 1011
2085 4378
3544 7109
3819 3881
5180 2346
7440 5002
1155 1487
7355 1892
2144 6937
3172 4230
271 2318
3687 2151
5735 618
2060 3321
4300 5261
4473 4816
3140 146
7202 73
2408 4267
6090 1593
3673 3431
3648 419
384 5374
3332 7090
4260 2304
2046 4155
2302 2232
5162 1791
90 4978
2695 2136
5768 7156
7154 1551
182 3657
1335 7323
540 6184
4650 6767
2877 7221
5426 5557
1661 5740
3928 3019
6799 5597
5067 4468
6755 5624
5000 5706
1871 5558
5802 1098
4598 636
1363 6227
2805 1957
207 2857
5166 6369
7345 402
2916 5312
4535 5722
20 7240
3601 2615
482 971
1457 1334
2061 6279
6603 6405
3548 4059
1970 1895
2706 6462
7382 6787
1757 5215
513 4983
7279 7306
1021 2157
3626 2752
5544 6220
1740 4826
6741 3791
1779 5356
5032 1615
519 608
13 7329
4556 3484
6687 2286
2369 1908
6500 4644
2398 4325
2774 4182
1575 5309
225 606
5823 3669
6436 5414
3933 1859
3410 5484
5888 1209
49 5412
3822 5798
1224 3435
627 1374
6887 5395
6244 3196
2430 5894
3806 7292
1473 896
1907 315
5331 3630
518 5783
3683 1214
1298 2396
4113 2050
4293 2187
5938 677
528 1711
6373 6735
3998 6774
5353 7282
3480 5039
3862 2788
5257 7188
3600 3925
3745 5979
1079 2845
5953 5148
3491 6113
3388 6013
5531 6178
1406 3516
5651 5872
3831 7124
5274 4243
3519 69
563 7483
5964 5857
25 2198
3500 5020
5057 2855
5563 4450
2526 666
3305 6470
3622 5186
930 3392
600 1097
7146 6627
5285 678
1840 1939
5593 4296
6650 218
1864 3831
6868 2876
4431 6415
5865 2905
5919 3527
6522 2347
3676 2911
6890 3519
2764 7412
424 3338
5952 704
1152 6493
2127 7360
5056 2040
3262 6516
3200 547
4303 6492
6931 6466
2576 3960
1975 2833
117 1794
3155 2564
2910 1131
6904 2273
4705 3021
2936 5265
7281 7278
6222 1970
1725 3335
3218 4009
3697 5104
466 709
3099 6528
7268 5085
2 651
5329 177
6163 7114
3034 4158
1288 4049
960 4331
3144 4342
5534 5040
5484 5781
4720 904
6574 3800
7119 3719
7361 6219
2850 1257
5293 926
581 6212
3121 3883
5113 646
3954 189
4135 1391
1244 334
2949 21
6488 4302
1806 3604
3101 5514
6631 2626
5287 6826
6073 4781
6273 6926
2686 2761
2155 4741
374 6625
3274 2831
1524 1265
5619 1656
3098 1329
2597 4515
2630 3112
5402 2783
6709 2104
3253 2670
75 2932
4001 6693
2496 2144
5653 4895
7458 4362
5462 6193
2002 6487
4919 4988
4502 5922
1847 1810
3892 5077
4472 3826
6374 662
5105 188
1252 1702
2891 7431
7205 6357
3823 1841
4609 2476
7065 6580
2923 3849
5751 4626
3962 2990
7246 4424
7465 4808
3798 5559
130 726
4077 3361
3044 2111
2262 3563
1433 1038
1054 2485
6393 3865
4900 5602
2872 4017
3694 5297
4538 4950
5219 765
7348 6553
2141 7263
78 6855
4156 6459
4205 300
6548 5693
2673 1526
6996 5083
5061 1124
1537 99
6125 957
3977 6296
2138 4381
1908 3243
3158 299
277 2296
1684 3656
2532 1932
4595 2165
5324 7326
6421 3183
6706 1307
169 1830
7126 6327
441 3758
7182 5157
3003 2267
4714 2228
3700 7456
5359 5782
7468 364
1180 5135
1913 143
7472 732
2429 2834
4055 5112
650 4958
6107 6210
1300 3533
4323 1195
97 5848
1480 5749
2446 2996
6000 1610
6952 4893
696 2671
3082 5292
197 3990
5401 4786
6173 3995
6679 5458
5123 1691
7228 3583
4013 2461
4961 5794
4425 1554
5656 6853
515 1292
274 4290
1102 834
273 5349
545 543
3278 266
6216 6555
1532 6066
6612 5867
2090 5315
2109 6802
4206 204
4399 4493
3787 3628
2507 5989
6998 930
4081 2736
6559 2839
3905 4892
2515 2342
1979 2109
611 1845
5774 7132
1753 3365
4276 3846
5848 4787
2096 6173
1921 3076
4756 4951
2357 2019
2401 4982
1870 5263
978 596
7025 4080
3890 1461
465 6234
85 2852
3467 2838
4979 1714
766 6241
1058 7344
5661 1818
7334 6423
3252 1224
3788 5701
6219 1948
6256 439
3972 6157
6871 2249
335 6869
6417 7182
1669 2223
5666 7129
1742 751
4422 1496
4575 3197
2731 3491
6451 2536
4880 6345
6218 7238
3028 897
1543 6779
3122 3663
1534 6390
6099 1885
1567 2556
5098 6097
5856 3635
3215 1117
6011 4355
6323 2523
5998 2070
6075 2391
3069 5242
2656 6762
4047 5164
2246 685
6314 5730
4344 1889
4488 4617
2165 5234
2789 2709
1754 4250
1609 4828
713 403
1101 5468
3234 5474
1450 3650
6165 6125
4141 1998
2366 4338
172 1553
5449 5968
3376 336
6812 1844
5605 6705
5947 5550
6524 5726
1222 170
617 6214
1357 1031
2982 870
2912 3393
5131 3303
1195 2335
3095 3312
3757 1510
3469 884
6606 6649
6739 7463
3661 3761
6607 1313
3760 2135
6032 6351
5612 6224
4567 6432
3878 6194
4071 4886
4249 5169
5960 5736
4499 3345
3830 7308
2309 6948
398 5863
7271 3654
526 680
4439 6414
2636 6551
3727 3804
5935 4867
6557 4902
1764 6087
125 5596
4615 1800
847 3520
7180 4532
4036 7474
7168 2076
413 6334
5966 969
1210 301
5072 1877
3076 1706
2791 1926
2782 252
5549 6833
6729 3317
3307 4490
4329 801
1796 5218
4552 4762
2631 5059
3 5273
6867 3931
65 1352
4397 4205
3426 1746
1286 3621
5478 4163
6334 1801
412 5099
3945 6804
6361 4214
1400 5784
6875 1576
4203 6757
4274 5401
6572 5823
4140 2218
2635 1322
5352 3248
5884 5016
6845 6480
3415 529
3773 1712
6684 5705
7449 1695
3582 2486
4027 6399
5428 1751
1313 1697
3383 644
6582 6881
2959 1705
7340 614
1899 3373
4429 1838
4025 3322
3505 1747
7150 15
168 6436
5198 282
787 3986
6991 1327
1527 5038
5303 3302
3518 1573
3803 4832
114 4518
3669 191
2021 1670
2888 2078
4529 6769
5669 3488
157 1187
6529 989
5254 4423
1085 3523
4 6484
3549 5172
5476 7177
5873 4065
532 2706
3173 7239
1687 548
3690 1172
1887 118
55 7324
1517 4265
5301 2025
7131 3525
2935 2578
6648 3632
5556 6317
3367 2026
7253 434
4982 3616
6472 5569
7485 6074
4929 3548
2208 6438
1470 3689
780 2141
7235 3150
1359 4442
981 1848
4634 1231
4632 3582
2750 4651
2027 4607
2235 1545
2332 3015
4242 5549
428 1145
3266 2560
831 6654
7328 2807
5974 2725
5096 1028
6069 6568
1633 326
4492 4648
3873 6621
1541 7061
1501 3404
155 3942
4346 2499
678 5717
6922 4193
2552 5617
5711 5461
800 2314
4907 1690
5707 3024
6077 3794
1981 5067
3355 710
3294 6330
5574 3358
3265 1424
1263 3300
2798 7377
4889 5329
4108 2889
1919 1727
6352 772
5805 2193
2350 5615
6310 3996
7471 2388
198 5822
6917 6249
3435 2561
5592 2648
2328 1598
1481 4865
2822 4051
5102 4567
2175 3077
4044 5398
7072 4154
4264 6793
5886 723
4758 7058
1799 4327
5170 3110
5499 1182
2487 4970
3625 1856
5403 4227
719 6651
3588 5970
3306 3707
6450 5595
866 3137
2134 71
5999 7033
1240 1196
5867 4749
7086 3426
7490 2277
749 6708
1301 4496
6667 2028
7165 4174
5178 3436
7060 2674
2199 7065
5699 5570
3839 1345
3800 5247
4875 4021
1931 2759
1216 3653
3457 7466
1817 1389
5404 5244
7283 2204
6068 3838
1483 4025
855 4086
5990 4896
7297 4203
817 1288
6630 1719
6291 5108
2966 7069
4018 605
6330 2786
2541 6096
2120 264
6981 4830
452 2478
3174 7355
969 5603
6189 5321
5045 5861
1559 2200
6919 850
6208 5254
1445 5389
3684 781
2593 2681
3550 7315
5349 7201
3377 5205
6299 2500
404 6162
5288 3388
6015 5947
1838 2649
6115 2000
2903 2413
2530 3898
93 6192
332 750
5176 361
1709 2701
6780 7016
2735 6509
3596 3581
4881 4271
1217 2551
1991 1350
3455 784
653 2490
1183 4558
740 1293
634 2690
2457 1388
234 2029
3809 4027
1349 4955
6006 7285
2325 5103
6544 1651
6033 2096
6605 3674
3229 1704
4576 3099
2101 5647
2108 2188
291 7100
3068 2370
7385 5363
3100 3839
2512 2804
6668 6444
148 3734
4612 2547
5362 1728
587 2206
1693 7157
5461 4861
5354 1768
4149 3442
4318 1132
2715 6658
6880 1585
1737 414
5525 3329
2308 6997
1312 2623
3517 6868
6533 4945
5752 2552
4164 1870
3651 7494
5006 3337
5527 1377
4696 2989
1306 4779
4583 4938
4970 5685
1474 2672
1993 1212
3180 2454
6322 4277
467 3836
5925 1549
870 1772
7480 2715
6510 3751
6082 7106
6942 1924
2130 1765
1360 1612
6707 3702
2579 4710
712 489
4871 2120
5816 4480
3854 203
3728 5427
3847 6075
2762 458
6170 3819
6583 332
3555 657
360 6165
3984 5498
4357 6882
880 6095
1528 181
7470 4621
5399 2176
5668 531
4818 4863
176 6790
608 3955
7113 6365
7338 3622
6797 1059
6936 4218
3627 4039
5092 1602
6902 2704
6264 4586
1093 7387
4146 6010
585 3003
2565 3733
3565 4580
5249 3799
5519 1921
378 6964
3059 94
7405 785
3235 1951
3537 756
3991 3862
5626 3524
6 6877
2209 3175
1820 2997
4350 1667
7489 7203
5376 5994
4702 993
415 2199
5130 4219
4746 1238
483 3879
1092 5641
5908 4186
6727 1696
3731 2573
6863 6786
5708 2072
3286 1153
881 70
615 3698
3869 1069
6181 407
1583 1261
2386 5094
5073 7185
3943 5491
7183 5769
604 7105
5693 3330
4801 3911
2166 6782
3001 132
2286 3105
7078 104
3711 5226
5810 4226
1866 928
5447 7094
1361 4337
3743 991
5951 7001
2468 2803
2207 6175
2629 4476
4190 3850
2121 4845
3402 4422
883 3065
387 5488
5400 5070
4481 6512
2171 3936
6813 4870
647 6924
5609 802
7159 393
865 257
2118 973
4955 4058
6916 2250
2100 6265
5918 1556
3060 6076
5213 5790
3668 1623
6497 4140
5336 7312
4427 6424
1994 619
5728 4560
7274 6891
3197 7207
7135 2529
4838 720
3525 1766
1003 4625
6210 3937
5734 6297
6425 5141
4192 1709
238 4642
4163 122
2711 1047
857 6641
5237 2697
798 530
3749 3787
4985 1868
2684 4123
5317 639
5079 4967
4283 75
3269 2123
355 835
5621 4553
6905 2766
2987 4112
2410 6446
2032 2042
590 3840
3967 6601
2812 460
5868 4114
4940 6603
6152 6486
2473 441
7372 3236
278 4840
605 6979
34 6129
6275 2457
350 4581
2470 4578
6233 1279
4131 4872
7278 209
2491 242
4272 451
6052 4149
444 902
3408 6382
5916 5302
500 6863
7267 6328
5551 491
6835 1587
3217 3255
311 5838
932 707
6675 3266
7166 2093
4777 5086
6270 5681
2700 7206
113 6981
6454 7256
7229 3457
5590 5834
6846 3278
3543 4491
2456 4852
5764 3586
7318 2922
2540 1229
4421 4160
6908 2173
2059 5003
2217 2557
1120 5887
3660 4464
3039 6608
7475 1359
4596 817
6039 5510
965 4242
2003 5652
2333 4078
3418 1574
4962 6873
6486 5911
417 1253
511 1826
2601 7314
1000 3780
6127 1247
507 5278
7407 392
5433 5191
2475 3200
3170 3572
1075 1678
5762 795
6232 1636
1807 7294
7045 5490
671 4526
1117 1016
4172 2611
4526 6721
4174 1311
7081 4070
4592 3395
5944 5508
1403 6903
2928 3060
4913 6350
4514 1273
5087 1392
3312 1180
4342 540
7079 3242
2029 2154
2184 1473
1596 6991
3156 1312
6513 4368
6396 290
87 238
2413 5728
4096 28
584 6808
552 5275
2253 2118
878 58
2270 1436
2230 4200
3159 621
2087 7138
3814 2351
7252 2091
7001 430
1098 6195
1045 3793
464 2129
165 5469
4797 3174
3483 4721
3882 478
6940 565
457 1935
6508 6675
3786 5950
3864 1123
6427 499
996 1110
3925 5454
3429 5017
6341 1000
3424 3001
5392 1941
1202 4374
474 4471
6357 6888
4280 1898
2146 5841
1523 6934
4034 6254
6714 7451
5208 5768
3436 1366
6327 4536
7312 7211
1555 1239
7443 275
5533 2417
2292 3071
1622 3097
3264 1742
4019 5212
7107 1940
6613 2464
3314 2655
1185 2633
6131 3039
7101 424
2443 1303
5116 555
6250 3085
494 7186
1062 4295
336 4162
4688 4848
6708 4427
257 6298
5505 6393
6282 6921
7152 3855
5555 3044
1453 4328
3023 344
2941 321
6883 6815
4179 4376
5021 1715
1846 6398
4262 4472
3443 4911
1077 7025
1916 4788
334 5353
6562 4554
5796 7274
3906 4719
6176 745
6907 999
6358 4704
5377 3287
4102 223
2732 4292
134 923
145 186
779 6329
140 5441
1893 1762
6378 552
2298 6526
216 5394
1015 2559
2654 7076
4494 4805
150 3294
6745 638
3997 3892
4835 3438
6309 836
1371 2002
6646 3479
4943 6628
2388 1068
5526 2054
1268 789
1482 6172
3827 6591
516 3446
7453 4942
1553 6098
5880 3508
794 5513
6903 5515
4412 2046
4625 2526
6130 4459
1512 668
4679 1988
5733 4935
4266 1036
6561 3820
472 5925
96 7332
3143 2301
3777 3125
7088 13
3966 4792
6035 1222
4934 6400
546 860
3665 4115
5577 5833
1668 7075
2773 885
3915 1041
6175 6745
3996 3919
4759 3722
2585 4822
4004 5144
2287 3856
7127 2754
1797 6974
4210 2679
1795 2186
6253 6276
151 7013
3524 1879
6830 3884
7434 4566
1229 219
5100 6690
3535 3522
6346 1524
2892 5931
4561 7379
6670 2287
462 5650
1060 6146
5338 4232
195 2618
5508 537
4451 1865
897 7123
1131 6685
322 1002
3453 6504
5903 4085
7441 33
2619 1054
4339 821
1522 4857
2681 927
7062 2884
5883 3866
5498 3729
2176 6392
3557 2412
4419 4611
3195 1880
821 1531
2169 4618
437 6592
4808 3956
1889 7215
3115 546
5264 2865
3057 4252
2694 317
6169 7276
5625 2434
6669 1996
610 1154
833 2145
7335 5058
3375 3693
5829 40
7323 3565
2776 6187
2881 6048
6541 1096
2327 5136
48 2689
6775 4434
6474 5257
7301 4397
1108 3069
3361 4992
5203 2407
997 7286
2264 2155
5561 7287
4384 2153
666 1336
1287 4932
393 1277
5579 816
4997 6656
1578 863
1118 5629
4555 6017
4467 240
3532 1030
6666 7193
7037 4790
5931 1053
5364 2219
1812 4636
6122 7210
314 1340
2893 2904
827 3540
2985 3131
778 2527
7125 4629
4445 2083
4718 297
4215 2345
6832 4522
2652 31
3926 5447
7030 3017
4708 917
4730 5560
3490 4705
5600 443
6349 6694
2049 1343
1112 7413
6247 4676
7241 3930
6598 1360
2303 3655
1573 721
7096 1733
2425 6805
1770 7342
2724 4961
4418 3342
6345 6100
6685 1533
1721 3107
5558 1529
255 2721
1190 7045
850 6907
6779 2170
6632 3670
375 4489
3092 6483
7240 852
2901 6837
2761 1812
2340 1740
6471 5547
5062 2174
3420 3928
2602 5368
400 3366
1089 265
3138 3244
2124 2297
6104 5856
3744 2009
6046 5637
4127 607
4869 4511
708 4136
5914 3970
948 2944
570 3298
3635 5279
5276 6732
3866 6372
2104 3421
7325 5345
7249 6041
715 2452
3960 5578
5156 7253
5650 6800
204 6326
3447 5644
3046 6272
5039 3155
147 1912
1064 7230
6353 2472
1035 1570
4977 3199
6235 7246
3474 6067
185 5440
2625 7408
2726 1266
6783 1603
2370 4984
5397 6271
1293 1820
2787 7044
491 4986
4898 4838
5942 670
4373 6722
6864 1929
2618 3048
5385 3275
816 1450
3081 3090
7430 3934
3850 5011
7053 4249
1590 1808
1617 2312
3106 7356
3472 1978
2967 5098
4007 1335
2954 4483
2107 1065
7093 4449
5678 6990
6781 5537
434 1371
5697 5948
6214 3835
7094 3943
2508 2189
6748 1390
2219 7047
1966 7305
3150 7485
5114 6003
3858 3315
3614 5390
4068 6904
2833 3004
3993 4750
3721 5266
5758 1422
5909 3496
5503 7035
626 3505
702 5778
347 3903
5854 958
4289 5446
2345 4263
3593 533
6552 7079
3442 4921
6465 6070
3970 4099
4450 66
2396 3857
6966 674
3828 305
1243 1618
4480 4311
776 2167
5599 5285
4468 6652
4616 6950
4957 445
1147 7165
4839 5245
6759 5419
4958 5407
5093 3344
5562 1474
2517 1203
484 4029
6680 3829
6255 7493
4804 6303
3414 7223
6333 4211
4629 5898
2663 7406
4642 4732
1670 7017
1448 7471
966 432
2953 6639
4133 5268
5566 5720
3373 6078
4123 4674
7261 5759
5157 1958
2522 1376
6579 648
4291 1901
2206 1259
5095 108
4246 1641
4775 2080
1843 5451
820 880
1990 5961
2950 7018
4083 5057
5504 1760
2174 5556
6596 3221
4438 6290
3074 982
6794 7081
3275 4170
4316 4601
4986 6545
6491 6540
4198 4088
4989 1843
6123 5343
4185 1949
810 5131
6525 1020
5227 7441
5041 5638
2999 5927
2922 5183
7311 44
1014 304
248 7277
1710 3220
7352 3717
1606 3092
7254 7361
497 2598
4153 494
4273 980
7387 5896
6018 7331
124 1779
1127 3764
1417 2936
1052 3462
121 2624
1053 6715
6212 4371
380 5810
208 3704
4781 2595
7269 2378
4195 5825
6092 5763
1642 1431
6278 585
303 7022
1605 2420
73 7199
50 6084
4120 5902
6933 3169
1648 1205
4882 7327
1589 6503
4396 1853
6118 6464
7367 4168
1984 1419
7190 1608
5210 2553
557 1142
488 1835
5838 249
1730 4171
927 6933
2921 4744
5358 2625
6377 623
765 5481
7233 676
2356 1079
5827 4417
2831 4048
951 4604
7411 1384
2314 2981
5785 4965
1992 4098
6958 1594
2092 4245
2744 5955
5506 4256
3290 1653
4693 409
961 948
6866 7077
7357 2745
1918 2381
4330 3760
3247 3063
6838 6791
2938 1370
4917 2395
6227 3210
4184 6024
844 7426
1759 2270
809 4401
684 6956
2019 6753
4478 6238
2289 5916
6286 3667
5578 7359
2868 2280
7054 3468
6787 516
3031 1989
6021 4122
6811 3083
1435 5985
2329 3876
5674 4398
716 1202
6239 6105
3134 5631
1643 1317
6834 4645
5830 3409
4635 3301
7048 4657
100 152
6254 6565
1566 7353
5597 7491
3833 3547
6070 6093
3113 2222
4980 6784
6581 938
785 5757
4736 2140
3771 1753
985 4299
3489 4273
770 4688
3748 5962
4648 6186
6610 6231
7294 5786
6948 6636
6997 527
1584 2521
7207 4478
5928 4389
6444 6086
3393 3710
6589 3022
2778 6247
3768 1090
3114 51
5260 6700
4738 7260
4301 4561
4588 4204
1626 3279
7237 3694
2734 139
5716 4600
7221 804
5069 1506
1105 3042
4435 1654
3452 3246
6493 1703
2651 6230
2716 5719
4600 6124
5003 2735
7285 5004
167 6431
5890 6360
718 6260
99 4730
4109 2794
5468 5232
5828 1588
468 5366
7136 1723
463 7410
4870 3543
4507 2359
5017 2177
5318 59
361 6616
5582 5464
744 3152
7273 6983
3664 7082
200 4437
2746 4994
1562 1750
7236 4132
5892 6571
602 1071
1659 2073
6194 113
5923 6420
4935 27
656 4108
4911 4486
5112 5619
683 3291
4783 4259
4865 5882
4815 1198
2685 5213
5458 611
1662 2960
1663 983
875 49
3499 2192
4390 6763
5548 4316
4776 610
3152 3875
241 5756
2276 4153
5127 416
5325 7233
5464 6772
3087 5184
490 4326
2917 1584
4122 4057
575 86
4360 2908
1903 1409
3686 6562
5726 2510
2216 908
676 542
3918 3217
288 1831
7495 3785
3675 2005
5778 2421
3160 131
5028 169
3381 6268
573 2071
2459 3816
279 6821
7046 3032
4103 5995
4335 6706
5435 6811
1198 1621
6460 1291
4573 5642
4914 96
7384 5050
4890 7438
4544 1188
6920 6849
1810 1156
1245 2943
3070 1143
4667 823
1926 1509
4487 1310
3881 201
383 5635
7346 5921
1329 310
6439 7149
2236 6550
6681 1184
1900 3896
1636 2810
4194 2181
7378 469
3852 1146
2039 467
5360 6505
6440 6441
1177 2459
1200 7023
6031 5573
3485 5854
5932 4081
5917 2504
2343 3938
4345 157
3783 741
5790 6387
7259 3209
7003 6281
2605 6143
6477 692
5921 782
2484 4421
4395 769
1904 6171
7170 2982
1952 6952
1987 650
5089 6781
5407 116
2974 2995
6093 617
1829 7154
3619 5318
6364 7245
4607 338
6431 1235
4059 6885
4306 1788
1295 5478
139 4457
5012 6278
1781 6366
5199 3610
2661 1543
970 6449
6402 7447
3706 2398
7242 4862
6098 4415
3805 6209
6597 6130
4626 5876
7151 1426
438 4722
720 2298
4252 3096
5861 6919
6747 6519
943 2789
674 875
2737 2404
4171 4733
2870 4260
3102 483
2454 1177
6831 3354
5416 5633
4691 2646
4568 6427
4358 1590
5233 2337
6820 7085
4370 568
1932 1911
5437 873
6637 1687
5410 3769
4257 5698
3615 1917
5417 2441
2241 5579
6716 5118
4710 2158
1398 4022
2554 3908
6587 4217
2041 5436
1937 7220
4011 377
1772 1672
688 3310
3460 6702
6927 4701
4813 5026
4327 6128
2099 2682
5664 450
3238 5467
4537 2893
2273 1813
1895 2519
7454 4519
440 4681
5230 4502
6657 210
1962 4873
3774 4837
4393 3324
5173 6016
4689 2463
3667 6663
7413 4766
4721 6731
38 1282
6489 5334
6061 2006
4799 6588
5663 2036
5365 4820
2590 3755
3005 4166
6901 2368
753 476
4417 3983
2072 5505
4983 286
1352 6799
6277 3783
5545 508
2023 412
1963 2394
6144 4228
7293 2037
2511 64
2646 4737
2083 3154
3171 737
3437 3417
6301 2938
3352 6848
5749 3830
782 26
3855 1930
6754 5865
489 6739
5958 7302
7419 2227
2181 589
4043 4964
5261 5873
5770 4700
2067 2900
5423 1604
876 2289
138 2713
2315 578
1030 1595
478 1007
5817 740
7187 2503
3356 5181
1132 679
5703 2906
2151 5909
5670 101
2710 4320
5969 5562
2290 702
1310 6846
4992 6515
6467 1582
547 2429
66 5604
3365 4725
6221 7319
5242 4918
4297 6692
2768 5250
2704 597
5128 14
3863 3270
6743 6943
4191 2077
2520 292
801 151
214 6250
6447 1967
3413 2242
5038 4196
2117 1732
1289 4851
3570 947
5997 1725
660 436
5513 4791
256 3336
3476 3166
2252 954
3520 864
5281 2805
1391 3271
1353 272
2612 6189
3879 7062
6429 5015
5231 5503
7277 3929
3901 3051
5305 3434
3161 5166
4250 7371
2536 6814
7059 2467
638 7040
2385 2901
345 117
1178 6257
4842 6982
1207 2872
3682 7140
5587 3721
559 4669
276 6750
253 2684
4551 3269
2756 1694
5957 6287
5934 5816
246 1049
1425 886
6921 1484
4886 4579
4039 7457
5922 1480
351 1662
2016 775
7134 4143
4998 3510
1182 2251
3024 612
6753 6275
5813 574
451 3283
6512 5195
1594 5295
7038 3801
3964 4957
3574 1707
2259 2607
1948 1492
1702 6118
2542 3957
7295 1857
2453 1236
6038 6391
3595 5084
3397 255
569 7231
5030 5202
6539 7367
3730 2121
845 2756
6771 1353
2269 7128
4212 4052
895 3639
2946 6418
4415 355
402 4709
5584 375
4764 4387
3054 6711
5889 2853
6020 2978
69 4075
5445 3912
4876 2383
1531 5116
4733 279
6184 2045
4313 2842
6713 3874
7160 3191
6769 4133
5685 5868
5981 1208
4554 5322
3050 641
243 984
4158 643
1081 3142
7473 5035
1389 1775
1274 4258
6735 7152
6142 2423
6502 5019
3394 7167
5821 5149
6950 874
514 5621
6592 4884
3342 4545
5299 6182
4885 799
2599 349
7161 6451
5993 2772
7000 1495
2018 3612
2226 6323
2738 7063
828 3897
1197 5351
6532 2303
2254 825
6724 4426
1491 2234
2323 6071
2545 2385
6406 6850
7040 4891
1738 5409
323 2869
6732 4874
0 327
5367 5014
2567 6730
5842 1971
1086 5913
7364 2533
4132 1326
3581 1897
3511 5030
4441 5429
692 25
6284 5543
4387 635
6932 4798
4253 2399
5179 6346
2499 6133
4403 3825
6985 5375
1160 931
6860 4562
5602 4577
6354 5483
4963 6500
6833 1777
2951 5255
3157 3682
622 4671
4988 6691
2239 3559
3981 6019
1915 7300
2359 4079
2310 526
2573 1632
6643 425
5855 4372
6234 5449
2156 1211
62 893
3973 4797
4147 7381
2363 656
1739 3686
1488 601
735 697
4794 2253
6690 7401
4295 396
2119 6107
3796 6025
6195 6737
5228 4650
5765 4916
6448 7041
3598 5496
3372 135
7225 888
937 819
4359 1979
5806 2115
643 4608
5595 2594
1875 1100
5419 4534
6466 2634
1685 3690
2832 1735
6076 2085
3289 2588
6479 506
215 2896
2500 492
846 2885
1666 3313
4302 2021
1679 1122
2399 5043
1613 4881
5432 4706
3527 4084
554 1385
7326 2011
7394 2846
2172 4751
1696 1589
3922 1407
3717 962
4862 1243
6370 7259
2211 472
2521 4520
6951 7392
4093 7358
4706 7454
30 68
7316 4041
6804 1331
362 4073
2736 6740
2962 2415
1923 1540
4057 6817
2078 5146
2592 2961
2192 4297
3309 988
5895 3580
1291 167
6267 5812
3223 3617
4662 7164
6205 3848
4585 851
4209 4279
1998 7497
7488 5522
7035 1743
1819 3757
7120 4310
6040 4537
6786 1227
3094 7183
2148 6940
3450 7399
576 251
1549 6228
5742 3645
3498 1440
7224 2105
275 6051
887 4907
531 1916
3910 600
3929 626
5046 6034
7248 4023
7128 3823
7156 1759
83 2007
2179 5526
4908 6699
2004 3050
5361 553
6137 1565
6828 3078
6856 6960
2889 5313
2355 569
5279 573
1237 3309
1494 1577
4597 5616
3027 2558
2218 2220
1664 2321
1884 3999
6151 5964
6005 4682
5841 5031
3190 5776
4349 5137
7077 4312
2677 3347
4547 790
6751 281
2012 5317
242 5126
2703 5199
4711 3256
7231 6871
3002 7002
2934 2867
2993 38
724 3861
3461 6101
3751 7021
359 3534
1857 2292
571 7396
1428 196
4964 2792
1438 2161
307 4620
6869 6572
1775 3293
5692 4582
7282 3079
4024 4364
4230 4202
76 6044
2280 6164
5152 261
748 2058
2251 6442
2136 1952
6516 4835
1499 4752
811 798
5792 2912
6160 3168
5727 7366
290 5371
2263 647
2403 6734
644 2447
6166 2139
5673 3752
4563 1894
4317 3126
3280 7334
2227 5963
6135 4096
158 7407
6728 1439
3449 4037
4610 5670
5967 2131
5373 6986
2693 978
839 2060
1521 5068
3776 921
1341 3763
1255 7229
4479 2469
3191 6703
6245 6880
2458 4679
7347 1363
1776 4686
3090 906
825 5428
1854 7003
5204 1260
6057 7180
152 4436
5780 910
1574 6686
2920 4592
3232 2229
2632 4124
5933 6299
5029 4050
4381 2075
2450 308
6876 3297
1416 280
2444 3641
5118 806
4678 1881
7039 4175
6420 6375
5319 1342
4136 5837
2626 7200
2743 3098
6410 5673
871 1547
4100 841
6608 3277
5169 7443
1326 3538
6010 477
5560 4963
889 3600
6638 1081
5177 1467
3224 3756
2283 2257
4704 6884
3486 4887
3072 1527
394 127
7206 5866
4785 1796
1865 4095
2992 5658
5950 5013
2824 5060
5763 7283
7321 2409
4722 4102
2248 3231
2524 2524
1724 6624
4110 1067
4058 3701
5110 1555
3613 6856
7358 5208
6823 5229
2879 6677
5913 3588
4991 4593
6042 4521
1337 1471
4580 1502
1515 4040
6760 753
1261 1685
1526 5300
3631 3350
5862 7394
1342 4089
1401 3375
5125 2722
6653 1730
1411 3411
2387 6116
1022 1552
1331 7107
1911 5293
7 4971
6954 922
5980 5892
3260 5815
582 3121
3451 1201
6960 3483
2307 5327
6816 2576
2775 4533
6295 5284
6428 1085
2786 2269
3735 4458
6081 7446
6639 5951
104 7354
1158 6614
4659 4278
3346 17
6289 2667
4623 3379
2462 5618
1649 1849
3616 180
5472 4764
1254 963
4925 5200
1144 5862
3639 2705
3109 1572
3037 4663
5117 5959
259 2361
7350 1825
6024 5718
2702 2414
4063 3808
619 2225
2660 5888
2034 4001
6435 385
5649 4726
725 4953
784 882
2514 7421
629 5105
2807 5625
3168 417
4639 6941
7122 659
1167 2669
4599 4148
3940 3140
5138 2863
6737 2208
5247 106
3761 518
4546 7370
5304 7057
3705 225
1151 1455
4265 4101
6939 2217
2447 5758
2666 1755
5629 4890
6265 4438
2779 6159
4562 6696
4508 1909
1441 818
1479 7293
2796 4056
430 2487
6329 6861
2627 302
3547 6135
2772 2425
7214 3276
191 4767
6517 681
3146 5426
3677 6626
1983 3250
6280 4729
592 5142
1490 2310
2237 7423
281 5924
6464 1186
1928 6581
6066 4007
1380 1708
566 749
7317 713
5542 2750
2392 5324
3825 2272
1755 561
173 2126
6773 1215
470 979
1299 2861
5042 457
4640 4920
6719 4313
260 2691
3318 5667
7349 5466
2105 6121
2460 6797
5906 455
1025 2758
1016 3975
4470 1305
6699 306
6240 6373
4443 2760
2679 57
6276 1649
6409 7368
3030 4530
5761 1814
2400 5287
2745 5216
5181 386
5565 427
6088 2835
3780 4587
5469 1954
5444 4288
2678 5645
1507 5780
6915 3106
3335 3914
1421 3555
5278 6091
2862 1444
3956 6006
6390 3481
3934 4514
395 3327
3829 384
4727 5228
2143 6657
858 138
6547 1934
445 2930
6688 757
1545 2033
6458 4933
349 1402
3948 2066
1639 8
3149 6337
3225 5582
7478 2910
1140 346
107 4697
4454 1075
2642 5223
7329 899
5822 2247
3459 952
7109 5237
1530 3852
3359 2577
544 236
6392 6576
4285 5197
6972 4184
3058 3316
1119 381
6229 7416
5194 6386
5982 6655
6676 5512
162 1513
3716 1064
3949 4484
492 4776
6829 5393
864 3776
5598 3552
4414 3753
3371 1160
1436 1539
4798 3477
3980 7369
1099 891
2213 2567
3000 1060
2048 5850
5677 6331
7195 3705
763 5325
92 4365
2122 5203
793 85
6785 158
2906 3176
4772 2984
2201 7444
1516 4466
1974 110
4275 3036
7493 6854
5217 5744
6621 1887
2182 1415
2243 6726
1611 1082
2113 4068
5753 5456
2760 2031
593 2268
624 3206
1426 3072
7288 5174
788 1430
328 3593
1976 3
4789 7216
45 4394
6992 4185
6065 239
2441 4157
2335 5097
7157 5153
836 3872
499 1295
1703 6060
3880 4714
3865 913
3642 5977
5 2179
3609 4024
1783 1297
4774 3967
2664 7052
1169 4768
4501 6206
1439 6748
2836 2300
4261 5032
6461 6992
5814 1109
2478 3474
4582 5750
6825 1993
3448 1544
7064 7055
308 7310
5741 2127
5043 814
1852 5657
904 6082
1647 7099
941 6613
623 2055
7498 833
2123 3425
4976 5331
5730 2018
1260 3130
3818 6349
2846 2666
4918 2958
4263 6324
401 4654
458 7096
5616 333
1946 2677
1452 4352
1386 4834
1176 4402
1712 1199
2860 6879
7341 3575
6317 6508
4843 2014
595 3498
6918 3684
7310 2859
1239 6761
1184 7333
5825 3715
5051 4914
4033 5687
5188 5686
1885 2647
3849 6142
4669 5908
3219 3652
3704 6261
201 2252
6955 5741
6635 6266
1347 4492
7398 944
2394 5974
4073 4612
4861 1130
3053 4131
4371 3086
6159 4439
5897 4616
2613 4912
4053 3797
5620 4993
5280 5849
3734 1125
3659 3774
5659 3439
7175 3260
5047 3817
1267 951
454 3059
1612 217
3004 6377
4392 6968
2011 1285
3103 1698
4572 1217
6723 154
5937 2658
3590 2988
4912 541
5963 2614
302 6597
2857 2664
2434 1682
3907 652
1037 4014
136 4806
4442 6147
3564 5754
6821 1445
5594 5517
2581 810
6347 4667
2305 5448
5537 6612
756 5914
641 3235
3982 2263
7147 7460
7286 2569
6982 3665
7110 4453
1498 4927
6360 1164
3976 1567
2326 767
7260 87
4566 3725
5344 3374
5450 465
5739 5742
6328 5457
6414 1021
2288 5527
577 7083
7215 6865
7425 6099
5357 2894
2215 6668
3893 4913
5466 2010
6034 4631
6419 162
2933 6190
6044 3869
4872 5000
2650 2291
963 6775
4170 3357
4690 3447
3715 5360
6555 4693
6550 4659
4121 376
3857 742
252 3966
4509 4138
3177 5370
1569 1823
2628 7374
2712 6917
1580 6674
1493 6021
4469 1056
898 3030
903 5734
2546 583
5564 5707
1049 1381
1418 3145
6449 7258
2570 4403
2026 2117
7041 5817
4793 1280
4314 2755
1008 7187
2911 7430
1277 5311
5767 4071
416 4454
2975 943
6663 3771
3056 3178
1646 2580
1699 354
6999 1863
4150 2063
72 1780
4543 6132
3083 3237
5313 1757
5773 3262
3013 1617
7213 5531
1929 1914
4636 5489
2449 4210
1930 4223
6872 3055
1107 2438
5236 2629
7080 5372
3473 5634
3019 7212
6504 2044
4455 1493
5991 4991
2469 5352
2690 5534
3811 1568
2009 1119
5984 1625
1246 5731
815 6262
1221 410
7377 6883
2249 4013
6609 2976
1901 2540
6133 6002
893 2571
5968 7242
4402 5350
5489 435
6178 5555
3512 7498
4074 1029
4972 4441
3015 2236
7305 2466
4644 7432
2518 715
5607 6698
1001 2793
181 2554
1769 5904
4177 1876
2431 2216
2364 1521
7270 1179
4315 3599
370 267
687 6205
1514 3056
6475 3136
5588 1378
6056 4151
4334 977
6305 3782
7390 3899
4604 4689
3885 289
4519 4760
5965 1294
329 4718
1691 3841
4802 1427
4485 501
7017 1244
1196 3012
3952 5656
5104 2462
5870 4509
4807 1491
4051 4036
7428 3706
4795 1982
4374 3605
1297 1037
6819 2986
6793 2956
2708 1501
1429 1460
3199 1633
1548 5291
4031 3116
3258 4735
767 3718
7222 3713
2919 1861
3810 1102
2015 2427
5985 3806
5252 5248
7339 4535
5020 3490
1505 5828
4683 7341
1902 3461
409 1904
723 524
2858 4497
4742 175
2729 1394
5876 6962
6718 912
2733 5029
127 6560
3249 1642
7306 6669
6312 50
2297 6747
2885 230
2338 3424
1890 6969
3932 1315
2094 4261
4893 1323
1143 5880
3323 6246
3292 2484
5106 1039
6383 351
3772 6226
1231 226
1215 6200
3953 7383
1570 976
1413 2757
3369 1158
4088 5499
1137 4485
3389 3359
3097 6481
2405 7428
5962 1325
4050 7481
5846 1018
6078 6857
3135 3626
1513 379
4167 6056
7082 294
2463 3459
2190 7436
296 5958
4458 5949
1116 4092
5207 243
4424 5761
333 2008
6884 6666
670 3811
3923 5982
2502 4809
4353 1448
536 2609
2821 4072
5640 3924
1422 3818
3025 1956
5187 307
4717 1516
3120 828
2800 3219
6937 5072
722 2957
1873 2824
5530 12
7007 4474
5509 232
4844 890
4686 4564
2759 3596
1714 5774
6628 7004
3790 5999
680 1925
2017 454
186 1729
7092 4856
1186 7032
3797 4574
5348 493
1749 7437
7148 2271
6789 3331
348 5870
1390 6156
4527 6304
917 3149
2583 7267
1745 382
5244 7255
3241 4908
2140 3057
5665 5027
5840 2094
7076 6536
7344 985
1069 7048
6961 7351
3118 5385
3378 5601
1529 7288
5589 4731
4145 2451
6929 5738
1129 5107
2089 5264
102 7252
6989 564
1791 3952
4619 556
3316 2916
5077 5831
4048 3123
3983 6911
226 2313
5256 3205
2676 6813
5002 4141
7004 2971
4201 5640
5255 6827
7130 2764
6801 129
1785 470
4112 5420
132 6045
2887 5654
407 5694
3339 1771
537 3747
21 5877
7067 270
2501 5807
5996 2209
6251 1479
3167 1412
1187 4199
4926 1850
5139 2953
7066 586
3741 4814
6308 1737
6551 4528
7226 2477
1338 1624
5063 1581
6734 5643
4400 5953
2367 3625
803 968
171 5180
4476 6653
3801 3765
5769 2210
4855 5967
4744 6166
4130 6394
6119 7464
190 6717
7373 1671
3282 6599
2825 6629
6108 5797
3781 6150
2754 4603
5622 1900
6924 6834
5151 5504
1455 6729
1339 4106
6007 6783
598 7440
3538 3515
4500 7116
3939 5842
6146 1083
3481 5151
3785 5523
2233 480
2571 2830
1076 2494
2324 6248
372 7487
2066 5572
5411 3790
1624 5846
1032 6410
7392 5586
2728 6823
338 743
5943 729
3299 2214
4601 905
5126 3643
1673 7108
5316 3081
5413 6851
1249 5885
4920 1328
135 5611
3899 6864
1461 503
4553 5240
5986 3144
1489 3124
3573 1507
663 1822
1560 1408
5949 5341
6565 7414
4866 3418
1964 3730
7424 4147
2091 2
4221 452
5430 5444
7276 4627
1042 1442
5295 5344
3663 970
884 3229
1671 3870
1881 4734
2909 5952
2472 587
5119 4940
1424 6336
306 1470
231 105
1834 2081
6738 5766
6777 3517
759 2266
5133 4813
2558 2520
2528 3922
1683 5081
1020 5224
6231 4680
553 2933
1874 2543
1788 6738
5040 5978
7208 5829
2362 4142
1415 3228
7143 2800
2031 909
6303 2821
888 287
1927 3788
2588 7104
1063 2034
999 5471
6188 7254
6900 748
2566 1368
3096 7175
2221 2741
4901 5600
4148 3162
1150 6208
1958 2082
3752 2993
1444 7415
774 4928
6180 3608
3011 1494
2644 631
4787 812
6281 6683
835 3724
1972 5189
229 6887
5015 2665
2755 4860
4994 780
910 4550
3216 6439
4939 7162
187 950
4368 4559
1828 1805
7191 2728
4449 1136
3268 2489
1080 7290
3277 773
3759 3368
6934 739
529 4799
3322 5062
6847 6764
84 5540
59 5919
3267 727
7395 6221
5422 549
367 4139
1735 1254
2970 2283
5147 2952
4169 3157
222 259
1680 5479
6064 5230
5575 2654
343 2316
2197 4990
4282 134
2272 2991
1722 4018
3765 4005
3148 4694
1387 1658
5634 3225
2412 347
6386 5365
4258 247
3259 4804
4325 2038
77 5482
240 1933
621 4448
6271 1218
6914 6340
5421 1684
5459 4479
7386 2659
57 2873
989 1652
3742 665
7371 2514
5732 6085
3707 1665
5471 6243
838 4936
5775 2352
4932 1114
1124 6063
5282 160
4903 6288
3971 3054
116 5210
4401 6111
1786 5425
7442 7488
6824 3480
2980 3265
1365 794
3611 4498
768 2460
3273 6623
1350 2446
1038 4385
2905 6744
5635 3675
7461 883
4111 6930
5332 4670
2544 1111
1876 398
3851 2001
2247 4406
2198 2327
3468 6918
6935 400
1886 1915
7466 1809
5481 4435
7255 6274
4366 6862
5184 1530
2810 6068
4832 2962
193 6123
7383 3352
61 2496
5585 7313
5235 5438
1503 1905
5976 5592
4814 1609
1446 2544
1467 1147
58 2814
1487 6426
5033 4212
7104 500
5936 3803
6558 786
4129 6988
2792 839
1469 3887
703 4409
258 2694
1744 3128
5694 5051
1377 2751
5898 4542
1715 7205
1211 1061
3782 2619
5302 3743
44 5063
2589 6359
2972 1918
3994 6310
3835 1341
3151 6358
6682 1661
738 2970
1961 5044
7155 2512
6620 763
1459 119
1373 4742
1354 4266
2229 3101
6894 5175
5878 3011
1096 1783
802 4575
6311 77
6022 894
5436 7148
1324 1815
2228 2734
3539 1241
7421 98
849 872
7368 3452
1066 4508
315 6293
3935 5890
3107 5404
2506 1382
2191 4747
1825 43
1614 4201
3710 3194
5691 3410
3763 6467
3632 7030
5705 3789
6925 4180
6585 5903
781 3093
1878 2680
4663 557
4747 468
2133 2015
2658 2539
7379 5623
4987 4589
2225 4780
3579 5367
7414 1115
7497 6701
3713 4135
4822 5920
4735 3146
2854 179
1538 624
3733 3254
1879 5405
5406 5665
3824 6138
3585 1267
6543 3000
6870 4977
5420 3380
1233 1758
4931 5518
2282 5944
4498 2020
2110 625
1758 2416
284 55
3678 4594
4826 2627
2823 1171
7251 3671
6546 1118
2349 6032
2477 5310
6293 5462
6862 3288
6091 2068
7446 3728
5532 688
2633 3979
7381 2642
2260 2864
4099 6174
1043 2875
3638 5711
6726 898
7487 2221
2898 4783
5983 418
5315 733
2348 3029
2927 5119
1746 1004
6633 4503
1305 3173
6671 6403
5658 2965
1410 4833
6974 1379
4731 2980
2781 6207
3358 2455
3440 3416
1804 6161
2510 5793
3261 2813
4023 1048
1074 4430
5631 7395
6604 6542
2311 3873
1279 3853
3222 1977
551 3471
4505 1432
496 348
2983 2992
1356 2362
4271 3606
1924 7064
3698 3882
4967 5901
4119 6094
6853 7166
1658 3982
337 6916
6519 6131
4571 5956
5791 717
2378 6929
6487 3129
6080 1946
7173 6168
1262 2106
4151 3034
6530 4173
4385 2168
1632 5930
7058 90
5424 6421
3142 2920
4464 5421
3041 3356
4347 1874
1996 6395
3220 4802
2766 1237
1388 2939
6975 3290
37 6789
859 5410
3526 3968
6041 3274
4586 1688
2883 6645
758 6889
411 5236
6528 2927
6252 3005
4413 735
2882 3569
4437 6343
7050 4330
4656 1700
2483 212
6717 5855
6496 263
946 3802
4763 4284
1232 329
5122 3386
346 4002
6063 6122
4820 671
6340 3343
2358 6579
5220 5453
940 7007
1888 3741
5852 3103
1485 3478
2806 4668
6885 1169
2054 3385
1355 2112
2159 7088
3463 6785
2154 6796
2859 4878
962 3792
2662 6022
5368 5808
3119 3679
710 3207
5167 6765
4784 6771
6788 6932
3755 4189
877 5593
3999 1404
804 1397
1071 1070
6185 1296
2841 2862
2336 6567
746 1332
5414 6893
2594 7038
3541 5836
6401 3437
4856 3444
7483 7298
2421 3636
5451 5415
3900 3877
764 3074
4703 3546
3617 532
5111 2535
6659 4568
2969 6617
4993 2274
2765 1346
863 97
5160 2374
3775 1105
6258 6499
1056 5796
5494 4660
3979 5677
3104 6496
7459 4883
1943 3711
4012 1092
1967 145
1557 3095
3703 703
2609 6910
914 3348
7002 6958
728 2926
4040 4366
2337 1089
6179 2836
628 453
250 1466
3399 5971
3390 6695
6808 2182
3089 5732
2187 6816
4516 3253
3014 3382
4497 534
886 1875
1095 6531
3139 1686
342 2122
848 716
6266 3134
6028 2380
2931 892
1368 6606
2884 5918
1704 5551
4841 7235
7116 6953
6243 6546
7189 3084
4504 3334
714 559
344 6454
4118 1634
7192 3842
3636 6514
2114 2621
5994 1362
7042 5346
2643 3727
4022 4016
3853 2921
4800 1264
5197 3264
3494 2657
4697 4282
1830 521
693 5128
5941 6240
3841 2726
7247 378
869 3397
6102 4127
6889 6972
1072 207
6616 4615
2665 2400
4668 6488
7399 2049
1910 7429
4810 4504
620 2325
5339 7479
7354 689
280 6108
977 924
5191 2355
548 7418
4281 6406
2081 1271
6499 1245
7138 1058
493 4981
5894 7225
4388 5333
2777 3726
2600 5303
5570 6061
4548 7049
1106 3058
6644 3234
2788 331
4916 5636
4255 3781
4309 2522
2997 6874
7121 2497
7052 7181
3405 1014
4202 5689
1372 3082
5939 2653
7438 4715
6139 1497
983 3714
6599 2086
2640 2548
160 7422
6126 5286
1619 60
862 2716
2255 4179
1253 3666
5645 274
2947 374
6490 3531
3920 2505
2523 1639
5902 1206
6338 637
789 3138
5662 5460
2639 3913
4850 3901
2240 4801
5366 1269
3348 463
5380 1355
3656 3647
1701 6521
5027 4298
4873 826
5547 4777
1863 65
5463 4817
3950 4165
5155 5576
2448 2183
6766 7373
555 428
471 1319
2277 949
327 584
5475 5384
3693 566
3325 847
29 4047
5378 4375
2539 4369
1995 2973
2129 3631
4517 2972
1912 6115
6757 5725
1736 5544
2160 5053
7391 1635
834 5162
2417 5669
7174 3910
318 6378
6957 5622
896 3383
2013 3292
1837 2801
7266 4107
5148 1767
911 592
6795 7095
6963 2919
5569 2231
3723 1091
607 3687
3942 1803
6600 6292
5515 4293
736 5064
4560 3620
4457 2641
3671 5262
4003 2586
4803 6820
2869 6201
3658 5966
3477 3163
1733 3945
2826 2924
4924 2707
4536 253
2988 5298
1065 130
11 1571
1535 6925
837 363
210 2411
4016 449
4753 682
541 2656
3446 195
4237 1478
3856 206
2563 4446
1381 4960
1748 3408
5345 1429
1292 1108
4769 5737
1 4888
1226 4120
7176 6204
974 4222
2427 5700
1651 1137
4495 6185
2749 3739
309 4044
579 5545
6542 563
5060 208
6576 3744
2161 3864
6810 5465
5893 6927
807 356
7163 3233
5081 3521
3350 5487
3562 4904
7084 1228
2719 3890
6536 4060
4531 372
4386 2643
6814 3489
5084 3893
1630 7465
3603 5299
5672 166
7047 3712
3176 2983
7219 1284
245 6773
1723 838
5024 5071
3655 507
5948 6469
1968 4183
230 6088
872 3450
1130 696
5879 6704
5636 2053
5524 37
6702 7473
3924 1692
4312 528
5343 2116
1238 4842
1657 6718
4816 515
4510 4512
5676 6673
3071 6860
5781 1693
6622 5675
5866 7244
7462 5079
1803 520
4299 2365
7448 4380
3210 3230
4343 523
6782 3013
5787 39
7012 5101
923 7066
354 6866
3618 3731
5836 4456
3295 3399
1366 5219
6861 7470
6128 6014
4849 488
5731 6886
7085 4030
33 1178
3680 6325
1447 1534
5135 2650
1423 2903
7447 4952
4165 6996
164 109
1114 54
6242 3949
6553 5434
2557 4390
4087 714
5294 7010
5071 1456
7063 4093
4054 5509
5477 5814
517 4360
5832 4549
6013 705
4666 5762
5143 4344
925 4655
363 3773
2102 6967
1625 1999
4376 4573
3347 2778
1717 3333
109 3916
5864 2663
6762 1278
3533 2275
757 9
5782 5746
2675 571
2164 1867
2294 6712
1511 2849
2697 1210
6790 4144
5744 4015
6362 6552
1394 7388
4052 4758
783 4043
3897 1959
6400 4383
144 3360
4518 2913
2383 1128
174 5852
5643 591
2321 5069
2603 6478
3311 2662
7068 485
3917 6892
6313 1966
220 797
7451 7339
4858 2947
4653 6642
2379 4973
918 6217
7289 185
2574 6752
7408 857
3137 1560
313 2401
1551 3466
129 1249
6224 2781
3807 4146
5183 7468
3147 406
4465 3299
2389 3195
808 1606
1159 100
1650 6482
6627 6057
7481 1024
5083 5347
1154 1032
1149 3211
5529 4500
2152 2688
5613 1337
1351 3127
4879 6810
5222 2265
2180 3102
3423 3638
7369 6987
1281 7174
6505 4937
6655 3923
2813 629
3382 6751
1955 6915
2095 7499
6506 2587
269 2572
6342 6364
568 1339
5438 6440
4665 4770
202 7006
3088 120
4394 7478
6796 4695
4978 6253
1922 6949
5023 11
2245 935
4719 6847
6897 7110
4079 4610
2432 2888
7420 136
1378 4233
2801 2925
6844 6252
156 4736
6527 3180
4936 4225
6964 6766
98 5847
5647 649
5501 2632
3337 3564
2440 147
341 2124
297 1144
3696 6434
2451 3049
1427 1465
5460 582
2076 3062
5245 7349
2497 3992
4268 1170
1146 7299
3049 5422
7374 1927
1920 3493
6578 7296
1827 1159
1173 2329
2437 4871
6701 79
5340 1457
2835 6160
2549 6354
4539 5272
3245 2027
6909 869
161 865
15 3676
984 2866
3674 3089
5205 1306
5783 1936
5290 2306
3624 5906
4452 3100
3421 734
5860 6517
649 693
6307 6218
1383 3182
1346 6447
320 6309
3762 3889
4091 3685
2811 3735
3509 3958
4724 3249
1954 1077
3209 7153
4406 4692
6149 3111
1259 5969
953 5087
149 4181
6693 3535
3296 3339
797 1616
5391 2870
1405 3020
4124 2518
3647 2868
7200 5649
1898 4425
2238 1627
7008 4350
5978 6733
6260 2534
5684 7424
449 3427
5132 3677
6563 996
2895 536
879 6594
3404 5580
1563 7226
5695 4431
5543 3998
4226 4713
4904 6062
3110 762
5971 4094
5839 3413
5591 535
4356 5695
5648 4399
993 2825
505 7080
899 3851
5010 1104
4981 7495
6397 800
2028 2928
4114 1891
4045 4395
6193 4251
3995 7158
7015 7336
737 6342
4624 5380
218 1862
775 4507
6852 1005
5289 6662
2556 482
1665 324
5393 4475
479 7000
2022 695
4430 190
82 7337
6569 3432
2232 7317
1986 3696
1782 2605
232 5541
1005 2240
1271 7056
2674 5258
7179 6912
698 1240
2568 3766
6778 5475
1009 1255
6121 2017
485 121
1393 3742
6171 1223
1302 3151
950 6566
3064 6776
7418 6870
473 6495
7106 3046
6910 3526
1909 6475
4340 4846
750 1087
4407 2482
1777 4103
6016 19
6677 5362
1826 5049
6209 7380
4398 5859
1906 660
7114 4954
1938 4605
6865 6049
6296 4064
2595 1523
7333 6294
6827 5290
6248 3073
5238 6028
6455 768
3026 7347
669 4647
5907 545
3272 6609
2423 6577
7199 7281
4085 5802
668 6223
4363 6154
330 4925
5618 2056
3362 3043
3938 4152
2376 7119
3903 5883
5103 6435
247 3770
272 4543
1314 1165
5759 6465
4294 3640
4444 6333
1348 918
5927 4985
6580 5710
26 1301
7133 6780
1407 1973
3205 2201
6656 6139
2079 4125
2157 6585
2492 3319
224 7262
2529 5388
5145 3777
4453 2384
12 2317
1125 6144
2353 256
597 1489
6147 4664
6898 390
1660 5864
3478 2720
1466 5235
832 1406
4852 6697
589 5659
5688 6959
4695 2508
6895 5684
1564 3759
5721 2442
4037 3346
5124 6525
7300 6429
2616 5575
3183 4248
3020 3080
1792 3158
6995 1413
4010 5990
4946 2883
5415 4763
6375 4969
4779 669
2978 1012
7429 1396
266 4738
357 6506
1767 4775
7057 673
3010 6965
1414 1449
3124 4419
4525 5326
2752 7280
5989 6321
5887 3571
3764 604
35 7073
2418 6538
3257 3837
1862 5076
1103 633
146 4672
3193 2089
1637 1454
4365 6660
5314 4869
790 3932
5557 1194
5559 4987
199 2977
5192 3153
3488 6518
919 4177
4590 7345
6071 6388
7036 1789
5080 6036
6120 6549
3188 3440
3895 1836
1546 3177
5337 1676
6304 5567
2621 5156
3327 6995
5480 2829
1692 7159
651 4361
6143 2178
3419 774
2320 4035
5448 5259
4578 5532
6705 3991
1949 5054
4082 3933
7343 5473
4831 6532
1463 2668
3482 4548
1113 82
5977 5147
7450 2449
6017 2453
7091 3179
5454 4444
2559 4224
7486 3567
691 3041
677 6453
2397 2828
3861 7389
6564 2563
2258 4150
2853 5048
1793 725
6602 2103
2705 4570
717 551
6672 4268
1988 3465
1315 3156
4661 3651
1235 1052
5011 5598
3559 4307
4361 3902
4715 1827
6348 3732
4448 4348
1848 6556
4534 2532
826 1558
4513 4765
4752 4213
498 1792
4434 3962
4754 2426
3351 5981
4511 7059
3523 5851
4749 7042
2577 2148
7409 2604
700 1192
4484 2473
388 6902
6923 4585
504 5159
601 900
5384 2322
1950 7103
7178 3723
6691 6259
6350 7452
6292 2941
7239 1252
3444 2424
2064 1248
5371 7257
5604 2422
6956 3281
3445 2974
4515 1980
4712 1583
4278 4839
2634 2224
5510 2796
7494 4236
142 7078
6515 2169
4589 1163
1882 4818
618 5900
2551 1373
2178 6570
5572 2566
5797 1683
5771 5571
5158 5676
6986 3473
2375 2376
2994 6909
3746 1072
4910 5036
5395 3406
2381 5187
166 6235
6336 4854
6192 854
6976 1607
4460 5066
6722 1286
867 7142
921 1073
4770 5001
4064 4353
1057 1724
2819 6723
5858 7136
578 234
5154 4761
1067 1666
7232 6548
1336 5546
1571 1976
3062 7307
2306 7012
3246 5988
4956 6842
3738 2702
3169 6037
873 2196
5804 5423
3202 1414
799 1713
3567 511
27 1882
4645 84
2195 6976
1456 2402
4894 3037
3657 1062
4584 3376
5485 1975
3141 496
987 580
2942 4264
5654 6530
5218 3601
5808 2501
2516 5965
4337 1566
4995 3672
1805 5536
4098 3981
3233 6569
5488 4613
6003 1738
681 3867
2406 358
6594 3167
1272 2730
51 1945
860 5340
4638 2125
697 3683
2047 2392
442 429
4408 5274
1136 961
1851 1462
2346 5455
562 3907
1175 4240
1230 3795
5323 3880
6376 4853
2044 5884
1484 7284
1936 5548
5869 5500
118 3695
4672 6348
1192 4382
5383 1586
28 4547
6495 1851
4782 4351
6207 5160
5356 7403
1935 5511
1087 1469
1468 2389
6387 335
2407 4711
6457 1990
2382 1446
3105 3618
599 7427
8 6153
2082 6876
153 6236
6990 3091
3936 3362
1496 6079
3641 940
6938 2795
4780 5033
31 7357
236 1965
5215 4997
1046 5610
7452 2235
6647 4815
3116 3094
1734 4159
495 6413
1883 5121
1332 1596
1412 2456
6228 7455
6019 6042
6873 6402
2620 4723
2268 7125
5746 7402
7097 3075
5149 1088
4211 2917
2937 5176
6660 5391
6645 2695
4883 1046
1273 5364
796 567
5309 1569
6535 5288
2926 401
530 2765
2828 6961
5037 231
6837 1417
1420 6564
1419 2603
520 3813
4723 3926
4622 2895
5709 24
5431 5691
3303 6158
5321 3506
3876 5238
2682 2784
6642 6015
41 5820
5272 2059
1518 5477
861 5743
5877 6004
418 2284
5772 83
971 2432
2968 3821
7291 7459
6859 6644
4139 4903
6196 6408
4805 6229
1219 5443
7186 2241
2956 6263
1258 4939
2504 783
183 2832
5507 328
4765 311
1713 3164
2948 1148
3012 1943
5911 2708
4463 3646
203 6719
4847 3595
5405 2583
1510 1802
4189 1592
5632 3568
70 2430
5108 447
339 4367
2851 5470
1309 7450
3514 2377
6368 2881
1925 3854
4341 6825
3086 3863
2847 2538
205 1434
324 811
4671 3917
368 7054
2052 4529
4409 6457
4837 1920
2802 4451
1814 4637
1729 314
2242 5214
1225 1262
2050 2146
1170 5123
175 1511
6774 4698
177 3614
5022 1019
6809 5770
2769 1669
5322 1883
1652 3133
3784 5845
5121 3976
3868 6422
2203 4877
1816 7275
2368 7102
5955 6533
6380 2493
5849 1984
4014 6180
2818 6944
7124 3959
1492 5563
3837 5993
1550 2987
3867 4257
4627 3948
2513 5041
5818 1855
4673 5984
6912 7111
2608 235
3536 3449
3084 5381
3654 1498
7044 4460
3009 2840
1344 5178
6695 620
10 6001
4095 6563
5995 5679
5297 5073
5496 2488
6468 4541
2080 599
1172 2545
1773 3161
6283 5933
6886 4539
7460 112
95 936
3353 5612
1568 3754
2973 4557
4897 6018
769 360
4887 593
3747 1535
6892 5167
686 6468
5623 3355
7463 395
1241 2954
5327 5714
6704 5530
5667 6527
2929 2582
2168 7482
4923 63
6259 5777
7069 456
4106 2999
4372 3304
3640 2775
1855 1256
2132 793
4218 4274
304 4649
1539 2724
301 3239
924 6433
4379 956
6772 997
7250 3286
4247 5683
7402 5878
5528 5305
1989 1778
7217 3750
4713 1764
3951 2324
3154 3871
7299 7161
5756 7248
4859 1591
591 367
6319 5125
1270 6561
4863 6832
1161 5269
5660 2408
5954 2541
2720 3394
3204 3532
5736 6999
1686 2818
4228 2244
3035 1393
7308 5078
7028 3642
1290 2233
7257 5869
727 4584
2426 7146
5535 391
6696 6900
237 3454
6001 1290
4290 6760
7499 4858
1362 3814
6540 2785
6545 2589
3714 5227
3753 295
1097 5281
2617 2319
2045 3745
5719 6058
4660 2874
3586 123
3629 227
2261 7171
3766 2262
4647 5193
5743 283
6969 487
5655 1528
2442 907
7005 2360
3724 7176
5262 796
1600 2334
2845 4323
3605 3257
4032 6039
6945 5651
2278 7409
4558 5678
2751 6714
94 246
1818 4748
4116 2597
6062 340
2145 6286
5175 4470
3930 4191
6792 462
3130 3680
6103 7112
3884 6554
1047 365
7212 4572
3465 4413
6756 4632
6742 1640
1969 411
3826 4812
6758 6170
2683 3143
2827 1896
751 2886
3129 2746
1561 4555
3297 1968
2965 5096
7105 2860
7432 5975
5386 1464
1778 4690
6339 5129
4670 5760
7197 7419
4245 5233
2580 2601
1157 140
3178 2143
1321 2492
4848 1620
5603 5018
6492 5630
6625 7191
1593 1840
2671 5188
6509 4455
5961 6341
4000 6155
3430 6896
6928 4527
6629 6640
2503 1113
7238 6315
373 2293
389 5114
5453 7489
261 1481
4304 6957
7071 4677
4579 6319
2830 5113
3464 91
1690 5712
3484 5662
5369 7060
3534 822
6186 2608
3329 1093
2687 3720
3597 3589
122 1183
7264 3261
4069 1542
1110 3658
5363 5256
7477 6300
7098 3420
5277 3779
2649 4995
5766 5117
1472 2909
192 6812
823 5566
154 3537
4729 5987
1322 2686
4038 3935
631 4207
2125 3014
4676 1786
1999 67
3038 4931
2963 1938
2377 1103
6154 1281
7137 2436
1375 2336
3815 3692
3756 6829
3255 5585
705 6183
3052 4640
931 2739
6236 6031
5467 4428
3754 7425
1218 7480
4092 3216
5924 1884
1034 2307
3990 953
6204 484
4459 76
2803 5249
5286 5735
986 2320
2428 1631
6943 296
3522 6411
3987 6280
2707 4291
5915 2776
2960 325
1090 5594
432 387
2111 7393
909 2769
3080 7304
2829 4033
6591 5080
6045 5917
6157 345
5540 7461
3242 5047
3804 1745
2943 3973
968 7031
89 2612
2265 3284
7314 6510
2480 3978
7353 2858
3063 2064
4378 1873
448 3544
4833 7172
2070 4910
1191 5109
4654 7218
7209 1403
5717 519
3085 323
159 5538
6201 1251
4002 4341
2073 4919
6617 6828
936 986
3279 4769
7117 6736
5926 1852
1148 6913
3634 4208
5988 278
7336 5171
1917 6778
3685 5430
419 2823
3380 2915
6649 5277
4559 4924
3310 6106
4159 960
19 6558
5035 2945
4725 6295
1367 3972
7230 686
2285 787
616 7046
1800 4516
1408 1126
6694 7028
1236 752
6768 2513
7342 1490
991 7194
1437 2811
2436 1739
639 6356
319 4571
5050 832
6089 1736
3456 5379
707 5495
4067 4875
3438 4275
5355 4113
3576 2562
4606 214
2461 1597
6200 7051
1409 5132
3201 4702
2202 1173
2897 6407
4762 5122
2214 3387
2670 1871
5005 5729
4817 3296
6150 4161
6697 7486
7019 4684
4332 3311
830 3307
3434 7024
2584 1232
2071 6198
5633 1626
2848 5771
1833 5584
6320 5912
2414 4998
4075 6955
6511 6196
4216 731
4942 6994
141 29
6026 2907
422 4551
5568 4469
5265 4745
5271 4054
4888 1475
1250 464
4959 7378
4603 3832
6949 1546
1705 213
3553 4794
3672 3263
2224 3273
1978 3332
645 1710
2344 4481
1869 1348
5683 7015
4078 322
4030 7227
1945 4652
5701 5092
6878 6931
4286 955
6105 1944
657 914
6290 4221
3093 1017
7185 3148
4902 1931
4251 1330
4892 5699
1162 3476
6507 4281
1068 2440
5195 7130
1760 2184
5837 2364
7102 5336
1655 164
2939 2194
6027 1517
1610 6353
6331 421
110 3585
1700 820
1256 3113
2560 1375
682 172
4557 1226
6556 6582
5973 1351
992 4357
2319 7484
762 241
3276 4630
2753 4646
6441 690
262 4619
459 3796
4570 1435
1706 313
3919 6587
1956 538
3908 576
7455 3308
74 3451
2669 7492
5225 5046
675 2630
7417 981
988 5608
2038 1781
6138 7
1278 3987
439 6081
7491 2878
6023 5926
4930 2600
1036 6242
3192 5194
1212 3016
2758 3984
2065 3372
1397 2051
2188 6605
2411 1681
5720 3961
5610 1804
4410 1701
3315 2238
287 1250
1941 4909
1471 3251
4947 2914
447 5396
6246 3637
6765 4929
3817 6875
761 7376
5843 3989
3422 3944
4181 1942
7139 1356
4594 2661
1434 5899
2313 2474
7145 3007
5789 4420
2007 4546
609 691
24 2443
822 7397
6382 2450
2717 2652
5956 5241
1856 7439
1497 4411
6874 1537
3326 7476
3016 3497
1002 3185
5905 6687
4178 3455
5374 1680
5273 3258
379 1997
1257 3170
294 5583
6083 3615
1957 5910
7319 1817
6752 1600
3722 846
1317 5986
2051 6109
2135 3597
433 111
2692 6980
885 115
760 95
2531 2119
1307 1321
3208 6945
4591 1953
2979 7268
106 1864
5144 7074
2844 7224
1774 698
3883 3026
874 3587
6385 5599
7437 1185
959 849
4277 6878
4896 2719
6437 7170
944 5221
1179 3108
4056 5775
5576 7343
6055 4696
7324 1974
1051 5639
2196 2162
2647 2349
3709 262
614 3888
6403 2444
1449 3193
5715 4105
6965 1903
1756 5485
3411 1532
6268 2437
2212 1937
7304 2616
4029 7147
5310 7163
2562 771
2587 7289
5624 1386
5185 3545
1265 4633
2279 2570
2084 6306
6798 5733
267 5606
3165 6053
4186 5387
3816 840
4155 3212
5312 7386
5036 5357
4613 4979
4522 150
4125 544
6678 2074
6993 4000
6047 5319
5812 3353
5107 5529
1040 1207
6953 5502
7029 211
5495 6611
6132 362
658 1893
4200 4831
1608 4785
4716 3809
2713 6914
4483 1811
535 510
2422 6460
365 5824
7112 5997
5608 2998
1477 998
2624 6951
6483 622
7188 6389
3729 6020
4223 7270
2615 831
3608 920
4310 5361
894 3318
2668 701
5638 728
7184 5811
2783 1458
2036 4525
6079 6659
5492 3289
3230 4755
6494 4004
5320 1035
3163 4899
5794 6831
2204 7472
5834 6672
282 1679
5912 777
1026 5418
3620 1099
6433 6600
2464 7375
403 4906
4243 5800
1486 6770
5375 339
1033 2631
1334 2516
5718 4176
5639 5923
745 6989
1620 1923
7118 4335
2804 369
3580 3341
3840 7098
3301 5724
5351 2887
5300 6065
5409 184
4506 4841
2163 388
2794 3551
3244 4941
4709 3238
3181 2777
1985 1748
5520 6311
694 1437
1861 1890
5269 5314
4231 6412
4288 1200
3324 352
5090 1045
4287 3038
3398 6416
3789 359
5646 939
5910 408
1761 699
3357 3500
3008 3272
1509 1520
189 4130
6381 628
2137 7372
1766 7213
6710 1673
7198 4443
5972 4930
2866 7151
6101 6584
6398 1488
6746 550
213 373
6913 2698
952 3644
5723 6102
1604 1447
4680 128
7043 1622
742 5204
565 2326
3203 6803
4284 2525
3778 4662
1720 3894
3992 1628
108 4889
4823 1960
3871 4717
7169 5805
1695 2949
5514 1063
7320 5163
3108 3118
131 6203
3606 6648
3293 3401
2374 4198
7479 1151
5722 2353
6485 1752
219 2465
3927 2826
5054 4354
7389 6595
4737 3549
1209 2468
5675 20
640 7219
211 142
3308 1347
6683 509
791 6339
1028 126
1762 5294
47 3445
4423 724
709 803
1558 53
6503 2899
6896 7462
170 2969
6140 2069
7140 2030
6332 2150
2519 4336
5777 2498
4828 2339
3040 4187
2741 3994
5307 6046
672 6419
5018 2357
254 5792
2610 2850
771 2550
1392 5411
5959 319
4326 3845
4766 6615
2564 7385
4564 3033
5482 2205
6641 6497
1011 3786
6053 1722
3832 5124
5086 3592
4617 7265
2167 3141
1432 1033
1707 3218
120 4796
853 5605
1078 4628
6279 1387
3236 3429
3126 4847
1615 3812
1138 4740
6198 5042
3379 1961
2763 481
6145 137
1502 3391
2482 3456
5992 6824
5686 805
3909 4556
7234 4614
4541 632
1588 5251
6725 5520
469 4944
5900 972
4796 4623
7056 7228
178 2806
3552 3223
2604 6047
3799 148
1251 1349
4382 4754
3239 5437
5141 6578
1728 285
955 5358
1599 276
1672 4305
4420 3810
7194 2330
6566 3227
410 3574
922 2435
1824 7101
4214 5021
5370 6338
5174 6661
3283 1139
990 7291
732 738
1525 2880
7011 575
6344 6557
6391 3295
3132 1112
5779 2348
56 2791
7393 6899
636 848
2115 6938
3250 4294
583 2099
6049 6838
2257 1541
2648 368
1645 5996
6473 1411
331 4012
6911 3858
4060 2323
3767 6777
5165 2022
1506 1167
994 6755
4851 4540
5970 2843
5298 5095
6156 6064
5698 5587
7244 30
6443 353
4652 4707
423 7365
6215 1233
60 7318
3078 7250
4845 4999
251 4393
1859 6362
1771 6906
3136 1646
2784 2964
4760 1380
2958 2433
3412 7241
3354 929
7337 2640
1719 6029
5443 16
1126 5533
5987 645
7021 4104
1621 5306
2177 7135
3975 2197
7375 3172
527 4757
561 7019
733 706
3779 4524
3300 3504
1282 383
5064 919
2714 3187
818 3349
5614 3834
1623 7279
882 399
4860 3326
1747 514
648 6176
4909 5416
2075 6284
4757 6547
1142 366
2981 2636
1084 2043
673 975
3073 3009
4864 2959
4637 6923
2030 3135
2816 5801
6288 3371
4233 2172
6703 1699
4587 6758
3018 5406
6514 318
6399 4829
2266 7209
6285 5439
376 2382
523 7303
180 3314
5200 250
7022 6215
1842 1910
2913 4386
3131 1869
7024 3953
6520 444
2989 1630
4969 5809
6623 6728
5268 1505
2550 3947
2438 2367
4196 6633
3737 6966
5580 4638
5679 6963
5241 5198
3530 2700
3652 6709
4220 4962
1540 5795
88 5874
6274 2703
3470 6270
2170 3927
1711 7120
6731 640
2730 3423
5214 7141
3385 6539
2815 4283
2880 3716
7427 2428
7099 2405
6182 199
3689 7237
4391 755
5085 1168
5881 4190
5490 4947
2538 3428
3075 2114
1044 2294
3336 760
1554 4728
369 5674
3006 466
4975 6749
5757 1677
1164 1749
2231 2369
2863 4309
283 6352
2865 6137
3521 4691
6967 6596
1977 3171
1296 2035
1328 1486
5863 1274
4227 6232
3836 6716
23 2815
6538 6428
5253 2711
2721 3109
1504 934
6770 4119
891 879
188 5588
2316 3070
217 616
63 7320
6764 6942
5713 2309
5704 5682
3750 2744
2757 987
43 5111
5831 4447
4026 6069
2057 6090
2465 1425
2838 1066
1654 1009
293 1913
3091 3661
4015 4699
5811 3040
5536 5138
7351 6114
6978 788
1718 7115
3794 413
6114 2032
5455 3023
5552 6307
1798 664
3254 5445
5168 871
747 4602
7013 2406
6850 2152
5427 4467
4933 5091
6407 5501
3287 4321
5350 2211
2150 764
4968 4482
3123 5025
1327 5413
4937 370
1547 6543
7111 3529
7196 2166
435 6216
2142 4373
5172 433
5311 7131
4699 3997
824 5206
476 5382
1681 4392
5850 5626
6807 3767
6983 5435
5196 6822
1050 6670
5737 2851
5296 842
3795 5196
5014 5565
2867 6725
321 1674
4046 1010
5163 6713
4094 495
1801 2542
4973 7272
5190 7029
979 4949
3127 6302
2614 3539
1536 6191
6740 4622
7070 3027
4854 1657
4207 2537
4945 719
3944 6012
4806 5721
7404 2495
3319 1420
3592 4091
4621 4347
3740 2678
4651 7137
5346 2041
1199 1839
3736 5704
5439 6971
5248 6023
5671 2088
5284 6120
6700 6559
6412 4090
4846 45
4496 5871
111 7340
2653 5065
4574 2749
2856 2515
6326 4599
509 1221
3370 6985
4101 3028
3214 6202
1836 5217
3575 1258
3145 708
4234 4513
5747 1263
6237 2942
5487 3868
7298 4716
3607 3463
5798 1287
6059 3464
4236 7352
2361 7420
1013 6664
685 5476
3366 36
6442 3688
264 5005
5381 4346
2301 2278
79 2530
956 2202
6791 1191
2404 7411
4836 2902
3701 995
4878 4641
6478 5648
1587 4598
4512 5399
4698 4656
5382 1833
4960 5173
3969 5941
1832 6819
6842 2372
7272 5858
2063 125
3978 2683
6086 7382
4066 4675
6946 1963
5259 273
7193 4606
1048 3941
5819 1503
4745 6322
2864 1134
5904 7093
501 3843
852 6318
3128 6520
5390 3974
1732 1947
4138 5765
2318 5158
5429 3918
1370 2506
7061 3822
5874 747
3166 7009
6043 7173
6422 2511
4322 4235
1109 5201
1743 3147
2222 271
4204 5006
6384 7195
2234 3988
5412 5239
1519 4255
1171 2606
4608 3514
3988 237
2918 3847
352 2023
2971 5342
4367 7249
5396 4220
7171 5354
5097 598
3888 2439
6944 2856
4105 102
7287 159
1094 3241
5553 2248
2940 3536
3017 5799
2740 5937
6959 4487
5637 5139
2485 4247
613 6283
5899 5680
5851 7433
2317 6026
5483 2379
2068 5355
3921 3553
3007 6277
646 1369
2820 3623
6110 5542
2006 712
5833 2620
6014 3259
3589 3400
2415 4332
