7500 1000
7499 3508
2625 6012
4325 4158
4452 3292
3793 5557
4681 6089
1543 2427
1881 1914
2263 4858
72 4075
792 7182
6299 3850
7433 5054
2645 6166
2342 4547
7064 7229
2704 4358
1185 3766
5391 1988
5608 2400
4023 6286
4749 5901
7341 850
2135 4083
6295 1957
2419 1231
6182 3911
2736 6427
5052 734
5885 6834
6567 6199
4641 1892
5110 1084
940 6596
6240 476
5156 4975
7113 1299
2360 6539
451 1607
75 382
4829 3623
804 5306
820 4376
3177 789
7241 5015
3789 4174
4955 5386
1568 6973
5203 3707
2366 4088
2050 1811
4765 7134
1440 4511
733 1141
4993 2029
7225 7360
2011 4196
5267 1691
717 16
3059 1180
1682 5290
1143 2313
2753 5572
725 1250
3728 6847
5450 6484
6504 2833
6372 1856
695 3759
1502 6151
4838 5220
4860 2835
5839 4777
3920 1757
2915 279
3923 6842
7111 3470
5934 2974
3238 4362
5708 3484
3937 3492
5696 5511
1547 4853
4194 1918
2872 1700
479 6574
4056 3970
6869 5826
5641 2661
674 7128
3178 3958
6689 5588
3422 4719
6414 7097
827 5238
2243 5790
3572 4939
4314 5951
192 6789
1795 3350
6069 3458
5856 105
735 5984
3208 1958
2281 6260
3427 6477
5920 4037
6657 107
1530 5606
1516 4308
6809 6092
2009 4888
6286 858
5544 7353
1207 4271
5795 1813
2543 985
2202 5945
1956 6604
5867 235
7309 2483
2336 6046
908 3334
3054 2023
1670 5034
6122 2360
6135 3697
3403 3156
6141 6093
1647 6786
1970 3544
4353 1494
4277 4064
6442 7292
794 7306
4586 436
143 988
2756 1939
4748 1281
5174 7267
1605 1077
4844 6506
119 1148
3742 1251
7172 2514
6315 5579
1505 2341
284 318
2791 237
7109 7433
2767 3105
1936 1043
4850 343
5960 1595
4310 3790
2550 1375
7176 3637
3043 1130
7345 2293
6725 2497
3701 5130
478 1383
2523 6598
2721 683
2768 2059
958 4568
358 1170
480 6
504 1381
1347 1110
3605 6965
7053 2897
386 1768
3816 1767
1224 2698
389 3361
1876 4907
3012 6543
3779 7114
2522 3203
6805 5635
5095 841
6243 830
436 2217
6340 81
7489 3420
2078 1064
5163 2477
1107 2925
1503 6296
4576 761
5995 5026
615 4322
5025 7411
3612 4495
4206 6813
493 6766
6862 7446
2463 6669
3464 5910
4182 2693
1350 3579
4311 5258
3731 3237
1995 3532
5053 935
2891 906
5249 5179
4778 5664
7417 693
4044 535
4435 2070
7027 5153
5739 1658
5302 7499
6714 7350
5904 5288
511 3004
1773 4096
2887 3423
4354 3277
5942 868
4891 2176
1267 4279
5468 428
6969 2885
6808 1822
4792 2701
5622 1999
3598 6831
3653 2085
2319 7096
7149 2903
3584 2837
5896 5530
5835 3507
1101 6541
3602 3276
472 5516
778 1836
4644 1050
2329 4946
2944 4577
3486 2930
709 2934
757 5521
4143 4285
6653 1570
4525 2517
5296 3699
2493 1923
2222 6937
2320 2782
828 6763
1075 5997
5997 4754
7058 3960
4880 4658
4696 6256
7250 3695
6399 4499
6803 2999
6932 3309
1156 1440
1913 2189
5917 3990
7423 1503
3428 3867
3941 6178
2187 3940
1744 4349
6912 4395
2691 2727
6129 4820
1342 7498
6112 4995
6132 7230
2235 6774
4762 1414
6904 6949
2478 2828
797 3469
947 908
5272 2008
6157 2562
205 1736
1688 256
5299 6549
3735 4051
5926 5938
3996 5684
6212 2739
5413 7206
2469 3567
5188 6959
2962 3716
513 3797
558 5732
3374 3142
4773 396
7029 92
964 2349
7450 7011
6086 2810
3328 5538
3204 6751
4443 2977
3088 2660
5078 6460
7020 3678
6515 3733
2380 86
791 1066
2113 5289
691 4347
6287 6800
5884 3129
4472 2570
5545 6075
3110 4668
6485 7153
5270 3604
4263 6175
5909 1307
6720 1286
5706 1964
6536 4768
6510 4125
5293 1624
2695 2681
1149 5264
2988 3796
1333 4450
6111 3297
1926 146
3318 3096
1749 6821
5919 5039
878 4749
4555 4706
6061 4693
1227 6966
7283 4994
3506 2571
5168 2990
3845 6694
5760 2428
5326 6779
1756 6049
557 2366
623 3219
5350 1296
2237 2490
6713 3158
7311 138
5092 2847
3021 5657
4142 6064
3271 4440
4972 6403
3278 2839
5581 3668
5383 1355
4976 6994
1102 5839
4836 760
3176 6981
7177 5381
1314 3703
110 2969
299 412
6848 3015
5301 4606
867 764
2599 7236
4350 7355
2740 2887
6374 7275
5962 7147
5750 1287
1899 6239
4981 5372
4615 3973
3511 5781
6282 6320
729 7113
2927 6289
3324 5259
7199 6760
5940 247
2605 3186
5310 5742
3942 6771
6907 5639
6388 2515
2577 3829
1429 7477
515 7087
2494 4790
3147 6920
650 4875
510 6455
312 1809
1362 1705
2048 2280
6345 4929
715 2756
2646 6444
2391 4759
3519 3883
118 7165
2484 4991
6581 6336
2163 3926
6130 560
6734 2894
4426 4205
5780 3103
2871 6503
1236 166
4439 6157
868 507
1675 5038
6781 1181
762 2156
5561 4651
3784 4723
4105 7053
1903 5956
1858 1052
3417 2726
78 1728
519 3339
3692 2342
7220 4821
3613 3642
704 5465
2587 3685
613 1935
6953 7308
7108 2532
5251 1444
3657 2504
846 5270
4286 5213
742 7428
4832 1018
3226 3327
1542 5228
6947 3870
2236 709
1608 1646
404 449
7052 6917
653 651
4583 3285
1812 2948
7340 2822
2039 4649
1921 5697
6732 3446
2519 4462
6093 488
6063 7339
5642 450
1032 362
1294 1200
2795 3459
7175 4948
4093 2163
3788 7024
6177 4591
5080 1641
2778 6985
3236 715
5300 2232
4461 4229
7238 2027
7246 1729
2177 4155
4659 491
7090 5893
2046 4033
1212 1965
4754 5976
6148 3078
2970 574
4306 4380
377 2153
5287 7311
2321 167
4493 5098
2839 312
4397 6872
4736 6521
2405 4775
3058 6594
1806 174
4786 4247
1254 405
4698 5977
3806 5820
4265 7226
7047 5393
302 2018
1683 3000
2679 6695
7371 4204
4821 6377
3976 4632
2118 2959
60 1335
459 3576
7315 1956
1658 4695
1821 5438
2198 1829
6018 5640
5487 6474
4287 763
4001 1203
5486 6080
4868 119
2226 2722
4622 2585
2165 6957
2666 3726
4973 7181
158 6413
6127 7253
3694 311
497 2105
1999 139
400 2815
2964 664
1958 3313
2457 5771
6474 718
2837 6954
739 1116
3940 4236
5136 6219
6566 614
1011 6697
2080 6576
6469 519
6730 4605
5678 94
2985 1581
5721 5614
7483 4627
4207 2049
2162 1070
1778 1086
1725 1044
4240 4664
4643 6511
6045 6915
1442 855
1699 204
6300 6076
6055 1037
1001 3731
5731 6927
5199 13
6599 2368
2406 2596
2241 2723
3501 3221
6807 5101
6115 3535
6118 1059
2801 6891
1653 3710
2040 5869
1487 6680
5541 375
5618 7493
2056 7178
6478 153
496 4480
7269 3170
6147 919
4960 740
1 4452
4650 7395
3800 6041
3864 1770
5925 1925
3086 2325
4123 2311
7054 5078
6565 1102
6889 5263
652 6982
4964 2843
6911 6472
6224 1456
419 2047
6954 7146
3167 6612
2293 1083
6160 2402
2990 2611
527 6228
1100 2496
6667 6213
3703 5014
5283 5464
5702 4854
1319 866
1414 1571
1888 733
295 4468
3764 3677
199 5887
3164 3083
6917 5649
3906 7227
3887 3981
1690 6654
6682 3634
5369 48
5820 5694
4237 5545
632 2760
4503 1367
4788 6272
2783 1225
1266 3503
1009 5721
6918 5337
422 630
3570 6362
1046 6078
390 2770
2532 1586
1285 3817
3521 3543
1241 171
1774 5471
1885 3151
2680 7173
1948 3861
58 5690
5723 5857
52 1283
540 2271
1673 7073
526 5942
5256 3975
3165 91
7247 6607
5505 910
6633 1241
5404 945
1850 6588
2409 2318
155 1298
1994 517
5141 3799
2772 1998
6769 5055
2337 278
209 5159
7178 624
6443 3589
4393 3809
1746 3684
3150 2356
2618 6530
1186 5982
4419 7245
2986 270
5183 2041
930 655
1089 3873
6248 1840
2725 668
5513 4024
7267 2397
3741 4317
3980 4310
1666 6217
2812 3369
71 5582
5108 5037
485 6441
6925 3196
6854 4638
6349 1032
201 800
3092 266
890 3293
4230 6718
4780 4110
2659 1147
5687 1062
4740 4029
363 4670
2928 7174
793 2495
3114 5629
3815 6171
7268 3068
1479 5299
850 6181
7057 4418
3896 1036
2186 747
6218 4047
2024 1074
2620 5802
5017 2813
7358 7232
4291 3262
994 1261
3027 2389
3794 4687
2125 2888
2975 5585
1597 6551
4594 4641
6268 3704
1809 4652
2515 6101
6499 6691
5441 825
2958 6864
571 3057
3755 5080
815 3281
2538 7319
1573 6667
2021 1274
5220 4227
861 4264
6270 2021
7048 3770
4846 4071
5752 4780
3805 1005
3212 2102
4495 5241
6656 5315
7050 2493
6613 2569
3628 1652
2859 6042
328 1413
3785 2953
7093 7479
4509 626
1498 4566
5327 4857
2511 5709
3211 4438
2931 4243
2800 6605
5807 7127
2016 2025
4581 1907
7492 1991
4002 5534
5663 4861
2615 5417
2880 3961
237 6419
109 915
2505 7223
884 5882
5090 5539
4151 1900
4249 3560
915 1920
1808 5138
7070 6688
2696 3740
3399 3789
393 5727
1373 6855
204 7233
911 374
6398 1163
4050 6279
2601 2098
1722 992
1068 1937
1972 348
4983 6645
4610 524
6699 66
7426 1136
5636 192
1496 3525
6796 4595
5670 5580
5101 1137
6871 5408
881 3153
3969 210
4223 5904
6200 4348
2967 5743
84 2439
3232 1439
6101 112
4069 6179
4298 7180
137 4868
486 2518
1514 6192
3515 6025
5879 1578
4208 2240
5238 3997
1847 4321
5060 3290
4078 7481
1170 6235
6416 342
1620 6526
4485 1527
1321 4435
2470 6715
2814 3878
289 5696
5073 3895
721 2016
6156 3476
2670 5392
5191 1234
5967 6497
7218 1628
7373 2314
3757 2875
776 3568
1036 7020
1763 7371
4226 2711
4491 1512
7334 2715
3243 3200
1522 2869
3235 6409
1952 4114
3790 6575
4386 4269
896 3064
3810 7063
351 6055
4753 2662
6406 3825
1273 1489
969 3524
6587 6285
6329 1362
1472 6112
4258 576
3222 2454
7136 7447
1446 5878
1991 7214
645 7208
92 768
2261 7484
7071 2126
7145 1357
5744 732
5890 7055
1513 2103
6629 2816
5088 3274
233 3448
6665 1087
1590 1293
5657 6187
516 2297
1828 1082
1534 6999
5571 4933
1560 849
4085 3996
5770 2171
6484 2452
4342 7241
7249 1635
6402 2542
129 3365
3015 33
3327 6643
100 3575
5401 3264
3958 5352
4094 418
6987 5809
7394 326
7375 1058
3769 5532
4193 4580
899 6814
6256 3317
2330 1714
2172 5753
3388 5075
4906 383
6123 3402
4245 1806
4810 445
1619 4232
115 6776
3079 4457
4605 5100
2313 3927
5172 3267
3184 7192
974 4881
3 6254
2312 3984
664 6590
2627 815
4747 1385
1065 6614
1213 5754
4154 3904
4978 5858
2065 4384
976 6815
7461 3304
5553 5367
6893 2688
2639 5460
1126 2855
446 7117
5831 2528
6056 2935
152 3149
329 4008
297 1198
1535 7362
4470 4126
3053 1963
5615 3020
2728 1662
2512 4429
7074 5937
3708 2634
1374 1159
4046 5880
893 332
6818 553
5399 6846
4359 1237
5532 4679
2450 68
1313 2354
3671 1377
1231 6470
5077 2458
2870 4396
193 1655
892 4131
6729 1266
6977 1515
4901 3978
1880 6437
2139 5862
5910 6552
5773 5818
5981 2997
7016 2336
2629 2805
6961 6146
6384 6761
6429 6646
3591 5700
1443 1534
3193 5481
5631 3250
5368 5843
2557 6825
6179 3461
339 1479
5652 3646
1093 7345
5489 2448
6113 1167
2488 1109
6626 3216
4027 5633
2394 638
7077 5093
7439 2874
4501 6209
131 1397
2509 2200
7258 25
2798 3644
3487 4150
1180 4898
5833 1561
2879 6086
348 2907
5812 2414
6690 6828
3283 6363
3837 6568
4591 6924
2972 3774
1378 196
3155 1657
2716 3056
2895 1127
268 3403
2883 1008
7040 110
5690 6881
1900 1133
4299 3182
6490 56
539 3002
5274 2419
2622 4733
4308 6425
2440 3843
2301 2237
4288 181
5418 2067
6875 4685
7187 2328
1471 3058
6825 6564
3120 5255
2634 620
4387 562
5186 4069
1660 6297
3561 1157
2621 3562
6823 5344
4923 6226
3057 308
6778 6644
2223 6550
4894 6314
518 2703
2901 3426
1572 114
67 6886
6107 4177
4337 1596
2045 3018
2966 5755
7288 7430
4703 21
5582 5794
6924 3100
6089 5370
101 7404
6745 5773
3352 3994
1130 6370
1004 572
104 2684
3939 1612
1703 1556
4428 6207
5363 5158
4772 7357
223 3234
2184 6326
5453 3840
1856 4019
453 4983
6149 4758
5600 6710
3301 1378
3218 4237
6810 5493
1242 6007
7173 5188
1941 5446
1817 1327
5276 1284
1081 5756
812 6481
1736 1073
4984 3366
883 1671
6457 1936
740 6483
5105 2531
3413 7494
259 2942
3297 4260
5990 5140
7481 2124
3316 4963
6619 6925
4293 4345
6378 964
5886 6188
2491 6162
6643 5524
3348 422
4088 485
6447 3462
1258 3779
3629 6739
682 4631
3990 4470
6087 2353
3862 4254
3959 3445
3325 1065
5628 1800
3898 1434
4660 1370
5559 778
2865 1177
980 2529
6291 103
6896 369
3676 4844
5449 3098
4662 1694
5356 7061
51 3748
3809 3005
4401 6547
248 1446
562 6203
5625 4483
5146 2992
3695 5714
5868 3603
2842 2520
4157 860
2436 4161
2137 6626
464 4532
5289 3901
1738 2142
1694 5285
85 3897
1574 3571
5551 692
1022 6396
2216 6532
654 6077
3977 7149
6650 7255
1325 3516
6188 6918
2214 7133
1288 4697
4137 2742
6075 6919
7122 2228
4870 6210
4666 5963
5883 1026
6649 3398
4113 5391
7099 1668
2536 6395
2445 2540
2591 4491
3188 871
5353 2396
6373 828
2760 7423
2807 4201
1752 2033
7346 7354
3379 154
1721 1017
5419 2530
4668 6432
1609 173
2328 4163
59 2104
4486 190
635 784
4580 3939
1963 1149
1902 931
1365 3876
5119 3629
2789 7056
6453 4176
2497 548
5970 5581
1671 7095
5959 3690
5236 6056
4969 452
4415 1599
3722 7006
7305 6412
3799 7323
2711 5294
4600 6186
5061 525
2786 4708
5451 4793
3460 3442
1085 1348
6317 300
1708 1601
403 1797
4418 5095
2482 5525
951 6880
4640 2556
568 6943
1209 2689
325 1799
6150 5804
3194 7313
4752 3874
826 4636
1975 1960
2217 558
2900 6015
4051 821
3381 60
1624 3202
1691 3910
6697 1501
5044 4018
5552 6298
4107 2991
7167 4173
366 129
6247 3500
3705 6453
7063 6424
2374 5296
3910 2442
5840 4184
580 2911
2820 2572
4648 1919
6053 7202
29 6273
4603 2845
3496 2236
7166 4794
4120 5899
2 4549
7017 637
1748 4728
5006 4389
6033 1843
4649 5825
96 1128
1473 807
2275 3624
6260 5620
710 87
3139 1924
6844 4902
6586 3084
3499 1941
4171 7118
2746 546
6706 3606
1610 4643
7 5244
3157 6397
5595 2759
5230 5766
500 3353
3840 2134
3252 1394
2984 6099
5179 3488
292 3094
265 4657
5547 6983
2802 157
5176 5225
4388 4720
4966 1125
2247 640
311 4331
6225 5890
7278 7140
3652 3659
3441 4436
6812 5421
5671 2111
1910 5707
54 820
490 5346
5630 5874
4652 4559
2193 907
2607 4941
5720 5799
1026 2778
621 456
3179 2347
452 4739
4412 2632
3885 6338
5877 4319
2211 4342
7008 2348
604 3798
648 3772
3746 3421
4253 472
69 1291
6172 6133
5717 2312
6952 130
2465 6711
6752 2622
4392 3359
1937 6871
7051 222
6151 6700
2183 3376
4606 3976
4462 1670
1793 2918
4661 2425
5813 2150
4856 3737
7354 3245
1302 5
4665 5384
535 6561
6842 5198
6170 990
3986 979
4411 2683
3984 2583
6617 4111
4147 6063
2110 4012
7082 4529
112 4325
4731 5769
1489 2767
2117 1097
1103 6327
475 3416
946 5498
2948 399
7005 5066
1564 4346
4343 5459
3285 5330
3792 6923
7477 6288
4494 552
1771 7376
7043 3331
2531 5002
5782 2877
7089 483
1369 4751
5903 3306
164 813
5432 2147
1768 5173
6062 337
4362 5326
3229 6011
5037 773
160 2002
979 6835
5580 774
7447 4745
6574 4671
3550 6147
3603 5454
5000 6125
4857 2505
1783 3706
2181 842
2459 3891
4952 5286
4912 7420
138 2607
6392 896
3163 5833
6207 1725
6304 891
3873 4615
4066 1719
4307 3717
854 1883
7453 5248
2823 3265
4349 1034
6142 1846
2007 3017
7407 3258
3524 7247
7301 803
5467 3936
1802 4650
5335 530
4802 3384
4692 4419
6482 939
1287 599
5022 6602
1870 836
643 6204
6837 2772
6620 2272
7117 4915
4121 1619
3280 3419
591 317
1509 2732
5548 3164
469 4256
2766 249
2947 7007
3203 3657
3078 2831
2340 4314
4584 5561
845 2753
5063 7302
5322 5377
6535 6794
3518 5536
214 6473
2304 6478
7126 3224
4364 5053
1911 7356
4130 2304
117 7480
3145 4763
3991 295
6120 3087
4444 3615
2195 446
6955 4084
5240 6609
6997 7237
1112 5991
7335 1682
2055 3605
4604 1933
697 1260
7209 2197
6076 7310
7045 1229
1336 2291
7331 3661
7429 3070
1145 5261
1451 6325
1344 5972
3272 7081
1154 353
174 1970
2516 2145
1882 6153
1010 3213
6850 6058
4730 5205
5916 3214
4811 3783
2033 6331
3574 6518
3710 6589
5767 3006
4464 6853
4876 1458
6449 2501
1901 7068
7327 5200
4779 2932
5747 4864
2267 3227
5002 5829
5319 4488
2698 1429
4746 720
4192 833
5726 22
7342 7486
2386 2214
4380 3972
5277 3406
4303 590
1612 4764
7271 1308
5325 869
5897 4590
2098 6955
4333 3475
3411 123
2368 1405
5826 4299
4396 6670
4516 6798
2175 2610
3391 7421
1215 2162
2978 2484
3549 448
1536 5578
1504 2298
2352 4026
5558 3300
4460 2655
2715 623
2150 5762
2554 3133
2832 6579
2731 4313
2242 376
7281 1013
344 5914
2224 55
6415 1585
5944 1240
6411 2007
4048 792
2081 4402
7344 4240
4504 5036
4118 887
3768 455
6326 7251
3132 3581
5286 4414
3737 1419
3834 1744
2553 671
1121 2938
6948 4620
2171 6862
1606 2227
3031 1589
4080 1263
5205 3908
3191 5529
6034 1432
5387 5631
7444 3404
788 6805
4077 4715
4965 101
1759 1212
6919 3800
3172 4872
1311 188
3174 2639
2034 3519
4926 839
4377 2761
5083 441
1924 2929
6136 2900
913 4186
3639 5008
3017 5083
2936 996
5355 4572
4268 6807
2486 5359
6066 3653
239 5033
2946 5854
4214 7085
424 4791
3601 3333
689 2115
6375 6318
7355 7004
633 501
3449 1750
6100 5988
1476 5059
5224 4225
2671 7338
1229 7035
4558 2587
1396 1752
6570 5618
1181 4958
6019 228
2084 6290
7431 5032
6816 3693
4191 6745
1540 5768
6377 6674
4368 1685
5935 6021
5308 3284
350 2668
430 4887
2134 1587
470 4565
7142 451
2855 4044
4072 531
7419 752
4549 1105
1663 3097
7091 6523
7161 5079
796 2603
4448 4262
6067 320
1723 5576
6203 5097
2713 5356
6211 6335
6481 2905
4706 2385
3101 1150
560 2226
1147 461
349 6882
4704 4001
2273 3705
3874 2818
5654 7279
5576 6487
3161 4473
1116 2927
5732 218
6108 1055
2121 5298
4806 5840
1824 6456
6509 1254
7156 3113
2012 5219
5039 4848
1361 2808
4541 5385
2952 5575
1601 4207
2508 6302
5609 6029
1376 6234
1702 6806
610 2101
7182 3666
4877 1615
4807 3268
4658 410
5964 5237
5357 2706
1594 2192
3228 7137
1781 4489
2178 6337
1226 381
5394 510
5906 1862
6801 7260
5195 3641
3375 5029
987 1194
2882 976
4218 1151
4474 84
6962 2152
3684 6329
1740 4698
1125 6183
6246 2642
6166 219
231 6878
5212 3598
4266 127
6412 5540
1448 5360
4241 5702
6718 1160
7304 7221
5177 7018
1859 4746
2324 1545
1551 2212
5501 3077
5637 1123
3106 6990
1131 6431
6915 1019
6401 3385
6678 1614
3988 1498
1280 2207
7302 2445
6354 2780
5089 2687
3989 7295
4159 6315
873 4278
2722 725
3398 4648
2953 4541
1529 3660
4595 1609
4433 6150
5660 6512
848 4797
2036 3111
1945 6859
1732 1934
1955 4078
6272 2951
1245 3496
5169 3371
6492 1562
3412 4550
849 6553
3729 3896
6941 3185
6563 1507
6936 5655
6847 791
2475 1508
6621 5990
7138 1341
4751 331
5262 4553
1310 3397
712 3694
6895 2441
2792 7203
1976 2552
1638 4463
4365 4329
7069 7057
33 3452
6998 5422
5803 920
3547 3473
3544 2195
6559 6387
1890 5837
5376 4996
7217 5327
3740 3590
3109 19
6550 7456
6323 3758
1424 2892
5055 3379
1652 2088
6459 3037
458 1902
6546 4545
507 7200
2209 5071
4881 3039
6428 1575
3098 1373
5533 7265
7365 5047
4260 744
5426 3474
3209 729
3571 1435
5913 3778
6393 3116
3033 3303
4971 6716
4274 586
808 5744
8 6381
4709 6348
53 5431
165 5966
5321 3141
6465 3862
3917 3199
528 5007
4852 4474
6050 5560
6244 6249
2204 2391
3981 24
2437 4315
6548 3387
2843 4910
3747 4935
5439 3594
2159 5311
1863 1484
2592 1954
1681 3806
27 8
3289 536
5062 7337
3507 4344
3479 182
2644 310
3932 7451
2737 5946
1427 394
909 1399
2128 1165
6971 6218
6891 370
683 7177
4101 6410
6930 6819
3619 1504
1843 4253
3957 6627
863 4428
3718 4805
2803 6692
5248 6533
6116 554
1082 3555
1138 140
4167 7076
3387 23
5400 6334
6761 272
250 1108
2196 6804
3143 5896
4839 2288
1930 837
5688 4999
4935 5891
6980 4235
5054 848
6724 4765
2362 5605
5612 2039
7092 360
4273 2914
5320 1929
6379 4215
5491 4993
5330 882
2504 2692
4996 4932
2751 3014
551 4221
4519 2592
1508 5186
3263 4506
2428 6837
554 529
3502 287
3670 3937
1537 3179
1776 3305
6735 2436
925 4030
2834 997
4127 2053
255 72
3122 2671
4539 7109
5082 4771
2238 7090
1922 494
1615 7036
7021 3380
4596 7116
888 3749
2819 3643
5097 782
6883 4834
7412 5535
4579 4063
3775 6346
6886 4828
2199 5852
3947 2306
4565 2412
1255 4899
4458 3523
3875 3266
12 6144
6830 1971
477 1406
6541 5617
6104 5027
5306 5548
50 1156
3925 420
5755 4655
694 7008
4855 2148
6001 2004
65 4068
6366 2765
824 6608
2072 714
2318 2474
6792 44
1662 6401
3623 5239
1295 2654
3795 2850
3452 716
6395 5428
3401 4510
787 1046
433 1408
1457 7475
3739 2270
7006 5177
3124 2078
62 1135
2096 4686
442 2736
2833 6898
2371 4181
6513 7366
195 1825
3566 7102
4010 617
5592 3045
769 6747
236 6248
2773 1997
7260 6757
6693 6519
105 918
3707 345
1979 5565
3250 5151
3890 3411
781 7329
5403 6349
2636 1002
6425 739
3011 3698
7120 5728
746 679
2616 1242
3955 6961
3540 7374
3530 5482
5786 5229
341 2432
2240 6154
3473 5602
5562 4377
2020 3959
6307 59
5643 4275
3661 1056
2959 4445
2684 380
1512 1269
2179 2615
4292 1158
1598 5444
2404 6039
772 1471
2545 5795
3195 3340
3425 2882
1058 2738
6470 5043
4084 5865
313 5087
495 2462
1404 6140
3803 7407
1990 3082
1960 6625
3999 4724
6059 4666
171 5978
3961 6378
3463 914
4760 4334
4112 5543
7368 2729
2344 2376
6591 5336
4602 563
766 3059
3967 7320
3065 5329
1345 2743
6937 2512
5927 4584
4211 1442
7033 4520
1852 4393
3199 5911
2996 6225
802 7322
3432 6215
7195 3370
1334 1915
1312 3055
162 2889
922 7205
3018 2893
6906 6475
907 2434
5013 281
5924 968
3720 4519
7455 7051
6723 6500
600 7335
6528 3028
211 1927
6178 6791
3683 6912
782 5508
5759 3520
5492 4912
2527 3144
7287 5445
4921 3722
4138 7089
6542 5718
3997 4816
5072 7021
3777 4589
2064 6554
4316 5404
176 1681
7434 6870
4938 7307
172 2604
6404 1092
4568 3618
5316 5950
3528 4587
7282 2884
2307 2100
4013 3756
7085 122
3156 6342
7333 3585
1987 39
261 1172
5972 4709
3965 1219
7118 867
1477 151
1412 1807
5901 4138
342 5574
4301 4162
2415 6507
187 4244
1944 6638
2148 3952
3827 3180
2904 7332
2225 5202
6314 1643
5958 2494
6603 4830
5170 4863
6330 5409
4496 3556
1098 4592
2498 1676
1579 6232
5309 7401
6607 654
4383 6006
4059 4494
2142 1745
1298 6661
1182 1793
1092 6255
5057 2891
1260 4359
1234 884
4717 7368
5616 5163
5623 260
1437 5952
4500 4259
5412 1371
3038 696
6036 6305
3835 3592
523 50
2697 6008
5161 6287
2185 3905
7390 5783
6348 5320
3081 3877
1196 4392
4348 4959
463 7487
5520 5725
7221 5473
3960 7098
4019 5345
5864 1755
774 6808
126 7168
6728 7284
2776 251
6265 5573
4502 2042
3111 76
7298 1787
2292 1441
6863 6701
3457 4540
5888 431
4227 1121
5281 3632
4008 1665
3305 1061
5634 3081
2026 2482
2956 2613
5510 948
1109 7088
2954 1329
1366 6597
2427 361
3526 670
556 1368
364 6780
3386 388
5777 3106
1553 5064
5673 7271
1470 5590
6687 5160
3368 4645
435 1403
46 3741
2965 4423
1816 4398
2920 1152
2389 6121
6010 5941
1895 1841
7410 7406
5560 5382
3838 7276
7032 5965
3738 6642
6554 1214
6770 5094
4715 2423
6391 627
3709 5362
3158 961
872 1874
5878 1239
1927 2409
5899 5761
4099 5497
5409 7015
1840 6053
5994 1359
5665 6059
6882 1338
3752 1888
6826 6781
4114 3654
3903 7373
3405 2814
4090 4326
6785 2901
4908 5217
4903 1047
7312 4982
5593 1538
6578 4761
4032 3038
4403 3187
2513 5675
2317 2492
2005 4817
6364 3270
5144 6198
1460 5676
714 3743
2649 4517
5862 3167
4035 1522
1889 3804
4492 5495
300 913
1394 1791
5422 230
4763 588
6533 984
3089 1913
1399 15
7448 4282
4571 185
2130 42
3527 5902
7370 579
3392 2713
5539 2249
687 1969
6452 6890
5431 5653
2514 5983
2708 5648
3192 597
6044 6269
936 1616
3560 6136
1047 2921
7336 873
5076 4509
6604 6027
2940 4365
4673 1
7414 6689
1648 5667
924 700
7000 4203
1184 2944
4482 5813
5155 2380
1061 2245
6155 3023
1237 4576
2490 5713
6502 3447
2291 6818
416 314
5065 675
20 1069
125 4333
2396 2109
2136 2916
6335 874
290 4238
862 1812
6008 6167
230 3372
2799 4143
3032 5132
2914 3259
5829 619
4246 5467
1659 2674
3594 2565
24 1718
6383 1509
7115 6679
2540 7172
7200 352
343 5076
4657 2299
1299 1146
1278 477
5667 4675
3919 3030
864 1453
2100 6629
2103 6887
3734 2095
5515 4900
7398 347
5765 1249
7255 3776
4601 1976
2824 2578
3618 1876
3893 636
413 4226
6702 5587
146 6094
2815 3012
3459 6593
4110 1075
4669 2537
5769 3483
5821 2627
1349 6740
2168 3951
5358 1669
2770 7365
5709 4465
4937 1741
2339 687
2290 4005
6676 921
4169 1542
2580 5254
6253 2547
3166 876
3383 1951
716 5183
181 901
157 6043
1983 5841
699 1979
4177 6653
4053 4134
411 4209
7096 928
2294 528
2995 5608
7031 2324
2873 3787
6285 1830
1073 7246
2014 4608
1649 7489
1789 2617
3578 549
4887 4718
6791 4621
608 1243
5315 5613
6740 1600
5200 2424
4468 4893
2201 267
2653 7412
3290 1366
844 3888
3064 6308
6283 6906
4506 265
1938 7305
6663 5703
3330 203
2189 2220
1426 3925
150 3962
2829 6415
1218 4405
238 4409
6975 2933
5428 852
5253 217
7147 4293
4404 5828
7320 5885
276 1673
7110 473
168 4734
3060 6461
5633 2231
3765 1697
3477 3280
3627 7429
106 1603
5963 292
3293 4167
7452 413
4907 2065
2784 3
4883 1088
731 4767
707 1674
2418 4785
4294 3880
6573 4368
7007 2057
1700 2382
2588 3121
7361 3912
6360 5242
2460 5801
2506 3321
2481 4535
2158 4142
1724 6138
2652 598
6636 7151
3363 7216
6046 7467
5029 6447
720 5711
3397 3231
3308 397
2752 798
5375 941
1869 2481
2375 4622
5912 4300
6479 5089
3418 1014
7148 104
5766 699
5619 6992
6876 2300
4124 156
1097 2640
5435 7
3876 2225
1351 3924
1434 1893
5948 6505
2606 2203
447 6265
243 5364
371 5856
318 4538
61 4023
1507 5607
6708 6911
4577 4760
2979 4404
1780 831
3669 2199
4889 4556
822 5253
5381 4616
5590 4475
6738 6114
561 1776
4317 3400
6365 6910
1871 3066
4694 5166
440 176
3972 65
1833 1131
6028 7359
4616 5765
5202 6956
4498 3298
1538 1280
579 1650
3170 643
2749 5853
6041 453
997 1236
6881 377
2613 2915
322 3964
1977 3229
6480 6142
2943 6119
3564 3814
3796 3647
3433 1938
4953 1455
1931 4009
1603 772
7279 2320
6892 1433
543 2036
3678 3001
6627 3742
5524 539
1447 3278
4990 5355
3406 6310
310 7441
1217 4453
74 767
6596 758
4939 5210
5397 6309
2932 3724
4655 378
2619 1318
3766 1984
2683 4294
2384 6889
2762 5502
7010 463
3998 5770
6855 17
368 6843
6215 5627
7388 7132
5150 7198
6602 6242
6301 7029
3892 7034
7460 3054
693 478
5712 5331
1133 4370
5978 4490
3973 1986
2283 7352
256 4197
2524 6513
986 5143
939 7166
3393 7425
663 64
5396 6400
5816 7188
1146 6230
1071 4564
4323 5443
882 231
5882 6587
3036 4172
2076 5387
7386 6738
1635 545
4336 3226
1661 2802
6261 4965
2848 3367
6923 532
2220 4990
6072 3009
5201 1660
26 6392
2074 4919
2458 6236
592 2909
1262 694
4743 6407
1695 4700
856 5056
1622 2167
5102 6462
6279 5553
2277 125
3849 5863
5421 7028
6675 4320
2735 4987
7170 106
4535 6365
5756 3467
590 7026
564 4673
5488 5793
89 1863
123 5279
6625 3955
6065 1510
5290 2840
465 1875
229 2854
3804 3279
5115 3345
6386 1497
1971 7387
917 5379
3847 7386
4189 788
3025 5915
2002 3584
668 4411
1853 3192
6486 2337
6054 1178
4188 3466
6183 1943
5733 1630
1086 1905
282 2339
1981 6408
2827 6451
1804 7033
4149 4548
6232 7123
1492 6501
2101 3753
6992 4022
3261 6875
3182 3272
2219 3977
1805 5645
5216 3600
1113 6963
5360 2853
4522 6022
3727 498
7411 2625
4389 7496
914 4937
7466 7438
1416 2453
4897 4689
2575 2238
5818 299
1811 2449
853 3162
4924 5796
4614 2117
2638 6797
3704 5390
5836 201
506 3132
4465 5555
6438 6636
4818 3233
7140 1877
1545 4213
228 6840
7476 1424
6308 3761
6321 5695
4160 2094
6405 2970
3255 2352
7164 1259
4675 4735
1030 601
2093 4141
2804 5184
3005 2183
6877 6877
6834 6621
6872 5767
3134 1374
2651 7154
2624 3820
3927 1390
5233 3135
2492 4284
6106 7079
737 2292
3421 3169
3468 4394
7397 7136
983 6571
6993 4682
2270 2201
829 5245
2501 3322
3685 5201
2759 5776
566 4988
2774 5019
5666 2499
4781 6618
2656 1217
5124 3053
2945 2705
388 7300
6043 5164
6780 5789
1826 2083
2754 4633
31 723
1701 2074
6316 6921
5457 93
1718 3851
3220 6454
5218 2591
2676 3013
0 2370
5038 2709
394 2820
7150 7257
4098 581
1005 3573
5154 926
6579 6759
6938 4558
2878 2290
2674 6184
3863 4984
6686 1898
5392 6896
1785 4578
2921 6191
4247 4248
3516 4829
4379 6527
2089 6726
6899 738
4711 137
1506 7282
2796 1057
1747 3044
5374 6328
7330 467
3759 4379
3904 4889
6252 1871
1494 4904
5484 770
6511 207
467 2127
6870 7047
2906 5277
3616 2798
3565 4065
5710 4367
5345 962
1367 2666
4163 2502
6381 1027
3364 4292
1411 4330
3359 6123
5947 4441
5458 7037
6487 2444
7056 1272
4457 2191
1090 3559
6821 5975
2453 3114
1581 1038
1037 6709
4840 7375
2144 3225
5497 7159
6158 4443
1883 6280
5701 3124
3964 5022
7239 3727
1864 2146
1304 2791
5091 2408
4854 4041
3047 1679
6450 7468
1754 215
2661 6764
2425 1079
83 416
3589 6851
2989 5957
7428 1100
1862 4424
3587 793
5579 5513
1961 6708
1202 3768
2022 3919
5736 4039
897 6283
97 6028
4573 3832
4599 4822
2149 99
2454 1081
3861 5705
6361 2648
5715 3808
2595 6062
514 4842
3593 7400
3655 3093
3554 1747
5023 88
5071 3633
2190 4525
5606 5112
2987 2140
763 5300
5819 7377
2013 6211
4100 2364
4572 4543
218 1908
6011 777
5134 5943
651 4966
1523 564
1614 159
5565 3160
1135 1636
2769 3497
4205 4336
6417 4562
2717 3649
281 585
1165 4455
5724 2762
5460 592
208 2420
4721 3802
5727 415
662 4189
7459 2551
1657 923
3028 3364
1235 3745
3462 4249
1462 3189
3216 5442
2408 2775
5511 2463
4809 4712
3334 403
3914 875
2779 6214
2075 7000
4574 5920
2884 3032
1499 5406
7067 4741
5312 474
2526 4979
4129 3320
3844 6744
314 3721
1593 20
4437 3048
2474 5137
629 1724
367 4569
3817 3357
2015 4478
5957 3134
6241 5598
6933 5922
5107 4337
1352 7013
2955 4518
5928 2691
5822 3222
657 4711
5331 4132
5975 6373
6824 7436
4232 460
3929 5181
6885 5024
5371 357
1408 1294
337 665
6943 3184
5241 3337
2359 1834
1519 3440
918 6394
6229 4497
955 37
4919 7442
3951 755
4089 5628
2215 3291
4884 4702
3756 3518
6254 333
6902 4166
3242 1068
3715 5131
2934 4885
4597 1955
1104 7455
1171 5148
5614 3687
2027 241
6249 1454
2166 1171
4631 2188
2095 2019
2030 6291
4238 495
1239 145
6909 7163
1195 1911
5342 1502
4369 7207
3801 5050
2432 1323
2250 7175
1246 1028
6325 861
4562 4290
7226 6034
2867 1482
6623 753
3483 6563
5261 1213
3531 965
5737 1549
5776 1780
3696 6671
5923 702
1554 805
4212 464
2262 6628
2309 5643
498 7453
5583 6492
639 3418
2160 7125
7310 4911
2010 4970
3689 7280
4826 7030
718 5194
3197 889
2743 3807
5334 3949
275 3890
933 3271
807 1265
928 1684
1917 3463
938 2963
7088 3903
1067 749
5621 2941
2122 3434
3909 3041
2562 2956
4340 1778
7496 227
3066 587
4790 4239
2665 4093
7098 5063
5858 6252
2877 2362
4879 2844
3233 2984
1233 4190
2912 781
3865 5142
4708 2363
2603 6673
6413 3720
5074 115
1167 5031
752 1866
5227 1011
6097 7243
2544 865
1403 2665
2741 3390
3369 6434
6439 6160
3258 1000
1127 611
7132 3836
3160 1513
2908 5208
1841 3536
488 4886
1359 6033
5844 4137
5982 1928
221 3582
3286 2852
2387 5017
3353 392
2192 2205
6199 1530
4252 2804
6555 1675
2094 1333
6746 2827
953 4477
3006 7343
1630 5752
4384 4537
4551 3652
3299 5057
542 741
3606 5243
5314 2605
3345 1253
7319 2862
6771 6124
278 4936
6614 2459
4719 3979
3437 7115
5131 817
2464 5341
5016 589
4510 1060
2257 5586
5996 3095
1582 168
5993 1533
5648 7378
2305 3548
2269 5777
3954 242
756 2438
7446 3190
4676 3760
7243 7296
4764 2170
4447 7027
5965 974
3702 6620
4727 3289
5362 2908
4119 3490
1354 4246
2585 5944
412 2954
6180 5453
5855 5806
5469 6514
5734 4593
2537 2443
3035 5440
3621 902
2672 379
4235 71
2635 2259
207 6003
3453 2912
456 1558
4449 367
3440 1858
247 482
7244 7100
3365 5908
4507 2450
7223 6893
5686 3244
426 6908
6829 5412
1527 4560
6191 6096
1791 7459
4331 2301
4917 5993
3444 557
5229 6785
409 6013
736 5610
4680 1967
2600 2584
23 4351
5664 2401
4646 2430
5640 1422
5992 7458
937 4431
4067 5249
7125 2849
417 2014
3635 3204
4344 2086
5953 7082
2657 6704
4499 4960
3826 7440
3274 7067
6970 172
2977 6281
5010 5322
3268 6345
7470 5985
4634 1922
7055 6984
49 7369
1039 6173
6197 6304
6209 6127
672 2334
1511 2279
3532 2633
6222 4107
140 7291
692 596
1106 5480
5892 298
3884 2446
7094 3765
602 79
7299 7119
1787 3922
2251 1252
1382 6599
2719 7491
574 2865
3949 6251
1626 5469
3474 6351
7367 7150
5546 5236
4520 4448
384 3415
7325 5496
1644 593
5024 1523
4233 5554
134 6446
3645 745
6707 121
3259 419
6822 6172
4982 1887
5051 3191
1835 2250
6298 258
1800 5120
967 4619
1079 4057
1680 4296
1118 6986
79 708
4553 872
2372 4662
73 6829
6353 4082
4523 1758
2350 4716
2890 6057
1541 5234
2433 2181
3020 6445
2547 4095
777 3318
7137 6926
4297 1353
6768 972
4219 1771
5536 6623
2541 2213
5040 7394
3007 3477
2747 3175
5668 7069
7026 5452
6647 323
4687 3545
6390 4892
5530 4045
678 6379
4997 888
420 5216
1837 1305
309 5787
5493 4930
1119 4867
2444 1330
1729 7141
963 2580
6695 4634
5466 7222
5067 162
1152 4596
5160 3329
7076 6367
3579 6544
4816 512
167 3253
6757 967
6496 5108
3030 4245
840 6737
2287 3159
6991 4257
1123 1035
4003 4747
4734 937
6060 2917
1942 5376
549 70
5414 4721
7265 2488
285 5268
5794 1742
6022 4683
3346 663
611 5542
6420 3967
6338 1707
3063 5973
4718 3168
7472 1022
6026 6356
3133 6266
2586 2825
2253 1285
813 4514
5611 492
5523 1518
1501 1637
3075 2657
6959 1400
4847 4002
6545 1521
3716 6655
5682 4413
3115 1107
810 5591
3807 5191
2041 5448
6999 3889
3545 4459
6828 4028
1733 1221
2997 5203
2602 1762
6795 2144
675 520
4264 6201
2518 3900
5279 4208
4528 719
4165 321
415 5680
4256 134
2623 6991
7427 7080
4782 4410
5153 5323
5538 4042
468 621
1966 4981
6759 2534
3673 6762
3307 5371
768 5128
4108 5636
7366 2597
1822 5325
5918 1730
3438 6496
1500 1314
3207 4773
4471 4108
3714 6615
2551 5069
6367 903
3149 4297
6744 2187
240 5748
3070 1452
3819 2609
3104 932
4183 3131
6722 3712
5914 6900
2025 5859
2614 5388
5482 1313
2151 1470
3905 1567
3061 500
6835 2155
931 7058
1893 3027
2926 2289
431 2750
1223 5791
2338 1885
3169 3531
6831 3482
6331 2485
7009 4832
2124 4406
4467 1618
2765 6036
4036 4845
1076 3864
6269 1416
4033 2861
1912 2724
293 1621
3039 3355
814 5342
2037 3692
6007 4433
866 5457
5584 7464
3583 2268
7165 6118
4481 578
4728 6463
6362 776
1967 3564
6159 2335
5 4130
1946 5551
2091 205
4455 6616
5999 3719
6572 5646
3137 2686
4768 3763
2169 425
3679 3130
4102 1921
398 5433
2714 4199
6798 7418
3224 7315
1790 1531
2170 7244
5084 6698
5026 4585
2061 5058
547 1393
1784 5996
3069 3819
2365 2876
1283 7363
5194 2060
5043 3941
3100 616
3926 2576
3445 2254
6529 4020
7404 2055
3491 2275
5239 1516
4957 5601
5452 4859
5234 4010
5242 912
2675 1950
4561 6436
2682 5435
4823 7005
3780 1430
263 6312
405 5214
5738 5823
4639 5522
989 7393
6597 3342
3872 254
5087 1423
6568 5528
4827 5674
2935 2470
1642 3424
4566 3599
298 5129
2006 175
2059 5665
4800 2211
5502 2350
4672 4542
5157 5260
2822 1945
1055 1499
3823 3638
4548 3679
5244 5257
370 3622
6387 6624
5575 3085
2968 5980
6505 6524
5365 5099
3573 4335
1240 3431
1475 7211
37 900
1887 3650
6832 1611
7235 7016
5845 6606
1616 2264
2252 3330
5317 5313
1466 6988
4546 6464
4592 5271
1021 2795
5031 5463
2886 4375
5787 4810
904 3803
5337 4400
5104 6263
1517 4604
4741 6567
6456 5432
2126 2626
6942 83
5846 6536
7353 5343
5974 3286
4456 6414
2140 1289
222 1514
6131 2507
3993 2000
4970 4998
5349 2087
1459 6649
4814 6341
7192 5844
6473 4563
3913 5959
5825 1713
2648 1721
3171 6371
6500 4074
122 969
2119 4112
6664 1124
6004 7259
1002 194
1964 1358
6865 3504
3897 1192
1716 4089
4326 2943
529 2371
4162 6261
4554 823
3900 1845
5790 3923
2234 2926
4361 6300
6685 7341
3878 565
7293 5759
521 6712
6038 4165
5447 2262
1818 698
1405 822
837 1756
5041 3785
280 607
5649 6190
441 4866
927 5814
392 898
6561 1962
747 1396
395 5483
5207 2748
6839 4145
975 4809
4667 3465
327 4133
301 3102
1151 4916
6163 6525
6849 2923
934 6321
3423 484
4804 2763
2849 4224
929 2193
6002 4800
3975 1548
7042 7419
7391 2305
1303 878
6489 3844
3660 2890
6446 3388
3476 3195
5804 5215
3634 4692
185 6540
1422 304
2777 7301
6703 3062
6491 2792
6339 2471
316 2048
684 3991
1829 648
7458 2344
7449 34
5599 6892
6258 6202
1291 886
3344 633
2496 4505
1264 1493
6025 1788
1750 3822
1317 571
3302 2680
3644 3430
3416 120
1962 5699
7083 1297
3355 3351
1409 3456
5005 6430
1668 516
1758 2175
6139 727
3658 4373
4409 959
1656 2302
1797 5850
5282 6863
2854 4194
1940 5704
7314 1488
4390 5136
3724 4945
2003 927
3419 7261
6680 2809
1063 6200
3049 7078
7198 4311
315 6817
5761 4943
3108 3998
3077 603
1525 5708
7385 1174
1904 695
2278 1111
3213 5235
552 2936
4175 6384
3748 3392
2916 6035
3251 2544
4018 4305
1832 1402
121 1235
2258 4869
5983 6317
4012 4188
6957 5252
920 2973
6754 6765
4228 3269
7295 6796
3617 6060
6023 6976
6940 7199
6741 4801
5442 6122
450 6066
4796 7065
3648 5954
2297 1740
2004 2807
6639 481
5417 5256
4547 2422
1798 4374
232 1101
6950 9
7395 4927
3762 6001
2733 3338
6017 5427
3168 5830
1197 1912
6698 2830
124 1465
4607 7231
6669 3816
4593 6143
4689 2650
6497 3821
7443 2539
6313 4947
274 3368
7420 2955
3842 3512
4367 5780
93 541
2552 3541
5346 2646
2066 5603
7213 5073
6153 3166
4024 7052
7316 5668
6684 2278
6310 1412
6527 5738
7162 681
2332 5436
4054 4016
1324 1189
197 271
4271 6684
3640 4036
2847 6753
288 5018
2748 1431
6783 508
5338 6936
5811 7303
3581 3597
492 728
6646 4469
932 513
1136 5599
2303 6293
7393 5400
5123 2307
1330 7142
4819 5660
3107 2239
5093 7161
1604 5305
6324 7152
578 3489
5798 6742
3041 2123
3067 2995
6125 5416
6701 344
43 40
6588 1517
7389 1001
489 4625
5880 1733
202 1977
6208 3906
5148 5088
1031 2659
5791 5266
2155 2704
3329 4533
3899 1839
902 5488
5171 1982
5949 2979
186 506
6774 1743
3730 808
2233 3995
6095 5292
6990 2468
2285 2308
6198 4496
5832 6082
1993 5479
4724 6105
4527 4000
3320 1468
7059 4513
4998 6170
3323 4849
2809 1868
809 4006
4284 3538
4683 5333
5162 3945
7264 3762
620 2599
373 2322
825 1520
4831 2404
1077 7126
5672 4826
2316 622
3102 3343
4722 6696
4951 6333
6615 4714
1228 2253
5197 3360
6873 678
7003 6914
765 1763
2563 3648
4111 674
7323 429
432 3127
2260 7213
2730 3635
1174 746
4125 6088
6320 2210
5596 3570
2403 5612
1884 686
2539 2093
6968 7148
6021 4103
4483 73
6560 6732
7254 6398
2764 5827
622 629
5865 6182
42 459
6539 6208
3004 349
2549 522
7380 3738
4497 6448
1134 6107
5676 1560
4382 4536
1179 3858
6327 6980
6575 7264
3936 6724
4281 1317
3119 3378
3943 7262
779 439
3187 3352
5843 3744
3489 2243
2969 5805
3539 5025
6788 426
3382 4272
7379 7023
7425 5898
952 6488
4289 6422
6880 6641
2035 4372
6217 1029
7329 359
5178 2015
2780 5086
6743 551
2231 818
460 981
7348 4081
3871 2508
2356 1884
5837 5240
6683 6558
593 4466
6989 1816
1326 6390
4096 6095
254 264
589 2848
2650 3775
799 6827
991 6666
6767 3884
1711 4926
2929 4500
336 3042
5952 2720
5989 5418
5601 4341
462 951
5479 4210
4424 7469
3431 4383
5753 1459
1463 6110
3860 5672
135 2407
1425 366
5512 3736
3763 2431
1909 5918
5106 3935
4925 4390
5463 5625
1423 4530
6223 6802
3691 2541
3534 233
1483 7340
3886 7234
3889 384
7174 1547
2133 1474
3481 5231
3409 7448
4150 4004
5114 4265
3339 3092
3488 5280
3732 550
7011 5663
6710 1182
6530 1642
6161 4656
7376 7103
6027 2198
7292 3795
382 4352
1772 1754
5542 6405
3351 938
1627 2764
4690 7040
6445 819
6427 6168
1591 6974
4488 2987
5166 4484
5423 1539
5303 4583
4691 6372
3013 7010
1250 5932
6099 6610
7275 3662
1992 7218
7013 2208
4185 4740
5504 4575
4413 3444
5440 2326
6419 963
7072 5523
2259 6916
6210 5116
4213 895
7211 4950
3395 3288
5127 5303
628 3022
2435 4846
6853 4231
113 3863
4866 573
6238 827
3978 6812
7350 1867
6766 5124
4079 5900
754 5011
727 31
6206 3715
4543 5152
345 6865
6901 1722
359 6231
103 542
1906 5808
5378 4677
701 6307
5473 647
163 4748
1024 7331
6674 2985
6228 5197
1874 1114
1413 1350
3443 1345
616 863
2610 3982
2569 7383
5555 2247
2896 4567
5129 6366
1120 307
5420 5278
5271 6793
775 6468
6173 275
3275 5394
750 4815
7153 443
5189 3673
6455 408
4812 2071
4391 4691
5969 1848
449 1894
5135 3003
4702 2367
6645 2880
6309 6869
4927 993
7065 1864
1309 533
191 4371
1286 6368
536 2740
838 6250
6370 4058
1665 4287
4540 371
7232 3838
7181 1551
6811 6120
4441 3487
338 3617
3699 3587
4028 5577
4916 2139
3848 5549
1820 4928
3776 4242
1438 4117
6184 2374
661 3373
919 2046
2489 2131
1064 4139
644 4659
818 1626
4625 1119
2571 3630
3690 3828
3597 5353
2630 4894
357 5562
4172 1948
4531 5927
2254 5478
5121 257
4885 7242
4278 4938
3082 1331
1645 2588
6250 5604
6972 293
4670 7392
437 3145
6843 7414
512 2503
5035 3453
4795 3173
4526 4195
6169 6499
7480 5634
2306 2061
5810 537
5292 3987
2876 2089
5620 4705
3190 4014
1164 4738
2640 2868
402 3307
1048 95
2057 3480
5445 2186
2594 5940
6220 2378
2862 3228
7396 845
5354 7110
2441 6145
2322 6193
1943 4250
6322 5505
7049 3495
6935 7336
5610 1645
203 6570
6660 5894
6146 1819
499 4654
4395 1344
4858 568
4020 3514
3839 6020
5700 4971
2797 4522
6498 2952
582 4228
3982 5470
4270 5030
1445 1805
6185 4160
4505 3408
1908 1687
145 3212
3153 6466
2593 6510
2534 6967
9 178
6032 1564
5173 4355
4967 2390
5881 2966
5531 602
954 1264
1566 38
2341 1143
1206 4119
3514 1777
4989 3026
3435 766
38 3601
2348 7460
6776 5413
3529 890
7141 1480
2385 666
5691 2971
6042 4056
5650 3033
4843 6660
273 2608
1986 4944
5741 2788
5149 6778
6189 6465
7240 7289
541 1828
985 2361
308 957
7023 5998
6341 5584
2941 5517
6750 365
6692 2092
6506 5687
225 5616
3127 652
1028 364
2114 1351
3761 7473
1166 4850
6973 3755
166 6637
996 6423
1159 3602
5930 6947
5815 3546
1563 1860
6765 4731
3003 6017
6731 6023
5165 3771
1636 1201
7484 3734
1857 5321
2407 4579
5137 1952
819 4217
5117 2939
4478 835
4198 5870
5147 3065
5185 3831
982 4588
548 5293
2017 4736
242 2598
6226 6899
1531 1091
6092 2920
6422 2786
1706 7138
2546 1640
4058 4233
5094 5192
6898 1078
5465 5420
2742 6803
6841 6073
7403 5571
3888 7490
2302 3104
6733 998
4638 6233
1388 5338
706 4811
217 1535
1371 4175
6616 1475
28 1764
4220 1095
4234 1537
803 2678
4871 5720
3266 6264
7146 2967
7405 5504
2755 4985
5849 3108
3276 2330
3343 117
6306 4870
352 6270
3200 3857
3371 6773
3294 3428
7475 4338
7044 3950
2811 5706
625 5909
6029 7093
4988 5010
3313 3332
5478 7197
6124 4617
3632 6686
1168 1901
6165 2637
2058 2069
4242 284
1137 4187
4817 3217
2090 2079
6289 6822
5120 3377
3050 2257
749 6769
5012 2718
4366 4043
5318 4901
3162 4672
1868 5846
1358 4742
3543 5489
7061 2179
2888 1759
3447 6457
7231 2714
4861 2940
7119 1389
6214 3656
4136 5994
4536 4115
1225 3989
4081 899
4771 4618
3446 4267
2446 3439
6888 5437
708 6299
5613 3663
4 1654
6748 7220
3094 4198
2410 4750
3223 4737
5824 3667
2029 3619
6162 7465
2517 2841
2560 1814
6658 3563
6444 1543
4529 6084
5246 4557
3883 1620
14 7048
6595 4729
484 2781
6171 7344
2282 4629
5937 6913
916 5262
7266 6938
2333 6155
2402 3846
3677 4644
130 7463
1611 677
1150 3310
4569 1942
3851 3837
795 2394
5208 4482
7183 1598
2112 5361
5351 2694
1335 6159
1397 4891
86 4361
1693 3830
4842 3249
5801 7408
2821 4420
2583 5662
4904 4717
6979 3747
626 124
3928 4610
3037 7381
2085 4527
641 2180
6986 2273
5079 690
2529 7290
200 5816
226 1932
2028 4061
4197 4835
2570 437
977 676
4922 1387
6196 2125
4280 133
3186 118
1238 6905
7464 7075
2923 3609
5629 816
5081 1208
4176 7189
3265 7074
522 4318
1025 7064
7424 3410
1602 2107
941 53
5915 1659
5537 2097
5372 3188
6205 5671
2327 5600
784 7391
3347 3948
3394 2557
6558 4837
1714 5715
7180 6388
283 6962
889 3163
1013 4600
3424 1897
6363 3750
3825 5500
2264 1500
5518 6339
1526 2656
4063 1007
1379 1683
4398 3011
6407 710
2918 0
7206 417
4517 3869
4653 933
5834 606
4346 1576
2750 3915
5800 3126
6522 7224
685 4487
4025 4211
719 5860
6219 7215
7230 2120
880 4895
2473 1306
6756 7384
6631 538
2897 1795
3282 644
3338 1048
993 4628
3262 6002
5336 4168
4049 2986
4332 128
4153 3655
7303 2375
5454 5734
6103 2716
3736 2160
7406 840
4420 6578
2500 6350
2086 67
3408 4425
530 5905
4038 2695
6784 5102
6466 1492
6319 7228
387 3881
1546 1746
1006 2790
6582 6044
5219 142
2008 1395
6051 144
1715 244
3911 3551
4695 3481
2685 4386
5069 3813
2999 2080
6967 5065
1084 6648
3568 7092
1261 2635
4097 3242
6245 5912
6800 5594
7084 3294
4799 6330
3217 5276
5598 2922
7019 3815
2688 1525
1265 7249
5348 3409
6618 3479
7214 5774
3859 5121
2120 3336
6342 6756
3042 994
7465 1781
47 2141
3938 785
1646 7427
5099 3417
3128 2410
2412 4703
4370 3782
3580 41
6878 6728
2456 4873
6143 762
2398 4701
5132 5335
1720 3374
6638 7492
5273 5974
1415 5749
5797 5960
4011 169
3095 2811
3922 5568
4427 5969
4092 1769
2047 799
1897 5048
3362 5506
1208 444
4633 3150
745 2799
7155 7209
3650 2624
900 4106
2637 812
1497 3792
5695 4952
3230 5062
2043 5822
6343 1796
5860 4508
2099 4339
4742 2867
7121 3468
2392 3499
3495 3872
5635 49
5659 1288
6668 4573
2087 6149
5907 1584
2077 4730
4828 1879
2326 7196
1194 2993
3537 1853
1318 2415
696 1372
1284 2369
5792 949
5554 567
2668 6014
3953 1980
1339 7017
4770 5597
1875 2172
690 4050
6126 6930
6934 2670
4910 5035
6612 6433
6688 5961
1533 2066
6719 2478
1865 7194
4851 4301
887 490
4065 6195
3052 2645
5377 2221
2734 4454
3698 3969
7160 6752
161 7397
1199 6687
2535 5895
4619 329
6641 78
4914 5924
4785 4449
2861 5111
3850 471
10 2219
3717 1895
7168 3561
3466 5484
39 3691
3298 4769
3123 2988
3478 3193
6274 4925
5046 3344
960 950
2817 4918
2480 7270
5210 5365
2808 1033
4725 5449
5645 2619
660 2731
3983 6435
2983 3868
5118 246
4000 4214
5889 1821
5830 7364
4318 5380
680 707
4405 3586
6867 5092
5525 2332
3866 925
6294 4807
5192 6950
5367 3335
4985 3909
3350 6243
5754 4597
6632 7157
6297 7001
3055 6130
3454 1832
3869 2866
1739 851
4402 6852
2079 4451
2388 6174
2296 4660
2147 259
5521 5566
4087 57
6540 3016
2424 7457
2295 2338
139 2285
3131 4212
1355 1582
5175 1320
4209 2527
5268 286
6949 6319
617 2593
2581 1112
1110 4055
4374 5114
216 4444
6049 4157
132 6717
4534 1847
3622 414
2032 2437
1370 7379
7068 6569
730 1376
5569 3080
4909 5967
5931 4877
7134 838
6263 4356
773 3751
3843 3767
3946 7274
874 5383
1293 911
2724 3988
1617 6934
950 5835
508 1332
895 1801
7193 6630
2068 7372
1854 4969
7216 2149
3664 5013
4560 1301
3808 5223
1813 2972
1193 3848
596 4128
6644 6720
5922 7144
3073 1093
2951 1638
6186 3263
655 6651
16 1090
4225 6987
6434 6632
2182 1191
3014 5888
3484 4699
2109 358
6556 5334
2850 1622
7086 2129
1559 4623
1934 3930
1301 5764
2381 5556
3811 6163
3227 2558
3520 6770
6070 1496
1300 6257
587 385
6820 6206
5364 2575
1214 4076
2052 2873
4216 5688
206 7285
4007 336
269 2717
5436 5171
1549 3511
4837 2707
3083 610
5644 1689
5015 6995
3244 2787
3152 4909
5347 2013
4436 4598
3895 5309
2998 6690
5617 296
5406 2550
3317 6693
2399 4582
7357 3513
758 6132
4530 1311
4459 2629
995 783
4373 5970
5578 1391
3829 5717
2347 3929
5503 559
2617 680
3287 5222
1607 909
6000 2667
466 3471
4934 7091
6705 4581
6284 4122
1687 6241
2576 5399
3586 3920
1846 6479
5585 1917
3713 6126
1751 4183
82 6005
3040 1094
5223 5682
3500 5165
1054 5051
744 6733
5228 1653
1307 3197
4417 3842
3725 1316
711 1606
7144 1054
5742 1407
6006 2579
6806 319
3935 1319
4776 1384
2314 6240
6382 77
6736 3793
6114 1526
4408 2416
4034 2980
3264 2878
5405 496
4757 5172
5481 3181
4801 5363
786 7385
7022 5819
6827 1309
4853 6810
3361 2752
7207 5060
1368 2077
3668 6801
1933 5004
6078 208
4556 5369
6845 4890
189 4378
2863 5907
1129 2649
5222 1824
1735 4555
1016 6032
2567 1089
1072 862
7328 4113
679 7252
614 2455
6371 7143
4774 7250
5693 5180
4892 6091
5232 1632
2485 5272
631 2700
1069 3780
7212 2242
2790 2133
5703 1899
2663 497
1915 3283
4931 3865
3649 5291
1515 1909
4422 7072
4720 7435
4229 5486
6790 5068
5574 3714
4882 1451
15 6344
2841 3918
3934 240
7101 7399
5605 6383
5438 769
1128 5451
3248 3438
4031 1631
1481 595
6815 6102
5863 6613
6652 5763
5152 7210
6593 1346
6758 2043
4567 424
6305 1695
2088 4884
41 7169
581 885
6174 775
6887 253
1332 1808
5433 7193
959 7405
732 7388
1449 3899
6016 1426
4888 2699
3434 5871
1452 18
414 2741
3575 7070
4134 6141
3945 4286
7197 5800
999 5836
4431 5533
5475 1138
326 1532
1177 4681
2982 1276
2414 4611
1676 3526
1827 3069
7038 3971
2274 1024
120 58
6195 197
1083 7135
77 7462
1488 327
6988 4040
7204 5176
944 2856
6003 4546
5036 6229
2070 526
6976 5906
2477 1916
5684 6115
3214 2269
45 2003
5729 126
1053 6495
5626 999
2044 6216
3822 659
5951 199
851 2829
4109 6247
4564 2075
1878 944
7158 4129
886 1738
6477 4601
5871 2719
4598 569
102 4388
1544 7333
6526 7044
4682 7043
6460 4323
5098 4261
3569 277
7343 220
3198 2957
6437 2096
1348 6271
95 5775
2108 2044
153 7104
5217 2545
353 1557
3509 2621
943 605
5674 1798
1188 252
1453 6177
1040 5307
1672 5622
1988 4571
2232 1761
5014 7049
601 5328
2373 6856
2154 2340
332 6659
4210 2260
2642 7367
252 1415
2727 4191
1296 1889
6640 856
141 330
147 7476
1395 7204
790 3362
1886 7398
1142 4956
4949 6324
2272 3827
2299 5267
1760 1356
1655 3944
6119 7002
3774 1003
2018 1196
177 5689
3451 2800
832 5162
517 6989
3331 4241
5260 7321
1049 2194
2744 6391
3950 4678
3219 580
5647 5685
4004 5476
6797 843
5361 6582
2092 3046
1421 6111
2308 1153
2647 5127
3636 2600
3846 2725
5018 3146
3609 5698
6488 521
4313 4796
1621 2316
6311 4298
5808 995
6773 2038
7196 5474
7418 438
2836 6826
7296 2372
1974 6295
6890 96
2961 148
5019 1404
5517 7066
1786 3256
6523 5169
5527 1207
588 2824
6543 2821
6 796
3523 5987
3311 2174
4946 5879
3966 6274
2082 1987
830 1735
2835 4795
1204 2757
4611 880
7171 5312
2423 2879
3555 5638
2377 2947
3125 1772
2200 4862
2349 6656
1667 2797
5151 6194
2628 6081
5973 584
3356 98
6493 6360
5789 1197
3916 5815
3933 2045
2111 5593
7437 6792
6368 6137
5799 656
6981 1931
1474 650
5269 991
5905 1268
4446 3140
4707 5778
1052 4234
5956 5701
1222 6664
910 7434
4290 324
245 5678
619 735
3995 5118
5745 6258
3604 6952
6194 6542
3456 4105
5042 6416
859 5230
4148 3010
3533 3583
5352 2466
306 6811
4254 4251
22 4503
2598 4369
5415 3607
4372 2138
3407 5933
5979 523
841 6010
6696 2785
7151 853
2654 3391
1252 5207
1343 3558
6813 4599
1094 6782
971 6502
32 6306
4813 54
7352 1126
1211 685
6462 6933
4328 475
2788 5193
7081 7426
3196 1215
4062 6866
4184 1786
7087 3999
87 7003
6589 4753
6216 4066
1643 7454
4550 509
7215 4917
7228 1760
6267 395
1557 790
6397 1563
6280 6469
5430 261
1792 2535
2889 6703
4775 283
4841 6723
5716 6004
5743 3247
1282 7038
634 1270
2157 1472
6514 2473
6700 1421
821 2204
6176 6942
379 2460
4043 80
1018 5115
5680 6340
35 462
444 4897
5032 5402
355 864
2145 61
1269 954
7259 1851
1108 4094
7035 3542
3240 290
5566 4968
3686 6650
5661 4906
5850 2234
4873 1021
1062 5913
5407 7437
1290 1524
1315 3549
7263 1218
3646 1666
4061 6357
5359 934
1524 4401
2286 1230
5225 1831
5861 4814
3455 5009
2793 6313
2152 1257
3267 2251
5103 5061
5891 63
4733 7122
2845 879
607 170
4654 3730
4712 4408
2729 2636
1000 502
6105 3794
7157 4874
1390 7443
2466 3993
4376 334
198 6040
6467 1727
4518 6707
249 5028
5448 186
4178 3324
4045 6116
6749 2178
5333 5757
1953 5226
5263 7439
2073 7179
5528 5824
461 5302
4064 7431
5838 4170
2383 6426
3093 2387
4201 3700
3626 4427
6945 2754
175 2682
6242 5507
2907 1716
5291 3101
7095 2113
4133 6941
2346 2294
992 6323
7128 6353
491 3980
1679 697
2507 1129
2533 5265
7469 2564
4305 6197
6609 7184
2104 5096
6081 1751
3608 2472
6856 3859
3076 3478
4407 806
227 2881
6903 3493
4679 2620
839 3947
2280 5947
2173 4303
898 4422
667 4439
923 4467
7291 952
7337 3301
6920 7077
509 3628
2395 924
4126 2317
2893 2310
5704 434
6739 3688
3994 4819
5529 2794
76 2274
1838 2962
4552 480
998 604
6048 6399
2443 7346
5509 5126
5126 5012
1493 1569
1353 4725
6931 248
3442 2403
4544 3296
1144 2031
4135 978
5159 262
1281 3866
6679 6491
3818 5651
5679 2392
4642 2030
3121 2296
1232 661
6423 2261
6524 6634
1984 1651
4701 5611
702 7195
905 2026
6057 7471
1929 780
3577 2733
4671 1227
2161 6884
2331 1815
5446 2710
7004 4486
7034 4831
6802 3328
1879 1120
5187 3036
378 2491
6779 1495
2626 1117
5705 1940
6201 2315
1272 6440
2411 1401
7234 1529
5943 4504
6964 1202
6884 2749
2376 3161
1596 6486
1469 1080
3000 5563
294 7240
595 6504
4864 7288
4204 5308
3342 193
5662 930
2604 7497
3141 1996
640 6960
6140 368
6521 6180
1200 1946
173 6600
4250 6970
1613 6406
1056 4561
7487 1708
2115 3718
3881 5251
7012 5929
6288 7191
3595 3946
374 4878
1435 653
4442 737
2994 2806
1023 5319
304 730
1753 468
81 447
3140 5401
2430 7396
5462 4021
1710 4471
2963 6354
5954 1944
1176 3243
4187 5501
234 3671
2146 1765
1872 5812
423 4159
6857 325
317 1220
5570 6482
2229 5133
7463 3547
3667 2574
7308 4154
7451 2461
4320 4727
3963 5246
6117 10
3471 1282
2358 1232
4095 1574
6312 3063
7347 273
6519 466
4521 2381
2826 6945
676 3073
4869 5669
6726 5447
4272 6755
4739 1473
2205 1067
3908 4635
4166 722
5713 6385
6716 3530
6071 2218
3786 2712
3071 540
6259 3791
855 4179
4174 7278
5557 6844
7169 1173
6751 2421
503 5884
6951 7014
2758 4164
6569 3625
1698 870
1380 1872
2054 3986
159 3311
4975 1985
5033 2413
6064 6721
2378 1886
5573 2582
7462 4340
2369 5623
3901 3777
2487 847
5955 3125
3202 1382
6144 2177
2069 1410
2693 4744
5494 7032
324 2834
7129 6267
1430 5351
1381 1959
2677 6220
7236 3246
6403 6940
2658 202
5410 4921
6958 7349
1251 5650
4956 2062
127 1417
7441 3746
6431 5206
1578 7046
4161 6964
5872 2919
331 2435
5898 5981
2568 5666
5714 5395
4587 966
6611 922
1689 5425
7339 1199
5764 4092
1998 5979
4122 1233
4421 7164
1697 27
3010 1823
303 3099
2503 6048
6553 2258
5870 2034
3680 6375
13 6849
1629 3323
445 1968
4755 2858
2038 4914
4626 4757
6534 3040
780 5751
968 2281
3284 2631
2129 1226
3855 1228
7208 3805
5427 4464
1007 389
6861 7309
6606 4153
4797 4762
3270 2559
1153 642
1762 5123
4086 4456
6091 5389
6630 4067
2245 2050
2913 147
7392 2950
114 5368
6704 2776
7297 765
4991 645
6110 7390
277 916
4886 6883
5193 6736
3247 4690
843 4302
3857 7176
5456 2166
6234 75
1769 1436
6666 5928
1372 4992
3024 5647
7104 5001
5519 303
2256 5174
5086 1693
5214 5958
1189 6113
7307 6946
4215 2323
3682 7445
4940 4403
1562 662
4995 1392
1796 2937
1807 7478
2520 3498
7205 1861
912 1664
2382 3917
1205 5000
7277 4274
4942 6382
3023 6538
1203 2051
5329 1753
7194 1303
751 1974
3097 3049
6296 635
3256 5670
1623 302
5280 5855
5984 1677
2991 3528
7112 6494
1634 4551
6085 1706
335 1312
3426 4923
4239 4694
973 2697
7184 5832
4475 6164
2542 1420
4017 4316
116 191
3312 625
3415 1409
3279 1063
4041 705
6624 3788
3525 5042
3022 771
286 881
257 2012
1306 5398
4152 1672
4962 2479
847 3557
6351 5154
3370 1334
5429 1698
375 6678
1219 6294
407 3325
5722 1142
4075 4091
2949 4781
3665 4840
2718 4263
1391 1855
5735 5005
5075 3631
3979 5740
44 4961
5768 90
2662 3389
5339 6238
6577 6038
7494 1461
6592 3725
7116 3839
4803 391
4347 3241
3087 3395
6237 5085
5793 5168
5802 7488
6013 5779
180 6018
7415 4049
5771 4876
2461 7185
4071 7342
1919 5889
4630 2119
3492 7031
606 2638
6717 5144
6501 1873
1968 518
3666 505
2864 2121
550 4526
380 7145
603 5658
7001 3686
194 2812
5778 309
2973 4989
7262 5723
6350 7084
1248 7171
4678 5642
6634 1051
1731 6675
4324 6839
2555 4364
5597 6879
1377 6358
956 6601
3333 1602
3126 4289
5775 5250
1855 7273
5699 5621
2416 4707
2521 2730
1051 3025
6137 4665
6421 2395
3439 5596
3319 7293
1989 6051
1777 1279
6472 3801
3548 5886
3750 5150
6921 2644
7421 2118
2438 5349
921 5441
3832 1820
7491 1978
906 6037
6154 2543
1485 6303
6190 1449
5366 6719
6922 2168
1873 4079
7300 1634
6164 5842
1484 2309
6292 221
7478 1104
665 407
6551 2331
40 3109
1836 2486
6864 3407
1244 3534
1192 2555
4699 5074
1363 7131
3681 3174
7189 4350
3277 6246
1650 6714
5572 1049
3504 4813
7261 4980
1320 4787
1017 731
6031 4332
2462 5044
1565 4447
1839 4357
4697 1010
1600 7432
2706 1445
2757 3486
5632 7025
4484 4104
1464 3232
2479 6968
2449 6922
271 3460
6094 5851
1418 5046
5444 4098
5213 3875
6239 3302
1329 6065
3880 4879
3372 5161
2700 5117
4334 4202
5707 1748
3546 4539
1569 3147
5056 3052
154 5644
4042 2333
6851 2577
4476 6516
4932 3847
6897 4688
5209 5490
6073 2373
258 786
5425 3211
5464 2728
3791 6531
3046 946
5020 7239
978 4973
6654 5848
2345 2902
4473 5630
3482 6085
4777 7112
4621 4281
3044 3201
5109 4824
5543 6948
3743 2910
6622 4507
2775 4722
6037 6668
891 6450
2720 4381
6424 2521
3480 6592
2976 3835
1775 6868
1455 1006
7497 504
5496 1437
5945 5881
4825 1696
2311 1164
7124 6725
1825 4324
1528 1246
4186 4804
5669 5673
3512 6652
2905 6929
1678 3713
3142 3855
2107 3957
7257 3502
1556 97
64 1505
3231 4684
6782 757
4083 5923
5508 1486
4146 1949
4688 2475
572 1704
545 743
2483 3812
5911 3319
3751 6134
3019 4756
2641 2082
4767 6640
2957 1891
3505 5487
1327 1072
6799 6452
4261 3683
1704 904
2310 6907
1677 5041
935 1579
5250 4967
3493 2685
4282 2241
319 4896
6580 5119
7256 1155
136 7012
4244 5803
5243 6386
1592 1973
4016 5934
3497 5510
5398 3422
1743 387
4726 2777
5796 3672
2763 2457
1157 7160
5328 4312
2194 3786
3778 3645
6549 4594
244 2393
1520 229
3360 4954
2300 4031
5828 2006
7382 2076
6763 2209
1331 7318
4469 1096
3697 5541
5257 289
4406 7382
5100 4280
5140 7277
3971 3913
4356 6439
771 3165
4744 7266
2455 1321
5968 3349
1788 1536
6396 6572
1045 4871
988 354
3538 3764
5226 689
4315 2418
1175 4523
98 3230
597 4080
2689 3251
5058 3207
2856 6165
2608 4755
7028 6682
1819 5953
1019 4663
4911 1363
3930 2651
5681 1605
2869 7269
4512 7019
2942 2949
4716 1030
1398 3595
3952 859
3891 1365
2379 5434
6458 109
3600 2968
4022 2266
2707 7268
7338 2904
5895 1784
2596 5224
2266 6087
584 2498
3358 544
4040 5468
1867 6722
4425 3521
686 6212
2840 100
253 5021
3879 5921
7075 759
3517 1565
1383 6359
4820 43
6966 2538
6451 4
7273 5864
3867 1720
3992 5544
5594 5003
2335 1113
1730 5081
5938 4498
3814 214
4585 2964
246 6417
5586 4216
6074 4501
7073 7286
2810 4200
7474 7263
4164 2005
1161 2132
5130 7402
2909 3076
6929 4415
1914 2091
4173 2602
6562 4977
5332 4268
6281 3154
5980 350
5470 7317
6737 4102
2528 1099
4414 1290
5929 543
1257 3853
4936 1481
1845 3810
2343 6565
5128 4774
1651 1134
1654 305
482 4710
2558 6253
3090 1115
3931 3060
1015 4073
5434 3347
817 2068
4845 108
2875 4472
6691 6259
3390 3363
5653 3608
583 1304
6601 4865
5540 1715
1764 1766
4224 3674
903 3239
5297 245
6109 2009
3633 917
2702 748
2572 6975
3072 5989
4920 6873
6753 4127
4961 4653
5564 892
2180 239
3335 4908
6332 2846
5603 2567
4052 5992
7440 1890
1059 5817
1727 1238
6475 5348
4195 3985
2687 5936
1978 7039
544 6560
2806 4421
1433 6971
1669 1553
3291 4964
2060 150
3754 4090
1253 3965
5424 4783
48 4637
5507 4806
563 2653
7438 4442
5851 1678
3522 7120
2102 1544
6047 3119
3592 2832
6794 6428
3450 971
6836 2826
1625 2548
2664 2196
4637 3115
5085 152
1183 6276
605 4182
5181 7287
6804 4640
3820 4086
1340 2480
1717 5125
3643 3348
659 2433
546 953
2400 1004
5823 3209
3647 4493
4106 3728
1444 5109
6024 5149
5568 1210
4784 7225
638 1340
396 7054
1115 2758
1132 1734
7251 3047
4685 7050
2559 4101
1169 6301
429 6685
6913 6364
1684 4479
5443 2801
7286 609
3420 4391
3215 3172
7332 3933
142 5747
3553 6316
346 5170
321 4432
4144 1803
4477 2745
713 2789
2141 2099
2846 5429
3315 3552
90 3550
4285 469
800 3215
6985 5275
3712 1583
365 511
3310 3295
6982 3394
2892 5430
4070 282
2188 4266
4454 2284
4222 2779
5725 844
4279 6070
5490 1712
4302 4704
1712 794
3253 2871
565 897
4508 5155
5749 1179
5304 667
2825 6996
4312 5407
3241 7483
1289 1692
673 6705
5697 3533
3470 4942
7188 1661
1848 1460
3868 2696
3877 2161
1939 493
6052 1388
7378 5310
7454 2184
21 1466
1465 6374
1270 3834
7130 3236
376 5040
5070 2771
2357 1275
5921 1012
5045 7099
6077 5873
1357 612
6672 5423
1420 1546
6187 5782
1548 5106
3585 4387
1480 432
2565 5831
4815 6555
5284 4097
6635 1604
1552 2130
559 6438
6793 5719
7237 2961
1012 6595
6426 5518
1172 1053
7369 1300
4479 4458
3376 3569
3902 195
4321 1792
6359 7071
1583 4812
5341 1880
6344 1688
2083 5023
6181 7422
2573 2090
4295 2870
2874 1354
700 3205
354 3008
2703 1188
1221 6857
7190 161
7351 187
533 2511
2355 6030
7245 4949
6082 4460
6336 5810
1276 2136
3582 1723
2922 1106
3373 3139
267 6861
3458 1071
598 4099
4276 2590
3559 1826
5011 6443
741 6699
1356 657
3414 3627
2631 3436
4738 223
5857 3963
471 3043
6266 5772
6257 4951
3637 2084
3367 3931
7135 62
1033 7389
1386 4276
4030 6227
5139 1310
677 5314
3770 6152
5852 1844
4319 7254
4624 6658
2561 1732
4511 1580
860 3257
5255 7358
2761 4461
3672 3034
1441 1168
2632 6244
6628 1994
1088 3449
869 754
4440 5357
5728 1491
2980 6741
6436 2658
5692 1085
1035 4059
3630 4291
4351 1349
4335 6909
524 3441
6651 4070
577 328
2566 3681
6262 5750
6255 3689
5853 6128
2705 1418
6879 5462
3461 165
6605 1779
66 5558
7100 4116
3798 2560
6525 1140
5122 7156
1842 2406
1577 6944
3239 3596
4104 5332
5196 2255
1761 6631
99 5930
3687 2747
57 1277
5370 4843
3625 5461
1898 4502
4700 3823
291 503
2246 1804
190 82
6874 5091
1305 989
4132 7283
128 341
1461 5626
1043 401
2143 5847
4987 1850
7252 3626
1803 6958
333 3515
3400 2137
6356 7424
4737 6097
5950 4360
4986 3072
5390 3593
1468 795
6334 5583
3357 5868
3536 724
2667 2500
2276 113
5245 4978
2669 3702
372 3860
1770 4003
5096 2768
170 1577
3377 6393
6576 4792
4170 2451
5498 6897
5004 7472
17 1870
6202 1608
3206 3614
6914 1627
7321 4399
7114 2899
3436 4612
4977 2467
7270 4007
2771 1702
6192 499
2938 6278
7294 4676
6721 2154
4791 4924
555 5592
7317 3885
5373 3664
3429 591
6278 4136
599 35
789 5939
4928 406
2866 4052
4980 4880
2023 555
4450 5834
3475 4178
305 6322
1020 6129
4789 6622
7024 577
5567 3071
144 6977
2279 149
2692 6139
3490 2643
2939 4140
5556 4528
7015 5247
1323 5405
4684 1386
5689 6902
3542 2122
5893 4957
3772 5931
399 2246
5384 458
1959 4552
5221 6493
1918 7449
743 3983
6337 742
2176 2476
3340 1649
4026 3405
3234 893
3674 5737
3726 1775
3469 6777
1628 5935
1139 5537
1745 6528
2153 5283
6552 6746
4636 534
1402 2429
1521 1206
3541 28
6175 6222
2712 515
7107 5269
5133 2960
1510 4193
3485 3871
4834 5693
401 6480
6900 5520
5522 2672
1247 3517
6905 6584
2221 3914
1389 1337
4963 6026
2745 975
1892 1774
4037 1255
7493 5485
5324 5182
5847 5295
4262 6311
4434 1989
5946 797
2831 2020
1163 883
2413 2456
6516 7325
670 3308
1050 6979
4180 1709
770 6158
3567 4434
2502 1031
3448 5317
7201 5466
3385 6885
4627 905
3273 6978
1951 1975
2227 3882
5008 163
1360 5082
5784 238
1767 2054
5763 5637
34 4630
3599 3522
1078 7324
2739 6972
4677 6874
3985 4607
5311 7201
4830 2996
3611 6562
4082 189
5971 1835
6264 5567
494 6537
6833 3729
6819 7403
5323 2675
4381 1380
6910 6352
3836 5167
2208 2983
7488 3540
3396 1625
1338 4789
3300 947
7402 1448
179 1857
427 7162
842 1271
7253 5134
3116 5736
6380 583
2838 2553
2525 6534
2452 6237
6410 3640
2726 442
3295 3472
1308 6577
3970 6508
6468 4833
1779 7062
4243 2116
2361 7158
4339 566
7222 2056
18 3537
296 6490
4410 423
2212 2931
4945 7183
6927 2216
984 6832
6347 6545
7467 7304
3249 4772
1713 4288
2053 5204
6994 3238
4950 3574
2590 6275
801 7474
80 255
1973 5195
1734 6845
6637 30
4968 6343
520 316
5675 1175
5393 5821
1432 6662
3045 3680
2919 5609
1589 2883
4872 2235
5167 3433
3189 3413
178 225
1907 2267
4304 1555
4360 1528
4958 4827
1216 3171
287 3580
5985 7042
3225 2746
585 4151
764 1852
3749 2244
1274 3701
6866 2487
7014 2469
3824 5282
1271 226
3733 6783
1996 3611
3002 1554
1173 5316
457 894
4363 269
4430 3956
3771 2064
4309 958
1066 5641
3380 2110
5142 4218
4575 2510
1696 4407
2858 6749
1728 4646
666 717
7154 1042
3610 673
6762 6047
408 2128
6520 1690
1916 487
6328 11
3758 5710
586 628
5991 373
3180 1644
2442 1854
4248 826
7318 4118
3151 4135
7078 1315
2732 3118
4338 4931
5182 2554
6786 3621
569 2158
5379 5519
383 2001
5198 6706
4629 5211
6464 3754
5278 232
7227 2202
6709 1701
5344 594
5977 3275
5698 2169
5587 5175
4944 1009
2530 5515
5437 5016
1844 7416
1997 6860
7356 2329
3745 582
1191 224
2390 1817
2785 5301
196 2405
448 5686
6476 6205
4490 4328
3349 6727
3201 3894
4357 1025
1861 1040
3563 7409
7399 660
7229 5730
2249 3669
279 3501
1925 5838
6020 5559
6221 4922
1277 280
2063 1477
4947 6100
5211 5589
2902 2072
7285 3588
3281 5683
3008 6836
6193 5925
3894 5926
728 3739
4941 1827
1407 6713
5307 936
5817 5439
1631 6467
5235 4986
5500 4626
5158 6939
7324 1336
534 3090
2401 4169
3719 200
1140 322
5007 6647
738 1118
4750 1467
4009 5227
1256 1633
6009 6591
755 313
5411 4779
3956 2906
3813 1223
6230 306
7030 274
2655 5792
6432 6245
2582 2523
5204 5090
215 4856
5788 2287
2678 2982
2105 1195
2903 1648
1518 2976
4055 5785
1705 5499
3615 6731
4217 2321
5231 3841
6333 4732
570 2263
5112 3412
481 2965
183 3315
1599 3451
2097 4206
3642 6108
6385 5477
5779 2035
1954 1961
7485 5875
4117 2525
7272 213
3410 179
4623 809
2049 3566
538 470
1539 1273
6276 6420
4570 4803
3074 36
3641 5739
7163 5546
4729 4574
1765 4524
1949 2823
3675 3709
4651 5962
1263 288
4761 5995
5854 7009
6080 1248
1555 6935
7139 2623
6376 3485
5380 339
4076 1869
1178 613
4438 4085
5382 1256
2643 986
6079 2386
4231 1810
262 5190
647 6824
6974 6734
1580 1540
1969 5373
266 7217
7191 3506
5869 3429
6454 1325
5591 211
1588 4838
4794 6838
347 2032
1757 1267
4582 6546
6517 3464
1385 7297
4608 402
767 6903
5064 2028
573 7238
6167 5113
3309 6931
2203 6611
7290 4516
525 4823
3159 4077
7105 2159
7409 5872
834 6850
4355 2063
2288 6566
4014 69
6944 2690
5627 3856
3269 2676
2298 4048
5001 3942
962 4100
671 2614
4181 2114
5265 973
7436 7111
7248 5178
4859 1613
5588 1992
1587 4032
487 5547
1737 363
6273 1790
1034 691
220 1186
7062 3457
4005 1139
3614 2536
2325 6603
4954 3427
4203 346
4515 4570
4375 4446
4948 1610
1896 1154
241 3932
169 7316
7456 5724
1692 5503
6068 2549
5459 206
3321 7312
3962 1717
6894 6730
2937 3312
2578 4492
5111 2164
2993 6830
4358 5141
7039 631
949 268
3760 1818
2393 3210
6984 6768
1799 5347
4006 4485
3918 5731
2853 6221
385 2
501 4674
7219 5632
3812 5135
1823 3061
2564 701
2156 3934
6946 12
875 4476
4429 2568
3322 6585
981 5324
108 3670
5252 2566
6400 1617
4822 7410
5809 2851
3467 2838
4563 160
6096 158
4588 3273
4091 454
1297 3529
2116 4613
2701 2173
4896 846
7442 5104
4371 4397
6860 6376
6152 682
6965 5733
805 1144
5145 3220
2510 2233
7432 4258
1686 4277
2950 6050
6655 409
4878 2677
4874 6282
505 5955
4139 183
3056 4223
970 4120
1439 5318
4131 955
698 7190
4200 1590
2828 5726
6463 6148
3662 3968
1141 243
4283 6633
7152 6476
2062 7256
3503 7370
1891 6262
6346 3665
4632 6735
5827 6079
703 2359
91 4062
726 294
1096 811
4618 3035
3205 143
6369 7170
6939 4252
5455 1379
6777 45
870 7314
2268 1076
213 6332
5034 1411
6213 4953
7486 89
5900 1244
4732 440
3288 3886
3292 1190
2123 1176
3389 6895
7422 5619
6996 2398
3465 6418
2830 6617
7430 4327
4300 684
6302 1783
4251 5472
6083 3824
5534 1594
4115 351
1384 7258
1392 4642
7276 1573
6928 3613
4915 457
7400 3110
5295 297
188 3031
5305 7327
5483 4035
5604 7452
2071 6459
7495 2355
5677 3120
4628 3974
5842 5107
2228 5284
1008 2411
2992 3916
6916 46
6755 1904
1486 6090
1801 2151
1375 6557
4994 5187
2917 1930
4015 1187
3068 6580
3498 4060
4693 2365
2611 1295
4713 1838
3552 6061
831 810
1155 977
6681 5458
7479 2351
1249 5986
210 4586
148 1343
7036 4778
1985 386
3700 1794
6204 180
3590 1656
2781 4220
5190 6823
7445 2766
3924 5798
5395 1552
1117 6009
7313 4997
4545 4430
823 5968
6303 6106
2499 1039
5785 479
836 3966
6121 2998
1057 4147
1316 4295
4394 1842
1641 600
4480 5677
785 2106
5998 6787
3080 2509
2042 1369
330 6639
5266 6676
4557 4027
760 6031
4849 6054
783 2702
5887 6953
7179 5492
6585 1972
7233 6867
4913 6161
5386 3769
1458 5156
4141 1326
1932 164
1586 4013
3831 1511
1965 801
1158 4808
6583 1859
3221 1953
877 5527
7066 2895
2451 3086
391 4667
1866 4920
3987 2506
3856 3029
5866 1183
7041 6517
6557 6355
5288 6677
36 2989
6005 4309
1719 5339
1454 3907
5237 1487
7473 3708
2213 2037
3620 6284
6102 5861
5485 2606
6789 5185
5646 1360
3638 6841
5285 5006
4918 2975
2248 3019
2167 1328
5385 6411
7106 6429
1162 1882
381 4124
6251 1464
857 6421
4487 5122
3246 2426
6236 5375
3907 6969
957 983
4863 2601
4145 7212
4060 2924
3144 1906
7326 3051
5908 3854
885 7380
3744 634
6817 7450
4835 1903
3117 2981
3354 1686
2448 2863
1935 3454
6408 527
4930 6489
5874 1209
5258 2327
835 711
4385 2157
5472 1457
235 198
3948 132
212 2447
94 751
5762 6369
68 7041
4590 3849
2930 6767
2019 4180
1364 3152
2353 4669
133 4255
3009 5509
5758 1995
4798 2679
4612 5716
4296 3565
7046 6619
3968 4185
1259 6361
2860 3921
4899 6347
4783 2755
1148 3382
5068 7101
3551 7294
1815 74
2818 6876
3314 4955
4833 32
6358 5450
3833 570
6840 547
3129 4913
264 3818
56 2774
1894 6998
4999 1629
1210 6665
2289 4786
6775 6928
2439 6522
5180 3833
2132 2664
3659 5691
636 7139
1450 5971
2197 5396
6098 3682
806 4972
5003 4855
3146 1597
6133 5354
2709 2011
575 4903
4179 6809
443 2248
3974 6485
3138 6901
4423 5692
4758 2819
5526 7334
2001 3183
6495 7248
3304 2384
5275 2345
2138 335
7242 5110
3688 3354
688 3675
7435 3610
6852 1216
5388 6000
6030 5758
761 5189
3830 5157
4805 4798
1268 4713
1482 2872
434 6135
3048 5866
6661 1098
1782 2319
1099 2190
251 2817
3096 6176
833 6559
3783 5624
3185 1132
4620 1591
5477 3375
5259 3136
2206 2440
1406 2215
7372 6016
2660 4273
184 615
5719 7330
1346 3107
2334 5916
19 1342
532 5067
7384 3845
5563 5287
656 3773
5932 433
2681 4647
6764 4382
6978 5745
1905 1015
4068 4743
1074 1211
2174 3346
3858 3572
356 7272
637 5077
4793 4149
1111 3088
1230 5595
6483 5070
2974 7219
3944 802
1201 1785
6290 3928
618 4385
7362 7495
5389 7482
5164 6069
4378 4025
7186 4412
4445 987
6760 4934
6531 4354
5730 3735
6293 3491
990 1443
2031 7347
4269 2399
2364 5797
6537 4544
6956 5020
5976 1322
3828 6548
323 6072
4647 5722
2844 2303
2363 6442
2495 3494
5402 4531
5986 372
4416 6816
3183 4123
55 4034
3781 2663
4723 2735
5718 4046
6590 6681
4735 4974
7203 2573
4057 1737
2813 285
1860 3953
1387 712
272 2737
6694 5340
1576 5366
1814 4152
483 5419
4345 4353
3510 854
5066 5760
6983 2561
4103 4072
1794 2563
5206 5569
3404 6993
4322 7348
7097 131
7102 7326
4116 2533
3029 658
852 356
149 2896
4929 575
1198 6104
5902 2836
4267 4015
5113 6888
219 5807
5298 1222
6508 672
3337 3117
7381 7167
6318 4437
340 1837
722 706
397 641
5941 5712
7202 5072
2127 5652
4221 4696
858 1447
260 6854
5814 6471
4645 6748
6275 1993
1275 4976
2000 5729
3136 6799
3173 5849
1490 234
7401 3178
5047 632
6227 4481
3654 3260
6040 7045
2723 2641
1091 2516
2710 5845
5059 3401
2633 3443
156 1639
865 3157
6235 2108
3154 1041
502 6224
5841 5281
4168 3091
1080 5456
594 4624
4933 6529
6532 5045
1190 1572
5602 4343
5340 2358
1322 5350
1041 209
3921 5273
5651 4038
2067 3235
4898 2946
2805 6775
3135 3811
3326 5105
4128 2024
5987 6131
1105 489
7103 5221
3723 3138
2898 3954
3912 3383
3721 6223
3378 2223
3915 1731
6858 7235
3051 2081
1337 5212
6659 929
1419 2589
3130 6586
6787 4087
5607 713
6838 3218
6963 236
1187 3287
5859 3021
1585 3425
334 703
3148 960
3332 2630
2579 2295
6088 2652
2265 5811
6039 4602
748 3050
5028 1789
438 398
5848 1020
5711 5877
3535 6071
6014 1162
3254 5570
642 1224
816 3326
2447 2708
5966 2286
3341 2744
4714 2010
4705 4109
3693 2628
6448 6795
6440 4609
1042 1469
759 3527
871 5659
6742 1245
658 3437
7363 216
6233 5146
1742 877
2315 5147
4905 2017
1393 3089
4890 1592
1831 1258
7374 7155
2323 1476
4824 7187
7002 970
894 1145
2367 4752
3103 4304
5658 6784
3472 2112
6430 5661
3854 7108
2284 6458
646 7060
6772 3577
4656 4788
1220 5232
1561 6109
4862 7186
6512 6894
4352 2886
406 4776
6814 3148
1417 1981
1328 116
3105 618
4329 2052
7224 3112
1160 5514
1726 6932
5875 5491
410 5531
972 7461
2468 5741
6090 2165
723 4860
307 5103
6960 3826
2881 7059
2612 5550
5313 5494
4029 688
6084 6788
5933 5397
5476 5403
1950 3554
4199 3752
362 6848
7185 1361
5772 3938
3882 6581
3245 184
681 1184
4902 52
224 3711
4635 4603
1095 5084
537 6498
1575 6858
7037 829
1849 5788
553 4726
3026 3898
7408 7470
182 3176
3711 5052
3257 212
111 5948
3596 3155
5589 421
6231 5654
1467 2143
3237 704
1632 1663
7280 2618
1495 1462
11 1428
1279 5196
4190 4416
2960 2784
3260 1833
4664 2489
7359 276
3513 943
4202 1865
7468 2383
454 5786
2131 6904
531 393
1087 6702
5624 834
5740 2343
6503 3591
2911 3254
3782 4825
4451 141
5988 3696
1707 2842
2244 6292
7498 6556
624 2595
3306 2526
7416 1193
4686 1647
1122 1016
3494 1711
6598 2224
4432 26
6012 3074
811 5145
3113 4146
2597 6573
5343 291
7060 5512
2472 3435
428 4156
5961 315
6670 7083
7025 1347
609 669
5806 2229
7364 1699
4893 1782
6547 514
5408 3223
3016 1166
1595 7124
6128 111
4489 2222
2782 4230
876 2751
5264 3414
1637 2252
6747 1593
4895 7281
6648 5897
1478 6103
2885 1739
5048 3658
5125 2185
6727 5883
88 5917
1567 5656
6394 2519
798 2647
7457 4222
5009 5964
5746 2513
4959 3784
1980 2346
1060 6068
7127 5218
6058 6997
3651 1185
3366 2594
7133 3255
5050 85
5516 51
4158 779
7490 1023
2584 4554
6277 1398
3706 4661
2239 2277
7360 4839
5461 3757
879 6024
7079 427
2354 1247
5639 3194
1928 5274
5030 2417
2816 5919
2971 4905
2673 750
4196 6790
6015 135
2431 956
3624 6169
5143 6083
4514 2616
5638 2379
7289 3007
3663 3651
5215 3122
4943 6045
1431 3893
1571 6509
4589 3723
5514 5378
425 5784
4710 4417
1341 3123
926 4512
2421 1262
7377 5876
3773 1990
421 5139
474 3075
6926 6663
4330 5199
5254 3198
2589 1749
6662 3553
649 4802
4769 2994
3085 6754
1401 2283
669 3620
5694 3509
4808 5374
1810 1506
5480 2464
1834 4883
2924 6672
4259 1205
2271 4851
5876 824
3870 411
4453 7130
1014 2276
1570 1559
3576 2769
6418 2256
2467 1478
1685 2058
6677 5615
4399 3261
4613 3902
473 2612
5751 940
6145 1463
4900 1568
2933 2857
5894 3852
361 1802
1957 4054
2574 4836
4787 6156
4617 832
2210 6750
1003 5426
5939 7351
3181 4366
6712 3252
4140 7086
5247 787
4538 6743
5577 1588
2434 3432
7413 2864
6507 4766
2476 6683
1410 4053
1851 639
5656 3316
7383 3578
1124 3992
369 4306
2910 6515
3001 2581
5495 6820
4524 4219
1633 1910
6584 7361
3210 2773
1709 430
1830 3616
1491 2022
151 2265
2230 2783
1114 982
4463 4770
3656 5526
612 4940
7482 5049
1584 1292
5783 2721
2164 1983
1639 4782
6355 1623
1755 1566
2422 177
3787 4841
5805 3732
6433 404
6571 3067
6168 6951
1456 102
2429 6758
418 1896
5757 3341
4021 2282
4865 47
961 3399
3508 7121
2426 7299
6134 136
6471 1485
6600 3137
2351 2793
1618 3079
5049 556
2609 726
5471 2734
753 6389
6995 1161
6673 2958
6389 250
1664 3612
3175 4784
5474 6067
945 5209
6715 340
4848 4144
901 6657
3062 1427
2690 3143
4156 2377
6711 5455
3384 2040
5138 5410
7471 2182
3588 1045
2548 1352
4047 4847
7322 3356
4275 7129
3296 3455
4559 5949
4759 1302
6608 5304
1947 4270
3558 3177
6846 1550
320 7022
1920 3240
2894 3505
4542 7107
5535 6380
2794 155
4979 4363
2106 6268
7080 2522
734 1773
3753 2859
2899 736
5027 4121
3084 1881
4674 3314
2738 561
4992 2586
3853 2073
5416 7105
3112 3024
7143 6520
2051 1947
5116 608
6435 1169
5683 390
4155 7444
2255 4962
7306 3636
4039 5679
3034 6535
6494 4521
5549 1364
3430 1122
7210 4614
965 3381
6035 2913
1766 4426
2857 4799
4875 435
5506 3282
966 1278
107 1438
942 1703
3303 4680
5936 3386
4327 2673
6357 2669
4663 3539
1741 4515
1400 4534
1292 2206
3802 3887
3797 5411
4537 6074
1029 5892
6518 6583
3557 3510
1532 2928
3091 14
3767 3248
6271 2546
6671 301
30 857
630 4283
724 3208
6610 6402
4867 2860
4609 980
1436 1667
270 355
2686 2388
2694 7106
1640 5358
2556 649
4341 7417
4578 5746
6642 3943
5021 5475
2852 3358
3556 2945
4766 3128
7387 7413
5294 29
2218 7485
2420 4017
1243 7466
1428 2357
1558 3639
1038 2524
7131 4192
6352 942
3099 6729
2370 1849
5655 400
4236 6404
2191 4011
3821 6449
5748 1425
1877 1450
2207 5297
7284 2803
4532 3393
5781 1926
6409 2465
4257 4148
7349 465
1674 2230
360 5564
6461 6772
2787 1878
4756 3299
70 2796
1982 5735
3336 338
2471 3879
5774 263
2981 4818
3841 6185
6564 646
2868 7094
3631 3206
705 814
5499 5233
476 4307
2925 5903
6908 1339
3607 1966
1070 756
3402 7415
4513 6052
6441 6196
7018 486
3118 6635
2699 3396
4074 4639
455 804
567 1519
627 6277
2397 3892
6594 5552
1923 6117
6138 1726
6868 6019
4533 5867
3852 7298
2417 3676
1044 1483
4974 3450
4745 6098
4255 4171
4073 4852
4400 1103
5550 1490
948 5681
5685 1324
439 4882
4466 5424
6544 2898
7123 1710
576 7328
6859 5414
7159 2135
5873 3781
1550 721
2851 1680
5184 5999
1027 1204
3562 6189
7274 6833
63 2978
25 1541
6538 5415
