7000 3000
4263 461
5097 6001
1686 2646
4355 529
3941 469
4369 5542
4815 1619
3126 1719
1065 6206
3123 1364
5666 2697
1611 86
2151 6346
147 4253
1739 1536
1230 1371
2948 2536
2063 3991
5350 5677
1374 5252
2347 3821
4527 5089
154 4228
193 368
2471 6614
56 2138
6511 5986
2273 6706
3536 2520
3178 5981
4077 3867
2580 4354
1144 4922
3549 3491
5934 3957
911 1279
1624 5601
2591 5680
3396 524
334 5047
6501 2774
4728 244
4636 5279
6682 2731
923 680
1238 5664
4381 1089
2710 4667
776 4057
319 2638
2558 5212
3695 706
4306 3419
4532 326
1357 5996
4314 2352
4956 434
3783 2341
4053 452
4717 2726
1651 4714
4931 1670
1413 1615
850 217
2582 2937
3008 3838
4630 3441
593 5041
3348 2577
5455 4360
3969 5879
3858 2578
2204 2095
1915 4012
3400 3541
2815 1950
5652 3950
5225 5835
4760 6810
1531 1478
1392 5420
6876 2383
5512 5924
1875 896
6333 4596
6647 6271
4269 4004
3256 5389
2743 3334
1329 78
4133 2606
5581 166
11 5161
6487 6225
4027 5226
5833 4636
6316 3172
3906 1420
3629 304
2819 1268
1375 1164
3548 6399
2119 6957
461 5305
3186 776
6031 11
1597 4799
4806 4752
1039 4742
538 6803
4458 2311
6411 1379
5870 3363
6968 3727
5183 5623
579 2565
5660 4881
4960 2173
3334 6188
5234 5035
1809 2485
3939 4309
2275 6565
265 6246
5633 556
6922 3709
3811 935
3797 2983
1232 787
2426 5983
924 139
4848 330
4439 5414
80 6227
2198 1756
1965 3771
100 2876
951 4546
3956 1123
3364 3224
5473 2701
6654 4680
2123 2568
812 4762
3316 2070
444 4532
1383 3494
1759 5316
528 289
4087 6749
6742 5121
1601 4420
114 5948
4070 4510
5988 4580
6313 4891
4478 2676
5984 3686
3570 6122
4582 5946
1029 5195
5774 2282
5528 6462
2831 1055
3352 1430
3498 5965
1001 2113
3267 5018
6519 6912
4098 458
39 1299
6384 6709
4551 3321
4451 4207
5614 6782
4497 298
2635 2225
3636 4903
5756 1042
124 3826
6295 6527
6945 1097
5265 1103
6533 3877
54 4096
5496 6350
1177 4247
2421 3403
6503 6008
3919 4275
894 5688
1865 676
6865 6
606 1952
6182 2865
2944 4863
2302 2393
1705 5598
5925 2432
2550 562
3758 6556
5877 3126
5563 2389
1442 663
4167 5108
1859 3943
2861 3759
6078 4461
3043 5067
610 3019
3792 1092
3434 6507
6368 5157
2506 3767
5258 2266
1276 345
6528 5670
2454 1245
962 2631
6402 3118
1273 6950
6550 3428
4675 1829
2304 2645
5239 5206
364 986
831 1490
4123 4482
409 5602
2293 6774
2659 580
3080 3215
5969 357
4671 2832
3885 2403
857 4797
2645 2663
4389 1753
3217 2602
4634 1709
5084 3624
4856 710
356 2184
3483 2666
1819 4238
2842 5352
2479 6755
2508 4368
6219 6891
777 598
683 5129
6820 1108
6164 2283
151 4259
6795 6207
1109 5551
5795 3554
3373 4414
4937 6101
152 5665
602 2916
4388 3843
6553 1484
1619 4037
3440 1797
3309 5408
2434 3086
2942 319
696 958
3734 4997
4852 4168
6730 5347
5310 1000
1907 6562
1977 3864
5301 50
4328 3195
5019 2303
1479 6143
1133 2290
2810 3644
4638 2641
4071 4717
6989 3162
653 2451
6361 413
5168 4280
6264 1248
47 5675
5598 2230
6883 5626
807 6597
2678 653
4860 5249
5711 4333
1489 351
99 4328
4200 1807
2690 3963
3436 6754
4238 4370
3009 2805
5601 5338
6400 2441
1999 5069
3295 278
2811 6281
1693 3067
884 6497
6870 2121
4008 6722
42 6077
6890 6253
115 6315
5538 2877
3414 1128
5688 4329
552 4525
654 5814
3365 1341
912 599
1205 3681
3096 2692
4778 6440
6372 3388
518 2819
3081 3480
720 3203
5015 1026
5279 2532
3428 773
4715 5244
6877 2085
4040 1795
3028 1548
6494 435
1753 6098
2937 2285
6014 1218
4334 6624
199 3953
4255 6975
883 3209
6481 4509
6100 2648
826 1105
1017 4265
5003 3635
1669 4545
6572 987
6447 382
4267 4113
1206 508
2013 2478
1197 830
996 3905
2182 4029
2809 652
4523 199
3995 1366
3738 6407
2053 631
6371 6520
6399 6872
44 5655
1149 12
3413 4457
1434 6550
2402 5562
2192 2253
1673 2006
6801 3927
4952 1596
3960 2130
4425 2857
4892 5630
984 3431
3981 3310
316 4982
2826 455
3909 6818
6479 4804
6070 850
4473 807
4354 4068
6562 2359
4796 445
2900 3914
267 5865
5013 6091
2833 5082
6446 2784
4083 3191
3244 4612
4395 3451
6977 5762
2988 6150
1319 3746
4646 4338
2968 4700
6209 5627
270 1688
5185 23
6663 1934
428 2589
6539 6302
2410 3608
2366 5858
3943 2362
1650 5843
852 5779
1427 5687
2375 558
3926 3297
410 2514
2342 4679
5175 1706
6709 4783
3389 3296
5722 6455
2789 2887
5362 465
6520 2570
2801 4094
4456 5706
1785 6997
5670 5356
872 4450
631 6076
2720 5028
503 5666
619 5594
5716 3952
1496 3025
5446 6074
1018 4497
6199 1444
4345 3410
1577 933
1318 183
2313 1022
1979 6390
4485 1679
5741 5480
1878 3408
2125 2055
3880 4896
5320 5795
121 1762
4437 3999
6344 6884
6590 3450
4644 3892
6974 5999
6841 4567
506 6498
1974 1071
6988 2447
5221 1349
5560 6419
5109 6730
1527 4401
3340 2299
5970 3404
5470 2319
1541 3726
6552 3974
2039 6819
1989 4923
4699 2951
6710 1461
5861 5014
964 1995
6508 2562
6149 2336
941 2888
5544 2042
1087 6931
5568 299
6715 3289
2385 392
1157 4817
6802 106
1797 759
5035 648
3497 5186
6250 1449
6391 4153
2916 5772
2714 2110
2386 6004
1676 1953
4401 147
2779 3211
2931 3518
3721 6269
4322 6438
481 6481
4563 146
2581 1849
1685 4540
269 5919
578 4930
4895 2023
5308 4874
1801 1165
3626 3693
6737 4039
2969 2875
4180 3033
1854 2905
1254 4709
561 2106
702 5365
4022 165
3148 4274
1448 1882
754 6844
5724 3961
6723 836
1863 4188
5576 3405
2673 1779
2049 3079
426 1740
936 5727
2604 762
1203 1885
623 2182
2258 4771
1613 5944
1526 3427
3924 2607
6670 204
5559 193
2947 903
3366 2334
1371 5663
1775 5046
2008 5841
2980 1383
6679 1820
4792 4065
3693 6986
4676 5750
4807 709
2953 2766
449 3753
5060 6595
3953 5763
735 2220
6081 1761
5315 4140
4790 3120
2525 4373
17 889
1722 6642
6410 6044
1114 2767
2747 82
3963 3795
5536 2600
5408 1680
6510 6109
4688 5043
590 4764
3694 581
1566 5963
2129 576
3459 2343
1056 926
4520 6532
2368 1357
5547 4822
652 789
4243 5746
3800 6570
2949 590
3141 6313
6093 1608
366 3779
1378 6625
400 3954
704 1350
3917 5970
5651 3692
5554 6857
363 258
5600 1534
6033 1982
6744 5635
2741 4209
1275 4526
2340 4745
2964 1486
554 6648
2298 2566
4477 6920
3192 4574
3280 5966
6133 2202
5695 4172
3638 2667
4048 2273
3999 1644
6463 2356
3227 839
3243 2709
6067 4442
3994 4724
6286 5659
2785 1238
3670 3899
353 5231
4936 2985
648 4857
2802 1110
1166 2896
3911 5247
1129 3901
4871 6293
1132 1488
1314 3959
3641 5933
5004 6367
2336 6194
2736 4244
2214 6147
6243 3401
4533 5437
1150 1636
520 3712
1994 1832
5667 997
371 2751
5783 6652
5605 5959
6142 819
3565 2544
2167 3977
6269 2131
287 960
5939 1972
2236 433
2436 2780
4994 5685
3281 2921
2019 4379
6982 1661
2174 4514
4024 1513
4209 4892
5133 1482
2602 6092
959 4736
2135 6813
1364 703
6146 3873
177 5567
1758 6717
167 1145
2023 3831
3661 1429
530 5793
3978 3317
1943 1335
4605 3810
3618 4967
958 886
6416 1516
3834 6590
6068 3466
4329 5387
4714 60
6092 24
6574 6148
4417 5376
6208 2443
4737 2523
1301 2427
6941 1601
1925 396
3974 6766
6739 4652
240 6911
4259 3149
5899 5341
4140 2172
1582 1919
866 2736
1803 3720
2321 4587
6909 1194
2170 371
5818 4811
5616 1800
931 4754
678 5499
321 1646
245 1360
3443 5220
5562 1174
6012 1412
2349 1735
3598 1213
780 4987
5477 824
5273 3614
5504 1749
6831 2302
4394 1923
5930 5061
1664 2920
6185 5138
4472 4737
2524 2420
545 780
6631 4337
6546 5553
3558 4402
1765 2468
5067 335
2724 979
1906 6973
2348 1808
18 5340
2854 925
1993 4412
6687 2188
5199 5222
2614 5648
6581 3057
2322 3630
2079 2321
1100 5504
4590 2799
6965 2419
3150 4273
2043 6461
572 3302
6414 3219
955 1017
4377 5818
1186 1155
1303 6828
3848 3134
4429 3400
2081 679
6650 2118
6421 1166
374 4231
6951 3199
3916 1922
6614 3370
5564 5304
6707 2538
6919 5280
3726 6029
4081 4806
3116 6956
2891 3320
2045 5510
2067 6737
3768 3662
2681 4641
3468 4823
933 6331
5311 4289
4260 638
6796 835
340 6034
188 5840
1045 4234
6383 4705
5590 1138
2707 6185
1088 268
1779 2759
3991 2899
1841 1493
2732 5804
4804 6736
686 3966
2140 4996
3759 5085
6255 6588
3378 3714
3864 4793
3138 5595
4603 5668
3944 6071
77 3862
2571 3691
45 2320
5426 227
5872 983
3042 88
1661 4919
4434 6863
6456 5718
4192 2416
288 784
5834 5257
5864 3741
1565 2318
2792 4948
4054 358
4280 697
3680 95
758 5891
1191 4317
3101 2619
4154 5166
5591 5931
5542 5977
4010 3352
1458 604
249 419
3375 1294
4876 101
3055 1034
2532 6397
2818 3056
1701 4781
3932 5593
2730 90
3117 56
6291 2050
6016 4109
112 5747
3532 182
5845 42
4203 5372
934 6509
3722 643
4325 696
4653 3127
4576 5662
4753 1058
5055 2245
555 2018
3686 3576
3142 5518
4873 6038
5155 2897
3562 5107
149 2205
947 5488
102 484
4316 1252
2841 3680
1726 2653
636 2022
6132 1781
483 1343
3113 3393
5809 970
3488 6471
2888 4048
368 2541
3959 6797
3831 2668
4524 4503
6170 6040
1223 1614
5460 3637
2865 6320
4968 808
926 4531
1306 3979
3527 4138
6555 4136
4376 4959
4870 5543
5366 5605
3480 4655
743 1406
6150 2707
2083 5672
6873 804
1851 2655
2460 5281
3766 4160
3247 2010
5502 1598
4151 4123
6540 3194
4558 3628
6639 1913
3390 3825
2103 4071
1549 5757
2806 2152
3030 3858
709 1084
34 1893
608 4396
2234 6212
6477 1080
1259 732
3212 956
5466 2594
6273 4763
381 1077
3017 309
1198 4229
4219 3773
3867 4887
674 5741
1644 5087
6587 5514
5249 1955
406 5486
5456 5079
2440 4192
6825 866
1453 1983
3291 4665
3045 5829
5852 5133
1914 6971
5729 6873
6069 5378
2578 865
4 1575
4534 5874
1123 2077
6930 1801
2592 6298
730 686
6482 1623
5603 5828
4900 5573
1403 2981
1274 4387
4396 2559
4436 1664
6285 5400
1237 3159
5358 2787
1069 4956
460 6238
4196 6903
2746 2421
4163 4862
2775 6053
6735 3214
6992 5765
2845 380
5176 1666
4955 705
6088 4011
834 320
3252 3228
2576 5661
772 6452
1806 6954
2161 2489
3689 4839
4986 1038
6506 5278
1008 6103
1868 5530
2905 1362
1909 2222
1510 6272
809 2522
1222 2866
6751 1007
4651 271
5486 4144
3573 6244
548 4493
2514 688
4318 5609
634 840
6053 2164
6032 6593
6229 440
3110 3603
706 206
6957 3814
2288 3583
4909 4682
2899 5539
531 1401
2783 4281
4905 6343
2595 4936
2742 3844
5640 4040
4117 1566
1532 673
1656 6949
4660 4601
3990 1744
3753 1622
5245 3032
6134 6201
6893 5473
4735 1392
4249 559
6932 552
26 4748
6442 2511
3512 3104
6403 3993
5626 5527
125 2956
4538 4377
6499 3871
3224 6282
3152 985
1713 1682
6461 1787
3776 1051
3099 945
3090 2125
4674 5115
3349 4849
3681 731
4964 74
5129 2166
6618 1560
6637 5005
93 1700
2474 4336
1718 2540
5303 3036
4577 561
6469 2936
1459 6806
5063 4217
1929 3768
2886 5994
3896 6503
2208 5521
6983 2128
345 5262
4227 6112
6106 578
2725 5881
2849 2238
1042 1732
3426 4957
2646 135
1072 6181
3264 4925
6324 1675
4448 4429
4746 6861
1243 5471
6857 9
1181 1104
2956 4537
5693 5960
4975 6815
1808 2401
22 5498
4475 2829
3314 6783
1968 3004
3902 548
2640 5496
5765 6376
3762 3312
1019 2932
2752 4163
1507 5495
3599 366
4934 6318
4923 1572
335 3147
2804 2690
4120 6600
1241 1091
2218 2970
6813 3640
985 1137
430 5907
3462 5303
4257 2469
3806 212
5752 4618
62 1593
3180 262
4575 6569
4352 6387
118 2187
4072 5820
5329 1342
5814 4787
5810 5636
286 6768
3075 781
4017 2038
4780 2046
4949 3559
3341 2530
2883 2739
3283 406
1543 3385
2594 5651
4698 2968
2961 2859
2760 6619
1707 6629
827 219
5703 2597
5552 4825
859 2147
6017 4257
5253 3804
6658 2465
532 6977
4641 4981
232 5242
2365 207
4903 5658
1589 2988
2502 5328
5296 923
2180 5100
805 1827
4691 1720
1485 5431
3850 1499
4643 3420
2588 2480
6396 750
5887 6211
787 6599
2345 2664
4858 4533
5558 5205
5138 2972
330 6983
5076 5117
3287 4162
5259 292
2928 1188
5398 5439
2735 3006
4379 5054
1377 6978
213 2716
4732 1281
5523 4205
1207 5942
408 3807
2618 5377
6526 6548
6099 2793
6827 2721
1787 3440
2984 3068
1368 5403
5472 6944
5974 6454
4076 502
685 5402
948 4796
6719 3732
9 6868
1295 4386
5655 67
2306 3240
4197 6039
2010 4235
3335 6795
6568 6519
4159 1525
4620 5988
6419 192
3455 2746
1587 5302
3312 5511
1475 5150
1128 306
6897 815
1635 2973
274 336
489 4453
243 4326
2738 2027
851 3479
5778 875
2920 459
1662 6084
5699 6933
6900 493
1047 5301
5072 302
5968 6351
3579 4802
4761 6045
5073 728
2310 6568
3002 3755
6382 3579
257 6522
432 2909
2844 1559
3502 6856
4645 6257
1310 5398
1840 425
1268 1898
2415 1
4301 3737
2998 5898
3326 3263
1265 2554
4363 757
3613 5784
3583 1255
4483 1200
775 84
3425 2546
5297 1959
204 3645
1522 771
6803 1333
14 404
2683 6740
3049 737
3292 6215
4453 5954
5347 2474
5726 4477
6885 4648
3214 1595
1293 5418
3506 2407
2289 5821
6214 2748
3859 1403
3290 2883
2960 6255
6389 3099
3393 6558
5053 2628
3284 239
3585 1978
3223 4198
5804 6898
3623 3847
4581 3208
3788 3323
4530 1295
6122 62
868 5317
3046 3605
166 2591
5388 4428
4220 1068
3852 3298
3056 6496
6190 3655
4285 641
32 2272
1033 1510
4254 6675
4825 4960
5942 3265
1426 1479
1829 4733
3755 3095
6752 2995
3650 5701
4021 4847
6166 6918
3036 6552
4791 6578
5906 4460
322 2855
4843 4541
2817 1656
5749 2058
5697 470
2247 2833
4983 6427
4515 4033
6320 57
4491 6364
3119 178
6104 102
5385 2436
256 6656
3025 5953
5216 849
3898 5893
41 270
6901 1196
886 28
2114 1254
1115 6133
3019 2623
6360 3387
1242 3682
6161 383
6103 1014
4667 115
5223 3824
6354 4058
5382 5889
5777 5434
849 6620
6457 2456
3519 3975
3666 3178
4522 3110
605 1443
4194 3098
3297 3891
513 4659
4578 560
5342 5712
842 1541
6175 3161
4910 315
3317 2210
4016 6460
2011 2060
1342 2617
31 4376
2607 3757
4170 5838
4618 6601
748 802
2553 6947
6569 3528
2260 125
4321 1090
5141 5450
1488 2838
4824 1631
5889 5694
2652 3256
5319 5584
698 1737
692 6232
476 105
2044 6033
3964 2269
716 5969
6990 4452
2022 1211
2705 5105
6725 436
1389 5922
3557 5707
2884 5690
1362 4772
641 6787
4001 6960
611 860
643 5193
5758 3913
6894 2550
3856 692
1896 6704
2767 2992
5587 6643
5588 5506
4628 5120
2166 826
320 1573
6204 5476
937 2894
4763 4933
4632 2942
2444 4704
770 3489
2369 2379
3765 6618
2750 2148
3145 1522
5425 5726
2425 5009
2934 5155
6722 2498
2909 4421
6491 1592
5330 6132
4948 2510
2000 18
1435 1198
3725 5334
60 2122
2028 4108
4510 4865
6418 4288
2830 5930
1524 1057
1063 2304
2903 3051
2020 6549
2226 6666
3947 858
6426 723
6498 6609
2450 6199
5911 6436
380 6093
2238 5980
1590 831
4845 256
6235 5173
4247 1764
3507 1456
4239 5416
660 5790
4847 339
6107 658
1910 1506
4246 4588
6413 1131
1904 1119
2188 4434
779 1387
6153 4430
85 3307
355 4699
5604 2193
1393 6360
3161 4088
3754 4204
3795 2429
5751 378
4250 1532
3745 376
3832 4187
6145 3676
3106 5610
2303 6524
1509 1544
5661 1308
471 5362
4173 5571
4179 156
4411 2066
1579 3537
5592 885
3773 4838
4635 2749
778 2409
5291 2590
5669 6714
3379 5240
614 2208
1536 4073
2952 6647
712 5860
4409 1618
6444 1180
6129 5379
1026 2223
6319 2665
785 5318
2908 4313
1620 4600
5467 6586
2687 5449
1286 6049
6427 4893
6029 2586
6594 644
4814 735
5147 4614
5545 3942
3578 4597
4525 243
5950 5147
637 3796
4881 3588
1626 6311
734 3378
2668 5415
262 5711
4954 2582
2088 4707
1356 6972
1933 6357
4264 3636
4893 4081
2100 6908
2740 5399
4415 3505
3587 6068
1732 1616
3040 5990
5840 928
510 2001
3362 3052
327 198
1514 293
2660 4746
4208 3882
3696 2575
5130 642
1272 5830
3761 5564
3942 744
4028 5819
144 6573
1539 6508
6814 3604
2670 6958
2992 3290
434 3166
5675 29
4038 6322
2413 5781
6271 2913
3330 4826
3816 132
4474 3965
6933 5700
1323 4302
5519 717
5503 2809
5491 2744
3315 4164
1646 2380
2267 6451
2612 955
2047 2609
617 5845
1519 6279
628 6515
4571 6713
5838 5925
6800 437
5811 5127
1984 1581
2509 2499
5952 311
5165 2612
3240 2013
4408 3375
2323 340
1287 5411
5954 6373
4033 609
1040 1976
6966 5653
2480 3688
865 981
4609 253
1836 6946
4614 4216
798 2271
1447 2643
5750 5111
841 5255
5436 5006
5465 4954
2627 2246
295 2211
3544 6375
3893 16
4100 6308
203 6274
4155 4583
4570 4044
1606 3778
629 649
1884 3958
679 4261
6648 1199
3385 1076
1437 2
2890 3923
501 6284
4148 5393
3841 2265
2131 2763
676 6955
6662 1419
4782 535
1030 3697
4771 3012
5233 3281
830 1912
3293 5656
3668 3937
2547 3872
369 6135
6690 3064
621 832
4811 3649
3320 542
1665 4760
6816 3124
2685 4619
4459 10
3311 4833
963 4515
6960 6886
3197 3180
4889 5267
6404 167
5356 226
4539 2203
236 5052
3358 1438
1625 2088
6169 6809
6238 2037
64 6345
505 5406
6808 3088
663 900
6899 1966
5561 5883
1593 4649
4859 2583
6028 2127
5058 5844
535 5452
4089 2734
4146 961
2171 2735
1791 617
3746 4405
5645 4869
339 3009
5875 2287
4153 820
5020 6189
1212 4030
2469 3582
190 5190
231 1417
6902 3340
6657 5732
4850 1758
761 989
3166 3932
3649 5325
6239 3904
5194 2374
4550 1864
3868 5446
5507 6894
6394 44
5306 6024
3685 4264
515 4211
3111 2392
3201 4024
2788 1494
6484 586
2017 3053
2494 1867
5045 2785
829 2839
1871 1149
3033 200
5028 1290
6600 2040
5753 6192
6054 4963
791 3515
4583 6412
2565 4777
1345 765
6197 2504
323 2670
5050 2259
6853 3414
677 3177
4080 615
1544 5164
2334 1971
6105 5152
5907 4658
2064 6499
1195 4351
5578 4992
932 2539
4289 4738
3698 6236
4745 1054
6177 2207
3534 2741
6532 247
6358 5477
1151 943
3122 6542
2889 4848
3383 1171
4029 5767
2843 3946
6443 353
2769 3707
4229 4407
1600 184
3324 6458
16 1064
3164 5094
3660 1814
3954 5722
73 3941
961 1208
6879 2576
1918 1511
4165 189
2243 4269
4593 3769
425 6805
6302 2316
4126 4711
1991 4880
2456 5461
1091 4222
6993 5326
2541 3663
5334 2928
2531 5813
4752 89
3478 5943
5897 5692
1811 6222
279 6726
1976 2369
6221 4603
4930 3447
6863 1633
3021 4645
2936 2454
490 5361
1623 1061
5908 852
4205 1044
650 4702
1648 3527
4584 4882
5553 5296
3470 1070
977 4483
5048 4824
4397 3146
795 3998
6497 1865
5931 5882
4320 6753
1834 6615
6741 6598
4853 6491
3102 398
2078 1624
1581 4512
5781 3261
6311 722
4212 747
832 3364
2515 3851
4710 5410
1093 4424
1746 1539
4617 2820
6640 6715
4511 2625
2463 1626
4542 1830
553 3907
3707 6278
5525 1684
1754 3701
4046 6692
1588 6839
4201 3
833 6307
6379 3788
3420 4435
1455 3391
3446 5380
762 3359
216 1219
2755 4106
3815 20
2628 4638
956 121
155 5509
6265 2167
5391 2798
5281 3895
1112 1452
560 523
1497 1073
4003 4195
6471 899
1870 5625
74 6362
915 550
6252 3619
3234 3723
6485 775
661 1769
1852 1018
210 1863
3136 4035
3237 1214
5866 3426
6331 6075
5365 6938
225 2484
2898 6321
94 2479
375 3511
6976 1962
1165 2551
559 5921
3135 661
5790 4908
4547 5916
1659 6280
2183 4320
4049 245
81 5358
711 2061
541 2842
1457 1414
1652 264
4127 40
6760 3222
4844 6235
3621 2293
6805 3509
3817 2885
3398 279
5620 3745
558 6142
6871 4837
5920 5237
6251 5363
4423 4939
6644 3260
657 1918
6090 4315
3701 1721
5863 6456
3169 6505
6835 1369
645 6738
4162 252
5854 4175
845 573
4134 5972
429 5065
4090 1850
5230 3358
4135 328
433 5674
1095 2331
2215 5225
6335 5973
6767 4399
2292 6431
6535 1899
2906 5435
104 2672
6274 917
5100 3188
3499 4516
2539 6541
4450 2261
1749 591
4878 462
838 2242
495 478
6740 2601
4569 2007
1949 611
194 6910
5123 5025
2892 6847
5251 1940
2748 5611
6188 3270
1004 6355
6684 2015
3637 3751
719 3532
48 5286
3712 218
6997 4415
2408 2904
6162 6349
4118 593
412 2194
824 738
4062 3870
786 3144
1517 1628
4869 1175
5635 6991
3678 75
1689 6099
5167 4462
4210 948
2620 3105
1436 5949
2708 1676
5566 4900
6636 5300
3107 6170
90 5834
283 4698
1520 5568
3495 6434
6340 4017
5901 4947
5799 6731
2593 5086
860 6589
1009 5192
1369 6055
4531 1001
6531 4215
2763 2308
2280 5093
3584 2695
1046 6930
284 965
5773 2890
1867 1702
2379 2445
4887 1693
822 3111
3946 3308
2109 4170
3077 5209
612 1356
2219 2109
5744 201
1031 2702
6772 3535
1438 6596
5213 1689
1228 3415
3255 1710
918 2198
4348 6060
3211 4294
2065 1124
4303 4411
4927 5375
2651 678
2154 5513
699 4481
1411 2776
4598 3651
5904 3497
5275 1162
5145 234
3967 2603
5389 6477
3813 4459
3808 6198
3751 1431
2490 5421
3684 5676
5107 2757
5326 536
4152 6326
6937 4722
4390 3951
1443 5541
6022 4968
5836 1957
6566 2620
3515 6979
396 3376
877 2908
2447 3787
1690 1707
2435 2564
6826 2486
5153 3130
4176 4469
3723 1393
4965 5976
247 1459
4612 4467
2212 1156
2846 6209
4009 726
6317 1210
1358 4437
4724 5647
6108 5010
3611 6106
462 1843
350 1660
497 5689
311 1856
5193 6423
4764 1466
5816 1250
3140 4355
655 6291
6666 5547
1432 5275
5529 3981
35 99
3467 2599
5662 5320
2093 3168
1284 3154
3070 568
5745 6678
5849 5062
6171 1480
378 1949
1074 3461
2950 4792
4984 4911
2828 4129
5484 1008
3652 4789
6262 6128
6856 4066
6288 5799
4757 3711
3748 6086
5429 1317
5480 2495
3286 6105
5964 454
3143 1037
5181 3059
4652 6727
3490 3075
3329 3632
3327 1928
6746 286
78 36
205 3675
172 1229
2124 5729
6223 3235
6377 5802
680 1433
6216 1069
2599 5600
6804 3647
1283 5783
4971 3549
5548 6254
2144 4691
2484 1277
3687 450
6176 456
6691 3928
4341 2772
2427 6708
1905 2755
5644 640
3265 3066
3914 3023
5731 4840
3882 3616
4947 6840
5349 4246
671 4299
2229 1590
1508 4635
6580 1396
2764 2145
3238 3029
485 861
2383 177
475 6174
4795 3822
6911 31
6071 4200
1218 2231
6044 1649
747 3700
2972 379
1633 1122
2172 5836
3767 3777
5343 2775
4204 6396
1037 4504
6347 3013
4966 2572
1246 1453
1777 5846
219 3996
3073 5343
6030 2679
21 3520
1372 5654
2533 403
4138 5906
5034 4079
2350 5716
1558 941
6448 2585
4419 916
5518 6259
451 6831
4957 513
742 2112
6244 4550
3952 6814
4543 5989
4462 427
3930 402
1986 4551
5459 5263
3451 3792
2314 397
4496 4498
724 5507
5277 3856
4370 2786
5024 4718
6386 3863
4091 1288
5125 4573
2967 93
3276 5208
3716 1345
5649 0
4549 1968
5608 6760
3915 3762
4783 4646
4407 2153
3380 422
2990 1961
1271 670
3928 4775
223 1597
92 5344
4256 1311
6914 290
6055 3939
6558 6242
638 582
5312 1944
4125 3955
2003 80
4827 994
4066 3922
4244 6702
1839 6613
6140 6026
4863 608
2538 4082
6544 6265
5313 79
68 6405
3540 4934
1573 1910
2457 3915
1162 485
2074 902
5305 3123
5654 2093
6282 4942
4625 557
3603 1451
4169 1436
6063 3986
3417 5023
4976 109
3104 2976
2822 476
5172 137
2040 1817
1712 2698
3199 3924
1666 2750
4060 6852
4505 3765
2546 5870
5252 2249
2441 770
6191 1836
6112 1645
5088 5183
4929 3791
3593 677
1101 3217
6193 1901
6809 5684
4743 5800
4036 972
6884 4496
4601 2677
228 999
4188 6129
1727 3805
1153 1292
1847 5904
5623 2993
4980 5671
4059 6245
968 3475
1390 3081
373 4751
4144 4050
782 1177
5226 2828
4818 1992
892 2335
2922 6495
1202 5436
4719 616
1264 5615
4095 6752
1548 628
3360 650
3822 3322
5572 5759
3574 6827
5966 5778
5929 85
3654 5807
2068 3474
3600 5430
2374 1039
1103 3001
6010 6090
1498 3770
5801 3802
4113 793
5235 6100
3064 2294
1501 6657
6973 4258
6117 4695
3020 1537
367 3046
3520 6869
3146 2630
3535 4147
6676 2386
5269 6771
575 1612
4864 882
2598 1847
1036 1998
3230 2691
4904 5128
3388 890
3774 5254
4378 4827
3690 3409
4427 952
793 1771
5551 6155
2189 6442
2569 5031
949 3153
1627 5451
1454 6336
1361 2107
28 2789
1688 6551
1898 2966
1815 6823
5002 685
6500 3087
1210 3449
6061 5721
4110 881
6217 6970
5944 2840
5144 4295
5054 3627
2744 3772
3801 5633
4172 1024
3174 159
3830 5106
5280 2823
6060 6506
2689 6901
5734 6686
825 3022
4820 6763
2066 47
6434 2326
5938 3077
988 364
2535 2309
3860 2804
2563 6780
1190 6989
1481 6416
3807 4821
989 5550
5016 1224
2979 2446
2272 6697
751 5146
4085 2487
139 4341
2543 1528
3750 2051
2812 3121
5087 6513
6423 2535
2405 3879
3508 4943
6300 3205
2989 4999
4759 3167
96 801
6513 5139
1014 1081
2014 4765
1028 1234
5268 812
1534 1094
6357 4985
4430 2444
1070 5367
3149 892
669 6822
2118 4221
6341 190
2399 6380
2896 1896
2632 4371
1717 862
128 579
2872 990
3526 3940
6207 2475
5079 6352
2814 3189
4004 6902
4944 6711
1523 1514
2671 2275
577 3602
3458 1821
1761 1651
1595 41
3187 250
5521 5096
6236 3855
2626 4688
2523 1663
5533 6277
403 4673
4068 1153
3679 6353
1433 1804
2221 6848
1373 6526
2579 809
2978 3392
2787 6812
1192 799
2966 3785
3601 6263
1092 4726
4339 2598
4288 1648
159 5572
4554 4103
539 6851
5902 3196
2753 6993
5886 113
1359 1931
4470 2752
5364 3719
1817 1818
6996 3337
2912 6382
5386 4964
1401 982
292 1587
3749 5770
5102 4363
3828 6893
6891 1314
5039 2370
1410 5345
3399 2922
3350 4180
4709 1874
5621 6425
5650 2367
487 1810
4039 633
6864 5029
1883 2773
6001 4683
1451 4730
649 3216
3791 2476
1337 1925
2994 583
6685 1313
973 5401
4216 6478
5585 2946
3805 2810
109 3869
1476 3978
6635 4270
2559 1262
2430 3659
3325 4572
2223 2212
6322 3422
5748 1116
3492 5253
226 530
1003 1065
5237 4812
3968 4819
3772 5200
557 6202
5075 195
3818 843
5935 4006
443 482
4392 5570
1592 1943
5932 2264
508 2218
4317 3457
3103 4626
25 6611
4207 1752
766 3137
5807 6224
1981 1724
4312 3467
1199 1291
2654 6660
4232 2439
4284 6724
5868 1222
1335 3580
6622 1209
4787 5971
4268 1845
630 13
1567 2862
5040 5910
5596 4087
4305 2537
1147 657
5355 3729
3588 2906
4973 5277
1423 6634
529 1216
1780 4780
6473 356
3047 2720
1824 3084
185 3293
1415 4455
2367 2477
1750 6811
1175 1838
27 6800
5077 6698
4935 2633
2311 6219
3158 70
446 6166
3306 4398
2739 3860
731 87
134 6208
3833 1378
1324 3469
6246 2381
4897 3198
1630 4520
1386 4179
4926 5063
1696 163
1317 6447
5434 1225
1954 2197
2530 407
1331 2385
1698 6951
1400 3250
3163 6410
2642 1237
1574 675
1682 3435
302 4677
1505 4617
2847 6002
2264 1121
6007 5482
5321 3218
2414 3888
3785 389
5532 6858
3708 6875
2046 6203
1781 6820
2932 6654
6928 4902
1864 2159
6623 5112
1127 901
5993 1207
6412 2390
5159 3657
1564 544
4835 4350
5940 534
6613 150
3185 4843
3779 2052
6671 1085
4943 2651
6645 3606
6564 1605
6408 1282
1387 2713
3489 6006
3231 1773
6330 1496
840 4790
4640 2912
6745 894
4736 1167
2733 951
6823 526
3177 4178
5510 3462
6907 3618
170 876
4832 3452
2175 6475
4655 489
607 2680
4443 1741
2879 4788
522 3243
2295 3169
2378 4146
5407 2092
5437 4100
1927 2806
6729 6994
765 2694
3771 1713
402 8
3869 2705
4692 4137
3976 907
3857 5148
784 668
259 5098
887 242
1730 2397
2526 6594
5255 4565
4143 2955
6451 715
2477 138
6249 6767
5031 5165
5359 5642
5665 3117
4121 1367
1336 3684
4457 6453
2299 1584
5488 3239
6706 4950
6472 2257
4720 6528
404 940
6621 2843
2235 5574
1886 4610
4521 2464
1016 4213
6896 3519
2110 423
5443 4778
4298 2016
5371 1877
229 367
5243 1376
6700 851
4916 3300
774 6574
2641 2858
70 255
414 5137
5622 6229
5037 6842
4797 2472
1926 6445
4626 5787
855 546
318 823
664 2344
3971 5228
2971 4521
5881 4077
6789 2029
5392 5529
3392 257
4215 772
2099 4852
5105 4487
639 740
3709 3868
6248 6484
598 2024
6659 2618
2713 2869
3072 5298
3892 1381
582 1370
1208 3206
6916 5975
1992 2080
255 3803
5739 6228
3464 6157
2653 2592
5705 1337
1844 6111
1419 5955
2094 4663
3927 5158
4476 5634
4695 4644
2201 4798
1194 5224
297 3972
4277 3247
3737 5394
5839 1399
5692 6479
1615 6888
1365 6173
2686 5335
1064 841
1349 4669
6231 96
4093 1264
2291 4538
2259 5055
2034 4664
6763 4149
4998 2743
6701 3754
4509 1848
3053 2639
1551 3271
5499 509
3639 4316
2152 5703
897 1133
1107 1331
3183 1629
4052 5050
5064 48
3189 537
3876 71
6051 140
6480 3078
1869 3717
1263 145
2981 2863
2600 5985
2987 3668
4756 2448
507 2339
4350 3539
5481 4803
2722 3249
2097 3506
5380 4352
1924 1019
3233 6728
5656 4268
700 6916
596 1854
2995 2675
843 4097
5883 4432
1023 5064
4480 3333
5946 3656
211 6536
2715 287
4332 6984
3202 1432
76 6108
1379 6899
457 3648
5609 751
1353 5215
6364 3564
4928 2507
6995 5114
3528 5250
1939 1191
5677 1334
4627 3465
4383 5142
5867 3917
5367 5184
4479 1323
3596 2405
1090 6014
331 6021
4544 4197
2712 3227
4722 188
2117 4816
6462 2426
1846 3529
4528 5576
4112 4868
2719 2914
3322 341
2290 5308
5476 6463
2453 4419
1916 879
2544 5256
3391 848
384 2762
1828 2910
4233 758
4323 3259
3705 1938
6776 3909
2371 2974
856 151
6303 385
5023 1512
2510 2941
1672 5003
4283 6521
3319 231
3242 5235
1899 4340
2327 3718
6064 4779
4840 122
998 6927
4706 2560
4129 4558
6561 5885
1985 1894
1530 5993
1135 3394
4701 2870
2745 2096
3837 3338
1818 3380
5960 5691
2904 4130
6543 4978
5017 6729
1077 5850
5444 1554
6432 6183
1418 4042
3664 2239
1557 2635
1483 871
1657 2501
5274 4227
202 1302
1384 180
3226 5353
2848 1757
6126 4894
1694 3591
6213 6746
6978 5179
1465 6031
6242 1711
3394 4173
817 5806
6321 6398
1500 893
1200 76
3321 931
1631 1075
6309 6300
5793 3816
2216 2075
1494 6187
5464 21
3250 1320
1843 5565
3095 116
333 6083
3401 5032
6475 5131
2199 6369
828 3823
5379 6016
3610 6391
2834 3752
5629 5428
3167 3107
2073 1567
500 6879
2924 1809
767 4758
1858 5177
907 2129
3993 43
5344 3493
5779 1240
3371 6645
1802 1140
291 3555
1967 6354
165 4277
3888 6633
939 4845
690 6798
2130 4785
198 1271
2633 2136
2433 5733
2757 6999
2776 5505
5865 5641
5300 3446
2251 3841
599 1942
3704 2933
3124 5468
1022 216
3298 4311
794 701
164 110
405 3819
468 6516
524 3610
6838 3947
484 2279
6675 4633
6771 2850
3453 1641
4894 6824
4854 6329
3406 5810
349 6394
917 3011
4156 1667
2149 2903
2411 3163
5843 2430
570 3453
3843 6553
1340 2105
2033 4808
6747 2422
5891 6765
6678 5180
4907 3339
5821 5149
2665 1339
4186 4417
2101 1012
1733 1473
6329 479
5928 228
4424 3908
581 5204
5893 3423
2542 519
2417 2958
5327 4297
5468 1736
5593 4470
4776 868
4958 5540
2827 1472
6338 1223
5607 3092
4995 1384
3627 905
309 1725
277 334
4128 1114
2317 825
6422 968
1643 4448
3430 5223
583 2681
869 1312
5884 2615
3092 2462
2437 2413
105 2861
3728 2708
4785 2365
1444 2181
2277 5742
5121 1890
3260 3995
2637 4324
2160 5092
1006 2934
1743 194
2228 3150
2475 2216
1120 3329
6653 4107
5874 555
1213 3546
49 595
2698 2298
1408 295
3442 1495
2338 3829
5698 1578
6066 5929
6821 6413
1784 5490
3662 4176
882 2030
6226 2782
2196 5833
348 3454
4933 5864
1089 3278
1796 5533
4158 3125
3743 4266
5888 571
1249 1351
3878 6616
5395 6408
5290 3115
1134 5545
2315 766
2312 5110
5260 5229
5131 4676
5085 1441
5842 323
156 3459
4866 2237
3386 4820
3541 2104
1621 4184
5222 1074
1794 2375
5860 1106
3382 694
1062 3349
899 2354
5278 1920
4304 3171
3910 1437
5746 3683
1 53
2262 3093
1518 5342
992 3246
597 6733
6734 2794
3793 4454
2511 6063
6627 603
3338 1203
6425 6116
3875 1390
1704 4159
180 6544
4367 4406
871 4145
1610 280
6083 5725
1580 2340
4057 3035
1102 6231
6334 5753
2207 572
1452 798
1741 4757
191 3356
3397 2278
3747 3607
2446 2548
2098 2771
5664 574
3188 1696
4700 1974
4364 963
2029 6773
3429 4553
3592 6889
1376 2101
197 393
6429 936
2148 2505
2867 1217
1492 4986
3529 3689
6433 6386
332 2252
1560 448
2605 743
2485 1604
6476 1173
3200 5051
4962 5236
6348 1671
1104 473
1417 6156
4875 2950
2737 3669
723 971
967 332
668 3848
3854 5459
5128 331
6437 238
5543 4694
4492 1365
329 2438
5817 754
3144 4905
771 4661
2513 5258
1068 103
6724 3048
4679 6584
5584 2115
19 883
4765 3085
5641 1577
4613 4606
2913 2053
3769 1607
1041 1805
5550 2154
6920 4158
2141 962
6652 2879
5826 1977
5903 5169
2393 3192
5892 4961
33 5429
4597 3798
5284 1531
3419 3513
5983 888
1823 5743
488 3058
4111 856
5770 6845
4726 5481
4047 2123
3268 516
3112 3853
82 5719
4940 6333
6077 3000
1316 6799
3482 6980
756 5502
4678 203
1370 3299
2869 4719
4959 613
5337 4369
1258 273
750 6896
238 4536
5813 1704
5923 6340
2012 2979
908 6865
1397 1382
2522 4744
273 505
3825 1062
6376 1310
6943 6295
1966 4124
3153 4181
6931 6826
6263 2730
3013 2768
5418 822
2512 5423
3262 2163
5008 1372
6514 5366
4767 702
3254 5017
1146 6554
4898 2802
4683 2778
4293 912
2537 6985
5630 4609
2999 4920
1130 2396
1911 4570
4810 4918
3222 5163
6633 4007
5217 5455
4150 5839
4981 2124
3219 1045
1395 566
1118 5556
1919 3523
3782 6769
2090 3525
4657 428
5602 3131
36 3282
5093 5535
175 2277
3612 5737
4963 1668
3836 6435
6955 6163
2555 4472
3351 2911
5203 66
3328 6081
3065 6661
5812 6054
6721 2997
4504 4577
5808 3938
3303 2738
4467 2133
546 2021
3803 3540
3209 5875
6095 2317
5689 1030
3929 5950
1618 1823
422 5736
4494 4388
1571 4794
5737 4154
15 1655
37 1404
5242 6402
2919 6487
1857 6658
6119 1147
4361 2323
2056 468
2177 5424
5720 2629
1461 1374
2694 2821
3714 2036
6097 5686
4454 6855
1422 3674
382 5867
4082 4637
1478 5832
59 4832
5304 3563
1769 5135
6039 564
3820 3750
3855 6559
2455 4210
3173 259
3556 4064
757 4152
1366 4101
3279 261
5951 6500
5195 719
1407 3592
3524 2262
2917 5396
898 4828
5937 4112
979 3389
1219 3672
1061 5738
966 5873
6554 6721
952 6384
3560 4853
1826 2614
3551 1163
5289 2410
4540 711
1049 1557
1584 3586
5317 2622
2060 3568
3368 360
6708 1530
5638 1588
3744 6735
5078 4500
4823 4624
3232 4449
5690 3881
4648 6288
6954 4560
2756 4139
2963 1846
3634 6638
1860 5233
4346 5467
3640 3151
6963 3735
1972 3906
1094 3799
1745 4372
5820 6665
5201 5210
1674 3547
930 5606
3344 3577
278 6164
5771 6832
2574 3049
4292 1947
244 4993
3082 5501
990 4870
2925 1226
4261 6210
4750 5749
2501 2714
5715 4191
6147 2449
729 2490
2354 6492
835 2945
1487 6880
4307 4501
5948 1260
3339 4393
4074 136
1837 2519
250 4148
3165 6904
2658 6681
390 6608
2677 845
3720 5957
3525 2100
2608 3971
3051 588
1032 4505
1005 4473
2545 3268
718 5306
71 6571
5285 387
4124 6877
6212 4807
1964 1792
4335 2151
75 3613
6050 2059
5497 1743
5526 2274
5718 2747
4086 3314
388 5194
133 72
580 2621
5575 5323
459 3418
3913 481
5192 5090
727 4084
3445 712
2284 3522
2773 1005
2150 1895
6790 4093
2625 2918
2492 1834
5683 5597
6844 1492
624 6056
710 864
3530 1502
3986 5369
2006 4397
3088 2940
6289 5012
3475 225
3294 2028
4680 2250
5419 283
2470 5872
3108 4298
5981 622
2726 1497
6172 3886
386 1772
4788 5022
4880 6530
980 6296
675 4732
5894 2915
1617 359
3702 3207
3299 6465
1043 4605
1944 522
839 3673
5057 2496
1414 2034
2042 5857
6155 1980
153 3488
3894 5036
6258 3929
6882 2366
4932 1041
6375 5866
2190 4687
2082 4681
4299 5385
1464 3543
3796 4141
6861 6838
6296 600
6046 2226
5324 46
4526 1750
4463 1659
5083 3761
2095 2232
2897 4362
6325 5520
2343 4850
4557 6428
1862 1835
2674 3596
5406 5554
6194 4898
6023 4725
6179 4056
3323 3347
6381 828
6420 5613
3272 1969
5685 6655
728 3429
6385 2682
2798 6821
4748 1583
6655 4301
2015 1328
1833 5808
3410 1006
4769 4962
691 2967
3577 1169
2505 4128
2573 5313
4721 6022
3332 3531
6579 5493
4013 5145
1687 5939
6913 687
4228 1812
2518 1102
6450 1908
1675 3597
3481 654
2194 4475
4802 2616
6585 539
5730 3156
5589 5095
5625 363
2432 1669
4857 2011
6378 6936
1941 2043
6019 5144
2560 3504
4374 6046
1467 6069
3356 1243
1328 3658
3437 4307
3985 2048
1810 5462
3988 45
6986 5336
1946 248
5478 563
3667 2873
715 394
2242 6304
1938 2931
5880 6680
4883 1958
4561 3736
3615 6395
4342 1407
391 3643
516 30
5972 2836
6906 5682
576 5637
2 3634
6027 5077
1125 5083
1793 1602
697 1960
5126 6342
4918 3839
5298 5470
5231 4801
740 5831
3241 5048
3731 3706
3182 1549
5384 3024
749 1837
3416 3698
3078 1826
1073 426
514 5621
689 2190
1204 4484
969 2398
3739 4174
1995 1967
1546 2517
2257 6841
3827 6756
6755 627
3516 2753
3897 5475
5485 1397
2389 471
1456 6316
3847 6213
1305 1981
4402 1951
4861 5756
916 6381
6664 5579
336 4885
280 3241
1078 2328
189 3931
6703 4598
5104 3703
1647 4025
6043 6734
2162 1993
2478 241
6154 2636
5206 4201
1298 6319
3433 6779
4729 6963
5914 5622
6259 3425
914 6468
6401 5049
3354 810
4300 1253
6342 6834
4099 5285
2253 4552
3147 342
6756 2483
4327 246
4431 5426
2583 4260
6062 3652
1051 6283
1154 329
2355 4773
3881 3989
2164 3687
6065 51
4734 6432
2697 2953
5979 6171
3582 5219
3018 1625
6547 5370
3741 2286
6557 6179
900 724
1332 5103
6712 6450
6293 6051
3275 6285
6301 5968
6284 6493
6970 68
6367 592
1942 3884
290 3034
901 934
970 1142
6183 4250
3948 5072
4198 2338
4130 3114
6036 5039
1990 1975
5094 2871
3784 3548
5238 1640
703 4023
2516 1540
864 5395
5151 5702
6589 1027
5182 2313
2983 5294
1058 5299
6350 4995
2556 4672
6828 6580
4185 4621
4553 305
5314 15
1653 4463
6151 1421
6415 4585
2790 3014
4064 6784
453 4595
1641 2853
1313 6441
4744 5517
925 3612
6270 6330
3763 3984
2863 59
3622 6197
6254 3236
1399 4383
2709 2980
4315 130
6512 6603
1973 601
3456 464
1805 492
4270 947
3412 1533
1890 5575
7 5792
5535 2991
4906 2178
5475 674
2054 4423
1799 1945
5190 5289
2126 3490
3970 547
823 2014
1607 3629
2613 2132
5412 5315
6620 4394
2577 4542
3713 5608
1354 477
666 6673
2791 2288
5117 4409
3505 5607
3381 3987
2758 3967
141 3713
1240 5001
385 6770
5708 6013
2104 1326
4373 4031
4035 4444
6392 1023
3901 4276
3484 4220
1252 4877
6366 4895
447 4028
221 5587
1035 4729
2519 764
1882 5168
1388 4018
1421 6932
3277 6511
1912 3935
1642 5914
3091 6577
3839 3510
2133 2284
1148 1050
4755 487
4272 4706
3079 432
3062 148
3068 1932
10 788
6770 4367
4393 490
1866 2295
435 17
5215 4384
5399 2254
2870 4928
2850 1563
942 2219
5487 3678
5556 884
814 2062
5095 4359
50 153
4410 2529
1152 1422
2071 4305
370 3763
1145 5176
4985 4225
4366 816
5743 975
587 6546
6720 1617
234 6576
6398 5709
347 3050
3012 6925
5307 2135
4568 6876
87 3690
4075 4155
3139 5735
2606 967
477 362
6705 844
6991 2102
6584 3016
239 3920
2112 221
6597 1193
6588 1286
5378 6247
6608 5478
5052 4185
3647 327
4749 3170
1244 4561
6405 6464
2940 4675
6577 2255
157 2073
1935 2351
5732 3949
2567 2033
4766 6641
1934 5162
5841 210
4661 6836
65 4083
2656 322
746 414
5719 659
5947 4061
2824 6900
6139 4349
6591 6707
1755 6816
5631 6793
2145 3295
4106 1570
1449 4534
6260 2064
4588 5673
1299 6693
5537 3076
6201 6420
301 411
12 833
4631 2822
1876 2656
6565 5560
5403 4358
1156 1457
6915 3694
2986 168
2991 3861
5188 5140
4781 607
2997 4248
448 924
4296 1215
4063 418
5122 4507
6768 3538
4107 3367
2572 424
4770 2994
6173 457
3510 5852
1513 4630
788 2089
3899 3304
4799 1509
2676 282
1121 1375
2657 3433
5702 5282
1106 6791
5710 6325
4596 6025
2004 1141
3296 1303
3851 6290
1554 2099
5352 6871
6096 191
5338 1013
6942 1690
4812 1477
1193 4089
2428 1235
4245 660
708 6393
2356 3473
5210 1990
5112 794
3424 4569
2076 3641
6728 5492
6326 4604
4493 37
5348 1179
6110 2402
1221 126
1477 736
808 5549
184 3373
3949 6366
1250 2900
2629 3894
6152 5903
6604 610
3007 6605
6109 491
1311 317
6779 5884
909 4118
2825 5695
4241 1161
472 3248
4193 5923
1002 1004
3718 6742
1141 6409
4731 1833
586 4858
5531 4456
6057 3348
2761 521
2630 6587
4822 4224
6994 1500
3810 6750
4702 3301
646 1728
6118 1927
2037 2177
2962 2725
2337 4984
6736 5902
3711 3545
3032 887
1233 1470
5232 3185
4727 6138
2301 2300
4202 4391
6869 2703
179 2723
4164 932
2271 2898
5323 4856
3206 5266
1470 6323
395 2114
6840 6547
4885 5002
1903 4975
2237 5483
5971 855
3457 6669
6819 3179
6073 6317
5915 4364
130 5805
1660 6443
218 966
4689 4243
6328 5440
3058 2435
3958 5563
1211 5958
5782 2054
3218 1448
6086 974
4276 2497
3179 1565
2249 1307
4147 2312
6769 1125
5980 3593
5207 2330
5001 2307
2893 5909
498 1683
738 2722
5483 6175
1838 2569
1169 3553
1462 5956
1609 2000
3790 5383
5613 5216
5611 1564
2816 2764
1054 321
3883 4325
6754 6335
927 3817
40 4720
2878 6286
2921 755
1020 5238
3100 2072
6892 1954
6488 5523
732 4860
673 350
537 5293
3270 1571
3605 2706
3866 2003
1493 6268
263 2880
1326 1748
6380 3230
1872 4408
3699 5104
4498 129
3261 2948
401 2845
4681 2508
5332 1906
131 318
3957 5349
2662 6849
6094 111
2220 6010
3418 275
4789 1082
5597 494
4487 3699
260 4859
4338 6237
4891 2982
1783 6789
1778 1504
161 5861
258 3210
4042 5508
3614 5809
5387 1273
519 2162
4094 1699
5691 6882
542 1348
2279 5381
445 2342
2586 3600
6407 4529
187 5059
1637 2831
6160 386
1638 1654
5871 6650
6495 1257
1881 6687
4951 173
5962 26
5509 964
3630 2224
4331 5272
3022 6221
3181 3793
4043 3395
4333 1096
5678 6741
2442 1130
950 1883
174 2758
2856 2844
116 6690
4716 5935
863 6082
2086 4491
3376 6759
1096 160
3466 4059
5579 2923
1215 1427
616 2026
3259 6940
1816 4063
6711 1600
4265 6256
4149 5824
4884 1066
4132 5265
502 3776
4488 1242
3691 1212
6787 6149
5490 3015
4908 69
6523 6057
3730 5201
2597 4343
1762 4171
499 4052
183 5268
3829 3492
2682 4318
4000 1306
4019 5812
1908 5097
613 4240
1111 3926
5805 5246
2139 1309
6698 817
1622 5447
6668 6115
4139 4380
2445 4272
890 6781
2938 1695
6837 1793
5583 4782
896 4899
3658 2901
1164 5548
1599 1107
5345 3585
3105 5197
1629 1134
6257 716
3563 1703
1180 1410
5143 5171
5791 1936
306 2460
1528 2693
5012 2587
3936 5998
1266 515
5637 416
5727 5897
2254 2068
1398 6072
1602 4232
5963 446
2370 5717
6493 2699
3133 1714
803 5620
4987 5748
1892 5646
2448 4670
208 567
6390 1032
6184 1442
6807 1338
2276 4741
3742 3366
1267 2673
1556 5056
5457 1733
3011 5679
3337 577
4371 6582
1071 504
2394 5348
3835 6059
46 2549
1236 2856
4913 3315
6261 4970
3423 4613
568 2860
5806 3526
1725 3445
681 1031
6131 2781
870 589
6299 4239
3756 2542
6887 2491
1137 3335
3778 1304
6037 4256
547 3187
880 2637
1429 3038
1529 6338
1297 5339
4297 4203
5411 2450
3937 5842
1640 2399
5582 1087
6560 5555
5184 441
5160 1361
527 6743
2821 6579
6692 4310
1290 6292
526 791
4507 4339
5898 230
5493 4156
1605 3695
5853 6545
4517 3031
5728 3262
3300 3267
4751 4002
4503 4236
3997 4568
3844 584
2837 5445
5161 5888
1381 3733
6059 6433
6612 4767
5961 5350
2933 1227
4777 3417
3849 6995
4541 2041
4206 2442
1760 2209
6693 797
4235 495
2887 5908
4838 5088
2316 4133
4794 4527
1506 4940
5825 2488
1116 774
3521 1011
3444 6176
5682 2171
2772 6041
1482 4818
1710 1681
588 5905
755 3090
3196 911
5186 5890
3195 3910
3764 1088
4275 2717
6056 2289
2692 2310
2862 4921
135 2458
215 5577
2631 6676
6222 2404
6753 720
4912 525
6336 2674
1099 5113
3024 3481
303 1891
4468 1888
6846 5199
1715 4177
1214 1902
713 2528
6681 5734
3198 1355
6732 4668
2173 1698
6504 301
4045 5464
4639 959
4499 6151
2283 3748
6445 1657
2217 6177
5164 4890
1170 4131
5648 4653
1348 6659
1667 3396
6904 6667
5101 281
2585 6404
4231 3174
1608 4530
6536 1151
1812 549
2274 269
3127 1745
5976 3119
5830 4013
413 1520
4813 2376
241 2812
1952 498
2467 1158
6518 5934
4513 992
4988 2960
2487 4167
2975 4102
4991 4466
5335 5071
3908 6297
1956 1284
3016 142
6964 370
6101 5284
2716 224
2077 4829
3659 5207
5124 260
1201 3835
2954 1244
739 2817
1936 3880
4600 197
3278 5261
5909 3080
2610 2848
1695 3743
1747 5391
3465 6363
1502 5632
1807 2258
2794 1897
565 857
4145 3377
4230 229
6661 6719
6794 6162
5081 698
1055 5900
4295 1819
4461 3330
3236 6926
5257 3615
2058 3507
3889 847
5393 5364
4088 6406
5910 1999
5653 1386
1217 6358
3407 3854
4826 5901
3054 6835
945 4518
3204 4945
293 2473
4658 6005
3922 6672
4828 5346
450 1526
6924 2935
1576 873
6765 3002
2115 4972
6786 2893
103 5119
3631 5877
3454 3985
2693 5745
6339 4769
1887 3390
4809 3502
5397 3384
796 6486
2239 3550
1578 2031
4435 5768
6649 4468
6927 2580
5166 4715
4946 6512
3061 5322
3472 4254
5390 918
6167 3287
1430 27
3155 3368
4697 6572
4465 4608
4842 5360
1460 745
251 4126
2970 5310
4422 5324
4056 3827
3533 6015
2874 4693
1167 4831
571 4166
5858 938
6464 2595
2619 1450
5250 5978
5177 4104
6839 5657
442 288
2644 181
5353 4629
1394 6489
4191 158
6492 1287
3159 2086
2702 5758
6240 1851
6947 5503
2777 3828
1330 6421
1512 6909
4050 408
5115 267
4801 6050
4637 3037
4413 4990
1409 6205
3608 346
3411 3184
3450 1099
6910 6027
1711 639
2976 5876
5668 4901
6582 2116
3567 620
574 3962
5103 5307
2483 6533
893 1231
6180 5422
4901 4582
3039 5938
2268 154
4360 2382
722 442
220 949
4195 2291
383 352
5309 1063
6237 2745
986 6417
4002 5413
5941 2990
1209 6267
3683 846
3590 4478
5994 6502
5759 5740
1338 2740
3706 6892
3669 4219
1066 4935
5421 1884
5333 3516
3656 1187
4234 4813
6766 727
5163 4290
2561 6792
3215 4070
1439 6981
5991 6691
5413 1455
1681 3973
1570 4696
6575 3251
5049 1694
195 6962
2331 2754
271 220
4183 2471
2946 2878
6345 1409
5610 3775
4501 4132
5802 3103
5108 3812
5819 4728
436 4150
3727 721
4772 3557
5010 4010
895 6344
4403 1876
1428 3980
2894 3484
4015 3062
1947 1178
2324 2662
781 5769
2248 1964
3207 2986
304 1150
6230 2686
6601 6485
5236 4809
2096 1956
5071 6097
1636 6961
5227 4330
6815 4212
5857 5221
3355 2797
4406 4974
844 3398
6218 3739
5797 5794
6038 2685
5615 1439
4548 6378
1583 297
2754 6140
512 365
1766 5558
5514 6710
4011 2808
4705 4036
261 5578
4712 381
1790 343
6098 2593
5018 813
5271 1970
2643 786
2864 4005
5922 2466
2718 2964
4420 4535
2116 1460
3729 3794
2203 3464
1575 1184
4837 6794
6750 2509
707 1056
5180 5754
2179 5319
6959 2596
6388 1869
3363 5487
5606 5291
3604 2711
3229 1266
1962 2185
4686 2957
714 3089
4007 6289
6969 1067
4562 1796
5704 4842
2387 3444
1897 3725
235 5815
4309 2481
6921 4425
3128 2521
3522 3027
5056 4092
6278 1336
5119 3186
5439 662
6867 2067
3617 6636
3372 1016
5917 3664
2855 1129
1136 3734
6277 1491
3491 6365
647 5386
4141 6703
30 6967
2320 3575
2495 3096
1975 5786
2465 4770
3651 2917
6234 5099
6798 1574
2728 4508
4157 6080
1634 1739
3998 895
1440 5715
4572 3407
6365 4615
2570 2524
3569 4392
3594 3728
736 1152
5921 1519
6785 4941
1227 5060
5684 842
672 4946
3514 4884
2231 2961
5098 5248
5742 790
3014 2788
6020 5407
3157 1373
1404 682
4161 175
4115 1692
4585 4622
5495 2902
5955 4045
1586 2998
3982 388
2851 2584
6917 6294
24 6003
6952 4602
744 5260
4226 6241
4092 6720
3571 1994
38 4660
2318 2267
4287 1650
3568 2079
1773 2221
3511 1816
4311 3160
644 3142
107 3306
6198 6261
6999 4346
5723 395
43 898
801 3485
1998 6193
4279 2654
464 4374
810 2807
3951 14
4793 2372
1277 4712
439 5264
2868 5101
549 4127
5978 2868
2202 5780
5082 2395
1572 3047
4888 5880
2031 2715
1540 1400
5832 3381
3441 214
6374 3968
6346 1100
3895 5463
1614 2315
1774 5714
2352 119
2507 3620
3589 1182
2939 1996
3531 1517
3538 4245
6583 6695
1296 3599
3628 6400
5038 6195
922 2611
6534 2076
2132 2201
3846 3238
6072 4657
1179 1924
5882 5720
6453 3007
4993 704
3543 5920
5096 636
2232 3731
5534 2357
2032 3482
1160 3790
2458 6622
2603 4390
5933 2045
5924 3749
4733 4047
3789 5616
1738 2999
5208 512
4460 1603
2390 3283
4199 5234
2051 1842
4248 575
858 5826
3235 1487
3938 5167
6878 954
1913 6309
3074 1582
2717 3382
1612 466
6283 3650
1831 6592
5272 1822
6953 6941
5501 741
5796 4471
1568 1686
811 4937
6961 2169
4023 1263
1086 4502
1731 4242
1832 488
1861 6337
5492 3661
3972 3397
3476 3108
6148 449
3814 32
5982 2874
4800 3005
3115 2189
142 4306
521 3020
3409 6915
2871 6032
206 4488
6665 2322
813 5618
3823 5329
3170 2795
1639 118
6625 2360
3246 684
136 5270
69 1204
1901 6121
3940 2108
5926 5178
978 5227
2287 5643
6881 1930
2244 5871
4414 690
4739 1483
3035 5546
84 4464
2914 1160
6624 4293
6034 3696
4084 1269
1889 2355
1251 5500
2346 1434
6417 6786
994 266
6651 3355
543 143
533 4876
3109 5332
2308 3911
2528 2825
6141 1685
399 3132
5209 517
4181 325
1798 1408
1709 149
4464 3876
5686 3316
4694 2642
4031 2687
6206 5333
201 6028
4286 1665
2358 6217
1813 2363
2881 3850
1757 540
4055 4979
4102 236
760 3411
6689 3508
419 6158
573 6953
5658 2025
6939 5441
1010 4575
3168 594
1260 2627
5170 1043
6290 1359
4615 1828
2907 3430
6439 1855
4899 3354
6143 1825
4647 447
1538 4554
1719 6153
6158 5448
1948 6472
6076 1411
97 753
2373 6732
2771 4342
5803 3710
960 5895
1845 6191
5827 1389
3151 6448
4442 2579
5179 541
4225 5154
2615 348
4356 4008
233 3716
3984 4589
5549 4965
2364 4026
4412 5941
5763 5151
6011 4913
5905 507
454 5404
377 2170
2503 3936
4319 3483
361 5526
4449 5170
2134 2165
5244 874
1699 6679
4223 1463
6351 5652
4418 4020
846 4422
4979 4105
5118 2134
4816 1377
150 827
3518 5961
946 5283
4865 5532
1060 174
2326 2732
5452 5862
5462 977
3735 6748
763 6000
3646 6581
2143 5497
6195 1109
6181 5330
4034 2175
2128 3611
1084 3116
3715 1046
3581 4846
4552 554
6934 6095
4607 4566
5410 6968
721 3040
5794 1258
4508 3030
4536 4586
2927 1305
5831 6887
5624 4523
1552 2157
5450 3383
4784 2384
667 6860
3034 6480
6570 3783
6298 5525
4278 2827
2396 451
534 1028
2159 1301
1515 6917
160 2770
4950 5522
3724 998
3374 4616
6525 6275
6483 6644
6035 1391
5815 1878
556 3041
789 3232
2895 1558
3494 5419
3539 3165
5294 463
5943 3885
2210 2292
957 2144
5445 5287
6761 6564
4580 5091
3595 4991
1950 2044
5725 3245
1822 1635
2774 6684
6337 4099
6163 1113
6938 5390
3220 124
79 291
4432 1036
6592 2742
6021 2552
2704 533
626 3221
6824 3101
1113 5612
5927 5309
5090 756
2412 5739
6245 3501
5918 2227
5137 5603
5254 1002
2624 1388
4921 499
5594 6372
4872 3254
1649 4303
6956 3345
1350 2925
4136 55
1616 3351
2866 6937
2036 6907
4546 1474
1971 5442
615 6160
5341 5991
1663 3740
6660 5213
491 3044
566 6131
3154 1705
3343 664
5628 1170
1821 4114
6858 4098
1776 108
5331 2624
6370 6700
5639 372
1535 6694
1961 1844
1969 2547
2197 3702
5541 6020
594 5202
3887 3756
3977 3112
1658 5569
1700 169
5433 4723
3962 3109
2062 1613
3346 3326
953 713
2397 5327
4924 1783
6643 474
2406 3573
2700 6127
3083 2696
4945 4731
6605 3471
6829 5915
6024 2987
3031 5917
3597 514
874 3288
4990 1358
6567 6929
4119 5936
5873 3621
5202 6248
3282 4495
1225 6919
417 597
4224 5731
3184 3660
4058 5214
2377 2240
6799 976
360 5887
3886 1839
1380 5153
2300 6712
3370 6011
6855 4556
1304 5198
1256 2139
168 3113
5995 5038
1706 4230
1126 629
1555 5125
3580 1780
4882 821
5127 1701
1302 3324
6174 6785
6936 1730
6791 6674
1955 6078
4623 779
328 6921
176 4206
5754 3065
1827 1782
6521 3724
3176 665
3134 506
1800 1462
1075 3313
1253 4841
688 869
2330 5321
4602 5134
5140 2329
2113 2270
4665 4233
5766 2989
2001 4642
5769 3801
3955 6023
6352 2120
2930 285
2795 655
4868 6301
6000 1485
2361 6651
3965 4861
5453 6604
1122 2332
2416 249
3545 6079
3402 1354
5114 510
1771 349
6638 3202
4599 3988
2648 1508
6998 3237
5573 4117
2464 2083
2419 5796
4281 6914
110 4208
4896 369
2731 1157
3975 4958
2106 5992
1312 6048
4649 910
6634 2455
3890 2156
5263 6223
4587 792
906 4750
6718 3018
1537 3594
2181 612
741 5409
6571 63
3057 3919
98 6371
1734 1148
23 6490
603 915
3602 5159
4067 2712
4713 6250
6822 4697
4252 4584
3487 3055
3408 4196
6726 4522
111 4909
6784 700
2703 324
6738 4684
3648 472
1680 2433
6850 3201
1012 3028
6733 3601
5701 872
4567 1405
6811 1197
146 2204
1628 2837
2211 4465
5762 1760
431 908
5474 3990
1504 3766
5021 4344
564 3341
4798 384
3050 3412
3809 1673
4262 1984
5113 1770
1917 1716
4253 4001
3194 3220
5427 2718
3461 4476
486 5241
3060 2234
192 2039
4353 1858
2734 400
4687 4727
3093 3276
2200 284
2781 5589
3137 6934
2711 6240
3098 4499
876 2241
5014 708
1450 2214
2557 4143
6792 2657
5214 501
5148 929
2951 2213
5517 3311
6247 6249
6908 1580
480 5744
4218 1168
604 4078
4290 6959
1098 520
4242 3284
5775 6757
5890 2161
854 6640
478 5849
6615 6543
1683 2513
3003 3982
651 2012
3249 6085
6788 1241
997 2047
6987 5454
1930 1289
1344 399
6731 1402
2985 1440
2388 4543
5080 4308
4177 6374
3760 3212
1159 6689
1764 6846
6775 5045
6780 3589
4537 3945
6275 3781
6369 3309
6343 6429
281 5331
1561 4479
5428 2251
3435 2417
5135 4747
3132 3360
3097 2049
2680 4952
4670 1723
2108 635
2256 430
609 3566
6576 3830
5987 6804
2482 4643
5647 313
2069 693
2384 1464
6783 2841
5247 4381
4805 5782
5150 5392
5636 4413
4619 6688
1281 5699
5363 2518
5007 2337
3673 6802
5441 6469
470 4439
230 3350
5721 4917
5318 913
4808 2215
1632 91
1235 4053
1189 5803
6762 4447
3485 667
3438 1233
6683 618
3865 551
3421 213
186 4749
143 6843
6847 1236
4104 6437
1396 2371
2759 3258
701 2516
5264 2350
5043 6062
6716 4662
3486 6664
5417 6096
3920 375
4160 3197
600 5033
5025 5823
2488 54
4518 6239
2205 6234
954 2347
1988 6270
6085 3625
1231 4753
4447 1112
1446 1283
6042 5259
3213 2082
5424 4611
2496 1276
13 4966
3266 3976
4065 4571
2137 1259
4189 3722
6632 1889
6537 3274
1282 6762
2240 3845
3131 1115
3118 3145
659 4458
5800 6196
6306 3808
1767 4019
5089 5801
3933 2849
5066 6070
1751 2846
6267 6948
4624 4446
4819 3436
2270 5894
4774 2944
6573 5811
1138 1786
2353 683
2005 2851
3624 3204
4484 6332
1645 2710
466 1418
1716 3883
3448 6514
6459 1553
4391 6167
5351 5295
5240 3789
5029 532
1155 6113
5676 6152
3542 6539
5506 415
298 5638
5171 2512
6323 123
5713 3008
4073 2926
3900 671
1188 3925
6156 4674
799 3685
89 1274
6866 5044
2823 3561
562 6124
4592 4080
4340 1765
1474 1003
5149 3374
2770 2094
3861 3138
4718 3292
3921 4976
3263 6306
595 3517
4044 4864
2664 3536
2155 6974
3907 3639
2297 2297
2070 2346
1795 6401
6084 3083
4171 681
875 409
6280 5311
2835 6854
5516 1185
3798 127
6985 3948
2269 5232
4564 2574
148 3623
4775 6685
3496 3562
5736 5995
268 3477
6889 4678
289 254
6005 3141
61 3399
2344 5631
820 6982
6563 5869
1280 1777
2016 112
1562 5997
2075 251
3452 3896
5482 2440
913 2325
1958 3448
2902 4189
975 3182
266 5312
6406 1879
2832 5354
2222 2406
5374 5427
4738 6701
3983 3742
5416 5020
3989 2892
5999 5143
2091 4278
5262 3983
6673 5580
3369 752
3395 6623
393 1824
437 4085
394 3365
1105 4151
6082 6677
3786 2009
1320 6772
4606 6897
1782 3102
6773 1905
1853 1435
6832 4366
3477 4404
1533 1914
642 81
5707 202
5700 6776
5099 1941
6089 1904
4972 3846
3431 3534
6241 2176
427 5371
3427 1872
6507 3617
5022 208
1786 587
5785 4907
4336 5432
818 1251
2663 2017
3950 1111
6356 1489
4942 4190
972 4631
2808 4485
1742 6745
5449 5932
83 1048
5070 2790
1333 632
2424 1775
5776 5528
2084 4871
4996 4703
2111 2160
3251 2811
5000 1498
5663 4286
6224 1503
242 2644
2562 4267
2552 6126
3221 6009
1425 374
2007 2929
6355 4949
2138 1395
2422 699
5191 3902
2186 6483
2147 34
2360 5837
5511 5175
816 545
3523 296
3842 2608
2307 6602
1983 391
1117 739
4747 5848
1516 5660
6950 5245
2261 5619
2498 4671
4595 3369
1756 6334
3432 5913
113 3679
1744 3091
2973 778
2092 1139
6018 5218
2499 5755
1334 4879
1391 1118
3015 3836
2362 3106
3838 4049
326 6359
272 4116
3992 1321
6944 3758
6764 3305
662 1985
3172 1652
2766 5417
95 5962
4879 6523
5431 161
6852 5544
2877 2815
2252 5724
1279 984
1879 3587
5859 4291
6438 5592
5423 733
6276 222
2638 3225
6696 19
6026 355
3645 4032
5570 5458
5522 3266
6529 5118
3026 1424
4608 4410
2335 1239
6312 1035
6466 2482
3403 3139
5965 6299
4633 5766
5396 4199
91 3042
4490 1060
3313 4072
53 6945
733 3100
2918 6260
2611 312
1945 1790
6641 707
4682 6117
162 2155
1723 2700
3190 1946
4877 5438
694 5040
5855 3193
3010 3372
1247 4519
3644 3438
4385 3255
6013 22
1057 1072
5256 1347
5659 3786
4773 4810
5953 439
6619 4576
4977 1803
2245 97
6843 1550
1789 4400
2357 6470
3973 1285
5975 1963
264 5771
2666 49
5780 2195
3253 2884
4482 1086
3819 35
3129 4766
1825 5926
819 1776
4992 6466
5293 3837
6308 5156
5567 2769
1957 3572
2473 4252
51 6859
4426 2561
6233 531
4830 3319
726 2143
6205 1997
3087 6146
1848 4436
3554 6635
4061 3820
1970 1594
6630 3148
2941 6778
106 1195
2751 1270
5850 5760
2521 1280
4621 3503
5789 1751
1982 1763
3004 2361
2165 4690
4190 6504
1081 3840
5400 3424
4347 518
6672 2604
2120 3486
438 3638
4529 5987
3493 1937
3903 2727
117 3140
181 2097
6609 1917
2622 946
6971 3903
3404 5457
1385 718
4337 1653
5672 443
2255 338
1591 2927
4330 58
6307 1813
4025 777
493 4740
6266 5160
3904 1527
6946 1585
2451 3496
768 6114
6393 4125
86 4872
4711 1172
5404 3097
5011 377
2486 6699
5595 431
4999 117
4466 6534
4175 1798
1038 6119
3517 5650
5945 4805
440 5058
4839 6324
2195 429
5896 3181
1931 6801
4349 186
6489 1687
2807 837
4078 4279
6607 2661
2359 1318
4271 980
6127 1861
3037 6494
6845 4
1080 6218
802 1991
3642 5016
6002 1332
3874 6052
171 5011
2650 4332
4922 1325
3216 3747
2596 3136
2296 316
4849 5669
6157 2907
1011 4076
1604 6251
4236 2971
1468 1545
6578 3173
4535 5697
584 2140
5580 3934
2793 1015
5224 1059
3564 6418
5360 4262
5524 5588
482 6190
1893 4194
5401 3818
3619 486
879 1247
6430 4774
3006 3353
5394 5075
2263 1524
5687 5947
1079 5030
6304 1870
138 2063
6697 3542
6515 2065
5405 6444
2401 3331
1484 5964
1499 4756
1495 4710
4723 5217
3870 5649
550 1742
4574 2834
752 3514
1082 1948
129 5624
1880 2895
987 337
6091 3552
6617 6089
2431 5698
2853 2889
237 1120
2282 1202
5 1630
2055 3416
5862 1979
4291 6169
341 1722
5198 4067
6009 605
3342 6895
618 768
2491 2373
3566 4721
1997 1562
5061 3045
5069 5337
5767 6303
891 3143
4555 5273
3114 1586
2381 1852
253 1515
1542 6928
3700 6626
6123 1672
6912 5037
6080 1220
4101 6305
4978 2179
3775 5274
122 4009
3884 5080
792 1340
5336 2872
1937 5590
6232 1098
2227 5713
1405 3155
4512 944
6211 785
2404 3760
5985 5854
2462 134
5823 496
5086 1755
6189 1988
1670 4607
965 4564
3787 5172
4604 4650
6702 3361
1752 3813
2699 1353
6440 3584
4368 1467
1294 3811
5435 669
1184 4003
4404 4347
2102 6864
6025 4251
656 483
3273 5886
3160 2103
4109 3362
6859 4218
6003 2818
517 6273
4122 3277
3616 4322
1108 4356
5996 3578
1792 1880
1285 6172
2363 2268
1770 3670
2027 2650
3066 3303
3609 5927
3826 6226
3736 6348
5162 6042
6228 5191
2943 2813
4829 3512
6810 4014
441 714
4178 3285
1076 5122
6610 1315
5373 666
6135 2684
2184 742
4213 2327
1721 4490
5106 2364
1768 3890
2540 1789
1234 2605
1261 94
2206 5024
2957 3800
1187 565
632 4169
627 2688
6851 6529
1185 5847
6980 5791
2466 4549
889 3432
3162 4528
6727 3633
5642 3809
6758 333
687 4186
1174 2659
6677 98
5513 6563
4833 170
2876 1965
2443 2434
935 1265
2409 4916
5846 5817
2840 4223
2048 3859
3239 3231
5027 1053
1053 6328
4703 6764
5505 6488
5458 5945
5381 919
5241 1921
5577 5519
2294 2071
5139 2423
4237 3325
4559 5479
3044 2527
6468 2087
867 4304
2376 6906
6967 5081
999 410
325 157
2684 4944
5322 1569
6467 4385
1888 6230
6436 1319
2564 5084
3620 1759
2669 2835
6542 1040
6006 3556
3469 4021
1119 6467
3935 4193
1856 4988
1176 2091
2468 3043
1702 957
5717 6018
3067 1020
3258 805
1922 3852
3257 6214
4187 1278
4428 853
2923 3129
1987 5705
4380 4494
6114 4906
5026 6890
1309 5789
4919 6833
1140 2930
2398 4755
3547 114
1044 4904
6862 274
725 5466
463 1556
5204 5397
4803 626
2721 6058
551 2090
6642 803
920 3279
2800 4506
479 1799
5912 2959
2122 6591
2935 5412
473 3631
5900 6557
108 6200
6203 1933
3717 3677
5489 6220
6165 3887
6842 6628
753 4440
5784 973
1216 2640
6984 4878
1360 5822
2380 6538
6556 6788
5200 1911
5709 2008
3862 6426
2901 1518
633 2196
6674 6161
5574 4046
4573 233
2649 4924
5091 3797
145 6976
3871 3964
2762 749
1363 2358
5764 120
5706 5405
6268 6649
1307 3665
3824 6501
6192 760
2018 1154
2813 647
5885 2978
5295 5013
2030 1881
5041 5124
2675 6670
6545 6446
5500 5855
4890 5628
6124 5764
1772 3406
5187 4382
3934 475
6646 4451
3802 1465
3387 2199
993 4142
6918 880
5986 1892
5539 1551
6138 3327
2481 6653
2965 838
2729 4327
3225 6965
6782 5788
1525 6790
5189 5290
6874 1316
567 6066
4970 3992
1131 6383
1545 2206
3923 155
5822 1591
3676 5243
2695 2098
4326 4249
2639 3328
1491 6777
1729 2671
6349 4263
3269 623
6137 5357
4974 3622
2859 5785
494 656
6074 2526
511 3183
4925 2150
2127 5116
3987 3371
3094 854
5036 5491
6898 4897
6603 897
5030 6850
2329 2886
6128 2078
6656 3653
6008 5130
6806 6807
6362 1458
1139 1380
1083 2387
1503 796
815 5351
5005 3715
5132 2830
6409 3806
991 2248
2351 619
2121 4312
4762 5021
2959 2969
6215 3074
4506 1691
2982 6837
4696 2704
3285 3499
4834 2558
2667 2146
308 2069
296 2117
3688 2425
3550 5053
6860 3969
2305 3764
2765 1033
1351 4062
6227 3470
1406 277
3347 6607
3156 4314
2072 2084
1923 1078
2616 6862
0 4555
6929 6867
2213 2191
3674 3175
6628 2493
2209 1609
6848 5878
3804 2924
452 3530
6049 2057
6962 3152
173 2626
2527 2669
4217 3897
5879 6943
4026 6510
509 3567
5409 6439
5837 2260
6905 209
2328 4161
888 6043
6115 3226
3052 5251
5110 5456
5919 1987
1679 3849
3361 6988
5354 5109
3777 6935
2265 5892
6111 2719
6559 6065
5671 3229
5540 3223
5116 1785
6923 131
4741 3460
6749 2777
4902 4795
2786 3476
209 614
1341 5453
1085 877
6178 2305
3041 3889
3752 4111
5694 4441
1255 863
4037 3069
3449 1021
6949 3782
2250 4000
853 4389
5515 3918
4168 3738
3076 5469
4560 6136
3029 1658
2438 3336
4313 5585
6120 1778
4405 6168
4266 4830
246 729
3918 4292
6196 6992
123 1611
4836 5776
4768 65
2875 152
804 3421
3 6233
346 3357
5282 4784
5142 3021
2587 3070
3027 5007
3085 3332
4308 2256
4382 39
5346 5474
6818 3343
5420 5536
3307 2660
3289 5066
5357 2183
5448 1117
5657 4443
1288 6388
3979 5524
3794 2431
1603 61
1226 1009
1951 3667
3274 1101
6817 3253
3872 528
4114 1576
1736 909
5134 5644
4182 5000
3873 1144
5328 1642
376 4120
474 1637
5438 6035
5368 6061
6886 3286
2549 6682
2696 2531
5422 4759
1894 2652
2233 995
2636 5425
4240 5728
343 800
6688 3094
6524 1727
4516 3190
6314 6718
4969 630
705 602
5059 4883
6318 806
5469 1523
5339 438
5288 1866
6797 624
4096 2567
544 988
2634 6457
196 3893
773 3900
5494 1454
5990 6137
2191 2854
5733 164
4294 4319
861 4656
6015 1507
5851 1324
5430 1192
737 2306
6940 4054
4650 6668
3586 6560
745 3626
5618 52
1720 4559
342 4016
358 3455
4302 5015
2551 2949
5120 5899
6458 5239
1471 2126
3732 527
224 3544
5383 553
4273 2984
6387 2975
2059 5008
55 5181
6981 1047
6958 6939
1547 2111
1550 4524
5325 1181
4831 4834
3304 3242
2009 6606
1178 5368
2780 1221
2796 6310
1291 4955
2784 235
392 4438
2803 878
1490 1929
6187 3039
5178 1049
5414 25
1724 939
5169 5070
5747 4998
2391 1322
2621 4183
6975 870
4659 2415
4116 5073
2993 4480
3447 4055
359 4983
5498 1639
848 2613
3719 3272
6505 4971
5735 5552
2768 4989
6549 795
2691 748
1804 2801
4444 2137
6680 2192
3561 904
1563 390
2153 33
2395 1415
1835 1708
2002 6632
5009 4969
3853 543
2439 6683
5760 3500
2472 2816
1161 6966
1873 1989
6315 4418
5376 4836
2157 5918
1585 5952
2706 3073
4989 2394
6210 5472
3632 4800
929 4395
6948 1634
2185 1505
1445 5557
2050 2783
4545 5230
5047 920
5768 5683
1289 1010
3001 4051
424 814
2146 6030
4730 3654
3555 6087
4416 1136
2974 4640
1224 4513
982 1127
6516 2418
2857 344
1855 5591
2025 6182
6087 6088
4469 1935
3863 1662
1678 6047
2057 1815
415 3933
4372 1471
4502 6154
3912 1871
1480 3815
4874 6639
3474 4416
2052 4910
2836 5460
6041 5937
944 5374
1885 3666
1059 6007
2339 1868
5212 4283
6454 6610
1735 4814
467 1186
5586 5074
3710 4592
2873 4090
5949 3921
6130 4022
2246 5825
525 4043
2860 3157
2423 5444
5270 6216
5740 585
4589 2553
4917 2963
1027 5515
5992 5
4359 6377
6717 4547
387 4651
3191 606
2536 185
5051 6110
1183 2412
2778 6012
6253 4321
919 6878
3301 4060
2107 993
6713 4654
2497 3342
4685 5189
4565 6566
5154 1886
305 2779
1996 3386
717 128
362 3521
4514 2032
2266 223
6079 3133
1959 6631
379 4578
315 1368
1015 2996
3059 4539
5220 4835
5228 4686
6486 3994
5174 596
4939 5940
1025 3558
4131 2174
222 5382
2142 1093
2958 1261
2590 4331
5299 2503
6669 5599
6047 2533
2688 6165
421 4492
2187 5640
5681 2814
6125 4110
4174 1643
5267 4888
4690 1579
3205 5561
1486 4855
398 5979
3675 5566
1343 1475
2169 2400
5340 2228
6465 1546
2035 5853
6517 3551
5447 6118
2163 354
6774 4791
759 1939
2493 3463
3576 811
4365 2180
3961 6120
1431 4931
3799 6630
5619 2081
248 4119
1895 3498
6431 2573
5205 6104
1412 3857
3840 310
1877 2962
5973 100
3633 950
3653 3439
6424 769
1067 1416
4384 1052
1594 2683
2136 294
1902 453
5316 6264
2805 6379
1182 6473
536 6422
6834 3082
5211 92
6629 5856
2332 3458
6527 6389
3682 2765
4282 2056
797 1535
1963 1859
5046 3233
5738 4348
2910 6262
3572 1610
5835 5678
1308 3533
3203 1469
5432 1190
1728 5586
5555 1476
5680 2217
252 1330
4662 2005
6602 4628
282 2324
2382 2349
3415 4716
3125 3704
4400 1413
4097 1228
2041 4041
1960 107
4421 5984
4693 6561
6490 3244
2977 3318
5032 3560
6830 3780
3367 5355
6686 4735
3671 1538
3692 1794
6926 5068
6704 5359
4351 6796
3575 6646
2882 3970
6778 1298
1007 1398
4622 4069
6781 730
101 4202
416 480
3537 420
1466 1346
4105 2388
6496 162
1714 2525
3657 417
769 5042
6048 6276
5757 1521
1441 5827
200 4591
1463 4486
4740 3128
2782 421
1300 1249
1472 921
6599 1731
1269 3234
6551 1887
67 3413
1327 6312
3501 2035
3879 6705
6759 4627
569 4122
2400 2074
3086 77
3546 3565
212 4284
881 5057
5977 5078
1292 1632
496 2852
665 4285
3000 6575
1050 144
6530 3570
682 5537
6449 4594
4556 2882
6058 3478
2701 5027
5829 2437
5634 1791
6102 3744
2589 1712
3504 6662
2661 4095
2534 2408
5276 3280
3439 205
928 922
3643 4579
5461 4634
2418 1907
640 2233
6478 1831
2885 6130
4855 4815
1842 2803
5712 3252
3966 4632
3121 5534
5006 4776
6460 2281
214 927
5442 6064
591 634
6455 4713
3460 5582
2820 2235
1402 969
981 1300
6596 1678
1270 73
1171 906
3175 1857
2225 1135
372 4426
6294 6123
3553 6535
4610 4639
5957 1201
3345 187
6186 1425
6279 3784
3733 2545
1511 3912
4961 5912
2341 2864
3925 5174
4441 3061
5674 3916
903 859
1900 6144
3357 2737
3663 300
1978 6696
1424 1767
693 1806
5402 2938
2105 3866
5266 2411
2858 444
5569 3730
314 5777
1708 2543
1339 5292
227 1768
540 689
2568 412
6667 5538
1142 1176
6159 5704
5869 6414
4103 4445
3473 5681
3245 5288
5092 4335
3228 621
1110 5667
1692 5967
1229 4474
4357 1428
2839 3875
6849 5559
2504 1926
276 2977
2281 3598
592 6913
4481 1146
4221 2581
1163 569
5959 4271
4867 361
1850 6180
357 1297
6287 5034
4471 4926
2449 6998
847 761
119 5271
5913 2378
2749 695
3945 4873
1248 4915
1691 5911
670 782
411 5531
5772 930
6144 6017
2955 3874
4953 2004
4758 2678
2156 1875
3084 3437
4754 783
418 3344
5755 4875
6743 172
5415 6287
6548 2555
6694 5494
6868 2947
6435 2500
4707 6723
3697 5859
407 1715
1220 6952
3905 5851
4310 6617
5599 4867
3193 1183
1013 240
4005 1729
4489 1272
5989 1423
6626 4287
4446 4237
307 7
764 4927
3384 405
3005 347
6202 3176
5998 2119
3655 1547
5197 867
1052 6178
6872 2891
6168 637
3877 2689
1598 6424
905 5203
3089 5928
6714 3832
1097 1900
207 6817
3672 2461
2026 891
3821 4300
6979 4165
3931 4091
2176 4854
4672 4086
4006 133
4343 2314
5152 1873
5798 6482
6052 2236
6522 2556
601 2826
317 211
5369 2760
6359 104
3120 3257
5248 6751
5847 4647
2672 4378
3606 1083
6757 6583
6699 2158
3208 4977
66 303
4862 3524
6428 2186
5287 5696
2566 5026
6310 5196
132 6037
20 763
684 6990
1278 4511
5375 2377
2278 6327
3271 4562
3607 2002
5856 4953
2333 2296
6121 6885
5571 4593
5042 5126
423 1784
6395 4427
2655 6555
6305 5004
4656 3346
5612 1747
5370 4074
1322 4517
6363 2728
4673 6314
365 3072
5146 3468
3996 3472
3625 5761
1021 4685
3559 5123
1315 1986
2880 3060
254 6567
4041 5982
3703 5484
3305 2467
4399 6339
5471 5433
6116 5596
504 6036
4586 1230
5158 1647
4030 1697
5546 691
1469 2452
6880 1552
585 4912
6888 1973
1416 6145
2609 1638
492 4599
4841 1862
294 2244
6281 5951
2517 4851
3479 3609
344 2943
2554 4914
2038 6964
5643 1621
873 3581
1382 6067
4817 3834
5479 1267
4032 6518
902 6987
1420 6725
5156 5614
4362 4689
4137 2634
1740 3944
63 6924
4938 2965
337 4121
4051 1561
57 3379
1367 4357
3063 2571
5936 1232
3770 5185
625 4489
6595 1529
3812 5188
589 4038
137 373
837 2515
4445 3865
1671 4973
4704 6716
2727 3164
3677 6905
3591 1746
5246 818
4324 6747
4012 1481
4914 4431
1347 6808
4166 6671
921 497
6075 2756
3471 4932
4108 5489
5967 4929
1569 2459
1262 6476
2679 6830
2024 746
523 725
2429 2847
4666 4994
5463 307
217 5583
5283 3997
4821 6775
4440 1329
4677 6969
4014 2791
5761 6627
2403 767
3463 5617
458 6537
182 2280
2158 3063
2168 6870
4274 3010
2319 5581
6200 2414
2087 6525
800 4375
1000 1159
995 4345
1352 6758
1874 215
1355 2563
4452 6866
4386 6531
3503 5774
299 1327
2926 4255
120 3054
3336 5863
4851 6134
4708 4182
2230 4282
6470 3003
5173 1206
140 1915
5033 6094
2911 6385
1655 2428
783 5723
4438 953
4069 1189
6220 1542
3405 3135
4495 1394
4915 6637
5679 2649
5565 2348
5848 5896
1668 1352
3210 1620
6040 3017
1168 6186
5196 3273
2584 6761
5557 3646
3353 2492
1980 4623
6586 4666
5673 942
2797 2457
469 6874
3048 3275
1196 6540
1921 2301
6611 4034
5229 4620
2617 1385
1748 6459
465 3721
3308 2647
6373 570
5286 5816
310 4157
4222 4701
5916 4581
1321 3495
4579 3595
6935 511
3500 4625
4668 1344
1737 3956
5377 5775
1034 4866
6256 2142
3038 2020
2723 4708
3665 6356
2080 991
6 3213
6606 5019
4211 6341
6541 3443
2852 2632
2325 6073
4997 645
88 3026
5520 2149
1346 1606
2241 1627
1596 2724
3310 276
6045 6449
1559 1426
5530 996
3845 2919
6777 1909
1158 2353
4591 460
4967 4135
5157 2453
1245 4889
8 1718
4398 171
2178 467
4455 5516
1257 3642
3757 1293
5111 503
5895 5211
6441 5629
338 6347
72 4296
2929 4544
6895 3708
943 272
126 38
5065 5604
352 1754
4433 1738
5044 5276
658 2247
974 2243
4684 1774
6593 6517
5696 2761
2838 83
2996 6739
2548 834
2021 1447
4358 5512
3635 6474
5062 5132
1172 308
6854 1256
3780 1143
4500 4115
127 672
2520 1734
5956 1677
4846 2368
1788 4075
904 1445
3740 2588
6327 5645
3130 1589
6509 1543
6452 3294
620 6829
2420 5297
3318 500
5454 5710
3171 3960
5527 6019
4742 5384
2575 2952
1849 1501
1940 2494
5508 1674
862 2502
389 3705
938 5639
6812 6663
4020 2534
1891 2800
4258 1446
1830 1599
169 1841
6616 4761
4079 5752
178 1840
5440 1079
5361 4563
5451 914
2489 6403
3513 1811
2461 3071
4725 6370
312 2733
2061 5388
324 6139
4664 5269
2089 5182
5786 1205
4654 4844
397 3574
4566 4743
420 6125
940 1766
3377 2954
4911 3122
4375 1717
4642 1568
3248 4734
3359 6825
300 3842
5219 2229
4214 6923
2286 5974
158 2729
3509 4557
3781 2276
2452 2333
4886 4951
5878 3571
6925 3930
2601 2391
2500 1468
6272 2200
6292 625
836 6430
2309 6243
6748 3269
4669 5076
1920 6621
5068 538
6833 1296
3302 3264
6836 4692
2224 651
4982 2263
5876 5141
1325 3487
3422 4590
4920 3774
4616 5797
6474 4027
5788 2867
5372 3898
6502 265
5828 6102
4184 1903
5646 3456
2799 3833
6136 937
2193 978
5074 5102
2085 6996
1932 232
5302 6942
1173 179
1697 6159
1239 1029
285 829
2829 4241
6538 4015
1814 4433
2459 5798
5824 5485
5292 1025
6225 1363
2529 3878
3980 4786
5136 6368
4629 2939
6695 4334
6397 6415
5958 176
6004 1860
6793 6361
5617 2881
313 5708
6875 3569
5632 1788
456 6204
3552 6141
1553 5730
4941 196
622 2141
1024 4768
790 4214
4251 3434
1654 4886
806 5314
5714 3402
1820 2610
971 2658
6353 5693
1677 4226
4786 3590
3288 646
4594 5751
6297 263
1143 6392
5844 141
163 4739
6972 6883
351 4361
983 4403
2915 6612
1953 1555
5787 2019
4018 6266
4663 4365
6332 1726
1703 6922
5997 237
354 4134
3891 2796
2372 401
821 2463
4486 3291
4387 6881
275 6107
4779 2168
4344 1802
58 5187
5627 2424
1928 5773
1048 3671
6113 2557
563 314
1521 5868
1684 1132
6903 1275
3071 5136
455 4353
2945 3200
635 5443
3069 2345
29 4548
910 6585
6598 1095
4611 4980
976 5373
2476 1126
1124 1853
2285 2506
4142 6853
2623 6411
4519 5465
1763 2824
1473 2792
52 6744
5218 4323
2407 734
695 3158
878 1916
2392 6184
3023 6258
885 4938
2647 3442
3331 64
5792 1246
5261 2470
3333 6252
