8500 8000
2962 263
7421 1201
7479 6683
6723 1237
6130 4251
7216 836
8396 7825
4030 221
5744 1447
1521 1192
7138 303
4061 6923
5595 7143
3205 2383
7062 560
424 3579
6658 2888
1835 3744
5242 7207
4178 4457
5579 3184
2656 4919
1220 2175
7644 6164
2440 3815
2510 1030
3473 3078
673 8295
4695 6383
1529 2944
4743 1008
7624 5763
1827 1748
7126 3335
2633 2145
2227 4749
5966 5554
7796 1046
3913 7834
76 974
3398 4945
7836 879
1885 4531
5518 8194
6150 77
2693 2687
4424 3578
7228 8182
7481 804
6235 3610
7288 1052
5763 1454
3432 3035
8086 8100
7619 3661
2921 3891
400 38
4455 6823
6516 6501
843 8
487 1914
6657 1332
1343 1117
4449 2655
2866 4047
2245 2908
8318 2255
6772 7028
4423 7893
6168 3926
3793 3516
5367 7710
5454 7802
6095 7153
6707 5563
5724 6590
2185 1680
8451 772
2538 3921
5124 4673
5490 8032
3741 8345
5843 2158
3334 1017
2912 7269
3969 3400
687 5128
1712 7359
6036 1860
8135 7267
3255 192
7741 6133
8378 7694
916 2600
4490 3915
3810 2814
3219 5555
1552 5650
8138 6807
8340 6704
561 4986
4908 440
4719 8404
3187 370
2655 7144
2985 3955
2712 4493
861 1124
4302 6732
4977 674
1386 8443
153 3088
4506 3456
2231 66
7250 3966
3862 6760
3499 3155
1891 3252
6154 6360
5994 5311
633 5496
1673 8037
479 3090
7975 5151
1168 3846
4261 2560
4333 1077
520 4821
920 4555
1983 5500
5646 6549
2683 3125
2813 3796
1640 1995
557 2589
333 6042
1377 4098
2714 2023
2366 1338
72 6216
1157 3243
3601 6530
221 2973
5956 255
5204 2471
692 5862
4927 1285
7886 1467
8089 4135
5489 5999
3328 3415
1533 243
892 6718
1084 2693
1804 3708
1186 390
533 816
4280 1677
5589 1409
5637 2845
5752 2876
4316 1371
3815 3385
1357 3443
3062 6775
7758 4034
5389 2140
133 1026
7839 2466
7291 2152
994 7588
3435 4424
5166 6620
629 4378
7448 6296
7542 126
8409 4752
4829 5457
3321 899
5648 6008
3639 765
2158 2922
8239 7796
6341 1569
6767 3162
251 4763
6392 2170
8329 4292
1699 4482
3853 2557
541 4368
8150 2028
4021 1865
8171 7746
7905 7654
4282 114
7892 8339
2743 660
2350 5325
3663 4354
3257 2903
1457 5978
5203 4801
7226 2875
2276 5842
7985 6471
2653 6018
8455 4888
4120 8354
3222 1034
3576 2326
2422 5231
2497 2902
2010 7403
3707 6497
1930 6677
4171 2124
1562 8341
4067 1863
6038 7644
1860 6669
1704 3457
1403 5471
4076 354
2186 503
3809 534
6251 5946
5000 4139
1612 5036
2895 1161
2126 1589
7610 4641
3115 8161
7145 5776
1011 1299
6578 5019
6844 603
1437 3618
3638 373
4419 2035
2165 6983
3881 6104
1139 1058
3385 3701
6143 3790
7940 4242
7831 8359
5884 6113
6273 7266
4487 5143
8442 8076
3091 3360
3426 744
7332 6691
5988 6220
7335 671
3135 3573
5176 6399
2802 2684
413 331
3027 7464
401 6808
2513 1805
7242 5199
7684 3015
5213 7790
7766 7540
2771 7969
3467 8474
28 580
3557 2313
6685 2713
7058 6126
5852 4949
1859 4797
4205 2202
7255 7310
599 7539
8436 3119
2994 5639
4995 5390
5512 7556
7531 2076
263 5204
1008 2941
1677 1259
5679 7170
6733 6283
2163 4089
7680 3892
8025 2187
1515 5238
7983 6849
1081 230
2197 5835
4748 7792
7991 7154
1579 4074
4814 3793
1212 1898
851 946
5910 6850
5912 7288
5050 2866
6397 3936
5136 6045
2002 746
2172 55
7358 4834
1398 7967
1223 6445
8353 5424
3175 4721
659 7462
1834 3463
1352 54
7503 6466
2933 5307
1410 1624
7909 7678
559 146
5179 1892
4250 525
3251 4617
8448 7711
7781 874
756 3874
7552 7249
7272 5623
5979 229
5588 3917
7220 3471
3142 6966
6859 4880
2515 3879
4147 1885
4286 3320
4344 7640
3552 7132
937 6256
1313 1726
5849 4873
4950 3628
2764 4363
1683 6277
6194 235
4155 5240
4163 5364
3749 2136
6816 8095
1649 6698
3848 7453
1505 1958
4451 8096
7745 678
8115 5254
4207 1305
7404 571
657 3983
7772 4602
1433 4622
1705 2156
1469 7377
2105 1297
7125 2561
6009 3550
4952 1172
5484 2356
220 2785
4676 564
1614 5518
3013 2335
4403 7001
2033 441
8165 1938
4156 5101
4978 1183
4792 1702
454 8461
2838 7475
74 7190
7512 2833
5698 4702
1916 2608
1160 6662
2333 3931
4237 2508
2026 1786
1010 5709
5695 6187
1914 6271
959 7948
5917 932
5379 768
7627 2948
8296 2516
4464 1920
6879 5058
1577 8097
8136 3361
5225 7950
1565 2570
7582 6667
7334 6576
1479 5818
7238 4481
3244 2971
5507 5076
759 4861
7788 3575
1548 6236
2361 3087
5809 3739
6028 3566
5230 6319
785 1230
5550 5444
1014 1634
4944 2689
578 6177
7848 8128
8477 7546
6847 2816
1384 3729
8181 3348
5590 8150
3845 800
4694 4719
6846 7655
4106 6353
651 7061
4376 6945
8233 2406
7071 5169
5234 7395
5150 3666
6991 8334
4422 5630
5117 1326
7072 4826
7881 2322
3691 2119
2810 8249
8258 909
1917 6636
4939 637
1086 5175
7541 4086
4431 5037
6087 2374
1984 597
5398 385
4247 2337
7310 8001
6429 4469
2511 4464
5529 6162
2078 5430
7141 1340
2527 3928
4174 6432
6040 2132
6778 2548
4473 998
4857 5142
5208 2504
75 4164
5715 182
833 5960
3419 2513
1374 5687
8441 7270
5182 1500
5687 6477
4984 8134
3452 2939
8475 5676
6869 6176
5598 7646
111 1512
535 7558
2453 478
842 5616
5002 1917
504 3857
6325 4895
7441 887
8381 5132
1734 6974
2578 5954
4758 988
524 6506
7965 7815
4395 1304
2864 1412
5814 7000
7803 1284
6674 5959
2516 7152
4841 4655
5019 4079
2373 8366
337 1474
6112 6758
7620 2834
8201 2506
7168 7892
3133 4314
2837 2302
4611 7067
2236 3347
4238 798
7842 3676
2034 5387
8209 7374
6377 0
267 6274
7698 2421
8100 1231
4373 4093
3151 6411
6042 8300
7544 2505
753 2610
3509 7054
6217 4536
8211 598
3622 8303
6571 4691
2353 4297
7098 5538
2381 5869
4108 3284
2963 6080
308 5352
685 5509
3768 967
4921 1078
4630 3890
2175 4703
7826 2605
3131 6495
3263 8440
6873 1720
4626 3605
5020 2969
6970 834
5129 1219
996 8144
682 8147
6419 6954
3138 438
6481 8175
6972 7017
5145 1476
8485 6100
6640 3286
4321 6837
1372 2306
7060 6379
6541 6696
7061 2794
4335 5754
585 3885
5036 777
7267 5278
3119 5314
7214 2491
3659 3695
3213 1911
4541 3342
8443 4894
7777 5832
5586 6890
4604 7582
7403 6068
8298 6709
4762 2763
8178 1220
5539 5479
4863 1064
8155 5022
4875 1638
1545 5274
8346 7419
5197 7664
932 1214
3141 3799
4926 428
1409 7687
3963 2209
8328 4183
644 6881
1394 518
1307 1358
6878 2842
4919 1163
8053 739
2946 2121
6948 4990
4970 1374
1574 7996
1171 3023
7217 5085
3950 6936
7401 2181
226 3519
4365 8229
6096 1045
4350 2245
4848 3949
5142 5584
6987 4997
3935 2727
2061 7056
808 1967
1344 384
722 4315
7566 8332
6461 3213
1784 6847
7467 3663
6303 8434
6395 6174
3597 1943
2039 86
531 2258
5065 4988
7790 5315
7380 8024
5555 5591
1370 110
3050 5002
864 615
4634 1674
5691 5266
3802 5876
3999 1765
1049 67
829 1972
2336 697
4226 3480
6293 1608
1230 767
1799 4773
149 7242
7530 3616
2661 7661
849 8480
3009 3298
8248 1890
5472 3715
4166 2700
4020 3508
1659 5447
2504 197
5991 4896
6407 6658
2404 3642
3688 1130
5723 1648
1519 1777
5334 3412
7449 3670
1921 1564
2686 381
8034 8388
6997 6270
3252 3029
7611 7063
1694 6035
1278 6833
6958 705
5262 745
606 8002
3709 6720
1217 2414
5506 5080
7555 4343
2410 1362
4724 2367
3563 2871
7162 3380
2638 4987
3747 924
1954 6984
1634 8015
102 7060
1364 6597
2000 1074
274 4832
510 2055
7189 6084
4789 5005
1628 2085
8192 3327
1435 7971
6520 7874
7708 5400
464 7897
1337 1797
6381 1736
4098 5645
1708 314
632 7195
2784 1188
2631 1774
194 5250
4481 3522
6449 3341
3995 651
3857 5393
2104 5704
570 594
5593 7816
695 294
1665 2300
8363 74
2911 4693
7368 4974
2334 2588
3085 4709
8097 5144
5545 2180
5442 327
815 7415
5855 4369
4001 2357
8043 7149
8407 6786
5888 1931
2805 5145
6682 4050
5320 5699
4642 4162
3243 5962
7140 1233
5396 8476
4243 3536
6137 2616
6921 274
7353 1578
6499 621
3186 8316
4893 1039
7728 6345
675 7764
6080 1407
1302 8239
5885 3633
7558 3621
2817 3644
277 4849
21 6842
5560 727
5259 3016
5346 6490
4191 4586
3276 7563
1509 1294
7632 5437
2273 845
8188 6453
4112 2652
2788 1032
5627 4427
584 5300
7190 1100
5933 5013
6018 6574
8414 3218
8202 3214
187 7197
2324 5236
5188 6728
3236 919
2856 8492
3168 7652
3073 6527
3971 5735
2211 5583
2626 1521
7157 6545
6048 3367
7521 2683
7922 5771
5758 1657
8204 1084
844 3909
7709 1926
1349 424
6830 2671
343 7353
1766 6609
3821 1050
4628 2934
6015 7173
4091 271
7457 583
141 183
2288 6011
854 5863
4308 2537
296 204
566 5575
5557 287
5449 5435
6367 8005
1034 2990
6931 1672
7509 6031
1561 4519
6934 2820
2561 6949
2344 1361
4605 2348
3098 6952
5165 2113
5326 8205
7574 2018
1130 846
7961 1918
3834 3646
1323 1459
4087 6515
7843 5001
5735 2147
7486 8127
4090 1552
1022 8251
8284 8157
1556 1695
1726 2672
571 4535
4236 3624
6169 6595
6432 3597
4234 2333
1946 3364
2339 8365
7027 137
1231 5482
4967 6055
7186 7529
952 7804
2167 8064
244 7781
2680 3102
6165 3191
6382 7671
1246 3525
4503 3599
5064 5767
7696 828
8018 1895
5459 4227
769 7565
5964 5024
4570 102
5977 3141
3743 3061
8245 1290
2340 7477
6823 3700
6224 4811
7856 3124
7500 8262
105 4249
3832 4364
6184 6537
5578 5348
2676 7423
3554 7380
2128 5121
2200 4803
6760 4593
7460 1831
5745 5531
4269 5339
5244 2464
4115 5152
3170 6959
2362 7459
7919 6151
832 8196
1242 6825
6157 4733
1803 8333
8084 5190
5178 1352
4480 562
6618 4279
2351 6054
5277 7404
2546 7683
8052 6344
6322 6215
338 7136
6030 6438
2673 6800
5957 3358
7586 5552
3903 1845
5858 5271
4705 648
6330 1971
2207 5124
1732 803
4961 4372
5298 3248
5694 7230
0 2198
89 4259
6992 4498
5861 8111
5090 7141
7349 1181
922 3800
8384 2225
8313 4640
3964 1365
2550 3595
3669 1686
6491 3970
7804 1056
1397 901
8087 3969
8055 4223
5719 5872
328 786
5692 1842
5434 141
6090 1363
5121 2925
5624 3482
976 6331
1424 4782
529 1258
5553 7958
4959 3556
6475 3594
7068 31
2929 898
3274 4901
6567 5056
3942 7103
8099 2824
1668 2862
4943 6565
8415 5809
7146 6534
5270 1509
5866 5116
5248 5048
2432 2130
2961 1776
2447 5980
7917 547
6055 2138
3494 7221
1154 3337
6695 3649
6129 4412
1992 2400
6720 7381
1232 1840
2356 8490
2880 2069
7808 709
5057 2988
3202 7718
473 4902
3764 8222
7650 4748
5044 5082
63 5918
6812 5987
1623 3905
7556 4226
5370 1941
705 5823
3912 6232
3292 578
4652 6907
3822 7264
4351 1216
4712 8260
1053 4992
547 4912
500 3894
7193 2524
5532 2619
7139 7520
6550 3609
825 2641
4842 6546
2146 1768
746 5950
2479 212
7532 5135
7248 3721
744 951
3769 7109
3961 4587
4564 8007
8490 6726
6501 6325
4513 5347
7135 685
1453 5752
8104 6564
7805 4334
8356 1227
2532 4048
5790 2215
4898 5469
6569 7608
1319 1208
638 5000
7021 2242
1733 6544
1 362
8196 5502
10 1632
422 3169
8270 8170
6995 7943
4981 3856
7030 4018
4651 1283
7114 5133
6748 1468
3929 6102
5842 1770
185 1489
7259 1251
8290 3654
2907 1565
2471 7416
7039 3129
4595 6510
8074 3484
1297 696
1311 3014
8041 3755
7669 2484
820 5464
4585 1059
5602 5140
5105 1347
3844 2629
1121 3672
8091 3279
7383 436
248 5148
2624 2159
4018 5279
2571 7788
4883 8405
7732 3627
4544 4963
1082 6129
6025 527
2514 2260
4233 2897
2287 5505
6333 3832
6973 1016
5954 408
6496 5312
6350 2027
1816 1820
1931 7348
6493 7024
2847 2019
6405 236
5901 1238
5780 2254
1611 3017
6103 1075
6871 1115
6860 8336
7581 662
376 1551
2517 7868
4669 6073
4837 1087
4139 1940
1494 7307
5766 6519
6479 6169
7017 6074
1411 2723
8452 1483
1454 6872
8480 7044
7518 3339
7706 2047
5527 7248
4485 8082
196 4155
7614 5382
3418 1531
1596 3242
5458 398
742 2086
5580 4038
6421 4029
6742 3392
3405 7178
4822 1062
7605 1868
5159 4697
2976 4642
6200 8059
3089 6049
3788 3448
3358 7238
580 5685
5072 2056
6737 7011
406 3821
6717 2733
749 1600
306 1223
4957 4570
6417 7338
511 3748
8057 3632
1719 1802
6331 4882
2266 3489
297 8279
3676 3205
2099 6119
1689 40
4946 1562
1102 8436
2531 2609
2117 3201
991 1636
3614 329
5401 3270
4388 7695
2223 7660
1789 990
4788 1440
3095 2571
4616 2492
4161 568
19 400
3729 1134
3590 7836
2374 5180
6704 1435
1669 4863
7231 7283
5806 4980
1943 4676
5195 3679
2233 4571
1183 8047
2051 5613
3163 2818
1621 7412
1695 4623
22 891
802 5981
4846 6861
4606 8422
3080 1662
8120 6790
3827 369
6389 6363
4750 1790
3737 8033
5069 8217
5737 6240
4962 8403
3422 4284
7714 8375
1526 6361
4264 4592
4089 4250
303 7545
6257 8131
6371 6197
7938 5038
4012 1719
6282 2798
4488 3123
5357 6880
375 7541
8367 8210
18 661
5135 1985
3447 6156
8145 5008
2120 6934
2063 47
5808 3245
1285 4877
1225 5286
3849 6707
8079 2408
7546 3282
3067 3334
6559 2965
8444 340
6625 7
7118 1639
6244 5965
2952 7424
201 3494
2927 528
7233 5123
1866 7205
867 6906
60 7036
6065 3386
3443 4609
1207 5559
146 2984
4143 1912
2444 8043
4538 2048
1944 519
1046 6398
8139 3641
2642 6038
2736 7455
6719 43
5462 4638
1277 8276
1495 4961
7689 2041
1876 4037
7009 3197
918 5201
8092 404
7901 3263
975 3877
8063 5066
1383 142
3436 6734
5925 3945
3032 339
2313 2986
4619 1152
6932 4646
6193 5889
5448 5049
4918 3253
4573 7378
2995 4525
6416 6581
5834 2745
7563 3323
2059 79
7899 1993
6716 1328
1271 8054
4036 8414
1582 4913
6613 8244
2982 6402
6551 7927
6326 844
4051 8271
4056 703
334 2022
4497 7350
3905 3251
6583 6652
8376 5425
2505 4404
1666 6303
4655 1391
7440 5156
5605 4818
7900 6006
560 7887
1268 1598
7330 2541
272 3240
6002 6072
6663 1641
4578 1642
6609 1567
8267 3547
2533 6716
7691 3424
908 1756
8009 1471
7869 4764
6324 2071
5941 2361
934 7607
4532 5991
4508 3601
1599 3539
5469 7174
2183 13
2751 5060
3140 4998
990 639
5862 4526
2428 7194
3549 4989
6762 6977
1832 2830
5066 1581
7176 3875
4266 7012
2130 1733
4838 5945
6311 3446
5871 6596
2857 6183
6545 6063
2317 6007
1463 3104
2407 3288
439 3814
2589 3914
6291 570
3686 666
2678 6110
30 3753
5887 3222
3738 7778
8405 961
3511 7895
5749 3244
345 7478
8454 6986
2790 3186
4173 4196
5407 3368
3941 7590
1123 3520
1334 5165
3696 2859
2249 630
2161 3389
7279 6599
3335 4102
3207 1867
5112 5249
190 7006
6969 1395
8240 129
130 5998
6976 2439
94 5850
2556 3458
3829 2626
6234 4031
1264 7176
1736 7166
95 7717
3704 2869
5890 4141
3477 6601
3931 7551
2124 7162
4429 4418
4306 1061
4882 7180
4130 3004
5332 2443
1643 4601
6205 7997
641 181
4110 1071
131 5237
5306 1141
6383 3472
2088 4024
8348 3727
8038 5634
3090 857
6451 323
5 4795
67 1465
2879 3406
5892 8072
4005 2972
8326 6132
666 4170
7520 2103
5046 2249
6128 3896
1174 6809
7321 1685
4689 1029
1898 4379
7328 3675
5610 6804
5895 5072
252 6467
1960 5881
5237 8283
3584 5221
4324 414
6998 6439
6213 220
1546 6207
4198 5260
2697 7642
211 8104
5899 6903
3296 2550
654 2698
4867 217
2984 8454
7927 4253
7950 1817
817 6829
5647 1580
1490 4230
6525 159
2027 7070
5430 6261
384 6577
837 3408
282 1704
697 3524
4934 2212
198 6958
6049 3076
372 1603
4119 822
1211 2201
6967 460
4542 7391
5350 7369
2004 589
5783 4857
5594 2595
2804 2427
1369 2426
2177 8427
2576 189
2048 3544
3668 1033
7844 199
7105 7441
4638 8221
1845 7891
8300 764
7166 972
2612 6708
2132 347
425 2779
3896 3881
8398 1960
1478 5306
1427 810
7695 5882
856 5924
2493 6213
3167 6377
6548 4175
4242 3189
8229 4533
4502 8312
4923 964
4160 4634
404 6218
262 4679
8278 2585
1706 4505
1210 5044
3771 4831
7988 3261
3580 6139
6989 4296
7754 1420
4406 2991
8117 3375
2658 7365
2341 3462
4583 35
3033 5990
4086 3801
4284 1711
734 6818
5705 7237
924 3496
2722 4612
3081 976
7538 4711
208 5513
901 3095
4283 3957
1557 4116
536 5989
1836 1069
4511 566
2709 2469
8121 670
5174 628
2993 5200
2277 4461
2748 4256
7234 1243
2261 133
5481 466
1853 1703
683 8178
8061 6451
8153 3617
7795 1586
7982 1956
6586 7828
2594 4615
7430 5966
6433 5614
6172 2861
2850 5110
3475 2425
7388 6062
3925 6563
7427 58
7362 2912
3722 3111
8035 4421
128 7922
5144 5765
7184 6241
7414 5907
2530 2487
13 5280
3588 7069
3330 5107
7249 1937
3399 6146
3375 6814
6955 8029
6853 2711
7111 2604
1238 4414
2248 8164
6684 1253
2023 2393
6633 6203
457 8094
382 6589
4425 7553
1781 6060
4154 8380
613 5170
3745 4761
2370 1799
3715 5243
5403 582
8362 6509
108 4933
3409 2823
6268 1125
5033 1086
8461 3072
6011 871
269 4497
7433 7946
4730 4205
1065 6009
4852 80
6029 4061
6909 5090
6738 3570
525 3310
6752 7155
2632 5947
5301 1018
3239 7309
7128 417
6441 5281
4623 3745
6242 5522
4461 2109
3566 5686
7398 5103
1630 485
6010 8058
1571 6769
6627 317
1958 1098
6961 3064
96 8124
4512 6058
5369 7128
2849 1744
4116 3737
6043 6231
1085 1488
2955 8265
7423 8188
2967 2479
1472 2675
4517 7030
3185 6020
6136 6152
6753 6805
8463 4077
3540 359
8266 344
4997 4
142 5120
5747 5939
5103 6431
899 1673
5700 4887
1310 1771
4348 7447
7236 7251
6142 4012
6985 1516
4529 4174
5181 1370
1919 7507
1365 1740
5463 5799
2502 6373
3736 7246
3933 5932
562 3999
61 4940
5440 4583
7011 8469
1399 4523
514 5692
7094 6797
5464 6250
6650 6355
1755 8389
4386 1330
945 5635
6147 8306
2544 6684
8361 4687
3332 6777
3772 5073
5456 832
7115 474
8303 8055
69 4129
125 310
3149 4946
1654 5791
2307 2797
2343 693
731 2769
4002 1264
8487 4548
2625 3527
3227 5898
4899 1796
5377 4823
6523 7954
4916 3806
6881 4106
7274 3299
7962 8101
5865 4911
4571 971
1536 2881
5600 2788
7379 5086
6179 4746
5601 2252
4915 8448
4004 7869
5477 870
344 1670
1247 257
3128 6627
1021 7658
7100 656
5316 240
2876 4214
3333 6354
6673 7913
5106 5826
4771 5703
5160 3476
1778 7177
8187 5805
6600 4130
4122 1013
2360 1383
470 6612
4726 7371
3427 7962
2875 1510
6770 1708
4624 3051
7396 442
4871 5930
1750 4904
4620 4452
8058 3956
4022 6503
3223 4460
1925 4544
1166 8275
7148 7112
5859 3168
2166 8370
1012 5371
405 5258
7598 1116
70 4345
5857 2593
2087 2451
3448 6518
2144 3840
7954 8324
3178 6939
1054 1841
5404 4654
6956 7650
3339 5948
5221 3512
7789 3710
2043 584
8090 7673
7405 8282
2717 5391
4948 7686
6531 1514
5147 3990
4396 264
3966 8176
608 1643
1202 8477
936 6886
5340 7091
2708 3987
8128 842
5443 7192
982 8129
3366 1193
4751 3542
5886 7062
2036 2227
6891 515
5854 7886
7499 5652
283 4399
1965 3276
1219 2277
2560 6739
417 3260
6233 5976
5825 1767
4947 1393
2202 3319
681 260
3101 5369
3488 2021
8295 3942
8050 6265
7526 1664
4239 5214
1254 8325
6626 4065
3337 2633
5841 7537
3053 617
3621 4082
7671 4557
6924 2100
3412 3895
891 1750
812 6796
941 1684
4987 3826
4675 1450
1753 1479
1414 5185
1413 6768
8439 1807
6369 8409
5017 1675
3799 4248
3879 1630
3507 6653
3851 3043
2076 2116
719 2457
100 6672
4890 3719
5916 1585
4999 3171
7177 6773
5260 6893
7894 5349
2460 6625
7203 8187
5802 7003
8101 6137
25 6911
3539 7741
3650 5248
5085 2438
202 3528
4746 2680
2796 3691
5405 11
2768 7361
2070 1094
4556 467
5233 4960
4603 3850
3869 6028
8324 1722
1955 5031
7725 6179
8256 4599
6123 7849
1741 6854
4040 1954
4435 2743
5821 5335
5305 8475
1508 2554
4452 3730
7877 6859
7865 1809
5131 6765
212 5786
5986 1497
1485 4541
4297 3318
8141 663
1603 3657
1604 7916
3363 458
7873 2450
3289 7937
6655 1834
3870 2935
1128 766
2734 6613
6680 7236
2097 2095
6631 5418
3154 3558
4062 1988
1308 313
4791 942
78 492
938 1249
7648 1040
2881 4569
219 4916
5976 5666
3391 2615
5111 1741
4055 7260
2525 3736
3587 45
6460 7331
36 8392
3023 4285
3573 3289
2346 1647
3959 1654
8403 6531
5779 5884
6328 6713
5897 6083
7647 4317
17 1523
6874 4670
4589 12
6186 337
3662 5874
6701 3486
548 4113
230 498
3042 3236
3644 1635
728 550
1263 405
8316 2162
2545 1909
4245 4448
2418 4830
3096 1612
3355 2318
4251 2274
5288 2827
6334 2809
6930 6883
3209 5975
8080 409
273 2096
3249 250
2253 8456
979 2945
3484 8393
6074 2496
794 6682
4392 166
8193 2880
259 3274
3004 4611
7382 1311
4656 288
8493 3758
3593 7542
6486 17
2940 2065
3670 2456
428 2857
2244 5472
8370 7934
3575 511
1390 4501
6140 4393
7601 2000
1249 3300
2789 8132
8119 1376
1422 2636
6540 5033
3278 4799
4389 1861
5084 7048
309 223
5729 2576
1848 3296
1935 2308
3338 4429
6808 4131
3880 5700
3078 5702
3406 5492
5534 7767
5962 4075
8456 7306
1901 7959
896 7807
6272 3882
4063 1411
6022 1728
3984 6579
2038 2949
6480 4840
7652 8450
491 6307
1883 1206
7275 5535
661 8078
1342 4762
4385 107
4044 925
8230 5812
82 1747
8273 5644
8486 4273
5782 4396
532 762
4019 5041
4066 3395
3056 5224
4543 8149
8420 640
2585 4922
6839 6737
4187 7884
4983 1345
7096 4288
7273 2507
7152 5716
518 4662
8292 5154
4900 2360
1471 5450
6922 6874
1330 3294
7703 3773
679 4080
3072 2895
4052 2579
2255 7672
8268 4032
5921 6090
1839 1753
3581 3962
6669 8146
6917 1229
476 3416
4836 2917
4739 5566
8404 1333
5127 5802
966 1269
1076 3079
62 2033
4832 5710
5840 8360
3760 6686
4291 2960
2019 5691
3962 2445
1947 5079
6687 7454
691 5016
5119 4664
1698 7538
4892 4335
6774 6427
7206 915
1507 8488
7202 6741
7028 6932
6489 7728
5202 4239
6546 8093
1642 6318
6526 2697
6773 32
5935 6926
5428 113
2001 7878
8185 6884
3074 2967
5998 2327
6102 781
1874 5997
2417 797
7268 679
2766 3273
1353 5052
5746 486
7835 4921
4699 3312
7070 7973
2824 2102
3902 3886
4332 7727
7132 2283
7468 4326
6476 2171
8163 4222
7489 5938
1451 5861
3515 923
5271 1729
969 3154
5876 4750
4552 7975
8413 2378
3830 1353
1455 3344
5240 2849
6661 565
2049 8185
4597 6508
132 3381
5689 6486
1783 6999
6940 6964
6363 7473
4635 5246
2212 2111
5485 2678
4519 4815
7736 5892
7283 5521
3610 1978
5201 3583
5656 1322
3429 6935
7019 3383
7694 6323
7956 1576
3546 4338
2 669
3836 2228
1312 4769
4991 7637
3495 5508
3904 7504
2611 2847
4876 4309
3739 3402
3100 4436
5426 4030
4969 3049
4683 108
3106 4806
4807 365
4320 4040
3574 2217
4436 7862
1942 2430
6472 4188
1064 3217
2724 2390
2291 1904
6829 4835
1775 4876
2628 6459
1908 5207
3450 3080
8445 5797
8299 2339
7344 6692
5870 2338
2456 1539
1426 4133
7935 6153
550 4463
4615 2248
3103 6443
3389 1097
1423 854
1419 7201
1956 1755
4175 7292
6185 2324
7432 7243
3083 7705
411 6294
7787 5183
7208 3732
4038 8406
154 7286
229 4512
2107 8254
565 1051
4448 4149
3807 2323
2755 2581
7609 251
2118 5427
2306 5487
7453 2819
5530 6529
8337 4110
643 6968
8134 6297
875 5188
4230 7345
701 4874
298 4524
4824 8220
3923 7183
737 6288
7041 270
1745 1171
148 6387
4314 2673
5229 787
4805 2220
2637 7848
1496 2303
7336 3231
7034 4954
6063 6835
5640 5819
7341 7528
1133 5141
787 6338
3997 2567
5416 1645
1740 4517
5556 2951
3604 280
2094 1504
2042 7592
7317 7707
4716 1596
5172 8051
3982 4112
6799 1343
1821 737
7939 4458
8483 3964
2450 4768
8118 3664
3805 2351
6093 7850
8122 2578
7853 5916
5614 968
7747 500
2380 574
6532 4451
225 1779
5287 7079
4353 1202
3153 7833
5018 311
3560 8462
600 2059
4973 2500
3628 7580
1504 7409
6300 7750
6819 2844
7924 3089
8408 8070
3082 6144
2316 8401
4889 5525
4456 343
2519 8376
4501 795
6226 6480
7491 5641
3470 1873
4581 6457
5344 2477
4874 3705
5629 6500
3641 2143
7637 3592
5572 2444
213 216
2459 4667
6135 4267
6632 148
3976 5562
2491 5328
5677 5648
5622 6230
4778 208
7584 407
8212 8491
1074 1011
5466 2325
2987 4025
5380 5431
6530 4932
6702 2771
311 7708
2868 3538
2022 507
3349 6649
3682 3503
8016 2481
1476 6421
7133 3647
6875 4394
1899 7594
8499 5807
8106 5223
2327 62
2549 970
8238 8009
2258 6171
3434 8186
5516 1083
1001 353
7211 296
7597 1225
4627 7578
3800 4247
2441 5297
6836 7656
3586 2278
554 6404
2887 4105
8306 5273
4612 241
365 735
8076 7772
87 2811
1286 2416
2882 4606
1858 6868
7325 934
2208 2906
7828 6365
4024 6858
6845 7757
7874 2263
2189 7851
4537 1487
4259 820
7678 2696
2652 652
5310 8079
4235 4322
1304 7908
7953 5533
1355 3330
4826 4140
3294 3468
8014 5721
2079 4145
6245 1146
47 1613
3025 7319
1754 4078
999 7602
3181 4814
2195 3785
2431 3903
8083 1452
2854 1068
6582 3467
572 6665
7776 2858
3162 426
6746 7853
5546 7840
4661 8441
4672 491
5652 7614
6173 99
7384 913
1261 5712
6641 1217
4520 7275
2958 5478
4864 5695
3758 2752
758 2898
3150 2536
109 4263
255 609
6696 4707
8140 6580
7740 4565
2224 6891
3861 2498
4134 6779
3873 2953
6409 1265
4287 1975
4879 575
5509 3445
369 5530
3637 49
5187 4979
3460 6995
3710 6180
1812 3239
2897 1640
558 3179
3271 6920
1107 3946
2540 3303
2242 2654
6736 1382
7254 2685
1999 8352
1040 6990
7517 1320
5148 345
3045 3046
5071 1484
6554 7147
7996 539
6192 1961
1690 6703
3248 3620
8291 4645
6195 2670
2730 6258
1674 291
1780 2747
5634 5841
1973 8004
1524 5873
2622 4015
7866 6953
7529 6989
887 6690
1336 5942
4380 6097
2597 808
6507 3134
408 5580
1474 5646
7015 6095
8334 7049
8147 4442
7793 533
6474 6904
2427 2720
236 7252
4453 4387
3599 1948
3690 4495
5342 8218
3525 2419
1949 5235
7463 3699
173 6547
241 7055
3047 4439
7645 7016
5596 1189
7507 6856
3808 2025
5163 5276
4956 944
1717 8467
3076 8212
3474 1593
6115 3084
39 6864
8288 1296
1206 2638
4117 5788
6795 3859
3626 4777
6986 165
43 1769
396 1681
2698 268
7711 3382
7763 2478
7451 6993
1661 7799
702 1020
7870 3961
475 7196
6497 802
2035 8069
5908 7941
3256 4529
6910 8259
7187 2774
1041 5290
8082 6660
6109 210
4197 5320
4102 2282
2819 6526
5995 555
1637 3682
1730 7095
743 6643
4860 2475
3260 5576
8042 5598
2125 6051
8257 676
6817 5370
4083 3447
2934 5433
1191 6695
1742 6312
760 3378
2874 7530
7511 8115
5169 3224
7002 7585
8182 3789
2865 7410
2843 68
904 1897
4717 6750
5714 7408
7687 4705
3054 3
3126 4479
5846 6235
1375 7304
7989 4786
8275 4215
4810 2192
1368 2995
5491 2155
5751 1400
2610 4211
5975 6751
6915 1286
7477 7581
1915 4716
5482 5046
2136 7623
5256 1889
1765 2526
5787 6019
7699 1255
8468 5225
3055 1858
3985 3954
4209 4869
361 6335
1175 7914
4759 1114
8314 2542
1316 4405
1849 3495
993 6743
7724 3802
5078 3723
1127 929
2699 5010
671 6238
3683 3978
5515 3686
4042 2981
2116 2874
7987 7685
50 8413
5500 171
7244 2864
5936 7699
5214 308
6329 5982
4454 3039
4164 4167
5794 7472
1882 1301
5001 5445
6907 6617
3394 3116
5584 841
66 3509
4355 5887
2613 2681
3112 8193
4849 6533
1841 6681
6045 7072
7309 3656
6557 109
7144 5025
3195 2983
5295 1515
7127 3377
8152 4906
7296 3889
3304 1979
184 2587
2054 2114
5053 3714
626 7399
6933 7167
2889 6184
2630 6629
2250 2149
6561 2904
5133 1910
1997 6376
5122 5095
6914 5878
6051 3947
1201 1894
5548 7753
2283 4678
4660 5490
4886 3277
2735 3916
1093 8416
6589 2083
855 5785
4009 2435
1063 2380
4095 4237
5519 2790
7958 8481
3955 4751
2230 4064
5883 7278
5958 4280
1794 801
2783 2662
5368 2057
5183 6328
4757 3731
350 488
265 8419
7447 2480
740 2319
6470 349
1819 4994
5630 5769
5209 5319
1715 4278
6373 7332
1480 2389
7083 5511
2718 300
1087 4318
8176 6791
7339 5671
7540 8113
8375 6875
5754 8092
5907 4647
5252 2947
7180 1460
7855 8338
4749 6631
7926 4063
6928 5355
5837 1886
2292 5453
7737 7498
7551 1006
7450 5074
5004 3264
6072 3096
7949 3823
2845 6415
3656 2714
1184 7479
1844 6776
3660 1199
636 4675
6178 6753
3456 2010
5307 1416
2305 4066
4343 1952
2272 8351
4593 3523
5642 1344
3775 3188
3932 960
2664 2739
7352 1244
5653 5611
8111 1637
312 4347
7329 5736
1595 2024
1820 6284
5227 2825
7093 616
1009 3328
7814 3232
7857 6350
2776 3533
6765 7759
955 1855
2891 2768
3485 5470
6134 3501
5471 7002
3740 7827
4982 5657
7470 7758
4945 6046
3469 7025
5212 3391
7007 4971
846 1437
6019 3986
7005 4903
5097 505
6484 4629
3437 321
5130 4993
1489 3985
8085 4568
6490 484
8216 5867
5829 2879
5967 1905
2298 859
3627 4807
7320 168
6312 3677
7903 809
5568 435
939 228
5079 5804
2716 4981
1703 3250
6455 3873
3897 5684
4951 955
6935 6604
45 1628
6766 3256
4657 5733
553 328
4213 3685
1069 7915
799 2784
8393 2346
1114 3593
6683 6582
3378 5758
2300 6479
4715 1503
2496 7936
6058 6522
7130 3439
99 824
5315 2582
1807 1511
2241 1604
4482 6928
5672 7406
8054 1334
6574 3872
6485 5719
3699 5009
1972 1610
2274 2087
9 8018
5052 8497
1303 3108
6204 8446
2110 1372
6510 6521
8341 6561
5697 8484
2862 6357
2660 3094
4486 5227
852 6264
2436 4618
5868 8133
6259 6892
7266 6188
1218 3798
680 1594
7213 89
4965 8213
2989 186
4131 7214
83 1469
7480 5972
3514 4229
7052 3144
7292 7657
3957 6516
2455 3667
3031 978
2719 5602
129 848
577 5519
8243 3075
170 1486
7730 7704
6542 4180
6267 754
7602 3138
7934 8000
5573 3900
4338 1133
7553 6919
4240 7584
6447 7648
2135 4197
1236 6689
7896 2760
1002 5283
7245 4488
2853 256
5710 6190
1412 5540
7651 8206
3433 6109
6132 2223
5266 1439
3895 1307
1822 7337
7252 350
6070 7610
5773 1691
2178 4649
6693 5569
7910 4886
3624 3585
1567 6221
8217 3059
7666 4328
7933 554
5333 4900
4082 6096
1148 6639
3005 8473
7578 1571
4374 2016
7963 7676
6775 244
4949 6056
7411 7633
4569 3485
7657 3567
6565 3674
7993 3271
340 5330
364 2810
5245 608
85 97
5321 7357
1152 2392
5788 3982
492 6447
3697 7346
5058 39
7819 6840
5337 7189
915 1429
4964 7859
664 6013
3524 5462
6644 664
3064 2502
1446 2764
2005 950
207 7364
8116 8143
2975 3026
4834 2530
6223 7080
389 6994
5524 6436
7665 5465
5922 8417
6098 8008
836 6030
690 4530
4491 1112
1290 6997
4708 2510
1833 1999
3088 6556
4319 2728
6465 1140
3373 7351
7185 624
2986 5984
4128 983
4884 2732
2484 7653
3657 5794
4273 2660
1119 1590
5996 6738
6420 2650
4260 1158
6755 430
197 8451
878 856
3850 87
2596 7555
6202 4244
3466 5269
6412 198
233 7213
5330 3226
7444 3653
2443 1197
3632 2465
6950 5413
1523 1295
8432 986
5811 5386
7911 4865
4990 8458
3225 6023
2746 2563
5051 7785
7456 3007
3556 7743
6059 6048
3803 2755
195 3219
4617 8486
4407 4005
1590 4639
5722 6071
5951 7160
4663 872
7891 8225
5185 1025
6452 1128
4718 604
7734 6802
8369 7360
1534 6789
8127 5065
5992 364
1720 2177
6393 7939
1363 7629
718 5974
623 1942
7719 1903
5778 5828
1027 3254
1348 6275
6599 3418
4728 4426
3631 7630
5741 5849
1875 5770
3342 3307
4013 1563
549 4333
6718 4576
1758 4156
5628 1611
3797 576
4031 4558
876 749
4035 3680
7285 6237
481 2736
5928 1464
3237 1063
134 8106
366 5420
435 2853
8044 2040
1379 501
7973 6979
1769 4962
7654 4983
4014 358
7095 8116
445 6502
7731 3678
1573 3606
3708 2643
8269 2529
1492 112
7086 3215
847 5351
6975 184
3506 5851
2798 1288
5223 7172
2222 6458
6437 5403
4554 5212
4371 504
5080 5600
3596 933
5339 1170
285 2079
3353 8125
4664 4119
203 3934
1658 5527
6158 3625
2682 477
4680 3441
2056 2269
301 6588
5615 4165
7717 2017
1656 5545
7016 1568
5823 2761
1346 6280
3894 2645
3220 6269
4369 6594
6577 5105
1663 8056
3231 4054
3041 2540
4545 5138
4633 1267
8406 8169
8429 4744
3930 1270
1214 224
358 2835
2508 7806
2050 363
41 7522
7977 2265
1317 1520
4203 3050
23 7532
6351 1099
4177 1588
1927 8063
6711 7983
3193 5043
6477 8293
970 2053
3390 6583
5639 8171
1498 7027
5533 3135
2113 2936
7594 5442
139 826
7446 5995
6209 1829
1456 916
1550 1986
4433 8158
1164 81
410 982
2774 1422
4190 2418
7550 1575
8274 5012
1553 96
4158 14
3993 4605
7832 3841
1333 1261
5736 905
8049 1880
1116 6793
5286 1970
926 3619
2878 2946
6652 2211
6338 211
4065 242
7257 8412
4504 5745
7946 3568
5959 2781
3179 4026
7845 928
4989 1706
7209 5993
5721 7742
7704 4692
4526 4235
7264 7005
5034 203
2732 7923
4888 5658
6724 997
6757 5556
3498 3106
2131 5660
900 1036
7784 4542
3376 1816
2639 8238
497 2553
5727 4729
2720 3114
2330 6679
415 5467
5359 4982
4361 1478
2267 5680
2134 2101
7631 7751
4536 7931
84 5489
4041 5693
3461 4720
5971 947
4928 1949
6332 5275
2767 3397
4677 5732
6274 5338
2114 8114
6564 1004
4462 2336
6151 5100
6698 1852
6280 7352
4081 1378
3404 1828
2315 543
5372 6115
6918 7791
4278 6770
86 586
1513 3777
6936 5977
5411 3735
6266 4820
1790 5621
7622 4008
2522 5316
6971 7510
1846 105
6160 866
1356 6719
795 1891
4410 5790
3943 5428
6621 8299
5566 4002
1500 965
7199 8362
3811 1021
1641 6887
5713 3696
6887 1232
6054 1963
7104 3019
1554 5834
5113 4433
6568 1110
1856 283
796 3354
5547 4578
591 4827
7613 495
7587 2829
1229 6931
6255 659
1522 1090
4212 4502
7970 5378
8359 1419
3441 3614
5453 7239
6505 5113
2335 3173
3661 991
442 559
693 6489
2322 8180
7978 3021
38 4661
57 4975
6398 3199
2297 4319
3392 5050
7585 2837
2884 4604
7889 3580
151 3426
6943 1385
1129 7858
6156 2304
4032 3521
1671 4596
3568 3534
3974 889
1106 3098
2665 1579
5502 4474
6676 2993
2930 1153
2924 7577
4028 1927
4202 6987
807 2073
2015 1360
5517 1342
6502 7615
2918 3292
1653 4669
1840 2185
7306 6262
3559 1273
5232 6069
1058 1410
2710 4287
6188 4929
2103 2424
686 3662
4092 7342
3320 773
4646 7605
4026 6654
6511 8292
2055 36
1358 3912
7194 7867
927 6239
6824 8173
4858 3295
147 1921
6020 2547
4932 6908
4379 3897
7815 7855
4880 3488
8446 2630
1239 8430
2650 7808
4310 7271
6026 5094
3344 8494
3636 2613
7979 4915
716 461
2310 940
4895 5332
499 1818
3643 2591
1037 7169
6900 4871
5609 5859
4426 8319
624 7274
5366 962
3155 3976
6503 1388
5153 2963
696 1530
1903 1392
3176 2305
4188 1944
4992 1282
7570 2189
3899 6202
967 629
3835 8274
6896 1022
7493 7720
2119 4757
2254 5282
5211 7518
5164 2297
5293 6449
7154 2474
3846 7313
5226 7370
4414 7092
5685 3862
6954 5210
950 351
232 7569
4145 4809
2084 8330
5158 541
6 6929
6870 3474
2558 3034
5549 8268
8482 7312
4109 5184
4753 1042
2562 2210
739 2395
4721 6895
4696 8203
3057 2157
2791 4200
5451 5780
2395 3002
7825 6286
4644 1349
7937 2031
4960 1268
2377 3995
2793 4324
4518 41
7677 42
3812 3371
2729 1194
5542 1879
3837 8215
1801 1888
8261 5130
2003 3507
1100 7647
4673 6330
3920 379
2649 7900
5198 8288
7010 1899
884 4057
7295 8459
2757 5564
2584 4850
7164 6066
7683 3639
5263 7077
4075 372
7207 4071
7722 5452
2256 2483
1144 4892
8301 537
7888 4688
6229 6494
2659 1010
3174 139
6506 4241
4248 8003
7431 4780
1871 6474
8199 7145
2694 5936
4405 123
954 6444
1075 6866
2601 1245
1593 6798
6161 8038
117 3234
940 5816
2704 6332
2627 374
7980 121
1099 3156
7864 5852
5577 1093
7063 3346
455 3353
2965 3812
4252 52
7289 681
2892 6608
3037 8025
4325 7988
1578 3272
1276 5068
6744 4096
4097 3475
5010 5226
3201 125
2489 6606
32 2090
635 7463
3420 7428
2391 6507
929 496
1701 5759
1685 8355
1190 1106
4023 2461
3286 5114
7087 3047
5835 4879
257 8342
6500 2751
8108 8035
614 3972
2006 6863
7205 4471
2325 563
4300 3182
5906 1699
7496 2555
6306 7127
6032 6787
6141 144
124 7121
4080 1666
1245 5426
8473 1080
7153 1015
3313 322
8498 5901
5544 8219
2842 8184
3127 7059
3077 1121
7537 1024
5041 4766
3842 3763
6221 2826
7419 8327
8142 6912
7397 1436
8447 8019
5088 1597
7410 4150
1124 5588
4231 499
5838 6981
1147 3818
4330 1833
3408 5229
7720 954
2969 2362
1227 1659
3018 7837
3118 451
5089 775
2349 5499
327 5762
6919 3835
5949 8017
7357 4767
2392 952
7183 2850
6427 3551
2304 7995
1169 2596
8157 2648
176 1984
618 7084
7067 2420
1502 6352
2507 6656
1273 2580
2414 4771
8492 6168
3198 7740
5075 743
1068 5750
4610 3000
6119 2074
5496 8168
4138 4159
2434 7397
7655 6408
6779 935
341 3013
2282 7838
6388 1811
611 2070
6495 4772
857 4456
2397 1457
7583 830
7838 8482
3891 3591
399 2280
6358 6834
5253 2943
5134 4528
7818 6260
7849 2517
7653 1650
4224 450
8242 7516
5919 179
480 3419
8427 3996
6353 83
5915 455
3965 7832
8059 2026
5406 5375
5149 3765
2951 1760
2311 1155
8281 2717
7755 5592
1605 6372
1926 6925
7915 4947
3191 7692
7301 6792
3297 3249
7314 7723
8247 966
1909 5625
7612 4455
2999 3479
3609 3427
4312 5515
3020 7766
3293 4232
5167 2342
247 4262
1995 7823
380 494
1684 4224
3476 930
3718 667
6206 5846
3295 6539
4070 5715
4218 1190
1585 538
7850 7682
6671 6736
2548 2196
6203 4217
3868 601
1747 259
668 5071
3319 3711
145 6173
6592 459
6236 1037
8481 5668
1757 6784
4275 2867
2691 6548
6125 5389
6884 6963
3798 2860
1764 2268
7262 6618
2583 4294
3210 5301
738 3333
1066 265
4412 5674
1462 7616
574 371
3875 3920
505 2184
7716 2762
1648 8090
4693 4712
2753 3706
5575 2077
4525 5929
8496 6209
6097 4724
2499 75
6654 7469
5898 3143
5351 6193
1796 6394
3727 774
3762 3829
2758 4209
459 5864
7967 6127
2399 4800
7768 3668
205 5078
6073 2250
2365 393
1299 4714
7345 4976
1416 6420
5655 2091
2910 8350
6286 2131
276 6043
2488 1801
1777 3851
6279 3048
3314 769
1442 6248
4184 7247
6678 776
1987 2677
6227 8153
293 6600
513 4651
5363 6795
5765 6889
2695 4858
830 153
6792 3409
91 7302
3583 5730
4498 1989
46 6135
8422 6125
323 7779
1551 708
3892 3315
8174 4518
294 646
1434 2106
1981 636
6024 3702
2763 4554
5877 2066
3215 5173
2668 6783
6603 7795
1543 50
4416 8233
4986 7715
1512 396
4530 8247
6153 6226
4523 6705
2237 8465
1679 3760
7091 1803
1940 3756
2711 922
7571 2037
222 4686
5497 4303
7436 8118
7385 7986
3384 2920
1296 5895
4621 3131
1070 6948
3989 4934
1716 6416
6422 6351
5764 6659
2662 5308
4765 4816
477 6406
4845 973
5120 8296
2182 3746
2896 7621
2476 7125
2615 1727
5126 695
6617 3734
2052 6342
489 23
6840 1354
865 8432
2170 3908
6777 8368
7802 2574
1986 7366
7103 3308
3867 4216
1407 7031
5264 2241
7399 1351
3541 6614
5720 6148
5963 8335
2047 1560
4796 785
346 829
4057 5615
4469 931
7513 6632
7569 1162
249 6192
5207 1159
8344 3852
3725 8126
883 7549
1906 2163
3551 5973
720 3784
6387 3355
7564 7865
3774 7989
7623 6081
6570 5801
107 419
5436 5698
7918 7697
6864 2606
7615 2462
116 4374
2885 3502
3717 2918
923 2372
8197 704
7488 941
2500 1749
3786 838
7471 2801
4907 4860
4133 4619
3169 3979
7936 2621
1589 7841
5830 5209
4179 4134
7323 1548
7829 2296
7744 135
127 7094
8489 7811
6804 111
2745 3086
2168 5847
7075 5291
2467 1310
8474 3535
3387 3157
3979 1919
3612 4864
7799 6568
2073 6227
1432 6955
678 305
8279 6208
5388 7013
2787 1558
2188 2068
1570 1962
6466 1247
5990 2470
8022 6498
136 3993
4560 7527
7366 1218
2082 1053
4885 3396
2570 6491
4691 4635
5155 1997
6713 1397
5424 995
3723 8329
5604 7029
7381 763
2358 2987
4922 7880
5678 731
8342 194
5031 5951
4085 1399
2271 4225
5953 813
5607 4312
167 2051
5753 863
7327 4574
3393 8263
3322 2093
4458 4829
1052 2607
5243 2128
582 7209
315 3747
3947 7911
4557 3720
7338 5822
8205 2449
6148 2384
1851 2042
7246 5839
2429 5434
1792 1933
2143 1991
7376 1966
6747 1532
1269 2044
7600 7296
5494 7339
1782 5004
452 2692
6953 2815
6362 6675
8125 1665
3280 5222
8401 2186
6066 7894
2449 3989
7751 4914
7372 4408
2747 1644
1912 4726
5867 1239
6533 5356
8154 2110
5927 3417
4034 1651
5526 2207
4866 7284
8190 1764
1877 434
7026 7738
5008 6253
4267 7019
4734 4575
6642 3285
7428 6027
5670 3809
3721 2311
2492 7674
3315 723
7765 4406
3374 2409
6832 4125
3561 252
4877 3200
5567 2293
8003 1707
8349 4856
2111 3635
4107 1875
1587 4290
1301 5909
6769 2285
6270 25
660 4395
4463 599
4311 3819
1635 2521
5074 8046
1120 5629
174 756
5267 6229
7158 3948
1670 3172
8277 7909
4476 4837
1660 688
7494 4516
2741 7485
7023 5189
828 1537
6841 7515
4591 6016
6056 5670
7076 2940
3983 131
8002 3500
6834 3121
5422 1813
2201 6424
5467 1545
2935 5749
563 7955
5028 2213
3354 2777
3490 6052
4563 6201
639 7991
6294 3822
6347 7413
8418 5815
7908 6619
2949 2118
6835 1621
3267 6142
7618 4944
4050 6131
223 7765
3813 4172
5633 1434
5486 1844
7223 814
1805 5748
7994 7268
5503 3170
7778 2126
3714 2364
5574 7912
5891 1466
8033 6405
1600 2038
1488 4685
7048 2105
53 6648
5636 8298
6107 5526
667 7972
4524 3830
1879 4843
8070 2272
6700 1317
4303 5855
7688 6430
6375 4103
7990 8493
3787 5609
6239 7814
987 7645
7813 8098
2859 2639
6649 7675
3616 8328
501 8177
2071 6674
603 360
2430 4684
7662 1138
8179 7861
588 397
4265 4101
1439 5796
8241 2614
7120 6492
6699 7240
6771 2012
3667 5
912 2509
7753 1085
8144 4598
4352 7810
8352 6571
2559 7451
8131 1535
4587 7452
7454 3413
4043 7277
1248 8142
4170 6915
7439 4389
3817 3937
3324 771
3570 4836
5932 7793
5619 716
2792 6496
1542 7906
4185 2331
6298 5964
5686 1499
5613 4551
7182 3142
7749 6145
2133 1663
6037 132
3623 326
5281 6322
8223 4158
4831 6136
6959 5411
4058 5605
6247 6364
4870 433
4445 5268
6606 2214
6027 1696
4047 1998
3114 4491
5982 7805
3266 7993
4285 3110
5948 7043
3863 1490
6651 2161
4971 3864
6145 5877
2705 509
4222 5176
2721 1525
2509 5122
5826 5354
6602 8277
2696 2569
441 3146
2354 1877
2726 4722
8271 4682
4438 1951
2040 273
3698 7579
2836 4282
1991 266
1354 1661
7422 2796
2435 5944
8252 261
2290 3313
7373 5941
5425 2005
4144 7628
7371 867
4124 1417
7590 6375
3039 277
2563 163
4562 655
178 8264
88 6888
1988 8021
186 1149
7064 5669
5086 5795
8449 170
4911 2431
2826 6615
988 1815
2216 5775
7369 2822
8005 573
1484 7794
448 5908
2954 2458
4725 4917
7971 5304
7498 5662
6152 7928
7945 6036
1138 6487
669 2052
8323 3212
6636 1717
7099 3704
7673 1655
1235 5093
3625 2839
3724 8367
7502 6541
1289 3241
14 2753
2320 4283
5393 3607
5570 71
4839 3331
1773 5845
1633 4595
813 4163
3129 63
322 3268
7505 3893
3093 2709
7360 3660
3288 939
7834 4187
5873 1923
4194 2532
8478 3028
5029 6314
3232 2634
3658 6871
5997 7300
5055 4783
143 5177
7117 8061
1274 6943
1810 2766
6619 5155
5756 2729
512 6573
576 7411
6635 2402
1752 4839
8251 4967
2860 7829
2754 4073
5905 5083
2332 143
3537 3783
2257 3612
6277 7362
8264 4325
7359 7935
1932 4000
3061 7367
7438 4681
391 1973
6164 6666
54 2586
6344 4899
4955 2299
2645 1001
5070 2330
7466 523
3972 5067
1905 6766
4442 4509
7957 3807
1108 806
6376 8410
6052 5029
6062 7440
3125 1169
1966 2375
465 8086
2394 1698
7942 7844
5606 4202
5274 2294
1481 1501
6428 4127
4045 1556
3608 4052
4963 552
3796 2078
770 3010
7515 7222
3010 595
7337 1778
3369 5553
5731 791
3011 2224
6457 7684
1655 1758
5894 7108
4727 3020
3275 1734
4168 4059
8246 6715
5608 439
2932 6623
4941 15
3642 5913
1389 1355
7767 3770
1625 7488
258 3153
2863 7050
3871 3140
4277 5536
729 5856
6608 2230
6923 4062
3326 4597
6576 4198
8460 1236
6201 7235
7313 5030
1036 4561
5162 8084
8249 4091
7557 3782
5076 2929
7897 3673
4208 98
1920 1981
7697 2950
4129 7115
1520 6425
1996 2886
6529 4473
3726 1047
5498 7564
5755 7634
2129 5298
7821 3379
3730 847
3345 2127
2914 612
822 2160
7739 4793
1281 7083
3417 3726
568 8112
2331 927
1824 3103
6104 6721
6712 1542
3505 2013
2093 6401
3177 3036
4760 811
4985 884
3172 5940
2409 7619
3998 2961
3778 530
381 6311
7599 1000
707 689
7893 2050
6317 7662
3565 4416
1606 2489
4418 2900
1450 6876
3063 4154
7029 162
8078 4179
8095 2730
7664 880
2463 999
5035 5244
5049 1271
7595 1507
5513 4884
4840 95
1332 1787
3463 1713
5535 213
3367 5774
7656 4377
6509 5751
4906 56
885 7311
2830 3768
5644 1574
4489 2413
2494 427
1111 2134
1155 2292
1265 2856
4706 4487
4568 4499
2586 1957
4994 6150
387 7583
3166 4506
7591 3506
5785 2512
2057 6941
5641 4532
4755 7188
4913 7066
2411 4402
699 5905
4088 3811
6007 304
4821 5551
5943 4213
4763 2705
782 658
1806 3725
7721 5546
3529 479
6067 5305
1982 7089
1162 8077
6000 3388
5738 5166
5666 1177
7281 6711
655 3306
677 8378
628 7202
2029 7533
6170 3453
694 7987
7806 6223
7773 5506
5661 4613
224 4514
3317 4556
8220 2999
7824 6972
1199 7681
1610 6101
3988 1965
3234 4560
5726 7179
5708 1826
1934 5672
2176 284
6039 3450
2406 2081
5984 8289
1163 332
4356 1426
6442 7994
6563 1901
5798 8313
4580 7414
6849 3343
3261 7255
7469 2200
7686 1773
3258 5734
4698 6913
8110 6234
4509 6587
433 7131
3364 4937
4434 8030
2139 3434
1257 7600
6435 6107
2769 1700
7690 4083
56 453
398 1321
1896 4331
2337 2332
7880 7432
6668 1849
676 3669
3241 7574
3270 7562
6512 5738
4887 5395
4069 4484
2215 1211
1802 4572
8072 2793
474 1309
3281 7046
5299 7497
6354 6572
1598 3499
7318 5358
209 2708
348 7204
1795 1449
6688 5495
3634 7667
5384 6064
824 1519
4575 3442
1786 6862
4257 3293
6662 8463
4334 5187
7707 3975
1181 2468
3712 1804
7981 4272
653 378
93 7598
5478 4881
5565 7142
1549 3698
783 675
3635 6481
652 4440
7269 5263
5063 5171
4799 561
7887 1356
1697 1327
4854 6799
6782 1367
7852 6455
5660 6701
8467 7417
4779 3860
2978 1690
1602 151
4475 4381
7331 1289
6290 3757
1051 5587
3944 382
6021 1418
8411 7434
5699 2661
137 7291
1013 7460
6945 1066
3734 1387
152 4017
6732 7599
3841 5158
656 2270
3303 6569
5938 4566
5048 7372
2265 3404
6616 2921
304 3374
5820 1293
3190 1541
4640 7831
5965 2316
5173 5299
6920 4358
1483 3394
7263 6244
870 2334
8004 3006
6584 3910
4447 5678
2115 3211
2424 6699
27 5844
175 694
4768 6616
3671 1496
4817 6869
6101 118
3874 3940
3526 6816
5531 6026
2462 1692
5297 8228
7718 620
4381 6317
2738 1136
3754 677
1187 3899
6612 2359
6005 7722
546 733
3936 161
6547 2646
114 7513
126 3778
2844 2813
6634 8447
4394 8138
6356 7496
6459 5915
6082 29
6697 1745
5924 5927
6454 3658
5969 262
6750 90
377 6366
4516 1731
2539 821
310 7586
2472 7418
2012 917
2338 5310
2384 4085
2031 900
3182 6324
8358 8167
7617 6532
4137 4585
3301 638
6404 536
1929 6441
5012 2583
4342 2117
4182 489
3818 2412
5468 4717
462 7287
6515 8257
362 3786
2501 7904
4780 2063
1431 1606
5391 7688
5413 1123
44 2538
4432 4122
7943 6622
534 2397
8469 7620
6099 3027
888 7947
2992 1754
4140 2036
773 7122
394 5900
4514 6217
4460 4090
6111 1014
2794 1404
2196 1678
3308 188
5093 4699
6264 3311
5125 3071
985 2741
8305 4176
1392 2072
2523 1260
7559 6567
503 6957
7415 5979
1329 4020
2893 2556
4254 7756
5279 3630
3401 734
2420 8305
3859 1871
359 885
4533 1082
4354 6687
7567 2493
6342 6714
1535 8192
2388 606
6462 1915
5177 861
2367 6015
2901 4152
4186 544
8244 3152
5027 4472
8254 5858
2821 5097
3653 1274
8355 7373
5003 7666
5331 4665
3794 5407
5612 2637
7442 851
8066 7427
1558 6493
4477 3018
4263 7405
1059 2821
5742 4846
6837 7037
6327 4754
1090 2232
6301 2750
6171 556
1531 6621
4539 115
3776 2623
161 7098
2657 3532
4528 1620
8276 6249
5522 6091
7820 758
8260 1808
2869 5491
2872 784
6033 4747
440 1377
8479 3833
8231 876
7702 6106
216 3554
2674 794
2524 4745
1418 2754
791 5768
5296 2455
3229 5899
1109 7232
3940 7984
3123 2611
3221 1089
3548 5677
3092 7446
2081 7294
5313 5340
6343 3365
3226 3738
703 506
5194 8361
1970 6598
5116 463
3888 3070
3216 3589
217 8253
7726 493
320 823
6440 5247
270 5507
1056 4620
4609 7589
6108 2168
6124 5595
2225 8371
352 1838
6587 425
2877 5194
6406 6251
5013 788
8149 2271
1080 5638
4121 3803
3323 2884
4150 1725
4315 3493
4859 6321
6740 7163
7634 2656
3578 1203
6607 6368
5879 8045
6929 5637
6105 5460
848 4194
51 4356
6611 3709
5801 1235
3139 3165
8210 2437
5096 3590
7786 7871
5461 8022
8250 249
6800 37
2122 4741
1079 8438
7124 468
1371 3637
6088 2901
1259 1772
3938 2203
7215 1881
5942 8224
8219 1198
7951 2887
2800 6470
2232 3209
2086 1145
6784 6909
3522 5288
974 399
4229 5372
159 1857
5850 4344
7534 4236
6788 5228
7343 567
1627 579
1624 532
4328 6000
8302 4808
3755 5520
6912 64
1976 7385
6838 725
1620 6189
2667 1226
5289 5548
5300 1950
6886 1812
4000 3510
4307 8285
5118 4779
2077 7901
8225 5109
5592 6562
1591 6462
1652 3158
1104 7191
8286 2535
4318 4316
4397 1945
2941 5483
7572 4704
5156 4956
5818 2870
3300 2396
5335 6710
3346 3291
4006 7910
3757 301
4467 4271
4732 724
4586 200
7290 4422
1118 7175
305 6111
7386 1614
6952 3483
4550 3301
2156 683
4483 6523
6271 5986
4294 3185
4531 5654
3487 3012
8088 5102
8093 8314
4764 4238
4220 6947
2151 7212
597 8234
4782 2054
6126 3440
2675 8353
602 3907
7326 1314
2977 1751
7387 3459
2321 6951
771 5994
3945 8235
8001 2756
6261 4370
2387 1856
7667 4166
6977 5379
434 2590
2781 3971
6228 6103
3792 8062
6628 789
3189 1627
5091 5167
1132 3001
2382 5542
7169 3505
616 920
715 2049
7733 5885
5355 6688
6951 2851
5844 8121
1797 2368
3703 6846
1136 6517
5748 3531
2403 4607
7527 1139
2786 3421
6031 2878
2229 993
7535 4798
3887 7258
7475 5875
3629 4097
6374 3943
2024 8102
3968 4466
179 5059
6478 7020
8373 5323
853 6099
2689 8107
1089 843
3684 641
3071 3030
3279 2366
4818 6194
4629 7383
2905 8318
7816 3722
1045 1493
2552 7087
5206 4118
1890 8470
4360 7716
7616 1302
6464 1668
5140 7010
1367 4305
2772 4854
2191 5401
2433 34
2904 4492
774 4855
1300 5259
3158 6067
508 8369
826 3349
3649 3935
3910 130
1077 5866
4786 7215
6308 4925
3700 3958
3866 858
963 6186
4769 6306
8400 8272
5576 5313
2442 1785
2398 3565
2461 6591
2713 8429
8433 4275
3136 2651
8226 6668
777 7636
6180 3586
7523 7547
6893 1534
5360 5468
7890 3825
7639 5943
7997 6339
3065 5725
5224 4332
8321 7009
3489 6485
6754 5829
3973 431
3444 7731
2739 1502
872 5888
6114 1561
5184 2928
609 1916
7966 1157
5978 2104
4189 3968
670 1316
4548 1830
1692 3546
4409 5825
6252 3988
6167 6182
7361 3820
5649 2240
8386 4996
5408 7752
5918 8010
8383 8044
1559 5840
4074 178
1113 1246
5495 7698
7851 5633
6215 7100
4153 276
5944 7159
4535 5096
1650 3099
3396 3587
2579 6313
7969 7435
1525 6301
1071 2883
7065 1184
3977 8398
5504 4859
4363 6592
1713 2204
4671 7316
7374 643
7472 1814
2537 8391
6937 6650
6044 7843
2037 5337
2285 4614
5275 418
3233 5923
6359 2767
3021 2968
160 1081
138 5860
1825 7386
3527 4240
3413 4868
8459 2742
1291 4190
4902 5350
4632 88
1869 4708
7230 3338
8203 7976
2286 512
7191 6730
7649 720
3099 59
2446 508
1951 3230
8450 865
5082 7433
5285 6940
6450 4028
4933 607
3767 3603
7307 7086
299 4485
3814 3132
8112 1609
1486 319
2009 7968
835 7957
881 4360
4079 8181
4450 5475
778 3904
6689 5092
620 4341
215 4760
5410 3473
3459 3808
5739 7701
59 6160
3428 6257
2706 7015
3425 3504
4823 3423
801 6178
7861 2757
7163 8418
4377 5384
168 4148
2938 546
589 5055
5460 8256
1447 542
5770 7257
5650 4044
5974 1456
2568 2686
6556 348
7165 2682
106 5436
7746 7965
5804 7979
2960 2558
7050 4590
7392 7771
6610 4007
237 3398
3008 8152
4200 4804
4767 2295
6071 7899
7219 497
4546 2167
7952 6005
3310 936
3890 4966
3430 3858
6996 4867
989 3287
1193 4959
451 1151
7455 7187
3783 6407
6714 2404
254 6263
7944 6078
166 5115
5860 6247
5323 1553
545 4220
7412 2441
2567 4449
7876 8435
2937 138
4873 2179
3685 6855
5123 6950
1005 7263
4478 6661
8419 7787
3259 3207
3820 7990
292 4274
5205 3871
640 6122
6385 6295
472 6646
2890 2622
658 4885
7143 4866
1038 3005
1607 3824
3377 5708
8166 2488
1213 4907
5993 4480
1852 18
4398 7354
2294 4397
4659 8066
5161 2166
4522 6012
6768 2310
6349 5218
188 2286
6960 2927
4327 9
7646 4698
6828 1980
1631 1433
4901 2476
8332 980
4742 864
811 5512
7192 5087
2268 7097
3480 753
1279 5627
6566 6566
2014 5241
4843 6088
431 3541
1226 1983
3620 4124
430 8423
2801 522
3765 6944
4216 6289
3773 5081
7670 7244
498 6877
5180 4046
2759 8449
3994 1252
7069 8199
5759 654
4048 1044
7022 7085
3536 5035
7882 7053
2345 5365
1939 7004
6295 6259
1918 619
4972 289
1584 1629
1429 3223
1618 5739
6648 342
4152 7860
6664 4320
3856 191
6524 5612
6810 6513
6241 6384
7284 8016
3318 2452
2426 8141
260 3950
1033 2007
7363 78
253 2601
6543 6706
5961 4233
3577 150
581 5792
8379 3876
4804 5439
8387 6771
4196 3227
6254 6391
914 4847
4540 3572
1838 2612
3070 3151
1125 8483
2083 2846
1321 2123
2148 4107
5889 215
355 4313
2702 4527
8024 996
8423 6428
6023 6671
3312 6664
4827 8088
2541 5711
1243 6933
2831 510
1006 2594
5246 5824
1978 8053
8262 1549
1362 7889
5241 2369
4668 269
7817 3204
3058 6128
1272 8402
8068 5857
1260 7119
1153 742
4648 7800
2923 5047
4819 4985
6793 457
5062 3133
6436 886
3893 5897
4607 8428
4527 6140
2481 6896
7159 6437
2025 6482
5828 4663
2259 2174
2569 1175
8008 6033
1904 8165
3440 2273
7560 4539
7074 1924
704 8232
8168 5159
2437 5020
4558 5953
1826 5014
1351 175
5441 1298
7830 5582
35 3336
1528 6878
6965 1443
2760 2572
706 6528
7685 6017
2203 2520
1700 707
7367 3684
2318 1091
4641 2137
2454 5422
6659 7146
3471 7690
7253 6419
595 7863
7300 1442
5154 5567
6498 3517
6706 5216
3838 2365
1993 3167
2041 6830
2326 1977
3145 5590
8255 5285
2423 44
6212 4434
2621 5164
762 5118
897 3560
4905 5547
7723 3164
4400 5903
443 8444
3302 7297
1135 969
2226 7227
1320 4889
1039 3831
4470 2923
6368 6694
7868 2373
5950 5146
6901 4443
1131 2002
8206 386
5038 93
2152 6167
7782 2046
5114 7126
1837 2534
4484 7200
3872 3919
5303 3387
1000 4383
7841 5880
144 5577
4279 3316
983 5503
2080 3743
6415 4789
4637 5957
6424 2307
1756 8384
5265 6644
3975 3749
2376 5406
6076 5894
4688 6772
4206 6860
7222 5318
6966 5865
6122 6550
7305 1791
6776 989
1639 938
2106 5322
1101 5746
3379 7857
2981 6774
313 3491
1468 5741
4165 7960
3884 895
538 3031
3508 5756
5643 5532
3958 33
1477 7253
3666 7617
8372 2863
6726 4291
7375 833
6492 8122
3265 19
564 4848
5349 8108
1406 446
7661 1241
3059 2577
6691 3451
3331 5179
3780 985
5354 187
871 4728
6084 3210
266 2599
4443 6942
3360 4359
1035 6885
4471 1373
2648 1955
5896 1825
113 4084
6785 7557
8464 902
5960 1209
7149 6219
7792 5573
2574 395
5040 4470
5663 7499
6803 1072
37 551
6820 3057
469 1228
1314 7554
4797 6778
7350 8067
5856 1843
8309 1142
3589 8372
1586 6554
4869 7390
7044 7898
3804 7420
6401 2592
6805 7137
8319 4521
7142 1824
3705 3267
4276 7949
6079 8356
6867 5341
7173 5112
4820 5111
5952 605
214 7525
4415 2994
287 3145
6866 7259
2690 2178
444 1781
8021 8197
4904 6165
6403 5784
7603 2511
5973 2746
763 7624
5022 5724
58 4160
6144 3791
1350 4218
5796 1616
4305 7124
6981 1278
911 2699
6116 227
977 5438
4329 4822
3602 6326
2861 4875
6593 1506
736 8385
2643 413
460 7940
2053 6002
2591 201
968 812
3253 1524
330 6205
8339 7445
645 1992
2060 1738
3388 7966
6729 5015
4113 3741
6504 2978
1608 1887
6004 6980
5824 172
8377 411
6100 3262
7628 3549
437 8415
2566 4534
2903 634
5543 2519
2385 906
5429 4648
1872 3867
882 8117
2770 6356
68 3362
2020 6651
800 7691
4157 120
4881 1221
4101 4656
2275 298
1134 136
351 6461
4815 699
3017 1619
5374 3465
49 713
8067 69
700 1279
6854 1601
5831 6700
3400 3452
5680 3176
2534 6206
781 72
2075 5357
3407 6817
8466 2970
3647 750
6851 5883
2797 5550
1200 7035
2064 6198
485 2715
1711 7495
7984 6916
4214 799
1404 8323
2482 3596
8027 6392
928 2415
2807 7280
1731 1137
2058 7322
2928 714
4505 2924
6453 1281
6250 949
2452 7798
8320 956
5709 6512
7195 3193
402 8302
3689 8472
7713 7333
3309 2340
29 7273
2742 3037
6868 3754
7370 7568
5101 5622
3165 6857
3030 6960
3211 3024
1208 3032
5098 3967
5771 1513
5025 160
3397 5057
8017 6630
360 4584
4766 4973
3713 5256
1180 21
2193 1147
7391 1724
4801 5800
8488 5233
4639 403
5947 6034
7972 7407
2816 4321
3235 6553
7847 8245
1873 1073
4684 7363
5740 6086
7315 8136
2184 2350
933 7544
6552 5219
3953 6
4722 5568
5438 984
2582 5182
965 6381
12 1390
556 1472
5893 6200
946 4700
8435 1408
3359 4289
1538 3648
5903 793
3692 5706
5827 2780
5730 4652
6521 4410
2348 7254
2252 3854
2369 7321
7437 7429
468 6242
7941 668
5251 7480
3014 4511
1057 7483
6246 1929
2700 3562
5688 7442
981 8226
4016 992
1503 5331
8338 8183
2512 3930
4146 7945
1911 4453
6231 3543
2644 2256
3046 3797
7495 7744
2246 6851
3340 3309
766 1129
1617 2473
2654 4696
6418 4552
4697 5497
7809 333
8218 7102
5432 4742
7378 8083
279 4588
2464 6440
1830 4014
4733 1178
1532 4193
805 3492
3238 6255
5690 5215
6694 5764
3197 5206
1815 5731
5324 1445
3916 5755
2198 3228
6337 8290
6514 4926
797 7448
2235 6905
615 2787
307 7783
421 5967
1850 6749
6276 4845
288 1132
379 4432
5081 2120
8175 3608
240 7570
4667 1067
5037 4366
6833 4824
1440 6029
3040 226
2964 3716
419 4672
1576 687
2749 5606
6944 6390
6488 3208
6314 5474
4493 3022
7161 5910
4953 4431
5810 4403
5626 4794
5356 3689
3605 8363
2470 4411
7676 6413
4111 410
7508 8200
3307 680
1417 5779
5658 8382
1772 7587
5836 778
6807 437
6794 406
6249 5968
1078 5404
1385 7978
1044 6504
4592 1415
2506 7099
2379 6735
150 2679
4636 3128
5520 4234
4584 3810
4011 5360
530 3357
4917 8397
3421 7864
5045 3951
6390 2956
6821 1401
7625 5928
4700 7135
5480 5075
3264 7601
2778 5501
4474 1118
449 8270
5475 8308
7580 2702
5909 6082
3824 2454
6113 647
243 888
7484 1195
2703 5106
8047 3717
3687 1462
874 7604
4331 452
1544 521
4472 3530
733 1517
3336 2391
2833 5202
8132 8011
8412 4796
4833 7789
1487 5848
2990 5574
1047 470
712 7461
3481 2434
4370 5773
4274 4266
5032 2067
8312 449
6588 73
8123 196
1373 839
8285 6785
5282 5264
925 7506
5514 3044
6348 2964
7752 448
6797 324
1361 1005
8046 4559
1029 465
3051 4261
7635 6024
6008 6921
903 1656
486 173
3585 6446
834 2758
3595 5586
1678 3073
6258 6308
4681 6473
2606 6279
5712 1709
2329 3991
6014 48
3618 380
3550 2276
5743 7500
4914 2060
7258 3805
1657 7593
2593 1669
4614 5296
7036 2107
3492 1272
1867 7726
8380 7924
5216 6836
2179 979
6743 7748
4931 6605
7592 5593
4790 1254
7227 3454
4783 2394
2490 2247
3455 7493
4862 2004
7057 2405
3019 5061
4337 2843
6862 7929
8272 4738
1936 2734
6060 2382
2468 5089
4596 7977
583 4953
1941 6946
5777 3981
7608 5534
4304 1848
6225 7725
1335 581
7282 4897
7859 7780
4441 6540
3571 1
6275 1932
1280 1337
612 2549
5433 6252
1725 3932
7794 5191
4258 6844
3368 4819
2723 3372
6006 1366
5999 2840
5878 7349
528 2075
6456 1908
5338 6158
1763 3437
1156 3054
4413 282
8263 4340
1315 6676
6842 462
3591 4732
7210 1906
8431 8284
4735 7876
2495 1156
5329 2985
286 2328
4622 4157
2190 2459
336 7517
7155 3322
3134 3350
1017 3011
4362 1494
7297 1266
7533 3671
2521 3126
2931 7511
4507 7376
183 4490
7998 7123
6715 3742
6728 5808
2883 755
1430 4308
6802 1806
7402 26
2028 3109
741 7058
2939 5541
7510 1837
8096 5925
7860 5766
2677 618
6573 4231
71 3329
6999 6388
7727 5366
1728 5287
1366 4352
4774 7830
5985 2261
3148 3994
4293 1715
7113 5217
6085 4813
711 5125
3513 1712
7633 53
5492 7449
3454 6657
7823 1308
7968 4579
6675 4413
5151 6316
6796 1907
2873 7663
6304 7953
6482 8315
3655 5893
4223 2239
4806 4407
1161 6937
5559 272
647 3112
1889 4348
5528 2938
2194 3838
3453 4386
6041 5868
4993 869
1126 174
5795 5560
5141 6112
3558 4633
958 4999
6253 3356
7294 587
6885 7930
7348 7523
4428 5879
1676 2385
1893 1555
1572 4243
446 367
792 1794
4114 4890
6850 3370
3766 591
6598 5345
2458 4905
4912 3235
8077 3693
3679 5294
2217 702
1897 1113
6425 8216
6183 5476
453 1120
4861 6302
4262 5388
5583 5289
2386 4603
3770 2649
5768 1853
5476 5160
2141 6022
7948 1538
3431 7051
268 5021
2640 4970
2599 6292
2663 3769
3790 28
3716 5137
2848 7524
3329 1526
8424 7303
2098 2748
6903 2545
5668 3817
2953 5011
7748 3775
6789 6879
717 5284
7579 4600
7102 3281
1746 316
1895 4126
2602 4715
7136 2262
4167 4778
3316 1533
2210 4957
713 5919
6174 2905
810 4100
8198 2312
7545 6962
7539 5572
3901 4392
1588 147
4853 6214
3206 7768
4561 4365
7524 1743
1948 7325
6445 7081
6876 180
5582 3478
7008 2275
2412 4204
7659 8110
858 6722
5621 5714
5261 6870
4937 7856
3130 5643
393 873
6751 297
2228 3127
318 6514
8297 4784
6309 1477
4600 6417
5157 1492
2795 5854
4272 2930
6517 325
3111 701
5399 6763
6487 7158
6872 6410
2731 8381
5291 2246
3107 1689
7172 6400
2469 7057
6904 2642
5294 2890
7239 2653
5681 987
5623 4465
5659 7328
3002 1679
6681 7709
4039 7182
1619 644
1994 4293
6590 1990
1800 5486
2359 682
5345 2446
7012 4515
2021 101
5193 5494
412 4446
8453 6138
1204 3053
7928 6222
7762 7509
5703 837
5220 2631
5309 1870
7779 476
1292 7320
4787 5255
3981 2314
7171 4610
1378 8453
4935 3925
5789 8050
2825 6143
806 6899
5400 1313
2400 1737
6763 852
3504 5723
6591 5636
3371 5054
7346 4120
4195 8340
6666 5537
1096 2868
3486 7465
1287 1498
261 7208
357 3780
1003 2893
7037 4281
7576 3724
7643 5232
4740 3194
5523 7305
4793 8291
3024 5415
5047 1438
5067 7468
1651 6358
5239 7113
7916 6118
4979 2226
1675 692
1092 432
1971 4637
4682 2115
5423 7919
3012 649
2303 7670
2008 3751
1811 3255
1178 3868
5087 82
3517 5820
6199 5213
1282 7567
6980 8433
162 4128
6237 1759
2520 312
6012 1618
8425 7223
8161 1368
3898 4790
3914 2997
2688 3120
6604 2164
1829 3834
180 6610
4084 1671
395 6442
363 1607
55 5696
575 7394
3516 231
3086 3984
8434 627
3446 3147
2486 3033
1188 6456
5068 7854
110 30
8103 8139
2974 4138
3779 6293
326 7639
7514 3545
2997 6815
5446 7034
418 8130
5056 2966
1937 2153
6175 4538
1020 4042
4800 3703
6292 5458
5683 5402
764 914
5851 3393
2289 5211
4103 302
5327 167
5026 1458
2169 7299
2623 1688
4010 2112
3828 6831
1738 625
7913 5886
2852 1339
2607 246
7846 6559
6630 5631
1255 4428
2773 6123
7630 4936
4847 3865
6238 5843
2068 1096
5427 1191
3424 2490
3117 4758
4176 8174
2971 6282
6730 2221
7504 338
2737 5326
5311 4192
2609 3275
8317 1431
3048 5161
7638 4765
4974 5150
7237 6811
2936 1592
7672 2916
3026 1049
6889 7745
1098 4891
165 2775
8133 1622
3120 2423
587 1591
2834 7881
2646 1380
3143 8191
1710 1448
4313 6369
2238 825
3693 1982
4896 2347
5728 6347
2301 868
2262 7033
3164 1023
2983 6747
768 1835
2234 1577
1842 5139
245 6511
6983 5969
1097 6729
5107 8179
8173 3540
5521 4564
3035 5744
961 2838
7316 444
6861 1256
1962 2080
956 8479
3006 4743
496 2244
7862 5234
7458 4567
2357 2899
5767 7693
7867 6673
6319 849
2818 1528
5803 3761
329 6570
4151 4759
471 2088
2916 6733
5319 2146
6941 657
2740 258
2264 2533
6181 6838
4710 1055
7960 3787
1019 5377
5473 4173
6528 4161
1776 1127
1924 218
7018 2377
2846 4636
3161 5675
1110 8240
7642 2831
6734 6841
5923 1854
1865 4737
4298 6429
1482 7276
3882 6117
3105 3602
4029 7164
3674 2064
4132 6278
2756 2926
1967 2527
373 4036
3282 2620
7280 7812
4382 4828
2551 1167
2149 1810
1436 818
5488 3728
3733 2183
8184 1336
8007 3238
8215 1846
6155 8460
5702 6762
2389 3561
4288 577
7710 7777
3497 6061
8208 2061
6057 6108
2913 1432
5011 5481
727 8399
723 7696
3500 3953
798 8105
2750 7963
7170 3352
665 3269
2908 4339
5972 3405
625 738
4366 2135
4094 6476
7771 5440
4015 7492
2206 2082
6263 4185
3246 3118
4127 7150
6281 5039
2293 1357
228 2663
601 6210
392 4927
1117 8236
4643 3771
6815 3107
3681 5032
3343 7596
3183 7502
2147 3068
8440 471
3156 718
7907 6624
271 2003
7395 6819
2251 3192
1293 4627
1564 6976
4073 6998
3214 1491
4375 2150
5913 1587
7596 2575
5707 4094
2814 3052
104 2695
2445 6965
3132 2094
8235 1463
4745 8195
579 6333
7106 8154
8390 3776
6938 5441
4802 6395
5587 7631
3530 5451
8062 7219
4737 6543
5635 1424
1696 5539
1511 6468
2174 2460
8307 281
522 5153
5373 4021
6519 8383
7492 2919
7286 5373
6410 8202
3352 2992
1594 7324
5336 5042
6801 5398
7729 6059
7565 8190
8426 2029
1158 4355
7150 1633
6035 8309
6894 2411
3744 516
1560 5931
388 5688
5955 1402
6756 2522
3380 5760
3611 3366
6034 207
1760 8489
6265 3767
2473 3762
3410 6460
8045 3659
5352 610
5061 1224
3806 7961
1031 805
4794 911
8497 1752
4125 8267
6352 3041
40 4755
2925 8457
3603 1248
2715 2440
6692 57
7693 5466
5945 4468
7129 7724
1793 5397
6468 614
80 819
6318 2253
6780 2436
3967 3278
8195 6076
8183 7721
7181 7198
420 5277
2319 6803
1294 2317
2371 1122
3954 2030
4345 4825
3784 1482
4494 5729
1724 4677
6365 7626
5417 752
7156 7241
7054 3939
1072 2706
1592 7279
2808 1582
5258 6821
6916 8031
7042 480
3819 206
3000 8344
6182 2568
7225 4257
507 7560
7025 7229
7081 7023
1680 1536
8336 4269
4326 7970
7434 6098
1975 6996
3472 6039
674 2089
3702 4680
6553 2381
2065 5192
3528 883
7265 5396
5620 2952
8020 2773
321 202
2323 4546
1862 1584
6378 5663
3948 8281
2968 2628
3562 3092
1060 7218
5361 6472
7568 3974
8438 4254
1933 6093
7293 5026
6016 5053
2199 4774
4685 2877
8214 6536
7051 741
7218 2388
438 2453
6269 4027
16 6079
3911 5579
1030 7168
1644 7032
3826 1453
5538 6655
3038 7114
7232 6204
1396 6032
6335 4952
4910 2976
747 6386
8023 4132
26 2782
6781 7120
2557 84
7490 6465
4761 2690
6764 1176
3382 4409
4008 2514
3519 8049
8476 2885
5819 6971
6643 1425
930 6759
3720 1414
8170 6463
7858 2165
5189 4706
2109 443
1221 5740
4653 1862
4968 8023
7837 7824
5483 4500
2121 7334
4077 3220
2617 1547
7256 4969
3075 2234
3230 3569
7516 817
5348 5414
540 959
2919 4690
6431 994
6064 3855
5774 8495
6558 8390
4812 1481
6818 6435
6911 5376
3287 2387
4118 7295
8148 7438
6968 185
2352 5597
1122 2472
7443 2598
1209 22
3144 3187
6638 429
1452 4908
7014 5517
4942 4147
1788 904
2138 6254
3854 2726
6888 245
1150 1174
2108 5051
2137 918
2438 2238
1309 6633
5054 6898
414 2694
7700 1234
3291 7327
8345 1406
8065 1646
2888 205
6162 7531
3203 6380
2945 4219
3468 975
8156 593
7260 5789
6380 472
7871 5813
5024 5334
5218 2463
5043 5091
8335 7075
8310 286
4054 1213
6288 2841
2372 7680
2980 5891
4559 6037
3746 8231
1541 8014
1448 4245
8457 8214
235 2267
3915 2523
1809 3694
4499 389
7742 1475
2775 2287
2782 779
4500 2407
5904 275
5937 8227
140 3196
6822 1902
6278 8071
3415 878
4579 5162
6555 8039
5308 7439
7588 4265
2651 4067
3356 8431
6444 2625
8402 6839
5450 8068
3680 4543
7204 6801
3262 6832
7200 127
8105 3363
1326 2169
2744 1187
3706 3853
8368 1763
4072 6065
4099 977
519 490
5444 279
748 2914
2603 3101
2898 1076
5328 6170
494 8387
3582 7356
7251 7245
1977 5890
4466 2129
2701 2889
8366 376
8495 3229
980 5421
4340 3764
1547 7487
6913 7760
3876 8036
6379 757
814 7992
2192 7763
1575 4650
721 3345
5664 6087
6646 1878
3003 6464
495 2216
3121 1215
7212 4151
5939 5343
3598 6409
6809 8320
3949 2791
630 529
367 1976
6289 549
6197 5245
378 8080
6313 7733
1843 1470
8048 392
3512 2288
868 3759
122 2704
2592 366
5902 6334
1215 7379
1043 3317
181 20
4868 6114
7589 8485
5981 7739
7354 7118
5651 3513
4430 2913
2085 2617
935 7104
7198 8346
921 2006
863 6970
163 2562
2920 6094
8311 3428
239 4142
730 3688
264 6124
33 1615
1055 5353
5421 5985
1580 2301
7261 8137
1613 2151
7476 4115
423 1789
1415 3683
3462 903
6003 3839
2733 8163
1688 3139
6187 6978
7573 3091
5807 2291
2529 6897
4565 1054
1662 8065
157 8135
5099 5705
2375 5934
5864 5208
4844 7773
5343 3056
4631 3175
5254 6794
6605 7210
5718 7921
7059 3557
2785 2531
2100 5127
3200 2710
8180 2765
2996 116
4704 3464
5813 6638
3532 2551
724 4943
1252 8119
242 154
3613 6155
573 5963
4850 6276
2413 7735
4078 7702
5280 1109
2140 6693
7241 4995
5108 3429
1142 7329
1250 3009
3277 1626
7674 8287
7801 4417
879 8027
1445 6524
2554 6724
1961 7501
6667 8499
2302 149
7577 7559
4427 7866
5805 2141
7743 7458
7464 4310
5733 7669
4590 4178
1461 3813
971 5831
1814 2191
4709 7679
2670 1718
238 815
281 4330
1224 2873
8 4212
3855 2009
5435 751
5970 3314
1817 2803
3110 3598
6430 5454
8304 2355
5654 2008
316 3069
1963 855
2209 1746
6297 1262
8040 2979
1192 3399
2811 209
3160 1939
1267 1154
5551 5309
515 4095
7668 1287
1470 5417
4625 5830
5238 2195
4515 5955
3290 721
8458 2618
6942 712
5143 7250
4457 5374
3533 3980
6243 4740
5536 5203
5711 3390
3750 4252
4017 4420
6315 7151
7304 5524
2618 7466
3987 1119
4 3455
8015 3163
7798 4181
6413 3166
4678 5673
182 4549
6539 6044
6131 8258
662 4930
5304 169
1298 3422
978 6374
7735 3963
7085 5904
7461 5753
4169 8337
1141 2799
7089 2
8392 6233
1466 1222
2368 4475
7986 7872
827 5317
1892 2264
3157 4019
5021 2176
5094 157
5390 882
5382 1795
192 2290
6166 3713
5347 4666
6094 3923
2278 7514
4803 7974
6176 7220
7854 1444
7435 945
3439 690
775 7018
3423 4070
5561 7042
7277 761
7750 5906
5325 7494
1196 5743
5875 4143
6544 214
3212 569
8391 103
7482 5917
2604 7902
6069 6290
2092 1331
886 7341
121 2108
3934 5772
4940 4177
7833 7421
6394 3305
4618 4323
2218 5367
4256 6454
4064 7426
3553 6181
8064 2344
1173 1822
3521 2098
1177 1930
3357 5571
995 7535
1182 3901
7038 5727
7112 1798
818 232
6786 4671
1894 7638
3858 3655
913 7952
5665 7597
4349 5172
3395 7105
1974 4920
5493 4349
3208 2321
7406 6243
4495 2188
1609 6810
2069 7231
3414 3430
1094 6575
2588 700
3732 8241
7303 1398
1923 6764
280 5599
944 3804
527 5561
1878 645
5375 881
1241 5363
4364 6050
1023 7323
6189 6393
7031 4329
1146 4537
3927 6070
1376 2386
3196 6756
4679 5628
4855 1893
5455 119
1583 6552
7640 6637
7425 2045
6883 8041
3097 8349
4420 5448
1256 4304
2309 6426
3416 1205
8308 8343
1510 346
3665 6843
1761 3634
8013 5717
2909 3469
7636 5261
1886 5690
7976 3461
8322 4006
73 7074
5007 5697
7243 1257
8491 6378
4378 2528
3991 6780
7483 6021
6939 4056
7756 4510
3752 5949
1359 4562
789 6894
1762 7315
6364 2429
2900 4630
4465 3552
1785 3304
1258 4191
7131 3117
793 7396
4227 7505
3520 2573
6399 299
1284 4923
5791 7140
7506 2703
6814 1423
3534 5455
1938 3181
7884 7782
3283 5220
1112 6149
5190 5419
859 4298
4246 335
6402 6712
3917 7344
3194 623
7 2243
5250 2099
1615 3177
7045 4909
1306 3880
2839 5649
3567 3866
331 2467
3926 4454
1910 8266
7760 840
6089 234
3350 6499
1420 585
6575 3650
2590 4195
7769 5198
6722 1364
1979 827
6149 4045
3299 2806
4711 6211
4723 5798
155 3148
898 1599
90 7116
3907 5416
7445 4788
2823 8439
1888 4683
8213 6520
1493 8120
7840 6057
5800 1922
957 7659
4975 8026
6549 8155
463 8301
4468 7073
4574 7852
2062 8160
2016 6434
3001 6826
5920 4694
4421 2370
5657 7045
4183 7845
6677 5333
5799 5017
7055 1872
7409 1757
3016 7398
6622 6755
7420 6982
2013 3584
5926 6469
3795 4660
3306 1473
8207 4805
7302 5853
6890 5996
809 475
5077 1546
199 2865
3028 4467
7035 7883
6670 3615
8282 3487
5219 355
2867 356
4270 3376
5016 7730
6908 6272
34 6196
1751 128
7912 3845
3458 6967
2581 5293
1808 3280
869 3959
4729 5077
3756 6484
5616 8358
1771 239
1170 4477
6727 158
7079 6089
2270 6343
6050 5117
1818 2852
5199 8248
6898 6938
7783 5405
6949 6147
2886 2911
803 2401
6899 1451
3442 7552
3060 6422
2915 2343
6139 684
5009 1359
6384 306
6964 4081
4444 292
604 2403
7705 7734
910 7436
6446 46
488 4727
5014 4346
1980 3559
250 8081
6946 7388
5757 6423
2145 3420
992 2092
5392 780
4357 2980
7417 5342
5603 717
3719 4753
6690 3477
8354 4114
5541 1003
31 5683
4613 8028
2899 1104
4439 5099
2089 4300
5599 3225
8191 2410
5385 6320
8036 1996
6078 1694
2187 5423
4551 2807
765 7217
8227 2229
6360 2832
6372 3490
905 2236
750 8269
788 6745
6214 2486
81 2194
2214 4582
1707 7486
6230 4208
1421 7199
2575 5381
2503 2566
1491 4626
2998 7489
2180 596
3555 60
6877 2205
5540 7314
2364 3883
2547 4817
4323 4199
3347 4540
2205 6853
2605 5958
6759 3008
1140 4423
1028 719
5487 4563
3759 368
4390 318
3411 3774
6127 1821
1091 4069
7299 7572
2829 3924
5537 3481
3449 3321
3909 4955
1672 4853
1270 8012
8030 1784
6653 3085
6601 4286
4776 6922
4255 7944
2396 2725
7364 4415
3372 633
2363 4695
3908 1683
1428 1012
8364 4841
3079 8242
8019 4504
8006 2199
4180 402
4027 5601
3351 553
6117 1095
8126 8455
1400 6557
4924 3302
2820 7211
3116 893
4387 2800
6083 3130
7229 3003
634 3600
6423 5589
539 2329
7519 2722
1518 2309
5228 5718
5445 7888
4271 1658
4738 937
5168 6327
409 3690
5525 3113
4368 6245
7201 5485
5760 5787
7123 456
4781 6371
5371 1653
2988 7999
6665 6040
7147 8246
2535 7712
1443 7519
1237 4870
6320 6969
4878 5833
7738 1341
841 3497
646 3913
5911 4367
4865 4361
6892 2237
1016 7133
4336 4010
6285 6359
906 1782
3654 8322
6926 7938
2213 70
907 5242
5039 7078
2926 8297
3285 3425
1540 6077
4594 3878
4007 4022
97 3794
6138 1143
6806 7185
6047 517
4666 4255
1405 7612
1048 3359
77 7729
7658 1864
7082 526
204 7776
5847 315
2725 3837
7319 3077
7046 5970
3781 7022
6978 4624
3801 7566
6979 613
6316 6697
4217 1275
1735 5992
5929 8321
1151 2034
6391 4844
3547 1697
6686 896
8102 3062
772 1413
610 706
8114 4201
3084 2892
4033 5324
1143 3611
1185 4447
4232 2812
2072 7068
598 545
7879 2349
684 92
3606 981
3052 8140
6075 5477
169 6685
1691 2603
7389 104
325 2933
7561 6092
4894 8364
4988 3582
1968 548
5431 6268
5268 2795
4241 759
3362 5810
5073 176
6222 4723
3242 7703
6725 5459
2600 5608
6882 1859
2685 307
757 7422
3284 5174
8360 3828
156 1126
1465 4302
6856 2942
466 2564
6121 2565
7822 2043
5200 2193
1172 2259
517 2448
2803 3687
2777 6161
92 6195
7459 736
6370 2855
523 1570
6190 4462
2155 6130
8382 5007
8421 7882
2587 7609
1823 8273
4219 4210
1964 1676
6163 3836
3199 4968
5797 4435
4053 1583
6534 1761
6580 7226
4367 1240
1475 711
6572 285
4670 2015
103 4689
2171 6025
7066 2848
1145 1800
6323 2894
5552 2139
5611 5761
6443 2447
3104 2032
1381 1315
592 4507
6993 6116
5784 7784
1718 7998
456 6788
1945 1207
7179 5585
1137 6555
2032 2497
256 5018
2518 3324
1622 7437
8056 7052
6284 3849
8186 7762
5255 7228
4828 106
8315 394
5439 2379
4784 7770
1340 5410
79 7471
2526 1186
6321 5655
5365 5827
2150 4371
15 1987
5215 2125
436 6845
7178 1595
1149 4547
7235 320
6296 481
119 6611
3188 729
6340 2836
594 4632
4211 2298
2608 4653
349 5956
2580 1403
5474 1602
544 2724
6925 2235
8172 1384
708 5163
1067 1850
6988 2669
2572 2640
1857 1319
4572 4023
1952 1135
6614 4033
3615 7225
3228 2284
1913 6757
7906 5728
189 6141
1438 7224
6826 388
6262 4710
3672 7282
4135 4246
960 5617
3742 8396
2220 3553
3544 6315
6672 8020
7575 8207
2046 6584
4358 2674
3147 8478
8146 8286
6439 3221
4296 2442
342 4206
3569 1369
6118 6047
2543 7040
4752 653
3493 7622
4359 4553
5673 1935
4599 4594
2157 3190
1024 1263
1380 6746
2347 3115
8327 8148
2421 3681
1460 3929
823 6635
6905 2647
339 1168
8075 3581
6857 5361
7390 5529
8465 5664
427 5394
6990 4476
1767 7890
2465 2148
5980 6645
7271 6985
158 4718
7298 445
3124 5912
627 5549
3640 3733
816 1303
4295 7737
7543 8424
7013 5811
4136 1557
4808 7561
7188 61
3245 5461
7863 85
754 7534
3538 1605
4142 7613
2564 3847
2616 1070
7675 4039
1861 1242
2159 3105
5322 7130
6962 6287
5863 1325
4555 1009
7276 5034
5882 7456
5397 2676
4703 4931
8060 3038
8343 4621
877 5412
4825 8006
7240 5409
1032 1455
506 6004
3735 3844
1325 4984
2917 1559
1026 2345
4199 2959
4149 6300
5554 5581
4816 7951
751 6820
7090 4910
2671 5088
1216 8198
3087 7138
6198 6670
4998 76
429 748
6469 7618
5684 1544
7757 2996
3630 7281
6637 698
6133 6927
1061 2518
6513 16
8011 6348
1813 635
6535 8208
6848 7384
7914 6628
397 7021
1025 1792
5505 4391
2239 6731
5278 7820
4096 2499
555 4964
2045 7689
5786 4674
3496 6305
1499 2544
5302 3025
2728 7326
649 740
7701 1832
4003 7476
6216 5922
8200 3997
4645 7803
7522 3518
7351 6647
3847 650
1240 8468
171 2891
1408 5493
8073 4739
5817 3203
354 2122
8325 1430
101 8060
7995 921
6219 5817
3204 2872
6560 4277
1083 5594
6705 2097
3646 8357
458 4092
4408 1031
7040 5778
8410 4713
7024 4003
5880 3266
1748 5821
2475 2432
726 6852
5102 145
6305 4522
6615 7347
8428 8311
1998 4357
1957 3259
4037 3040
1854 3998
779 4401
7418 1566
3254 1318
5717 4049
567 7134
5934 7272
3305 2954
4649 1291
231 7668
278 850
7548 6163
1088 4972
7487 1495
6077 4781
2123 6418
5419 7096
4402 1019
7043 5642
732 1884
11 4496
484 4153
4720 2251
6210 1775
4872 1405
839 5651
4437 8087
890 2543
5930 8189
7221 1173
3327 6367
7478 4264
6339 2721
7780 7736
2636 1631
6811 7677
1798 4182
6463 7491
4372 7065
6361 2701
790 3887
3451 3326
275 7719
3600 4550
4658 4483
7554 4730
3029 1108
7923 6414
6749 8172
5030 4136
6081 5070
4576 3414
2799 2289
1176 7747
1203 5230
8164 1485
2595 7964
1569 8307
951 642
6310 1762
3980 1714
64 3433
1327 5926
6248 7234
2487 4878
8374 2974
6957 8261
5931 5837
2822 1300
4268 7400
3701 3206
4547 4270
6357 3511
3224 1160
2102 4221
4731 908
7001 219
7895 2182
3677 7632
2439 5737
1244 3202
6302 732
6562 2039
8162 1048
6855 3718
5387 2352
1864 7117
5946 8464
8032 5632
3996 4295
5290 2219
3956 691
5217 7064
1473 2602
2902 2657
2018 5129
135 2257
1425 1038
8194 730
2312 2804
5597 875
4692 6717
4317 7014
1884 5871
2263 5488
735 5385
5845 469
2840 5838
821 5027
4809 4513
1985 7749
2067 6626
4665 6602
767 383
7413 2896
637 6901
2956 1427
4401 2644
3341 3977
997 2737
3782 3283
1922 8040
200 8075
8228 4589
5983 722
1283 7007
385 3431
5231 2376
478 8294
5186 3470
3711 2398
3479 2014
5192 6246
2827 5647
5564 3529
4253 953
5100 6761
3137 4616
6831 4631
1681 91
4201 4965
2959 3045
6414 2371
5104 6558
8333 4011
5394 1105
284 1969
4059 4520
7175 1508
1228 6918
973 487
6336 1060
2308 4353
5015 4258
1459 7885
1714 8386
1645 5679
902 1079
4159 1179
1345 134
4851 6329
5095 7625
3273 7576
2044 1823
7883 8013
6346 1379
1709 2937
7528 8042
3919 6607
7810 3906
4162 7643
6086 195
931 6781
7365 6001
8113 7392
4025 7635
3445 1101
1887 6175
725 3216
3192 5988
4289 5252
1195 7956
3937 6822
1189 3640
7196 910
3510 5707
862 1043
8365 6505
5781 6702
622 1396
2641 7611
3386 7543
4446 2172
8462 7474
386 8223
5457 177
6408 3514
3921 3290
8094 7262
6483 6593
1682 377
332 7484
7006 4591
347 1788
7092 3460
1339 3779
3695 524
4123 8498
6660 233
6758 4168
7547 6865
1347 1348
5383 8347
6411 2958
516 7203
1737 4898
7033 6744
24 782
7108 5098
6902 6075
6865 7925
4093 2222
7929 1150
1103 622
8399 3827
6581 7206
4244 420
8294 943
4534 5267
1555 1780
7775 4013
7800 4380
1497 5656
2948 3623
8437 792
6518 8048
2066 7801
6963 5921
6386 8400
3878 2667
1563 6228
3843 4489
8350 156
8472 3898
4549 2977
7497 8237
4930 309
1458 5028
5914 7606
1959 5793
2240 3973
2707 5782
2647 361
7604 3436
2247 3369
450 7755
780 2552
4459 7038
7679 3692
860 860
289 1766
1251 4382
8031 3515
8159 7875
7032 7041
4830 602
8039 1625
8071 5498
1517 3100
1831 6634
5115 1928
8331 1735
7278 6191
2280 957
112 3622
7408 3922
4747 3198
3751 5681
4996 5344
2780 1953
5839 6551
3545 5952
2355 5359
6927 352
4650 5239
1727 6120
6396 3160
1318 7846
8470 1623
8129 4444
407 1111
3240 1027
5761 1934
2090 4171
1721 790
461 4924
8158 3941
6597 6014
4215 4608
7904 4459
5236 6309
2991 673
493 7879
1743 5783
5775 1185
2153 7375
3094 7877
4046 7918
4281 3060
2299 907
5706 7603
6852 10
6508 7181
6624 7665
1953 1182
714 807
2342 293
526 336
2614 2197
2634 3792
6787 464
8051 5806
65 7481
866 8466
1855 7932
5793 1250
3122 1035
2017 1389
2973 8310
2573 1652
8137 4117
4856 3498
1388 8373
621 8057
1667 7818
1686 3340
4068 7382
3365 3159
4775 1701
353 6224
1539 4802
5418 3772
302 1107
234 3407
2219 2428
5585 6902
7167 502
919 3055
5378 2744
3833 482
1441 5368
1165 7402
295 6340
5196 7917
1597 4146
6355 4342
7955 4792
6827 2501
7878 3432
7078 4327
5815 1946
3978 4573
1506 3410
895 1180
1233 7450
5210 8074
5317 1280
5632 1527
2528 5814
1768 4928
4811 5463
7137 5610
6620 7161
3883 7425
962 6767
6647 7521
7641 1212
291 3065
2474 831
1073 6337
7964 626
3146 7714
2894 3058
4510 3537
917 6403
3269 1057
537 5383
7003 5253
3946 6542
1050 5781
7088 4838
2112 7706
1305 7595
880 3816
3619 2882
7287 3526
5618 5270
115 1742
6741 8250
6017 2975
335 4948
5617 2482
8026 1896
6467 4207
2030 7775
947 1446
3852 7512
6001 1002
3361 7651
6211 7330
6177 2624
2401 4108
3864 4336
467 7088
5273 6159
3523 6727
6146 1329
889 5514
893 7573
4813 4958
5353 2718
2666 7575
7000 3325
7473 7839
755 100
6595 190
6974 8052
7377 3150
6629 6988
7122 4810
6287 5449
6191 611
3102 2231
7921 7110
8388 2062
6843 7982
4105 8374
1950 2955
4920 1461
20 1292
6283 3401
8280 8123
8357 3571
6110 4581
4756 3258
4301 1882
5364 3564
7827 2142
7004 7700
3865 5607
7452 5196
5257 958
7682 7443
3673 7107
6232 3466
3152 4076
8130 6678
5822 140
3298 8496
2943 1687
5272 6121
5312 6640
8494 1721
3886 6535
3906 3042
3922 588
3678 7355
1693 193
2681 3918
2204 6961
1105 1851
3816 3067
5137 4299
4577 6397
8189 155
1629 4088
964 8109
6448 8091
1514 5346
8029 4580
98 7233
838 3638
5376 1836
8124 8230
5222 7358
5869 5603
3501 4872
3247 5528
3049 2792
3483 1869
7416 4438
943 760
3015 853
3531 4350
663 7548
2841 3766
3564 4812
1759 8377
3652 6478
2007 1936
290 6742
688 391
1863 7368
5152 5292
4309 4111
4225 6010
6645 4445
5092 1324
2806 5484
3648 2808
120 1783
5395 2759
4100 2786
8484 7980
6218 2208
2448 8487
4966 3137
7992 5045
432 7343
3986 1925
2221 531
4567 7786
5682 6185
1632 1732
5276 7920
6091 412
4383 7713
1234 2279
2851 5193
1646 8407
4104 1994
7053 3563
6434 1346
4192 254
2765 454
3675 5971
1341 2495
5402 7076
5625 6488
7356 6917
5569 1964
7394 4577
8167 3074
1062 7165
8417 1276
2555 2989
7959 7290
2565 2627
7811 4051
4785 2716
6400 5062
3970 4260
8169 8442
8000 1165
4736 6578
8395 7285
1449 2828
5881 238
1636 2738
4399 8379
953 3555
6240 5446
6522 5578
3491 3122
5511 7905
4292 7193
894 5544
4654 2789
1516 6281
5415 5392
5696 8437
2408 2817
3535 3183
1115 1847
5283 4893
5501 401
8265 2778
4954 51
521 1739
4496 4001
5247 7835
8234 237
4411 6298
6538 3174
1537 835
4662 2707
2095 2144
3173 4375
8109 7301
3694 6154
1401 6973
314 4184
5235 375
7807 6336
3952 7797
3918 8162
8389 6157
1205 2772
942 5558
2393 6525
1779 2058
5452 3938
3268 3740
7355 862
5772 3246
4141 4942
5716 2805
4744 2525
1266 1554
4417 7387
2684 535
1616 5682
1501 7298
5812 357
2480 8159
7084 8156
3464 2854
6825 1166
7501 3992
4299 4419
1601 8278
2635 2783
6260 5473
2950 1866
2542 6448
3542 5896
3482 6003
8385 7186
3402 1540
1295 8089
2402 6450
210 5619
416 5543
4903 2907
4290 4009
3069 3697
5132 6748
3928 1827
784 253
6880 3927
2281 5108
371 5933
5662 447
8283 4311
1167 1277
5170 7457
5645 6382
7607 6725
4588 6433
7930 2173
1015 3237
8151 7761
5318 3066
1275 7216
2390 3444
374 5604
2832 6310
2692 3752
2762 7184
1928 1649
3594 4450
7715 4643
4897 783
6761 1350
4602 2358
4228 2266
6984 8411
6906 2584
710 5624
6791 7819
3403 4950
8287 7641
909 5104
2498 2315
7629 4087
2779 5596
551 8243
1744 290
2957 1876
5792 4043
3763 3884
1770 387
4404 5665
7712 7903
2870 3944
7080 1092
490 7822
2096 632
6708 1573
2416 7591
1880 2632
1262 6680
6196 1102
1253 2546
617 8099
6013 1210
8289 5126
4741 6212
7424 5726
7160 5136
2620 890
1387 1617
3159 6304
4347 5713
6458 4951
390 3848
6536 6396
6537 3651
4553 3588
605 8348
6745 8445
6858 2084
8416 7393
300 3712
6947 6041
4210 1959
6710 1947
1722 2932
5059 5429
786 672
6679 590
2378 6642
5420 2731
7393 5777
3960 1883
552 7336
4049 2957
4341 6586
972 4351
5750 4545
6473 6346
7324 3373
1870 6370
3109 7430
8471 4939
4598 2422
7151 7985
949 715
3885 6362
1360 3195
5667 3332
3503 3574
7974 4658
7247 7508
3502 4137
6594 7826
2164 2597
1042 4941
6721 1682
4647 8151
4582 7732
542 247
2812 2399
1382 6914
4770 1204
1723 2659
5006 5722
218 2020
2942 2011
5571 6266
5414 248
6639 8211
4690 4657
1222 4068
2478 5653
5762 1428
3184 6824
6783 6848
5874 7148
3325 4734
840 5063
1530 7090
7107 3626
3043 6813
6494 7774
7931 8395
1322 592
4346 225
48 6273
5832 2770
4674 4430
2284 6641
7119 4486
4249 557
1566 3795
3924 422
502 7470
8069 295
642 8209
4714 6341
5171 4938
5479 3093
7116 3960
607 8034
4958 5694
5362 3888
7407 3297
5776 5432
4181 4977
5005 7942
2162 423
3951 7256
5128 5870
7999 3449
2383 3576
5853 4628
2598 7008
5591 2353
5314 4121
3617 3577
5358 3083
118 6538
7692 1144
3789 4659
6527 4701
7426 710
6299 4842
7593 3933
2091 6992
4479 4791
6982 4425
7791 665
1288 267
850 4306
5671 334
2296 1550
6709 1041
6208 7482
164 2417
8222 3233
8430 1164
4713 4388
2577 5303
819 8201
5110 3097
8028 5803
5447 4144
383 5003
2279 7769
8232 3645
1328 5084
1324 8425
4322 1323
689 558
1868 2668
3825 8408
2142 8452
4071 5565
509 7082
3748 7335
2483 6740
3068 3952
6798 5983
831 1723
6426 5456
206 7318
42 6812
227 5701
4440 6291
6061 6663
7626 152
8371 7093
4126 4390
193 3781
4384 4041
672 5443
2752 2802
7485 747
6159 5197
5769 3548
5732 6053
745 7870
3777 4384
6863 7813
5562 4104
5508 7389
3592 4053
648 1730
7681 3180
3113 3403
5872 796
7885 7157
3831 3869
2160 1543
1902 963
6345 6603
3877 5380
5631 6924
7764 5149
177 4055
7549 1710
1568 5134
4060 1693
948 8166
5386 1900
7311 7847
172 4169
5381 5321
8081 5523
3383 4035
7875 5336
2101 5295
5249 5119
2828 2688
1393 5251
1687 8304
319 2320
2181 7467
3171 5147
2419 4508
5693 1874
3044 2433
873 2776
4148 7571
804 415
3 5661
2669 2233
5989 7842
1729 912
2328 7821
368 7809
8351 631
6656 3863
2970 5272
4393 4437
1007 4400
1739 7293
7606 8280
7056 4494
6471 6134
3180 3178
5725 7071
3731 3631
3633 5023
4777 6166
3645 2712
5341 4725
3218 2559
5269 4731
4204 2341
2260 27
2451 8326
7270 5510
8259 8420
7121 1312
2629 7933
2871 5659
5669 2206
7308 1716
3457 2154
7047 2001
7797 8073
2727 7111
4925 7444
7049 1200
3348 416
2074 3636
3607 2910
4795 1028
8347 3082
8253 164
3066 1421
3034 6389
590 4756
6897 5131
370 6910
1391 2281
2906 2664
317 5408
4929 3149
3823 5961
7925 5327
5674 3161
4835 6412
3900 4186
2415 2133
5900 2218
5470 7289
1395 8471
6739 572
5848 4883
3791 4398
3217 7171
698 3750
8293 770
5558 1007
7663 473
7920 2931
2314 2998
6813 3063
543 3861
7812 5064
3651 4736
7340 2363
4391 8145
5968 6782
3370 3351
5023 5920
1989 2354
4707 4060
4980 686
776 7926
6053 1131
4566 8085
2972 7156
2761 4301
7759 5937
1467 5480
2966 926
7224 1394
5987 6475
482 4644
8397 8394
3990 2515
3022 7907
7347 8252
7562 1375
5191 7896
986 4307
8143 4918
52 7981
8236 1148
3992 65
1338 6900
1018 2691
2922 8255
1969 5006
356 1529
5060 5302
3518 6991
7872 4099
6120 2666
8394 2665
593 7536
6366 7340
2405 3843
3465 5742
3478 3247
8177 5157
8107 1667
5409 2494
4976 6105
5109 2749
3728 2962
2809 5195
1581 520
2947 2915
2457 1705
7109 4776
1444 514
1881 3136
8160 1065
2425 3643
5734 3257
246 5069
845 7308
5437 1913
8330 6867
2944 4833
1464 4862
1900 5667
2477 5040
2679 728
5563 2485
3889 117
5083 4276
4936 1381
7097 7101
5675 3652
191 7139
752 4978
5284 5362
4702 341
4701 892
6994 7317
1828 4787
5638 6873
8237 1572
3753 1660
1194 513
2173 2635
1791 3707
8037 8426
5581 5618
5175 4625
619 3435
2553 5747
7077 1518
3381 726
7110 3842
2466 6483
5833 4851
7902 5689
2127 4785
7785 4735
2011 4228
2619 6882
2855 5836
3250 7106
403 3965
4193 122
6220 2740
1527 5902
483 7817
426 1480
3108 7401
123 7431
3860 6267
761 7873
2485 7047
4521 3788
4773 7026
4601 6225
4172 3081
7020 948
6596 1103
7400 3911
4754 1441
3543 4123
5146 2503
6585 5265
2295 4203
569 5504
5704 6385
4686 5911
4492 4770
1990 222
6731 6452
709 124
5676 4385
7465 877
596 4503
1647 4668
2835 6806
7770 94
5139 5720
4909 4775
5499 2982
7322 4852
7197 5935
4798 1974
4608 894
324 1968
8224 4373
1331 6199
6438 5557
7174 7261
6735 1386
3007 2909
6207 6930
1198 24
7342 1793
5138 4109
3036 483
1179 3604
8012 1306
2672 3870
1402 3665
2154 7649
2687 5186
6068 5205
447 4189
998 1505
7333 6585
4687 6085
3664 5262
6790 6754
7536 5168
1159 6349
2858 5620
984 4337
3939 6172
1664 421
7898 4991
7621 6560
1702 6975
4938 6956
650 6285
2979 8317
3311 1819
2536 5516
2243 3902
6092 5640
7073 897
4221 3438
2815 4072
7134 1839
3761 5178
5816 7627
5701 3411
3785 5399
1774 4441
5292 2658
6623 5626
6046 1335
3840 4376
7101 6723
1907 4004
7312 330
6579 7490
7947 5914
4772 8331
7660 6752
6895 2190
8221 7265
6256 1196
1095 7754
3572 1088
7474 278
4339 3265
4891 3629
6106 4362
6703 8103
3272 2719
7462 2735
5042 8204
3438 7550
5465 6828
7525 600
8010 4016
3839 7526
5412 6827
1638 5329
1749 8421
3579 3384
7429 5570
5510 3613
586 7129
1626 7039
6307 7503
1787 1522
7774 2539
1197 4478
1847 4935
631 4268
1004 5257
7932 4058
2269 5181
7761 6299
8098 540
5940 5757
