8000 3000
188 942
7224 1606
2737 3964
4534 7785
3589 7091
862 3138
6548 6927
1297 3974
5100 2349
2043 141
7929 7554
4097 4407
294 5947
3020 6301
1140 2262
7081 1580
5873 5565
3754 3591
3470 7463
417 3006
1149 7400
3928 2579
1369 355
67 4952
2940 2715
1236 1631
2144 3602
4406 3362
3699 7368
5945 3038
6977 6201
7232 7499
1030 6306
3102 4167
7534 1376
7250 2723
24 1974
6980 6075
324 3172
2256 4094
6778 1184
678 1609
2350 1401
4561 3884
7805 2812
6510 664
1345 6311
4106 1209
7581 1769
4704 5751
6048 2434
3087 2282
3587 5397
4979 5773
1124 5611
4346 6925
7806 6292
812 7764
3653 2320
6380 6140
6489 3834
5540 1442
86 140
1475 4222
398 5998
7351 1597
5743 2806
430 6946
972 5324
5834 7137
2667 728
1866 628
747 6397
2164 4422
3515 7794
5056 7235
6712 4181
6216 2372
896 7431
7965 4163
3849 214
6155 511
6042 7849
6538 5701
5655 2928
6335 6438
2158 2727
5846 897
235 6240
5784 7806
2217 5309
655 7618
4581 3750
1750 5471
1556 4246
7163 6720
865 948
5619 2759
1027 7651
646 2198
7122 7453
1641 4701
5774 4936
2707 4394
6091 4036
1361 6489
5618 2661
6900 5795
712 2933
7799 5703
5125 6389
1701 6335
1138 173
5667 1619
6379 2444
2906 3484
3 109
6069 5883
5973 778
2447 5841
5 222
5467 6577
301 4381
7533 801
444 5234
6582 3289
2421 2606
2416 5748
7850 7746
719 435
2309 7233
908 394
6606 5344
5104 6003
1985 2024
702 5009
5630 827
1338 2267
3715 4200
4916 1808
1102 7205
7396 6936
7576 7671
2894 7362
6208 6949
716 5533
6174 1037
4355 288
7104 6815
5156 4473
5620 4162
4200 683
4375 2017
5243 4841
355 6101
4290 2004
4291 4098
7617 7709
2875 5950
7709 415
7210 964
5346 2633
4193 1605
1761 1645
5015 3545
2475 5860
569 1995
4441 5247
2288 6091
5212 6133
2991 3814
3090 7013
3124 6291
7436 3592
6686 834
131 362
1142 3680
5093 3487
5084 4179
6682 7131
490 103
7270 5373
6854 7784
1139 4206
5182 3367
1919 4702
1639 6494
6605 6182
3926 27
210 1581
3991 5647
5848 3107
2390 3422
1802 7410
6899 2961
5353 2002
5636 4624
2663 2300
1234 2697
664 1307
7567 6671
2006 366
1444 2453
6756 4546
2096 4723
7949 5629
7763 7718
5159 2332
6370 3374
6645 932
2946 3439
7650 6130
604 3091
7012 3387
3153 5137
7585 299
7298 5879
2410 3913
161 1113
5078 2340
3347 4540
3909 2228
3948 2364
63 4234
1747 6753
4027 3555
3999 2430
4626 3276
3051 3864
2901 4129
5889 5551
6295 3875
3475 7060
7744 1954
7962 5525
3066 4133
1276 5133
1194 3304
4563 4979
7600 1833
4839 1642
285 6278
7619 383
3059 5964
6301 2850
887 1505
2925 5070
6821 7433
3933 2048
7248 1360
2549 5637
1658 5869
5823 6339
837 2556
6392 1042
709 4995
108 3820
217 2814
7628 2046
1929 4520
6861 1106
7946 7938
4024 6543
675 6677
3096 1688
6135 309
5915 6471
4384 6829
3505 4471
40 6768
2315 1388
53 1875
6447 4917
5070 6393
4870 569
1837 3522
7005 5515
4004 4343
4093 268
805 2051
2601 7419
4696 5463
1808 7116
5395 3278
1181 3236
3634 7397
4192 831
4279 7749
2244 7550
4809 2690
1859 453
7893 4469
3670 6870
128 2535
3088 2261
2609 2036
4065 5571
7734 1633
90 7480
6239 4361
2587 1252
4934 2249
927 7272
6651 4125
6131 228
81 3221
3746 1531
5069 1291
3471 3132
5950 4819
968 7141
2308 2676
3574 5907
5340 4929
4302 3069
773 375
7207 2645
466 3557
924 7486
2128 6028
3879 234
4242 3275
5372 7237
7992 1952
7541 3583
6389 3693
3383 1602
5788 7956
5902 543
5760 6934
1593 2911
2657 2587
7851 4116
2831 5160
4634 6669
6597 5849
844 4332
5331 7115
5160 7669
1488 6560
4046 5736
351 6551
1135 2224
7501 1021
2512 6160
6277 4821
5294 3238
2495 7338
4091 593
7093 2770
4540 5768
7150 4219
4322 492
5119 3233
4759 4102
2318 6780
2271 4784
6927 240
7810 3945
7872 6541
6870 4550
2178 3141
4536 4189
3884 2808
7021 6776
1258 3119
4885 1053
2847 5379
4408 735
540 5689
2964 2776
343 4765
1439 5588
1177 7459
4070 2864
7010 6696
1489 6365
4843 877
6162 5992
5486 6047
61 771
3173 3045
7606 7223
5979 915
1686 96
2938 3915
5179 2214
988 4347
579 1330
5435 2622
5349 1448
631 4682
2627 5319
7330 7676
2889 1969
7856 4880
7141 5549
4373 3765
6109 199
1939 4930
7072 4923
6062 5153
4461 425
1474 6480
463 2747
1973 1544
2858 6436
4253 5453
3210 3798
6882 4519
5117 5651
527 3076
4929 5750
7252 5044
2250 411
3942 1574
7620 5055
113 1121
2603 4863
2699 1459
839 5039
1537 1393
1629 2757
7059 3378
7132 2871
214 2996
2202 6123
2718 5465
6435 2571
3566 3262
7746 6635
3781 691
5477 2398
4592 3525
4437 6244
634 5185
813 674
1127 7305
6203 2532
645 264
1892 4450
693 3600
4108 859
6199 3517
1541 1066
2258 7712
2275 3643
6694 4503
4088 3808
2625 5870
395 4015
6201 1742
4167 1632
7957 1552
5993 7546
4320 7306
5961 1389
1371 6637
941 5483
5808 4106
3447 4457
4006 6591
1287 3784
3402 7282
4362 6150
2030 2970
5410 134
2078 412
4566 811
1788 6872
4608 5197
2024 3794
1169 6928
1212 777
905 6775
5417 7798
5801 314
1469 2818
2230 1848
168 2626
6287 7489
3780 7007
2223 1070
835 6119
3953 2851
3821 1055
951 4795
2567 7359
6053 696
5511 2158
782 3969
3252 138
1428 6084
7445 386
356 6654
3425 515
3571 3652
991 6016
4488 6138
4943 2601
933 409
6790 7674
2854 6145
4190 7561
2102 1888
2184 60
6842 2524
1383 4035
7583 7304
3030 3726
296 3047
109 7176
3080 3143
4735 2466
5491 7001
16 890
2426 806
142 4633
3097 7993
1312 2377
2555 6229
3816 4894
6903 1372
7780 5683
4326 1177
216 3370
4219 6760
1311 5217
6317 3004
5504 6787
6138 3766
2086 2957
2975 4242
6143 1643
2855 1654
7970 404
2001 7595
4105 2136
6617 1220
7521 4816
4785 736
1214 4563
6807 227
589 3574
4901 793
70 2900
3319 4836
4367 2977
4442 2912
739 5049
3050 3797
4603 4586
7888 5104
5131 3479
799 1101
4237 6712
322 2250
897 2947
7376 7682
1889 5541
3994 5224
1167 5377
3227 63
7246 4663
4360 3968
1038 3158
5463 3136
4445 5079
3597 6542
2245 936
4768 4752
4476 2857
7819 6564
4473 497
3556 4323
2951 6524
4912 4718
6599 2513
571 1835
6671 875
229 2519
7920 3291
5422 3429
4158 459
2724 5513
3121 2689
5642 4973
3772 6407
4113 6766
1152 7813
6890 6227
1165 6621
3204 2589
2697 325
1622 3607
738 2151
6892 681
2617 1832
3239 7454
5256 3096
5805 3653
1464 7390
1676 6241
801 3566
3053 4389
4444 7654
2323 3286
5229 6235
14 7796
5068 7181
4514 7726
3930 7567
6881 1666
5363 3655
5027 6087
2004 3521
114 4143
7457 4087
1854 5408
4257 3175
6588 7383
3196 706
325 1201
7080 1426
2000 1411
4585 1610
6412 6217
6226 6426
3067 2755
3897 4938
6783 7380
1515 6501
5497 1390
5674 7071
6933 311
1332 3195
2206 1159
6375 6053
666 6282
3000 186
3398 1929
1042 17
5900 4649
6235 6663
7778 5645
2569 5497
2979 1497
1404 3779
144 424
7339 5372
5948 5012
549 126
1615 1708
7796 2941
6270 1150
7798 10
4886 2869
5210 6755
6381 7967
4632 5410
5706 5942
7424 7732
5050 7185
2690 5298
5700 7564
1370 6398
7466 4788
5399 4264
4503 51
5893 5865
5616 3072
7881 3083
3296 349
7092 5501
5396 920
4267 1621
2862 5159
4159 7098
1387 1870
6563 3295
6093 7155
5090 1206
2331 1441
4117 2433
3735 6459
4222 5570
4404 3133
6057 6742
7563 1205
3345 531
6616 3229
6248 7121
4681 600
1920 4012
5485 4346
6959 6415
68 5561
4546 98
2427 4518
6343 2772
7114 7228
1319 880
6419 2735
5658 5412
120 4451
4989 7970
7118 7791
3901 6481
4471 4194
3644 6245
1911 5903
7863 7012
2464 5799
6530 1260
488 5194
3502 5433
2471 5360
6534 894
2366 7827
5684 7687
7144 1062
4168 4878
7077 3523
578 3962
5404 174
5095 3163
3185 5004
5652 1416
5772 233
6177 6239
5721 725
1702 2263
6552 7589
2800 2861
7953 3263
2365 35
1727 2236
6763 1370
2193 7363
5733 3432
4584 1719
1144 4405
2722 3103
2270 1104
3446 1134
1497 239
5366 6499
7750 1204
1227 7042
2279 3508
1530 449
1634 4595
3738 7841
3804 6220
1787 2744
1498 1029
3559 836
3688 5352
6742 7817
2253 2876
5268 3702
3529 2405
3581 7730
4410 6358
75 5974
989 440
522 348
5453 6295
3752 724
6320 7445
4412 323
6767 2800
3939 3271
7847 5495
694 4212
3783 4
388 2152
1942 2147
7605 3594
4054 611
1406 6836
7629 1883
7735 4545
1690 7017
6500 2220
3984 4170
2995 4088
1321 407
6266 7096
5416 574
7739 3850
3908 5213
4727 1041
7194 7627
2678 2590
5023 3173
1412 1199
1649 4672
421 6701
3343 5866
1672 3906
5545 262
3512 2563
6302 7447
1209 1371
3940 1683
7984 4358
7675 3408
1146 2832
6581 1428
7571 1089
3863 6442
7321 6427
4762 2917
5529 89
2557 433
5692 6572
1508 278
687 6281
456 7819
3486 1154
7156 4602
7614 3483
1681 2615
3822 1419
4761 753
3140 6378
6719 1470
2506 2217
13 7188
1409 7050
7637 302
4453 2930
4171 504
2477 2179
7276 6940
2728 3274
1989 6595
7768 3267
620 5684
2966 7441
1216 2281
5231 7808
7774 4607
3695 3061
5281 2159
7425 1464
1479 3822
7924 360
2841 5110
4994 5648
7126 5721
5992 7461
408 6272
4288 7444
909 6882
4012 3660
7749 4577
5260 940
5198 4496
831 6648
3861 4638
2987 6154
2035 295
4121 1352
3364 2778
1281 766
4120 3024
2548 680
497 7372
6703 7361
1349 1691
6043 5502
3255 4660
7314 4060
1621 3341
5158 3827
5748 5472
4001 1124
2111 7407
2190 4309
7244 2286
1271 3018
4616 869
1655 6947
46 253
6415 6957
6834 144
4857 6029
7318 553
3016 4310
7189 6724
1952 5752
3624 368
2438 6238
2782 2986
1517 7583
4387 3161
854 7465
6556 6610
5695 7333
2869 6557
806 6664
5248 7889
137 456
4991 4070
5075 7572
3092 2176
4176 2502
5464 2063
3370 2659
876 1138
6691 248
3241 7999
4739 6531
1115 7174
4388 1896
6019 7863
7319 3724
7306 6018
499 6450
2684 443
3076 5536
3346 4854
7657 4531
6907 4392
2340 4110
4970 3093
162 1561
2633 439
7849 7081
1204 4388
6086 6803
6867 1579
1346 911
6051 1351
4556 6071
6944 1928
1374 1496
7112 4622
7760 2296
5403 1816
3744 2952
1482 5810
5809 5042
6966 4138
7642 3515
2007 1625
7149 670
1874 7876
1653 5713
6116 7241
3443 3800
7106 1000
5899 3426
1845 5772
29 6300
6750 4756
5253 3496
7032 6679
5088 1960
6558 1503
6183 3676
3750 7252
4435 7366
1257 4233
279 2369
4077 7262
980 6
2429 4393
6310 6458
7823 954
6715 7527
775 2238
1741 2833
7359 668
2106 2137
7476 1810
7487 3677
7975 5390
751 1915
2204 4364
1511 3805
3694 7939
6729 4501
1093 7178
2525 5276
5423 2863
4236 6845
6223 4852
5038 151
6360 3512
7824 6660
6647 1235
1948 6852
3131 2415
4675 258
1839 568
2348 4772
1366 6987
5741 2512
9 7214
7886 5758
291 7251
756 3549
824 4168
2329 2041
6092 5118
2702 1476
5380 5691
4137 2295
3482 4895
3595 6266
3420 5291
5451 627
1495 7025
4596 1240
7979 487
1184 2966
996 5182
6035 7196
1121 6369
6815 5334
3243 5711
1206 6935
44 6067
1411 4652
2474 718
7090 4679
169 787
5357 3021
7941 1608
2981 3168
5906 3608
7910 6519
5427 7466
1620 5164
1170 5382
6598 5238
2743 5892
914 4046
6425 344
6604 6983
2962 7619
2056 428
1936 5895
6458 750
4966 3159
7236 1900
5213 6482
4139 5306
7569 3167
913 6616
3808 2795
2533 5805
3320 7959
1792 653
5567 4847
5107 4158
3060 6474
6346 1795
470 1947
4930 7908
5701 3475
1398 1410
5292 4146
5908 6400
3072 2767
344 6714
6101 7083
3789 400
7003 3279
1832 4935
2806 1869
834 6437
5193 7871
6757 6279
195 4994
5133 4792
7042 4704
5172 5365
4283 6784
2839 5093
7509 4708
1095 69
6296 5931
124 7761
6058 6209
6478 1317
7179 1054
7304 562
1768 6528
6308 5255
2768 960
4535 7980
6984 6434
1019 5778
4500 798
6038 4565
2947 2363
7162 61
6037 413
3690 418
7066 3628
2759 6462
2680 7896
5276 4485
2880 3873
4502 185
379 3164
6631 557
4749 6490
3647 749
7779 2293
3312 3965
5686 1658
3539 1455
6350 2385
6012 1444
2832 6518
647 305
2787 452
1968 4239
4064 3428
2010 3102
2610 561
2493 1502
7161 2066
2434 1136
1196 1669
6169 775
3137 7734
5944 4845
6196 2655
3600 6885
1984 4700
2414 2654
5880 2613
892 4348
6265 332
3189 5658
2224 521
6521 525
244 5028
771 3492
3829 7829
6895 106
2821 5859
5096 7045
2546 2414
3430 2868
6330 4311
955 5257
448 7376
528 3090
4862 4639
2969 6762
7808 4986
4669 5904
3480 1524
7507 5331
2911 4228
2783 5121
6722 7318
590 3858
3867 6687
2708 1893
2845 5826
7439 5858
3605 4619
797 5764
704 1792
5798 3848
1454 2333
4126 1727
7827 66
6132 6749
2455 2711
181 1456
6033 1003
6787 6748
2305 2491
4827 1765
436 3333
3732 2635
3760 7208
2370 6055
1343 4797
4719 3792
4990 7327
7545 2551
3766 4090
7478 3665
6669 2138
3534 2477
5418 7236
5866 2181
6453 1536
811 3790
6761 2884
5863 2531
3250 6290
7393 7106
5946 1280
3496 7092
74 4961
1249 2303
5539 6038
3448 6141
5488 1572
6981 4363
1491 2522
2277 2474
7427 2740
5712 4178
7770 829
6781 4066
2573 1035
3360 5099
4637 2441
4559 1151
6670 2248
5206 4011
2191 1082
5852 318
4911 1385
3616 6675
4405 7937
1817 1110
3631 1868
1375 283
7923 5599
697 78
667 5232
885 4202
1990 4007
7761 7097
3122 471
143 6799
7573 3226
6096 6322
3599 7460
696 1876
6001 1812
7385 3691
7859 6662
7549 4907
1704 1358
1296 1085
3058 5081
1386 4516
6441 1997
6329 303
4890 7737
2115 1728
7655 4931
3056 1784
7691 62
6626 4057
3291 2394
5537 1223
6145 115
5110 7277
762 7475
78 6331
1400 1481
3489 4416
7102 5718
198 1684
1725 3118
3793 3982
6271 4486
4452 4210
21 1770
1811 6553
1476 6021
4460 5563
6418 6681
2005 4214
5081 1557
5411 6879
3946 2494
5123 7401
5452 365
4293 3688
931 40
6632 597
7402 1956
2586 3345
5442 1751
6924 82
1450 4790
3019 3355
4068 3640
588 6618
1059 3886
6830 3040
2156 656
7540 6826
4149 4002
6772 2450
2343 786
6841 1141
7397 6453
4643 6341
5199 7031
1136 2558
6225 2705
3114 2153
3771 4951
5858 7090
6064 1723
7518 4715
3826 3813
963 4059
729 483
6949 6931
6804 1195
6826 5218
5598 5436
5544 7403
4308 1957
3869 2716
3591 6561
7229 6807
780 7356
2443 5632
2452 1973
7682 203
947 3731
7887 2169
4104 1469
6635 866
6853 7916
7082 7213
2286 3698
5594 6070
4347 2673
2187 4500
5870 2968
96 107
3279 7678
2885 2560
562 2068
2478 5411
5919 4338
4672 5546
5586 676
2321 2371
4715 638
5962 5745
1693 1424
7643 5024
3654 6991
6572 1412
3547 1725
4365 6773
3510 1920
1168 1596
3148 1012
6661 6204
134 2720
4196 7529
516 29
5576 1771
54 6213
182 1032
7860 2962
3270 3185
1334 1143
7370 2025
7290 6491
372 4267
1659 5999
1675 989
1618 7523
6759 1820
766 7420
2867 4101
5844 2798
1158 4020
7326 2251
4485 1943
1604 3900
4554 1090
2469 1587
2408 7570
1954 3803
7868 4548
6211 929
5600 4605
7014 2337
3095 6833
4019 159
95 1800
83 7650
7148 4721
7170 1566
6015 4744
7103 819
3558 3339
3778 275
4287 4640
412 2593
787 4777
7897 3615
4 4697
1008 2905
561 3489
1015 4916
1129 7264
5209 2064
6517 5833
1213 5898
6835 7326
936 4552
6967 3293
4205 5016
974 6612
2514 7203
6367 2173
7316 7016
2430 4366
1067 4403
2932 3741
5532 6670
3463 1304
5019 2317
5426 179
2698 1383
4363 3032
6313 1179
4812 6388
3758 1711
938 528
2093 2255
4802 5181
5786 3830
2996 6794
5091 842
2467 4185
1912 2226
7041 6132
3790 4259
7239 951
4023 4470
4465 7626
774 588
4872 5456
2032 7437
6098 6603
5821 6498
5228 3092
3396 7180
4740 7883
4505 4632
7213 3280
7762 1174
1172 650
2133 2054
3297 3316
2596 5068
2291 1753
4623 4502
1778 468
827 5043
4724 4980
2879 5200
584 1176
502 3031
4923 1887
2361 7516
1657 995
1081 4933
5047 6113
2378 6454
1974 2083
1153 3214
5072 7670
4393 507
91 5963
3257 6155
4687 3252
5162 4042
2171 391
4201 1655
277 1922
5769 3142
223 535
3403 5798
3625 7884
5304 2148
7645 5296
958 6559
6629 817
4275 6520
591 4462
2367 2319
5001 5491
1225 6363
3823 692
4264 1518
2120 5674
6393 7952
2789 3052
654 5615
810 5292
4356 5069
7696 7211
3251 6706
6990 7747
7473 7905
6071 1396
1210 4627
2003 4681
6578 4956
3306 2172
2825 4655
4904 4896
7340 2724
937 5294
5224 2822
2965 3821
6197 3187
7451 2642
4007 3424
370 2118
3089 5210
4560 5398
191 6248
1607 3008
2453 5427
5407 2315
4143 6111
5493 5876
3190 2167
7833 4029
2433 7136
2460 5553
5926 1603
174 7243
1793 3835
1389 3338
3298 4914
4967 7349
5077 509
2177 4789
6249 2771
904 229
292 3666
2917 2748
672 7779
7260 6194
6751 5308
6394 3520
956 5665
1198 3966
4721 5032
5976 904
1518 482
2425 2059
5481 1841
2166 1811
7999 176
5771 6320
4572 2713
7253 7587
2717 5690
7346 1514
7633 4735
5405 4217
4318 6170
512 2382
4312 3922
3536 4651
500 5325
7168 2882
1822 3375
4543 3930
6060 7194
3369 3927
1331 2542
4259 6857
7986 1489
3868 3420
2710 958
6733 721
7391 1635
2109 4726
7133 6955
30 2007
1402 2539
3673 6080
3674 3120
6665 1775
473 4312
5391 5960
6422 6729
7931 4564
7279 4428
5446 7276
573 3513
5680 2612
4478 7766
1656 1532
6833 7690
1091 3257
6820 4431
6941 5791
498 4666
3697 2559
5462 3633
2641 620
6876 5552
5584 4049
5032 5208
3317 5063
7116 4924
5499 3791
6182 5759
6543 5249
7624 609
1947 1391
6450 7087
2571 3228
7519 1563
6918 4581
5219 4368
6462 5429
5578 5564
848 3789
3662 7917
6267 396
2924 3471
2479 3416
6648 2750
36 3434
15 4190
607 2627
1755 2365
3839 3025
1014 3012
4611 712
49 5867
2556 7173
4238 4647
4821 2074
4533 2877
3372 5827
847 6448
5004 3504
4686 5250
2992 962
1391 2086
5036 1487
7852 2411
6427 3675
1483 6302
2994 2069
3487 5850
5419 1897
1094 1866
6232 3694
4648 2308
3181 3641
6934 6812
7344 3959
2719 2515
2543 2737
6585 3774
4523 1825
3609 3082
362 6834
6620 5112
1645 6902
475 6588
2110 5374
3542 3692
5273 5522
119 1237
6857 7887
5985 1507
329 6487
5817 549
3832 3014
492 1902
6752 7604
7166 479
2755 4391
5646 2071
5531 472
5726 2924
252 2714
4028 7004
1685 7728
1829 4511
4620 3220
4147 606
3014 5650
995 4570
2934 5047
1794 5198
3698 130
5744 2793
1904 5592
817 2375
2174 6534
7693 1432
1774 6383
3530 3881
1887 5383
5711 1855
1991 4134
3342 3033
6157 1033
5040 5523
617 7582
4002 6356
7378 2287
679 4509
3820 4413
3660 2129
262 6570
730 2001
2145 4997
6649 6200
7766 1123
2784 5241
3213 3941
2895 7921
2799 6791
4401 7698
6123 7373
1185 966
2952 5756
7084 2112
345 4676
3226 6944
6280 7108
5474 3656
6284 5824
441 1937
4796 7485
1756 3042
270 7061
1007 6584
5691 3862
3731 1265
7363 7427
3768 4302
6905 112
1569 3124
4531 1867
4741 7428
978 3075
2640 147
6030 2093
110 3283
3199 973
785 2950
6070 840
6931 852
1502 4738
5909 7334
2203 6149
6744 988
3167 97
767 5211
759 5363
5827 5823
2393 3423
2670 427
157 6122
4685 2820
3245 6624
2212 6323
4295 7089
218 3511
6391 730
6936 7514
6818 3131
4509 4901
1519 2639
6607 687
5758 4580
5996 6976
4736 4295
7192 1799
6871 3162
3202 5794
3049 1517
7183 2907
5358 7261
5421 2910
6615 254
2656 1311
2662 3625
5878 3353
2623 4404
102 4084
20 538
4243 3130
778 3106
1921 6952
2054 2819
1493 4038
6432 3867
1595 1849
2369 1968
268 3352
1926 3631
3992 4742
2597 1164
6677 3211
829 7340
6044 6257
1290 5285
1041 286
5092 6186
38 6255
140 5269
3630 1930
5483 2186
6945 1160
26 3180
3172 4306
4157 4383
7504 1967
7575 5587
3377 4737
5923 2297
1886 2683
1748 2187
2703 2789
737 6317
517 6332
2205 5976
4217 2745
6387 6733
5516 4977
6746 2189
3465 2076
6999 1733
1317 5282
7915 7930
7759 3888
5371 6740
7871 4830
779 3169
2062 7760
752 6538
1163 7415
2036 6420
1084 1555
368 3912
7602 6096
2387 3759
4940 4314
5604 3349
2600 7416
3003 5856
6987 7705
1000 5302
7233 3036
4268 4424
6766 2836
2967 6469
3551 6678
7947 2629
5773 809
105 6968
3759 5855
2130 4724
7610 640
849 3111
7919 5726
6802 467
5736 3518
7243 4145
2731 7399
1307 1097
3282 3819
3168 3140
7772 4879
6261 7668
7525 7347
6858 5418
5051 1527
4084 2330
7777 2150
1018 3883
2638 4675
4107 2445
7177 1052
2417 4615
2689 3027
1504 7838
1553 1312
6923 6656
1419 341
1347 1983
1441 378
3224 6546
6253 5785
4470 6445
3422 917
7500 860
3952 937
871 536
1582 6906
4539 7996
5297 2103
2544 6142
2278 3532
3685 6863
6363 1575
6554 5882
3719 1822
580 5660
3858 702
4477 7729
7432 31
7720 3767
7135 3584
503 6764
4314 2719
6973 5454
1977 3227
514 939
7922 7877
735 4538
365 7855
6930 432
3836 6666
4908 7279
3775 7293
6187 5793
4688 3377
6358 1023
7818 1698
2038 6774
1223 4052
5473 1230
1717 2322
4897 2636
840 933
7109 6349
3260 4760
7085 642
4651 888
1560 105
439 6452
6812 4839
1481 5967
4830 1680
5796 7456
4913 6698
4791 4623
5307 1279
1403 13
7088 5462
1840 7735
7022 1242
6567 7418
5722 2949
1561 1212
3709 7100
3785 6521
3900 1079
4035 4959
3079 4746
7342 4953
1484 4307
1282 2625
4815 6937
4338 1731
1547 1760
1528 7872
5547 1918
5247 1030
3613 4330
961 1404
6542 6972
2565 3801
2281 2425
1670 3215
5751 2388
1578 5284
7468 6728
2518 5223
6594 2182
1795 7997
5262 7903
360 2336
3391 4539
387 4435
4690 2276
2772 6875
7649 630
1353 3612
7401 1387
6640 4439
504 5021
1304 55
7368 1078
4998 7920
7313 4385
3033 7150
1073 1932
374 6674
290 6793
312 2462
7566 6634
6673 5425
3264 488
3458 5343
1148 1064
6110 6659
1436 7753
5277 2019
7323 643
5264 4526
7647 6366
2688 3502
2371 5981
2655 7312
2282 3847
3228 7508
726 2594
7076 252
3911 5103
447 2362
76 1498
6222 7220
6013 2254
5324 2213
5459 5201
2034 4016
6579 4430
5612 3940
340 7396
3740 6158
1280 7556
330 6252
7398 5681
7751 3020
1959 2067
2816 4396
3330 5507
4132 3618
7667 4833
6897 1036
3555 805
7785 3307
7950 581
3666 23
2494 3535
6782 172
4003 501
3212 6222
2919 2866
4773 2133
98 215
732 5393
4086 5221
5285 6854
3023 1429
7249 6380
3038 3845
454 5765
6654 6579
5591 5245
2412 6126
5614 5953
4684 3467
5343 2489
3500 158
7435 7476
5341 6117
3198 5127
1759 6954
4753 2174
3200 6342
6985 6984
5715 5219
4512 7037
7743 7866
2152 1738
3611 4315
5438 6997
6414 3445
2353 7584
6292 7147
6233 2599
334 3222
3459 7537
5344 6683
3553 2423
3062 2082
6148 4757
3256 872
5444 4080
57 7166
2419 1245
5142 6381
5121 5183
1074 1595
5766 6709
998 1551
701 5725
5671 7054
6054 114
4112 6718
462 2802
7027 1980
4039 3995
5737 2413
331 5096
6852 1486
7702 6439
798 5755
6210 5662
608 1664
1897 1270
2892 2511
3005 2880
5615 949
3980 352
7437 3244
4364 855
7296 2053
6299 7253
3792 7925
6600 301
6484 5932
5398 320
1200 1571
5020 2404
4834 5018
3809 7102
1642 2451
3269 3465
1468 208
7866 5240
1987 6406
1420 3346
3652 2761
1367 5743
3183 419
2428 764
1650 7667
7530 4998
4906 3115
7565 3360
1078 2858
4938 524
11 6077
2284 1882
5305 2120
5018 4467
4021 6099
4206 4530
5315 3155
6428 7665
3177 3376
7083 7765
6676 485
3495 3527
4162 3084
1567 4238
2636 6293
1302 7506
5561 5594
7173 2583
6188 5117
819 4695
1827 6228
4674 4025
5332 1028
1999 7936
5875 3598
4230 3063
695 7801
7009 4812
4814 887
2809 1885
7538 1083
6955 2366
3136 1547
227 5845
2745 5405
4755 5702
1049 7510
2384 177
6869 2992
7878 5259
34 6251
1538 2783
2509 2328
7555 6105
6592 7944
7284 7635
6953 1224
2606 7210
6674 3331
5524 3498
1351 6137
742 6100
6421 1142
5742 5322
7991 6747
4349 1695
2336 2370
7002 5098
7295 6037
790 338
7515 7056
7419 5329
7703 2199
7582 6899
3507 5944
639 3407
2649 4026
5461 2609
4965 1559
6244 3381
1552 981
7570 4643
7187 1109
5188 3748
5313 225
4973 6321
283 3449
4691 3621
2381 6399
5690 980
4636 3552
125 4064
2406 891
2843 5187
5937 1263
7506 2691
541 7900
287 4359
5055 626
6205 1568
7360 1807
3086 6786
6860 3459
6368 5348
6557 3681
501 1951
4081 5757
5549 2660
5783 300
783 6910
6613 4582
5756 6828
1401 908
2188 6966
8 4860
3457 7068
4211 4458
6269 1060
6398 91
2259 1699
577 820
4165 6189
5124 2602
4033 7513
1034 889
3419 5430
1637 3829
3919 5985
2360 2875
5384 8
1766 3186
4234 5908
7172 7862
3127 5568
1224 196
4822 3457
3943 3752
1769 5048
1943 7198
7352 7652
1243 276
4340 2827
6388 2523
5776 4665
2929 1620
6207 719
6726 4356
1613 3085
2713 2318
7079 1285
1772 5321
42 1446
5802 6783
7403 5179
6627 5313
551 3885
2161 3071
1945 3392
7666 3993
376 7458
7184 4868
7609 7245
4621 3740
5283 3836
4703 1001
7883 5357
5892 3921
6608 2018
3717 6473
5495 3022
1022 3017
4080 5996
55 622
3795 1172
4781 4915
3411 4354
1619 5613
6080 5203
7357 563
6251 3433
4936 369
3848 249
3851 6421
4670 1294
6384 5146
4174 3756
6245 2194
3830 4408
6289 7614
4427 7536
1293 2427
1082 1374
1125 4265
2095 3300
2942 3649
6946 2505
5905 7897
6331 4289
6958 5288
7137 5679
3668 1818
6154 5361
4919 6485
5114 7063
1028 5052
4941 5056
3041 2035
3922 967
3929 3937
6692 1796
3978 3461
5794 5943
3004 7928
692 6788
3381 5780
1543 544
4422 7010
3134 3951
3337 3505
1664 6361
1499 6327
1709 7452
5254 4875
5194 6011
4678 7898
6968 5991
7257 1197
7651 7578
5826 4634
3720 516
7242 955
3209 6703
6395 7375
1289 7575
5106 3154
511 6171
4181 257
7455 2867
69 1959
2671 1266
6740 7015
5059 612
6911 4099
2837 6865
582 5920
7373 2030
6322 5655
1893 2386
1137 7492
921 4692
4760 579
7558 5636
554 7945
3959 4271
7985 2671
5956 1328
6417 7183
5764 2289
263 1989
2616 1718
7758 5566
4145 2879
550 3510
7901 1215
5654 878
6784 5973
7280 5846
5953 6005
4489 3709
1731 3282
3891 5924
2341 6533
4956 457
3893 7931
5538 1827
922 783
1669 3704
6426 7776
2605 5540
560 431
6219 4591
5989 1071
6477 3815
7475 530
4659 1726
2729 6989
5638 5939
1062 108
6405 7398
592 6345
1666 7342
1131 3721
303 221
1058 6975
6822 7615
5094 4452
5028 3019
2138 2886
1344 2834
7987 821
1182 2460
6555 1778
7954 2585
7522 1892
190 1394
638 5227
3763 7870
4972 703
138 5949
948 7265
1306 3204
4744 336
1586 6076
3163 7622
7422 5616
6974 5038
7791 363
5703 533
825 7906
6497 3365
4811 1673
3071 6169
5042 1203
5364 7835
1357 1978
5574 3441
6837 7169
5289 5225
4372 2094
3520 111
3215 7707
6254 3452
1055 4725
4693 5766
2314 2241
5738 1777
6072 1565
4829 7029
7584 4313
2461 4009
6872 6191
6799 1747
5029 3369
4784 1545
7258 3690
2828 1717
2439 3716
888 3832
4203 6771
4795 6796
7219 4897
7905 7971
1443 53
4947 2467
3046 3039
52 4729
6522 2408
2642 4664
640 6268
5901 7711
4983 1092
1350 7160
4710 2763
7864 2197
2197 810
2134 5878
7701 7557
7865 3306
1365 1213
6797 4108
1413 3209
5810 3590
944 5854
1052 5176
5164 7360
1003 7605
3476 2860
0 3597
60 3960
2059 4962
587 6287
3404 4514
6117 4369
6587 4475
3238 6090
1023 854
2065 6814
5957 2586
1309 7910
6105 3089
7028 6031
3068 437
7775 4818
2576 2206
3313 6280
895 745
4601 5735
6401 2527
1875 4226
5825 1768
1584 2781
1378 7680
1805 3490
4578 3687
6278 1434
2432 6719
5033 6700
5030 1193
7844 5618
1114 7287
5753 1431
7754 1901
1674 3239
6411 7646
7554 5838
1354 6682
6002 2548
3178 1923
4025 879
7958 903
5207 3098
5063 694
1612 6156
6874 7969
6668 548
6291 7555
6755 3833
7556 4815
5572 4983
6190 3250
7214 624
1341 2937
6066 2680
1010 4621
3501 3311
1970 1665
642 7868
59 7369
6551 5720
3951 5698
3976 7339
5795 3683
1463 652
4491 4604
7288 7047
939 4055
4379 6418
4642 2023
1623 2056
2859 5517
3145 2595
1557 2245
3691 1377
2058 545
1026 7414
7542 5884
2904 6273
928 847
6633 969
3273 4482
7220 1550
4034 3773
4323 5470
6149 1628
4043 1710
3394 4883
7151 7104
2116 3769
5169 2327
1796 2500
5583 165
4221 2426
6963 7471
6023 5948
1098 1966
4607 4491
3314 3997
468 5663
5765 663
1575 178
5134 1346
3186 347
6250 5362
5226 142
7854 5980
3837 4352
1885 3443
7899 632
6443 4811
7128 4432
3043 4273
6020 2897
321 5970
2374 4421
3045 4780
5682 5576
4924 4474
4754 5737
232 5084
5500 1320
6068 4593
6832 5640
2537 4984
2028 6861
1492 3223
4114 978
2267 1881
3008 7893
173 4287
6456 1094
5490 1178
5303 7573
5606 2084
203 4677
660 4480
4689 6324
3427 2543
1786 556
7421 5606
5120 722
202 2095
2018 5163
6716 2669
3407 1938
4818 313
4962 2607
3405 3046
1668 893
4992 2610
875 2452
5350 1693
196 7038
1940 3208
5970 4325
5704 582
707 1058
3460 339
3104 7434
1372 5956
1898 5207
5002 6385
7086 6000
1820 3678
483 6604
1360 5788
3002 2006
2583 6139
4932 6851
6337 7869
4092 3772
3057 3380
1329 2538
4294 1912
2489 4240
1180 3626
6760 94
1415 5266
4409 1407
5815 979
3734 3079
5838 4466
7658 6285
2819 7325
2125 4081
7841 2039
1292 6033
5509 1652
1771 7350
7505 4976
5625 6333
1012 2932
919 4477
4490 6871
2913 170
6748 188
302 7981
3107 2149
2774 1135
2584 3246
5196 6340
5910 3272
7409 3516
2798 5610
5830 3013
6531 395
3341 5965
4730 5428
4494 6116
3115 6218
2753 1623
983 5432
2123 7217
5510 5873
1632 5635
4828 5275
7535 327
5664 4719
3266 4135
1472 2516
513 1167
3474 5165
2761 603
4891 6051
6165 5040
2091 1804
6496 7110
2927 7162
603 1607
3711 1081
6231 6334
5241 5353
1020 5260
5000 2774
5676 43
5896 5762
4417 4371
5607 5977
3211 4177
4260 6315
2561 7774
2989 3335
6311 6932
238 6390
4096 7701
7773 7576
2624 756
6202 5498
6457 3400
7263 4218
868 708
5450 2852
6480 5013
7858 1007
460 5709
3802 6605
6121 7280
2280 277
2540 5654
1791 3254
5997 4350
3333 184
2791 4922
781 6500
4622 4807
3075 3722
2415 5894
6180 373
6838 5500
4416 6805
6862 4487
5006 7307
3969 3437
5317 7439
5141 4648
2935 7151
3568 6765
6794 7723
6408 739
18 7197
7019 198
6544 210
7341 6412
671 4948
4984 983
2886 5000
6476 3887
2213 1461
5849 4014
1957 4061
1226 3210
5693 5136
4993 7142
917 3318
2778 6166
1516 7167
4746 4945
3955 5035
7710 2496
2266 181
7071 3910
2593 12
4720 654
6736 4618
3747 1735
5807 7895
7587 4479
2566 2481
6777 3719
2016 1884
6662 5738
3311 7168
3782 6894
3533 5900
3149 7055
3770 6778
2375 4709
1132 2401
380 3097
205 2782
3217 6180
5031 7278
7885 2675
7547 6909
1283 2031
2592 4910
5608 2456
821 3435
1452 1511
2231 4667
4207 4631
3749 7424
3522 3953
2260 3639
4677 1767
4462 5582
1816 6403
7247 5168
472 5775
1812 3480
5175 2455
7804 6224
7299 4288
525 5314
4756 3539
2704 3837
4383 7041
3130 7429
4667 7751
3769 4174
4789 6136
2788 6580
1305 2598
5656 3866
6307 921
2070 4869
3528 5986
1775 7790
6520 2070
6312 3148
3450 1894
5053 22
6993 7820
5014 1528
4981 4877
7388 2773
2411 5190
663 3129
7283 3317
4456 1181
129 7758
7477 3404
5127 2028
5126 1034
6475 4019
5940 6359
4680 1408
1901 3139
2090 2123
5828 5521
1625 3609
1988 3507
4390 6242
4407 1772
3380 4662
3064 7864
453 3314
7094 2347
6917 461
7384 7663
7060 4419
2497 6985
3972 4031
2052 2163
7274 7843
3593 5289
3700 4889
7869 1324
4052 1040
6366 2105
4631 5874
5267 5578
6321 2107
2864 2984
2210 615
4518 6486
2665 7491
1104 4541
6721 6716
3712 1584
5330 293
5850 6326
2373 1931
2997 4838
5067 6097
1737 2389
6707 7913
6952 7588
5240 5421
7654 4257
1718 3739
6982 5102
66 6368
2824 4182
1460 1061
5577 5761
2912 6941
3492 697
4918 5554
3253 6443
6193 265
4443 1368
4013 6823
6010 7322
5436 1970
5354 1614
688 4739
1522 4076
4662 7064
6553 1538
5666 80
3388 1031
4235 5885
7912 6532
7190 1293
7890 4048
5735 4229
6688 5399
1368 5747
1764 2029
491 4375
5959 3916
299 2708
2733 7757
1665 5848
4975 3494
1983 1599
5526 3321
2395 3415
2776 4950
7117 1342
2739 4068
836 6516
5907 3907
1710 84
5437 4515
4955 5699
2248 5922
6526 3689
6710 7520
5768 6883
5891 2479
485 4131
3887 5774
3229 1198
2357 7644
4376 2753
7231 3634
1301 4657
4464 79
313 1570
7882 3110
5445 3212
3784 1754
5011 1321
965 7787
3645 7195
7456 74
3567 2901
2928 7192
2861 7295
4986 665
2466 7998
680 2223
2790 1214
5037 6923
7375 6893
4284 1019
3912 816
7278 551
1151 6623
284 4322
3488 119
1925 2200
4617 1690
6159 5413
2599 7344
5115 2765
2820 843
1568 1433
2094 3436
7277 7617
777 3
7611 6260
1714 4494
6032 1854
7404 4230
2937 4669
221 902
2530 3861
5816 1526
2401 2960
56 5480
2316 5624
1057 3396
1417 6638
3880 3273
832 602
2574 3868
5408 6162
5374 772
4945 636
4582 4678
5456 2243
1111 7067
2198 7748
5261 4522
5215 1721
6 4423
2098 5539
3982 4751
2470 7563
106 868
4725 3177
7356 1671
1524 4157
5971 491
2715 1976
3841 7830
3960 489
3607 6790
5237 984
3622 5477
1933 6939
4297 3450
4876 90
644 885
3187 2883
3070 3112
4170 1191
7333 4460
6706 4191
5920 5489
6142 5822
3473 290
618 2777
64 4370
3935 2985
5713 5783
4586 5864
2195 5274
5338 3854
104 4262
6100 6897
5884 7845
802 6578
2082 3860
3334 7371
2725 3682
6423 3481
3328 4142
6847 1165
6469 3573
1684 559
2488 1834
2632 2974
2891 1815
3325 5020
5476 7659
1274 4817
2941 4964
6446 261
425 5542
7707 2101
2968 1763
4059 3852
1254 5132
7862 6547
3925 3541
1043 3664
935 3403
6816 6744
6678 4277
833 5717
4778 4555
3160 4987
1813 1540
6120 6478
3800 4942
566 882
206 5244
4915 6680
6609 2792
710 6689
2786 4171
6085 3197
7205 800
1978 54
7578 2190
6823 7358
4468 1971
1986 6431
5968 5307
4612 2155
1609 4292
6349 1186
2943 1787
2907 3287
5441 1627
5963 5617
5739 1611
6532 2233
3552 7640
2672 2918
4528 1026
6509 7923
4299 7977
5725 3322
2235 710
7222 2192
4892 4483
4125 1333
7348 4442
3743 2939
5778 6657
3990 1576
5903 2475
4325 2865
855 3298
3965 2465
6494 1756
3920 6146
4184 6163
1838 7002
185 6419
6516 15
391 5385
1906 4960
2480 7832
4122 2266
7443 5350
7733 1542
1512 3925
7147 7837
2773 6470
7334 7565
1513 7907
5079 3398
4231 3948
1806 7107
5987 5401
2775 4588
5073 6394
5922 4846
2637 7335
7465 5877
2589 5993
5564 2368
384 5627
2634 191
3191 4004
2484 5340
3193 4018
4583 5273
4887 3627
1857 2278
5200 131
1853 1847
6195 6993
6584 2032
945 4208
4591 6758
7543 5283
3807 2047
1809 6375
3576 3620
7460 7975
2730 3245
4541 4498
6725 5673
5770 3041
2112 458
5965 558
3968 4204
7800 815
7099 6052
5592 57
4008 3324
7714 4278
3876 7052
6800 6124
2465 4762
207 1063
1433 4567
3039 1413
6928 4280
2215 2849
1150 1886
1971 3261
2274 6725
243 1797
4144 6256
459 7559
6819 4864
2119 7230
3166 5120
2476 6410
2903 1558
4772 3630
6623 4673
350 555
583 3705
952 6527
3995 4529
5628 6622
4722 6639
4801 6970
2823 1801
6479 2967
6134 289
537 7378
4717 6009
1496 4805
5034 4075
4731 7935
5161 7528
7386 7741
2771 6868
2687 156
2590 7426
2501 1056
2856 3382
4480 7263
3393 6423
6902 2704
5787 7782
6502 161
4095 4823
3106 2845
2240 4850
1247 6455
5171 6697
335 3686
6345 7558
3633 1871
7365 6032
6125 1681
1485 7727
178 7246
80 7231
6467 573
176 6994
7145 219
7165 7303
5820 1491
2150 2180
6227 5545
2990 2448
706 4062
1336 2943
4576 761
4716 6048
1101 947
7438 5287
4090 3840
2659 1946
4884 1367
7361 3561
5252 5089
2147 2741
7634 4683
1635 2616
2060 7507
1119 1226
7895 7531
975 5082
1315 6074
5448 5304
7143 4379
2229 7330
3493 3635
4448 6735
3824 1616
845 6488
2762 3936
1470 4387
298 4745
4869 4802
5041 7891
2055 5333
7599 5062
3718 7786
6886 7547
6259 3755
1159 5708
1466 965
6839 6846
2613 2973
3964 5422
3464 3476
5781 3744
6545 1965
4087 1286
1542 337
3803 4843
165 7655
7853 4201
5716 3737
949 6435
3509 4091
1708 3029
1923 4105
597 7788
1679 7502
3408 2846
4654 2081
6191 6108
1265 410
5988 3206
6410 2165
2801 4969
4652 4320
1570 3839
5044 7285
5832 340
1703 2830
1852 204
2738 4512
2945 6849
2320 3202
3295 6866
6137 1161
4657 7393
5617 3486
5432 6457
1864 2058
5239 658
1191 711
3853 4904
1683 2431
179 7610
985 6504
2810 3347
47 7078
7324 4888
2532 4787
5514 2503
6124 2935
5835 6922
6956 699
5822 3160
1551 5015
7265 4072
5568 1192
2418 2212
564 5871
297 5955
6801 36
7479 2797
201 7003
87 6313
1753 2247
7926 1676
7976 7455
3799 357
841 377
4411 2791
6378 3366
3767 3534
5288 4568
3195 372
3258 5797
3065 7405
510 3644
7155 6942
614 3882
4898 4575
2848 2309
3619 3849
7371 1962
6730 795
7406 7311
5007 83
7025 7062
6564 294
2607 7822
7035 4828
7040 7661
5319 6746
4635 1984
6434 4196
6257 4433
4729 4269
4300 4054
1156 3673
2049 1624
2918 4058
2026 3954
7264 6432
1103 201
2531 5075
5316 1132
4849 7880
1663 1850
4511 5487
7297 6344
4660 6446
6488 4965
1590 5946
7245 4899
7493 5196
3947 5840
2400 6620
3363 4885
7413 7216
220 2280
5975 726
6348 7940
4204 136
51 3818
4695 1656
349 5384
4713 1467
7678 5341
5308 3409
866 1482
784 2853
4888 1783
1610 3988
1546 4636
3985 3122
7728 5077
7160 5239
6705 7530
2564 5058
5952 7020
6938 7057
2301 2407
1187 5499
7967 2662
6656 3987
7429 1382
3703 6614
1587 804
6431 818
1087 6024
3013 374
1931 2178
496 3538
6305 216
6829 498
164 6193
4954 1521
3433 6673
6103 506
7594 1774
4638 4809
7327 4978
4609 3958
411 7324
6641 3950
3628 1697
1589 455
2290 1452
2930 5461
1342 7518
4633 1674
6525 5990
6300 4949
1767 4140
1376 6804
2811 2229
6220 5228
6055 2835
1427 5252
5232 1120
2179 1327
7925 6083
1446 6652
1294 3770
5280 1817
3938 3580
6107 3614
7727 5080
7520 6373
3875 7976
1881 5927
3142 4587
6916 7691
5938 1093
7767 4096
1066 287
7574 4654
1890 7163
228 7066
2194 7825
7927 6601
273 4903
7708 5235
6498 4840
2211 4543
4232 975
3924 3570
4354 7135
5918 6350
653 3632
4429 1862
3842 5989
4175 1255
4420 2885
5677 3890
7722 4402
5250 662
6618 7780
3527 5829
2582 1287
2815 4732
2853 6261
378 3270
3979 133
7662 7161
7366 6036
2551 1895
1899 2965
4971 3500
6286 2483
7921 4992
2292 3831
5057 7140
2473 7043
3426 1617
5588 7186
1572 6205
624 5441
5665 928
4321 7724
2814 6754
1981 2092
7671 5189
6541 647
6170 3713
2553 6699
606 6112
2910 1950
3973 3357
2612 4141
3434 5634
4369 4691
7625 7963
2151 4213
7315 1152
5593 873
2747 2239
7932 6692
7286 6164
1448 5473
234 6135
6806 6822
7616 7290
4783 754
6031 5097
7945 4053
4115 6628
4926 2219
4399 3828
6810 6736
5977 1813
6407 4589
2167 5675
1201 7384
3956 4714
2313 3715
1432 3735
5137 7207
1891 2316
7618 2979
6493 7793
6765 4786
6988 6759
7683 2235
3934 6586
3874 1232
7325 2161
4980 1362
2681 3406
7697 5206
5424 3569
3623 876
5216 4641
224 4892
4396 5342
5683 5961
6788 6832
4182 7268
155 3442
2196 6711
5556 5007
622 1672
7061 3011
2706 6129
7517 1119
5099 6589
7580 6023
1501 660
1870 2
3315 1111
7608 3605
3028 495
1995 666
1894 5265
3274 6566
6535 6336
7652 1386
3026 4086
5429 7409
3497 5199
6146 6106
5972 6695
4133 1458
4551 1919
4793 1630
6536 2597
6074 5074
4187 2554
3779 6581
808 3762
7740 2122
7820 2108
1088 6147
5755 7630
2631 5186
2830 5984
3299 7844
6779 6892
699 863
4630 7599
6995 751
2757 6176
6961 2709
4810 747
1340 2899
7167 6686
5702 2087
183 5672
4840 7922
5475 814
6264 7112
5377 34
715 5899
2063 2707
2780 451
5534 3604
1379 1961
599 6179
5813 3482
1849 2938
1256 5678
5266 392
4700 5188
4910 1994
7091 3684
3175 1015
2679 1468
3636 5482
5986 673
2692 2801
122 2215
6844 976
5653 5548
3359 7114
72 1297
1397 1637
3895 6433
1782 5439
6883 6329
7195 207
6316 1315
6976 4849
4430 4037
830 1077
7434 5123
2763 7942
3157 154
4455 6008
5192 4755
7815 267
3757 896
4345 3928
1465 7666
1449 5526
6175 1479
58 1525
4527 493
1836 7919
3278 6903
4846 6362
2242 1513
3503 7739
5681 7005
746 4285
2660 359
1161 861
4587 3348
1045 2700
320 4254
3971 3137
1071 7049
5623 5005
3301 2570
7410 4764
371 780
4197 6848
2939 3595
1847 3074
6056 3179
248 1381
5048 4560
2083 5971
6831 1425
539 5328
3354 3312
5917 1839
3452 3444
3729 1168
5185 7468
6773 70
5225 7225
4875 3100
4883 2435
4645 4561
4935 785
6403 3116
3737 4317
1549 672
4180 2619
4031 2100
6151 5449
5409 6330
7668 6114
1614 4603
3827 1694
4389 4687
4303 7756
3234 1985
3303 7562
5003 2948
7343 6377
7138 450
7199 6667
2807 5732
3061 2903
402 655
4328 4412
4604 4712
7097 1668
319 7394
2595 6495
4577 7532
4618 2124
2077 6888
657 5128
2750 7867
7374 4395
2764 4645
2487 2443
7140 2351
2926 2663
2389 6298
4047 1993
5328 3624
3683 1271
5306 4499
7889 2514
7630 5354
5376 5124
850 4778
1381 4390
5517 3799
5348 121
7690 2760
5071 1541
7803 5978
3358 2682
6200 4468
867 2994
7266 4437
6901 886
433 4244
4893 6921
3366 4626
3561 1241
5707 3073
3650 1080
7355 5290
3572 4461
559 5060
2835 4082
6046 1267
4758 7352
4628 2265
4397 47
1418 7954
2700 2915
7428 7611
2902 883
150 3292
7514 6650
1599 241
6029 895
3725 899
2057 1216
576 5435
4261 7337
1118 5466
4588 5524
7876 7941
6247 7704
1585 7551
1956 4865
1230 2459
2970 5076
3958 1084
7489 7716
3052 223
6687 4874
3499 317
4188 4855
7978 3099
1798 7854
3421 3256
3018 788
3531 7421
1773 2557
4240 1125
542 2847
670 3218
314 3879
1736 1148
5270 2242
4129 5687
7271 613
4306 3606
6868 6653
7069 1284
4075 3658
17 2128
4163 1712
6474 5928
5698 5025
5013 523
2299 2646
6859 2688
2227 5608
1241 3661
5392 7392
7287 3714
1272 5912
1726 7035
520 970
7836 4331
4336 4783
7004 2591
6978 2870
3176 3277
33 2854
1934 2168
5566 4360
6843 3846
3704 4045
6161 744
3308 6611
6711 7778
804 284
7206 4609
7644 7267
6827 4355
5927 4750
6050 1670
7933 7139
872 7568
5205 3397
2022 2529
6904 700
4813 2130
3498 2493
4496 7957
432 206
4056 1319
5049 733
6167 3526
139 442
1800 1762
7679 6855
6739 6841
4382 3290
3646 6409
3357 3742
6332 3593
3351 7521
7996 7036
4521 1325
1494 1891
2105 2520
626 1548
251 3892
3012 7501
2896 3857
4053 7700
761 6529
6150 3446
4738 925
7665 6475
5008 477
3548 7404
7204 1189
3437 6479
4610 2412
3569 567
3336 6367
2046 4887
4432 3720
4041 3296
2040 100
7964 2859
764 7703
5767 4316
3194 6717
1749 812
6814 1465
4419 3178
1500 1091
1751 238
1122 2913
4927 4848
3216 6658
3538 5872
7963 1687
2550 1729
6283 2742
5981 6062
2069 3028
212 1133
2829 139
2221 1516
7723 1259
5780 3918
6596 6379
3713 4224
2588 5994
883 2648
3682 5091
6452 986
4138 6297
6792 4115
3235 4241
245 6887
4385 2754
4797 2588
1096 6172
7934 762
1576 7270
7369 2670
4374 5728
7646 2283
6297 7586
4020 3171
7095 1194
449 3651
5201 1791
1011 5692
2909 3956
5440 269
6612 540
7502 1904
2124 5556
6406 578
1110 7417
546 1986
3292 6355
4447 2134
4942 4028
4457 2170
4381 2299
4779 7658
1473 1618
6082 2294
7753 1512
744 931
6803 3468
7548 6525
7417 5358
127 3299
2756 6460
6937 4335
5083 5236
7529 7828
7835 2537
5867 4139
5762 1874
7848 5178
652 5006
5643 270
4644 4741
3412 1427
611 194
5355 5406
5238 580
7993 3623
6515 2259
1277 1831
858 4365
5857 769
3275 2580
7481 2203
6454 7200
4673 6873
7020 6631
4867 1493
2262 5109
7294 1788
1843 2009
3017 3708
457 4299
2071 3056
6492 2440
5397 6338
5855 4126
4516 2634
4641 6265
3514 5409
4798 5574
3453 5591
1239 848
7142 7958
4946 2121
401 1982
1426 3811
5837 910
2712 1485
1313 6035
2746 5195
1033 1864
5847 2042
5360 3235
4018 6913
1876 4674
5401 4236
6523 4056
6279 3729
6965 1639
1005 5371
7523 637
4557 952
1865 3560
5439 72
7731 5347
2114 2874
3442 1210
2813 5145
1250 68
3348 1748
3852 3585
2793 6929
3367 4975
390 7814
4270 4576
7959 1939
4853 2345
4650 5784
7704 5575
464 3359
1106 3323
1992 7422
6636 1182
7107 5923
4905 1588
3705 6277
434 4100
1399 5177
2276 4504
7718 784
5983 7219
4982 2166
1083 4339
1730 3199
4330 1170
6359 3145
6173 116
6910 2115
6007 3776
1076 1139
5589 3924
4177 5914
7458 4866
2287 3104
5865 619
5984 3895
4048 2650
1633 6874
1624 7294
6490 4107
3144 2225
4263 1457
3047 3393
7572 6918
5458 3342
7221 5033
97 773
4613 7574
6505 1369
1780 6573
1355 3728
7078 1913
5218 6199
2526 2193
5563 3005
5508 5842
7983 2775
5362 7777
7998 1972
7560 5719
807 599
519 5544
1056 6986
1222 4397
6884 7159
123 7074
7392 6001
3846 621
4392 7861
6732 3697
3560 6574
1740 7978
117 1622
1527 2454
3218 822
4882 2447
6016 4400
1969 64
7870 160
2080 4074
2570 3777
7627 371
2089 266
4209 3730
4017 7388
1558 4594
4258 4399
6185 3174
6354 4934
4276 5819
1765 1299
260 1278
2239 1953
3001 1495
5165 307
765 2666
4640 695
3389 6738
6237 5151
943 6990
2148 4747
5265 7103
5249 2565
2972 1678
236 2485
2980 3394
7255 7549
6473 5677
863 6044
3993 3853
3774 919
5879 7620
5740 7933
4124 414
1278 1074
4743 7569
6975 6107
5966 1218
7499 2632
7496 1648
1141 7118
2101 4834
6369 5937
2888 5050
2407 2033
2873 5014
4958 7085
5868 436
7586 1472
1574 1879
609 6308
5138 1256
1966 5356
977 6296
3044 4527
2579 6571
1872 7308
1964 5657
5234 7440
5430 5402
5790 6690
482 7451
7159 2528
721 6545
4831 292
2958 6526
1195 1341
261 113
4161 7926
2920 1047
3632 4773
1507 2185
2222 5215
4179 3717
5184 7543
3108 7881
2079 5619
7686 6853
6922 7839
7051 5528
1044 3477
2226 7515
2021 5083
1221 7882
7215 244
4057 5258
990 81
7880 5243
6034 5426
5877 2679
7552 417
1155 6908
548 4436
5466 704
7826 1162
5217 326
2107 1927
2182 2089
7180 914
269 260
753 2569
5536 1755
7350 3332
853 7525
3161 202
4218 4954
1240 5918
3244 3373
656 3260
3977 2630
3179 7608
1819 616
727 1990
6206 3529
471 3184
3692 7932
1810 3699
1824 2664
5153 4446
6724 7948
1979 941
405 1560
5657 2989
6702 3934
3423 534
6950 6049
1967 2339
1039 6948
2257 5191
1100 870
3371 7722
5420 4266
3042 7259
5622 5580
2342 7450
1825 6428
3997 4761
3027 1208
2897 3217
1790 6095
6550 2644
5579 3542
2423 5700
4398 6346
5728 1308
2023 4176
88 6723
1298 6153
711 2022
5550 1629
5167 2348
2674 164
3305 1704
1647 1207
1050 5388
6561 7888
1382 7448
6118 3564
728 3617
2887 3242
1694 5910
1706 3419
2742 1239
4777 770
5724 2603
7345 3386
4969 4774
1998 2687
684 3851
635 3231
2135 6276
6153 3695
7601 7346
4803 760
293 4584
4446 7301
2459 6249
3230 3870
1960 1720
6518 3519
2524 1757
1075 2195
288 4260
5876 689
7176 6996
6573 6441
6653 2026
3617 7411
493 5336
5800 5781
469 6174
4339 6237
3248 2844
2507 2540
662 5045
962 7247
6097 1450
6898 4861
3885 6019
3854 3743
2602 7950
7829 6810
3129 4030
3936 5467
3564 667
602 1494
4909 1934
6075 1776
5874 5631
2849 512
486 1140
3640 5022
6921 3453
4844 1914
118 1187
6685 4492
1770 2049
7307 1546
2709 4149
5668 3775
5135 2312
267 6548
6684 3088
3684 1474
7157 6066
1707 1122
4166 1305
480 1667
92 5220
4148 5706
2818 998
7037 1657
7990 2530
4100 3153
6061 3313
4371 5915
3138 4569
4140 1326
685 7075
6304 5707
5635 7128
3085 2099
6230 163
1951 3003
184 1786
1821 6737
199 993
5861 5139
3035 572
7459 3917
5895 577
7786 1650
6436 6221
145 4065
1220 3802
6566 1316
6880 1988
7023 6303
1133 387
3637 2873
5139 4478
5812 5975
3349 6496
6657 1171
7588 6497
1143 6343
6178 7511
186 3668
7490 6507
7049 641
1982 5088
3073 5807
1851 2978
4233 4611
5480 2824
4714 7266
5017 2201
4266 7190
3365 4453
4757 6792
870 157
6334 3747
1438 5897
6487 2495
2126 2027
4575 2993
6754 2617
6998 6924
5065 6236
7289 6567
4483 7144
4032 2805
6438 155
215 3388
6879 2611
1218 4349
3541 7538
1648 690
6397 614
3727 1163
1858 4696
4874 7629
5373 5969
3249 1180
5687 5777
5479 6568
27 5995
4880 5111
7821 6869
893 5550
1006 5023
3658 1852
2377 5152
4832 6424
3687 7807
925 4658
5551 2658
6780 7524
7045 3816
7937 7133
889 3454
4752 900
748 6125
7450 1323
3525 3745
7129 5061
3265 3413
690 2472
7825 5267
1807 6920
5299 3009
815 315
4082 2567
112 5090
1322 7124
6718 3156
2915 5639
7068 3619
720 5659
7973 1543
4310 7657
1606 7227
7568 5581
4507 1334
451 4063
7812 6416
2851 6632
4463 358
7065 5475
3801 901
2785 3384
857 2393
2950 1128
101 4440
6000 6643
6969 7094
2383 7189
7694 1533
3099 2592
3856 7834
7968 6839
5494 1653
1877 3330
3331 6779
1938 2428
3126 1463
6628 7990
1716 6707
5150 39
6758 7649
172 2925
1299 4598
5626 2478
4776 4693
7951 1613
2073 4835
3477 2566
1092 5837
7405 5945
7631 7316
71 2509
5573 5277
2538 2561
7309 2298
6689 4996
6076 2971
6667 6811
1385 7076
2652 849
6025 4599
2559 6384
2232 7221
2263 4225
1930 1114
2675 5913
6850 5935
5414 7912
4499 4523
971 5972
1627 1049
2974 1766
5501 5053
669 5170
3105 7430
5824 508
2760 4706
3021 7899
1080 2555
6084 5603
2933 1530
1242 3474
4474 2889
2113 3926
3855 6046
4450 3389
3386 7033
2394 6262
3375 7742
7485 4223
5145 5633
438 4249
4071 6741
4823 651
4317 5094
1695 101
254 3616
1061 5763
954 6466
6067 3804
6589 4199
2604 4321
383 6264
842 3869
1017 7024
7217 162
3318 1500
7121 7044
5325 7297
4357 77
4701 4127
6637 6867
3132 765
5178 21
6449 6556
5621 1935
1405 3405
2736 5821
4146 1421
326 6188
7312 247
1763 6508
1932 4418
2658 7032
7442 4003
7747 3192
3798 4161
6713 617
7390 3553
6129 4112
2228 1484
593 6309
967 7240
3481 354
7310 37
1410 3923
7328 7885
745 7088
1154 758
5168 7021
973 3146
5974 6901
7331 2769
572 3984
907 5832
3164 1247
1166 3216
7498 4661
2758 5459
5487 6284
4538 212
1781 4937
2031 3134
3152 2258
2042 2807
5214 2506
3322 4689
2840 5875
7784 7157
7461 5008
2779 490
6547 3201
3232 6981
6404 6827
4150 2175
5472 6289
2225 2406
5431 7768
4961 7382
7961 527
7382 2541
814 592
23 3337
82 1626
6189 4728
3604 4319
4806 1475
126 3230
7801 7802
2635 3064
7846 3234
7857 1005
2103 6992
5379 7641
714 7503
1004 3440
615 1853
3123 5396
1233 5792
3128 6230
3916 7313
3101 4132
3436 7082
1534 3101
6362 7904
5356 7493
5515 5727
6877 1873
5731 2008
5312 6757
1941 7321
2956 2562
1902 1249
7952 3979
3410 4144
6824 7693
5543 6890
7251 1332
5518 6467
5136 118
4116 4051
2311 6270
3462 3411
3726 2346
838 2574
7845 2313
7448 3427
4665 604
7182 6348
4562 7710
2923 4616
1946 4333
6209 2114
2246 48
7354 7602
1461 6569
4327 7517
2136 2205
6659 5293
1803 149
873 6988
3466 6134
4515 1288
2294 6743
5925 6777
2792 44
5634 273
3401 4114
5180 73
4292 6506
7407 6065
3736 7212
5227 1899
6374 1115
5941 2253
7018 2311
4574 3929
3111 2442
2931 1336
754 7345
6063 5212
7792 1281
2053 5567
1579 1466
1333 570
409 7126
5775 5323
3987 3567
5274 1659
1207 3034
6338 1564
5101 5671
2084 7648
6590 1347
4786 2908
953 4630
6114 3781
6614 1842
5086 5911
4280 3629
6664 6745
6957 7744
515 7585
452 2227
3914 3896
1738 598
4005 584
5186 7535
2303 6636
1993 7623
2265 132
3543 3062
544 2521
4074 143
3444 6819
7281 7292
959 6615
6168 2044
1422 2956
7988 4767
2620 7284
7497 7673
5449 841
366 2919
994 2290
6281 3354
5326 3760
4683 4441
2834 2277
7200 6730
7839 1598
1070 1430
4765 469
2572 767
440 7059
4334 2848
4313 6802
891 6337
6991 2171
5367 2343
6639 3472
6943 5512
531 884
4800 1175
2794 5295
4134 3648
5727 7022
6246 3478
1440 5175
534 5682
7561 2672
1320 6820
6863 3176
1036 1837
7738 7636
306 1722
148 4898
2045 571
5732 3788
5406 1268
7317 2221
6638 3986
4272 6626
2552 6907
3899 2872
6127 4601
4433 2931
4078 1264
7745 918
19 3050
3844 3842
2741 6484
4647 7736
7621 1405
2629 6371
906 3399
5189 3327
3949 1024
4836 4256
5387 4963
4529 2652
3679 2292
6762 5154
2976 6464
4089 5271
1856 6325
3143 529
1873 4985
4011 7436
5613 3361
2283 2604
4101 2384
153 1303
7589 5448
3659 7979
3112 7858
264 6364
1662 4121
5904 1779
5754 7596
4664 6898
2519 3113
2500 470
416 7848
846 5518
4394 4481
6533 6726
4769 230
2716 5222
5166 5317
389 7731
1416 2244
3910 6013
1285 6294
4301 2183
7752 5622
7058 4334
1699 6613
3431 4872
5369 7951
6229 6535
4837 4610
743 5078
1961 974
7712 3874
3395 3669
2517 3390
1918 575
4424 6998
4286 4999
4110 5237
5570 4342
7664 1269
7193 2955
7006 1534
4524 282
7537 65
6437 4409
7209 7310
7387 850
4925 2497
1090 6821
4119 4646
7769 2396
3983 2614
4712 4281
4271 2706
1407 6012
1089 5891
3923 7257
4517 1127
7528 7983
3722 1898
4896 3109
4792 5261
6451 5504
2795 7955
3078 5579
1459 1217
7000 3582
1927 4001
3284 3053
5203 3824
7595 4344
130 5229
6964 45
3478 2721
4403 4429
4627 930
7908 657
4248 6554
2560 1295
4199 7498
6811 7072
5854 1243
3382 6862
5311 4856
1453 7073
3963 448
3894 441
4228 2446
1160 644
5782 5929
6073 6354
6942 2424
6163 209
3813 2307
7062 5485
2385 2732
7579 7909
3806 5496
7196 6597
5560 444
5980 5359
3954 4351
4953 1843
3093 122
7641 763
5502 319
4842 1144
2352 3919
3414 5071
3081 3414
1189 4497
431 858
4459 950
209 5312
6052 243
4877 2085
2766 539
5750 5251
1145 693
7216 7842
3511 1107
4950 1228
6560 2301
6341 6563
2051 3576
2694 7918
6643 566
10 6073
6430 279
3532 6183
4164 686
7782 2991
116 7481
1712 7317
6424 3732
2347 6212
3796 5417
7 4357
5385 6081
5527 6305
310 5601
5951 2999
4513 5001
115 6825
4481 5543
4920 1069
241 6068
4820 7274
5454 4329
107 4489
7300 4367
6213 5280
3886 2350
4076 6715
5177 839
6602 1073
731 7974
2074 7875
3406 7812
3857 3537
5752 6098
318 4597
625 3933
2726 3809
3207 1844
4141 6530
2812 3712
6455 1098
4085 4947
3236 1821
428 3751
4939 2020
3881 6509
7705 2157
3171 5173
5295 7387
6741 4103
7001 1044
923 2143
3378 4808
4458 3095
1910 3562
7131 4040
6186 5174
610 7209
4903 6672
7433 5505
4879 741
6709 6461
2324 5270
239 6789
476 7797
3838 454
289 6120
1248 7496
1597 5420
5542 3817
3580 5130
3456 4211
4220 5506
5641 5046
6108 2525
1229 3670
6024 4245
1972 2177
3721 5205
6817 2240
4127 4970
3706 912
3034 792
323 296
2890 5786
1408 3547
5202 263
5021 5572
5829 3780
521 3464
5181 5416
222 5320
495 3528
5035 4078
898 2600
1 7607
7415 1589
5309 6953
1950 7544
7154 3151
1830 328
7837 1145
4506 7202
1869 2837
7809 5997
4061 4410
6896 2379
1328 6318
6176 720
1908 6040
346 5600
2740 7478
7944 3536
1577 1562
7463 7413
5428 5019
1506 796
2456 4443
3716 7127
4708 1828
3870 5818
3765 2341
3285 1014
4894 5434
1356 3258
1646 6079
5359 7367
7916 7314
4852 631
6679 1944
7268 1612
717 7019
682 2142
5314 865
934 4573
3961 7300
5335 1439
3579 6382
6749 1397
5933 190
4595 7633
6171 4291
6372 2034
2097 5087
422 3015
6008 4554
2300 7836
3110 5817
1510 7809
1348 7894
2645 1130
6728 520
6866 5451
6954 5419
4569 1355
7680 514
7054 5547
4655 4420
256 3080
442 7386
7038 4378
1535 1707
1715 781
6179 7095
7879 2072
969 7986
3091 6876
3077 5921
6011 5404
3906 1038
772 2746
5836 4250
3063 4340
3905 7943
3986 41
1199 6734
419 1373
6078 3662
2380 5180
705 7113
3225 1689
6825 992
529 3949
6717 3190
5595 3456
7640 6795
6339 4023
2734 645
6319 3961
4426 4248
5520 6973
5204 3310
6889 2065
7873 1375
595 3343
629 3350
7152 7248
437 7821
5235 6232
381 1917
1855 2014
3461 2355
4014 3703
414 7484
6796 2896
1935 7675
5746 7479
154 7934
2013 4047
1393 2734
7716 2944
5934 4939
4530 3385
375 3166
1380 3363
4614 4635
7430 7146
2563 5862
1429 7467
5221 3757
2208 4382
7226 4005
7074 3264
7353 7289
7124 7357
5460 3975
5851 3841
7223 1569
4968 1246
4173 1478
6365 6396
2169 5962
147 7656
2984 2162
6524 2154
2048 2728
1269 1257
4285 4884
167 4754
1895 1418
4475 1020
2826 5519
1478 2110
3192 1406
6140 3863
3508 3395
3676 6517
1722 856
6611 6840
7673 4720
7043 5508
2157 3749
6460 7679
7400 235
5637 256
4000 5155
5792 2653
508 7462
6506 7443
1882 5166
4130 714
2817 4566
7241 2838
4873 102
5112 934
3518 907
4250 7488
3208 7823
3327 6963
192 3944
630 4341
1601 5813
1424 2959
6940 1166
920 6731
1896 5424
970 475
5939 2127
6241 1553
5660 4425
2269 1006
852 4293
5530 4574
5565 5131
5284 1451
22 4380
7259 4272
307 963
2827 4625
5916 2534
5745 2359
339 4542
668 4384
979 1277
3828 526
7742 5812
478 5590
5932 205
7471 19
2020 1644
2797 3771
1179 7238
1288 3447
2237 438
1205 4822
3554 6859
2159 4300
809 1009
1108 3973
6017 5126
5512 5668
1580 659
7940 4558
509 4000
253 2060
2983 2306
5912 7187
3787 6642
5076 1523
5749 6015
1303 7706
3526 7771
7896 464
3755 707
2594 3391
2326 7336
4794 5193
4066 3601
6323 1108
7492 6599
6181 1845
208 4318
4386 892
1692 1838
2850 5851
1687 5149
358 4668
3429 2686
4782 4261
2252 625
5730 2916
7285 768
5585 1454
7526 6842
3583 381
1713 3909
4431 1823
627 709
4745 1999
7939 2230
4711 4459
1291 3417
677 1011
776 757
7676 7789
7717 2553
1638 2881
1325 3451
1592 4417
4605 5345
1719 7713
7724 5836
4198 3586
4597 2380
1268 3992
4895 3637
316 7432
5455 7991
6747 2387
2502 5100
526 3219
884 4406
2201 832
6242 6950
557 585
7677 1703
4866 7840
1175 4251
2978 1764
4368 6565
4520 5901
3271 4814
2403 3865
5220 345
5913 5392
3385 6917
6040 3577
6537 3294
7726 1447
3563 5569
1835 1248
4824 6536
2234 4766
3950 1449
3432 6370
1060 4324
2142 1306
1377 4353
4269 180
1533 6592
5921 6063
37 7370
2168 6816
2998 7
5978 3589
4191 6109
7715 1758
7914 4768
7050 4793
3794 5653
7269 67
7134 2668
3882 6625
5269 4207
5587 3935
4213 2995
7123 476
2386 3240
5275 4298
1976 1604
1031 1492
4902 3659
2129 5676
5103 356
7491 1829
6663 291
4987 560
3788 3807
1746 7721
3974 2701
3862 6967
2653 565
32 2391
3540 1219
6272 6404
6507 2422
7797 7182
5897 7469
3048 146
7711 5537
789 968
1077 25
2335 169
2833 6806
3506 1096
5888 554
6699 1292
7764 1221
4864 1398
1732 4169
6646 6510
6947 7040
1157 6943
5685 7552
1228 2098
1262 3871
2396 7435
6519 6511
565 2361
1739 748
2304 4147
708 5696
1261 4733
2458 6919
246 350
1867 1739
757 7725
1046 7804
3280 2209
5498 2016
6396 5933
6593 2638
6986 4547
1917 7689
6214 4297
7464 2038
1529 6387
3671 2922
6731 92
2405 2106
5601 5403
2874 6640
4737 1890
4333 5532
2289 4253
7906 789
5872 2983
7336 2951
1505 3188
3931 5562
2264 182
5804 2113
4850 7773
4185 5557
180 3568
6865 2469
1608 5514
386 2582
357 7874
5886 2484
5381 5889
681 3685
3664 5299
231 4336
2183 4447
6574 3044
5393 16
2218 4411
6217 3170
734 197
6212 634
2580 4596
6912 3559
5152 2498
7225 4919
2388 399
7470 4801
3302 364
1480 7030
7272 6619
4251 1149
793 7603
7440 2119
5394 6505
3454 6246
1063 7818
2508 4164
4341 4921
7048 1958
5557 1131
4194 3963
2025 1741
4029 4722
1540 6886
1244 2842
3287 1638
2727 4989
1760 4507
6576 3753
691 4464
3866 4988
2568 2010
1384 6830
4042 6214
4553 5593
3098 635
2535 5535
912 607
4860 1510
1861 7070
6106 193
5709 3955
6130 2252
7935 2536
1173 6915
6003 5446
446 1365
4705 1403
6439 5414
6166 7473
1905 3066
4329 2768
3011 6050
7592 3855
3309 7684
2802 2576
1868 6838
3355 6540
2581 1856
5991 2923
523 6769
5582 5125
4208 1663
3201 7069
5176 5140
4565 3551
822 3785
7802 1745
4216 3108
3892 99
5375 3495
6503 2815
2424 4296
5639 6550
5246 5966
5710 2232
6444 1137
4555 6912
2104 6904
3585 803
4380 4039
2749 2353
6514 1790
7698 802
2963 6503
7900 4993
4863 3410
4289 6969
1588 2550
4532 4698
5553 6962
791 1443
7101 3225
2511 2699
5062 4286
4342 4800
1126 2188
3819 5086
5154 6034
6873 1017
5128 546
369 5167
2496 503
3696 4862
7909 7987
474 3319
4178 5144
1903 7355
5831 1318
637 2043
2486 5531
5334 2342
2017 5115
4699 1567
4922 4449
1514 4810
2723 4813
28 3485
1907 953
649 2799
5555 7715
6328 4941
6275 6352
7087 2546
4928 2816
4044 2758
7867 957
489 7353
2044 2216
7267 2329
4997 2062
4493 1594
7230 1025
450 7109
1263 446
5843 2980
4103 669
4666 4571
2409 6312
2860 6684
7907 2518
2155 5753
5860 4791
7454 6959
415 5438
3413 5951
741 7014
2334 4966
315 1865
2754 88
317 3418
2131 3571
7956 333
7175 4128
1435 4092
3162 7170
4698 6263
5883 6552
7186 5530
5930 6089
2482 5214
3741 4386
7513 7719
2534 4776
5541 7423
4764 4247
265 3193
601 972
2027 2457
2012 3636
2307 2109
2325 2202
6005 5129
2186 3611
407 7902
7661 38
2333 723
7013 1685
4948 734
594 2204
2241 6884
363 3893
2686 272
3169 2710
4223 5315
4359 3514
1235 4940
6624 5490
2805 7929
926 5741
377 6203
5087 2825
333 4235
7639 242
6077 393
6027 2326
5761 4153
5386 909
4964 7408
5967 813
7674 3540
1310 2397
6255 3462
7615 3911
7943 4079
3254 7892
7335 7647
3220 5722
7635 6761
7684 3843
3814 117
4010 1782
997 2021
3094 5010
3286 2684
2611 384
7486 2817
156 5303
6083 2145
7598 596
5969 3972
6382 2733
5342 5370
3643 343
197 2088
3513 605
2878 5478
7494 1509
477 3654
7636 484
3219 2813
1564 7500
7980 6523
6508 4283
1828 2421
133 5349
1253 5686
4602 4600
6568 2717
6390 6082
1826 3533
2029 1730
2884 5364
458 3493
272 6492
7816 5586
7181 3903
3483 5442
5603 4967
4331 5248
5864 1313
4160 3431
758 5839
1745 7065
5747 1338
2554 4629
786 2577
7787 7609
543 129
598 3077
3449 1977
6906 4831
1915 5979
3764 2702
760 334
2585 4308
2999 3351
158 7053
5054 3121
2695 2575
5236 7915
2192 864
1430 2461
2752 623
1359 4686
506 7639
2954 6995
364 5057
5046 259
4859 7184
7789 3194
2337 4150
2881 6103
6683 2643
286 4186
6559 4455
6878 7890
6893 2621
1423 306
4083 5036
3344 1366
1178 3466
7807 830
6735 6131
5024 4463
4656 7130
6224 4097
874 2492
4974 1048
6141 6247
3825 5286
616 7329
4573 6974
1916 3473
3113 4943
7737 87
5881 5141
5183 4858
658 3761
6014 6072
6090 5958
1980 4193
41 3663
6445 28
2899 7296
7202 6234
6696 1065
4931 1640
3379 3488
465 5811
5819 1008
3158 4900
7261 1322
7305 2432
7536 6231
6018 1805
6771 1354
886 6633
1251 3320
661 7901
7831 5666
3723 1660
2272 5740
7100 7364
6491 5667
3120 5742
2376 4095
3521 2111
533 3297
3263 2895
5329 2468
4999 6685
3159 3806
1724 7852
396 6451
3504 591
2391 6094
6144 4716
2379 837
4819 6665
4606 4476
5506 6304
5955 6192
2870 5771
4186 2097
6845 7224
1913 7566
6655 6651
1758 1504
5447 342
4436 4401
7613 6386
7721 1651
6948 6593
7794 6002
1691 496
4098 5503
4154 1102
4370 1744
6915 7026
6416 1380
3409 1709
1097 4376
7016 5431
4881 4785
2141 1802
1611 3371
984 4227
7508 2360
6642 6056
1330 2116
1053 1940
3592 1634
1651 3645
6791 251
6891 7995
6951 7992
5098 853
3223 4870
7590 3711
1219 2488
6344 994
5471 4614
763 7857
3294 898
6303 7234
1245 4258
258 6813
4899 7590
1270 3983
5818 7717
5085 7989
1682 7733
1021 871
7892 5297
6041 5338
4063 4544
3340 7242
7033 4006
3221 1272
5522 5263
1661 5169
2621 7215
4482 7027
1208 5605
800 746
4026 682
7660 2752
2243 1298
676 4873
2100 75
7781 3438
3710 3610
3776 1227
4281 3859
2354 3706
7855 7542
4639 997
6634 1910
6775 2898
5647 3249
4262 1234
4865 6143
5949 2207
1779 4505
3890 6449
3883 5437
3109 4175
6828 5881
5717 4209
2628 1692
7188 2015
281 2131
4804 4117
1300 3844
2973 7412
1667 1549
1447 5279
3146 426
1783 5484
7275 3723
1804 550
7656 5940
1815 3200
4742 7389
5645 6041
4298 5464
999 1794
7811 3078
2273 3700
3151 4606
3975 2117
1190 1785
5779 3191
6789 298
4358 6054
568 6102
7235 629
7539 5584
859 5769
2735 2490
5597 1261
7212 7598
6290 5391
3133 4779
4519 2657
5129 4769
4172 5106
6501 2356
7201 171
487 5919
2117 3213
5045 6801
2985 924
3915 3425
2139 1153
6172 6299
1107 3718
4304 945
249 5861
558 1480
2803 4932
5151 5460
7695 5816
6603 4192
2249 7086
2804 6148
4472 1600
5287 6468
5505 4608
2626 6178
6160 255
3845 7509
4049 4867
3203 3738
5994 1274
5982 3265
2437 5749
6164 6392
3400 3991
5729 5715
7139 7175
7913 808
3335 2321
5507 1283
2293 1863
3689 7143
3289 3309
233 6900
3147 3269
5640 6916
7073 5983
328 4688
3945 5642
1688 5113
397 2246
1323 7351
3733 3768
6009 927
3550 7269
600 167
4995 5339
1937 990
3523 5604
7067 3268
2485 661
7039 1339
2085 1350
1490 175
3812 3920
278 4806
35 2839
5278 6702
5998 1716
2499 6555
4350 1851
2181 2766
6885 3782
6970 3205
2009 1414
2986 7132
3657 7677
5144 4796
4841 6275
200 6951
4676 246
7416 5646
6400 5926
7347 6964
5148 3642
3032 2685
4058 1734
6675 2920
1628 3305
5840 4077
1711 3793
6929 236
5853 5231
698 7229
2732 7664
2781 6219
3310 1086
7301 4022
4202 7850
6133 705
6745 5982
7994 3503
5871 6456
3988 3838
7329 5680
6128 5886
2355 6014
1583 7846
6720 5909
4658 2357
7861 322
5425 7681
6095 2790
6529 5264
1644 4041
2808 6750
7612 716
2608 1700
4315 5216
6485 3942
5382 1013
5039 420
7377 6395
3614 4871
3084 3364
39 7512
3022 3877
3424 4067
2397 4493
713 2762
152 5917
7977 6980
6465 5804
1373 5905
6997 3048
2072 926
5887 2692
538 6351
3441 7612
1720 4758
6463 5458
6939 7548
6194 7051
740 4010
5533 2581
4467 7391
1600 1798
6293 6818
1171 4373
2630 127
636 5003
5223 5538
5258 502
7790 2463
7238 4521
4671 2184
6273 2804
2310 1519
1922 120
6836 6274
901 7694
300 2272
6228 7495
2362 5092
5862 152
1054 6039
3981 7519
1654 6010
3672 542
2666 595
722 3379
7029 2310
6840 220
3665 6781
413 1253
2296 4294
1834 5957
7008 2476
3010 610
3877 1400
2838 6208
5122 3674
6115 4155
2041 4713
7685 6705
2328 423
385 2335
2422 5782
7917 4032
7793 7985
7843 1921
4805 4857
5443 2268
4510 1300
6723 608
2651 1116
2092 857
2404 2078
3907 2291
6318 2057
2317 3754
6698 3985
536 3707
6119 3497
7358 1508
1002 18
3850 4221
1458 5712
6805 825
1025 991
1532 7023
6499 1156
7015 7374
5943 6797
6539 5890
3037 2126
6260 1059
1844 3902
1752 7781
4871 1679
2463 5888
1462 5493
2462 1556
5678 4908
7960 959
4229 3647
7308 5037
7672 2344
5898 2191
2673 3114
6361 678
5457 7597
3397 7831
3141 3157
1754 3288
1799 6676
3546 6440
2446 2274
605 679
4498 2694
3835 7911
1526 5184
266 2464
2436 7286
7669 6905
2504 6411
3864 2392
7546 2631
4629 5661
2498 5116
1696 7860
424 380
6262 6058
7623 3448
6983 6401
2019 6006
4377 237
3761 6206
7725 5893
2127 6243
6059 3587
7411 6020
7089 4837
3921 3086
7681 4556
843 2862
877 5831
1536 2211
5388 7949
6527 867
2047 4534
6215 7953
225 738
3468 4844
5400 1225
556 361
7771 1591
903 6144
1963 7291
2033 1445
5272 7962
5599 5649
48 5172
7453 7048
1900 6429
5109 6606
5632 4008
7169 6607
4305 145
3415 1909
5723 56
5609 740
3323 7591
1862 1488
5149 2222
1109 5641
4838 2383
3627 7171
4391 1582
84 3068
2037 335
5627 3622
673 5143
2216 7487
733 1361
6483 3894
1503 2132
7408 4832
7380 2012
2547 2651
2285 5704
2905 5067
6562 4148
3618 5138
5928 3872
5841 2906
5590 3578
3055 5825
240 5730
532 7702
5624 7483
7320 5150
5958 639
4247 2888
6734 2288
3054 7490
3184 3470
1697 195
1831 1409
5478 1499
4038 1752
4487 1861
5191 5394
1394 759
1879 5595
7918 1471
2176 2429
1863 6513
2539 7018
170 4572
7311 7323
5361 1781
2711 4736
6240 4304
3675 3509
4917 2649
7441 1282
5321 5316
4826 2533
3756 2958
2251 7601
12 5847
623 2544
6704 4274
6595 1155
6385 6086
1117 7343
1743 7662
7362 5457
3277 7232
392 5378
146 2573
4423 2678
2577 6328
7894 86
3791 5896
3214 5066
2002 7853
2435 6128
3601 1859
3811 6254
5222 4197
3304 2640
7208 5527
5931 5623
2207 6926
2214 7754
7007 3736
7955 1858
2957 3938
4249 7172
2330 1258
3805 3057
6925 7972
4309 6447
4537 698
1035 2080
4878 4374
2339 5142
1909 7856
1266 2730
4156 4093
2108 200
1113 1384
4552 4525
5195 3325
4748 828
6373 4826
7234 2990
3376 2501
1721 1296
2668 6118
3615 6977
3773 6088
304 2696
2015 7638
5869 2257
1134 5625
7659 1190
4825 4699
6315 905
1531 2796
3491 552
7840 4033
6776 7470
6753 4513
3810 2507
93 3067
6192 6165
4136 862
5143 3672
6355 211
6204 429
2536 5386
2312 2418
136 3303
7551 5644
4542 5714
6630 2749
6769 1357
4079 5158
3651 5801
6540 2729
4900 2135
632 2972
4625 7964
581 4803
4274 4680
3467 2334
2683 4972
3356 1169
5259 3825
3272 3183
4709 1975
3119 1826
7052 1705
6920 3544
6471 1936
5352 2304
2132 4537
3182 2674
3009 6233
816 2419
4771 2831
2440 6168
1318 1840
7559 7984
4957 5583
4246 4585
5521 2743
2170 6225
7064 3565
4734 2325
6727 6767
6569 590
3352 3285
7446 5868
5995 1506
4045 1453
2558 30
4153 7743
3494 7218
6298 1462
4495 3356
1164 6061
62 3524
4425 6483
3745 3203
6770 3301
7110 5387
916 1250
4400 93
5610 5310
2871 7865
4663 5607
5097 3667
864 192
1509 7154
3247 6808
1841 1309
2368 1072
5022 5368
6327 6539
4395 1337
1390 1051
7838 6353
7055 2403
1085 6958
5310 1100
400 4165
2088 2354
2598 1809
4037 7122
3873 3796
3387 7634
6511 4703
1352 285
7700 6824
4466 4215
7834 6372
2254 7571
6960 4913
3519 6600
1944 1601
1040 3266
7024 3243
6122 5095
2650 4853
1327 3001
5954 5558
7591 430
2646 547
2914 7239
3024 4859
4245 3734
443 1750
1660 4918
1784 6430
4856 4958
3847 5652
3635 7101
1467 486
7877 4613
7125 2641
4239 2856
1617 49
3872 135
3150 3344
6971 6286
2398 845
4763 3010
4440 1996
507 3572
1471 4711
5675 2003
3242 7077
4615 7539
5320 1636
4868 5017
2233 7767
7532 1262
204 7642
5132 5596
2591 4426
7531 390
3612 5863
5271 2927
1445 518
6433 1344
4598 125
3667 2050
4254 5936
4169 1335
5763 1987
5060 6414
7030 4472
3155 1880
2491 4111
2338 5853
2358 7148
6102 7526
918 5669
1883 52
5797 3971
3472 6267
6021 2843
3677 1420
1735 5105
3100 7745
2916 7123
1211 601
2852 2237
1072 4173
1051 316
940 1949
3455 4893
2454 2902
575 3543
2644 541
7426 7348
406 4220
7302 168
6357 7522
5696 7720
4960 5376
3361 5790
2162 4743
7974 226
2661 5710
3170 576
4571 3530
2143 2892
7113 2840
2238 6110
7047 6961
6793 1039
1689 403
4548 7695
5673 1392
2993 5134
1308 2946
1086 7541
6158 3060
4694 522
2770 5796
3678 2487
4183 4590
7713 1402
5111 6809
4558 7328
2647 4345
2988 1702
5351 58
4747 422
6006 2637
7550 2234
2619 329
7469 7811
1848 1740
3598 6911
5596 2395
3898 5959
3374 1955
4282 3336
7981 5734
4702 6253
4492 3646
2173 5468
4751 737
1477 304
3578 7199
7256 2260
6575 6465
3368 3588
3338 7472
5559 7545
1789 1522
4501 2722
1573 4842
6808 4927
7063 4508
4646 2140
5322 923
6786 4928
3025 5278
7632 5192
6268 3613
5757 3679
6512 5171
2180 6850
2014 6785
7482 4670
4933 1501
4976 4551
5245 2196
4214 1477
3655 7580
3669 7254
6039 5602
6256 1343
382 128
7562 3182
1252 1157
7292 1016
2247 5486
1267 6847
826 1112
132 5157
3966 7134
4750 2102
7483 5731
6136 3908
341 3241
3967 5492
332 6177
7626 1682
2900 6979
1797 7354
420 7645
3339 6549
7593 4184
6644 2486
1636 4120
7158 2926
2971 7628
2451 7149
45 7129
1364 7058
5012 4495
5025 519
585 1473
1275 4216
3888 2439
4189 2549
2648 2596
3139 1229
4799 4820
7011 4301
7240 2040
2236 5351
4504 1696
5806 7039
4050 594
1183 297
6147 2314
6347 3787
6619 5065
1099 480
880 382
1525 1948
2327 6030
1451 3657
6383 1146
31 6756
6652 1196
6795 987
820 2976
6737 6938
4311 2779
6813 7249
7389 5529
7108 2940
3074 250
6352 5027
7603 823
5496 7244
4619 5254
7484 961
5942 1789
3902 4804
7874 6127
770 1749
4988 7275
1888 271
2175 4517
194 2784
6274 6858
3205 2324
6909 310
3485 6167
1953 2620
1116 4886
7480 5367
2372 2811
5562 7624
7948 6999
4579 4740
2685 1399
5999 4195
993 7685
2944 7395
2165 376
6583 1314
1581 7653
5339 4113
2960 1231
7472 6258
6693 3458
987 7080
3373 6537
6591 6004
3913 5954
1994 5511
1554 3558
1734 3581
7431 4188
567 7299
7828 7046
2748 3051
7449 6316
2769 5026
1013 4553
1652 1251
6979 2751
3535 123
1742 7442
25 4085
3590 7341
7795 5029
5663 6914
1123 1857
902 6617
3584 406
2639 4166
7203 5101
7577 1233
5859 4748
4128 2352
1818 2809
7381 5925
175 4506
1626 3037
4224 5242
3817 6930
1032 3501
393 3999
1555 587
6864 6583
3815 677
3606 3253
3843 6722
1487 3430
4335 4337
2721 232
4835 4955
3237 2285
7730 7810
2087 4644
7822 6422
1677 807
749 4578
5651 1200
7399 5246
1064 2256
4807 5577
5082 5814
7447 1724
2693 6647
633 7697
964 4710
5345 2470
1147 935
3927 5400
563 5693
4817 5638
4351 5452
4861 7594
353 6544
1521 24
2908 517
2200 589
7303 4925
3714 3002
2872 2358
768 6732
5546 3897
2268 7947
2528 6093
3834 3058
455 3358
4415 7683
1335 4270
3739 3247
2618 6092
3996 150
803 2338
7765 5941
3586 5598
6336 2270
5064 4717
3702 985
6376 4749
7057 5573
881 4759
1339 6594
352 7826
1425 2667
4600 2904
755 7145
7755 7805
2614 2738
648 715
367 4944
6022 462
6461 755
4118 4829
177 5030
1048 2608
4062 2764
2220 4730
1723 7553
5389 5716
3082 4456
1678 6763
7423 3463
7699 6195
1414 7331
1776 1302
3240 5987
1255 4183
2344 688
348 4130
4996 4089
2450 6022
6288 50
5066 5161
4907 1520
4226 2436
5140 1641
5465 2803
7026 1329
5581 1222
1846 1173
43 4024
2844 6402
4590 1860
2140 3764
4278 6514
3290 4377
418 2073
4770 6587
1284 3491
7748 1236
7756 833
7237 3978
2669 2893
1823 4109
6111 6391
5575 3232
2777 874
5173 6259
282 3043
894 646
2483 537
159 5073
6528 6960
2149 1211
2893 6817
4454 6060
4123 4290
3680 946
3180 2934
3384 6751
899 6064
535 1585
3484 4562
2319 2473
1698 3603
6087 5516
5885 6211
4099 4684
1631 7425
5894 7606
6932 1379
2696 4974
828 2788
7604 6649
2261 1359
5415 1147
5519 3823
612 4882
4040 5330
545 460
7379 2731
3661 104
1562 6708
910 685
6325 1087
1744 6223
4808 2997
6768 5614
6972 5447
4296 7288
4653 5887
4718 7504
4567 943
2521 1586
700 6585
823 5041
7452 4156
2842 1105
1594 1417
494 2677
6809 7105
2948 5268
3638 649
1975 5770
5242 1979
2705 5815
4348 5051
4273 583
7372 2526
3932 6190
4195 6895
403 1830
5914 7799
6429 846
6785 2618
7462 0
7891 500
2868 3506
2541 2921
5759 4890
3962 5311
2 4071
6276 7982
7395 1945
5368 6152
4564 6798
3751 2712
6875 1537
7218 6844
5052 2855
570 4398
429 4043
2189 2988
5010 3878
6495 7222
5964 6864
7153 4535
1326 3123
6571 3998
4361 1349
7553 7961
2444 7946
1231 5305
2510 1254
2481 4415
2959 3081
6856 4187
1065 7365
4212 466
4451 280
2448 46
5811 4968
915 2703
1643 4232
5525 324
230 3914
1965 4991
4073 7533
7105 3725
2050 4982
79 7457
992 245
4418 4362
3390 7560
4109 4454
5347 7699
7338 7206
3626 513
686 1963
4549 5054
5412 2090
2359 844
7031 6115
6094 3023
6236 5739
187 2780
4036 4136
6994 434
2382 7616
7817 6721
3573 6043
6218 6283
2876 1743
7111 7177
505 1068
860 6085
213 2367
3246 6752
6294 5479
2457 1677
4352 2045
65 7851
7367 2437
6855 4124
1949 2656
981 4073
7034 5450
1705 2376
4668 5
5648 5256
3860 6207
3575 2953
5302 7769
4624 1238
308 3563
725 6216
2332 2756
6798 2005
7928 2269
5535 7464
5291 447
7136 7988
2898 6644
3918 6502
651 4876
1814 2517
435 4617
674 5474
5569 1075
2921 2975
359 1440
942 4276
3545 906
2449 4557
6851 5148
3350 4013
5672 3943
1120 3989
2302 397
4421 1340
6913 2104
73 2786
404 4137
3707 4484
3753 5733
4977 20
703 2013
2322 3701
3469 346
5113 4268
6549 3901
295 6310
3490 7006
7211 183
6672 7600
5058 782
1700 5262
5187 5469
5605 5664
5170 330
4550 2499
3641 4372
3629 7011
247 4782
5061 4326
5433 2061
4833 2841
3524 2568
3648 6444
347 7540
7254 2726
788 3412
553 4123
3708 6269
7741 7255
665 1435
6610 5560
2691 153
7164 5444
6238 5729
3596 5443
3392 2624
7503 5809
4353 6057
2064 3856
2542 1158
3557 2552
2822 4727
4227 7613
524 3035
6888 6045
6049 3786
5390 6710
5650 1933
6104 478
6887 3302
6466 2572
5924 6271
5300 2963
305 6837
5043 2480
966 5754
3549 3094
1029 5281
2199 5510
3957 3996
7757 1022
3428 7859
4854 3947
2468 1535
4661 7577
718 7927
769 1577
1762 3030
4343 4151
4726 5209
7337 4528
5611 1483
5468 6408
1162 1422
2364 7164
7524 1590
151 4427
5911 5272
1392 6770
2622 5445
4949 5233
5333 1438
7997 3899
683 977
2185 7381
4449 3421
4152 881
3610 3554
6504 5597
4526 1378
792 4044
226 729
2068 1615
100 14
3989 4327
1202 7714
5649 7258
1188 4159
1037 3054
3069 85
4851 3599
3479 1942
5777 2936
3582 3128
4847 6173
4434 4794
7130 5585
818 3891
2953 4465
3118 1515
2298 7028
1260 5064
7884 3499
5548 2331
7516 7156
7322 5395
6413 6880
6697 791
2295 1780
211 71
189 3255
271 3460
7813 5589
193 7193
2011 2982
3222 1908
2866 2264
1395 7158
467 851
1801 5789
3742 6026
7178 6878
2883 3284
4848 6226
6351 6463
7527 996
2472 4694
3103 971
7783 1714
2515 5455
3663 3016
6486 3550
6028 7973
6309 6582
6459 1050
7557 4957
3608 2400
3233 1736
2441 7332
4265 7125
1105 3905
7788 3326
5282 6417
5190 6896
4855 3710
3562 7377
4570 1803
5009 3727
3332 4243
1545 7696
6681 4122
7971 5355
5839 6042
1324 6360
1757 6688
6601 5300
1565 3810
794 2510
5147 2794
7262 2410
4682 3994
5734 4237
337 4021
6342 4118
7564 5337
7510 7775
6306 4119
5197 4448
3300 1460
1217 5407
1955 2665
6622 137
1520 5834
3786 7966
1878 1713
3165 5415
7412 2381
7596 1836
6992 2420
7689 7592
6139 3000
4155 4911
2767 7120
4985 4612
1640 4180
309 7446
3307 148
4679 1701
6989 3127
1602 2821
2846 2210
4732 4533
7383 3065
6481 2564
6004 1806
1186 4282
5714 1647
5298 5253
4486 3125
3537 826
2977 3575
410 6181
2643 7474
4337 7256
7706 2914
7273 2929
3970 799
518 7138
1232 2139
5845 4637
950 5119
6996 1099
4723 944
5814 5072
5157 3546
7969 6800
5336 5327
911 2909
3188 2736
6914 7621
1785 4642
6660 913
2877 5381
141 713
2714 3455
4051 1185
1246 1188
2066 5852
3944 2373
7670 5534
3288 7008
3135 474
6364 7968
2061 2055
5791 2628
6324 321
1024 1941
5694 4579
1871 1117
3889 5609
5785 956
3831 481
586 3469
5257 7309
4649 7497
976 7320
659 5808
338 3383
4324 2894
5469 5107
2297 7759
6580 5332
6738 6609
7488 4154
3451 5779
1603 3007
5370 4628
6036 6405
4022 1981
3602 7924
1273 5724
1259 5760
3083 7637
5301 3733
6113 6197
1434 4946
6099 5034
2677 3150
7512 4434
2520 1363
2982 648
7046 4656
4055 5108
2356 1889
2865 2578
4889 564
6577 7994
750 5135
3399 6576
1842 2718
5327 6314
4344 5085
2076 1878
5697 1925
4952 5326
445 5906
3416 2584
3262 4906
3594 5744
4508 7752
1001 3055
4069 1057
7467 1737
4277 4763
3998 4981
5629 2302
1523 684
1777 5369
2346 4027
4937 4798
4319 3340
3324 3889
1264 5031
4366 6347
5571 2399
7044 1046
7688 4671
796 4881
311 1331
4593 1675
7687 1490
4016 6668
7930 3763
7638 5938
3903 7770
111 1273
1456 465
4256 1529
3267 1345
7414 7672
3268 4734
5662 11
4316 2390
736 1423
6386 6307
2154 2698
5016 4198
4545 6704
6065 774
4568 7686
2146 3224
5174 7117
6700 6250
5689 4926
4733 9
4215 3939
1128 1275
7995 2785
5960 5628
4580 6562
6849 3812
5558 7505
7291 4524
724 6104
7904 4909
2505 4771
2122 5968
7293 3237
4959 1649
957 1877
2490 5835
3686 5204
1596 416
2513 1183
2492 1002
4790 5202
5108 5230
3701 1715
2578 727
4963 385
5296 218
4060 7302
336 2826
135 6891
3206 405
4978 838
4599 7660
4484 5630
5293 5488
6586 2323
5263 6187
7120 312
2349 1
7544 7494
7972 7153
6353 2305
596 5440
5990 3189
3777 3334
7191 2787
2402 5555
4497 779
3871 2471
6695 2695
7349 5423
5523 6357
6464 224
5470 7250
5251 95
1431 5476
723 618
7842 2144
423 4592
5856 922
2863 6157
1388 4536
3840 3758
6690 4305
7692 398
3859 1103
276 7079
2765 6856
4102 3070
6708 7738
2160 7740
795 7960
2922 3650
619 6596
2255 6933
6126 5787
5799 5389
3517 4799
7495 1353
3125 7406
5503 1793
7127 6627
4767 4203
856 3248
4858 3638
2137 3368
373 3952
1605 6017
4332 32
3917 4707
3283 7379
7394 231
166 2000
3603 4650
7732 5620
2081 5621
6658 1706
7053 4690
2209 797
6513 7152
2445 7477
1016 6956
3642 463
6440 5857
4914 5226
1079 5820
1314 1126
5286 6376
2163 2146
890 4824
4589 6059
4142 1043
3261 2504
2654 1686
1176 3946
7911 1991
5118 4781
2751 4160
255 2141
5378 6007
6089 3105
2664 6493
555 2623
85 4152
869 3579
7663 1244
1559 1095
6743 3967
1192 3251
2720 4620
1673 6319
1009 1088
1924 7204
3029 1076
7875 2011
5233 3932
6714 213
5580 5380
6402 2409
4780 7084
4072 4775
3728 3149
7056 6889
7418 3281
257 7179
3565 2810
1566 4905
3156 1906
275 445
479 7385
4944 4050
2172 2739
4067 5767
4707 5694
882 7271
7607 1348
3007 2231
5105 4488
6045 7879
1130 4231
5670 1415
3620 7119
2796 2508
641 6425
878 671
4244 7000
7185 2823
3418 5559
5882 7283
5080 2417
5602 982
900 1276
484 2954
2575 6831
2363 6202
7830 33
6326 7482
6468 2681
5513 1911
2701 5697
6184 2208
5482 4263
3197 1759
50 2075
4774 473
6409 6175
4469 7593
2345 5723
171 26
2099 6515
94 3531
7776 6713
1571 7816
1203 5988
4413 6198
3724 6881
327 6210
1437 4328
3904 4851
547 2998
4775 7319
5434 402
4255 6877
2413 6476
1237 4705
2882 6558
6666 1998
6081 6602
1197 3402
2527 6215
6621 110
6482 7643
7096 1573
3730 4990
6243 3049
2857 7800
1996 5934
1174 5685
3588 4920
7075 3152
3174 4172
4544 1045
643 5301
7938 2887
5644 5806
4438 3696
5484 824
2431 1964
4439 505
3435 1905
5102 3329
7171 370
1457 6472
7227 5656
342 4034
930 59
4547 5695
1630 6982
7098 7625
5631 7260
3639 7688
689 586
6625 7815
4241 1290
4706 281
2420 4438
1833 5147
259 2449
1928 916
6314 6027
6935 3980
6221 4275
6565 790
2682 6782
7511 2878
1591 5156
7228 7755
6377 4559
929 7847
861 6161
7729 7099
2744 1593
5842 532
4692 1578
6252 5002
2503 2077
6764 494
2442 6630
3040 7708
1850 5776
3015 2218
6448 2829
5146 5930
5789 3026
1337 2374
3516 421
5708 835
89 4825
3329 367
5699 2942
1047 999
4787 6185
1442 1129
6399 7449
3417 2945
3693 6078
3577 2052
7474 6645
6079 1118
5255 4827
280 7273
1421 7315
7119 776
3762 2079
7444 4414
4479 5705
5026 5011
7597 7281
5688 388
530 6691
4111 7165
4428 7298
6701 6727
121 3372
7036 2275
1396 4069
7966 1819
3621 6860
1997 308
3570 6945
6570 4205
851 1824
7174 6598
3748 2605
6371 5746
621 5612
6112 2091
2351 1992
5705 1018
3649 351
2955 731
6340 5802
3321 3308
4921 4770
6962 7534
6442 6374
5633 1010
354 6971
574 7034
219 5366
4816 166
3281 6413
1362 7226
481 389
3353 7873
1880 499
7719 1583
5661 5626
6846 732
2399 2125
399 2725
7902 794
2615 6655
5290 4083
5936 938
7364 5902
6894 5830
3656 3117
1068 1310
5929 4685
4414 6159
6234 2037
4594 1004
4307 2647
4131 1289
5130 4653
5833 3880
7648 3876
4015 3196
6356 4445
1671 5481
2008 2284
5489 5059
5793 5670
237 1907
7898 6641
1279 5494
3293 5335
6472 2545
5208 6739
1486 5375
5947 7201
1729 3556
7420 4252
552 2273
2676 6693
1069 6575
5492 4912
3896 1732
2392 408
7982 742
6152 6512
7115 4891
7282 2458
5383 6196
1563 3165
2516 2981
160 3207
3941 124
2306 5800
1358 5318
5719 1661
3276 4659
4728 76
3036 1395
6026 5346
1728 3401
6263 1592
946 7914
1363 1761
2121 4444
879 1436
3544 4303
932 1364
4135 6978
3439 1924
1680 1814
3006 274
5116 7111
4378 3795
6919 4583
3681 2164
3316 5509
6848 6069
2039 1926
4151 5880
6908 5843
1860 7191
960 3315
4951 1539
1962 6590
7814 6288
986 7833
5155 7579
6258 2964
7832 1903
4094 7783
3326 1554
1455 1773
3440 633
6650 7803
650 3259
7936 5122
982 217
1550 6646
4788 7878
7942 6151
6680 4731
2545 752
2836 5844
2118 5520
5718 6522
427 3087
7653 4971
1215 7886
6546 6629
163 401
5337 2482
5211 1356
5244 3783
5554 3981
5402 3181
7070 7438
2153 4549
103 5162
1286 2416
7903 6608
6047 3059
149 3671
4697 7824
1193 353
5552 4902
3031 2160
1316 2156
3231 5803
7989 2271
3117 3898
7197 2969
6420 1662
1733 7692
5659 4532
5323 7402
5089 3147
7017 2891
6774 717
3445 42
1539 189
4402 187
4522 6835
2949 2438
2075 7792
5890 1202
6198 4284
4525 1916
5669 4510
4252 4753
250 3144
1238 2547
1548 6025
1544 3198
394 7772
2523 7631
2562 5828
628 6772
7198 3548
2219 6661
7332 3977
5720 5952
1112 7009
6156 2279
7622 5643
4210 7965
426 7632
5413 3976
5279 3990
7146 4017
3937 3957
361 6843
5365 7093
3865 2378
5005 6694
4225 2693
3362 1301
274 1872
3833 3746
4009 2402
6333 4104
3116 3826
1616 5114
1884 4490
5318 1646
77 7763
4845 7750
5679 701
6282 1437
3818 1746
7736 3778
2529 2828
6926 1846
1914 3328
3797 6965
242 743
461 3135
613 7795
99 3970
2522 2096
5074 5916
2067 7762
6088 7581
3878 1027
5230 4255
1295 675
5163 2987
4766 1067
6285 3126
1598 2890
2936 379
3259 3931
2961 6477
5803 6121
5935 331
1958 3596
3438 6184
4030 3904
5528 5688
3154 4279
6470 510
