8000 1500
1157 1295
4553 7931
7744 5533
166 2219
4593 3828
2921 5395
6121 2143
319 1741
5320 3480
4078 2190
7362 2144
6814 2110
1959 4075
3757 3842
7414 5624
2106 7211
7992 163
708 4979
1229 1282
684 3393
3130 4268
6050 76
4512 7780
7944 7522
0 5542
3804 4783
2793 302
3844 2400
2705 1346
6627 3116
7965 3015
3636 5734
2389 1626
1648 2543
2614 5253
3023 6581
3261 7587
3899 7185
7612 536
2806 6253
5694 590
7032 2010
2808 1047
7580 1390
4827 600
593 6827
4919 2513
7472 4590
2501 4614
7877 935
5751 6921
6854 5373
1474 849
3528 5805
5132 4550
4404 4630
283 7263
4675 3504
2313 3920
7453 2249
3032 7261
2271 2580
3016 6008
2459 7343
2300 1159
4530 6638
5646 1181
2383 1378
6471 976
7615 5671
7754 7755
2961 4758
5201 1404
7289 2408
6331 5029
2222 6989
7908 5926
5331 436
4515 2040
7114 6220
4260 4587
6531 5235
5711 789
4606 489
4738 6479
3121 1339
6164 7772
7011 1641
1244 5855
2978 6985
993 7271
6519 1330
5180 3077
5718 1911
4734 2334
4302 6435
352 2969
264 4972
6008 1776
4562 7749
341 2399
4715 2499
7333 7874
5558 4624
4200 6970
6901 355
2532 5463
6585 4082
3828 5489
7387 7965
6691 5521
6370 2423
6946 2781
926 6717
6966 6844
5256 2492
3993 1964
6609 4821
180 7571
1651 4977
2158 1253
4145 1705
4070 5006
5485 5452
4118 2773
7082 7301
6834 4179
3860 4117
1341 3438
2227 6788
1258 6028
326 758
5496 7878
5350 7023
2035 4890
2783 1109
3743 305
5822 7052
7263 6786
2771 6776
4009 3740
5708 3212
1226 3545
5687 6089
7399 1766
529 296
2609 2235
2122 6019
2445 3333
3752 4897
7139 5490
621 5541
4610 6266
528 1137
2176 7046
6479 4889
4028 610
4510 2013
22 3792
4172 481
5958 6142
3730 2276
2989 7121
5462 7260
3800 314
6246 1313
1239 5367
5856 6700
4597 6482
808 2176
1392 512
796 3681
4092 60
21 1655
2348 1141
4033 7980
3095 3368
1298 7210
2594 4520
6689 6475
3793 5543
3659 3316
6643 2290
1445 625
7577 2025
5846 4222
3393 3542
6598 3837
7009 554
4292 3318
3667 6814
4587 821
5612 7468
6695 5729
3019 1938
3060 7856
6898 1224
1227 7723
3533 3999
5951 376
7310 5583
5009 6648
5451 7949
7680 6610
7014 6480
5969 6299
4670 4513
5333 3835
2780 3639
1898 6431
7409 2128
3542 533
1309 267
5022 200
2374 1114
6656 6084
7790 5909
1662 2730
6336 3453
6725 5673
1601 6225
5137 1031
975 6398
11 7198
6979 2586
5016 7600
4907 228
7971 2810
3589 1014
6886 2503
1938 478
3441 5683
4139 205
7708 5443
2984 4242
5577 5700
1722 5815
2236 5938
889 524
7526 4942
7528 3377
2322 7114
7665 5520
4770 5082
5916 7182
2913 2047
2674 726
4547 6455
3088 4196
6891 1211
5749 1651
2487 6368
3212 3009
4239 7721
114 2540
1868 5061
2817 3454
821 5860
1300 7207
1316 1075
7240 886
6853 4186
3733 6642
3663 823
2821 3810
4660 4688
7144 6062
241 4928
5442 6441
3928 4121
5400 4568
3758 7205
1781 6293
7762 927
5743 99
1537 4946
2169 2164
4726 5076
5828 3140
186 2278
2499 4296
1534 370
5511 5968
5031 4413
4544 5648
836 1997
3884 6987
5481 6065
1717 3169
6224 2767
2040 5225
1665 541
2770 4227
208 2751
7550 4939
4528 2079
4325 591
696 7798
849 7479
2425 7040
3362 2647
1261 6426
7843 2498
760 2557
572 5807
3419 2546
4130 4900
2712 5772
5072 5151
5866 4283
1469 7632
81 2869
6753 188
7953 2131
7594 7536
3893 7707
3199 1245
4581 5338
272 6406
4979 5558
6239 7761
5529 3134
4997 851
1034 7477
7619 6477
5839 5800
3134 6260
4813 4112
2572 1881
1539 5420
6221 4369
1559 7735
4849 4344
6071 2631
2376 4929
6896 2644
6458 69
5669 5702
817 6948
7635 2095
4081 6582
606 4763
7401 2240
2787 1158
522 5121
4272 3302
4884 1392
4471 1850
1861 4388
7110 3670
4795 1116
2625 5143
7367 7891
428 4411
5466 6175
6169 6696
4027 7484
3107 367
7936 5704
170 3264
7931 173
3310 2815
5418 7568
5830 2478
3827 760
3862 3727
7712 5346
1840 300
2900 3829
1530 226
4637 6951
5299 3878
3555 6277
3178 2530
1270 7397
6407 1148
6968 5895
5141 7889
5287 7765
4978 1611
613 271
1321 3576
7586 1519
3519 155
1373 4250
4294 587
6411 2758
511 2407
287 7823
1556 5888
3265 3761
5023 236
4213 7662
4220 4712
734 1417
2584 6565
1707 895
4036 4430
7923 7747
7522 5469
4904 4507
4185 4560
2218 1563
4208 7672
1499 1454
4502 1138
5645 3401
783 7413
7610 7509
139 6552
157 5481
1557 830
3238 3297
6343 5561
6112 4185
1660 3765
222 4137
7196 1971
3761 1788
5240 1102
4976 4988
5723 7537
6391 291
4896 2582
3118 6117
2295 3656
6080 932
2046 1357
7873 3749
343 7544
1719 5975
4259 4916
178 3228
7662 4597
6326 2878
7728 491
1667 5277
1819 4819
6883 6113
7122 3483
123 5018
2622 3178
1042 6976
1312 1425
3626 297
3051 2913
571 4693
3616 1241
5557 6893
6208 5330
5297 1354
3207 6651
6393 6095
6786 7720
7406 3442
5487 3710
4058 1225
2829 7956
989 5302
7894 5539
4930 1142
3203 281
1130 787
37 552
5787 5065
7411 2843
843 1037
5507 7627
3460 4585
1687 6575
7412 3902
27 1993
1652 6590
2627 5056
7777 4896
7636 7695
3450 6718
2963 7188
4648 4682
1995 1761
4678 4827
7383 4785
7595 5853
4373 2728
957 4931
6712 687
6157 7873
4482 5578
1168 4153
2089 2343
2789 7602
7256 4034
887 5188
4480 6059
2526 487
7462 3070
321 1348
7093 6140
7537 1257
6139 1745
2774 5723
7668 5083
4808 4094
3670 7578
2314 7660
4635 3634
6255 1723
1924 1443
806 1120
1844 2508
7558 6290
41 193
7603 2106
3296 2464
7272 708
1906 4027
4337 5350
6106 5717
6799 7039
1897 7909
4686 2327
7925 7932
6434 700
7968 5011
1730 7567
4673 3856
772 3150
2604 1912
34 5593
1354 564
5177 4431
4280 7994
55 925
5053 3242
7942 6620
3268 6157
5379 51
5107 5728
7207 3806
4295 129
3277 1614
4498 6397
417 5769
5630 1747
5559 6695
5245 1002
862 6301
2366 1481
2463 5471
5085 3770
3976 3506
1946 6460
94 4504
5365 854
7107 3786
2027 7728
4112 3089
1201 4747
7471 1179
2579 6811
2057 2824
1026 6808
5039 5138
3066 4825
6947 3334
6230 1236
1302 5374
894 1094
6213 609
1543 5678
6708 6845
2094 1479
2341 535
7804 3113
4585 6278
473 2795
6877 7096
2896 3050
3109 117
5705 2404
7909 2579
634 6720
6043 1837
1409 3139
6451 3188
4877 3908
1535 5642
7643 3408
4473 3901
512 4011
7896 581
5191 5930
5049 6958
7922 4565
605 4425
915 2132
5334 7948
7371 7668
2108 1239
2331 404
1567 199
6150 4823
1455 706
7322 5275
1424 4101
6202 1091
1343 4456
1035 7123
7938 5976
6909 4172
3209 5402
2479 6738
7515 5382
7555 575
4243 4495
2402 630
6107 5663
2662 4447
6890 1704
6097 3916
3476 3520
6573 7060
3961 2697
7102 5254
2064 697
7404 1700
5217 4846
5001 3256
5270 7902
900 1721
761 2405
7162 6744
6964 3057
3988 7376
1804 7180
1124 71
3076 3503
4801 7157
1750 2727
4202 2425
7933 6232
4947 278
1881 2286
5683 3357
6526 6340
6755 7913
549 1059
5794 1728
3778 5167
5520 465
3797 3671
2945 1501
7733 7452
6456 3906
3305 2416
5144 2520
1149 6986
2170 1243
5066 4433
5005 4725
5821 2862
5399 6064
3371 2933
523 1809
5368 1083
7869 6017
1919 998
1466 6243
4794 1372
1679 5904
3469 7307
1890 2668
3244 144
6238 3043
1008 1716
4692 642
4769 4512
3622 2344
7715 7529
6182 131
7950 1711
5010 7646
7033 1246
857 4563
4234 2227
4458 4954
2717 1103
7864 5582
5970 5161
7614 2183
3055 5785
3044 7940
6839 7282
6228 1714
3886 1323
6449 2298
1247 5618
6491 4262
6457 6411
4828 7432
524 5898
6200 2129
3314 4393
4086 351
3049 4963
7458 579
4619 6137
5504 7561
3640 5611
3963 322
7426 908
5111 2396
7722 6870
809 5948
262 2676
4835 429
228 6318
3348 7212
7306 5806
5923 5054
3243 682
4972 7189
3600 6039
6111 955
5713 2545
7674 6182
2687 4707
1023 1411
33 5934
3316 6791
3848 3141
2791 4652
5861 6573
4861 6092
3240 5682
6802 2380
1071 6518
5752 5482
1086 3053
1166 7110
4047 4476
6907 2655
4865 3965
7837 7309
1151 5417
6626 7337
3815 2797
6059 846
1624 3622
3952 510
1706 2774
6525 548
2767 3030
539 3754
1177 2541
1635 3861
3285 3022
766 7435
3693 4439
665 100
5377 6021
1864 83
2148 3349
7023 2439
7301 4167
2240 248
985 4636
2339 6311
2923 7061
6921 70
1144 4671
7502 3352
5344 2685
1912 4015
7866 6789
6445 3978
7681 4361
3906 4542
4107 4016
807 6745
6265 3223
7501 255
2554 7609
883 6132
6381 3582
1120 111
638 3066
6641 2005
1753 2549
5522 653
2154 4684
5628 5153
1615 5831
4754 207
2608 4090
2337 261
1877 6256
6539 2928
7208 1680
2703 3322
1973 728
3443 4577
5841 5328
1856 3207
1829 7022
3430 1968
463 3611
3158 1587
4725 7193
1494 3235
705 7844
6650 4401
1153 4903
4021 7808
976 5602
2964 2561
6251 4264
3417 504
725 4695
3838 214
6711 2651
5231 2759
6718 3968
2205 392
1090 362
3042 5727
1103 4435
1146 5027
5092 2339
664 1492
240 7514
6652 4217
4455 6353
3486 2433
7666 290
5074 7922
1116 6001
7273 3741
336 4901
1234 2595
4857 5713
7564 1834
7840 4464
7464 3158
7847 2889
2032 7875
6716 6653
8 4508
746 5636
7930 2000
589 7693
2115 1957
5968 3550
4177 5991
2309 1629
1714 7811
4862 4915
6774 1782
1170 3258
6734 4788
4007 4088
1772 4527
4425 4441
4189 7880
7798 3851
4488 3722
5037 6223
965 148
6842 7870
3149 7957
3540 4784
5988 4561
1254 2550
6530 2479
3523 3522
6237 483
4750 966
297 6181
603 1720
2102 6699
470 5794
3686 3760
439 7130
4664 488
5424 7645
2523 3363
5454 7512
3096 3213
3352 3457
6091 3601
1028 4266
1570 1272
6292 7944
5849 3849
6189 4136
1228 2809
1841 6979
1208 530
187 1982
5267 1553
585 633
921 3811
6392 7245
431 6925
6855 1666
4296 4277
1338 7726
7026 1650
4062 1336
3601 6685
5823 3641
361 1042
7694 3685
1470 3190
2474 3340
409 5465
3157 7412
2726 4873
3985 5803
7729 7007
204 2221
2392 6490
7867 7871
3351 3644
1773 2749
4916 888
4035 7919
237 5414
3843 4488
2691 7073
2734 2482
7142 202
3398 3081
1481 7268
7500 6603
5725 3067
6654 1192
6673 5628
998 3951
891 1869
1533 6869
2373 5566
779 7394
2648 2146
3708 4811
6095 4924
7767 7551
7364 6012
6780 1660
3129 4483
4044 7103
6687 3325
6440 7236
7651 1687
4181 6975
6920 7946
1379 1819
3365 5887
4647 7231
1629 3578
4497 4320
7572 6093
3538 7830
7778 7896
1858 224
105 3719
6969 626
4688 168
752 7131
7190 4384
3312 5574
1711 7168
6037 5666
6624 2537
400 5178
1265 6606
680 2515
6417 2596
4764 4679
2025 6139
6836 7359
7005 308
662 7614
1789 4085
198 2014
2140 1556
1413 1214
5407 3065
163 1233
6469 417
4379 7291
7397 5045
4151 5099
2310 309
4283 5441
3124 3326
2629 4938
5760 245
223 4616
7510 7921
83 7292
4771 6580
5759 2501
3123 5970
6101 3467
4895 3702
6282 3225
239 1499
6225 6567
5556 5945
4087 967
233 2460
6281 5612
3632 2778
6866 1609
5171 5223
1327 515
5142 6022
3927 2898
5181 3956
2565 6058
10 328
6790 4132
5006 4566
5533 5722
6559 212
4807 6364
4329 1175
5862 3990
4777 5264
3440 7633
1744 872
216 6732
6551 7171
813 4677
6031 4794
3111 7967
7508 6385
5587 1774
2765 884
793 7648
6672 6077
7820 3606
3383 4147
5917 4104
4644 7442
5679 4922
4529 957
4900 1857
5159 5950
7705 2246
3043 386
2905 6324
1531 3021
563 189
6066 20
4851 6853
1646 5773
1280 4306
4491 3519
4182 6529
2229 5186
2450 3306
1607 3957
1655 7501
4936 6705
3427 1902
289 5650
2257 7521
5127 752
4872 1275
487 7313
6789 3375
4982 6297
1043 7209
3668 4663
2571 5748
2423 1582
1891 4340
2512 4017
2927 5169
6368 870
7338 4917
6744 6284
6285 2197
1065 7635
6035 6136
7553 7681
1867 3857
6862 4714
1886 2743
5880 7497
295 2672
5362 5936
1716 943
7382 3699
2838 4158
4910 4279
4881 6315
1936 2874
6141 5749
273 6362
7963 2670
1757 6586
3560 1043
3657 727
3842 1973
5805 68
1473 6055
1724 7915
6030 408
3981 5140
903 7281
5956 3469
5635 1276
6017 4271
206 2138
3836 5142
6103 3344
328 77
3652 3805
6325 6433
1865 646
6613 1648
1197 2280
5393 4885
5844 307
498 1708
1672 21
1437 2725
7232 3201
3332 3636
4386 1056
5519 1110
1902 5747
3610 6254
2185 4660
6279 1189
4920 6833
990 4573
6464 7503
162 6045
7186 6408
4478 2140
480 5285
5945 6624
3751 5790
1128 4192
5490 7391
2981 3962
2113 5917
3535 2265
3700 6487
2269 5740
4802 5791
6705 5376
2868 213
4053 1285
1854 3750
7590 3868
1787 1419
730 2194
315 7990
5262 5767
4631 3298
598 645
5622 6004
628 1306
5317 2970
6011 3753
1521 948
602 4282
6967 3039
1427 7767
4717 4391
1024 2831
1536 5351
6459 5369
6608 4403
5907 4001
5684 613
42 7893
5775 1184
2536 6800
930 898
4518 2806
420 5132
5150 6046
6612 1771
2611 525
7783 4716
2343 1689
4104 6807
4676 897
5029 696
3446 6739
1893 1489
1426 6650
7137 1478
2969 6817
1460 1220
2845 4110
452 2856
7003 7387
1527 6984
373 4764
3005 5766
4886 627
3517 7232
2086 1087
3432 6669
5943 3270
4658 985
3756 3241
6733 3488
2686 17
4245 210
5925 2819
2552 1040
1598 1352
189 323
4399 1613
4973 786
2189 5676
4105 5796
6988 2601
647 4337
252 1385
3960 3046
1461 7363
7006 2036
7523 6131
6419 258
5801 7063
4370 5859
6359 1667
5656 5633
5338 7360
5045 6936
3854 6556
5799 4865
1013 7460
1019 3890
999 2237
5069 4468
2308 6616
4559 2505
1800 3084
7044 659
5971 4332
3857 1108
2967 5690
3703 1591
6175 755
5832 1061
1984 1238
6034 6933
2615 6912
6893 4218
3198 6617
1528 3002
1402 732
3774 2161
6859 7636
2524 5080
86 2917
1698 3556
5129 6941
3644 1058
4336 418
6466 4354
4748 7900
5514 5334
5315 1375
5964 165
1169 3609
5584 2829
5606 7418
5649 5516
7806 5604
7999 5412
5475 2331
3574 279
4124 4735
4010 5222
2076 3075
3037 5164
4732 1515
4826 3993
7090 244
7030 1970
2928 6558
7111 4026
1107 4719
982 2949
5498 695
3509 734
3034 6524
6439 7562
3169 4126
7167 7443
3229 4572
2854 5327
1335 1237
7266 2427
501 2157
4535 3502
5721 4797
3013 7216
748 59
3223 3443
2068 7839
5758 690
7910 7973
5824 2578
3188 523
4229 4394
6423 5472
5161 4523
3257 7795
5292 693
1180 3292
5382 4503
2858 7885
4598 689
1232 6674
2851 2037
1134 2912
5298 4305
2544 2438
255 923
537 3991
3983 4571
3739 7372
1647 4451
4733 7659
1415 4138
2481 2447
7257 7500
1762 3623
3454 2474
3830 3988
4320 2709
5820 5432
3338 5820
7391 5233
3247 2894
6369 4925
6375 6261
5416 7174
576 6325
6590 6486
4980 6313
2072 4528
5397 2665
1613 1251
3143 1567
7646 6307
7433 4021
6019 819
3234 5630
6236 34
4617 3961
6352 1240
1196 2145
3354 4930
3319 7688
2616 6832
3269 3566
7687 3314
7281 4640
131 6796
3408 2971
5236 52
4161 2953
6638 5899
7648 2936
2048 2141
4253 4987
3688 7991
6824 1815
5983 5256
2090 2598
5122 1105
582 1675
6218 1813
4421 698
3541 2506
6002 2942
7294 6715
5977 220
2551 3080
6096 1865
2393 2615
450 5229
7919 5439
5052 7326
2520 7002
405 1359
3839 980
3399 145
7235 3676
2676 312
4351 3974
4129 87
6379 1349
5843 765
6953 6147
6807 5979
7357 5547
7163 6843
7984 4139
4567 2112
3084 6150
3767 354
2834 2062
3204 6067
7736 7892
1966 3204
1948 2212
4954 7043
4364 4410
4495 4386
7924 1498
4601 5928
7177 7434
1842 4607
1668 6108
3340 3793
1084 4077
2033 6066
6211 5160
7893 2137
7366 1052
392 7284
2839 2808
7807 5964
7040 7782
3824 4551
3313 2836
6876 1886
7375 3549
7884 4424
6186 862
2873 7217
396 4375
764 3413
5429 7890
3732 6896
5118 5527
7214 7033
5200 5802
2545 5528
3784 1509
1355 3616
2105 596
4687 907
4467 6007
5848 313
6770 9
5696 3824
2160 852
2632 6798
7624 4272
7369 6073
6558 179
357 3713
5007 7779
1812 6215
4523 903
7309 838
3171 3419
1191 3801
7292 6593
1555 5058
4096 4998
703 3063
7655 7740
185 438
3786 1879
941 6503
3579 3477
7560 5477
4049 3472
5900 4967
2742 7288
7092 6499
7027 1581
846 7427
5549 6743
492 5033
215 3725
2533 6587
527 5380
6232 45
2006 1810
4138 4594
4908 1588
531 2412
2013 637
604 2485
1960 3181
633 5093
5355 7220
176 107
6384 91
4286 5797
4125 2476
5192 7204
4091 3955
607 6504
5024 1256
444 2860
2412 3690
553 3899
5227 7350
1100 3331
6685 5112
6472 198
5542 1374
5013 2654
7849 7781
7191 5060
657 5980
2204 3877
6983 7332
673 2295
4519 5336
1710 1093
7557 2667
7067 2127
6244 5507
7053 379
4350 378
4140 502
3467 2
3382 1389
7197 4181
3934 7071
174 4574
2777 349
1755 573
7365 7979
4431 5869
1656 1652
845 6967
3929 6907
5667 7258
1887 6337
2034 2517
6776 7698
144 1311
2249 7126
358 6129
6923 3394
884 3267
7766 3211
1942 2272
1242 3428
5232 1503
6951 4096
744 6632
6025 7833
6334 4420
5329 1593
5319 6963
1356 2925
1962 5001
4716 1015
2588 6577
4998 5989
2124 6628
929 162
1778 6865
2152 6213
2467 1413
728 3481
7799 6916
4418 2292
3220 1055
669 3567
5670 4948
2207 4526
2576 3365
1175 6797
7152 2657
7448 797
1367 3910
6850 6199
2408 1263
800 2680
844 5658
7113 3429
6623 1777
6520 4080
6600 1647
6036 5715
4603 3526
6204 73
2387 5100
3189 3633
916 6953
5637 4738
6148 7251
5730 5681
6494 7528
3728 960
3723 2224
7490 3791
5553 4754
910 7075
2498 5760
4744 574
7133 3432
7095 1979
5077 6784
2792 5784
1659 5284
1397 1851
5152 7259
5954 6596
5778 4575
3714 5026
2859 4796
5095 3425
3765 6875
6374 664
301 303
5441 4771
1050 993
460 2431
4434 7406
7718 7692
1782 6854
5110 1123
6284 492
7926 4019
7970 4869
2246 1863
2049 5709
7461 7181
172 4006
1705 5750
3116 4204
4304 2319
6122 3513
925 2817
4375 5219
7153 5551
2710 6123
4116 7972
7150 6458
7487 5799
4195 1529
3696 2414
5851 6078
372 1064
4996 7738
510 7511
1577 7858
4882 1493
6681 1421
3101 3028
2942 4166
2943 2376
3867 4609
1817 6420
1764 2448
1853 6622
2288 4739
4821 593
4415 316
3671 6612
2931 7879
2951 4548
6516 519
1463 2336
3932 7598
955 1642
284 4944
5727 3818
4960 5626
3343 4188
7233 1952
5168 1962
1342 4690
3322 1332
5800 6730
3279 1350
5543 480
6741 3969
2827 2788
5432 745
6302 6574
2223 7826
5476 4894
4602 6706
85 5745
4430 321
6185 6389
1964 4343
797 7244
7498 5451
2018 5816
7430 1691
3741 588
3381 3775
7050 2812
3563 562
354 4044
6880 287
5634 2201
3194 3091
3184 7283
3552 25
4698 1785
2753 2011
1945 1315
6057 3286
6408 4462
7456 4836
3923 7215
745 1436
7141 1622
402 2663
4864 7082
1207 275
4833 1942
7737 6663
2441 6566
1393 2996
342 1762
2199 3185
2721 2279
5324 7763
6997 6303
6 7466
6477 6237
4975 472
1438 6112
6014 2853
3677 3327
1777 5453
113 5871
6127 4708
7455 5653
2258 3266
6385 763
763 2154
2146 4263
3031 3205
4974 2798
2291 5294
3759 2277
7088 1630
7283 735
7613 6219
4427 2163
5421 3294
6578 7065
1390 7722
3251 571
627 824
4080 6740
4538 7449
2766 6419
7148 1018
1185 28
698 2695
269 4847
545 1604
996 1742
4720 397
5554 6805
2047 509
5465 4732
6679 5243
3847 952
7952 7401
3902 466
1708 6702
7173 7787
2708 4887
2655 2884
1644 5885
992 1772
5 2055
1311 7658
7604 2441
534 7050
2123 3605
4706 5503
4299 942
790 457
19 5040
7782 7530
6865 4073
789 2493
5349 4547
6778 2707
3436 5411
141 655
5613 6037
7064 3778
3973 3510
4257 4717
6262 2073
7228 3704
6033 577
4836 1485
93 4518
4779 2109
6540 1473
6614 7079
4451 4033
3226 1291
1901 5353
2198 3192
5051 1916
1020 1379
4645 7167
7863 7634
2862 1657
1089 704
2619 1252
5892 1918
2987 3624
3176 2094
2301 319
3113 7651
2305 1393
2143 5716
6404 389
434 7701
1799 6103
1332 4802
6229 7964
7010 1833
3186 5325
1364 1312
7063 2300
4855 3118
7350 4866
6599 2119
3370 2560
1114 546
4051 3173
2388 5916
5419 330
1138 124
3339 390
4783 6116
3020 7392
3249 7010
1516 4161
5671 3782
1482 3807
6256 5851
6576 5148
773 4904
4541 1559
1809 371
3504 497
4084 1131
7078 594
1852 1136
493 6121
4023 6818
5295 2646
6933 7154
599 7882
4128 3665
4111 3626
5738 5440
6714 2087
2968 3280
7596 1362
3160 4389
2646 7149
6350 3197
912 1098
3200 1203
4401 3554
2422 3544
668 7790
3307 2554
475 6138
2853 2028
834 1839
5672 2854
4737 837
1604 80
1666 4838
6935 2790
554 5668
4214 7974
7124 3476
6825 4953
3193 3904
5815 7554
5915 832
876 4968
2795 7742
667 7789
7000 6184
3876 5763
2355 274
1346 7424
277 460
3038 5429
538 1726
4536 565
2335 7575
1125 1036
7921 13
1874 947
7731 5118
4398 1468
2358 6085
7428 2497
2416 6352
4025 7822
7554 2367
6987 5509
4237 7508
805 5089
6184 2976
304 273
2534 684
7446 1173
1118 1686
3444 1835
300 6909
3898 7564
3618 3767
3190 4255
4002 2666
4307 1640
461 977
3775 3191
7248 3629
1653 5007
5555 7341
7945 2225
6952 1475
3760 3875
6361 3773
650 5592
4542 2905
6808 2616
3453 5194
6864 2940
5414 411
6193 7164
580 6747
5874 3210
4599 2745
735 540
4654 6320
596 2284
5228 4809
2553 4377
6312 6196
6756 1190
1281 7818
1760 4349
7438 2938
6647 7128
1468 1321
984 3747
266 6952
4228 6980
5819 6836
370 146
2004 3035
5589 7866
7954 7055
3009 7831
4231 4876
729 7625
5064 5401
3299 249
5081 2609
485 736
5852 1791
3524 4936
3603 885
2864 1944
2957 1360
1224 507
1313 6919
2118 5580
1805 6846
7534 363
2379 240
243 6295
778 7849
3462 1507
1822 5364
459 902
6835 7390
2254 7929
1172 2348
5803 406
7961 1437
1447 5283
4695 6913
2250 3738
5415 2811
7135 2338
6320 2857
7998 7183
6340 4800
2640 6787
4205 1469
6852 5368
3401 5247
2590 3936
2661 2283
2682 7828
4153 4778
5740 7480
3086 5530
2174 3417
4709 4860
7775 4780
3888 7938
488 2424
7104 997
7507 3440
7419 4570
1593 505
6658 1737
2816 566
1780 31
6474 7438
7692 3579
4290 169
6521 881
3565 3546
225 5119
7046 1945
5443 4030
1403 1063
6937 3608
5117 5484
5034 2803
3069 167
4863 6707
3986 6267
4212 742
7321 2305
181 7241
2831 398
1872 1820
2252 2947
5447 5122
3024 6251
6639 6815
5621 3168
3547 3798
1771 295
5761 7982
6757 7315
6902 84
44 2071
1011 2648
6109 5664
6154 6539
4816 6528
7519 3238
1485 6488
179 3927
7172 4812
7885 7970
645 7570
7244 532
4611 2443
5264 2626
711 904
4179 268
1664 769
4696 4878
2930 347
6732 7221
6430 6841
7042 6032
3135 3108
508 6920
3228 2661
1105 6526
4203 110
666 7719
5523 7531
7249 4379
5282 856
3866 2199
6653 2238
540 6568
5078 4478
1896 2895
4395 3602
871 6597
1579 6935
858 1193
506 3783
6347 3087
6717 2721
2758 6218
5829 5266
4841 6943
6975 5390
1283 6274
7065 5072
1291 2009
2548 2780
3889 7086
2597 6879
1410 6820
14 6758
5619 4686
7069 6670
3511 3516
2184 7034
1198 1464
626 3124
2002 2844
1688 433
1101 1631
3333 260
4911 2793
1712 5152
6508 7485
5793 5320
6152 7206
261 1483
128 7375
815 3332
897 3198
2405 780
1649 5385
1588 5370
4456 675
214 3746
1663 1140
814 6757
1453 4407
7675 3247
7389 5250
1150 521
1209 2456
2837 7140
337 2617
5330 7049
7829 3794
1767 5564
7673 3898
1264 7275
4274 2496
5591 7989
6052 2322
7314 2738
1932 5381
4277 4228
3120 2357
7285 861
3654 5868
1820 1852
7839 7364
6386 5958
6068 2253
4063 5910
395 3694
3349 1302
3971 2345
5288 4893
5784 3929
153 5901
7955 866
3819 1234
7902 7923
5198 2043
4043 3812
499 3790
6500 1338
6728 7098
6115 3194
3582 6191
7320 6840
1908 1
4875 461
5367 7663
5838 7014
5460 2771
6943 1817
1187 1599
5370 5234
5027 3982
3236 5244
4649 3667
1173 482
2460 5498
3872 4645
66 1069
5895 3152
3369 3718
7431 1020
7199 3731
2596 2899
2887 5185
1323 3358
3091 6252
1334 6380
1380 7219
7465 2397
5901 3511
2273 3250
979 2671
5302 673
1550 1696
660 6422
7126 6390
3682 5779
892 2718
2261 6061
7858 6571
7505 5107
5541 2458
5167 1893
3639 7430
6441 2065
4646 2440
3323 956
5531 7777
2999 6940
5480 2716
795 2068
1117 1096
6402 1948
2200 6033
3674 2241
7591 7402
6170 5983
7084 4208
68 5754
3651 5357
3225 5115
5412 2840
3529 6950
4034 5587
3715 4100
3705 2890
4704 6014
6114 6521
4389 4891
5548 1597
6529 7771
6172 5912
351 5546
28 513
5449 5201
1603 6633
4347 2186
3080 7615
6345 950
4938 6576
1135 7507
6868 6495
5499 4310
5615 5491
6240 6221
5912 7246
6027 766
2825 3396
6252 1368
6747 3527
6544 2710
4772 6974
4143 448
4102 668
3201 1342
6919 578
7808 5400
7678 5814
4353 1440
7637 983
2334 2880
323 3569
202 2426
1396 2254
4082 651
4765 469
2624 890
7157 1951
2599 5170
3027 2972
5020 2093
408 6247
4308 7482
2690 3977
5802 1829
4391 5524
3259 7582
1501 5515
90 6443
869 1380
6666 5268
4178 6698
4834 5971
77 1754
95 5649
2606 1358
5238 5116
4109 410
3174 3076
6736 3019
7276 5607
1337 7175
3026 1033
6782 4486
380 981
6646 3788
4887 2365
1301 7812
7690 3001
6481 102
4641 643
7470 2518
1970 2614
6113 1718
819 7855
4256 4990
7879 1424
4805 4470
5269 2045
676 1497
2948 5531
1580 7604
5321 6927
3216 2125
424 4955
6295 6133
4438 3079
7606 7473
4333 4061
1326 332
3521 1690
3141 6828
3801 119
7121 5446
1731 5559
5750 4037
7 1799
7403 4674
5949 6189
1267 7601
723 1930
1827 3923
26 6937
3989 3612
389 6259
5978 1780
3612 1017
7830 4834
3669 7095
43 7137
3647 3000
5878 7914
7329 6436
3557 7355
443 3304
5944 4582
4030 7842
7823 5078
1003 1011
3975 0
6216 7257
2925 785
6276 2123
2029 3398
1253 5039
2823 2033
1843 7248
5220 6370
5042 4661
1801 1160
6433 6751
2172 3748
2306 7382
946 1035
4284 6279
3805 2054
5284 4843
6986 2992
953 7328
3103 2226
1626 4531
4492 1764
2342 3356
5660 2982
6413 5095
1282 1502
5098 1756
2318 6996
107 7431
1976 7279
757 7423
1873 1688
2281 2076
2903 2362
3936 4280
7402 7862
4924 450
1446 7731
3192 4842
4121 6851
6261 3104
4511 5500
5494 3874
6110 2239
962 1698
3680 3663
3297 517
4113 713
3829 4841
74 4768
6596 7666
3745 1448
1099 2394
1419 7691
5629 1816
4269 4174
2688 7009
6722 1143
7672 2634
3145 5255
7601 53
5036 1301
4066 442
96 4752
2247 1152
7015 139
3208 7224
3581 5499
515 5744
1079 6903
7556 1895
393 2103
737 4829
5538 463
2697 7539
7904 7499
3628 796
1658 1178
1088 3817
5594 2101
906 916
5782 194
4613 6478
4823 1466
6288 1402
5457 6825
2607 3272
6355 7444
1122 1073
7738 7759
6311 6174
7848 6835
3278 6438
7506 6057
3939 2100
4446 4485
2 374
750 1512
2191 7985
4995 5021
4410 7768
1246 2432
2370 5000
5811 3090
4876 6588
2304 2962
565 4552
5058 3115
1591 3400
1360 528
5860 94
2292 7547
1900 7285
7486 4409
18 2865
3170 3
4407 2481
1606 4007
505 850
7683 4105
1623 2866
6991 701
441 865
4991 6197
5772 4159
286 6629
5406 6156
7410 2968
7055 1235
770 6710
2187 4247
5739 1066
4316 7888
6123 6034
7911 7150
7239 3523
1734 2306
5403 6006
6788 7876
5189 1188
6212 5252
7832 5699
5346 1185
1189 4553
7814 6016
3974 2149
7541 3821
4682 4251
1583 6209
5445 1595
1677 1639
1991 6379
106 4177
6338 551
2519 3838
4653 7208
6713 5670
762 5557
2715 5878
4621 4010
132 1115
2439 2078
868 452
7129 3967
2438 6801
4173 6099
345 6721
4931 104
5431 5231
7086 6329
4526 3165
586 4612
2979 4114
3093 7112
878 622
7629 1901
879 7298
4992 1154
3425 82
7803 2867
5618 855
5090 1164
6409 3058
7001 4175
1388 4913
4937 1702
7757 6561
6093 5801
6280 1195
5926 2921
2630 176
1860 7374
6926 92
2080 6100
1056 6448
4312 1278
7051 1975
5385 1897
1027 3552
6908 4434
4486 7794
3955 2839
4500 3307
5401 4333
2704 5313
2693 1314
5876 6427
2130 2297
6746 3288
346 7754
1721 7637
5719 2678
1412 2003
3737 1198
5206 5867
5196 7664
6806 5174
2145 4576
2982 6677
4408 1956
4324 368
2075 6535
4746 409
5303 4133
7043 5232
4098 2260
2296 2777
2293 5384
2651 6626
3598 3342
4045 4863
2731 3789
2495 428
5893 4304
7440 2659
3807 4457
2101 4364
2678 3531
1349 5817
6504 4128
2233 5942
4355 3037
5506 1310
5000 5037
6723 299
7593 7035
4338 749
7549 7594
4073 3879
7353 3996
7836 7338
2054 419
2435 2445
3631 1054
3561 1510
1992 6679
3549 2111
3131 2703
121 6780
6395 1673
4154 6149
61 4102
7100 4995
6761 4881
7753 3870
7394 3448
3108 3672
1406 6126
4785 1459
54 335
4187 6444
7031 6931
6210 4910
1458 6697
5863 4824
4447 7515
1552 1194
1340 5534
4756 2999
7370 3435
3002 7311
7886 6345
2949 7109
715 7613
5067 5890
4314 915
7351 2046
5947 1226
4068 3914
3578 2592
6173 2504
7652 6308
6243 2006
4666 5613
6084 5523
6197 225
2915 4830
1452 1121
384 1071
281 7962
1385 1617
2919 475
5518 2689
4798 7470
3590 3295
5786 257
7861 1992
4144 6542
6140 2722
1288 4589
3286 1197
359 2920
3772 5279
3894 7680
6310 670
4894 7670
3252 114
2073 6457
3475 108
2904 4287
1269 2398
6619 3354
5268 6637
7805 5363
3331 1635
1046 1450
5340 427
2203 4059
2167 3839
5251 1522
1233 7153
1725 3692
7859 5073
56 7446
4224 2544
3814 3514
5471 1620
2635 5049
2212 346
4289 1308
6492 437
7579 4160
6569 3214
4564 4328
2468 1100
3944 6759
4825 4984
3483 1943
1972 7881
112 4063
203 1337
1999 3497
7019 2882
3350 1207
7661 7689
591 1401
5962 6981
3018 1909
5047 6656
5818 5946
7245 544
4818 634
2126 2682
2307 6054
4267 1527
7120 7696
2801 5127
3719 7665
1600 5102
6552 5512
6183 1961
5035 5314
1230 4005
2453 1025
3451 529
4069 6923
2119 4579
838 2858
1477 2673
4860 931
2748 1773
4811 599
3656 4046
3608 1092
7520 109
1642 2274
4680 387
3059 1298
82 4657
7642 3005
4629 6152
1260 1915
135 1904
5682 6321
1566 7510
7242 7278
5580 7166
4961 2597
6704 6533
7727 2605
7699 6731
2372 1329
1971 3313
6142 2600
3287 2908
1904 426
5495 2986
1297 356
5780 1163
6187 6881
5402 4248
4390 6918
5515 1876
6538 7451
4721 2411
5737 3774
2628 5742
1431 3687
5260 7686
2193 3772
4501 2052
6729 5238
6342 4083
2681 6481
6283 2744
6465 4525
7536 5020
3727 2804
1709 7739
5325 6473
5642 6901
1882 5165
1639 4724
5675 7925
3780 4156
6820 2881
154 3682
6490 7961
1779 3964
2095 4215
5087 2584
2528 4198
3941 2192
4420 2946
6501 6217
5678 4127
4927 527
4844 3525
7860 4372
6831 6634
4198 4792
2407 5932
4120 113
4466 5550
5130 5631
4263 2309
1512 340
7670 6781
360 2641
2344 6056
3658 4772
4953 961
1981 3122
4612 6271
1828 6467
419 5617
1765 7041
6828 5108
4627 39
756 4284
7080 4316
1895 5312
3166 5030
5513 1812
7598 1005
467 6689
7822 5052
3218 7111
7379 7344
1578 1568
547 2489
3896 2995
3353 4273
1077 7139
5210 2944
1542 5795
1394 7250
6616 373
3653 1736
6497 425
5952 1086
3933 5536
5934 4935
3515 3062
2883 5732
1572 6778
2642 733
2469 2200
5252 2847
7313 6678
6463 7559
7119 770
4146 6726
4878 5306
7492 5189
5938 1939
2881 2567
4700 1467
5966 36
6660 1972
224 6229
1488 1130
5888 7410
4335 1266
6884 826
909 5861
5255 6876
558 7704
2197 6330
1241 5204
1596 6309
7786 484
7210 798
4024 2799
1920 2952
4342 6130
4899 4621
6938 4392
6144 85
7058 3548
5489 1589
7567 7792
5246 156
861 1363
7592 6281
514 2906
1723 6608
7057 2370
2912 4399
2960 5203
7398 3317
7478 1078
6432 7611
453 4326
7813 6462
3180 5394
5785 4405
743 2328
1148 6770
7205 6647
5668 6607
4605 1364
2909 6591
7693 7294
6410 4230
3821 5230
5358 2230
2840 5423
3664 603
2363 7630
2163 78
3219 6760
556 201
7828 4584
2161 6803
4747 6733
5347 2410
5336 7107
4563 4706
98 6544
5082 5436
5779 589
2527 1751
4710 1247
5139 377
5342 3367
6277 6862
6124 7737
5850 7068
722 3785
4867 1866
3114 2956
1156 6074
6625 5245
624 191
6087 2619
3646 1254
7194 1619
3173 1844
4265 6227
5361 5601
1416 3068
802 2741
3918 3016
50 880
2946 1717
590 1513
4941 5553
3799 721
7037 1594
3891 3011
4076 5455
150 7622
1913 5159
91 127
2835 1535
4873 6641
6398 3279
1314 101
7073 1463
2289 2442
4552 5355
4040 4909
5253 3673
3227 1521
564 1663
4029 774
2901 1847
5835 1561
6328 2519
5354 4480
7048 2302
3735 6304
5452 1004
5919 595
7219 1287
2754 1795
551 4962
7671 7526
3015 6011
3364 2735
6688 2105
7200 5177
7770 2542
2253 3583
1522 2099
5434 2130
2657 149
6611 5757
5562 7807
987 6792
5627 3876
3566 6496
138 5963
110 986
6936 803
7405 930
92 3184
4119 7836
1513 4514
3794 6180
7260 2387
7664 2677
1739 1134
3292 4908
3155 3437
2164 7256
5242 315
3661 4
3520 6522
3071 3495
4589 4673
1486 5259
7203 6205
2085 7093
1052 6545
2992 3353
482 1636
232 1598
4763 5321
6583 7540
1097 3847
3470 5838
1299 3492
1277 4490
6628 4496
5942 3717
718 3230
2701 2193
6963 4786
1770 7865
609 5823
7224 3894
5174 4334
1268 3836
6272 4233
6917 4644
5502 7952
3750 1790
2128 5517
7151 553
7304 7950
4751 5324
938 1353
3082 3796
2790 6719
592 1081
5075 7333
4922 3263
6659 4329
588 7327
6651 6338
32 1920
4642 6326
4222 7533
3061 6075
3221 1395
7855 170
1879 4049
2962 5257
6675 3209
6856 1932
2833 7353
7720 5672
3588 304
6098 3261
3597 1325
4123 6727
3318 1580
5008 4601
3367 7924
1985 1923
5884 2385
575 7362
4690 5605
5571 4165
2603 1638
6166 1842
1095 3555
57 3243
940 1546
464 3799
569 4072
7621 7457
3304 6376
2541 4734
4685 7094
451 6450
3133 6493
3611 5647
2183 4529
896 6982
4184 1914
230 4012
58 3163
7686 6904
3930 7935
1989 2323
231 6166
3853 7654
6010 1526
413 3123
6565 3085
7339 2148
1449 4919
7993 6945
3980 3701
6046 4940
4852 7995
6007 7671
177 2791
5387 6514
5676 4446
2773 5691
1333 2822
6063 2495
3879 5492
4951 1811
4227 5833
7871 878
4412 3486
7827 1365
4218 2782
3472 6736
2277 6018
5430 7825
4465 1023
3861 718
2093 934
950 3928
7721 7302
3217 2876
5461 430
7714 2566
6843 2950
5394 1679
6448 6381
970 5645
7575 476
2848 7118
2180 847
5986 1324
2298 5852
6125 3924
1025 7351
5741 152
2044 5940
3956 1084
7514 7069
3125 4943
917 2118
7524 3093
3699 5081
2336 1427
3915 586
39 35
435 5696
2175 6741
1279 1171
5135 6602
2670 5047
924 3912
13 1021
2878 666
3522 938
6889 3161
2279 7324
3802 18
2895 388
1381 1065
3288 2604
5186 7920
5383 2151
1171 6682
714 3650
6005 126
6996 5992
2709 4787
6390 4627
5974 2083
3789 7898
6554 5377
3895 7320
1676 6372
4699 4694
1315 2041
7797 237
1878 4144
7165 7733
4326 4687
5746 6725
3404 2270
7134 1303
6977 6802
6932 7569
7979 7158
4999 1955
3495 4604
3967 400
4162 1157
5359 4933
6772 5106
2856 516
3004 1408
236 6349
904 1671
4902 6083
6994 5695
7512 3886
6405 2753
148 7927
4758 5679
5551 4232
7711 4231
495 4213
1063 3338
7969 3827
7481 2623
3871 4849
595 7247
6346 4370
3978 6660
3498 2918
2872 2687
2684 5900
2396 2314
6830 667
5706 6179
3136 979
6823 7437
7250 455
7085 5759
3851 7025
5998 4961
4965 5585
381 3975
2871 3038
3416 1744
1199 2577
1285 5479
6102 6208
3788 4818
318 3882
2325 2023
2399 1555
7795 7983
1219 5544
2333 3293
3308 157
739 913
329 5897
2112 6335
3011 1921
324 656
2562 964
7243 6500
2332 3110
7029 2486
3464 3776
7622 829
2841 6905
1575 3658
1031 7553
6303 7491
7852 1161
5332 4325
6591 7331
7180 1022
4793 3462
4616 134
3280 928
7022 1707
3328 662
6811 187
566 4498
2386 4649
7103 3423
4402 7160
5762 4718
6797 5576
6972 5379
5632 1430
7645 2701
5650 2775
617 3581
6769 4729
2256 4422
6006 2082
2478 3117
5088 7652
2420 7287
4671 4945
1359 5278
282 6171
401 2603
771 5426
3182 2776
4625 283
2226 2801
997 19
5153 822
2037 2031
914 1940
5827 3255
7076 3949
7793 1281
7760 5725
4042 1558
7342 4142
2975 2524
2320 5297
3716 4353
1699 5526
5216 4516
7424 5036
706 6506
6759 7026
3754 2315
7878 7629
5566 6742
6546 3932
2165 1113
7312 3468
1740 1223
227 652
3823 6625
546 1072
3391 971
4392 692
2464 2454
712 1471
1421 3973
4459 4728
966 7628
7012 7912
1797 2139
6366 7081
5327 2754
7750 2301
5018 3100
7420 1016
7454 5787
4106 3959
4345 6183
2391 7667
5781 6570
5918 7732
3781 1933
3950 7897
2038 1369
7491 2796
6330 3459
1944 1867
5882 11
3089 6262
995 4540
6535 5765
2009 5737
6882 2599
4525 394
5453 5985
374 2373
7445 2512
2031 1213
5273 5038
4582 7346
6363 3287
3235 860
4014 7760
2023 5781
801 219
2098 4367
2586 4339
7286 3031
6601 7393
4971 989
4626 2816
7891 14
1937 7172
4990 6336
7374 7911
7748 4898
5937 2173
455 3341
4339 7674
6290 5569
5197 6314
5060 4608
1728 4223
7066 5183
5335 1905
7947 7486
6351 3651
3858 3013
509 3404
4279 2058
4067 4653
6227 1871
4668 4190
4586 7165
5237 4285
693 3669
5044 863
1602 6549
719 1167
3614 1990
1371 5136
5617 6355
1514 922
1251 6795
1963 6418
1866 116
3919 5316
4964 4362
3638 7758
1363 3588
7660 7541
6205 4461
3422 2332
2751 3094
7345 366
6253 7378
7875 5776
1040 2490
1582 5010
1974 5957
6161 582
7317 4521
2800 3584
6992 2372
6337 6838
7359 2064
4133 2681
2452 3675
2902 558
2109 3808
3300 3561
5933 2974
4287 7997
3910 1733
3230 7791
4757 2694
2784 1724
3863 4426
6740 1676
1073 7280
2922 2837
6887 5680
4981 1426
5091 5059
2698 6517
1213 723
856 5777
7742 3463
828 2142
2605 7370
3914 5044
639 3360
7538 7966
23 5736
1497 5511
6442 6842
5609 6926
7755 2997
5173 7971
2500 6447
5913 815
7717 7577
3452 7336
7529 5063
1464 7197
663 5433
7070 4832
7743 6141
6629 1003
2669 1963
4095 5600
5833 1216
6974 2570
7901 7492
7237 5775
6993 5982
7719 539
5048 4991
2735 5657
201 3485
4460 1693
1565 2556
6069 6110
3306 972
6313 4214
4787 1884
7381 5425
1849 4685
6455 26
3289 4993
4059 3300
2482 1300
3438 5629
4558 5739
5410 2232
4912 4385
5973 5053
3233 7846
1657 5743
4897 2220
5903 6687
7551 6888
5950 5422
5643 6507
866 1786
6751 926
5226 2830
6450 464
6431 2289
2809 1347
1115 5849
2488 4914
6250 4157
4949 2755
759 738
290 4074
3497 5608
7017 6038
7206 4623
5491 7884
7787 3834
4306 6091
7221 3281
3006 6585
4406 3441
403 7145
4015 7369
2869 4224
1352 4122
78 7417
100 7222
2582 6195
3395 6703
7034 445
2466 2317
4223 5397
175 859
6353 4116
6798 5846
491 2378
6146 7585
294 5693
6436 2268
749 3693
5568 6363
2623 4775
2329 744
6358 7419
2442 6536
2847 2256
3442 818
242 2304
7298 3649
837 1248
3818 1486
4489 3652
4782 1860
2317 4870
2724 1899
394 844
5528 1674
1643 3355
6475 5480
948 5995
3755 963
382 7297
1650 5005
6130 4014
1594 3155
4362 5714
7437 4861
7485 644
2224 1565
1155 2330
6670 7108
6804 3742
7123 7505
7771 3721
7865 7593
263 6265
6594 7730
6556 4864
6702 58
7587 5560
1632 2195
6233 1106
4554 352
5633 4397
573 6276
268 2612
1909 6451
4127 5476
5655 4029
7987 6105
2846 848
426 1882
4730 1967
2181 2850
1986 1382
4115 6393
6160 4923
4005 1877
3506 4596
3550 6946
5600 6143
777 4380
1826 4736
7994 6964
6134 7223
961 3590
4749 4835
3992 1802
6803 4298
30 325
1203 4662
3835 6088
3585 7801
1876 4501
1320 7227
7109 456
1998 396
3748 722
3812 4751
6274 3311
6941 1277
3874 6541
791 3397
1459 1376
2996 1727
1126 216
1049 5311
3846 3730
951 4270
253 3892
3514 5986
7819 1760
3820 4808
4175 7565
5689 5655
5395 1542
2381 2377
7229 2477
2231 1775
2639 5730
235 6255
221 7877
303 5012
2424 6351
88 4799
3449 4113
7932 3501
1243 2209
7608 3249
5426 2016
532 1320
5885 5941
5651 3853
4340 493
942 4676
4303 1268
5783 1954
7275 4773
5665 1447
2929 4071
6260 317
4238 496
5747 6382
4868 6993
1742 4761
1164 3083
6220 499
332 1227
151 2420
4152 1294
5716 5438
347 7352
6703 5952
6671 7345
291 1578
854 2205
3290 7151
5855 7161
1021 4442
6389 6296
7060 3541
6635 7124
5057 2871
1947 568
1375 1906
7791 7573
143 5228
4327 233
7890 3416
3067 4003
4760 4855
4656 4184
754 3290
3183 7289
5120 4848
1106 6334
5624 5349
3112 5927
2461 3410
5258 22
6819 6273
7835 3655
1015 1732
3813 1538
4207 3833
2135 3938
7517 4170
3372 2234
1732 3445
5459 6900
2557 2835
3327 2555
15 4274
2593 4481
620 5199
5763 5875
5795 5822
3880 3126
3947 4519
1108 2963
6388 7042
7679 2208
6914 4625
2278 3952
5789 4155
4693 5644
4006 3208
2985 2861
115 1186
440 3976
1927 4324
7815 3099
6727 4642
2882 4475
6664 6470
430 3040
2566 2873
7741 4443
1743 3049
5764 6346
1940 4097
6945 1269
2832 6233
2485 6857
2824 987
646 7496
1685 617
2361 4089
7842 776
2074 5710
4323 1304
5123 5418
6116 6609
4952 4418
5728 6839
2136 3771
2855 5215
4993 7274
1400 5819
2772 1534
1188 7942
5492 3703
4942 6934
3484 2218
2757 4689
7552 3855
577 6031
3303 122
3596 7963
3665 1624
1983 7187
146 4293
3713 7821
3726 5301
5698 5707
3003 4164
2403 5488
6505 5055
6188 3275
3329 3913
7038 7700
2818 991
3291 2719
7989 2571
3127 495
496 1166
3271 994
6415 6101
6418 5510
4285 5091
5677 4730
4217 5176
6153 6003
3294 7099
1348 1520
520 7603
4103 5086
3925 2324
3266 4742
4452 81
4052 1334
2578 1146
6412 3024
7732 3677
7581 5809
3458 4805
6000 7863
5215 4357
1690 3430
4322 5858
7386 4203
7763 1386
1266 4312
6771 7894
4352 3580
4966 4103
2114 7403
7392 4055
2934 5345
4457 6104
7796 7067
755 3186
4636 4798
841 2177
3433 7595
4934 4974
2997 4633
6301 3291
1692 7599
7735 7642
404 4417
6826 7617
6532 757
7809 6283
4740 6887
7745 1219
103 5180
2259 1139
7324 4197
247 2859
4071 6708
5056 3987
1715 4680
5644 3843
2096 5062
1395 5144
5657 6664
4761 24
7054 3364
3245 344
2631 7606
615 1577
4853 5393
5463 4637
397 3446
927 4408
1509 2833
6566 6589
2559 5922
7632 1028
4450 621
4628 4022
1811 3254
1404 7906
5931 6643
5404 1778
6248 16
7388 1176
1825 6966
2443 5606
5108 5458
6524 7277
184 6395
1006 2007
4159 6809
3825 4311
6424 6249
3435 1445
695 3259
5390 5988
3094 2538
7964 4265
4630 2525
4366 2053
2434 7647
7746 871
6222 6201
4556 3216
3489 4050
6195 449
285 4506
3769 105
7982 2020
2782 3751
3420 7354
6305 2403
1045 7316
4167 222
51 6559
4437 1836
2745 7415
7267 7306
1220 5123
1245 6153
1609 5041
2232 1490
7802 7054
7769 3815
5151 1089
4707 4454
7354 3507
5146 2748
5774 1661
4064 5356
5735 543
7081 190
383 7015
7611 3018
7231 3154
7511 7339
1978 2169
4831 5969
3490 5236
4650 3562
7328 1361
5136 4941
3594 2656
5987 7173
6549 6889
3492 2171
2933 391
7112 7194
707 1293
6602 1531
5620 1533
7853 1858
1850 5552
6514 3121
5845 2955
6335 2521
5050 3980
4691 5003
6677 6317
1670 601
38 32
3295 136
6467 3474
919 7001
5373 4168
1532 1422
3877 6024
5105 5951
1918 7998
4448 3814
2141 5217
3911 917
4122 5874
7854 1525
134 1735
4901 6762
4097 7976
3982 7916
7268 3691
1816 2293
6364 6729
3274 5497
3396 853
3545 4243
7380 4500
7898 5873
4967 1808
4206 6831
4584 6416
7602 5643
833 7428
674 462
5002 843
1372 7975
601 3156
3803 4951
7700 616
3152 3074
656 1428
2874 209
4210 7447
2998 1441
5755 2245
6231 444
2365 1545
1440 3071
5233 6094
785 6681
7131 5872
7429 4038
416 4592
1181 1384
6145 5415
5308 5857
6309 4839
1182 6468
468 4816
2449 3114
5456 490
7841 7032
7450 1586
2429 4603
1595 2027
6832 912
5374 6332
4242 3614
5909 4850
3624 1803
2323 3884
5160 6489
4731 2848
5488 3940
913 6954
120 5556
7220 3739
3405 5008
1347 4472
5879 494
6582 5501
641 4549
2263 3635
5477 7805
4669 5067
780 479
2505 4076
2091 5408
994 1562
2918 44
3270 7057
5239 1868
1814 7718
1222 2903
3068 7178
5809 2551
3575 4031
4037 7330
3689 3598
2360 143
3142 3852
6149 4619
2830 6531
3516 4368
1821 6754
4247 6052
1491 2534
1993 3921
7018 6485
5653 691
1231 3142
1758 806
46 3320
2510 3869
1910 5947
3159 1289
3920 4958
3363 6471
5486 7409
642 5281
625 1845
2303 984
2638 2653
4099 1859
6743 2178
76 2222
171 909
3865 5522
2589 2264
7800 2429
7704 6779
3643 4675
619 1062
5807 3532
4712 3779
5425 3107
937 7494
3041 1111
5685 705
2264 7641
1386 5494
193 887
5259 7266
2168 7013
7041 1606
7480 6914
2944 7939
2613 2335
6724 3240
6070 5004
3275 5882
4490 5163
3736 2945
5138 6328
6180 2536
6162 5994
1289 3712
6502 4586
4898 1147
4945 6547
6913 7910
3873 6891
4301 784
4453 422
5707 6961
4745 5014
7758 5224
2415 5445
3205 5404
2410 7546
3826 6491
1884 2114
2822 3596
4948 6492
5664 2182
5658 3362
5509 7762
3970 5589
4186 6998
5688 2350
1366 702
1540 7834
333 4254
2290 6661
199 3221
2539 1703
6581 2559
5218 288
2644 5879
133 694
2280 1333
4736 211
2812 4267
7479 6724
7138 5339
4986 1150
733 1550
4871 2523
5202 833
5748 6746
7532 3537
1308 800
5592 4416
4507 6761
7616 6783
7436 6402
7295 5562
3017 6737
6801 1230
6833 1977
7644 4743
4436 6910
1252 5341
5213 7745
5290 5918
4079 1709
4521 1872
421 7487
6829 4193
3386 4067
3850 782
4349 7809
5697 4258
7305 4246
3012 123
5960 5919
5733 6508
7887 503
4074 5735
3459 7490
1206 677
1030 6162
2472 2320
6206 1706
971 1894
7415 4820
7605 4376
5501 2924
6568 3979
2746 468
3792 3370
1186 7516
2778 1564
6710 345
7390 5622
2995 3111
6082 7053
4508 2179
4506 106
4869 414
1417 7127
2354 3533
7246 5486
7658 1129
3102 2487
7341 6344
6126 3872
7280 6872
3150 5145
6560 5104
5038 4291
5570 3498
3595 4383
3697 2098
3972 1925
246 7249
1422 375
5883 7773
7251 3688
5597 2734
6304 161
2447 5193
7599 3595
1810 1632
1476 7445
4160 4871
1700 1128
7562 5835
4557 4069
3273 5889
6906 6350
702 3897
2483 3347
211 2929
4575 6316
2346 891
5162 6459
6995 5694
6484 277
5205 439
3979 4683
169 4884
5636 5590
956 5614
775 3482
1329 125
4039 7513
4134 7004
7400 7676
787 7170
3361 4221
4784 703
1092 781
97 3088
6453 4562
683 1608
1038 2465
7707 1057
5125 5226
7625 4365
1435 6548
6707 4691
5662 3716
830 5386
2543 2736
3642 531
4114 7426
6038 4859
1292 4769
2340 7532
1621 1397
6564 3473
6473 2382
5736 6652
2714 4952
2173 1980
629 2034
6959 289
5927 1516
1977 4600
7589 4760
1365 4477
6129 6231
4190 4068
1905 6070
1586 604
7494 3764
6190 598
881 6790
2959 3195
1673 2904
4432 3220
474 501
2993 2152
1916 2266
433 3494
99 6701
6503 1856
983 6071
6076 6965
7474 5352
3562 3604
6324 6804
5195 1600
5647 3324
7091 7270
864 4066
4197 6601
7418 2800
5573 4569
75 7960
5995 3860
7583 5098
3138 2085
2914 4047
1087 607
6293 4960
3634 3848
265 5603
1573 639
1564 4613
1159 6484
2060 75
7493 4023
2433 3871
5659 1695
2395 2762
1112 3044
6925 3895
5712 153
7764 2948
5616 2875
7641 218
5156 4460
7315 6357
2462 3607
562 5731
6543 1994
5004 5813
104 72
195 3335
7542 3819
1581 6665
2971 4081
3167 623
2294 7612
1133 6305
7241 6604
6998 949
1611 4281
7236 133
6275 7523
1888 2136
2660 4595
5318 3321
1889 3657
5574 538
653 2285
4176 5139
6922 3299
2849 2708
7588 103
7518 1391
3406 5024
2017 4201
611 1913
1669 2698
2898 2852
2768 4091
5703 5821
3922 5291
7850 3934
1846 1400
7074 2375
2521 1784
5316 89
4762 2061
3619 3106
7889 3632
5104 5017
3473 232
2375 2994
784 3995
5313 3698
5348 6519
4714 4618
6775 4965
1967 2172
385 2229
4806 3715
5734 3660
747 5066
270 3042
612 1797
4839 6264
4832 5504
4888 6456
692 2069
6737 2359
6648 57
6561 5554
5114 3505
1735 974
3403 7101
6498 6693
2494 2757
3320 5778
6812 5502
3834 5834
4539 1172
5810 7044
5015 5075
191 1880
3532 6501
6939 6354
1037 6239
183 4554
5640 1656
2587 6238
2437 4216
7028 5343
3045 1174
7907 1145
3254 3637
832 1560
1389 2922
2953 1841
6620 1416
517 5211
1236 423
5277 5955
6486 1495
4989 1748
7118 5847
72 1540
3070 7819
6867 4290
1192 4740
2496 7105
3868 5956
5312 2353
2720 361
6981 4276
6266 3455
4158 3283
5560 3006
5899 7504
2349 2684
6956 4804
2177 4759
7265 875
6699 1889
1618 827
1855 5609
4317 3379
2937 2636
7774 3345
5103 1770
1636 7945
5836 2282
137 648
7851 3618
5339 5399
2610 3854
4950 1406
3567 5046
182 2430
831 556
2990 1734
7444 5096
5028 4591
7730 6396
1869 3679
7638 7156
4479 2593
4468 7824
7140 1267
1638 2326
4494 1399
4416 3133
6118 1668
5305 3245
2719 1435
6321 5070
7016 7785
2785 3534
5126 3374
2196 3174
2202 962
1689 7017
3996 2897
376 2202
365 508
753 1446
6296 4497
6156 6096
1307 3784
3330 403
6875 3422
568 1013
3078 6013
6371 2939
87 7018
3276 6551
7097 6683
7355 4297
2221 2573
5886 5207
2991 3143
3698 5827
3162 6464
1010 4976
4382 4234
7079 7400
6018 7699
1407 5133
2617 2846
2585 6999
3530 3471
3315 7729
7423 5419
6869 6234
1838 6537
3766 5101
3617 3989
5576 4750
1017 1903
2302 7441
5537 7706
3584 5639
3048 3450
825 6216
4840 5706
6016 4292
4753 4756
6414 605
3117 1508
7578 946
2484 3512
7155 5758
1783 2794
7959 7255
3414 5865
3007 6187
3593 1283
5482 7887
6167 6516
3870 3769
675 5434
6044 3017
6634 7750
1584 4937
899 5640
1934 1381
1544 1665
1255 7325
1990 1511
6587 7179
788 2892
7352 3662
4684 416
3798 2576
2583 2511
437 545
3606 3136
2087 1292
3738 5289
7262 435
570 4051
168 6728
1597 2664
4204 6483
4291 6025
1500 4704
454 7089
6904 2166
3722 2509
7300 6114
623 7987
7751 5675
3938 1432
1939 1222
3917 4351
4963 5240
7525 6816
6207 679
2502 7978
2741 7235
6962 5697
7941 597
2747 186
4439 2606
5769 2008
2641 3227
6928 2467
65 5270
6015 2729
794 1995
7475 7655
6510 2342
7985 5365
6885 2827
4561 1296
3488 7933
7413 74
3536 3479
2248 5599
6726 7472
1738 680
7997 1506
3635 7934
5939 5019
2694 3461
5652 3426
7773 6144
7917 7895
3439 4450
1510 5525
6488 5130
7255 365
6810 3547
932 402
5109 3733
6674 4670
3463 3431
249 7838
7459 1682
4741 5505
5598 2845
3551 3593
6396 730
3202 4269
1487 3756
4799 1202
1839 4875
4405 7563
6348 6319
4570 1855
6090 7829
6273 1996
6506 2417
5889 1779
2430 1326
2796 2502
4093 5911
2516 570
1608 7619
2547 2760
5224 3132
6846 1162
7913 5903
2621 4650
3377 7459
325 6560
7689 4301
2186 384
5599 2574
6332 4309
7468 6399
7928 6716
816 2919
5797 2056
859 241
4470 4381
3029 6605
3246 4130
5992 1991
3025 311
7566 6497
2546 6386
7021 2038
2506 7519
3104 3125
2550 64
481 4350
5908 6812
1257 7684
6897 2967
3709 3594
6533 23
6763 6081
4652 3348
2924 3591
6574 988
4215 1814
429 4253
2311 2569
2798 4041
677 576
2491 1684
3864 3508
2727 1694
1599 6145
3740 2652
6982 195
4804 470
7876 7757
205 4275
1969 5109
1471 649
7838 4790
173 1574
7056 1484
3309 1452
4569 5635
2451 3289
5500 3012
5544 1793
7247 1989
6179 7323
4004 3937
5601 7030
4157 3229
1915 2337
339 2621
2650 1280
7831 4757
7327 6765
678 6109
5154 6639
758 1713
2664 5610
2268 6635
3518 1683
6821 4789
7252 1051
7253 1840
5254 6230
73 7591
2649 5487
3206 674
1923 6048
1062 4042
248 5935
4739 2807
1132 6773
870 3252
7535 6120
1163 7752
5071 6169
2897 3891
3210 2618
1377 5332
3355 246
2287 2104
7685 6959
637 7203
895 4154
6507 7467
7810 7776
4915 4415
1479 431
1558 385
5300 7177
6158 2453
5905 5883
6621 2361
2368 2147
2142 6434
2706 6439
2863 7943
6298 3752
2242 6513
4100 6
6927 1331
2549 320
414 6878
335 2720
2893 1388
2021 1554
5791 7786
6636 6206
5904 3382
7307 6322
7039 250
3479 4412
1815 4602
972 6257
1935 2358
6489 7607
5148 990
2936 1528
1110 2216
2618 333
4481 6756
3039 3411
4110 632
6989 6960
5535 2786
543 7084
5182 6662
1383 719
5967 6240
552 4726
1480 3305
5106 3004
3008 3251
5352 7673
7463 542
3510 1659
3253 5300
6940 3889
3311 834
1903 2792
6881 2368
6669 4108
1000 3653
6787 7462
6840 5110
1546 1449
1425 5703
3553 4473
63 1209
2149 5317
5241 4906
2024 5057
4573 2126
160 5674
2667 2568
6078 1456
4534 6041
2941 1730
5563 7968
7156 1883
649 67
6476 5701
1295 857
7489 2121
4359 2565
5063 1890
4768 7385
2976 7471
5521 4239
2575 1284
2561 4899
4955 2766
4577 3095
2600 7190
3543 2702
3335 5792
6319 2080
4615 4078
3115 2842
7192 647
1462 3120
5427 7102
1368 6377
5575 217
7264 1319
2055 1633
5948 839
7684 6755
851 441
1694 4511
2208 4086
1682 7463
4566 2814
2238 3385
1444 7342
5641 1769
1548 7775
977 393
2514 3873
6980 5483
4588 5669
4946 1019
447 7639
1430 5540
888 7006
535 4240
5289 3661
256 1669
2206 112
1047 7574
1587 7396
3074 4331
3810 7558
2892 6530
6165 2369
6948 1794
3375 804
3165 910
4759 3841
355 7132
3796 3948
1165 3864
7335 33
4054 918
4001 1670
6199 1645
3945 6445
6108 5990
947 6124
4150 6163
4568 4530
1917 6618
1988 6410
2228 6644
3014 5269
6053 1032
2000 6793
6045 678
2567 2784
5366 7286
2577 3427
2390 6883
5623 5048
1911 130
6858 4202
3413 3589
898 4545
6403 253
6916 4605
5115 7152
6976 140
258 7414
1387 6430
6322 606
5792 6667
2880 5366
6373 7936
6766 5755
6241 3282
5211 6636
3724 3592
5790 3215
5989 5068
1979 676
6960 3346
3054 835
5614 4867
4244 3193
6698 7804
818 2113
7303 5450
2230 4048
1661 3166
5043 4543
7951 3509
518 4444
600 1864
4163 7429
4196 5424
4701 5818
3890 6134
6058 5103
6816 348
5981 3900
1384 7416
7966 2294
6089 4173
7656 3196
2394 1095
2214 3180
548 6599
3998 4947
4449 1259
3033 2107
486 229
7166 5632
2637 1258
1353 685
782 5280
6254 7450
3513 2484
2125 6263
3411 420
1190 4140
4484 2248
3833 2770
2917 2954
7726 5456
6592 561
5902 7725
4622 2581
2938 48
6425 353
513 4975
2039 5009
6383 7267
3655 7816
410 3941
4609 7264
6264 3023
4743 2092
6155 7230
792 47
5569 7543
1317 1076
1478 3200
7407 5249
4560 7955
4939 5449
7868 1585
1154 6806
1684 2406
1109 1090
5296 2030
1067 1151
415 4822
1204 3361
7499 5907
3151 3517
274 5129
3079 4509
4443 7310
1451 5962
2448 7814
5070 1199
5976 6400
1553 4927
1569 1701
5757 6864
3388 5304
4620 2351
1538 5949
3164 3489
5306 223
7417 7381
5881 7425
4477 6563
3065 6463
886 663
6827 2756
5955 5915
7116 2451
5875 1451
7279 5689
943 2217
1899 807
3046 4791
7288 4249
1747 741
6878 4779
7297 1891
5859 4064
6300 840
4248 6387
6595 2250
2380 2074
4533 7643
1508 1984
3878 4345
1834 2632
7756 5684
3358 5906
5582 4143
142 270
5586 7273
863 3647
363 2452
5041 636
7846 1345
5176 2039
5813 6373
855 5993
7568 5206
1083 4658
6579 7744
3808 4620
53 5050
5680 142
2026 6135
5391 715
5183 2901
5250 813
6575 4795
31 6902
5356 5685
4829 6498
1786 4973
2053 1074
4426 816
4845 1168
3924 4315
5596 2316
6871 5724
6534 5197
3241 2522
1324 2763
3962 5688
2262 1958
276 1265
5857 3233
5626 399
3900 7365
1051 3384
7573 5444
4065 1007
1541 1177
70 6947
2352 5290
1374 7368
6657 945
5149 4622
4579 7031
3072 7605
471 5295
4968 2935
2350 2768
1928 2206
3809 7857
2965 1750
7488 2813
2820 6211
3909 4557
4369 1678
1574 2642
631 2902
4822 2352
2879 382
3480 5931
6553 6509
3782 2044
7824 6115
2406 5485
7291 7176
3373 2210
1702 1870
278 7228
682 86
4608 6111
7334 795
306 2825
16 3709
5906 3407
2220 3048
7709 1566
3690 773
4250 7481
4417 158
3471 5117
6537 5738
1695 6068
6147 3020
5911 7225
6444 2247
2397 5288
597 592
2171 6830
893 7252
3987 5839
4932 5392
877 5409
5025 3960
6416 6863
7495 2203
7761 2761
7457 867
4057 5202
1562 204
610 4035
823 3943
1845 1548
4752 1290
292 2883
1093 3628
6971 337
4543 6930
158 121
2382 2097
4935 688
1768 4323
4209 1743
769 4211
4786 1885
7340 3236
7749 5431
7071 4733
5770 2063
4328 2868
5497 3206
5503 6236
7788 5804
820 3736
3106 4058
238 5677
6841 8
4594 4150
4358 7969
3887 1634
6151 7797
7408 1796
2010 1316
62 2494
4638 3970
952 6957
1793 1208
5170 6971
5089 4314
5369 5977
2538 6270
2972 2608
2052 454
713 3086
84 6510
6961 4664
4297 1457
1526 3557
2237 1926
3949 2060
7234 3795
3882 6991
7565 1200
4310 7027
2633 4260
4713 3953
5222 6250
129 4358
2819 446
685 3574
7293 5808
6400 2341
7325 4145
1216 6409
3711 5828
3499 1615
3537 6472
6655 2160
578 1201
3875 3276
7356 4371
398 2189
3531 2156
5729 6630
3161 4546
4926 4709
6329 5274
3325 5591
4240 6997
5540 242
3630 4765
456 514
5840 3309
2272 4341
3591 1805
4376 7024
7513 669
7546 1821
1766 7506
7927 4715
6562 7908
3437 2737
4469 2979
6143 5171
3293 5854
5301 7465
2359 5466
5808 4482
5030 5893
446 1627
579 6712
738 4087
2504 6442
7128 2215
1704 5712
724 6764
7316 7784
4219 1317
1634 6813
5771 2937
4435 6210
6879 4294
311 5519
7062 1407
2668 1601
212 7711
4590 4319
6892 1343
386 7240
7792 2389
5868 7115
5928 7853
5478 2042
7811 6675
5140 7483
3326 2588
4403 183
7650 235
3997 5894
254 6146
2133 7299
1683 7048
1806 936
7834 2717
2595 2390
6047 5733
3720 1444
1259 3329
6730 3390
3811 1465
3681 4400
5328 7395
6339 3447
4571 1607
4842 2915
197 3130
1982 2252
4038 7475
4433 3597
1183 5659
3426 2469
4147 1654
3062 3162
5337 4123
958 1981
4505 1210
5439 4322
2531 2528
4555 238
3237 5168
6081 5832
60 1149
6422 7748
6308 1305
4026 3147
1802 3954
2015 5273
630 6009
7004 6688
959 711
3586 7538
3021 4342
2353 1792
1678 4781
1143 6766
3554 7694
4022 1217
2730 2589
3063 3697
1033 1931
5219 4366
7818 3659
3881 5013
2326 1351
2455 6425
2283 2645
1788 1462
2542 2471
4944 820
350 5535
3707 4008
2245 6956
5825 3724
3695 4983
3607 2262
1141 3296
3001 4151
4383 6523
5094 1215
7784 5437
4640 6086
7059 3787
5804 6374
4388 6010
3822 7766
1614 557
226 5965
411 5022
3710 6000
1763 4335
4251 6550
6083 2907
1836 6407
2153 2446
1950 3164
2634 2170
6572 1781
2069 7036
2019 1517
5724 6151
2107 262
5101 7996
4885 485
6022 5892
1637 4093
4171 280
4365 4666
4419 506
923 7090
5363 6282
4987 3452
1560 6323
1958 2923
4727 147
7361 2535
4623 2587
6291 874
7270 4453
1612 174
2030 6226
5817 6378
741 3172
4089 7308
3336 2674
2179 7592
7035 3064
229 6658
5603 2459
6709 6222
5768 1274
7663 5213
7781 1328
7368 6165
2940 6155
2041 2050
3831 6127
7533 2991
4246 4356
1004 2870
6401 7051
2401 3246
369 3885
1654 7059
1336 6614
2417 2175
5433 7656
1847 2613
7181 1438
5026 7984
7202 5398
3447 5421
5732 805
1162 5378
7977 1621
2952 2355
2857 2184
6054 2732
5590 5298
6454 825
7130 90
6242 1041
3678 6538
4262 5361
3053 2851
6748 3451
1515 3157
5565 5195
4854 4776
2654 3825
2225 5468
6900 879
6380 4522
2814 1434
7469 992
4487 841
1576 7169
4174 3458
6026 2307
418 178
1795 3059
442 7379
5922 5788
5692 707
6781 5719
194 3484
1202 5461
2860 1029
5717 3600
2666 1672
4780 6676
1680 526
2194 6178
5073 2669
35 5999
3742 256
7349 5181
7903 1798
5631 5923
7888 4851
5639 5467
1059 1875
3347 2475
3400 1959
1605 799
6223 7905
7929 61
2723 175
3128 4959
3181 2690
2139 5474
2843 1739
1098 650
279 7928
1922 3328
5164 6161
3569 3380
945 4638
6367 7774
3100 7097
2371 894
1408 1264
6918 2772
4164 1583
6955 6053
6792 5319
5959 221
6985 2610
3994 2981
4226 1155
2162 1541
1054 3399
6640 5921
338 7837
1492 3069
2699 4452
2155 7817
934 1848
7990 7317
2738 737
457 4056
1072 7456
2680 4039
1058 4632
477 3315
6435 5242
6323 6203
2592 4907
1633 7977
4632 1823
310 641
3056 1318
7238 7608
7363 79
379 6600
5113 746
2725 3218
390 767
6249 7868
6315 7901
3455 580
3856 6466
5371 7199
1306 5925
6428 3903
3466 2625
1443 4978
4011 1228
1640 4505
3028 6992
4969 1832
1857 3415
2886 1009
5307 234
3771 3378
4774 5826
3147 4259
4572 5953
2284 5943
6259 7517
1044 6799
6376 4672
3156 2787
3840 4125
4137 3219
4549 1953
2239 2575
7870 3376
6268 7653
4810 1557
1303 638
2711 239
1737 864
4665 7201
7639 563
4514 5902
3926 5406
1018 7016
5578 6969
4580 3008
502 2271
4191 7518
3081 6849
2788 4555
399 2805
3568 5158
5920 3490
2492 5214
6061 802
5695 2158
3977 5028
330 2325
6287 7783
6438 1544
1142 3524
2110 3175
3356 5987
1068 3832
3047 5358
5163 762
5625 7560
5854 3859
1832 6858
1217 6654
5588 4580
102 4926
207 7290
5286 5565
1837 3224
4689 7697
1752 5660
4677 3392
7972 383
3374 3966
6745 369
4596 6029
296 1976
1741 5597
4925 7062
2671 7239
6009 2310
781 7717
1848 4982
3415 3700
5975 1612
2201 2961
147 3723
7723 7981
3090 4966
4531 6978
2722 4390
6911 6339
5343 2228
245 7066
2786 301
6750 3369
7068 2563
3633 7373
2195 6899
1284 1514
1001 324
4578 7318
4983 2934
5235 4731
7626 6361
4454 3631
2061 1273
3215 6962
6715 919
6631 5595
4254 4697
6447 6666
1331 2371
4791 3972
2574 2444
1096 937
5484 6861
3148 5272
4527 3613
3666 1552
7421 4449
6286 5844
4800 182
6201 2984
1111 1715
124 3232
5175 7869
2319 5698
4422 6860
2890 2887
210 2820
4776 7146
251 7335
5193 7715
6399 3131
125 203
1697 3720
2436 1919
2043 98
4789 4308
6354 4295
4819 6076
4318 6955
2470 2381
3641 3026
3036 4564
679 4536
7497 1453
7958 3643
3817 3372
3397 3866
2490 2018
308 5124
2062 6087
4914 3586
7376 3617
1221 624
4387 2975
7713 3528
349 2527
2695 4911
1457 88
6637 2638
5184 115
7597 2311
5715 3944
716 7348
4959 6040
7442 4448
1290 2627
391 2086
7563 7361
6362 6824
3999 6897
1012 3797
293 7020
4837 3153
7145 6942
2022 4178
4880 2167
544 1983
6912 7276
681 5310
3777 2958
533 7469
5870 4423
6584 567
7189 4629
5124 7005
4440 172
2950 4857
4548 3149
658 2818
2251 550
2454 3615
5311 1045
4236 831
4917 3708
1454 331
2364 4210
2234 6298
632 4346
3816 1986
3957 6051
2432 6401
5065 4856
7176 6924
5776 2308
4141 3277
164 2693
356 3234
1529 4737
1391 6692
1496 5276
2471 2731
2807 4171
5483 2088
4724 939
7559 6515
3806 6042
902 1969
3022 6043
5310 1046
7816 6659
1949 184
2480 4207
3282 7959
6517 3268
6397 5248
7117 1418
3615 1936
3773 4489
7476 6167
152 5786
6429 7322
1401 6763
2465 3436
6663 4458
1296 3098
2188 3642
3995 549
7347 4535
3187 2259
7020 6432
3379 5768
4988 4905
5112 4534
4708 1575
5595 1394
4046 1873
3000 3896
918 5594
2385 7679
7845 5282
4843 286
7780 7993
6931 6391
7874 6360
6570 4713
964 7778
1398 252
5230 7122
4697 3823
1085 6748
7025 4466
3984 1592
1961 1398
2418 3041
3790 4920
3222 4581
1167 2688
4148 150
6719 2191
5924 3573
5996 7021
3334 3865
980 2980
4230 7119
2958 5870
1082 5069
5143 2067
3384 4487
3345 4711
1803 3176
1713 4095
7649 3763
901 3170
3583 3406
1894 7144
1358 3096
425 5265
3753 3253
7127 138
322 1410
5470 6453
5607 5016
6267 810
71 5031
5341 5209
3140 421
353 6469
1774 41
5276 5299
7188 2834
7047 7917
4288 5782
7856 6615
1545 3744
2906 7080
6178 3732
1833 7319
4193 4964
7183 1271
6791 3985
3966 2213
7061 5506
2357 3052
3087 5296
4516 3777
6949 5090
5472 6300
2328 6668
1824 154
1152 6063
24 1423
3783 4892
697 6671
7425 318
484 3646
3010 1757
2493 1053
2591 5111
6942 2713
4792 5581
6365 7769
2907 7770
209 4303
4905 4040
6270 56
3172 118
5731 3564
2844 3127
6589 1846
1769 1765
6049 1409
3558 2483
2939 5097
7198 2363
6793 3434
3390 5200
5086 7229
751 3695
7024 7265
331 7384
2556 6785
3685 5937
3262 7129
5266 7380
7337 5131
6758 4278
2677 5475
2456 1987
47 3119
2762 5042
587 4745
3507 4187
3445 4469
4790 6540
4591 2977
1286 2019
378 1539
6874 7340
5534 254
5155 5884
4413 5389
1319 6684
2530 7678
5681 1288
6483 1144
7083 5718
7168 7907
5014 4225
1345 7296
6813 415
4276 982
6055 7226
7201 3054
2955 5654
5032 2885
4032 2752
6307 3686
5378 6294
4348 6578
1272 4406
519 3036
6518 1439
2663 1888
7284 4191
3485 5448
1448 3620
5291 7841
1686 775
5744 2434
3841 2715
7427 4874
3599 3831
7975 6035
4142 3351
1729 5866
7434 2231
4396 1896
3337 6847
3461 5619
4423 4696
3126 1804
4674 6772
5929 1156
2321 4748
7892 7162
920 231
7976 3160
5229 3536
2850 4782
1357 2001
2088 215
1055 3714
7435 7624
5526 4845
5274 2391
5283 3648
1399 7464
7539 7597
699 7476
6720 3945
853 2704
7447 5084
7308 3529
2794 2022
3214 4491
7278 3496
3770 4643
2750 2153
5326 1616
3248 5708
6563 6050
4624 7802
2028 4445
5376 6694
1076 6369
1785 7756
536 3102
6667 4817
4803 968
1813 1260
583 7148
798 6777
7548 4229
377 1637
7045 1719
5409 2450
7174 2051
5244 2091
3196 2096
7287 1929
3897 751
4275 5843
4859 6106
661 1838
4330 7091
1926 6371
5536 1644
824 443
4165 5074
4722 4484
688 7218
7416 4189
3407 7133
3940 1460
7218 7448
7957 7669
5605 709
6198 6342
2910 2712
500 3909
5766 3027
3197 2116
3712 2214
5079 4858
4962 518
1214 1862
969 1027
7706 6867
3785 360
4809 5662
5440 3383
5796 612
6752 724
4085 6557
7204 6090
7161 5092
7195 6906
6092 7525
672 1038
7916 2066
7857 1458
2129 2630
5080 6868
40 6686
5812 6269
427 5761
2977 4558
3085 458
5524 7072
6341 2747
305 196
423 6543
1248 4440
327 1097
4812 6977
156 3845
2356 3755
6135 4338
6837 2930
6219 1573
7482 5227
4377 2863
445 2466
2476 7954
6318 5427
3487 1692
4913 3244
5661 7724
7072 4880
7503 828
5700 364
3885 6505
3734 1917
594 2723
1756 6365
3706 7439
6861 6440
5314 1187
6957 7056
960 5825
4000 1135
2636 4244
7136 4815
7801 395
2803 357
2011 3840
7466 5997
872 7705
4166 4261
2267 7186
7484 3343
387 3500
1369 5856
1554 7404
213 5959
4266 5166
6509 5470
2282 4615
4041 3543
1104 2951
5610 6723
2799 4994
6387 5079
1784 7677
3075 5305
6622 5811
4135 6027
7986 5656
635 1488
3717 2258
521 2943
12 2602
316 3273
2351 467
7654 4053
608 4703
4016 7661
7211 5939
4509 3706
1863 4559
1325 3105
4830 6384
7099 6750
4281 783
7049 1960
6649 5035
810 2461
1179 6713
2489 4886
3505 5196
6817 2488
7254 2017
3231 7746
2836 5908
6051 2021
5188 292
3434 3284
3744 5705
5887 1924
1249 4980
3763 7644
2665 750
4870 7852
3795 7078
1005 7493
7631 811
542 7293
2916 5212
7812 1403
7844 2024
6696 1664
5474 5864
2718 5162
7377 6292
2100 3551
2518 4474
52 2700
1505 7583
5864 6287
1361 7195
6214 3638
1194 1472
2409 6437
2121 2779
1720 4313
7169 6421
2580 4024
4475 7883
2440 1892
1263 5260
5814 49
3213 7800
1439 4119
7483 3381
4031 1853
6603 5141
6818 2658
6349 2223
7178 914
504 4755
4357 7405
3256 522
3548 876
3577 10
3943 4183
3907 2012
7396 5532
4400 6268
4126 3274
1551 7138
5837 1740
6048 6690
309 4515
6665 6579
2209 4054
867 5638
3921 4934
3749 889
7995 1183
5508 6882
1123 1908
1433 6627
7077 3570
933 4220
7747 7685
4444 5303
7623 5545
7946 3707
689 3826
1761 4200
4344 2181
3620 326
7630 5960
7574 7813
2729 1946
5742 4710
4192 2742
1193 4106
6271 1496
7477 6794
5450 7650
4012 5391
7826 7237
3179 4141
1147 1112
130 7799
6605 4537
2620 2629
5293 4868
2692 2841
4442 5549
2016 1801
4906 7458
3501 6424
2241 5829
1009 5913
2815 5756
5011 5187
7983 6388
1507 2204
6686 3237
4933 1822
7657 1169
6132 1532
2612 5920
7326 7349
7013 343
67 7999
4600 7436
5505 3007
7222 5812
1671 1356
7125 3226
1818 5002
2503 1491
4061 4598
6460 2531
3250 7845
765 7580
5767 4793
6760 5157
7007 2983
2805 7854
2826 6520
1081 2821
3764 1221
271 1854
6040 7334
1318 6306
1069 3138
4681 7872
1420 329
7956 3931
2260 1377
7271 1910
3500 6060
875 4429
4268 6327
116 327
6289 4862
5608 1182
3691 3183
3392 7300
1237 7992
5666 3950
1223 6774
7996 6186
4463 2789
2739 5113
2266 6691
1862 5646
4003 3179
3301 1249
2327 298
220 1677
7897 1807
3410 5032
4343 1262
1589 2081
4643 2886
7569 413
1064 2048
5323 1551
4565 1543
1484 4813
3264 1191
6174 2572
4311 4950
1434 4628
4278 181
4462 2987
5972 7621
3098 3187
2529 3994
7627 6939
4928 1006
6547 7489
3057 3078
190 4317
1675 7474
2274 5184
4368 6892
5674 6228
7179 96
5891 1327
3378 4148
6905 2990
1441 7253
479 2122
7701 7626
5392 6102
2645 1662
3298 2872
616 1699
5654 4099
6192 2746
4524 4810
3040 4438
6749 4032
6857 911
3175 7815
3729 5568
1428 1887
640 5586
5234 1060
6013 6494
1630 5774
6894 7712
1215 55
4788 7788
3191 7371
7833 3737
7075 5798
4132 4837
5957 5216
931 339
655 4770
1748 4524
2716 1480
7825 6562
5753 5973
5910 1547
5469 5114
5223 4539
6496 3728
5756 1132
5102 1335
7779 5375
362 5172
922 3310
7182 5025
1996 2628
2656 2281
6278 6749
2865 5156
2643 788
4156 901
1718 6242
4903 5454
7967 2185
1870 6280
6754 5371
6731 7478
1691 3177
2127 958
1585 4300
1519 4681
6785 3553
2338 3922
7939 6735
2056 5751
2012 6170
7332 1828
1275 583
2558 6030
5994 2356
2689 5529
4537 6810
406 6207
1330 6128
314 401
108 2826
3968 2180
4313 1494
5532 1250
6555 3539
5691 6291
6028 2802
6903 4831
3544 6722
1370 2174
2885 2077
4180 3203
5517 686
4496 1286
3263 1935
3990 717
7395 1405
3525 7214
5567 381
7696 6583
2908 2296
561 2900
6784 4065
3359 1482
7226 5978
654 2418
2216 5128
803 6771
6316 3388
1475 3711
7378 5137
5914 6584
5040 7411
6545 7422
6765 2374
3692 7104
1158 2989
5539 1729
6796 3863
880 128
939 661
3239 7142
7609 7926
2525 1383
4361 3330
7149 3045
7452 7076
2297 5271
2511 1415
1339 2135
6668 3881
1953 3493
4315 3167
6767 7524
5131 920
717 5457
3913 1658
1523 2514
4397 4932
1287 1000
4633 4510
7600 953
3779 4092
2083 5841
7170 4647
5710 7502
3357 3403
811 3112
7988 4840
4464 7136
20 5824
7703 1279
6029 3460
6138 6880
7217 1725
3477 975
944 569
7171 5972
4921 7986
6079 900
1278 5342
2345 7064
3855 7269
7789 1878
69 3558
1503 4723
6446 2273
710 2910
4957 629
840 1218
6838 7918
1490 1549
1262 2985
3832 6164
860 5667
503 3199
5420 4502
7618 3981
6872 3303
2215 3587
1276 3734
3991 5637
4540 4499
5281 1590
1951 3521
101 293
7633 7008
2059 5447
6420 6224
7154 2413
3366 6476
312 3217
219 2635
7311 2165
1520 1431
2884 5686
6317 2553
6177 5891
1880 1934
6632 836
5704 2785
3837 2491
2299 2828
234 5134
7915 7683
5322 1874
6542 7958
1968 7535
1429 1941
6915 4436
4703 7329
4883 1153
1616 1412
2079 7495
7225 3101
5701 882
5428 4753
4429 7710
2151 6569
4576 3418
5076 4465
6588 534
161 338
5417 5876
963 7555
5869 1928
4683 537
1436 6852
2475 6310
1930 1414
6333 6532
4476 6192
5990 3905
1620 7011
5133 1653
4977 4398
936 451
1957 1999
2737 6511
776 4321
7702 3145
1456 6990
6512 2838
4008 2455
4233 1104
2324 2340
1736 877
2954 1244
1483 7850
1074 4045
3493 2960
6990 5514
7467 1523
2369 5966
4363 1477
1994 3887
3153 6819
5375 4996
1775 3478
1271 6159
5364 3409
5512 197
6217 5830
1310 3061
2875 4567
7473 3630
6700 1255
7212 6988
2764 608
6314 1806
709 7618
7740 5496
3648 793
6645 858
7336 7184
4483 3439
3122 792
1830 657
826 2255
5351 5210
7509 7941
259 7589
436 5464
5871 547
6306 4668
1036 2393
5166 282
3494 5387
5479 3412
5309 6850
1211 7548
2509 7305
280 3475
700 177
5872 2388
2755 5741
4522 2321
1140 7675
3676 310
6099 1605
4923 1026
5455 3033
2507 7579
348 7303
6168 3800
2866 7420
6795 3645
5372 2973
6257 743
3694 284
1274 6555
2974 4286
3030 6826
307 1008
2255 1584
4136 6672
6845 7070
7299 6983
1933 3684
2861 2539
7540 2275
6683 635
5525 7727
1066 4131
1997 4257
7527 753
5147 3072
7147 5567
5061 4656
6742 7074
1525 658
5510 2354
5936 1355
5278 7058
2602 1270
4848 4209
2870 3986
4742 7810
7227 1922
3791 2379
3625 3092
5831 164
4183 5286
2486 2299
2555 6082
2071 1753
2067 4318
584 7631
6235 5149
4651 227
2217 4544
1465 6877
5360 4199
4545 1710
6721 4882
6032 1085
6822 3610
3457 5641
4856 5665
7571 5518
2159 2640
4766 1474
167 1907
5408 7200
835 3387
2426 3424
5294 4749
4305 6158
6176 4135
2842 559
4814 1080
3673 714
5059 7038
2378 7141
1328 6452
4694 3585
4321 1572
4232 6595
555 6572
5157 4111
3412 5064
652 3577
5982 6413
3942 5150
5714 1196
5788 5335
64 7085
2732 3599
6783 933
6954 3925
1235 951
2736 6449
3953 2196
1823 4374
2508 5984
614 132
3731 3757
3687 3222
3346 4052
2743 1949
1696 7254
7213 2384
1745 2120
935 6822
3073 5753
4055 5360
1502 2733
4072 4877
3869 2419
2137 3025
7259 6613
4679 6098
3892 4428
5940 7930
7175 6417
3627 6594
1941 1048
6461 996
6086 654
5991 1206
5545 4541
1571 1297
5530 1309
6809 3666
1955 5652
3242 7657
4168 1830
3139 3032
1016 6080
6541 2236
126 4307
4149 1571
118 3689
6100 3947
7223 2965
2517 1767
1094 3073
618 1180
6794 4107
6245 4997
786 4195
2673 1646
6437 4205
4472 791
7688 731
3592 3405
6258 1570
6105 845
5054 7867
4393 7029
1176 3137
3916 7620
5798 7953
6577 7433
3064 6241
5458 5191
6571 4396
1859 4801
5121 3888
847 1610
5464 7904
7089 7903
1029 2594
1987 5340
7193 2269
7906 2705
1225 7125
4188 2510
5448 7238
7934 7386
1627 5924
3163 1758
5261 7690
5275 7616
981 5220
4767 5634
3423 7083
2894 6177
2065 6044
5550 1937
701 1738
7504 3918
973 3625
3478 1242
5834 4219
5997 6049
1442 54
1617 4347
3959 4999
7393 7586
476 1010
3948 3239
6263 4746
4474 3487
5806 3109
4850 2662
1061 7383
541 6366
4866 6753
6800 2233
3571 3802
6773 6036
7319 2911
557 3144
3905 2590
117 1118
5134 7520
6642 1229
3083 3780
4013 4626
6873 4705
1925 1088
2244 4288
6191 3998
478 640
736 4599
2647 611
6117 4895
2285 7534
1645 4654
6528 5309
4346 7366
1493 4109
2051 2769
4354 2888
7184 294
2367 4970
2740 2313
5068 969
2444 620
1002 5537
140 5241
4360 50
3232 1367
4705 4359
2362 2649
2036 4471
7725 6623
3465 7843
988 5155
3368 7588
865 5326
6072 7408
4892 29
5203 2287
2877 2714
1070 3055
3185 7116
2728 4852
6851 4212
7385 3135
334 5842
7432 1623
6215 2029
2980 2932
466 6258
4718 6200
6682 6938
3912 4427
7980 6621
1160 1759
59 6193
388 896
2540 5929
986 2333
5145 3758
5119 771
5999 3319
302 65
1727 6394
5169 5
3746 2364
7008 7709
2042 5125
6930 7019
1127 120
3576 4256
7098 7367
5699 1569
2966 5577
4815 247
3679 2035
4893 6944
686 6248
691 940
4241 7687
2537 1800
4300 5845
7948 3159
2920 6429
2045 1518
3637 2675
7667 5573
622 474
1875 3816
3776 7389
2275 1340
4264 4766
991 5396
1139 160
3105 6107
3613 3271
89 4302
3675 6026
908 2532
7974 5998
581 7840
7912 2686
6607 3146
1885 4918
7422 7590
4216 3563
2779 5208
4381 1117
412 5616
6495 2711
5380 1205
2811 6176
4943 4025
1351 1947
1733 1068
3211 1649
7691 6884
1057 2291
4293 790
7962 3654
4 342
704 5886
3376 2558
4719 5687
3559 5348
5564 6873
5019 1861
516 4971
4428 2435
6676 6928
2760 7134
7739 5981
7318 5862
3725 7610
3527 6657
5411 5621
1518 7566
6680 2764
1053 3674
1792 2585
48 1722
2458 6122
3605 2251
1921 6932
7521 2084
2005 2724
4088 3262
5963 1950
7358 4062
2210 7793
4755 794
3623 4492
1423 1625
4441 137
7159 3128
2111 97
6133 6392
643 2392
3394 5323
2973 1825
1294 43
1039 405
5097 5771
200 5087
3787 5762
3768 5322
5413 5388
5099 759
6136 3560
7209 4152
7346 4648
159 5513
5221 3668
4604 37
7585 1122
6360 3540
5527 5996
7115 6185
5941 5318
1495 7453
4847 3278
1273 3047
7330 208
3604 618
2117 2740
4211 1387
6131 1927
260 6823
4504 7037
2983 899
2316 6775
1622 3963
1965 4767
3389 4226
4273 5837
7905 2263
3859 7347
2970 2988
6557 4252
907 842
3132 6286
3570 6619
4461 4382
4662 3971
7724 1685
1078 1429
4728 4826
4309 2622
2560 4888
3317 7851
1007 2529
670 6711
2756 38
2063 7003
1467 7861
4723 672
7776 3464
5873 5407
3360 7937
1952 4182
320 1978
5754 7388
7881 6356
1489 5410
1794 2032
119 3664
1807 4124
449 4373
5561 7045
5961 1602
3110 4238
1376 5413
3946 973
5405 761
4374 5154
6128 2500
768 2879
5546 6015
2564 6331
4592 2591
6003 4355
6515 4419
822 5094
767 7847
5853 3257
3344 6631
774 4921
5980 7421
344 2916
3683 2288
2683 6885
4663 6821
4271 1827
7096 2683
2781 1204
1759 5780
7772 6512
2134 3391
2759 4702
4546 4833
6618 4989
1060 924
5777 358
2120 4533
7543 5135
4956 180
4778 1119
5190 6461
4101 4146
2003 4814
7582 3515
4781 4957
5055 3766
5280 5575
6299 1322
3747 251
3901 3269
1195 4969
3456 3850
3424 2864
7143 1787
2658 2133
3421 4459
7561 6358
3050 4986
7443 2242
885 1001
5473 978
1344 4635
7274 264
2899 3231
3284 7092
5663 1299
3 2891
1625 3640
6580 5627
6378 3260
1798 2402
288 7827
29 6866
3402 3336
7302 4879
5096 5428
1524 768
5263 272
4282 5692
1305 5905
6060 6072
6633 5344
1703 5359
559 2449
567 5863
5384 3858
6860 720
2675 4517
5673 1974
3702 5337
7269 5625
465 3470
7880 739
2066 6534
6984 5789
6513 276
4796 7576
165 3804
2413 2360
5720 4162
7451 6020
4838 4646
3908 5120
890 729
1943 2547
136 1505
1590 3762
6606 7454
1776 4699
6020 2395
368 6285
7716 2004
2749 585
7634 3683
911 3917
1561 6649
6064 6856
458 3395
6012 2090
530 7357
6004 5218
4075 5262
2081 712
2330 5034
407 6767
3272 5810
5585 3248
4970 453
6119 5752
2932 1985
2084 6119
2935 407
1 2072
2421 1681
4384 3014
1808 3202
6159 135
3684 868
6074 2583
5285 5726
6499 7113
3058 1524
299 3082
6694 1487
6426 740
3602 5287
1119 3491
1956 2463
7765 3919
5444 2468
1610 259
5898 4992
6171 2049
4424 5570
2679 6302
4672 5783
6815 1643
5003 4665
5357 1966
1256 2244
2265 285
5993 2188
2058 1082
2276 2620
6394 1965
192 2057
5842 5538
5446 2267
2099 4057
1975 4949
882 6886
6344 5173
1129 1170
5765 1536
145 2134
6958 7088
2994 3371
7087 5711
5062 3499
7094 7356
4255 4667
5249 63
5021 4479
2315 4593
2477 4237
7547 1307
7883 2436
4797 265
6357 5661
2270 3559
7794 6769
2235 3182
218 4692
1240 6212
905 4631
3645 631
1914 6917
2570 306
6062 6160
2377 2877
3267 6023
6527 5251
7544 754
3526 5478
4258 3301
1547 6655
687 3530
2400 263
111 1366
740 3735
2769 1344
2598 683
2744 2726
3260 1504
4356 3867
4249 6915
4169 6047
2911 4722
5017 2421
4984 2783
4817 7751
5436 2926
1835 2998
6377 7358
2888 7584
694 2914
5693 1824
7821 2117
3512 4149
2601 5416
3534 7117
5389 1050
7158 5596
5386 7708
4517 6289
4319 151
636 4912
7261 6837
4614 2108
3721 5944
5187 7581
7817 6204
1174 1752
6762 4176
6077 4777
267 7143
6548 7703
7216 7682
7759 665
1091 6734
1293 2941
6039 7859
6849 7886
7530 929
2876 3809
7545 2660
2166 2207
448 4194
2513 3339
3954 3939
1929 995
5208 4098
6294 12
5930 615
6065 3466
5979 6611
3481 266
4060 3627
4661 4299
727 6890
6764 6859
2535 1576
7607 380
250 3456
4334 1749
2988 6245
7323 954
7576 4245
2104 1024
1418 4651
2243 2329
5547 3265
2707 3312
2797 2957
7441 6848
5116 4360
4735 3568
6735 3862
1592 6246
5552 4241
2190 3705
2569 7407
1432 6347
6536 5077
5128 1396
4493 4806
432 3029
560 5623
2007 5435
644 6898
5207 5462
5583 7835
3556 3449
3380 5329
4221 7012
5396 5848
4018 2115
4874 2462
1238 4493
375 6855
5826 1712
1790 1603
1080 7196
2568 6172
7872 447
1212 3171
2347 2564
4261 7077
1250 6168
1411 5293
5877 1420
4050 3285
574 2548
7914 2650
6226 4013
507 7120
313 6704
6895 5085
7659 7135
6692 498
3052 1530
6593 7213
2802 2526
2573 3759
7695 7527
188 3151
4235 2964
5611 3060
364 42
4994 6454
3324 1370
5212 4872
2702 2533
949 1618
4639 3893
1210 4004
3255 4020
3845 7947
2431 6908
5516 1763
4394 4611
1205 4129
3621 3056
4378 1212
7160 2312
6697 230
525 4236
7052 3926
7258 486
4409 2643
6777 4639
1628 5974
3935 2823
4017 2383
2156 2187
4659 6002
3572 4854
4583 6553
7496 4701
2947 2931
5581 4641
1511 2696
2286 6525
852 7820
9 4902
3704 5896
3672 3822
5178 5764
2138 4000
1161 660
5279 869
1726 3433
340 4404
5858 3830
5773 4421
79 5720
7899 2002
6104 4414
5935 4720
1414 572
7146 6275
122 7461
4056 5548
5932 2639
5033 5182
7895 7899
7940 5147
4890 5088
6075 7243
671 801
1701 30
7669 2507
5604 965
550 440
4889 6592
4020 7106
3418 4289
4380 7557
3502 2633
5896 710
2804 2318
5158 4206
1498 3619
1754 4956
2092 4327
978 95
5686 1126
842 7596
6684 1049
2211 5372
3168 4803
6470 6554
490 6546
2986 7159
1014 2692
5648 4532
4117 3337
6550 4036
3428 7550
6427 5015
3144 5126
4499 40
1350 7549
4918 5836
690 1697
3587 4060
5702 1988
6406 2607
7230 6235
5247 5770
6870 7312
6586 5333
1619 2346
7617 269
4773 6895
839 4610
2097 747
6067 6148
3468 3844
7935 6154
5493 6118
438 1077
4019 336
6888 7234
7106 4387
6661 3565
4820 5198
6805 814
4090 3535
3302 6173
6910 3402
742 6949
6924 7155
6978 5460
3762 2386
2157 619
2428 159
4131 1433
7697 4348
7164 5598
4445 2480
2077 921
6120 809
494 7764
2852 7028
7449 7163
2828 3421
6899 2089
2419 5354
5388 5495
5602 3803
6522 4655
4846 7000
3154 5179
3539 3350
2696 5403
799 748
659 4363
3409 4070
4574 2168
5353 2691
127 3911
3092 4807
1184 6995
5726 3129
2775 4118
1304 5840
317 185
3258 5105
2956 4455
874 6005
2116 5221
4667 5331
5165 5043
3609 3883
4083 1012
6848 1783
1892 1099
3951 4721
3341 7951
5722 6343
5185 3386
472 4556
4048 6415
6023 7556
6297 2075
2457 372
6073 3571
4775 6188
4551 5615
1218 6673
4372 6312
5468 2516
1746 3942
6970 6198
7785 7806
3931 3148
45 6680
4891 2198
2700 166
6085 1818
3482 6871
7531 1125
4108 4853
6485 4018
7108 27
7653 5292
6088 5308
7949 5880
2867 5473
2776 4588
7647 3389
3431 5442
651 6423
7331 4494
1831 5307
2213 459
3177 5933
5438 2124
4618 2849
4341 7796
1954 7399
7710 941
6693 812
217 6922
3097 7087
5100 3373
7920 2765
7978 6527
5214 4395
49 5430
3119 944
5894 3444
3385 7743
1681 7455
1504 141
974 7321
483 4084
6844 4402
3650 3880
244 93
5248 5051
4414 2909
4094 1900
7105 6714
7918 473
2008 7640
2192 4985
5953 5508
7384 6646
2404 1442
1322 4352
5467 4330
6678 7233
6973 243
7640 3103
5243 5023
3849 7
3718 7649
275 6446
3564 3680
3969 7262
7372 3051
7343 2070
6768 699
2626 2473
6382 6709
2103 1261
6209 2611
5816 4043
7360 5261
4155 2896
6511 5175
1136 777
6021 6097
4550 7736
4711 555
6001 5493
7282 5246
3662 2349
1137 2927
3546 1341
5179 584
2752 6973
2653 7314
5865 3781
1041 4180
5890 4079
6934 6994
2515 2401
3937 5383
5638 4669
5690 4698
1871 192
4411 602
3903 892
3137 6598
5572 3097
4985 4634
6468 424
928 1079
3660 756
3503 5954
5422 5563
1048 2102
17 6474
7101 350
7960 5146
1980 1470
2182 7716
6024 778
3904 5555
4503 2243
7882 6645
3224 6214
5921 4002
2733 5237
2411 3935
6847 5571
720 2059
6597 1101
1674 1596
5083 1455
4170 1746
1549 4744
6356 3308
7973 5258
6944 1034
2659 7047
4634 3678
6604 5239
2763 3323
7677 6383
3195 2978
462 5746
7991 5315
6929 6414
1693 1579
5897 4659
367 7713
1791 4432
257 3992
6610 5584
7768 628
497 4336
7682 6190
5435 359
489 6125
1178 7191
5593 7753
5257 5881
5194 1849
827 3930
726 1789
3342 4981
2926 2637
4385 3729
1472 5793
1631 5190
2150 6465
2891 1107
4929 6079
5172 471
2070 5721
7752 4467
6738 1628
2014 6069
6950 2422
6042 1124
4858 4828
1113 46
7296 5914
2020 3003
6779 6894
422 2679
6452 1232
2522 7552
36 4437
6269 817
5965 3946
4595 1044
1751 4617
1931 3366
1506 6829
6443 7295
7460 764
7132 3958
7937 334
3448 4378
1907 7988
2001 7202
2761 1231
5084 7714
4607 520
5984 959
1749 3768
6523 905
6196 6768
7373 1133
6462 2261
6706 412
6999 7440
7943 883
7439 4844
2473 4578
721 4134
4332 15
1568 6194
2147 3414
1075 5588
3573 2750
3474 1998
804 2428
2312 7623
4513 6834
7620 2966
4485 7398
2050 5877
7676 6404
7698 2415
4909 4235
1378 7734
7734 7377
3035 906
155 1755
6863 4774
1450 7832
2810 6972
3580 3813
109 7192
1641 2015
1883 5205
2581 477
6181 3518
850 3359
2384 2472
7185 3538
7348 3575
6194 4169
4702 808
6690 1476
5209 2409
6630 4727
4201 66
7628 6333
3508 2562
1851 1373
2132 772
3491 3745
829 6428
2889 3034
3146 3820
298 6348
5867 3846
7570 6564
7215 5620
6739 1768
2672 4538
3283 1898
6234 6375
7187 1030
526 511
3429 6640
6247 3933
732 4463
5345 6272
6327 7542
371 3420
5199 6202
2563 5347
7277 5071
6203 4163
968 7147
3077 6359
3099 614
873 4115
2414 1843
5579 7100
4331 2257
4958 3983
3649 4700
731 5572
6617 3915
1200 6244
2427 6341
5204 779
6567 2470
2398 5850
6644 4606
80 2366
6041 1067
3281 500
1145 7803
6493 6405
4298 560
1563 2699
6056 341
3701 3696
1362 4120
5745 7488
25 3621
3852 7545
4940 1461
5012 5405
4371 6288
196 6752
3496 1537
2813 3726
4532 3907
2131 5263
5225 873
6480 7848
5398 1165
4077 2159
2652 3465
469 1039
4879 2026
967 3743
954 2347
7981 7638
6662 6782
6965 6874
3958 671
2685 2893
5046 5362
2219 2706
3965 2150
5271 2162
6163 4741
7862 6968
812 7741
5847 725
7290 1500
4199 4583
7584 1826
2144 2624
6487 6929
6615 999
6094 6412
4194 2993
6137 5651
848 206
648 4009
6421 716
3387 5967
7344 4678
4655 3010
5272 6367
1517 1070
149 1831
2078 3189
2497 2832
5985 62
4729 1371
5381 5961
5265 970
4270 2959
7516 4762
7002 6502
4367 2211
4252 893
2082 3603
3629 7572
4520 7304
1102 7702
7036 2457
366 1127
1796 2303
2713 6403
4824 2155
4225 681
1382 5267
2446 7498
6482 6911
1405 2437
3883 7860
6372 3572
5304 3984
1131 4028
3964 5192
5946 7242
5709 2855
5437 5459
4657 2739
5093 171
2178 7272
1022 4883
7900 432
1032 434
3321 5579
1121 7864
5423 1731
6701 2552
6478 3997
