8500 5000
5566 3889
65 625
2578 8155
1074 2319
4850 255
1486 5123
6994 1700
6918 2470
6907 7993
5920 1779
7486 2573
3844 23
2956 3754
2859 2738
1469 1753
5757 5324
2579 3450
1288 3476
6780 6397
4563 2277
7146 974
486 899
1918 4103
4534 1109
2227 8187
1199 2057
4650 8435
6402 6765
7540 5026
2141 1453
5023 240
6234 1414
23 592
7788 1597
7215 2737
6271 3997
3794 4987
6759 677
7091 691
2626 4802
6222 142
450 286
279 30
2078 2090
2424 21
1443 8099
8225 8447
7220 4082
4742 5326
2779 2085
5362 6343
3808 4129
7640 2918
1002 3283
1271 467
6657 3135
4831 214
180 274
231 7307
2780 3959
7530 3572
179 8173
781 6118
196 560
4384 5575
2631 1933
3687 4365
8292 7865
754 3262
987 3996
3227 6119
8412 6098
480 1143
881 7929
3821 2259
2072 8135
3012 3227
7541 5557
8390 5164
1846 2845
4347 28
6349 133
2147 2780
4021 4589
5898 4556
6384 877
3476 2415
5187 1792
3809 6607
3178 3111
2772 1352
258 1941
2884 7537
6687 1214
1246 2110
2207 4213
4973 1174
6761 4713
4567 6797
7240 2703
8110 6988
7957 4788
6413 2428
8267 4162
6682 2521
6943 6437
4107 5922
6358 7465
2969 833
6639 8234
6513 6945
5806 6977
4409 6316
8293 4926
3761 151
7677 5717
6579 4497
1057 3510
8017 1088
1820 3699
4927 2534
3358 6848
1185 3255
3470 1159
4780 5754
2179 7784
2945 1990
2189 6529
749 3478
6254 5176
8140 6622
6215 2601
2474 5122
2453 3309
3831 1840
425 4013
191 4320
2251 3724
3735 5767
6113 5740
5353 5921
1513 1569
2568 7304
7791 3730
8494 3332
7229 5796
7646 1362
4247 5597
3300 1583
6771 5078
4578 5465
6914 7216
7439 1938
5139 1273
3326 3279
6378 568
7672 6167
1906 6260
2320 7445
4353 3218
884 4083
2357 5433
3883 2731
1582 5546
5859 2461
6990 3360
2101 5600
4130 736
3736 6148
6360 6858
3251 3939
3134 5640
2301 6128
3660 2693
5466 3540
4751 1195
2252 7160
6650 3198
4803 2733
2406 8416
7012 3127
3668 4785
5621 91
5276 1085
5995 2449
5382 8042
7844 8161
2605 8163
428 3463
7797 7699
4673 2553
7330 7978
7440 6624
3954 748
1705 557
155 8091
363 1368
4711 6804
5461 5749
5001 7793
8395 5628
6308 109
2638 4443
3716 6526
3384 6036
6211 3374
7652 4550
3109 1364
525 3345
5018 6822
2712 759
2726 362
3047 7890
3912 6692
7364 1312
4782 4061
5663 8169
4628 1288
8394 3180
2391 7139
6594 3583
6903 718
7221 6246
1861 3368
354 3732
8281 760
150 1100
3119 5375
5561 125
5114 713
5549 3178
4055 2389
4339 4366
2620 2802
2287 1448
1480 3298
5889 4935
6826 6261
4846 4696
6847 1952
3797 5531
6187 1972
4741 4960
246 7366
4349 2137
5162 3814
2154 5564
2802 7190
1966 4055
8357 2941
6593 976
5041 6101
735 1862
3513 2172
7471 1980
5090 7675
487 7990
7325 2196
2996 7896
2118 4838
5796 7749
3593 616
7089 2570
828 8037
7917 3775
4873 1283
1054 430
5458 5348
5043 906
803 2969
1903 6621
3468 3559
3694 7563
6426 7273
331 3465
7783 7193
3077 6699
7129 1024
4205 1789
3314 1169
3570 4266
902 556
6103 2372
4338 2943
6581 4795
3753 119
253 7862
7156 7440
6276 6016
4602 1725
3824 1777
1099 7068
6189 3114
7414 1958
4627 7057
8131 1861
8134 3763
4679 1801
7290 8267
4592 6502
6112 442
5919 6670
2174 7083
5 3605
6258 6637
5110 355
1802 5301
6584 7559
3928 3148
7811 4007
3373 600
4920 494
8301 7545
5965 3492
3482 3420
5369 3225
2384 3131
6437 6072
4727 2028
5776 7926
3692 63
6440 5166
1523 6821
999 1483
2765 4419
8259 3713
2010 7254
8244 7129
1748 6045
7387 235
6578 489
7499 3548
901 6778
2914 3778
373 6721
4188 6696
7904 5910
6393 1813
6960 4555
415 5171
7735 6460
3498 6880
1065 5639
51 84
5712 2340
2220 957
4715 4194
6460 5121
5248 3391
3475 191
1195 3366
6446 391
6373 4913
8192 730
8145 8396
2763 5699
3348 2380
2134 7051
813 4894
135 5574
5100 2382
2804 896
7064 3568
2038 2478
8474 6581
6059 5902
2326 1743
661 6370
1711 7932
6251 4455
1901 6454
8044 2402
6183 6133
6823 7323
8422 6531
6256 6014
2500 1479
8461 7867
6958 34
7715 8058
7253 7830
421 3199
4840 4692
7610 3811
557 5293
4922 7516
3194 7239
5113 96
4981 3419
7856 4635
8291 3324
5366 1330
1696 2298
6073 2786
4000 7021
8255 3841
1063 2855
282 5773
3702 4339
7928 1968
1726 2686
7497 4371
6696 4211
4312 7392
7864 567
988 3191
6982 2792
7060 1226
7228 8230
686 6229
4278 275
1557 5596
7487 158
6526 3719
2764 3209
5460 344
6352 994
5987 3526
669 1544
502 6057
4585 4335
6225 208
890 1687
6480 1957
256 2979
1197 5327
5585 7975
7595 3431
1596 5234
1657 1562
497 2151
5711 765
4301 646
889 2144
2657 8317
634 2993
4676 1858
63 4655
1293 6474
4696 4072
528 128
3679 7831
1053 1854
4226 4919
2291 7331
7123 4610
1781 4835
3230 920
8216 1139
5120 8368
6380 1234
1813 3022
862 7670
4415 4089
7566 3617
939 2126
7660 7195
95 7982
3580 3991
4841 3493
725 2556
777 980
5140 2053
2484 7157
6705 8009
6455 8394
859 6338
8001 3604
5944 915
5875 5127
3254 2207
7385 2513
5892 7206
3918 7603
5032 5841
644 6881
4820 6700
2961 5177
879 6680
5186 1431
1617 2628
8450 5888
3965 7322
4194 4681
640 3726
1717 5421
4286 8159
3713 3621
602 671
1302 2959
2849 7298
3908 6341
3510 1581
7876 8390
632 2104
7456 2710
4268 6034
2006 460
5698 8468
6815 932
518 5070
1996 7123
8154 4834
8022 4425
855 3948
4784 8299
1956 2128
2048 5759
5819 7398
7810 6178
8290 7613
5655 7689
429 7372
2646 6650
7054 2631
3431 5184
5762 6117
7801 8356
1050 3812
559 3930
5636 5641
5147 3950
4993 4472
4516 7136
7872 3467
7211 5997
5896 5735
6368 5230
1834 3893
994 7271
3522 6206
371 3663
1505 464
2663 4756
5021 6060
6415 577
7210 4620
2676 3590
5537 7768
8187 6099
6785 1446
4447 3029
7191 5766
1718 6849
7555 8330
6355 4581
3902 8092
1122 2256
5282 6395
7630 8125
5034 5032
3462 5778
3398 8463
1211 6093
6118 6996
1102 2324
7835 2550
5594 7505
3614 2318
900 6789
4383 6490
5390 2581
2611 653
825 6546
4276 1738
5161 6480
5559 2050
2483 4452
8299 6159
2740 6418
6396 8178
1165 4898
4980 5553
3887 1643
1251 5228
4462 4593
5060 1516
7238 7583
4027 3038
8181 8310
4837 6022
3376 5190
2709 1172
4448 5273
4519 6992
2988 6155
707 7040
4661 8413
6379 4885
8198 7724
1532 5836
6966 6801
6160 3207
7648 5588
6202 1032
212 4812
7472 4313
3103 1930
3397 552
864 313
93 5045
2298 4111
1263 7035
4657 7571
2881 4865
5897 1848
4151 5268
5459 5488
5316 3859
17 6300
7982 6556
8334 5560
4020 5943
8137 3261
3594 6027
6670 291
3209 7972
3952 1150
1296 1527
5223 6771
316 8479
7350 7061
6357 408
8466 2775
6434 7743
4869 8156
73 5206
3661 7343
7071 858
365 5809
2516 6150
2771 1215
736 4753
4948 2600
2669 6302
7585 3126
5181 5685
6167 3501
4713 6948
3116 902
8328 3681
7878 375
2389 7609
1374 540
459 4825
6535 3629
5719 5523
6471 7995
5044 3753
2622 4526
7996 1827
6169 3164
8132 6732
1678 7221
6833 2764
4158 3727
1801 5442
4697 7044
6582 3597
3463 672
8296 8010
5363 8429
1758 4952
4254 7684
6077 7498
6488 3172
3425 2629
3353 2395
4317 7138
7809 3620
7075 2227
1083 1281
5836 149
5630 4730
2399 5547
324 4992
2633 2990
1135 4098
5331 2480
7262 131
5693 419
1262 8181
249 4042
2910 6657
3262 722
5399 8026
1952 4771
6778 7340
3240 2598
8147 6412
4422 1598
445 4050
693 82
7365 377
8026 17
3318 6380
2203 8243
75 5693
5307 2839
5522 311
7171 6565
5771 8455
2506 5009
2918 8
5457 2454
6093 2142
2061 2165
2610 5182
3607 1612
3228 8350
7059 6511
6969 6023
332 1064
2202 5595
4526 3852
741 2266
6627 4153
6277 3529
8087 3337
4991 4127
8425 3563
4056 5479
4374 925
7084 2087
2223 1348
3655 5419
6978 519
1345 2406
1669 3614
5035 8012
4140 3978
3399 6410
7411 5828
7194 3885
8351 2690
6984 4249
5477 5781
7223 7767
899 3714
2472 3560
603 2179
1729 3464
4480 6791
1922 5824
2028 7651
5368 2866
14 1166
7738 1800
7745 2219
1569 743
7095 5741
5692 609
341 4651
1864 3285
8171 4417
8197 4666
583 5869
4558 4746
3198 6001
8445 5973
3096 4531
1300 7108
8322 5436
540 1463
5191 6481
2259 1649
7303 7443
1101 5667
5949 1309
8199 4530
198 6448
377 3770
2079 574
2738 7703
2840 2563
220 2763
5247 742
6359 5109
538 3554
3920 2567
997 6221
2260 2674
5081 1221
3645 3661
3801 5221
5333 8179
7727 2177
2880 1477
2034 453
7628 5899
8366 5794
1243 5803
4179 3758
237 6491
783 8201
7254 6440
5207 2445
4789 7708
2299 4724
6916 1910
1892 3787
4785 7350
1690 3783
3584 5820
362 7430
4924 3697
7765 7097
8261 1661
7969 5213
1337 6407
304 6779
3628 7630
335 2051
7771 5468
2388 6734
1352 4073
1551 5949
3973 7838
8319 6672
3914 6958
8130 1121
4332 2569
8364 5051
7273 5141
7988 3053
5710 8407
8250 4027
6599 8371
7119 2288
7243 2258
5379 1546
6340 6944
2113 317
2173 4765
3261 2925
8386 2560
5914 854
5516 613
4950 5212
5900 6208
5020 2246
4579 1504
3127 4648
7602 983
8337 6475
7167 1795
3442 6451
8129 5839
1013 4344
809 4268
2480 7898
5622 3737
6145 1425
6532 1820
7742 1726
7857 1997
8455 4924
7354 1160
7131 7459
8274 2396
4280 6383
1258 1263
7048 6840
5089 2879
5748 4088
2000 8185
7907 1763
5893 3580
7733 5702
8095 1269
5027 5075
2915 4930
2337 6916
7819 1468
5046 321
7798 5983
6928 7730
1900 3428
4072 1715
3311 5622
4574 6175
1157 3043
1800 4407
1339 5346
4590 7081
503 8345
6508 7709
7795 4093
490 1489
5069 292
6791 1913
951 3311
6008 3107
7891 7226
3098 5412
8265 6431
6243 6163
7426 3973
5213 582
8341 5477
860 1438
2846 3403
8055 3708
5031 1907
8441 4355
2349 6576
5226 4317
1400 8168
5202 682
7159 6116
8253 6757
561 2880
6753 2030
3092 2313
4684 3201
6879 2330
1472 5808
3466 3128
5315 1902
2653 6464
6365 6441
4486 1735
8336 738
2999 5532
7944 4393
5266 2073
2055 1630
2276 5219
4953 7845
4688 5625
7065 8428
288 8051
699 1585
6338 4661
3947 7653
1515 2718
8352 1872
8270 805
4857 5524
3669 5613
6515 3944
5912 169
5835 3983
4588 1556
236 1329
2775 1615
2955 1653
6942 3698
7839 2220
2778 6499
6852 4853
931 5390
2335 7479
5158 6009
3998 7513
8124 7621
7931 2736
3176 4331
5704 3328
5310 6050
6857 5286
731 4611
3118 4618
4050 2329
7531 1515
159 1081
7389 6853
5691 1752
6832 2411
4807 7248
4029 1518
8463 4385
3066 2620
6210 6068
610 2955
120 1611
6554 7980
1865 4364
7958 7416
3303 7818
6354 2800
8409 2815
7109 1496
3852 6479
3968 1617
3597 1400
3312 2413
414 5210
2677 7747
7619 5843
2534 5486
1684 4146
6038 5720
1107 5656
5361 4615
6814 6786
3356 1495
6487 4130
710 1893
4275 1211
4040 2542
722 7992
5697 2849
7548 2944
5922 2671
2989 4463
8020 2320
2027 6342
4937 8263
1767 7912
2124 2753
896 1989
102 6802
1223 8080
8052 2618
6313 1593
6816 8196
6856 1740
6081 2934
8024 3856
8098 6947
5012 3768
3971 5549
5172 6758
6086 4
4470 5782
5047 269
13 6879
3212 1247
6678 433
980 7380
2862 3785
1283 650
2960 5873
5876 1274
7781 8474
6797 7623
7755 4101
4108 7598
2971 8348
392 4630
709 7671
2602 7633
3585 3400
598 3423
4133 3790
3458 7310
1397 4689
5462 7798
2018 7063
6289 1673
2089 5231
1510 6829
5026 4132
3741 8126
6236 7589
8375 8365
6326 1651
1301 5411
4359 2554
2240 4265
6506 5846
962 5215
2944 4223
1116 1456
4907 7105
7141 3764
3016 7727
3266 4826
930 2248
7332 3716
3758 6488
3207 3712
1303 5446
5746 4732
3581 3390
7058 7478
2735 245
7224 7224
5241 8113
7299 2517
2648 1785
6443 4695
6763 8182
2872 1046
6556 6535
1606 332
1030 7718
4231 7910
1175 3357
909 1098
6750 2582
340 2062
234 8305
1947 5466
1612 4660
5934 1988
157 3940
83 7521
19 690
4864 1014
5632 6147
2076 4428
3023 8442
5633 2616
6005 8499
2831 2282
2184 3147
42 2171
7589 6238
3260 7506
6692 1491
382 1655
6712 2972
7386 807
6669 5904
2887 7758
7247 224
6977 7554
3101 1055
6721 7354
7209 6082
4855 1052
7384 3672
3814 8152
3153 2702
7749 4900
8120 7492
6698 493
5714 2647
2755 7469
55 6115
7139 7291
2842 4948
6773 2524
734 7487
4255 6187
2967 2475
5662 5637
5542 6963
1850 8004
306 5394
2748 1815
4916 259
5978 4707
1750 4243
6956 5098
7563 5542
1927 5485
3499 486
6784 4296
3050 6719
6423 6205
5873 821
992 4404
3979 997
6132 1440
6939 590
4484 2936
8419 1982
7483 605
5227 1602
585 4608
6734 707
581 8315
5259 6124
3506 2200
677 7104
5131 7382
85 3481
7312 7261
7061 7532
3264 5578
955 3122
7374 4780
2813 3632
2570 4183
5039 6616
680 3173
4186 779
4900 5697
4928 3421
5657 279
1660 1648
8073 6214
8211 4764
8433 872
6061 5413
2437 132
7941 3182
4885 2078
2700 2235
403 2614
6922 4302
1081 5072
2811 6554
5572 583
2351 5956
458 6730
1038 4205
914 7641
2513 2927
4877 4968
7976 3040
2087 3622
3872 832
7514 2195
2984 7755
6536 1286
840 2397
2040 4710
3490 1531
6015 5297
1558 3982
166 7535
1874 361
2410 6392
835 6715
3366 8031
3042 788
1508 7201
7716 2247
1261 3032
7785 7601
325 6225
8000 5111
3287 3326
5953 6617
6453 7135
7515 4227
1950 1373
5171 3545
6457 93
2126 7485
76 5223
8331 6832
8185 2375
1144 8433
5652 4106
5330 6037
4976 4287
1383 8154
6136 4495
4432 5584
2650 7940
2717 4475
7914 1307
1489 3276
605 7661
1799 2901
2798 6644
6315 3149
3695 7920
6205 5052
4114 6308
4794 7255
2573 4906
3960 1038
5591 5867
3985 4836
969 4090
4616 8028
8381 6269
1898 5473
2419 15
2640 7882
4675 6711
4234 8253
7007 8137
104 3985
1155 3915
867 6226
5847 4716
4012 6555
7967 2759
6491 2523
7412 3166
112 2401
1866 6835
8416 3943
479 883
5529 4319
2471 1983
2492 4717
4759 7359
7518 2433
918 6937
5846 8001
3857 455
878 2696
3242 7624
1286 2146
633 1206
3331 5391
239 3766
7873 4654
5551 8186
7117 608
4933 7130
674 4647
5851 4322
7296 302
4733 1904
3693 1394
186 4220
1936 3405
505 7608
2390 3872
1039 1979
5406 5224
4157 3607
4529 176
6040 6180
1719 7412
599 6019
6835 6712
829 7631
6892 7447
8031 1683
3473 2448
1167 7879
4452 2120
7355 7610
3244 4631
5493 7906
842 3335
2193 4277
1432 3323
2994 3748
1963 3171
8449 7872
499 1225
58 5705
461 4173
4908 2004
1611 1960
3206 432
5322 6795
1178 5675
6451 3240
5341 1646
711 5274
3803 4549
5961 2922
2403 8410
1492 479
3835 4585
5962 2768
956 8015
5903 1925
7892 7894
3624 753
427 106
8159 6561
764 1260
887 3491
6013 2473
6954 2952
3375 6012
5661 1758
6565 7655
1310 1778
5070 7779
1171 1724
1944 5793
6745 1134
2224 4457
3454 5366
3673 1250
6031 3211
1527 5338
7242 8119
7008 5118
5036 1984
3911 1202
1476 8231
7552 863
976 3851
4756 7031
2365 2760
4042 8376
7018 6247
268 3060
1454 1299
3278 7965
3719 6533
2672 1817
952 6594
5918 8074
5610 924
1451 931
5065 2790
7074 3439
5136 2017
4047 4261
1311 1073
1519 6237
3123 2435
2642 2706
4297 6570
110 7900
4693 6749
4619 2436
5145 4199
6329 7368
6580 8438
1731 6386
4003 3273
330 1178
5565 7843
7062 4820
2930 8419
2503 4321
6069 1626
2375 2853
7467 3960
1552 7594
5164 1705
3133 6349
1529 7415
7320 7120
5067 2443
6600 6608
2725 2072
3344 5707
6334 3292
7601 7476
7954 4140
1333 943
8355 6585
3151 6978
4404 6030
3368 1559
4144 8406
2710 1810
1805 3857
2215 814
1289 2032
4237 7870
6568 4119
7644 5615
3849 3789
4966 7328
5410 7612
3966 6253
2851 776
1087 4503
4968 7082
7066 6773
7403 5671
7450 5684
3360 1987
1942 7230
7525 8006
4235 6333
7834 4117
2216 4849
5678 8078
851 4330
3878 5827
2896 7477
5490 7143
6547 2455
6250 2409
4932 1017
6060 4200
8150 4077
903 7320
5586 7283
1806 1632
7767 8467
4978 0
2936 7404
1757 5991
5861 1213
4089 7499
4175 4033
3111 7666
4905 5079
8106 5084
2468 2724
1595 4177
5882 6997
8403 945
5008 1076
4603 3233
522 4552
6559 6138
5677 58
6674 8118
7405 6486
4637 6326
6052 6830
8162 443
4485 3937
1130 4745
4311 5736
2923 6330
7295 5786
3030 3644
4060 714
6341 1305
471 6227
5547 521
4293 5530
2614 2214
2 2434
2107 3855
4241 4206
1989 7256
3418 7928
1210 930
6643 8400
4996 7625
5290 5148
6266 2305
8080 3183
5804 5958
4115 2253
2035 6521
1655 4882
5178 7258
2690 4623
2628 1528
7984 723
4571 3796
3452 6223
1683 4925
6397 3908
5017 5901
5215 7587
1905 6737
2836 1488
3307 4691
5273 4978
1452 6871
7046 5875
857 955
2114 8190
6729 3519
5563 4492
2774 4470
4906 5094
7615 3113
4399 8214
8287 2559
5917 516
751 2429
6447 6893
5822 5456
7600 5618
5484 6536
1949 524
1560 3278
529 1708
7359 4000
7560 2613
4435 3615
7126 1996
315 6280
7606 1430
1384 7017
4682 4384
5606 6573
4246 3541
3489 1016
4702 7963
5489 5198
8050 1236
8091 5937
6090 8232
7629 6264
6648 1218
6992 5915
6606 5798
1622 6355
8046 60
2212 7016
2318 2841
6270 5475
4232 2919
8431 2916
7368 6547
7570 423
7195 2679
7148 4871
3978 6781
1974 3819
8151 1712
5980 2477
5485 371
1923 3318
6731 5830
5838 1123
1511 2632
5750 658
7308 7846
3972 6033
949 4453
433 252
1091 7429
1453 2457
8206 4380
2511 8240
283 8465
4867 6559
7557 5737
689 6423
5523 6717
2117 6578
7508 1107
4646 8273
3429 178
7523 1965
3748 2394
4229 1625
2939 654
7024 4202
1398 7268
934 5147
6499 8452
322 5928
489 7629
3343 4342
7326 2089
4625 6870
1563 507
2275 6727
4726 4740
696 6867
5433 2169
6089 835
7736 515
22 3006
776 165
470 6417
3474 177
2868 2431
943 298
3575 2688
3008 7984
375 6921
6383 3924
3173 5049
2303 6825
4199 6508
4536 698
3087 665
4952 3846
4172 5476
752 768
4659 3773
5066 4985
2618 7087
7739 4021
7151 1507
8242 3049
7244 4687
4298 2209
3875 1874
7170 7915
6375 1701
7799 2130
2938 1377
3218 961
1994 5976
4979 266
5656 7483
1061 1994
7101 8259
1610 1946
3578 2024
5690 3912
2377 3606
7983 5349
7155 5006
5072 7853
6871 6640
6085 3389
6884 8494
8123 8000
6007 2447
305 2799
4566 6421
4891 6666
1143 5304
8398 3779
6314 22
7234 2094
1934 3547
7504 6201
4385 1713
1955 3720
6063 3079
1045 8018
3388 7819
6641 3238
5731 5896
506 801
1928 6122
4719 5354
7352 937
4396 3320
5398 5923
4458 2149
983 8146
6330 52
7565 610
898 220
4809 5044
5785 2728
5974 5058
1541 3458
2451 1037
1514 6193
205 5074
161 29
1137 8166
5975 4272
1626 2021
319 1814
6980 8331
6229 4087
797 2390
7743 2666
946 2791
5010 7376
407 4577
4160 379
1362 5310
7070 5024
7329 4809
4201 2453
105 2843
1426 3289
5400 164
1909 8130
4621 1573
10 3102
1073 2662
8081 6999
948 2999
3403 6823
8263 6826
7825 6297
7943 8081
1346 5285
4680 7094
7466 1026
5386 6815
5170 7866
4362 398
8285 77
1962 8370
5635 3065
1468 1395
8164 5825
8232 3899
1522 6852
1501 5966
7545 3033
6269 6364
1988 1539
6646 8138
209 3599
4986 2107
6573 2975
6116 5964
1628 7931
6962 6869
3394 1482
1585 6593
6675 7450
5096 7788
3756 6792
4790 7949
133 7197
5553 3593
1734 2446
3940 8318
7778 4546
5725 4369
171 404
8444 2224
5198 6530
2205 1541
8056 7176
2981 2482
5028 1521
5208 3486
1586 6905
469 8162
6482 8072
2106 3254
3406 1295
4400 6841
5942 2265
7693 7753
6563 904
4589 38
2148 2387
6964 538
8277 108
106 4297
4004 8334
7111 8086
1897 4669
7143 5550
1983 5511
921 3577
7936 8033
7187 6256
1587 5948
6272 1560
5093 4135
5761 5439
1958 5681
7285 2036
817 5650
3525 5791
1437 2744
3885 727
5403 692
3826 4622
1078 6106
5821 5110
1109 6844
5674 4909
2395 1232
3800 498
716 329
2151 2605
897 8319
7883 778
156 3361
4605 5674
4074 5016
7603 6655
7311 5409
8370 7286
1664 4003
2495 5792
4405 6047
1160 1534
6906 919
815 385
990 1337
7824 1637
2678 3333
856 1809
2962 7034
6866 3404
2032 2295
3618 7711
6227 4271
4049 2376
6518 5719
6915 8170
1759 5950
2274 8284
2861 536
408 4592
765 5019
397 2111
5504 2594
1647 1292
7861 2617
4740 2819
5287 7337
6047 7557
1278 8451
1772 6439
2673 8105
7474 1009
2181 1945
2776 926
6829 3517
816 4798
913 5356
6400 1007
141 4645
1358 3689
200 984
7512 4264
7673 8290
4664 8369
7489 6183
2508 1557
2416 2544
6899 7991
3689 5134
4112 3284
2753 7075
2460 1006
7035 6731
5908 8362
5616 7732
4958 2794
1364 7810
4830 7029
2214 4187
6765 248
5242 580
2198 8220
3105 6504
8012 6258
5744 4209
7434 3155
4911 5170
1768 3933
6971 2250
3937 3411
6465 4742
6143 6591
1229 5711
7760 6453
1600 1413
3613 563
1092 4052
2030 1755
4607 5610
4215 5724
5854 4522
3543 8430
4377 4953
5188 1707
5976 7228
3932 7515
6127 8238
207 2003
386 4279
4568 2148
2069 6259
3518 8096
8306 2070
8268 2018
8210 3291
7080 4406
2706 6018
6730 2176
1151 5185
719 47
692 3715
6612 7259
6585 2138
4492 8309
3521 2048
3772 6429
1579 2898
2099 4996
3203 2033
4456 4431
1123 5448
7849 7435
8217 6216
2125 1633
4611 6376
6936 163
56 7815
2111 1959
769 859
1485 5296
7335 6061
3102 4797
3480 3461
3776 4167
4430 4308
5579 3700
3009 1867
601 4637
1462 4747
1907 6641
3283 4047
5129 6234
2911 5519
523 2732
1022 207
3222 1513
7390 137
3196 3731
4249 7125
216 3341
8275 6895
8223 2205
5098 1387
2062 845
1774 4576
7885 2667
1691 6320
4806 1297
5763 1892
5260 1319
5587 1244
3752 7527
8308 6372
77 4084
5038 5294
1685 7834
6902 5271
4710 7916
7094 3710
2104 3612
4271 323
5577 5068
8258 7362
819 226
4423 1042
7854 35
2398 1678
4575 7757
1076 3082
3650 3685
1578 847
1959 1171
2773 326
119 6152
7772 3772
3770 1730
4836 8280
8454 4375
6931 5988
5828 2548
80 5458
5472 3083
2707 6634
2908 6088
6154 5480
4620 2162
4218 4060
7855 777
6291 3537
5416 6461
7307 1580
780 1407
3588 2610
2785 3346
3992 1316
6811 2909
1646 4808
4085 7148
1411 3954
1082 3272
3387 1217
5058 514
4984 4911
2376 7100
4145 5201
3699 4018
2316 5722
3742 7419
6206 2357
6498 2539
5453 7913
4901 2997
5525 1131
1256 4244
5474 5860
5077 6408
5448 1691
8405 8097
6935 6165
6082 900
2031 5018
5545 4230
8492 4041
5872 1094
5163 6025
6799 6121
1860 2633
4299 2493
483 3230
3967 3808
1126 7922
5088 3838
4681 5775
2766 4832
1524 6551
6221 1657
5502 2015
66 7542
2225 4058
3478 6345
4862 1388
2350 1331
8058 4267
7268 1859
6068 1066
5244 1442
891 2812
6825 2747
3162 3132
1238 1940
4284 5853
197 6681
5483 6210
352 1318
5886 6763
5449 4751
5022 7238
7461 145
7763 6587
1357 2092
2907 1102
7823 1882
4190 2960
3320 24
6589 7783
3881 6777
805 5537
2436 5834
6652 522
3479 967
7422 5605
1422 5088
2658 6726
2734 4519
7477 6739
2470 6722
5791 4338
1714 3752
877 3918
3174 3835
5775 7
4835 3803
5160 2578
1941 6332
5091 7039
4081 3840
2213 3117
5298 7706
615 6321
3205 726
853 8440
3646 8496
7025 1993
5696 7861
5864 7482
7744 1062
5305 1115
630 7925
4670 7114
3662 7596
6746 6184
3171 5494
442 8144
2095 7150
8111 988
5649 7997
5667 6542
3839 6154
6912 6814
4465 5430
2464 3471
7261 2423
2843 964
5766 3168
5990 8027
5304 307
1184 6678
4038 1183
2170 1101
3893 7547
3061 6465
5672 4752
5991 630
2571 7531
678 3553
2206 843
6425 6069
7027 7885
6019 7173
3038 4469
4266 5617
7889 6350
4076 2410
5389 6194
7402 4280
728 3781
1852 7041
6444 5626
5818 6656
2827 1812
6661 7010
4506 7847
685 1961
2082 5092
2632 277
7604 5817
6392 1070
1066 2716
1455 2388
127 7962
1096 6618
6309 5107
5664 8134
294 8142
4394 3650
7717 2519
108 4161
1520 1469
72 8417
40 8300
1584 2708
3091 8307
514 1168
6910 1148
413 7955
3302 3394
3435 2333
3389 3446
4522 61
1028 242
5095 5100
7039 6876
2039 1280
1299 8286
8408 2159
790 4473
4204 6759
4222 7336
1169 2956
3028 7377
2358 7218
750 1163
3709 2438
4538 6562
2722 7046
5056 3349
2481 3351
7999 2304
3472 7701
3652 68
265 5065
1098 2566
3766 5629
5326 7085
2271 8382
7356 1314
3395 8301
3924 3066
804 6215
7533 6270
7263 2197
953 7574
8400 4657
5902 1796
2951 7219
7432 1164
7235 687
2423 3452
1140 6558
5869 5568
4474 281
1433 7431
81 4109
5003 2577
1368 5372
820 3091
652 2327
3243 7473
843 8450
1975 5862
391 6097
1663 3589
8061 2584
4304 9
7662 5377
3124 5428
6048 1415
593 421
4861 6310
5642 2486
3352 3039
6496 1350
5596 3794
7248 4969
904 6994
3231 5418
5971 7397
5901 8150
3180 6663
5641 4255
3390 4737
6111 901
7207 6360
823 4738
6377 2551
2554 1966
6259 7678
5217 8085
4202 3243
4795 585
2627 2
2473 7113
5954 4674
1372 6176
6432 4278
848 5157
254 327
4169 6643
6680 5405
2995 3059
3455 7938
8028 1061
3280 70
6790 5315
2928 7217
3858 8110
5552 8389
8330 4990
8411 6941
7664 851
4999 3984
203 3386
688 5369
7016 5953
8037 1036
2378 7570
5816 4340
2535 3383
7162 1045
4219 6131
5929 5218
3508 2583
1281 6755
6726 7249
6806 6933
4860 3538
6782 7778
5030 2490
4609 1710
8249 3071
5543 4026
342 139
6998 1154
8236 6770
7719 4908
3884 3402
165 1664
6036 2339
7554 2041
3561 1229
4336 1128
3129 2230
6344 6577
7770 1999
4015 4932
6195 6557
5279 5918
6817 5140
2137 5646
7361 7579
3604 4860
7562 4958
1202 5989
7759 3108
7895 2187
2361 7833
1114 33
3691 6667
349 6568
79 3475
5230 6843
3990 4323
4030 873
4471 4363
2543 4629
440 3301
530 598
7516 7267
5817 7141
2132 1458
1465 5321
7373 7441
5119 1411
6322 1359
5724 5097
5387 6609
5765 4078
766 7294
7055 3300
6226 3100
464 5055
320 8104
4110 3165
3017 6190
2359 5498
4372 5060
6332 4532
5057 7438
7341 770
2397 3247
8307 2116
2864 1328
263 2926
1914 6688
4845 8183
7740 67
6156 3862
6185 278
806 6127
3056 746
1534 3688
6372 947
1995 1978
3785 2804
5221 6351
4698 6959
4904 1079
224 6299
2898 520
3505 732
6930 2491
50 591
4513 5367
1189 3673
6191 5842
7643 8320
2606 1873
8254 2384
1436 204
2902 4682
6728 2383
147 3483
3325 3654
8260 2125
6140 5320
5749 3989
7852 3518
8173 6111
5048 7644
152 6592
8096 6327
6602 1567
6441 3007
516 7183
5720 3631
2020 7704
7168 1607
4518 5716
484 3246
495 3027
5951 2076
2723 1001
1316 1838
4815 2422
6890 2784
5960 532
3275 5855
704 1289
8176 6114
7827 2321
2112 1157
5810 6262
7283 5893
3944 3926
1830 1075
416 7821
2985 458
993 3854
2997 7611
5456 7402
5602 7622
5228 2912
3079 2547
998 3603
6968 7472
586 2564
7419 6186
4762 4292
5759 5067
4067 5750
3811 5288
1059 1278
6159 934
3599 6473
5225 7643
1645 7449
1255 4197
4709 6673
1313 5745
2153 2292
1971 2326
12 2530
5795 7582
604 2044
8459 13
4217 4683
3049 8372
4580 1089
3981 2213
1182 2719
8311 4038
4686 293
5534 5512
1194 1797
1704 6185
5488 5255
3830 3858
6751 7902
2288 5744
7367 1981
3804 6331
387 5651
4340 6411
7729 2592
1662 6381
624 1332
5087 2907
6197 7002
2382 623
4105 1130
4128 3489
1549 8261
915 1530
841 415
7623 2756
5721 8312
4070 8266
7357 5154
3802 850
2807 3097
5584 7467
5608 2082
5994 1398
6248 5449
91 7407
7157 1782
1014 5007
2162 4210
5042 3662
2142 1418
4417 7642
7022 3876
2394 2938
6796 3193
7182 5151
1232 5672
4551 2238
7696 8106
7323 6648
281 4954
1466 4870
3890 7344
1146 5571
8309 8411
824 7996
3409 6998
4530 7503
1992 6538
7691 2467
6841 7528
4088 2075
7634 2168
7200 3853
546 8361
5009 3048
7641 3009
372 3234
7631 2286
7176 3633
6109 272
3678 6254
8115 6901
4884 3245
338 5347
4239 4411
1089 6318
5468 3586
3135 3118
3461 8423
4730 181
5583 3635
2691 7595
2625 652
4120 818
3566 2464
7026 3330
1174 2692
3738 8453
5209 1636
7513 6952
8318 1964
5856 874
7671 6447
7645 7822
396 4481
2787 3816
2822 3202
3829 2152
1048 8036
4874 573
3916 4638
5681 1013
4630 1254
4445 5188
1535 6363
5654 3085
3620 7444
875 5389
5124 1344
8036 3827
8483 2604
7348 4602
4833 4627
2110 3415
600 3725
2942 4008
6893 1335
2327 6497
274 5800
1593 8353
1912 6367
5627 2586
1940 5406
6743 2468
6853 4334
2647 5599
181 642
1273 822
768 3776
2168 1526
2590 4704
720 2699
3216 7423
153 4874
5343 6664
8233 972
1564 6285
4760 1525
5440 129
5758 3832
4408 973
3701 5607
7173 4315
1854 4123
1844 1262
3871 5161
3204 8297
2584 6294
4667 319
3199 6752
5476 8246
3285 1472
7726 1481
5884 8044
7979 36
614 1321
6302 2194
3319 6301
635 6160
4532 2805
2630 1937
5745 4155
5571 3167
1871 2976
5972 2950
1121 3867
5133 7321
3812 1620
4026 5472
2370 1117
117 2014
6409 3153
2284 3642
3015 871
4498 4466
7642 7802
7458 3371
4576 7203
5359 258
5703 7892
4546 5906
111 2093
6293 5633
4102 5282
6891 6969
6459 5116
8072 1412
2860 4574
8182 6048
1207 5889
5639 1190
411 2065
3167 1825
8380 4998
6418 3945
2825 5082
4378 4400
5149 7550
4598 4787
7476 1237
6837 3882
4491 1266
1570 4014
8069 6690
4988 7115
7633 7578
3495 2515
975 5344
2783 2684
2363 3307
6628 356
5850 1586
1967 612
1132 210
1547 342
1826 3896
6285 3558
3404 7683
4344 343
870 8136
3579 4289
3704 2949
3189 3296
2231 6818
2264 4217
8138 8278
7656 5004
2520 4116
3919 6665
7842 6466
6371 7989
7321 3691
1709 2122
2603 369
2250 1675
8384 1031
573 3217
8499 7552
146 6957
2634 4609
7681 451
3540 1577
4165 831
4810 5603
1616 951
6306 5725
6184 1650
6655 8485
8048 6964
5735 4341
4079 4430
54 1030
1545 2876
7204 1230
7259 1449
6881 2359
1356 8208
4764 2915
7470 8188
8316 7181
4521 2121
1580 7189
57 156
1939 215
2616 3923
1821 1144
6959 5237
7252 437
922 8381
5024 3406
6473 4085
5153 1828
1425 5689
5218 3669
1770 6619
1706 7495
8107 7107
3338 3729
2362 138
4467 6918
4427 4790
7464 8457
280 7457
812 7530
2732 6024
1607 3432
7388 2730
2094 7869
1716 6449
2979 5011
3138 1443
2282 2888
6741 4449
6126 8121
7245 3756
4640 5634
2435 989
4250 780
2490 5866
381 4494
260 5876
703 7828
3451 1791
5503 7953
5575 2117
7897 2798
4649 3667
1812 1125
5742 1467
5283 3312
7446 905
589 2714
4635 6501
4051 4274
8388 5414
753 1402
8229 347
8245 4563
5392 3480
1317 4361
7911 75
2888 110
3032 2543
7875 4678
2292 7231
3296 5883
5509 6920
6509 3755
7001 2199
1335 2758
3529 923
6703 5668
7293 3220
3775 8199
3733 8357
3923 2008
892 6272
6673 1953
7147 6919
2826 7761
6280 1112
158 1592
7000 7562
7079 4801
6876 8109
7860 620
1011 6129
7113 6218
1841 6278
4875 2249
210 4676
4314 6760
5429 4283
2415 2769
5507 5137
2692 3050
830 5616
2295 4827
1651 3591
6979 4019
1688 5424
5155 5931
5473 1696
5446 4931
626 2392
482 1072
1446 826
8235 6513
4132 596
3793 8002
6786 1757
6490 8175
8180 4381
2599 1060
7099 168
2655 4212
8342 7319
7758 6075
1467 7712
746 218
444 5363
2553 3035
2455 3602
1394 4396
6497 7796
2649 3848
1149 5495
7376 2459
1817 4233
2088 463
5862 3047
4475 2814
2744 5233
1997 6597
219 263
3185 5262
2265 1603
5820 4893
5844 3550
2953 1905
2046 3532
6385 6470
6128 866
6369 8059
7572 283
5346 1728
1320 4327
1740 4702
4449 5455
4181 4095
8039 2704
6445 4837
6450 4502
7920 2157
1980 1887
2283 7805
5254 2672
2924 3256
2681 3087
3363 3723
700 4694
5966 2656
3054 4176
7974 3263
3931 4488
1769 4510
5206 4403
5236 4121
1047 5790
3155 5076
432 7187
5051 7264
5624 2992
6176 7660
1556 5337
1929 1374
4361 5868
4527 3380
6403 4157
2666 4175
360 2637
5768 678
467 4474
3071 3129
390 6780
1554 5993
2140 5566
4041 1590
2745 4383
3426 5225
5388 3728
5866 1090
4479 233
4706 6693
1747 2420
1984 786
4653 1856
5517 3646
3415 4467
3682 694
2501 1104
3424 5440
7033 5028
8128 7436
6327 1497
7658 6373
7918 3321
6124 5612
5367 2335
8286 708
4878 2303
2338 2818
7096 7345
7750 7713
3467 7850
3099 4214
6027 7080
2139 171
6718 4722
6323 6442
6965 838
3889 3037
7702 4152
7986 8025
7866 666
4723 4171
7962 2788
5231 173
7800 4477
4285 5351
4176 5863
4259 813
8032 6967
3504 7674
2235 3623
2033 5852
6623 3690
8066 1903
1365 3121
7637 7839
8156 4521
2317 4643
4376 6379
1000 1775
7077 441
6461 8204
7404 1662
2885 4564
4880 2522
134 7214
5193 7773
4642 3123
7014 8070
7900 4840
7216 113
6700 2348
6561 4094
7292 195
8203 262
1417 8024
572 1929
5894 1610
4261 6369
28 2512
4541 8236
5156 6267
8396 6766
5716 2930
7859 5569
7756 547
6149 212
5928 6282
4438 2211
7887 7387
2925 7568
4017 2774
5469 4601
1435 4628
5781 2350
124 5619
492 5733
6312 6132
965 3888
6282 7914
1483 7618
1134 2906
5618 7968
2641 3824
6845 7807
7731 6746
5351 6239
6114 7385
5570 7534
2211 1641
2844 5821
4424 2761
7621 2963
1019 7257
5274 1371
3033 126
6387 1194
8413 8221
177 3581
2921 159
1776 2504
3925 7580
8135 1830
26 3946
293 3666
4095 6265
4944 7827
5848 6013
950 1427
5546 6584
4094 2844
4046 1248
89 1900
6097 3342
3615 1975
3700 3348
1350 7247
3559 5033
2954 5582
1399 986
4701 5682
4319 3721
2054 7726
2285 2143
1842 5864
7680 2627
3977 7541
872 2374
374 882
2781 3904
5378 1027
1843 7857
3369 5986
3122 5035
3321 4829
4910 8473
8479 5163
2694 3845
4707 4444
2149 2314
5192 3028
4951 3707
7358 8222
5805 4940
6719 7278
3131 2242
3573 1187
7339 101
858 2526
271 1568
619 7315
6147 3643
6452 3795
2448 7110
4440 4168
3616 2939
1370 5742
8383 5539
6347 6478
4695 3150
4586 1290
7454 4454
4552 4965
2440 5721
5890 5250
6619 686
3075 4012
6564 717
4365 6796
5967 8427
3553 1931
2340 5563
1916 7927
5219 6172
5877 7791
6290 6406
2541 469
1981 4595
3563 8064
6405 4386
874 7308
4466 3567
1166 2655
4124 8194
1566 1405
4758 2114
7547 703
204 287
3606 6074
2192 2864
8266 402
3181 2393
6416 1470
1309 4288
3626 6834
6822 162
4934 2241
3975 4070
2024 8276
8372 4934
629 3543
7884 635
5600 367
3089 6956
5107 399
8490 7952
7669 5010
3727 7954
5025 4804
6800 6136
2249 1751
2178 4553
8305 2865
4066 6906
4170 3565
6484 247
6724 4046
1777 400
7538 4440
4876 8418
667 3522
4655 4097
4870 2765
7363 3735
6686 6241
2433 3986
6252 80
3147 8038
8495 1500
2913 107
7544 6489
326 8229
7752 7883
7894 6910
8471 4568
6056 2924
2146 4448
4141 1529
3781 963
5925 3054
4306 1179
8006 1538
2430 2437
2228 219
2329 8287
3680 25
7796 8235
8212 394
6530 2189
1051 7333
3382 7047
6034 3750
775 4276
3583 7065
6055 3031
7391 5398
584 5261
351 1450
130 2404
5737 5145
2366 2964
5216 7636
1314 3382
0 894
745 6807
1461 8129
3439 5533
3755 5816
1106 2462
235 7672
3519 3861
8406 4621
1614 6471
3507 213
4099 6979
2871 5402
151 5226
7463 5216
266 7233
4528 6290
3537 619
8376 5715
1389 3119
6337 6004
3493 376
4548 1390
4393 5040
5852 995
7351 1890
2629 5387
6172 4783
2017 1347
4461 4569
1282 5133
7813 7405
6989 511
4164 6674
2011 2599
834 6772
4507 7013
5289 2416
5604 6926
4771 5438
6512 4705
3187 4248
2986 1949
175 5652
4612 6459
3569 8210
3045 1629
7724 1956
3374 435
4209 1354
7478 4708
7423 50
6622 3281
8282 7346
4413 1034
4674 8225
262 112
2598 4353
6510 6589
7919 4822
4827 7590
6208 4733
286 6312
6238 7840
6679 2140
7934 711
6522 4053
6110 14
2063 4232
6287 693
8240 4483
7579 1606
3596 5481
7903 7032
2195 5407
5790 6492
6024 1823
8473 5534
3863 862
957 2740
7073 5114
871 7586
6638 5679
2708 7658
3974 7066
447 5276
7649 6011
563 1736
3085 6156
846 5513
3093 1382
4295 5280
4561 7168
6398 2064
3025 5911
5755 7801
334 6741
8169 4896
430 4387
1153 2243
4262 46
3238 4824
4767 6856
7206 351
5004 306
2489 5727
4744 8029
5335 7169
7169 6582
2594 6827
3731 8420
6681 1432
4063 5558
7808 4845
2294 512
3711 3354
5478 2109
2128 1765
2525 5335
3160 186
8300 7721
5235 5884
5375 53
1349 5978
8315 4842
1266 490
2685 2284
3823 2913
6104 5985
7289 864
275 6249
2016 2263
8077 3549
7382 4405
7521 2011
7150 7881
2413 4056
5381 2874
4596 546
4180 7020
1024 6032
2931 3931
7916 7279
284 7072
5798 3322
2115 5266
2342 1731
4955 1558
2171 3098
3549 5277
1808 2813
2324 7145
6668 6623
6869 4617
5603 8171
6824 2621
2422 1372
1108 1747
4766 3579
2743 290
6537 4378
4895 7988
25 4441
7695 5926
5740 8256
7082 3647
8264 4295
3637 4650
4482 6273
4514 7453
2268 5938
1858 911
290 285
5439 761
1581 1954
4768 7000
4279 4828
2196 6874
4489 6472
4207 970
5964 2796
4375 409
4305 2611
2328 942
7083 7626
3041 3055
1849 5064
6106 56
291 383
307 545
4917 2013
8344 1565
6654 439
8194 7823
5086 2861
3195 8355
90 7576
1275 5360
5447 4520
21 8132
4037 1447
1168 5924
4490 4262
6794 7191
29 7893
3001 2353
5407 1167
7929 353
3638 7787
4150 289
6789 98
6775 7628
6458 7785
4292 3232
8094 2575
1438 4699
5092 5451
1421 2336
1139 6426
713 7856
2829 1618
2800 6872
2693 4565
5858 5728
7992 5195
4632 4584
2601 4100
7266 395
4260 849
4054 422
4728 3124
1919 6244
2418 4482
2522 5632
7397 2675
1681 2920
2296 4190
7437 1484
1765 6816
5053 4451
1752 3081
2056 1748
6950 1238
2899 5706
7495 588
7468 280
7867 4422
5984 8412
5671 7454
714 1386
3576 5131
7475 3801
579 2118
3018 6868
2609 982
7670 2439
2049 6769
144 2642
8404 8495
664 4333
6792 4298
5299 7348
8288 4184
4018 6980
5441 8180
7280 4604
1619 2201
1762 7127
5318 2440
7971 1647
3359 6177
1640 5328
657 5443
8136 1419
7588 7811
854 1719
339 3293
3905 6553
8113 5143
8202 4178
521 4770
6948 4113
3346 2615
6519 300
7429 6974
7573 5686
1196 7301
1004 5590
6865 6764
3929 4697
7179 6774
5085 6113
7121 3367
1366 4005
653 627
6478 659
1284 4374
2574 1690
4636 1271
312 7140
5293 7909
5830 3837
4663 7428
8484 8337
5715 5096
255 6784
5739 2921
7319 5091
4335 4719
2261 3744
2421 8314
2966 508
8467 2476
1006 2307
1058 57
6850 1896
4957 884
3898 368
7697 8062
6012 3145
8142 5810
3659 4166
4300 887
3067 7185
5138 6347
5793 484
961 6399
3385 5041
485 2323
357 3242
2975 3709
452 3416
2886 2717
4206 769
6557 4358
7090 4603
1055 6806
87 3061
4524 946
4770 8061
3798 8123
8043 1409
6098 5128
344 841
4263 5437
169 4429
2185 4918
6609 978
4289 495
6121 5829
2654 3444
5419 282
7213 1799
1315 1512
7782 3177
8486 4675
7594 1243
2463 8367
6033 4656
1904 5913
844 7090
6757 7250
5465 2272
761 8035
8359 1170
7160 2483
1217 3788
7607 5528
1005 6981
5340 6271
6146 857
2262 8421
5348 6803
5833 4189
6572 6659
7037 7824
2877 5604
5080 6596
4935 5444
329 1628
3995 3441
2816 1118
2026 8157
2121 6723
2545 1019
3007 405
1504 785
7776 2994
960 3072
717 6743
1590 5470
4073 1077
5467 5417
6787 3805
814 4559
3288 996
4147 1608
5011 7274
2873 3442
5443 2715
1209 1524
1641 5865
7524 7889
706 6610
4704 8017
2974 3993
6827 5859
6448 2624
1708 8016
8158 7070
2432 5290
5182 5525
4392 461
7087 8478
1159 4505
7282 4412
2526 2371
2533 3897
7837 3280
3073 1706
7805 6684
3304 6549
4520 830
1831 4861
4294 3503
6401 5669
2346 7121
5955 559
3083 2896
4382 7471
5352 2626
118 5330
6540 2687
5946 7009
5527 5357
1970 7174
317 4493
4497 7577
1935 7229
359 4011
7383 3443
1097 6986
3641 4216
6249 1806
7098 7236
1222 7640
5220 4016
6684 8073
15 5952
7455 6968
8238 506
5427 2830
3945 1921
2957 7455
6672 8469
2751 5752
5891 1396
6525 6494
7948 7592
3401 450
1700 5408
7694 2150
4570 8063
436 5933
4942 1284
2728 4347
4245 6314
2815 72
4005 6694
1961 2793
3503 1397
259 4590
1138 3407
7231 5173
2209 5837
6477 633
6576 7756
7333 6651
3081 6038
8226 4382
7870 3967
1807 655
7072 3506
7488 544
4320 8245
53 5587
5068 2270
5930 5670
7527 474
4994 3910
5370 6838
4593 6595
3157 8269
5481 3905
2266 638
8146 5160
8063 6
1727 2511
5234 751
39 1915
5702 8034
4731 118
4886 5020
245 3767
2373 6783
4761 5947
2949 3733
3632 1276
2438 476
1391 8436
4450 1113
6328 7728
1069 7905
1561 8383
822 2587
1434 752
5224 7209
6846 7367
2697 5510
8368 5089
6178 701
2502 4036
646 1114
3396 1923
1659 4693
6671 2923
1652 6062
608 7782
1029 7741
1870 1293
8325 3535
6220 1231
7946 3761
4397 5244
1783 7921
3299 2603
7370 4945
1862 7488
6255 4734
1274 7335
6933 1697
406 3892
6802 5460
1840 8117
2897 2676
4851 579
3485 5965
5174 3823
5874 3972
3879 1883
1342 8399
3514 6303
4963 7607
6993 6443
2066 5209
7172 7679
4982 2347
5853 4910
6351 3244
243 5251
2965 971
5539 2370
3164 5840
3517 7118
1021 4811
2564 7396
979 5503
1868 1745
7393 2828
6468 3319
2459 6961
4109 7851
379 2285
5665 4203
241 5459
3926 1175
4971 6701
1077 7970
1598 6288
7559 7864
1179 7370
6294 1111
8401 3870
178 4703
18 12
4535 2973
8170 2739
8339 6344
6474 5979
2683 5718
4327 1671
8092 2239
6433 7880
1743 7696
7977 1367
6428 1437
5444 7837
3308 2366
1895 2022
5983 1136
3337 2689
2621 7406
2841 2377
1993 1783
8054 5023
2404 8193
4117 3080
3722 2533
8374 5172
1910 6500
1490 3002
7841 2236
3958 2421
1190 8375
1855 7388
1497 7338
3214 3024
1699 3970
7575 606
1702 6575
7401 352
7277 6284
194 6932
524 3479
2004 3533
3630 927
217 4854
3371 5241
6230 7600
1890 1677
3771 3976
4328 6008
1631 1255
7509 1422
1761 206
1378 3514
7582 1545
4248 2691
4511 6354
1325 337
7568 4075
6350 6633
970 7327
7728 4975
6151 4304
1042 6851
3003 4413
641 891
6148 3891
3036 7868
3201 6965
6927 3076
6407 1156
7279 387
543 6091
5371 5341
5569 221
3347 4600
2703 2881
2546 1287
1509 1576
2408 2933
6571 5951
1886 1277
1037 2588
4122 1429
7720 4433
986 8258
3136 5322
5801 7182
1882 4907
3592 2558
201 6907
1080 491
5706 5515
7709 1315
5499 6456
213 2590
6596 3110
5016 7858
1969 7664
2097 465
4412 2840
6921 2316
3247 6108
555 5333
5337 2234
94 3974
6094 1670
2514 8241
6260 8056
4739 4345
6836 6606
796 5967
6706 5892
2817 340
1208 2650
5640 8392
267 6292
3024 1499
3444 7088
1035 7251
473 5008
3141 7427
3202 1173
4786 2254
5554 6865
5071 2712
4310 1578
8114 7744
8379 6378
7452 2102
4554 4350
4224 2039
3705 2023
52 3807
38 7509
4694 4781
2308 8488
2818 7466
1730 6450
4083 3880
355 4711
7529 8323
4316 3542
4369 2498
1845 526
453 647
5275 5461
8035 689
4555 1711
6123 5631
4604 8224
8489 539
3309 6855
2547 4869
3665 5508
1512 4841
5526 8254
8478 7510
184 1553
5609 7360
5933 3011
5495 2345
5262 4830
8025 1787
3816 783
1957 8385
1359 5758
7968 6405
2892 6738
3867 1106
7650 7204
3330 1547
8397 7770
439 3204
6631 3288
5078 1722
5705 3625
1771 6756
5823 3096
1393 754
1932 7572
3483 7789
257 3573
708 8339
3991 3608
7898 3438
7318 3757
885 6235
457 2535
6133 6740
3293 5701
5613 1025
5383 3315
3457 8021
8493 5238
7490 990
7804 5870
3436 3992
3441 1406
8105 1863
7199 5570
6300 5698
4716 8090
6667 8487
3984 2850
1279 5818
7991 4091
5082 1058
5783 5972
6130 5770
5264 4991
3068 823
1036 6444
1803 6151
826 4489
1361 418
2194 436
7818 3277
1827 3336
4692 6020
4410 668
4631 523
5256 7994
2853 7167
6813 3013
6858 5611
1085 2181
4662 6390
7638 1192
968 7196
7593 7958
1879 1584
5760 6358
1986 3115
6809 505
8475 4706
3156 4196
7236 3329
3378 699
1272 6293
2768 1756
6929 2061
3548 6044
6320 6073
7264 4659
1722 2425
4502 4634
1658 578
2105 5974
4898 5388
5344 3964
4420 5753
138 2160
3107 3026
7746 76
8371 2555
6904 1666
6697 2856
2009 6911
8021 4228
6981 7573
550 2900
507 8471
2068 3175
5212 3466
7774 7946
7366 5975
2689 4388
2770 5573
5358 8228
7912 8133
3226 1831
1987 3042
5376 1834
6442 2400
2286 7352
491 6603
5132 1682
2023 7632
3224 5695
3039 5368
4847 1780
6553 1934
1133 6507
3034 6808
5780 2451
4848 1917
5614 3927
5321 861
8059 7544
5045 4143
6299 1644
4270 749
3501 79
7425 2670
1049 3216
941 5872
6562 1124
462 1916
6645 5804
5412 241
1891 2344
8143 913
1218 5579
4333 8151
2242 1520
7688 6884
3163 1349
2982 8140
4734 8177
7703 1927
3433 7566
2450 6697
6545 1233
7620 1200
2238 3451
1464 3511
958 5248
4307 205
5055 8032
6722 2545
3997 1210
4331 5912
4666 5056
5384 747
6895 2806
2604 2255
424 5981
1213 1093
1608 5936
2219 810
8487 8313
3558 2244
3531 5450
4189 471
2548 5748
7050 5447
3636 4465
8262 8065
96 2974
723 2514
5666 4700
6804 4148
810 2019
8458 2178
1638 5648
6626 1188
7923 1744
2367 2954
3191 2474
6878 8409
1052 3956
8 5187
1192 8422
936 7581
3644 7585
4058 721
6693 325
5807 3817
6102 639
8108 656
7627 3317
2559 2006
4418 2084
7118 1881
5355 8014
2731 7634
1330 3955
1499 5879
7712 308
5385 6086
4560 7309
5921 3188
580 2444
5402 7964
6486 8202
7427 1219
4308 5506
4799 4456
5210 6902
8340 3264
7608 4727
7966 1805
1150 8244
2257 6359
4608 2908
6944 4485
176 3527
7580 897
6738 4401
6715 763
3589 485
394 4663
2120 2957
6356 6217
3840 8386
3799 328
7532 5874
3556 8260
7845 5739
493 3639
6395 2115
5989 8340
5684 4478
1003 1047
4508 5518
3464 2783
248 1552
757 6123
665 7496
8272 7887
739 7037
438 734
3106 4864
5430 349
5347 4718
7653 6812
5544 5298
3854 3364
423 7825
3848 4399
3289 6528
6204 7045
3729 2886
5880 4263
2572 1770
4071 3679
7705 4962
7915 8377
6830 4928
2204 3809
7994 3170
2253 2971
515 745
3657 5101
3053 378
1649 6574
3832 7006
2166 529
463 4048
2081 4156
3897 2007
3250 5861
4007 5627
8219 6192
4997 4594
3550 4760
3316 6212
4960 7149
7153 889
2950 5815
6084 6736
5261 3412
7817 8076
137 3630
9 3203
3267 90
5455 3981
606 5303
6919 6638
5786 2060
2343 1579
8118 3582
7105 4758
5708 566
1679 3780
2005 7028
1931 3388
6500 7442
3813 634
6920 3041
1605 2245
2401 5302
1448 333
4403 8391
6311 4762
6592 3641
1550 6560
3999 4009
3421 3693
1526 7497
1742 4057
6610 1056
6570 6283
3948 3267
1686 8466
1951 4817
591 1533
8283 4120
7453 2905
3855 4362
3602 3045
7947 322
2792 8007
4093 5014
3621 5847
7732 3738
2341 907
6543 2529
5617 1242
1720 3447
1674 6158
6691 879
6742 3099
2109 6204
6268 3676
681 827
3270 1326
6101 5885
1237 4040
8071 6704
6168 7917
1154 2897
7421 5635
5471 7935
3545 2334
6614 6324
974 1998
8248 6055
4503 3739
8033 3397
7625 7458
4868 7816
7590 7523
4118 7198
687 6842
3988 5897
6607 5152
2312 1384
4481 870
4123 7426
6548 2488
4881 5139
4143 2299
4200 3800
6042 5138
8127 7911
4712 6005
4149 1771
6035 4468
4962 2154
1675 4269
3265 3975
7226 6735
3744 7014
7678 7089
82 1256
167 8115
5144 2838
97 4525
5269 5306
64 8486
5756 1891
300 3995
3492 3265
721 7024
7208 2505
132 6255
1751 7023
7965 357
7281 5738
6529 631
3601 6515
2741 6805
5948 561
533 4346
4053 4580
929 7394
59 7635
2353 7126
1444 4326
617 6002
1533 1268
6319 1103
1824 2501
7349 1302
1250 1050
5404 3258
1118 5099
6408 1563
5475 457
1676 2797
1836 5623
4888 4169
4708 2531
1603 8395
2431 1702
645 7342
4564 5522
4705 6079
2952 8101
1791 2012
6410 4459
545 4567
358 7409
6749 51
1072 8174
8382 2198
7345 4432
3268 6939
6781 2827
6046 4032
5601 6863
6331 4545
5271 7027
7850 4336
2585 2683
7618 2825
4439 4076
1589 1033
1428 7235
7881 3771
3773 6590
3757 7746
7777 8311
1506 1877
3892 7074
4416 3949
1832 3356
7271 2948
3895 4294
448 3516
4738 6625
6900 3504
7093 1514
7597 5066
2446 7025
1326 2537
2823 3304
7006 4001
7134 3717
6298 5467
3964 4868
3989 8456
5166 4543
3810 5871
8009 6189
3720 7171
8462 3305
4615 6094
8350 4597
5415 1459
472 6890
3574 7695
7 796
5827 6126
7178 7188
2714 5713
7473 4231
8193 431
101 7119
1163 3925
7832 6362
4318 5129
4488 7692
5794 7003
3658 8149
2263 3562
431 817
883 2773
3192 6313
6658 7957
4324 3
1863 2562
4356 3440
8057 6552
3249 5585
2426 2664
1105 1704
8196 3792
3220 8215
6520 3259
2102 6174
888 7175
5536 6275
7110 7241
5295 384
7779 4880
1588 183
173 6181
7144 5309
5840 105
1546 4450
7689 7987
5811 8363
6625 2834
4517 2225
6551 624
2932 4144
2348 2373
7230 3251
456 5130
4092 8288
2893 4688
3004 4240
762 3159
2645 7859
7543 5496
2801 4180
6783 1624
233 893
4391 3980
6120 8265
690 4445
6261 1508
7840 6989
4354 267
5121 6708
221 3399
6874 5059
6947 787
7494 5858
5013 2337
6541 3916
7177 1485
2321 5197
3500 7303
3460 4640
3305 868
861 1698
7372 2412
6588 4524
5049 7934
642 4301
4146 6153
6336 3830
1260 2538
86 1829
2183 2349
3894 3864
5115 3815
863 6329
30 2403
7255 1051
2580 2970
6325 5030
346 6935
5548 3310
4776 5259
4457 7103
5334 7986
5860 6207
185 5730
2529 6029
5263 939
5787 6831
6897 4373
476 576
2493 6631
4689 8405
3351 7799
7501 3160
772 3181
811 4791
5530 5093
1254 7244
2445 5283
7686 2231
7536 4328
277 4099
7196 6493
5117 6455
1233 1709
832 81
7748 8292
228 7795
5932 834
5865 1510
3114 2663
7040 644
7747 6311
5506 3056
7730 2883
3833 6196
7654 7038
1424 1754
2454 3655
1431 6404
3717 7411
264 1680
34 4897
3557 8249
6173 6252
6752 7662
8304 664
2323 662
8201 8425
2478 2037
6723 6512
7822 7318
7528 1182
7362 480
8442 803
6265 7451
5592 7693
3938 2267
6454 2638
3780 5554
5074 8218
6115 2962
2550 5240
2838 1566
7935 6982
1618 8298
1355 3189
2345 7685
7558 6628
2064 4006
5391 7220
1602 1572
6273 6649
3795 1642
4242 2338
47 1338
8109 6319
587 6588
8363 4402
5413 155
7130 1091
2750 1939
4584 4435
5647 684
1819 270
831 1146
3664 6161
6316 136
5029 7111
1304 6645
6624 571
5291 1322
694 6157
4135 5047
1034 1306
6888 179
6555 6263
7443 3418
6150 4010
4032 4068
7218 5844
4342 7161
1872 2891
773 6286
4823 2903
7377 5117
270 5410
7251 5780
5464 4300
4834 1601
4243 2978
2946 8342
6223 3881
8373 4763
4921 3536
4368 8052
2702 6394
6175 6077
6611 6052
4550 5491
2092 2685
4923 2047
3539 6134
1797 7263
8205 7353
684 1476
1911 5723
802 472
658 8296
2439 6751
2277 1096
6894 4759
5463 4043
6769 6409
3639 4980
2662 5142
1982 470
5959 7654
7086 199
278 1977
6807 3355
1269 3962
2385 6266
3820 7809
69 253
142 5900
7120 7475
1792 3588
827 6689
8153 4613
5372 3658
6117 1532
4313 2623
4277 5265
5205 1084
4599 416
6263 8336
6772 2878
4941 3498
7838 5474
8491 338
5317 3477
8231 4856
8030 6142
7704 500
4930 5150
8016 147
4975 1048
3110 148
2878 2043
8440 3410
1401 4539
7987 4379
2084 3820
4134 6468
7053 1914
5699 2494
6412 4343
3190 2648
6449 2184
45 876
3651 1688
5736 819
1945 2365
2429 3395
366 8139
4737 3016
7990 3004
126 829
2411 3751
4510 2301
4811 3961
5169 956
4965 2312
5519 2867
6932 6661
3297 4632
3052 8454
6988 5204
4582 2185
7718 6066
5722 7314
7085 6652
2790 7269
2777 4973
6464 8019
4183 5592
800 185
395 4757
3634 4961
535 5478
5675 410
3169 2862
6171 6105
4654 6413
8160 6718
6569 2885
3029 7841
5105 6469
6054 6242
4272 428
8437 791
369 3194
5809 7413
6911 1451
1790 7389
7491 4981
2917 6424
3019 5027
5628 1870
343 7627
4443 6102
3438 1587
8246 3736
460 2635
5040 4903
8377 910
6996 7507
6908 3843
6414 5370
2937 2902
6239 4709
3718 1320
8329 7152
2057 7474
5354 2540
3327 2027
3125 216
3005 6790
618 8434
6873 8443
7011 3462
1120 2660
7624 4044
3951 5256
4754 2532
5150 3670
7128 1638
2371 4165
2671 7863
2300 4398
7133 5704
886 6109
3740 7493
2293 4332
5651 5181
4781 3487
1295 6951
6503 2831
7879 7723
6840 5339
4569 3158
2152 8219
3213 2481
4626 8333
5956 7266
6041 6090
6801 5105
3217 5120
2332 5423
7699 1720
3886 6168
6002 6388
5154 6605
4238 2832
8186 6279
7700 4134
7847 5269
611 6067
6404 1991
4203 1291
2759 7803
973 8449
5238 4544
7269 501
595 886
6737 6015
4426 1804
8083 4995
419 2427
4802 192
3788 4487
1012 1235
8456 6984
7829 4997
6476 5665
756 8268
289 3138
5084 8279
7346 1092
4398 3068
4429 2471
7576 3005
2808 449
3631 7536
954 2133
455 3268
6760 2077
6362 3740
558 5755
3241 1645
4493 462
2322 407
3342 4360
7952 8251
4240 2208
4380 8439
6711 124
5159 26
3011 8203
4816 806
7217 2291
1553 229
5249 170
1259 2585
6163 1889
6364 3829
1148 1108
2870 2649
504 1963
1972 7663
437 5112
666 1022
1680 1609
5037 766
6177 3551
7632 2156
5179 1222
3487 5850
8284 6524
1419 1227
3836 3678
4500 6646
6617 5517
4221 2260
8332 6328
7790 7287
6842 8332
1245 6209
7949 1110
1687 7421
5815 4307
3146 1898
2538 7739
3843 4462
2504 330
301 5062
8414 7874
4283 6107
7708 5655
3910 4114
5733 5380
1392 3695
2008 4024
6253 782
1818 466
8213 4030
4812 4927
1268 5358
3172 8242
62 95
4545 8490
549 1811
6180 4956
5578 6087
6534 3219
227 2257
5727 6366
6037 3363
7294 5891
6023 2237
5574 4023
1297 2748
7305 3921
7685 6923
7424 1376
2721 1717
3150 1936
3685 4578
1888 6188
2477 2331
1877 4234
2239 2868
3961 5061
4287 5894
364 1623
3603 7817
4390 731
2767 5680
8126 3142
7503 5381
3648 2056
1738 5046
7981 2484
7959 2068
5588 6080
4153 3427
6819 2894
2562 4158
3562 246
3600 5801
6045 1285
481 7567
454 7159
3725 5666
5653 7484
5450 1943
6755 6400
1636 3746
8361 303
4531 1439
7551 1762
6431 4686
5638 6787
2903 8316
3126 7349
2187 2745
5000 6942
4459 4587
6838 2659
5122 2503
8247 3020
160 4507
5825 8192
4460 6498
5626 103
5491 1389
3488 6003
5924 5155
475 4768
113 3988
4171 6042
1075 3777
4992 7042
136 5526
2837 5186
223 3500
5607 954
3690 797
1853 5939
4512 44
1689 1369
4714 1323
536 3074
2926 7117
3765 203
7056 318
8168 7312
5146 3448
2051 8380
4256 7153
4629 7361
3132 3561
6009 211
4442 6744
3903 1193
7549 7852
7698 725
1187 5771
6062 4796
3697 7512
7395 2752
376 2995
1206 4312
8074 2940
6961 3200
3255 1004
5345 3793
7052 3875
2756 729
1896 3935
6591 1970
2943 4252
4080 7617
5442 3611
2607 7511
6301 1203
8204 7714
3955 7933
1592 7054
6207 4063
562 5774
6544 1808
8439 3378
6075 5119
7537 8476
732 7944
2637 6337
2941 1781
1420 4191
3328 5196
5888 5601
2797 1208
4142 3636
43 7591
3643 2762
7371 1087
1177 234
1745 4305
7088 3435
2719 4963
2537 622
6386 5278
4152 4848
8410 1461
3448 7461
6590 3375
8338 4229
7647 3266
869 59
5292 3938
1248 5291
4724 2101
6119 2217
7233 5211
3783 3953
4345 2492
6201 2129
3515 3544
985 4971
2208 7650
8070 5960
3806 1343
1403 7232
5364 1129
7613 2725
7865 4641
818 3139
1016 2040
7535 2734
5784 4218
7413 3313
6788 1739
5438 7836
116 127
2123 1875
5377 7439
1491 1298
5285 4170
3511 5662
5494 4806
4597 537
6872 1421
385 6402
2083 3372
2891 3813
4572 196
662 2063
7921 8213
2355 8184
7342 5700
5915 5995
2973 628
511 5242
5408 3936
3528 444
2583 3398
7272 104
5411 1536
41 8048
6898 3990
1253 2173
3449 6602
1643 5581
8498 5071
1789 987
295 1635
7922 7393
5323 5765
6390 8066
2402 7659
2704 2310
1470 7700
7812 837
1487 3120
6004 7561
7939 7525
4946 5336
1405 5175
8317 6361
4871 7849
370 236
5479 6833
4198 6396
2336 1133
6810 3084
451 1441
6435 7792
4804 4915
833 1772
5695 7826
5033 5217
3980 6775
5777 7306
569 6785
16 7734
4748 4889
6139 5214
5907 8158
4264 6995
7614 704
5802 7078
3542 5799
7751 2986
222 712
1733 2192
4210 4560
1798 4138
8427 5156
5284 5562
577 5882
3595 8088
6632 3069
4357 4993
3412 3046
6516 7813
7517 8384
1572 595
4096 7772
2832 1599
4622 3762
4641 5083
2002 8200
8420 4102
4441 5982
1766 482
5935 8093
5520 2091
356 188
7485 3571
8369 1969
7441 6629
5184 3570
252 3424
5451 5691
5252 1654
638 3269
5094 3426
576 6365
3730 6753
269 2167
5007 1942
2003 6483
3120 19
1601 3818
6651 8145
1457 4850
1493 7371
5229 2789
926 1393
2186 6322
1873 7012
1324 5729
6720 3249
570 4872
7806 6889
6974 4139
3623 6898
5732 6993
3248 5577
8148 7615
1381 6248
5619 733
5373 5968
4553 7501
7635 5318
4395 1631
2635 2872
2987 5927
7998 2131
1328 8480
3610 5399
1214 6162
3864 45
3629 5935
2232 572
2905 3911
4048 2308
1172 2166
8482 6357
4039 4878
978 8347
309 1600
1637 3370
6481 6051
3987 4607
534 800
1017 1884
7041 4950
400 3977
4381 6026
4757 4867
748 6683
1668 256
3225 2984
509 998
6659 3392
6997 335
7556 6432
7163 4270
2805 62
5294 123
1156 3901
6739 3687
3523 543
1228 4509
6217 640
2737 6548
2237 2424
6538 4639
6199 3484
1671 89
2383 2528
6546 663
1571 7192
2948 3652
942 1794
2022 531
3486 5037
3446 549
2993 7690
3069 4937
6366 2884
6882 3618
3728 5545
2615 4108
7232 4813
1567 3387
8356 2174
4788 1120
2067 6058
4989 7417
4371 5890
7542 5942
311 7939
496 5805
6517 4534
1031 271
8418 301
3649 2346
3759 3106
4225 5944
2867 3224
6683 3156
4290 4512
7410 1723
1239 7213
2600 6540
8415 4357
6003 7804
7394 8460
3533 1153
3026 1786
7108 6375
5694 2546
5211 6518
3341 6912
1173 3359
1100 7652
8326 8008
3560 842
7598 4649
2695 7518
567 4025
3571 7973
7886 6222
5452 3749
4987 8094
1811 7178
6604 20
6209 541
4852 5645
7002 1750
7762 4881
3313 8164
3044 1201
2360 6139
3117 1554
8152 4434
8269 1043
2180 3865
2686 6604
7942 7481
8165 575
1244 2851
4814 3186
1318 4423
3259 2858
7498 1220
4303 5159
2518 4208
5194 2124
1632 750
1336 4484
8047 4273
5097 7790
347 1252
963 4672
3586 7800
7836 645
5505 4750
8214 1205
5357 4062
6640 2161
7492 2442
8100 190
7816 7878
1215 4069
273 2096
3469 7750
2515 5760
4849 5593
2144 5323
2021 4572
2682 2034
2156 3557
4606 799
2052 8223
5870 7401
8481 1816
679 2054
1441 4814
6066 1851
6374 5483
4468 7508
5533 1548
2556 5757
1530 261
7675 2541
6601 1189
2165 5034
1946 2977
7038 7522
2157 4389
3301 5957
4777 5540
7315 1947
4983 5946
2587 3806
8237 4415
3152 370
5826 324
3670 1879
3333 4372
2221 688
1183 3010
1276 1420
251 7884
1026 824
3076 809
4947 417
6924 3212
4002 2848
8303 3205
5650 2707
7960 4192
3161 5132
7438 4426
4826 7460
7721 2289
5927 3512
594 2155
1043 4499
7997 6658
4722 3799
2749 1383
2894 3741
3443 4390
4437 2958
1786 2487
6018 5392
4223 3645
5997 7064
378 7036
1537 525
1379 1296
122 2857
5190 7961
4842 3325
5395 8481
4 6991
1351 5734
1574 673
1925 1212
675 1918
8079 2982
4825 2991
2866 6125
4540 4767
6756 7901
6237 7960
1876 1843
3142 1059
4645 2882
3159 4151
4565 2735
5906 1686
2070 4571
1329 1083
2409 3474
5109 1852
6636 6171
5772 7715
3445 6909
3370 860
2217 5636
3672 6389
2577 4786
2998 7408
1881 1511
7592 4890
5970 7500
5102 929
2019 6671
6279 6953
2879 2836
3002 6274
2834 3839
5250 4605
3252 7490
5778 3874
8102 6810
2652 881
7288 4253
5168 2817
2539 6462
4623 5934
6186 5649
2407 3401
7668 6458
4043 1116
7500 7375
2882 2701
2304 2276
5116 5777
308 1005
6071 7814
5941 564
1744 3015
5564 948
6805 5353
6967 5284
3055 3521
6382 7835
1749 1345
1542 6892
4961 7985
5265 981
6343 908
8101 7432
6972 10
418 6566
7104 1619
2427 892
6262 565
7955 7237
1322 8047
1338 6925
5328 697
7567 1355
4633 3821
2791 3653
4233 4195
5148 7289
2267 1011
1193 4728
3094 5969
6524 709
8045 5332
1848 3576
4211 7076
7910 4658
7197 6929
5770 3613
3934 448
3502 2822
2392 1665
4822 1353
3215 6970
1018 1950
3526 1132
4509 5994
2412 2466
1170 2042
2617 4185
2507 513
3450 88
3853 7313
4373 1325
6660 3417
5863 1669
7586 5589
6613 6776
7017 4397
4036 4818
8407 6064
7010 2381
3686 1692
4009 4533
4045 6078
4918 2378
7858 7558
5052 3241
3790 4557
1124 3290
2901 5246
3681 4517
3432 614
1060 6811
895 1574
2182 4977
544 4015
4052 2801
3715 2095
1667 5845
5183 1880
2947 7517
655 2520
6970 174
2368 1465
3714 5205
2247 6733
1475 7062
5767 2776
5518 7606
1473 7290
1851 6716
7550 7300
8038 6949
8354 8141
3950 5077
27 2001
4006 5516
3170 8294
6987 481
7023 6257
4177 7106
4972 6572
5999 6936
8119 6467
4197 875
8023 1423
4499 4799
7908 5630
2065 1821
2498 740
8280 6089
1240 5319
7803 4226
8243 6348
2934 4198
4267 5235
755 6522
4753 3877
4750 2058
4487 452
4281 2527
7546 5881
8093 5103
2919 7008
2591 7979
928 2983
121 7151
726 4821
5879 7977
7802 3909
2900 6010
1086 7560
3684 2083
3014 5857
7526 231
8141 992
4034 6135
676 6539
4119 3555
100 2859
8011 4516
3269 222
2135 7564
3949 1145
5789 390
6174 4414
3745 3524
1235 5454
3223 554
6642 2946
2582 4238
982 2968
6812 2608
3130 2766
3405 8397
367 527
3010 1385
4614 1184
3144 4633
1653 7207
2160 7716
5303 2153
6420 5838
7183 7166
7322 2317
729 4031
3104 8475
4824 1360
3060 16
659 3619
7122 550
6768 2500
6257 8446
3000 2622
3048 1742
6050 7446
6192 5690
1479 429
5803 6677
8310 6220
7034 6446
7301 4939
2443 3552
7924 8364
4282 6438
8076 3917
8051 2697
1908 4136
5943 3979
5486 5313
2199 2458
7275 2414
2381 5996
3100 1749
3851 4182
1181 5788
1933 8216
1321 7030
4322 7597
519 7050
5945 2035
5101 2408
6732 5149
4866 227
5319 4943
4023 3786
4126 8020
3856 6298
441 5441
2254 5021
2379 8167
393 6430
6615 273
192 4748
3386 5158
4451 445
2319 6703
4195 5115
1725 6720
3095 5015
4064 1835
3383 265
3862 7904
4192 7575
3534 4884
3538 792
4476 6861
3082 5776
2485 7565
1973 7681
3838 7742
3465 611
4136 6611
4343 7694
4057 4054
5492 3112
715 1674
5752 3760
6618 7907
5707 4858
1760 8293
1033 4570
7416 4558
2517 6095
7448 542
2636 4714
2042 2779
1634 478
2131 3531
4838 758
6770 3018
4732 1995
6376 7710
7888 960
3165 1370
6608 5299
4414 3422
6849 828
5531 1246
402 7277
8062 3030
4065 7099
718 6647
4735 3316
8472 4624
7408 2280
7874 6973
7328 6149
2724 4967
4346 6179
7057 4250
2540 3963
1219 3105
5782 3849
1418 6305
7116 5264
1692 8484
4913 413
7993 7101
2461 4256
7019 2709
4583 4154
4348 2132
2845 2287
6957 4149
5141 7316
6079 2778
1496 1152
7398 1010
527 5307
1025 97
208 1403
1332 3947
2246 922
5137 6197
2347 846
7135 3932
3527 6374
6030 7059
5590 5308
7106 2772
2890 114
8251 2141
3732 6391
3633 4511
1764 6660
7506 8160
8184 7593
1502 1028
2906 1498
8222 5104
3541 6828
3712 2251
5982 180
3235 334
2059 3490
2566 5507
1287 3306
6528 1575
3274 1207
5646 3125
937 2355
5349 4591
3962 3913
2466 4464
6188 5227
7989 1473
114 6917
571 3906
3232 8082
724 1275
5204 2654
6976 5124
8172 7553
947 5385
8207 8328
7225 7033
4352 3844
1555 1549
7097 2609
5764 406
5288 4438
5327 812
434 7358
1953 6130
3754 1078
2527 7903
5986 8098
977 6213
7005 5168
4370 7707
2865 7584
3726 4712
3031 7720
3058 5462
7510 7172
7237 6813
2752 2914
6087 5642
3842 3414
6026 4501
539 771
3779 7899
7028 4942
6233 336
193 304
6597 8112
513 2499
4651 6240
3769 100
5309 4947
1312 1015
6389 5108
3850 8195
5812 8264
500 2516
8191 193
8434 7086
1285 1866
5420 5572
6527 134
6275 2652
7665 6550
7165 4905
3273 683
1978 4612
1948 626
627 5292
7068 6820
547 5393
8060 2694
2730 7292
4543 4247
6144 1734
1402 6563
5687 4442
5926 8498
2129 6761
4098 6230
3737 7971
3339 1807
2794 4458
8460 3206
3245 5453
318 6899
4745 161
5165 5660
7174 1122
7611 6691
2234 2565
1236 244
8298 1490
5189 2887
3090 1057
2581 1501
6514 8257
4159 2750
2354 7967
4208 5400
183 2935
3271 1003
4743 3408
8295 6698
3535 7877
7683 7154
5631 5807
8327 2746
5199 1727
8018 509
1788 2809
3904 1204
2339 2046
3957 2367
636 6878
592 5726
3006 4551
7029 784
129 7011
4187 2188
2169 5963
3777 6231
1127 5917
5940 5345
3115 6914
1152 3842
6502 446
1198 487
7711 2296
5421 3624
5845 8003
3263 4222
8088 6686
1407 518
5899 6632
2447 3742
623 1209
8010 1876
7112 4254
4010 621
6228 7096
7956 2807
6122 7489
7353 1270
6419 4769
389 497
7754 7383
866 6862
5409 4819
4087 3701
6946 264
4125 7614
7076 679
3080 6983
2313 3214
7442 3222
3805 7947
7257 7842
4931 3509
2680 5254
8321 4775
6685 6614
2799 7546
5747 7548
3290 2405
4101 4518
1440 4310
4035 7937
6000 4523
2297 3485
2875 3434
327 5452
1377 5386
2761 2097
2569 2782
8049 3282
3324 2009
1095 7682
3707 6599
5197 3718
6637 310
7286 2636
1654 7637
702 710
1604 7208
4022 5851
1231 6083
4001 288
5177 2010
972 5258
3380 890
1930 2240
6995 6706
7793 670
3239 8493
2417 1138
6406 5916
7180 4186
6511 2810
4544 1667
7246 1426
5629 2183
2108 6580
4594 6049
2400 1261
2290 4394
2465 790
1823 8482
6923 6505
1625 1871
4355 8122
7140 200
1212 5919
2696 8041
6925 3887
4031 3058
621 339
6634 7752
1220 4596
2272 7334
5813 1540
671 3140
5670 674
4407 3078
3317 5199
868 4086
1518 6612
7063 4002
3866 5167
8399 6509
2356 5487
4909 4236
8013 4999
3530 4436
4464 5708
5083 7200
8019 1570
5910 5183
4559 6384
1728 3314
5729 2418
2405 3883
4325 1886
1094 7738
4859 4259
7961 8308
6196 6476
1008 940
6296 2713
4162 2127
7880 7433
2393 8148
2245 3343
691 6281
4613 3195
2380 8165
2302 4092
7137 5586
8346 5763
8053 8441
2747 5113
6411 510
852 4105
760 5317
7274 1363
3703 8087
4720 5427
1528 6682
8112 952
4154 4876
3555 2269
4717 3176
1129 6636
3815 669
5251 4667
6860 7109
532 535
3635 962
4113 5426
5195 2273
3935 993
1780 4535
7469 4284
5726 1249
4411 5520
5128 434
8004 4920
2469 8403
4778 6639
7158 2572
3734 3226
6501 6250
1040 438
4167 5687
3708 2869
1694 363
919 4370
5701 5012
2874 4873
4236 4179
149 459
6985 239
1859 1798
785 7647
6155 5497
6883 4777
6044 4174
3942 6896
6039 917
770 5401
596 6482
7713 111
5637 3221
8215 7165
5302 2489
6868 7919
6747 69
6324 5236
8424 8248
4879 3457
906 6503
7198 7959
3364 7211
1270 7808
3177 1180
1755 4029
7205 5795
2258 7265
3767 6987
733 2947
1103 8103
1404 473
1265 3063
6483 3052
6342 6484
3986 8343
4912 7491
6701 4851
743 1086
4577 4354
5730 3626
1001 8322
2612 5395
8015 3109
1639 5990
4839 5415
5320 2222
3565 4285
1331 4743
3437 6422
5396 7665
7212 4311
6938 4677
2850 2261
7400 6065
5006 6534
3749 6523
3818 8127
3306 7222
508 2067
959 6695
8099 7733
3921 6487
663 4242
5360 3208
673 3769
131 2300
3021 7556
1521 7891
7741 117
2667 1543
730 3616
7651 4542
1979 8444
7831 5331
5482 3951
6286 6891
4887 1793
1221 1718
4191 2099
2531 5732
4082 1313
7302 3070
3899 6940
321 8239
7539 5243
5277 4887
4796 597
4890 1264
588 1614
7937 2441
7666 99
1458 1462
3208 2847
1644 4698
3551 4150
2143 4852
1088 1818
8086 6191
3746 4652
7826 2518
6880 3684
7794 4599
8200 6463
7787 3513
6999 1908
1032 3628
1721 496
6574 6908
1697 4367
5397 5361
5336 5191
1375 6679
4936 3000
7655 3286
5937 5189
3284 5731
4477 8387
3859 7177
4515 1474
1741 1181
4691 2123
5977 5583
1007 3659
1408 1311
2528 848
5568 1535
8209 4782
3516 5505
1494 4409
2243 5835
821 5073
2927 2576
1340 5106
4428 238
7338 2297
1869 6714
4421 2361
628 2088
1665 4619
8497 3592
5428 641
6598 4039
6028 2158
2524 1282
4469 3884
5365 2362
4228 1842
410 2596
4844 11
1247 2322
8465 7876
4024 5022
1145 2755
3291 1855
989 1401
560 2363
1540 767
1597 909
6552 6043
7985 3334
5112 4479
1347 7437
8323 4303
3276 296
5743 5647
3796 2727
6219 8247
323 1974
5059 3878
2352 4051
123 4778
1539 4776
1763 7452
4638 4145
8279 1924
3037 1155
1847 2726
1884 4586
1363 6904
6808 2311
477 5384
7940 3365
759 2216
4591 6976
552 7762
5700 454
4690 3350
6707 944
8477 8079
2848 3860
5620 316
7428 3706
7496 7179
2592 6085
1673 6971
139 7966
6244 475
4539 2698
8007 4164
6542 3162
2920 7751
1985 3086
1112 8206
1878 6544
1814 5471
8195 5202
4360 3137
4703 4685
1867 6943
190 217
3547 7022
6051 7812
3323 3017
7869 4147
7378 6768
4652 5245
2457 5696
4419 3496
6232 187
839 5643
5895 1909
5063 8398
446 4408
6070 3683
526 1434
2047 4107
3900 135
3946 331
4402 2081
6074 5043
3598 6144
6092 7983
1937 2098
3128 5624
5773 2417
4699 6928
795 7369
37 681
1064 4784
4252 6084
3035 6532
1809 7356
1599 6081
3792 7131
3020 1310
2684 6289
2325 1039
3896 5663
6053 3144
3827 294
1380 8291
2968 5657
1648 4045
537 2593
799 5538
4970 3473
328 2871
4163 7463
510 4037
5593 2846
4106 345
1746 5992
7316 5621
6877 194
8349 2328
4425 65
2644 1595
2091 8360
5306 4863
8443 4839
6666 2889
876 3090
4639 2164
4805 949
2565 7018
647 6903
6466 232
3747 6198
6006 7763
2280 2108
4129 7616
1630 7162
2549 6195
2828 3836
7369 8437
5611 3093
5255 4582
5723 1333
24 1571
4765 7888
7963 2274
8174 6382
3625 7128
8391 4917
3608 1435
3179 2147
6633 1366
6839 1455
5581 5785
6887 1660
5142 6676
4364 6219
7415 5920
199 3430
6080 3469
5108 6295
3143 7638
46 2369
1020 1509
7132 5102
2551 3969
1822 1177
6754 189
5239 2785
1264 5144
4943 1424
648 5003
5808 4803
5325 1912
5075 4513
5582 867
5246 7056
287 7079
8188 7781
5301 4410
7676 8176
7945 4792
1 2432
4643 2729
7599 7227
1784 359
6843 1833
1474 7048
1367 1408
3365 2985
6744 3574
1899 5833
5064 5714
6422 7974
2163 6767
1067 3190
6345 1685
1785 1063
3456 1340
4977 7058
6566 3594
5540 146
5668 2928
5597 483
3417 7860
2138 6145
4337 7284
7284 1365
2159 6859
8082 3393
3064 6063
712 916
1778 115
6886 5984
6138 7725
5558 6514
2788 5031
401 1067
4011 2281
6550 7886
3789 2929
1885 4668
4617 122
6011 5848
5111 5541
2396 5783
7639 6041
4173 7363
3698 4548
1913 2204
4779 5247
2487 397
1635 1899
6493 6845
3 1464
6278 5374
5445 6307
2434 3957
404 853
910 8489
2053 6276
7561 1257
2025 31
474 7673
7392 661
7430 3929
3140 7705
4998 7668
1188 7456
7848 2206
6129 762
3183 5311
6100 1836
7978 3152
1376 5543
2857 4902
420 774
5887 4128
172 2892
2161 4899
3428 5002
643 4237
7938 1769
2701 1303
6494 3352
3861 6477
7190 6368
8278 364
3440 4159
2980 2229
1068 4888
5718 3863
4587 3236
3086 2325
7250 793
3182 6798
1010 2835
1280 7262
2976 1714
6152 7620
5535 5602
4618 1659
8393 3468
115 6224
5541 3600
1715 4124
7766 7073
3994 6626
1395 815
3258 315
1484 3454
1456 5594
6105 5300
6391 667
607 3934
1732 1267
2505 1613
8312 804
1319 3866
1902 5174
107 739
836 1737
849 5469
7679 8270
2044 5812
7775 4779
5936 6435
6595 7786
4367 3376
3609 8414
6870 4314
7820 5422
2687 1378
7004 7897
8064 4528
8314 3413
1413 6613
1390 1351
5134 7212
5753 8046
4288 1294
2190 8040
1062 4642
1410 2803
2467 7771
8177 8388
5968 1186
1267 1860
4453 7688
5267 5814
7636 6277
7185 1259
927 5694
5435 2190
5573 8351
6777 5555
1429 8402
6218 4575
6096 8470
8252 7875
791 3651
3876 2852
6339 5267
3750 1245
5054 2823
299 839
478 2579
7343 5806
4321 5653
3953 1308
6690 2767
1804 7645
6281 6007
1829 3587
5837 528
4755 2661
2305 7112
564 5551
4990 6809
4196 346
7433 921
6436 7299
779 8448
4161 1684
512 2720
2167 3294
882 2641
303 8071
8392 7285
7484 1493
8423 737
7674 5746
6158 4035
6307 5823
2608 7908
966 1616
5125 6211
798 5895
2364 4486
154 680
4736 7936
2497 3146
1292 175
2760 7766
8367 358
6072 977
6567 3437
3430 7234
3763 4886
2959 1658
3336 3649
1999 5305
3582 8131
4624 8289
188 3088
8271 6039
932 7855
2786 386
4387 314
2597 7480
7667 2106
7451 4579
8220 6750
3281 7820
3447 2026
4212 4892
893 380
5281 5203
4214 2965
3587 772
6107 618
6078 2842
3210 3656
7436 856
5176 5664
6292 2795
6283 3459
8488 6793
639 1768
6213 3133
4434 3847
2733 1627
8008 1095
8040 3578
4230 5279
1682 1523
3743 548
5245 6291
6735 6203
4111 4527
8453 6653
5200 6166
272 1986
11 8255
5424 2191
2491 3237
6937 651
5673 3353
1796 350
8041 2561
6844 7524
313 8067
6861 6837
3605 5272
7972 3385
4832 533
8387 2086
7505 5
6945 3210
3611 2837
850 3902
261 8445
6134 6401
616 1035
6304 1857
6694 2829
1991 5295
924 8338
6727 8153
7457 5552
5779 3828
5401 8277
2172 715
3915 1561
7953 401
3154 4723
8139 1522
3184 3520
2536 5962
109 4606
1943 933
6162 4794
8313 6040
3906 5350
1920 4034
6913 4741
2521 1020
3663 979
8435 5743
5414 1839
7616 8116
182 5789
4033 5751
4793 6236
405 3595
6973 3546
4903 251
649 3369
1548 3338
7737 811
5595 2899
2812 3998
2428 773
298 426
302 7729
3410 2343
3572 4739
705 202
3901 1228
7846 985
6656 8197
553 6713
244 209
1201 1865
7753 7923
1735 1480
4600 5945
1857 5493
189 3396
2821 3179
650 3515
8122 2781
1724 3677
1225 555
3168 4392
6523 5826
4454 3034
6774 3711
3778 141
7905 3671
6779 3347
2656 4949
8208 4554
368 7425
2191 4306
4444 7414
6764 4972
6851 7043
8426 1911
7906 6564
8468 2385
5311 7754
7219 5169
2449 64
7553 2391
5268 8304
1079 2271
697 757
5015 6586
3622 4562
5788 3782
5258 7873
3760 5146
5814 2606
8358 2351
1754 5053
297 7639
5996 7001
1815 1639
60 6335
1447 5005
1257 7418
5167 2873
6926 6519
4478 918
1507 3810
2833 1135
8117 6028
5496 534
5480 2358
20 1506
8239 5598
5797 2134
1839 2069
1954 8083
2344 1478
74 1847
6001 5364
4828 1888
5556 1703
7036 160
8034 5260
6896 3231
3640 6864
3993 4181
5992 5756
5350 5971
8103 562
7399 7599
4774 6541
8027 6930
1810 6385
4956 2426
4501 7305
1445 1471
2854 5382
5512 7854
5659 4773
6704 1018
2386 7005
3357 991
5436 2682
6267 1224
3721 1951
7445 8272
5214 1381
2990 3012
2972 4789
4817 1199
7951 499
310 2342
7154 7448
6198 5429
5605 7760
6333 2678
4882 7326
1191 5165
6917 4540
2699 1176
7360 3692
1577 6669
7100 2139
2586 8050
2814 7355
3349 3228
2858 7765
1883 6583
5076 6946
125 8114
2895 1850
5135 3482
6848 5492
4166 2595
8469 223
7519 1140
3279 4356
2037 2290
5885 6520
6586 1868
5356 6202
6346 1126
7564 3433
566 1486
6647 1040
531 4984
1230 3184
5560 8281
3233 7780
3322 581
7324 969
1227 2552
7164 3556
2333 2981
1825 7055
6716 6070
2452 120
6153 6710
1629 7764
1382 3248
4964 8335
3166 1137
3512 6517
240 675
2442 2951
6539 3453
1158 3703
5909 558
3768 8172
5300 6850
2519 3196
1677 503
7481 5334
4463 1885
4244 7422
7379 5054
4258 1985
2458 5404
1388 2574
4495 5379
2664 4299
4525 4480
71 3019
2073 4081
4821 1663
4892 1417
7725 6053
5985 1764
6157 3001
1427 1198
5625 440
6179 1416
4227 4163
6472 6296
3272 4904
3825 8366
3996 6705
7460 6885
2561 7424
2045 8346
2029 8102
5103 4498
4059 4616
2883 4988
1672 6627
3148 4951
3286 4772
1141 8250
1723 2877
7078 4625
4858 8252
7043 6445
7336 2079
8480 1002
2958 3994
1481 2456
6203 447
933 6846
4104 3409
907 4959
2555 1223
5002 2508
4668 5907
7899 7410
778 2980
7380 4805
935 2221
409 3598
3568 2180
6665 6120
7447 6654
226 5435
744 4471
7890 5362
6577 6393
995 249
2103 1492
4595 3064
1712 4810
6854 3638
2281 2988
4213 4857
517 7736
5939 1694
7465 6527
5312 1240
6560 8054
4763 8325
5883 705
2963 6496
276 7122
2127 8226
5923 1065
218 3907
2912 5747
6381 3271
7661 7142
8335 6141
6370 320
8345 2602
3416 2407
7714 7386
1371 54
8485 6103
6424 3575
162 5591
2164 928
2909 4726
5497 5673
7381 5898
7021 6268
5278 5270
3764 5232
4315 2625
7103 720
3411 4859
2175 1774
1306 7794
6264 3743
5297 5559
5905 5556
6095 4955
894 855
1613 3898
4687 968
348 696
637 4224
5308 5086
1093 276
1162 2895
747 4901
808 424
4296 8326
8144 4446
5979 348
7418 8023
4752 2228
3619 7116
3544 8060
3590 7717
2177 1920
5612 1932
3229 2485
1482 5153
4431 8404
99 4946
3970 637
845 2673
4184 1672
2096 7543
4791 2741
2330 381
6889 3187
7723 7245
4648 1097
2289 7976
6297 1399
3361 3784
2933 5903
8448 5535
31 3044
1125 2386
1698 3381
6793 741
2241 6742
2762 8077
2661 5397
6058 3564
7152 4281
1894 2657
5685 121
1856 5207
2705 7339
3870 4529
7574 7740
7249 2202
6247 4673
668 6356
1623 3358
2715 1537
1536 8424
1666 2808
1430 1693
3936 728
3653 4172
3959 6567
5841 3495
6630 5908
787 1304
5643 2860
3554 6233
5470 3664
3828 2722
6505 5509
2510 5548
7114 3174
6909 3436
5645 2937
6067 6839
2675 7942
7792 7395
3882 6960
5511 4671
2060 2646
1753 6433
6828 3250
4894 5941
1327 4508
3520 74
7789 1695
7706 6416
4251 1454
5079 6164
8476 7317
49 7941
5431 7026
3865 7133
925 2677
8385 7569
3292 3585
660 2193
3334 5445
3496 3747
996 5125
6901 7680
7306 5192
4505 3903
7166 4080
6489 3494
70 4976
6955 4065
2639 5039
232 2059
4549 2212
4665 3094
1353 4257
1544 3339
7581 39
5969 403
7690 4282
6963 6687
6949 7434
4386 1948
7265 299
5232 4690
2013 7956
3139 2658
3819 643
8362 5499
1226 6882
3022 1582
4863 2232
8438 6707
5243 4258
1204 7533
4939 912
2050 5772
8451 2341
7107 2103
5005 4646
7227 2506
8452 5501
7149 7246
7659 885
3845 8477
6231 6877
4363 3660
7304 4626
2623 5013
4216 2669
3121 5431
4523 7199
2306 7504
4658 4844
5143 5565
6142 6436
7188 4547
3040 795
4773 7341
7444 144
7193 4500
140 5502
7995 1832
2158 1391
1621 5710
1147 5342
6025 744
3471 5970
1449 1767
2041 4720
5314 4215
4116 7272
3070 3075
873 869
6485 2452
5374 6169
7314 1074
4090 4715
5342 372
2567 8349
3909 5162
5272 5768
3427 7775
7420 7514
8256 2469
1412 7098
1576 4891
651 3445
2372 4793
6855 7731
2916 7468
740 1895
5774 825
4925 7649
1713 7194
3675 4416
1968 914
1893 3922
247 8205
238 1588
1164 32
1921 4079
4446 1971
2595 4461
620 7302
3407 1864
8161 1044
6439 676
4929 8030
3671 5567
7609 4286
5339 7797
2523 7677
1915 8354
6235 1935
1023 1433
4889 3826
6427 1976
6710 7202
174 2695
1477 7295
3642 4966
8464 3270
361 4979
98 116
5394 1475
908 3460
3922 7667
4274 1928
8360 6897
6689 2071
8005 5661
6733 2226
4919 1668
4379 3686
8221 4536
353 2268
3046 6668
1387 8198
5313 4004
3186 1041
35 7260
8432 3154
3532 1445
7239 1197
3710 895
4562 1071
7902 2472
215 5887
2964 3429
6736 7832
6194 257
2970 1196
5658 309
1119 4325
7710 5925
2499 7948
3577 4316
7511 4831
6016 8120
7784 1082
206 5692
6399 7052
2820 3601
3145 8147
682 3502
143 27
737 8374
2201 2591
6388 268
1573 1149
4504 7871
8178 7540
8228 6924
5738 37
8402 4439
2071 5314
388 1849
3888 4020
1180 7391
3784 5180
1926 3192
3059 4141
1693 8068
1015 6228
4797 2264
3617 7164
4746 636
7181 6819
350 3886
8183 2332
1009 3073
4473 8075
2793 3525
695 3928
4182 7774
7583 4679
4483 8053
6975 1803
5589 2360
5839 3067
4008 5050
7927 755
6065 3971
4178 2000
6022 392
5871 7084
2218 4460
5881 5819
6137 4219
7092 8295
1249 6245
2244 5484
2736 8303
4557 7384
3807 2597
2660 8432
6620 5208
6274 4352
6131 7132
6677 382
6766 1746
3786 5683
4644 1962
4634 8458
683 5854
6288 3765
520 5081
1756 7602
6776 1621
7125 6403
195 3327
4954 7137
923 632
1131 2005
6605 1301
6767 5425
230 1505
6758 7777
788 3185
5800 7297
5688 7722
7300 1105
7186 7702
2784 5761
801 1029
4014 5017
7480 530
837 4427
8389 7379
6934 6017
7871 3868
2496 5769
4865 1356
1609 999
1835 5289
2509 3331
2856 5784
3494 1967
5196 6543
2754 260
7569 6076
6064 5998
5061 6398
2727 1878
1334 7502
2544 3130
3057 102
3982 3966
548 3297
2119 1955
2742 66
4787 7351
3724 2754
5521 1699
6430 5048
7692 7697
5329 3384
5498 2721
4044 5606
383 3143
8446 3941
7258 5464
6335 1802
2075 4022
5014 2525
4556 6922
8090 3705
1583 8108
5878 6006
8189 2463
1833 7102
3063 152
2058 388
3873 3530
3097 1776
7622 295
2077 4583
1117 1897
2869 360
2310 7951
912 5608
1460 6510
6469 7551
8133 7147
3234 7015
1415 1819
6091 7924
7591 6199
3869 5042
7833 586
5019 7400
1627 1844
6438 3077
7843 6173
1965 2002
5073 85
3874 2509
5843 4447
2847 4598
7184 4424
6717 1733
4330 2771
8014 594
5380 78
7764 6866
3930 4074
3739 3141
8276 3759
5938 456
3294 312
742 305
2624 4774
1670 3869
1070 936
4969 6100
6621 3682
4334 3455
7327 2399
964 4418
3137 6950
6456 6725
8097 3134
7189 4823
3434 3833
2720 3696
771 2306
916 4391
3546 1334
4995 5373
4472 6601
4808 411
4078 492
2425 2368
3791 6630
7780 1239
7049 3895
1880 2052
3509 3791
945 966
7069 938
4747 1784
7241 1358
7682 7373
3774 5832
4139 3252
7877 4735
1104 4359
4016 143
6125 3362
6831 1589
6032 2680
7013 3499
4647 570
4853 4670
8436 660
2796 7186
1323 5654
3393 4541
5734 1000
3817 7270
2456 1604
5993 1790
33 3488
2226 8472
5998 3344
1090 7180
6029 1822
4721 3627
542 6931
4672 4496
4669 2203
2482 1894
2542 6985
3891 4067
6795 6182
5437 5856
4406 2942
5240 2890
3484 6340
1186 154
1736 820
2494 3136
2014 6112
7479 48
4389 4912
4388 4731
3372 3958
4401 6635
3939 4923
5434 1241
3078 2967
1406 3734
3149 3674
2922 1605
6862 4721
782 4235
4436 3879
3065 7364
417 4476
5280 6021
5538 5914
5500 4059
501 1652
3413 7282
7309 6888
8089 4895
412 2479
5947 3014
3723 4922
4893 3025
5957 6031
2855 8022
337 4800
6558 1564
6533 197
6740 4914
5728 6836
568 3235
5237 3507
5201 2893
2991 7215
8163 1099
78 6915
4121 6346
6702 4125
1701 7605
794 3287
88 7776
3367 7225
7045 935
590 2536
5562 7293
2596 4684
5689 6056
7925 1162
3846 7223
5931 1926
1543 1279
468 2777
3408 6975
1887 4337
8121 1272
3917 3161
3688 3302
917 7462
2309 4291
1559 1375
4537 4207
92 5378
940 6251
3497 7669
333 3942
8065 764
4019 7829
920 7769
2679 8107
2374 2787
4323 166
1779 6883
1737 2875
8234 4807
1633 4204
2876 8233
4084 4126
398 2430
738 716
7297 7526
1695 5521
1241 8069
2904 3797
1816 6323
7396 3308
5405 1517
2001 649
4185 5658
7830 5529
7815 2186
8230 2668
2085 8344
6135 4664
582 8358
170 2502
2475 2210
3295 5638
6644 5463
1396 959
6353 903
763 4309
1661 8379
7044 6495
5952 94
2588 2275
7768 7146
5270 4662
164 5281
5332 5482
5686 6824
1837 7470
2256 7950
3043 3257
4433 2315
6099 2066
3877 1502
449 1906
7853 1721
6662 6434
6699 1760
1439 6794
8320 6096
1385 3528
6575 6537
2441 1185
701 4066
4131 2223
4013 3634
5417 4351
7896 250
1531 7918
5916 18
3822 55
6803 4421
5515 603
6635 6938
7868 8045
1620 8408
1046 2105
4718 8191
4856 5762
2387 781
8078 4755
7124 7060
5754 1656
2150 5312
4494 953
5580 2989
3667 6336
784 3239
3787 7486
3062 502
2116 3215
1369 6972
767 2136
3860 1054
758 8306
8067 2029
8348 599
2043 3609
3108 2356
2176 5822
4959 2233
3481 6054
2575 6887
3355 3668
3524 3425
4358 950
6242 5095
7260 2644
2665 3062
3200 8352
5123 7049
7587 6927
2552 5420
5524 2175
7761 6371
7893 2743
6363 5877
541 5193
4897 5340
4265 8043
7449 1324
2476 1161
498 3223
6394 4118
7347 5797
4257 4241
6164 8217
2100 7538
4915 4122
1795 3274
698 2619
2086 2700
6709 8227
1503 7091
7584 1788
3277 4324
2769 7686
622 2294
7722 2135
3027 468
202 802
6859 4982
2789 150
7431 794
5532 1944
7009 2031
5393 43
5508 7019
3257 3596
4533 4376
8429 5802
7267 3890
7203 3722
6470 167
6714 8459
6417 601
5717 5222
4902 3850
6367 4936
1710 7374
8297 7296
32 504
426 7539
2806 5200
3188 5977
1538 8329
4155 1973
5062 3584
5904 198
1343 2607
8116 4221
7734 2742
5180 6857
7612 6799
3647 5000
2713 8426
7507 3822
7482 6545
5514 3373
6049 4504
7577 3275
1041 5813
4069 1519
8155 2571
7596 2612
2122 396
5050 6800
1782 1837
7409 6243
5422 4938
3074 844
3345 8497
3847 86
6088 1634
1703 775
3219 4866
1960 8057
6076 8128
8365 8327
3282 5069
7913 130
6161 6747
6748 3497
4091 1
7926 4275
847 3804
3335 1080
3976 7242
6479 6642
6818 8005
3943 5490
2090 7170
3332 5194
7081 3505
3453 2651
5501 5434
2576 1689
3422 7464
2757 7093
214 3610
4253 3379
6240 8211
7256 4028
7202 719
3676 40
5842 5249
5104 3900
6649 8084
2486 975
4366 4491
3113 2932
8421 2904
399 6420
6200 1622
8430 3151
5973 49
2557 5029
5418 3569
6216 5536
4156 1147
1044 7069
1739 2589
1516 172
8125 4096
2222 5688
1568 5090
6664 8359
5130 4916
5634 4329
5981 2751
1471 836
6834 1341
1277 4883
6303 7007
6321 5644
3175 3920
5338 2049
4329 5457
3236 5343
2270 182
4829 2145
7520 3295
8324 5940
6057 1069
5644 4506
6010 414
1463 5085
2929 5365
631 7981
7980 2252
3350 3680
6603 5678
8029 4588
7459 3197
285 2419
4783 1773
8166 6962
8447 8492
7769 2998
1084 4142
1409 6748
5868 5263
1027 878
7375 7275
4725 1141
5555 1919
2273 41
4769 2757
3837 1300
48 4843
3696 4566
4097 3103
5958 4636
8002 6569
4168 8100
792 2510
84 2854
5913 7210
2593 8393
4883 1436
1787 1845
1136 4348
2670 2119
4138 6317
8333 5620
3197 4766
3221 5432
3237 593
3536 5126
971 3914
6821 2987
7161 237
727 3534
1990 4131
8179 8207
5680 6143
4683 8275
3927 8013
2130 3539
2810 8324
793 6900
2563 4573
3315 5527
6695 6452
6504 8415
8167 2945
3051 4049
1707 8271
2133 6140
3400 7324
1977 4970
3088 1444
1495 6232
1442 2681
2136 2016
2716 6387
8289 2112
7142 6485
4127 3303
68 5614
5713 297
5709 6325
4775 1457
4813 2465
5423 4879
4103 5136
2992 3640
3253 7071
672 4112
7020 3873
2197 2665
1414 1542
4075 8049
2420 5080
1110 6754
8347 4245
4819 6046
1305 7648
1056 5489
3913 7067
4974 589
1252 7163
7278 3566
6940 8285
1964 3470
5253 4701
5598 7252
465 341
7684 7205
2279 6428
2278 700
6421 8373
6507 7329
2809 1676
8003 3987
1938 1596
4800 2038
6429 7158
1242 7134
2819 629
5510 3089
838 6071
2824 2309
4542 2820
1488 1824
2036 4933
3298 1119
5118 5257
2236 4833
6245 7311
1386 5999
3362 8462
8149 2113
2718 1460
2651 1869
5950 3169
187 7156
612 2055
1111 4246
1459 2020
6246 2379
2889 3101
880 8237
2935 4862
2188 225
8273 5544
5487 2074
5175 7276
5233 1216
5857 1158
1291 5930
1500 617
443 2364
4269 4368
1216 7357
7970 2495
2698 6339
5286 1023
5557 92
6583 3919
656 1551
8378 7494
6708 7325
2803 374
7340 6353
6224 6598
7578 5253
2589 6571
7276 2639
6905 2450
609 4653
2729 5355
2080 4437
7214 5352
5296 2961
4309 5905
4818 2917
5824 2640
345 8431
1924 3449
4854 4201
6941 7657
1478 1681
1773 7519
6798 6516
7462 4921
5151 2870
2983 888
2311 8321
3674 4974
3310 898
2488 8378
2830 3023
1307 5811
6885 8209
7663 228
5769 965
7310 3952
8075 6745
7493 427
2414 2821
5832 201
3762 4744
6867 4537
2230 798
4938 7687
6043 6685
7145 7095
7003 7347
4945 6662
7102 6728
1650 243
4792 2749
7407 6377
7882 7403
292 706
3340 7280
1889 2182
3969 4847
5106 7288
4872 2163
6986 4816
4193 2911
3420 7053
6317 6934
578 1357
1298 702
3666 157
3552 354
7932 7330
148 4225
3419 6200
8457 3675
6182 1380
7313 2045
1594 7092
6305 2723
6991 6954
7317 4515
4678 1165
3391 6615
7909 5609
225 8464
3354 1841
4949 1336
7502 6788
3656 5709
5257 3523
2560 5220
6951 6287
7201 6419
4220 5961
5528 6600
6953 5909
6193 2278
7406 7077
6310 8274
3683 5252
8084 5396
5623 2653
5599 2634
6284 1679
981 1021
2444 5063
6864 7332
574 6304
6492 7619
7617 5987
1234 6990
7344 8341
128 7240
7222 2352
5660 5135
145 4846
380 5504
7701 5955
1976 2910
807 5676
3459 365
4068 2398
575 4680
7975 4490
2558 4137
4351 3831
7331 425
2314 7646
1360 5001
5855 1068
6108 6146
4350 2507
7973 6414
3677 2283
4137 5229
7334 6059
435 4725
2334 4929
6021 1258
3211 1766
7786 4736
4914 389
6863 1452
7192 1503
3193 1251
7605 6352
8496 1826
6952 6620
4291 4877
7901 6729
4940 4349
1525 8461
4455 607
2233 1049
5152 71
2613 6457
4656 6170
5185 1053
1793 1992
6653 7844
6214 284
7534 366
2210 5500
1591 7748
6166 2100
6629 2218
7115 6913
2659 756
1624 6709
6181 2262
2307 8124
1917 8089
3956 3163
2255 2215
670 73
7821 5954
5867 2833
4341 7969
6 7691
6663 420
3256 3299
3379 1346
5849 5576
4148 4875
3654 4318
7030 5376
7862 2863
3329 7698
6462 1012
2012 6110
5799 2549
6463 7676
2758 1729
8302 7735
6165 4957
1565 3057
488 7895
7047 2645
1115 5275
5792 7184
7814 5929
336 1339
2711 1142
4729 1361
944 2279
2369 4377
4926 587
7417 2497
551 6724
8218 3253
5676 4290
314 5932
1998 3774
3392 1901
4685 5849
6467 6104
2940 7378
3841 1594
2248 1392
3612 7529
1498 87
1642 2811
5454 3051
6475 3008
8241 488
3013 5659
229 5038
1354 42
4496 2580
2315 3999
625 83
865 5383
250 3648
7337 5779
6241 6847
1200 184
774 2080
5157 789
6762 3377
3591 808
4086 2931
2739 3657
2839 3003
8417 2966
3158 8055
7964 3229
2746 941
466 3965
1071 4514
44 7848
1290 7155
938 4133
7287 5880
6875 880
5550 724
5099 5025
565 4761
7136 2568
911 7945
7950 8491
2093 4983
2688 3665
4581 3694
1176 3036
7435 6702
2074 8189
494 4614
6983 852
1348 4239
6020 5703
2782 5036
61 6860
6713 5179
3246 3802
3782 3871
8042 2705
6725 373
7015 551
296 4538
4843 6966
4660 5561
7138 3834
3706 4964
4899 1466
2674 1317
6361 6000
556 3637
7127 3825
168 7124
2795 4395
6318 5371
7051 2302
242 615
1113 3704
3414 5580
5126 4944
3402 7243
8470 6334
1142 1555
7522 3260
7270 1591
4573 6309
7933 8283
8428 6762
6676 4160
984 1716
8190 6854
4772 4644
6495 2826
2532 6415
3834 8039
1423 1327
7031 6427
4077 5178
4601 958
5513 6579
4671 1151
7807 8212
2668 2025
6083 3472
1373 6092
786 1410
4749 5316
1224 2557
5576 7420
2331 153
4302 3340
1203 816
67 6894
554 4665
8294 5712
1656 3095
4896 4941
4326 7588
4025 865
1294 5057
7626 604
7571 3104
3423 412
422 5764
3983 2496
4985 3745
4100 1379
3491 140
6295 5959
2479 517
5741 1404
6017 4754
2530 4115
8227 2630
1562 4017
8257 8095
8068 5329
7298 4989
2852 4561
2007 1732
4273 2293
7067 4293
36 7144
6587 6306
4061 5831
1794 4188
7032 6525
2015 6315
3963 8143
3880 8011
1775 3508
5425 2824
4700 5087
1341 7719
4610 230
3377 8483
6820 2643
5682 1008
5615 602
8085 1342
5567 7555
1161 569
2619 6425
2098 4749
4028 4251
4547 3213
6348 1846
3751 8282
6212 393
5426 3702
1205 6817
613 2770
384 657
2512 5403
1450 6955
6688 7999
8343 1922
163 1853
5669 254
3907 4815
7291 8262
5683 1127
4677 7737
3112 2170
7773 2460
6190 3894
8104 7604
8157 4420
3567 7365
5173 7253
2977 3021
7657 5980
2269 840
5751 3968
6170 4260
3941 5514
4174 6035
5222 4193
991 6506
3868 5878
2200 6675
1416 2816
2835 1550
8353 3798
6549 3092
1875 735
1344 3157
2229 1191
654 4064
5911 4729
7687 1253
1575 7745
5963 5325
6531 695
2462 8111
2155 6875
4062 553
5988 4855
7930 4110
2643 3116
1308 4986
3477 2711
3933 7390
3564 7549
3381 1741
7707 5787
7863 2354
5648 1487
6014 648
1615 7806
5679 6137
6521 1640
211 1494
5432 584
5203 4071
2863 1761
2978 7998
4967 1759
7042 8302
6616 7520
4798 2996
7757 7656
3627 7004
6141 4104
103 5239
7175 5359
2145 5677
1828 5287
4801 7930
3084 1265
7851 6782
967 7399
789 477
1517 2953
1838 5416
597 7943
8175 3456
5127 6873
5831 8401
7828 6886
5324 685
5834 1428
5829 4994
8224 5886
3072 7281
905 7381
1128 7759
