8500 9000
2664 8174
3222 3501
2496 4535
3318 3068
3605 6627
6034 2240
8000 4751
3298 1847
7194 220
3252 3079
3492 5368
6990 4282
306 3076
8436 829
7095 5203
1817 5081
5398 5812
5924 2938
3328 885
3097 5723
4900 1082
3272 4583
7752 6429
6508 2327
1250 6254
1130 4602
937 5639
4132 3095
4041 4587
8016 5165
1913 1891
6449 2605
7485 5839
8273 4128
7394 1016
4281 5732
3159 5682
3631 6884
4726 8168
4629 7166
2125 8329
1171 617
6555 6923
6256 6424
5357 7660
3090 6523
3028 8341
123 4361
2738 5795
1089 750
8014 4523
436 3778
1166 7937
2843 8395
6230 3472
8329 4711
4524 1410
5904 3635
4058 2555
7464 1667
3546 908
1110 7863
2290 5677
1320 3426
2368 2880
6693 7120
3932 7755
5158 5814
6747 1332
83 1197
5933 7796
2470 3063
799 7019
1904 6825
7241 3600
1572 697
5757 5200
4250 562
3552 1329
6003 1724
1282 2775
6216 4494
1416 965
7953 8287
3370 3412
4590 1828
4398 7516
6716 1972
4313 7808
8197 1021
1265 1834
6004 7045
8287 6549
2083 3873
7076 499
192 5661
8053 3194
1456 2205
4113 5997
1846 2241
5622 2415
2054 3017
8126 4450
5133 1074
1288 2457
5070 3689
4234 7371
6881 7002
7384 7722
5747 2636
5024 8041
3570 6566
2271 5822
5433 3490
3032 274
136 767
7646 975
4141 71
5903 6065
1229 1800
2538 2144
7742 1292
1491 761
692 2302
5717 7604
8299 5790
5595 7873
6931 3401
5646 6024
1269 5359
1234 5943
3029 7819
2336 329
5993 1192
565 4227
324 5845
4987 2429
7243 4749
4464 7242
2932 2585
7283 7222
5894 5756
6488 1459
1629 7301
7102 2306
2210 7855
1801 6330
3754 8121
797 267
5346 7778
2737 4600
7362 550
4827 6877
7332 3765
2367 7428
5540 4867
3124 8359
4407 6981
7321 2926
7730 5390
3347 1085
7098 4255
5557 7036
2249 843
6273 4919
1581 7614
7412 2884
8387 4782
5828 5868
2113 7498
5609 2509
7122 2166
5635 6631
8375 4341
1100 6244
5095 1944
4238 3674
6482 786
910 6979
2639 5207
2794 6574
6284 2237
2150 5558
5534 6501
728 6361
4766 3166
3385 7286
581 7345
941 5615
7177 5001
4815 472
6834 2233
6832 3861
533 7668
8085 2430
3579 5029
7714 358
2299 6132
8294 430
1806 4672
6894 5033
5449 6227
5937 4683
4031 8367
4369 3726
362 7653
2650 3245
2883 2489
4170 3266
5550 5420
3589 2191
4316 3273
2985 7854
150 2839
395 1579
1704 134
4774 5827
613 6747
4783 1296
6737 7337
732 2721
3823 4106
6853 8405
266 3904
6856 5425
8227 5310
5877 3775
6417 6408
7131 2825
2063 7185
3502 5201
1728 5025
2355 7292
4511 668
7382 3522
1067 3073
3958 3406
6717 5574
4754 4162
676 3753
4580 3974
3713 2804
2977 1665
2898 2
334 1889
4002 5223
2143 7122
8003 3228
179 2486
1338 6474
6215 2002
6150 757
4582 2407
7898 628
5063 6711
2569 5844
4362 7420
5995 7208
5795 4949
376 8181
7104 737
470 4793
4859 863
712 4433
3481 7804
4026 7968
6472 6176
5107 7721
3952 8259
696 3282
564 6351
6556 387
5808 3158
6918 1164
101 392
3280 7442
2654 6455
1208 4582
5082 3086
1434 6921
4053 2566
1661 7652
351 7243
7454 7583
6805 7410
1187 2499
1681 3602
6971 5828
4972 8156
995 1965
6549 815
8201 4431
3883 2051
7592 3295
5590 613
7083 4925
3648 2544
7051 6488
3543 1545
1684 7104
98 6392
5477 441
1973 3057
875 429
6533 4705
1020 6975
5929 3439
887 892
8221 1585
7168 7566
6487 3444
5303 5582
5887 4651
1413 5028
7337 1322
325 3116
7849 6027
2961 769
8104 4787
173 3876
359 635
4095 2384
4819 4516
5314 6949
3520 2790
1496 1012
3845 3049
7806 1790
4254 6111
1540 8072
7251 6209
2674 1778
7762 7173
2298 6102
1720 7977
5138 7299
5931 7507
7442 6075
795 5900
4244 3634
1283 1538
4413 3310
4690 6734
2826 7990
2791 3547
1706 6322
3810 6691
1775 5569
7315 2939
4630 6320
3892 741
4609 883
4492 3344
7615 3761
5118 4741
969 4111
818 5116
796 8037
3423 8299
1235 4595
4526 4660
260 4928
1396 1713
3174 3758
7793 7206
2479 7959
4375 2637
4096 3419
4866 3207
8242 2376
2587 7449
7978 6026
7025 4488
2428 4058
7844 8284
5614 8278
6754 4962
700 1943
2597 7315
2969 2505
6491 121
3682 3468
1590 7771
2423 1245
7941 8192
7726 6206
5942 6113
107 8234
13 6386
5732 3948
5116 5931
7862 2596
6320 1919
673 8351
5322 1421
6413 3664
223 3885
3187 1373
4092 5666
2522 7630
2318 1978
7760 813
5820 828
7610 1880
1797 2012
1527 4202
7813 7703
4910 5804
2671 7224
2325 3705
3861 3821
6131 8131
1038 2952
5127 3028
1548 2581
2564 5664
1225 1301
4621 4229
4809 1364
707 428
1510 3309
2098 7217
7297 5956
5885 306
649 2974
1190 2842
6133 1653
6493 5277
8378 6614
3461 4338
4294 7003
5069 2646
3086 276
2109 8067
62 2760
1422 7751
6471 1326
141 241
5067 3896
886 844
4007 448
6584 5483
4057 2588
3324 7837
4932 1746
3762 3345
365 3648
5083 2658
5399 4329
7316 3800
1914 5962
2636 7906
7909 475
7558 6965
967 7198
2550 2028
2949 4777
5331 5771
2251 5770
2207 7182
2858 3970
4546 7739
3838 2737
1310 3291
1773 7134
4519 980
4610 5456
7932 718
363 469
3019 6197
2927 2438
7998 7059
479 6618
1069 3167
7266 1401
6376 3225
4232 1722
6002 204
4847 5303
5336 1937
3562 3356
6558 7886
1221 2207
6387 3822
327 3587
4278 2022
7578 3296
7769 6829
2272 6123
2158 3417
7977 8247
7057 4438
2865 3940
3470 19
4273 5693
720 4906
2384 490
5351 642
1651 5158
4624 4095
7622 7148
6452 2599
5505 4841
5699 8159
5816 449
2565 7017
8382 7531
5299 8
3642 2247
3447 8077
3416 4935
4442 4305
8068 7702
2430 966
6692 1225
8161 7179
1343 5753
8195 3377
6207 4403
1189 7435
5514 4446
3951 5669
3626 3820
3668 2308
1284 4593
193 53
6686 4816
7448 7375
1080 7711
3051 8155
4897 3780
7569 2096
4890 7417
3628 6052
5313 2019
5493 6832
6349 4775
1441 4200
6691 7770
5151 7606
3402 4184
2402 7429
146 4576
7582 8124
3349 2515
4285 6343
2693 1006
3511 7675
8334 7953
2052 3496
1724 4812
633 1824
5012 7543
7604 2786
5143 342
1378 8091
6042 2983
14 3951
7176 4902
7162 2229
3172 7465
4201 6581
431 8337
2684 4220
3750 8392
7050 5508
8279 840
8034 1601
3893 4374
1169 7608
7245 2235
3900 6217
5864 1703
3110 3929
800 3346
542 7815
3284 6073
6067 3267
5214 6273
2420 6120
245 5872
7212 3993
2433 7210
3616 440
4657 8293
3598 798
1109 6988
1210 3429
7755 4663
6945 777
2009 637
4795 4693
3860 7364
6678 5969
2276 615
7876 3215
8020 4921
1732 7884
3638 4253
5320 363
7199 6765
1906 193
4485 5652
952 4034
8406 7946
5627 5435
5956 1822
4997 5242
5849 1513
1129 823
3587 2597
7313 4256
705 5871
163 601
3146 7525
4505 4934
7429 7920
7086 7640
7837 7500
7890 2187
7100 5877
1098 6180
7687 3176
2096 1293
5486 5238
7187 7781
2395 194
3711 6305
6036 6698
3512 8096
4103 1314
1023 6721
1480 1154
4304 1463
4016 3082
1907 8345
4994 4197
1060 1179
2489 6079
6786 1315
3985 8491
3882 2109
3674 3005
6587 4168
6132 687
746 3649
346 2347
4241 2026
7688 1849
2212 4567
7585 4127
6186 3556
6579 4982
4216 5767
5546 232
1351 6681
805 759
526 5674
4101 2192
8250 1765
624 6735
7062 8186
1121 3627
1830 7847
204 8068
4522 5026
6032 5836
1788 7397
997 5696
1568 5655
3773 8026
5245 4746
4159 559
7310 8012
4018 820
1186 4285
5420 7174
1698 7706
5282 7581
7141 1887
7145 3306
6794 1027
4456 8231
5789 5671
8028 4951
4826 1303
1725 1018
3962 3362
1175 5324
3889 1036
2027 1950
790 8144
998 1960
2134 1064
3707 2279
5967 788
4776 4007
1841 4
5528 4032
6085 5726
3506 6962
7616 2478
6619 7914
231 1267
4911 6431
854 4473
1863 402
6456 6194
1952 5819
1845 2020
5669 6973
2348 7132
5511 6958
2747 5262
8143 4050
4374 2337
7478 6828
3268 7241
2861 7642
774 6749
4529 6370
5025 2177
4904 6222
2811 4455
1765 1660
7371 1294
7881 4644
6223 1816
2447 4677
4626 7536
2625 4019
8117 4479
2136 4480
7629 2481
5572 3208
3219 1415
1124 2155
2036 4536
3857 6447
3513 4780
86 2976
5647 7963
2763 282
4327 7271
485 4048
697 311
8274 744
7670 8000
4168 6803
1660 2644
30 7701
5238 4673
1923 8303
278 4689
3363 1507
4338 2651
4161 7674
379 1144
6354 3536
6893 4028
7353 6045
2519 8235
776 5944
6359 576
7020 1795
3873 3541
4361 6716
7372 2482
5858 7285
6179 3852
8083 517
4098 950
7282 5039
3953 4226
629 7494
1077 686
2692 7401
1483 3661
5381 6722
4705 7445
1577 3324
2729 3580
7743 8120
3564 1376
8167 4632
4807 7567
2429 195
2852 4188
7634 3297
165 6948
816 1574
5607 2876
5893 1702
3388 5987
3243 4807
6804 3133
3583 4876
99 4070
573 5914
6743 1336
2937 6252
8190 6684
5539 5673
1896 3676
1769 8471
1367 8139
2086 8004
5114 6400
3060 4206
1921 571
1018 6207
152 317
6798 4320
3956 1614
394 95
5668 6525
5254 5424
2984 461
7900 4579
1824 7424
4125 1360
3050 4260
7667 1909
6327 3776
5748 6291
7370 7529
4500 7794
262 3321
2884 1878
4763 1432
4228 489
2092 1098
1309 2963
6382 1038
2319 4617
1959 8386
989 5565
4868 5769
7976 1221
5685 277
6337 4695
2448 5168
597 5022
5543 1195
4762 7330
1982 5589
6496 7885
6054 201
6690 8219
8112 5834
6281 5564
5963 5519
1946 2583
7589 6598
3508 8313
1182 4806
8311 1281
7676 2942
7496 4897
8060 1623
6415 7054
3677 2124
1710 7894
2284 8280
1891 919
2801 3442
2089 4636
5906 129
6789 3078
6497 5668
2905 1375
5267 1249
2338 7899
1431 1858
1530 708
2228 6394
7934 3879
5450 7490
3724 31
5008 5253
5274 7981
6060 4649
5179 3853
7110 8226
1293 5718
6221 8199
7566 1214
8145 4745
2045 2483
554 6084
3273 7546
1815 3128
757 2280
5734 6427
7950 841
6744 7597
541 7197
6574 1692
3517 2013
4269 5515
3122 1014
3797 4713
6193 5322
2665 7351
1516 4449
2866 868
8363 7033
2781 471
1716 7450
8449 7367
4998 7772
7235 2095
8065 7376
65 2928
2379 7617
7411 2201
4563 5265
4543 7409
5258 5610
1207 3376
7938 6218
1438 2419
985 1929
7937 5864
5565 1416
5881 8401
2700 2695
4262 118
7708 8059
6681 7596
7735 407
4222 2204
1557 3189
4823 190
4699 270
1009 5730
4445 6824
5059 1140
5060 5939
4265 1945
321 4461
6529 3715
5471 5888
2313 3526
6068 5402
4539 3009
738 8246
2090 3642
6463 4308
2783 4323
8471 4149
3669 1483
4798 6279
527 1803
1547 5075
3456 2314
5096 2807
6276 1936
4935 3104
8045 4790
1744 6253
3976 1555
858 4223
2177 2527
4778 7983
7271 3392
6070 1843
7392 6650
404 2424
2509 7101
1656 625
4703 2047
6254 6682
3723 756
7497 5750
7642 886
5330 78
1242 3457
4162 3247
6612 762
670 5115
4599 2370
4199 2480
841 7892
1951 2112
3571 8129
6169 256
8129 3992
3156 6020
764 1592
7535 3351
1818 6609
2831 4151
4081 262
6381 4640
4618 4608
1739 1685
695 7035
303 506
3573 4114
4622 1232
8 541
5673 5539
7711 6594
4482 2653
1781 7199
4065 8200
7812 7790
8077 816
3607 5353
845 5832
7822 3077
1345 5069
7884 2720
6474 7127
1085 2220
6190 3569
6667 5531
2734 5506
5442 33
1026 3831
7360 2615
3950 6543
6469 5121
3625 7499
5072 5011
6465 1310
5879 6468
2296 8161
7016 6104
1950 248
8149 3833
3692 2359
8272 6700
4332 5184
7983 6301
6195 5398
6318 3190
6922 6219
7359 7455
6162 6012
6001 1593
1383 8304
6484 1141
3940 7418
6600 3070
81 3797
7087 3019
4476 4530
4032 6347
5251 845
5737 7294
2520 3611
2511 972
7010 5986
7451 1340
2184 982
4027 6811
1920 4613
2876 1170
3311 5431
3673 5249
6844 184
8290 7620
4080 4335
6658 140
8114 3479
8180 7849
4149 1067
7022 1532
6275 4726
4060 1821
5833 1721
6551 2056
2043 6855
1131 3224
406 5004
7329 5697
4967 5702
335 4144
3575 44
6756 5423
663 891
2334 1913
1611 5049
3639 2761
8310 7670
4204 7369
3489 7989
6426 4368
5170 7188
1782 2227
2018 4413
1805 7628
2728 280
4685 6430
3231 3530
4801 7542
7955 7805
4672 5347
6278 4330
2061 7313
3183 7153
7623 5891
6353 3883
3708 4178
2021 7327
6105 3118
8474 5904
7794 577
5923 1651
5684 3943
3555 340
3803 4316
2100 5744
7248 782
326 6491
3665 4635
7434 316
7912 1559
5549 1398
1295 8030
2788 3851
5305 4767
783 6738
2432 5377
590 4736
6912 3032
6841 4629
4466 2791
5850 13
2714 2684
7306 5189
6091 6196
2718 7262
8358 4679
586 4817
7795 7841
4439 552
2604 7358
2255 7941
7759 4314
2121 1560
4614 6774
878 6155
508 6293
112 3350
73 4685
1276 2245
4634 7997
2080 2258
7575 1222
130 5600
205 4980
5566 8184
4561 2131
159 3436
3247 7247
348 7353
3924 5067
7933 4298
8089 7154
5605 2027
3636 234
4944 6096
3104 590
7948 4025
3048 2217
3787 8269
7399 2795
4462 5152
2542 1596
503 2713
1670 166
5626 5824
3079 4222
5340 3130
1411 6289
2611 5802
5984 7806
6924 2234
918 5555
7420 1083
1998 1219
4292 2157
6846 1510
7788 3603
3322 5054
1236 5971
8469 2304
3118 5328
401 2049
3784 7693
2771 7097
5709 4929
3474 2268
5211 2437
8078 22
1268 146
317 3238
7335 3687
6277 4871
3128 608
3022 6039
2841 4537
2292 5095
3227 3643
8377 7890
206 8334
2646 7753
2955 8315
5204 4003
1924 2202
2539 8447
3424 2932
7869 7411
1594 4235
7066 5968
6470 7165
5909 1885
3586 7404
3547 5239
6019 7135
6626 715
5206 5016
2536 438
5111 2656
237 6937
4193 5241
5271 265
5962 7453
7631 1270
2809 5141
853 7502
2152 7205
1901 2757
2514 7823
3608 2211
520 2901
4835 5319
1301 1580
497 4674
5843 7643
3238 3314
6435 7522
3912 6507
3650 7461
846 1567
4992 5441
7891 4965
4913 3172
4075 6325
4373 1494
5910 564
5773 1830
6713 838
3840 1124
4179 6145
6321 2329
4551 4712
4073 5072
7803 3746
5388 842
6542 4570
6899 5498
7624 1335
4650 916
7455 5467
6194 5658
6196 6446
5187 4465
399 2185
895 412
1201 7986
1205 1625
1420 1846
4649 1045
7770 5204
3507 7109
6473 7075
4359 977
7479 1809
7835 6799
4083 466
4616 2465
843 8422
96 8342
8118 8092
6290 6016
682 3333
4558 5763
1127 5386
8018 4360
3004 903
925 8222
8455 2195
658 2299
3915 7344
3880 2073
6937 1895
933 3769
2925 7501
3709 6267
6364 946
1636 4967
2707 2261
3672 5731
7800 6766
2513 8456
8484 2929
4267 6420
7142 6690
3863 4422
4157 8220
200 8302
8247 6355
2525 1277
7113 4344
92 646
6104 7220
4370 7916
353 7506
1012 2852
5977 4192
6548 3869
6461 5384
3145 917
5080 2485
6339 3175
5412 3900
5601 1365
7957 6005
3747 1200
2719 6018
4094 7876
3725 526
5670 4612
5263 6744
6668 5349
3719 7687
2828 109
4463 6939
7059 7994
2754 6692
4169 3139
1645 295
5531 7595
2616 7005
7671 5534
2482 758
2427 7563
6422 6258
1399 2446
6695 3712
4760 4469
6259 8353
8320 6285
3164 6781
1558 3881
28 4556
1410 1973
7445 293
3851 8324
7358 6172
1212 6166
4723 1485
2057 235
7483 7372
5974 5990
167 4294
5722 1864
5803 1571
7173 2080
4788 2670
4453 4513
5081 6696
4036 4110
2307 7972
996 8025
432 8400
1425 2107
6400 132
6915 1427
49 1626
5237 2079
342 519
3167 882
5348 5374
1194 3410
3497 3621
8036 2307
5618 7845
1078 2054
7447 5876
3786 834
8388 5180
4019 5480
7326 4069
8313 218
7911 5597
5019 3440
7158 3075
8267 2950
5940 3062
3262 4393
4636 1707
1004 2148
1463 8477
5902 8455
601 2381
2056 3443
1164 953
7328 2539
3390 1399
4086 4878
8050 2690
5242 374
807 1952
7424 7056
181 4819
7461 4908
3384 326
7672 1258
4595 1484
6627 3889
6782 2830
1240 3330
6332 3155
2370 5122
4573 2913
213 7140
6791 2629
4982 3656
6892 3053
6745 254
903 4386
6120 676
5952 7879
4611 3910
737 3618
7720 224
870 7758
8296 719
1215 7694
8282 588
1 3713
1671 6272
2295 5098
1658 4671
4298 2782
7974 4218
4358 3054
4318 5575
4421 2114
6728 4439
3155 1942
3161 5977
4015 6776
6291 3520
1066 2667
7961 5570
6676 2248
2617 7069
2798 6177
2867 51
5456 8043
2020 4830
769 2662
665 1998
6378 5409
2704 2440
19 3380
8243 2933
5994 4325
4545 647
4401 4842
7201 4376
402 6336
2081 5172
1248 230
2269 6153
5969 2458
4993 792
3965 4183
2966 4761
6274 4619
8222 6066
4268 6432
4214 8193
6443 1890
1892 4079
3749 3015
2285 5867
6233 1177
7408 7958
8119 7766
301 2824
5743 7426
3397 6042
3818 1371
7721 2967
702 3322
420 8361
2508 1444
4465 1243
4137 6667
4381 2368
6677 5155
3974 7754
6929 3982
1161 1017
3021 8074
5108 2707
2975 7441
5501 2645
7580 3047
4434 8063
6213 859
7383 5825
6981 5430
4112 6313
3486 974
6511 3509
2682 4221
8298 6882
4597 417
69 6655
6006 6645
5950 935
3955 3505
66 2783
7175 711
524 1683
1211 865
3094 4304
5352 6820
6731 5698
1083 7700
1534 4198
6307 2477
6617 3052
7185 298
3584 2005
6115 5780
2853 803
6279 6070
2201 1570
3323 4915
82 2652
2329 1825
678 1535
4674 941
5961 486
5289 7881
1270 4118
6214 794
3283 1940
4955 881
2952 3619
6572 5113
5657 4210
4128 4499
1154 394
1436 7666
866 141
8056 1189
4894 8394
426 4312
7143 3849
1701 594
7070 8189
820 7848
4056 4365
3013 5890
8219 6935
23 458
1736 4931
4444 161
715 2447
7560 5648
8317 3944
5482 4404
174 1150
6869 6544
4926 6495
7544 2777
7583 3542
635 7993
6879 7189
7633 6449
5029 6049
5329 4724
2647 5226
6149 6352
1827 2557
8428 4630
1054 3979
2609 7547
7284 8420
3442 3708
6161 7446
2901 5335
2385 3220
4970 6974
6356 2286
8293 5897
4245 4001
5337 831
2047 3597
3415 2225
6657 2896
88 6438
5207 5829
2813 4955
7265 5295
3574 7317
522 618
1402 4132
4946 1833
1997 6590
521 754
5045 2677
7503 2411
6751 8116
5598 1508
7129 5916
5570 3379
1880 5030
6688 4504
3826 16
2317 6031
3948 546
701 7579
1583 5524
4423 4383
4310 3408
29 2616
1502 634
8400 7396
3943 8406
6726 1354
2709 5020
6850 8256
1741 6463
4071 4313
6342 4539
5448 196
6524 8036
4899 2669
529 923
339 8439
3759 6299
6944 4142
8308 4757
5369 1435
8349 4230
4941 3710
2222 7838
384 532
8355 7964
1022 5572
5260 462
1641 7607
7717 2138
3928 231
4821 996
6093 496
7506 3784
5452 5568
2579 5299
880 8003
8441 6307
7600 8133
4014 341
6544 4505
8023 2979
4885 5469
839 330
7058 5413
6098 620
4090 7654
2073 7699
8262 433
5981 3400
2659 7735
7433 8473
6505 5382
7435 1829
5374 4795
1039 5267
5338 5111
2497 3039
2040 5009
4659 7982
687 6904
5829 5443
8257 6625
3422 1780
1430 3445
3452 155
4051 7416
2398 5396
7764 7801
6774 1826
2278 5861
2311 3040
3748 4998
2756 3013
8318 5017
4862 5556
6025 1259
898 6953
7152 4543
162 2389
3696 7719
5051 5264
3774 4343
5406 5985
5678 1117
1857 4193
5733 2497
1317 7431
4070 4173
5641 4124
4235 2657
8498 6459
4929 1024
2713 6868
5007 8449
8418 7564
3180 6873
7040 2955
7745 6807
8087 2081
6602 6576
2544 3934
1388 1445
7693 165
7638 3789
5771 7496
6701 7519
2668 8363
3822 4596
6459 2255
2562 3610
1703 2654
7994 621
172 5261
7428 4912
4605 4592
486 3360
3830 7987
3874 1473
2197 3212
7136 1402
109 3576
1760 175
793 385
7516 7163
5571 5970
6620 7962
8370 2434
2493 2156
5365 2067
742 5889
725 7852
1758 2468
5702 3287
3454 5291
3162 685
8291 7672
2591 3972
1699 2471
4662 312
4104 2265
7374 7223
1490 5725
1007 3977
657 4559
3655 2610
1538 4098
2953 480
2807 5865
5153 6147
1029 1558
7842 3763
7879 2159
3701 6490
2037 3474
2529 1954
5987 632
7346 6986
1953 5806
1424 1032
6110 6686
7117 4703
3990 297
3926 3461
2556 5691
3320 6257
3233 6767
5704 3087
2468 753
1966 7768
2891 4008
7493 5437
6480 7105
4867 3000
3594 181
5807 8241
8475 6908
4533 4923
3630 1716
562 2263
2638 4092
1854 6200
1865 2462
5378 2180
8099 246
149 4407
6644 2077
6178 5495
6073 1586
7471 612
2590 5148
3848 1093
64 6211
8288 6135
899 1204
7480 7068
1787 2001
6802 5473
4085 1008
2566 2642
7628 3838
786 4012
4973 6261
6428 3368
1943 6001
1898 1126
7135 4905
822 5953
4044 3680
5653 8349
622 170
7733 5926
4810 3432
1700 5749
2942 976
1734 49
2689 408
7959 5259
7006 8081
8152 557
4299 4957
1771 5244
4303 951
3689 7710
4734 525
602 6251
4814 2439
6765 5642
5147 5805
1855 4276
261 6760
6567 7248
7091 6465
6532 4719
3876 7950
8314 3094
3805 3217
3490 5099
5038 498
735 554
7847 2611
5819 1044
5587 3799
6172 7903
3321 2061
1050 6622
3235 1741
8372 3475
7179 1148
5619 6944
6322 4859
22 1273
8248 2756
5728 1169
530 4094
7532 1957
1745 4490
7443 1556
4902 4459
4576 7382
5020 2897
3127 5529
8463 1694
6076 624
873 7813
5826 3623
4088 6457
6527 5395
7290 3692
2221 6518
3597 7685
5562 4289
297 4454
347 6422
287 7511
124 3964
37 4623
4478 6019
255 3423
2645 4735
2356 896
2044 6270
1468 5273
4749 7272
6906 5622
184 6554
3111 3983
1543 4986
2980 6695
5726 7616
3254 2606
5058 2578
7333 8467
7999 4832
3135 4581
2170 1439
1517 3567
2935 5110
6699 303
1893 5794
4556 623
8236 7561
7692 1369
7790 4086
6388 7006
5401 42
2534 5105
6299 4334
6875 6593
5898 1755
330 2888
5775 1557
7489 5468
5638 6837
8434 2874
7252 1495
5693 7043
1814 1114
295 8150
1793 1138
5115 747
7473 3163
7042 4840
2475 7737
2120 6596
2205 4381
2211 1300
5612 7408
1137 4105
3249 991
2662 4958
332 4340
2293 6411
3450 2142
8477 6164
8496 8006
881 555
3217 5676
6173 404
7845 7965
3509 7665
5949 7825
3846 6081
440 2336
3933 1132
5278 7913
7839 1710
1866 5481
8367 5792
5911 8365
6767 8487
4302 6516
3657 6850
4575 291
3911 7295
3539 5044
3314 8122
2627 3044
6862 8440
1241 7398
6606 1229
7180 6768
8487 4349
1274 5372
8155 6866
2760 3628
1584 1297
2793 5583
1087 5591
1738 6960
879 8114
3178 5917
7946 5489
4109 7050
1185 1730
4816 1670
5395 11
5212 6789
33 2868
2723 6814
3987 47
2022 7263
7323 6364
7715 1337
1394 2865
587 6129
1142 5768
928 1962
2051 1325
667 3604
7301 3633
7703 2040
6519 2259
6942 6694
4363 4887
1227 3343
5106 7324
6958 1095
6570 5010
8386 4621
1360 3766
5585 3752
3282 4668
8254 2681
2851 5213
2973 5623
2584 1389
2890 1791
550 6969
1395 6119
219 1129
6143 3241
7466 7774
4378 372
5652 6533
511 1955
7305 1505
5382 1842
5998 3210
7621 658
1224 5598
3165 862
3201 4471
7551 1533
2577 1190
4923 1107
6180 2545
132 4548
4828 809
3621 5175
8275 4654
5487 5117
4956 5263
1652 2257
1571 6278
7413 2969
5005 4750
4887 4423
2517 6954
6083 1178
6969 2701
1551 4528
5689 8173
3644 3154
3265 7051
2667 318
4457 7204
3274 7676
7300 2035
5913 5599
7906 8291
7215 495
48 5679
2174 3174
7731 6579
3757 7144
5694 275
498 7480
6102 6182
4156 4586
6586 6926
8115 2292
978 5343
7554 856
7781 5633
779 1422
6855 5927
7275 4143
1978 3882
825 6504
5519 1996
5028 1467
4382 1488
4138 4901
5573 5131
704 80
390 2867
1097 2088
3085 8164
7818 5052
1002 664
3572 826
6592 1233
2920 595
5006 2021
59 6138
3188 846
2453 1977
5134 5194
2560 3582
3287 4351
4631 8249
5411 1133
4062 6088
7502 7647
2289 2283
2982 4078
6674 3034
6530 6497
538 3960
2835 400
6833 510
8402 5618
8444 2409
1123 5521
1556 2614
4491 6496
4397 1345
7784 1861
1935 2841
4384 3383
7405 5312
6398 4346
4933 4781
8359 106
1107 7128
5840 380
6905 6883
3399 6704
3937 6615
1989 4786
2712 6199
3875 4175
5798 2845
3606 4666
2988 7029
3307 2042
979 2731
1759 3023
5576 7858
7588 1263
5510 2130
741 727
493 4944
7037 2351
680 1175
5841 3535
4848 5206
810 2640
3994 861
1406 1224
1408 6715
8280 3565
6682 1935
936 1489
7206 1911
4200 2835
6817 6552
275 5426
7225 3601
5515 6056
7520 1801
669 6817
2962 8103
4473 8054
6624 271
7895 6300
987 7734
6979 4491
3203 6239
5664 580
7632 7040
6777 4681
8426 3663
2187 5553
4640 2269
1900 6732
3837 3504
5559 3848
4047 7895
2741 6793
3827 5665
2172 2365
5886 990
7618 2862
3654 2732
3656 3138
773 1700
4903 1787
4429 4211
45 5333
1664 1815
2181 381
4343 3050
8046 1409
298 1019
5790 7589
1702 4245
8369 8106
575 8443
1768 7799
8407 6561
6837 4327
4349 5068
1291 1316
3245 3691
259 629
2297 654
1962 4829
4838 7487
4716 1524
2800 7258
4578 6040
7130 6740
5746 7170
7556 2023
2862 476
5703 1595
6334 836
5172 7866
2540 7106
6988 5933
703 837
311 1405
915 2623
5992 2291
3205 5683
901 1330
7388 6405
4591 2375
539 4991
2727 5856
3289 6651
2924 636
3856 5525
3554 5518
3649 7207
5520 6534
8351 4748
4676 3942
5311 5097
7907 2941
2314 410
3432 99
7171 6412
507 858
129 1594
5404 3734
593 714
4761 2785
5655 3124
7593 2575
4459 6997
3380 4569
1948 5548
6975 824
5163 3278
5964 3188
3197 7509
8122 2832
3983 7765
5661 2971
3991 3920
4012 7389
2439 2460
3366 4148
2863 3539
2164 847
1197 1111
8052 1066
7368 7013
164 6083
7132 2260
6209 5659
8464 5707
6500 6664
6890 4909
4091 6306
8232 6425
3921 3394
1322 6124
6059 4714
491 5678
3054 8441
4520 7194
5761 6170
7111 1110
7 252
1842 8444
4061 1924
4054 6512
2191 3074
6965 3211
3236 5537
111 2520
3624 745
6434 147
6199 1932
1143 2168
6758 1928
230 6115
1696 4311
2983 1720
6189 5323
189 4561
5075 4799
8437 3135
5308 3706
2711 2250
1927 7707
874 1719
3208 4920
6830 164
5077 6639
3716 1886
1860 3553
1604 5147
319 1646
8251 3771
8074 93
2593 1208
6247 3036
6328 736
4647 5803
5333 2052
7192 5308
1418 2431
4785 7015
4443 2673
7736 6450
8125 2121
1074 29
7324 4354
5226 1063
6727 3016
5262 3318
514 2820
5649 857
6344 7213
6475 6999
4365 5920
7519 5432
6768 962
2219 4400
6227 5751
7385 189
6113 4788
2827 6644
8019 2449
7355 3441
6504 6419
2156 4811
2315 6046
8081 4286
1799 7985
3641 5843
1608 5046
4564 8415
4852 2252
2926 6893
5257 2759
5667 8143
1435 2668
380 5820
5349 5031
8211 2514
811 5464
241 7228
4831 4437
519 2209
5502 631
4735 1005
438 6398
6857 1583
3458 5082
3377 8147
6078 8027
6013 8426
1852 6143
3884 3081
6616 2326
4931 3793
5457 6578
7607 8225
8055 1324
2066 3507
1770 5540
8194 328
2465 3605
1752 3298
4430 3259
4596 7673
6236 5101
2870 2313
7089 143
4512 3216
8409 5546
660 6264
5784 6302
371 1346
2332 1287
4172 528
639 6234
2337 6071
8362 973
3300 2266
6485 7615
5287 7611
5334 5188
1969 150
2976 7356
6648 3458
341 4091
396 8170
7470 346
367 4936
7782 6269
935 339
441 1551
5935 7095
155 789
1086 599
7293 3462
1136 3389
7400 5074
3643 5176
4741 1676
3610 5414
7155 542
2401 8052
1099 4893
476 8179
7195 8197
5004 345
3391 3521
3408 6061
2229 7741
267 8423
1591 2726
1206 689
3746 405
3266 3129
794 5376
7905 7386
4981 1291
5888 6242
2605 5034
3465 7151
5512 2416
6269 3682
6490 4845
2262 4159
2359 4797
2568 2488
5778 7752
5781 2277
6930 3571
2732 7991
34 1542
2189 1187
482 6048
3316 5104
4108 7635
1861 4977
8390 6077
5794 4497
4743 7715
6294 6295
8181 4983
1599 5638
8153 2962
8319 378
2573 2747
7877 2030
499 4456
5264 7533
4698 2543
3695 377
8269 905
5763 8019
6197 1591
727 6905
7870 5492
6531 6150
3499 3192
3468 5053
7309 6717
1299 1199
411 7835
6363 411
5725 662
1949 1975
7314 6004
3964 4826
1178 1486
6182 5761
4344 7820
5122 82
5360 5478
7395 4267
3335 4940
7805 3106
6314 5551
4064 544
7007 356
5848 5880
5524 7077
4270 690
6684 6513
6066 2206
4818 3538
7063 5275
3035 4231
8174 6184
2685 4594
7009 589
6755 8421
5434 5493
238 6428
6964 4492
3351 3533
6625 2765
6117 5712
5682 2037
6412 7562
4452 5162
3683 7067
1191 1453
8107 6563
6039 3901
2917 3824
3524 1136
5847 7689
6026 7357
2915 7859
801 3803
3340 5542
1627 5087
5983 7929
5086 3083
2680 5653
5195 1832
6239 3480
196 1079
4377 4691
8218 7415
531 4082
2819 2920
7153 4573
3632 2111
592 5787
8473 2297
8438 4754
4836 4120
7914 5316
5102 6365
4858 1568
2521 6388
6501 5317
7613 3650
1550 6456
3066 3874
6842 57
699 1689
6680 3177
7055 2008
792 5724
4922 8158
7002 8498
3842 3585
4117 5472
6928 6846
5104 4377
1772 3936
4191 561
2847 6864
5863 7260
6708 7395
3228 1898
1259 5302
641 6286
2694 7111
5053 8101
4431 5758
7697 5522
5624 5841
5132 1171
6112 5643
1642 6165
1561 5740
3679 8305
2842 4196
5307 8495
4696 4996
1476 2801
872 5208
2991 5833
25 7119
1306 4515
2572 677
4557 2360
6564 2592
3694 732
3431 3911
7320 334
8144 651
1081 3750
1392 4577
4432 5835
6103 5998
2303 3455
5182 6011
5978 1119
5324 5791
7253 5566
7189 2675
4307 484
809 3180
3751 1679
614 179
8306 6674
7342 7669
7468 4768
608 864
5149 1327
4339 7159
2375 6787
4028 4763
6282 5266
7375 1547
314 6245
2471 2815
2780 6022
7096 7284
958 2000
2371 7230
5959 666
6721 7577
7294 6366
1220 2316
5830 1134
6243 3653
3493 4973
2419 7123
5542 6014
5677 4339
4229 7180
1937 6703
1887 6078
6210 2164
1722 1733
6237 2947
6325 6262
4984 3454
4671 799
2502 2264
7462 8357
7490 1060
1588 4818
7527 7559
2583 5091
1756 2780
6608 338
2910 1881
119 2423
6528 4946
1883 7448
7138 5270
7261 7933
2946 5715
5097 436
4283 7558
4915 7925
465 5279
4648 5928
6585 8261
4820 6654
4055 8009
4287 3668
6108 2755
7224 7975
5296 3270
496 3331
6566 7405
6955 6729
3291 694
4864 6121
364 5937
6679 2571
5321 2573
6783 3303
8271 2210
3599 669
5136 3121
4974 4265
3293 6827
304 6885
3565 5167
454 7226
6994 793
1055 2625
5755 7310
3350 4004
7609 6689
1774 705
6882 4599
4050 4952
5912 1804
8169 7303
930 4161
3200 7439
3671 2561
3783 6178
5651 4336
5488 2769
7257 4134
6790 7306
1972 1328
5217 236
7947 2208
6573 1342
6712 913
3071 1709
3413 504
7081 8010
215 655
7105 2923
5991 5191
4799 6540
6921 8417
571 4978
6164 7491
2361 2089
7874 3492
6613 6122
1499 1853
484 1696
4335 6237
2748 8458
3043 7211
2960 6701
3737 7690
4328 2507
7217 6633
3103 8402
4392 6381
6545 5960
7965 5096
1792 7569
209 3914
1911 3810
2154 645
4939 1306
4693 8482
7573 1323
6033 7136
5574 5103
1337 6114
8177 8130
77 3493
7107 8100
6593 7684
3263 2958
276 5066
6126 376
5581 2691
2483 3913
7684 665
6188 4765
1958 5107
6366 2679
3359 7282
3825 1632
6867 5603
5062 467
552 6226
2025 6872
5853 5778
6370 357
7222 8060
2413 7679
2588 3640
8109 2330
299 4261
4037 3839
4521 3146
3212 945
277 2531
3367 2821
892 6108
338 6276
5467 5190
1500 3592
5285 6871
224 6845
4732 1196
3160 3560
3387 1087
8039 5460
2930 4500
5039 2803
4592 1677
8043 7092
4840 7548
6577 4246
3400 8308
5167 2218
7495 437
4330 4133
6605 3916
2586 5452
8341 3887
6763 1461
4020 1990
8189 8078
1940 6925
7555 422
7094 2494
433 5227
7202 1671
8494 6888
4231 247
3020 4085
4873 2321
7273 7683
7449 7731
6722 2340
8453 2686
5033 3525
5580 3855
1177 932
4446 5260
3988 1624
5458 994
8021 6483
6769 1688
904 255
3438 4503
6923 6454
7198 6032
3040 4521
745 2551
5897 7057
7317 4228
7792 2604
418 1737
1116 2450
2179 6492
157 4805
7620 2773
6509 4075
1643 1183
1616 5735
4515 2781
5302 272
5878 3654
6267 4452
6109 984
1429 7904
6561 4953
7709 7030
8432 2454
2805 4512
2730 8195
1519 7998
1569 1000
3498 3067
6204 3792
4173 7161
4498 6410
2940 3108
4680 5182
7896 6826
8175 6707
7319 5612
4889 1076
960 2251
7754 2453
5745 2535
3959 4531
3339 4898
2695 4718
5494 611
3411 487
5484 4109
1084 1102
5017 8371
3010 3550
4817 5703
4535 2435
138 4358
1816 7438
6285 4190
7085 4248
3738 227
934 3420
7291 4541
2503 1820
8150 4126
7904 2074
3196 5100
6411 989
4856 3018
8335 6672
91 213
3372 4324
448 2428
2161 3699
2444 8017
6268 878
450 1882
3595 986
4951 3529
269 2703
4978 257
135 3709
489 5629
2774 5285
6596 3366
2938 3989
2770 8014
2388 1892
368 2086
8168 1372
1910 5466
4342 2290
4237 3382
949 1068
7250 3107
3059 6359
6429 4189
4686 5874
202 2609
2041 3508
1573 3971
4784 993
1063 887
357 6275
2208 314
6305 2916
5567 3122
1679 8138
8163 5779
5002 2219
2351 3470
6007 8295
7617 39
849 8433
8071 8476
8405 4554
2138 7139
3832 3858
3804 7363
1275 3731
563 3704
8252 4524
6311 770
6313 1061
3427 7329
8327 739
6174 7298
3081 3737
3934 5862
8309 8372
6703 8257
7854 8276
4667 3232
3428 879
595 5340
3618 513
4571 3305
2766 7942
4587 1392
893 6613
6246 8418
1300 5135
8100 7744
3407 1968
2524 137
6516 4418
7970 8208
3828 1731
1462 2576
7492 1999
5044 1905
3629 2948
4242 1103
1237 1472
6787 8023
5762 556
3770 1959
1889 5373
5073 6287
1812 17
7913 648
6973 5405
8421 4240
1400 6091
7184 4943
8186 1033
1471 7402
2823 3261
2958 324
6390 3878
8012 5351
4355 3388
5814 7843
1308 2960
3277 5215
210 2980
8289 3088
5957 3850
6709 1690
5575 211
4555 61
762 6938
7943 7791
2386 7523
6136 5038
2839 4874
4793 1914
1470 2455
4501 5237
2286 5940
5154 3354
2003 5427
137 7743
3717 997
118 2388
5253 5766
1040 7971
5150 5636
6479 7145
6079 264
5277 6268
2405 2441
3812 6940
3634 4877
8025 2577
2463 6193
352 4015
2247 6378
4567 6528
473 477
4471 6034
5146 368
5980 2968
859 8480
7939 4087
7737 2872
3100 5345
3038 3370
1096 2097
8108 2196
2892 5976
3995 1838
8136 8007
3061 8035
2878 4907
8425 7231
7705 2858
7640 5482
3333 869
6541 2046
1626 4073
2241 6329
1105 3947
7765 3830
1492 6308
4843 1756
7254 5085
3886 8380
6595 4961
1886 5487
6643 5092
3663 6105
4209 3371
6735 3403
4725 2382
4531 4588
6306 539
2494 6607
2224 2993
8278 2356
17 3315
8446 2090
5854 5
4832 6676
2046 6894
3221 1236
5472 6311
3211 481
8110 5662
9 774
548 288
868 5721
7824 2982
1689 3957
1786 5935
474 7305
7603 4954
5353 4662
1141 5062
2397 6423
3141 5764
6121 937
6653 1850
5899 5153
3700 603
7509 6505
4449 4272
7258 1476
409 918
8241 1819
7274 8411
7536 5185
4067 598
1595 1312
3047 1181
4805 5292
1603 5651
6087 4014
2442 5946
280 3584
6235 1156
1172 2540
1092 8050
1037 2689
502 5212
318 4402
4652 4532
3018 1482
630 92
2480 5397
867 3938
1173 4397
1707 85
6762 2879
768 3313
1082 1529
5465 5041
67 5650
6455 2371
16 4417
2160 5714
2321 493
6948 4064
8193 6619
2957 2338
5229 8296
1128 5815
543 1748
2352 6529
2008 706
8423 202
3727 4410
2990 6377
3345 4869
4977 4509
5128 4687
5754 4873
5596 2171
4607 2909
6771 726
833 4609
842 4988
4004 4243
7655 5436
120 5326
7581 3114
7574 1930
3931 1984
2561 1003
2757 1897
6936 6443
3785 4585
2399 6753
6663 2748
2600 4319
2340 1705
3853 7603
191 2784
4938 1652
7700 5924
2929 1759
2635 5076
777 2569
3113 1514
3866 6349
7949 6221
1049 3665
1822 6399
7363 1456
4964 4432
5359 7887
6063 2103
7864 6951
3960 1155
273 5535
7213 967
6457 3294
3244 3340
3664 7844
6372 4710
557 7219
1574 3399
2677 5554
1576 4680
254 3201
8105 4384
686 7874
3476 4550
4367 6963
7809 5898
6301 2474
7134 217
6028 5094
5591 2276
7838 6333
464 3115
6088 130
7673 212
1393 6759
5306 897
3281 4846
1362 1971
4317 7419
6926 7028
1046 698
3736 6917
1691 5530
7757 8468
4642 5003
5180 8318
5583 279
7229 8281
3808 933
7567 5124
6848 2399
3325 7622
4638 2436
6270 5681
145 5446
4781 679
7354 2160
612 5161
4909 3754
1321 3478
3270 7650
4272 5298
2175 3381
6248 8445
6812 2996
1287 6801
4792 1701
4673 2354
239 365
5087 5393
994 5964
6938 5329
4259 5164
1831 1763
7521 8366
1104 1167
3410 3999
4980 5214
4775 8435
1233 7287
579 2404
7829 3519
2071 6995
4039 7089
5827 2383
1856 5694
4144 4855
558 4627
3646 5032
2281 1874
6932 643
6949 7988
3230 1073
1297 6660
714 7723
6184 5701
5332 852
4670 6460
1566 4733
214 503
3383 696
1850 5783
3258 1106
3698 5276
2213 2418
7182 4457
3966 8230
1905 4753
5786 7535
1994 6473
2149 3221
4329 4533
1957 6733
1683 4686
7160 5290
4764 5293
3535 3173
32 3284
4321 6697
2305 5301
7416 7818
7546 1901
6020 8289
6137 5807
5088 5356
2259 5258
2868 3613
1120 2147
7140 3872
6257 3209
4494 5838
6242 7246
7218 4484
2922 8171
6615 4661
2864 1285
3614 5084
3930 5620
2425 159
5815 6383
2733 1604
4584 4382
1183 7539
3954 7261
7985 1811
1336 6437
4839 3072
5723 2129
7126 4495
5168 4808
4419 8021
7875 6382
4224 4810
7078 4000
3488 7456
6303 675
2663 5958
1711 3532
57 5336
3426 8409
7653 3285
1014 261
1847 1637
6660 5230
5234 208
3685 8460
5139 1983
1455 884
3076 7257
4822 360
4719 8362
6521 3888
2629 7444
8238 3922
791 2295
7549 6137
1076 2819
328 7469
487 4721
6809 2495
5809 3311
2679 1582
7811 4364
5579 3059
5152 313
383 5995
6824 442
4305 4888
8268 4716
8240 2059
869 2587
340 1380
3419 100
7579 3427
4175 4440
6335 6100
7121 2508
3541 8310
421 7048
5568 3997
1364 86
7972 3886
7548 915
1933 497
1742 2826
1459 8331
3613 7554
7841 6013
5275 2749
2530 5199
1665 3352
3969 6920
986 7974
2979 7651
7409 5873
5561 5023
3653 509
7369 1062
7367 2385
8430 2496
8253 7037
3609 7775
4644 7177
540 5392
6495 4542
7924 5720
5680 2734
5926 3369
1298 1218
6723 102
2845 500
1461 4071
617 7332
2320 5863
148 6848
7365 6907
6513 7071
2464 7681
7935 3967
4472 225
5852 1430
122 6283
2165 3738
2944 7662
4995 3476
5865 198
5015 1872
5988 2501
3815 6391
5751 6693
4731 3407
5791 4549
7903 5923
6140 7883
8121 7601
7767 5972
20 4789
8207 8099
7851 3484
834 5785
2578 1537
5707 1182
5055 900
7334 3945
1156 2165
2485 6699
532 3347
5335 160
4120 3933
4708 5736
1454 1240
5554 2905
891 5197
3232 3149
4211 2006
2250 6802
60 781
2294 6009
5409 7889
1047 6680
7188 3132
1635 3703
8466 1146
4048 7915
4542 6224
7204 1589
445 3952
3453 2554
1835 3193
688 2709
3869 1561
6101 6952
2326 188
8348 8283
4279 5363
1836 2906
1995 7541
3833 8243
6123 4093
7887 8058
5839 1953
6576 3317
108 6092
7430 1995
8285 6746
8022 4755
1607 7276
4502 6782
5920 8464
8435 5641
7861 5474
959 7473
7406 1108
3901 5752
3330 2537
6864 7031
1848 5171
3294 8403
5326 7530
7920 2643
3027 5088
7910 8479
2681 6327
5610 5860
2408 3774
750 3012
288 1742
7207 3065
2880 8069
5507 1578
216 7085
824 5271
7823 8485
1800 1065
6183 4652
7540 8214
2457 2779
7246 1433
5955 773
2324 2425
2256 5541
943 5934
897 8493
5279 6889
2028 7573
3651 1777
6044 7021
2808 4447
8270 4959
6232 8176
2726 354
3996 259
4380 390
4063 6076
2945 7800
3406 1548
5589 6852
2753 24
888 6771
3891 7484
2215 5314
7750 6646
8228 5086
4602 6632
1379 2448
7203 6315
977 7212
2506 5846
26 4637
3553 806
6439 7648
453 7725
7514 5994
3817 3918
1398 4460
6654 8490
3482 4904
4960 2244
1375 8454
446 81
5422 7016
7351 2228
772 3456
5462 128
7777 3341
609 6804
4736 2289
6886 924
3710 491
344 1992
7996 5365
1823 6157
54 4968
6888 1636
7512 3937
3463 4706
2085 3263
8448 7521
4499 6232
5117 8073
227 1687
4152 6998
5244 7250
2282 5070
3879 6243
5430 4367
2466 203
2580 4844
7027 5870
1512 1474
1654 2386
6176 5992
2414 7273
2846 6860
7564 8132
7699 5866
525 3836
3421 3219
1223 1385
5027 2470
5788 5528
7193 3272
469 6666
1784 6856
1839 2413
1059 8115
4700 7667
5384 4987
5584 2885
5663 1142
5813 3788
4905 3349
6547 549
4715 7022
4583 7831
3981 2822
7475 2212
8095 4700
3843 999
4560 2169
4023 1185
4874 5042
3600 3870
755 3405
3670 7155
2785 3707
7878 7255
4854 1993
2628 4125
6296 393
5137 4163
6352 1479
913 7846
6985 2985
100 2461
2563 384
4658 1248
6989 3481
2013 8002
7340 7348
2244 3659
3767 2285
7289 5500
8008 4104
1811 5604
3903 8265
8346 5015
5021 8216
1637 8248
2745 5154
8214 4985
7082 2099
1567 6259
5377 3274
444 2214
6441 2432
6486 4152
2959 5021
8492 6080
1767 4930
3675 2064
2124 1471
6135 1215
7396 1518
4721 4476
923 1989
5738 5883
2526 6567
1514 2745
2418 1827
2537 1242
8259 5339
8350 1408
6116 766
8073 8298
1864 7000
4654 3583
1624 1628
5169 707
4865 4650
8124 4525
2062 7474
105 6942
1093 4527
2516 7202
6265 1237
6900 5143
2302 7380
7888 4520
5625 1030
8133 4140
3077 4421
756 6580
4949 2100
3472 4676
5822 452
4714 6480
648 2353
2454 409
3887 1207
4364 5613
2824 543
5637 2363
1151 2848
1690 3404
7486 3512
5696 5125
8237 4370
3807 6685
1657 5533
2634 4892
4126 521
3949 4847
6746 110
7069 4560
3728 7833
2288 7041
1726 8145
6917 4047
6815 1673
1970 1261
8178 6484
5099 1145
2309 3030
5724 1870
3371 5412
4961 4566
2357 4099
4883 661
1498 1572
221 488
3809 1958
6395 48
3999 2188
5671 120
195 535
8265 2490
7701 7656
1285 1794
7732 1420
467 4080
1580 3647
2637 927
1687 6372
3297 6588
5391 8358
7296 1708
3913 2534
7116 3801
5947 205
6000 3494
6058 3185
7325 5221
5363 3863
7381 319
1869 7868
7537 3814
6203 126
4436 5742
2705 1674
2913 4242
3918 124
337 3516
7499 6387
5954 2331
7504 1525
4697 1212
2114 7061
4991 683
294 8452
6152 7598
1442 296
6970 427
4197 5127
154 2861
4127 3447
4006 3503
7028 3825
7834 922
7427 2754
1195 8005
8307 8245
463 1304
1963 5675
7727 5477
7659 6671
2200 226
6638 1939
7691 278
0 6773
1409 6337
6884 3723
2882 4620
2761 5448
3353 5727
8042 1443
6261 1227
5838 3467
2140 2179
6445 3835
4105 4496
1286 3418
8345 4916
6752 300
2391 6547
3896 1743
1932 2140
6946 1173
1622 3246
2848 7923
6080 5640
2111 6054
7373 4922
6331 5645
3980 7935
2902 1238
1340 2479
1987 2705
3592 5617
7993 2787
4755 7065
6799 5512
1036 5974
4550 5079
2675 2123
2620 1468
1596 5251
7899 8244
4548 729
1840 1662
990 7355
739 4862
6365 2317
1196 6413
4195 2800
5440 8206
950 5796
1791 6719
1570 2590
1217 3588
7919 4156
7648 7121
5592 3398
1751 4557
7819 7407
3467 66
5230 6762
4869 660
4588 7938
6907 8142
7660 2639
97 8275
900 5913
2000 2150
4460 3915
2190 776
7826 3786
2242 2038
4954 7537
5064 4611
6781 2627
7311 4482
6740 4970
1539 1758
4470 284
7343 8047
5779 3711
1712 8211
1102 8018
2557 424
4025 1581
1150 2093
4692 5114
7975 2373
8472 1845
2400 8343
6506 4857
4653 8459
6379 4486
4694 5983
5674 7237
1753 4995
2919 7911
43 1147
2075 286
4996 2377
3170 5821
44 4398
2523 4406
3099 8148
5672 369
7356 4837
1267 5784
2387 8020
2185 3329
4119 6509
4084 4172
7525 1658
5832 3200
6714 6610
6913 3926
1563 5936
3202 4669
3551 8375
6240 572
1407 2671
5875 4979
2943 2847
5236 3425
4808 7027
6901 1511
763 5083
8173 1645
2894 3099
7260 5166
1302 1863
2643 2687
2965 4963
7146 3688
4757 6043
5375 7792
1305 3570
907 5348
4635 8236
4712 5754
3852 8492
1807 787
5714 3697
4134 3742
1964 352
6099 2521
4277 4467
6878 2945
3045 3255
1672 4924
75 6101
2103 253
7041 5619
3831 7479
957 349
3693 4207
2014 4722
6219 1985
3255 1855
4750 8013
743 3975
7686 1584
2749 717
4154 6913
8266 4116
3337 2706
3537 8140
926 4701
4258 3269
3720 3515
3841 1149
7330 200
7210 5973
3403 8066
8415 3510
3623 1839
6520 7960
90 7551
8205 8212
1986 8079
5525 3489
2322 7834
5659 7066
7242 4708
2768 6589
7962 1382
4001 8223
8160 4489
5770 2048
6326 3638
5611 6901
8404 7454
6127 2084
1324 2550
7530 969
5970 7893
547 3631
6552 7485
4390 113
6903 6679
1446 1048
2921 4514
664 8022
2106 5801
1373 8369
3811 1341
6891 4974
4333 7934
27 3806
5944 3179
2070 8056
4927 5130
7783 5887
5370 1265
3972 7093
3914 3100
1528 514
1597 5151
706 4290
3997 7497
4078 5419
2601 4072
2691 4016
1384 7632
1304 1449
3858 7926
2533 4891
7114 6097
4804 3941
7264 7624
3660 825
1610 3334
12 851
2784 2661
3798 7339
8460 1773
6670 7046
6661 1854
5965 7440
7109 6371
1750 578
7036 667
3173 83
5243 3387
7255 69
3684 5606
31 4911
4441 5416
1623 3862
4758 4141
3002 1381
1466 6604
4114 2567
6347 7697
1965 3779
591 8270
5919 1862
2069 2558
4585 1118
6244 3491
733 1092
5650 7927
7681 7008
1458 1523
1370 5433
7787 4478
2186 5757
5812 6517
6873 5225
6594 8250
6733 3581
8051 7365
5105 7664
41 1906
4215 1480
2487 4913
3501 821
8184 652
5862 3120
3758 8301
2886 2536
3091 388
2159 1130
1346 3678
4937 5485
3905 8466
1638 1448
5744 6396
4706 1573
4751 8255
8458 1563
7918 7183
5521 6546
5470 332
6675 5461
3763 1732
3098 3807
7987 5272
5932 6344
3140 1286
1526 3651
2825 8135
7099 7379
4247 5240
6081 7871
6082 1607
1729 5229
6100 4169
8480 6210
963 2271
6732 2254
1877 4103
7164 1536
4845 8330
1511 8237
4427 5684
5009 1383
2017 6389
2649 5991
2082 3931
7528 7789
447 2242
3332 5231
8002 7113
5419 3069
3312 1664
3290 5549
3635 2796
675 101
5304 1080
6623 4872
2515 7888
1639 4318
4924 1598
5632 173
7534 596
425 454
7942 375
4322 8481
864 2612
7494 1879
6588 1668
5971 4011
2131 4814
644 3717
5537 2954
6205 6072
6854 6798
4668 1469
3771 7969
4 2953
6420 6126
1168 680
1501 3367
956 6514
4803 3577
79 2853
814 7060
7357 351
417 693
7439 3485
4908 4030
6998 4728
8009 418
1876 2957
1244 4969
5503 6003
4131 2900
2344 3056
7678 2194
7393 7486
1535 3614
6672 494
984 4239
389 5811
775 5008
4350 8309
3521 8355
2380 2827
2498 2764
5934 7169
6035 4477
55 3953
2450 1693
1404 1922
6051 5507
7268 4170
4768 3736
8408 1338
638 630
812 8340
5675 3847
3637 929
7292 4020
3730 6806
3640 2788
6840 98
3192 2570
1148 7678
2411 2197
1350 8134
7716 760
1239 1669
93 1153
4966 2055
3899 1659
3945 3131
410 4051
1523 1460
4553 1869
4952 3924
7163 3202
1119 5672
7033 8425
24 1718
6462 1239
1042 2122
6559 6294
3986 5938
3271 8384
4393 2410
1073 7354
2495 1587
5599 5338
4581 4065
7873 18
6811 1397
2889 8347
4142 1262
6147 1941
1589 6284
6968 733
4188 2352
7547 207
5692 5366
8128 3431
2904 5614
7967 2173
6895 7323
4166 1888
7704 6643
7172 1049
505 911
6651 5984
7908 2087
1015 162
386 3014
4165 4155
5032 1543
8007 7570
333 1438
4311 6603
3602 6202
5478 8272
7431 1055
8255 446
8462 2579
6355 3702
4600 4792
7625 7738
4541 2043
948 1101
8324 355
4174 2473
3168 8290
1564 5616
5851 2230
1628 8205
7200 7720
8146 2070
8304 5342
170 1186
3870 7116
4186 6748
1533 6369
5915 289
8246 678
5593 6808
3147 6214
6317 5858
5396 6448
1377 6941
63 6068
7738 7527
2431 3471
2575 8404
7872 7760
3082 3465
6464 3897
2787 3616
6871 8463
2779 6756
8196 827
7390 3144
7437 5380
1146 2475
5941 3629
2678 5129
6460 6895
2742 778
6425 4848
4687 3312
2918 979
4123 1807
6995 3718
6859 439
4296 7568
3715 8390
4323 6982
2151 1272
537 2975
6640 7777
7019 4225
6885 2393
3157 154
8413 6875
7220 4731
4352 5118
7990 3342
3096 6041
1290 5136
3984 1191
6050 1413
4263 4074
1553 5369
8284 2175
4623 7780
56 435
5698 1976
2403 1553
3588 3564
6324 8398
3030 1923
1632 2608
3075 7793
6742 6623
2690 6154
3256 1040
2986 5899
2123 3182
2258 5205
4158 6869
5459 8288
5742 4508
685 7634
6330 657
1743 7924
2491 4297
7922 899
1412 1967
1930 5849
1737 6881
1509 3090
5389 765
6128 7978
7056 3357
5047 5367
6251 6051
5310 7951
1139 8105
158 1519
312 8488
2762 8153
2233 6891
2923 4607
7044 4813
4552 1663
5124 7209
7925 7451
2535 889
8070 3055
4183 6790
8235 3637
4872 3566
203 2136
2059 4698
5516 7649
6583 1831
6934 6642
4097 1050
2196 6062
1219 2510
5513 6902
4372 8076
2279 1893
7239 1994
7035 4538
2128 406
837 7081
2710 5073
884 3725
5799 2115
6061 3453
5801 1115
722 7079
4203 6823
6159 1921
6671 3959
7612 3348
6206 5281
4861 4809
2178 814
5354 6795
6503 3617
2814 2364
8106 2236
232 5552
1125 8407
3471 8457
8030 6440
5973 8080
5232 242
5870 5035
5772 5881
5135 835
7361 6678
3175 3042
300 1047
2310 704
416 1022
2048 7318
616 4100
6211 7150
7652 7278
3260 7949
7005 7810
7639 2190
5588 6477
7926 1158
5259 8104
3796 4013
1488 1805
5996 949
1648 7745
3414 2426
4665 3152
3922 4890
512 7184
7643 1235
2339 8157
3142 6277
3360 4614
710 3058
1326 5688
6467 7312
4701 6713
4518 2334
1467 6583
5869 2500
6522 1344
3011 307
4391 1393
483 3469
6761 1172
4770 6304
643 6978
5821 6106
3790 570
698 6087
5196 413
5227 148
6750 2808
2746 1289
852 4886
2153 2728
5003 6142
1335 6932
3686 6822
947 3325
4143 8031
2871 3875
7197 4119
1981 3968
7280 6648
6312 2503
7450 7314
7539 7114
3666 5961
1621 3252
249 5893
6697 5826
939 1234
5548 2221
3839 6368
4601 1925
7597 3260
1472 1516
5765 4356
6775 3513
8495 3950
3483 713
4455 3917
3224 1051
1355 4067
3439 5809
7724 3871
8263 2572
6377 5949
1376 1070
2127 1792
4664 8112
7513 6557
8182 8167
7685 2997
3620 3027
3800 2075
6086 671
4684 6966
7071 583
1453 3607
5295 3464
3313 6215
5891 6945
2981 2559
6822 7221
4704 3747
7452 2802
4324 3961
7278 5354
5780 3865
7366 1629
4207 7039
3052 2712
5782 7853
1159 7763
3473 370
2613 7143
5385 1320
7635 4910
3544 4363
5250 8146
2992 987
7139 5318
3304 4157
2644 3011
674 938
2610 6947
6868 1403
7894 8370
940 5711
7453 58
2029 1356
798 6571
3126 4838
7855 5387
3794 2973
7295 7350
637 4045
7515 6140
3806 460
6916 4752
4620 157
517 1411
3819 5523
3226 6023
3989 1686
2933 167
4248 1143
3788 8499
5043 3965
7866 5186
7391 4321
7144 7359
6776 7012
5041 1054
4604 2118
6826 4899
1682 7117
7683 8183
8424 3183
3504 5719
3647 604
6603 3359
5239 6841
6295 3021
2697 6340
2909 4250
7084 2126
7444 6558
1256 8028
8213 523
6208 6520
6168 8475
3434 5305
4971 4328
6287 534
5483 4274
1160 2274
5860 237
6962 4031
4082 1368
909 7921
4617 7434
5209 8268
578 7001
5730 5491
8321 6710
4428 6192
6177 3353
8417 269
6951 3213
2280 5403
5173 3084
6689 2989
671 153
5190 2238
2908 7452
7820 2101
2911 6415
5202 1876
2661 3091
4059 1391
6607 1210
3451 6903
3382 2128
4194 3499
4484 1757
180 7131
2822 6657
2147 1904
4253 867
313 1309
7074 4052
7474 8102
4976 103
1843 6292
5597 94
1184 888
6537 2422
2792 468
955 5788
2195 4544
7843 7070
4837 6127
211 7406
4206 5193
72 8108
5968 1851
3342 8413
1667 5965
5294 7657
2817 3365
7410 4389
4615 7009
2072 4084
7030 5149
5489 5132
3538 3817
2171 7776
6468 4171
6963 114
6645 1771
8443 7636
4461 7947
1976 6472
8111 5057
128 415
8411 7275
2703 2350
2816 4798
6779 7326
6375 8322
3661 538
5776 3622
4855 3378
2651 610
1727 3374
3563 5391
1908 6548
7133 6098
3967 1750
4947 4864
7238 695
251 2552
89 1577
5445 112
4940 4136
8398 4626
2996 582
1723 1230
7432 3591
2658 7291
6094 125
7077 6833
2373 3912
7991 5462
8379 5360
1740 4121
6883 6899
6911 5510
2968 2016
361 7181
7191 6812
6185 7385
1757 1128
6360 4396
5844 4135
4275 529
488 5399
1984 1458
3816 6323
3237 2328
274 7600
556 5527
1600 6849
5000 4195
5390 5450
1872 7584
6394 1775
4842 8494
8027 5381
4145 1193
2404 5706
1612 2664
747 4551
652 5882
6580 1161
35 7515
2330 6038
2182 2405
5533 3568
549 728
4566 8292
2543 502
1034 5979
5504 0
8414 755
4756 6441
4765 3033
3218 6739
1718 2145
5876 3770
1316 1788
5408 2066
6662 2341
6629 573
5439 6792
4834 3782
7945 5892
1609 3673
6665 4563
4187 1926
6466 7422
6666 3609
1617 5734
8130 6141
3733 6797
3601 3477
6669 4834
8187 5269
6130 2903
7599 2719
3401 7717
7272 1269
6614 3102
1885 2711
1475 1860
8029 6983
3369 2163
7458 6156
7119 1278
2421 1576
4192 3857
1593 8451
829 3483
6909 4301
3961 712
7771 735
964 4029
2306 5786
5553 4658
4675 6331
5110 5942
5943 5663
2716 6334
3341 4355
1802 597
6649 4216
6700 4046
5091 3434
471 3242
7807 1446
6329 178
1460 1883
2412 6573
4181 5133
6997 7788
4208 4571
5800 6870
7012 7638
5098 3031
2850 2117
1559 4717
3194 3593
7827 2601
2640 7948
5541 1744
2998 5210
7557 2725
4570 2553
1808 8336
7902 4511
246 26
5269 4254
7756 6131
6601 1970
4202 7862
8445 7393
3529 1644
5358 4796
1754 5908
4985 5559
4773 63
5092 1760
6696 4039
6796 850
2954 2322
7484 5327
1653 1231
7508 904
6402 4322
6720 8117
1001 2476
5492 1873
6734 7481
1513 5177
218 7677
632 5630
929 7024
1521 6318
1659 5501
668 6758
6351 133
6498 1307
4740 7580
7802 5579
4176 4434
323 3741
7008 6985
744 1912
8127 5146
7668 4443
3970 3191
1447 5235
576 5217
6957 8202
999 2591
1204 2141
3248 7655
2157 1318
7550 1419
8171 6858
8082 3151
4797 5781
6838 4555
1785 6821
890 8414
370 751
7710 6737
5241 4414
3469 325
47 3677
5697 8316
1013 6991
147 7138
4965 3681
6071 1541
4879 5449
5990 5490
5883 6130
7341 7928
2492 7747
6138 1202
5497 5773
546 5902
3973 6375
403 7467
6835 6326
2469 3625
8072 619
7952 1963
8249 893
2462 1379
2559 2911
3041 4730
5270 1884
5166 4182
2223 6839
6889 7691
1218 6341
5431 2917
8157 1260
3550 6530
6972 444
1990 2798
711 7867
3357 1808
1427 2631
3534 347
5731 1428
7344 2498
457 1251
4177 6470
656 432
7148 7443
8159 1711
7231 6612
1873 3168
965 268
6111 4597
1520 5488
103 4247
3888 709
4771 1504
7725 1615
2146 3112
4354 988
2038 3181
5347 6136
3721 8242
6340 3787
6234 4249
6553 8204
5918 7010
2218 1246
7863 4483
4243 3751
3821 3396
8091 3096
4632 6373
4291 1894
6229 3097
6310 245
4488 5234
4404 7053
1010 2844
1261 8123
3106 2010
5386 6984
6652 1452
4979 6591
1821 6028
6030 1417
451 4610
3070 1116
1053 5442
349 8118
139 5128
4426 5236
920 1089
1478 2058
1094 7187
8049 2676
7798 3527
4357 4766
3678 8224
2951 3093
1731 4615
7682 1666
3296 3729
4739 6532
2619 3575
7565 1540
4517 5408
6852 7011
7170 5733
847 4117
6056 6542
6863 7103
8203 3652
3753 6230
7186 7821
8470 483
2333 7290
6069 2871
5094 2881
7312 152
3301 7875
1477 2818
2673 1900
3133 8196
6967 2660
3276 7661
183 6661
844 250
976 7878
5582 7157
6077 2733
4925 5453
8361 644
1391 60
3768 6433
5535 2069
4639 8154
7568 853
2277 7644
758 2303
6271 7870
5061 2685
1414 4553
7857 139
2445 8326
3344 3299
5432 4167
7619 5463
5480 6702
3302 4177
6698 4771
125 2770
8013 4378
5914 7680
2434 2984
2750 1333
6821 8107
6406 5624
8491 5915
1983 512
8233 2746
883 1530
3275 6216
6367 8048
2230 348
8212 8325
6499 5027
4111 223
2706 6353
2347 2333
5109 5254
3326 1630
5563 7784
8416 4315
8215 1643
6536 4562
3772 2936
1368 3545
8038 8397
3379 4214
5402 7901
4857 8385
4878 2528
1903 6857
2426 2092
1354 1621
6865 8198
1216 2855
3691 6346
1524 5065
2 4981
423 3935
7586 6611
302 7352
2011 627
2032 6794
1766 4643
6368 6906
2900 1
4347 942
7467 7514
4844 7266
378 2466
5292 1406
1945 6458
1213 5550
8080 8297
1347 3326
1780 2374
7380 2828
6571 180
1709 7807
7713 2443
208 2907
4540 2015
6053 5929
4008 2648
754 4507
7801 5440
3348 6274
7165 364
220 839
2598 7618
7003 2797
5907 7732
1968 4342
6319 6772
3755 2174
3877 5013
6991 2395
7608 3240
6048 7283
8061 383
7029 6662
1586 6741
8283 3998
902 703
2227 4139
3443 7572
8079 4770
1263 5578
7517 6959
1779 4044
1314 4498
4136 2091
8486 7124
780 4076
4532 6637
4969 7214
5403 2406
8086 2789
3459 456
8094 8127
7748 1355
7181 7236
4353 7196
3979 830
6788 2647
5729 7083
7677 4232
7226 3841
1878 3620
8333 2378
6141 6309
785 5576
4218 2387
1043 8262
2235 8323
4115 371
1033 3308
6129 149
2830 6350
8138 5370
4769 7510
4024 1739
217 2442
3267 2739
6820 1698
1113 5954
6539 4645
3944 7930
1828 2753
6910 7383
8084 6755
5184 4634
8489 5571
3444 1407
5921 6779
6514 2683
6124 6499
4405 3589
3699 183
5846 7830
4022 616
7038 1949
5831 1902
4189 7592
1003 1612
5740 4209
7401 1010
1640 6338
80 1622
3327 7152
6038 7245
6780 6813
6927 8273
2585 1351
6635 6752
3714 5713
4151 8180
1947 7360
4702 930
4331 2741
1674 3764
1579 1753
518 5950
8217 2284
8332 20
6065 7049
6008 2412
5825 4147
4572 5145
1101 2396
15 5884
2486 530
3789 5823
4306 1493
8331 2548
753 6731
8499 2184
7219 5699
7880 6345
1019 7512
1730 6060
3331 443
2173 5286
4577 1712
7859 4043
1330 7659
574 7058
4402 4884
1152 6317
6719 4863
8482 386
3246 414
5084 4828
690 305
4230 2965
6622 4420
4824 41
7637 7534
5120 584
4681 553
3143 5774
2275 4426
5219 23
5437 7146
391 5747
7808 4518
7828 7102
4320 8497
5186 8239
6872 6203
7349 7238
5976 7309
1112 8169
4528 7251
5861 5993
7015 4191
3824 3932
5633 3125
4440 5627
7739 2624
8123 6665
2108 4366
8380 622
5739 3169
4791 8232
3014 2162
1365 6250
3910 9
5376 4292
1307 2098
5273 5407
439 1451
2993 6796
2126 169
6192 4860
1618 6524
3878 8277
4918 1414
5654 2391
385 1424
3935 3722
6202 6033
253 4164
6984 1094
8328 1302
242 90
771 4307
1686 5037
481 1564
2002 2766
5011 7007
5810 7970
8483 1642
5917 2519
2007 2106
5764 8321
1281 7193
3303 4411
3906 5798
2804 6225
4829 920
7734 7762
1796 8207
2772 7493
523 7779
4983 5198
5643 1793
1531 4937
8356 6968
3919 7736
7423 5300
7046 3994
3225 2491
2527 4138
1464 3229
8188 5859
3189 5563
7331 2930
1155 6511
5345 1699
8465 2017
4049 7850
2396 54
4537 3450
5454 38
1145 3909
366 3867
599 3319
4013 4861
1555 6656
906 2433
567 459
2769 5587
6999 6404
1515 6502
8439 5689
1541 6996
2266 6876
7106 802
6444 995
2701 1531
7211 1492
5392 5313
2836 6158
2895 7750
2725 3048
2499 6961
5372 6668
3780 5404
5951 795
5284 4035
7214 638
6249 3854
598 2870
4116 3693
4516 7274
1582 5077
8457 8049
7927 6481
5749 6356
3058 2565
2343 4606
828 1783
8208 7026
4907 6556
201 6555
1176 5760
6228 914
5215 1305
3479 4022
2777 3433
3548 5024
5056 1522
5001 7957
6431 6931
1072 6527
5421 1257
4800 5739
7167 1751
6959 6842
4043 1848
2789 3488
466 558
5249 6035
8281 1657
8166 536
235 362
7901 4262
4458 3008
3942 2898
7897 6204
7378 639
1222 7909
5756 3955
8427 84
3435 2814
4033 8233
8419 1695
1344 5002
1469 5988
1025 2688
320 7782
7208 2723
6386 3890
7308 3984
7097 5063
7791 3813
1713 8160
3131 6620
1677 3495
931 8474
1620 3551
4130 7014
2369 2072
5613 912
6590 1986
3092 1256
5750 1137
924 2339
2652 4462
6724 2526
1134 1766
3881 5284
2254 7705
2030 2792
5446 4445
2474 2158
7402 6890
3430 7803
6156 7828
2796 1980
1631 6471
1061 3275
5089 1969
1680 585
1257 8213
2145 659
7836 6007
636 3199
7852 6436
7611 6434
1443 907
6212 3156
6706 1649
4411 1042
6550 3845
3120 4546
7476 8306
1006 1499
270 5341
117 5434
6526 5140
2015 260
1871 7787
3580 6859
1277 606
585 3203
1385 3921
4928 6565
5161 7945
5518 2397
480 1852
3530 1241
61 3338
1813 3486
6851 1512
7004 7917
5922 336
5558 5746
3163 3905
2287 7087
8225 4263
951 4213
1111 2589
1358 6090
3706 8075
568 1166
534 77
177 6785
8092 5045
6407 8252
6646 2758
6153 2837
1919 6840
8295 870
7286 3438
2237 3695
6935 6271
857 7175
2893 450
2551 3415
3125 1747
6813 2105
3744 3720
4383 7149
6346 1058
4562 7368
993 344
3566 8015
2815 1031
1341 5119
460 7112
6647 8227
2019 8286
7387 2525
5464 6397
1339 1620
3526 522
6908 3265
2720 6464
7039 4442
7723 2702
3264 142
5188 740
5859 2296
2206 681
1996 3772
3742 672
2270 3451
4688 6587
6933 1254
1634 4405
689 5660
5615 4176
5155 3402
3007 5406
6510 1871
4009 518
2240 6560
7112 5922
6803 2538
228 4574
6621 2178
322 7340
8490 3235
68 2603
5189 40
905 6653
1960 2116
7816 7063
3220 6626
2501 6185
1719 6972
6904 4238
3000 6133
233 5932
718 8339
6018 5183
5901 2794
7230 772
449 6602
5855 6255
5713 8098
6163 6892
3776 2696
437 1617
1717 6482
2139 2366
717 2771
3149 6862
1693 7749
4387 6712
3209 1046
296 7586
3083 4926
2358 5912
1980 7436
7587 6816
8158 2886
4481 7158
4514 2560
2708 1429
724 3679
2614 5561
4346 5248
4182 7042
7068 948
7706 7334
3704 3171
7196 1441
3025 2469
8198 6025
8301 2799
4280 5817
5248 5429
877 8431
2776 5378
3166 8201
1079 8217
3802 2294
1327 3868
3611 2593
5261 5383
8316 482
748 158
7418 6451
7159 3844
131 3150
7000 880
5767 2516
5266 7280
3820 8094
8234 3748
7669 3288
4811 6761
5192 8032
2084 4217
1676 5355
6358 6572
726 2840
7761 6687
3834 3140
284 4743
3123 2549
6255 567
4184 2999
3779 6067
7749 970
5101 7142
4072 8085
1011 1812
5712 1400
4337 5202
6433 2793
3835 7477
3525 6819
316 7980
693 6342
1144 3038
2687 1691
4525 7492
5400 4280
1518 7432
3412 7094
5220 8039
6166 3880
2118 7591
1428 6592
3355 6183
1859 5385
7995 4062
207 2463
5818 5854
477 5963
3352 6093
5301 1655
7460 5982
8102 2135
186 1362
1254 5209
5023 73
1508 2729
4957 1250
2997 3716
5065 4021
8339 4709
2838 3385
434 4642
2782 3249
1179 8082
3457 4251
1230 1104
4917 2563
8005 4236
3006 1762
2088 3630
6954 6647
355 6312
6010 3197
6341 5503
2888 6688
7850 3670
821 6053
2006 185
234 7704
5444 1431
6725 1090
1649 6058
8069 4234
8226 6955
3389 7571
400 7910
6218 8294
4886 5156
3898 6280
7318 4359
3633 1213
5423 7032
8420 7759
5 7171
5199 1799
3731 8416
4326 3307
52 8320
626 2547
4290 1672
6877 6621
4586 4997
5297 1152
2594 2772
3801 2487
3936 4506
140 1503
1000 5808
2323 7302
3705 331
946 1357
3752 3051
7024 548
7049 3523
2731 108
6897 663
1421 3046
1915 1948
1888 1374
1333 3239
3055 4762
3448 3528
7679 8333
2987 2153
832 5012
1694 6363
1016 6810
7403 7319
392 721
4102 2877
4544 5036
1361 4023
3374 5282
5407 7468
836 7999
87 3234
6453 925
2574 6616
1473 5894
7011 2036
5785 5106
3429 3517
691 389
7389 353
8353 2878
6419 68
6392 6783
2906 574
1374 4472
4748 4337
405 7413
8096 8182
3615 5907
7702 1039
5631 2143
408 4123
1605 3397
8456 5797
5676 5543
1247 2310
5500 2809
3074 3328
6160 3759
3582 2137
4345 5748
4246 791
8256 8348
6515 3893
2715 3757
468 7811
8260 373
3114 8229
5845 5112
5630 6708
36 5400
5371 7696
4319 7967
2438 1349
5508 7064
7552 1470
5658 4785
3920 6950
2698 6151
4921 6421
2592 3186
3690 3660
7883 4835
1663 1099
6440 251
8431 4224
3895 699
6636 197
528 4881
226 1442
1349 5123
5856 7688
6075 4948
1115 7686
4005 4900
6887 7836
308 7338
2060 4493
5435 174
5174 5246
4846 2041
4180 7798
71 7891
2854 1761
5873 8462
7481 3563
3496 4409
784 2172
2758 4201
919 6541
8468 1859
7675 4291
1249 2003
6064 8228
1200 2071
5298 1590
4146 5504
169 7377
6741 6957
1363 7162
5317 6112
472 2272
7407 6417
896 4296
917 4077
4669 4942
21 2057
6481 6310
3577 7631
4919 7098
3199 5980
6181 6476
3034 8163
3012 3248
3286 7900
8330 2390
856 6900
5701 2029
1352 4591
1851 2990
430 3002
2283 7080
4968 565
4777 1725
7166 3262
3561 5078
6300 6886
3907 3045
6023 1786
1432 3755
2786 6723
4486 7141
374 1077
7889 605
7302 6673
1941 6930
506 5058
7047 3123
1158 117
719 4287
3065 1875
3917 2978
2642 4975
2446 5268
1415 633
8323 1934
4450 7877
7981 7195
5364 4237
5506 6354
5222 4055
1881 8086
7043 6933
5946 5509
8037 8177
229 2873
2799 5670
3117 7168
3088 8046
6806 8314
3732 800
7533 5755
736 5941
6814 5496
5177 485
8433 302
5960 163
6041 2315
4646 5919
803 6993
7459 7475
8024 3826
7722 2224
4093 6570
3558 656
1318 2050
1697 6568
8172 3020
7636 7552
3510 1603
7052 3966
133 56
8147 956
6421 921
2802 3250
8006 4326
8229 2899
2994 3891
8026 4759
2459 6635
6538 6376
6175 8478
1882 4917
8004 8088
6139 2319
8485 5945
2112 926
1246 6321
5068 2149
4958 5311
8312 1206
1894 7235
5221 1358
3627 1487
5018 8254
1755 6
7262 2895
1954 5869
4901 4009
5379 3
6925 6000
3527 1052
3865 2674
115 5361
4661 2355
5010 4269
5577 5056
7422 8469
2026 8188
4863 7160
912 940
2360 1546
4225 2517
3185 2902
3176 2891
5131 8285
860 3598
3259 3995
640 2730
6759 5951
2202 7172
4099 1275
435 4670
8140 67
3726 249
2163 5886
8139 5109
6405 2752
2655 2007
5551 3304
8057 8374
2243 3071
504 97
4301 5981
1862 5484
6052 7626
3500 6545
8059 3667
1122 1918
5796 3546
908 2638
7398 7137
6772 6515
7614 2154
3449 3595
4223 2635
1529 4778
2001 3980
7776 1454
5999 3606
3703 8364
4884 1823
8062 771
6639 4802
661 3237
4124 3624
7526 7532
4812 4415
3545 343
4468 2649
7364 3506
1319 5357
3578 3721
6477 959
813 4894
6773 3336
7436 4107
2245 6357
1705 5842
7923 2813
5953 8149
7088 1818
646 1723
6575 7692
7279 8175
3836 985
4435 5590
1133 2018
5428 5358
3813 7712
5759 3714
7830 2402
2257 4932
2458 7218
4850 1648
4271 8016
817 5741
1202 5646
863 5738
2803 7331
4683 952
2541 5608
5989 516
8244 2349
1615 5018
1647 4889
8048 1749
6707 8045
981 3143
6074 2380
7799 6943
7944 1500
2477 2085
5148 6843
6298 3430
3603 4089
2856 6442
1849 7829
5823 4429
1979 4971
6095 7403
6760 7091
5171 7609
2232 1997
3518 3332
621 4174
6631 5192
623 4850
2669 397
4074 4976
7741 5228
709 2991
6167 5605
7060 4145
3250 2484
7768 5657
3269 691
4376 6348
4040 7545
6145 2650
3782 3363
894 445
4691 1835
6430 1184
677 7320
1537 7239
1292 1866
6345 6599
4368 4756
8067 947
3179 3514
7647 478
7674 5222
4948 5628
7298 3559
1587 7229
8264 6008
3109 6847
6976 2512
770 5178
7240 3671
2441 1520
2595 395
1809 6775
5093 2332
7441 1009
7352 5418
596 2697
6451 3987
4547 7740
3505 273
171 172
7936 6238
4029 2977
501 5051
2435 1991
1931 7574
2599 3561
6438 1201
2377 5108
5037 6181
1867 8253
6201 2345
5368 6393
1486 3549
3939 4725
5681 4625
3310 4137
2606 7956
3941 2829
7345 3437
4888 7423
3213 7322
6404 4233
2263 4353
3993 3101
2449 8008
4034 8034
7061 4054
4042 7216
3849 4825
1669 4027
7797 688
4227 7786
1450 4694
2546 2584
2204 5637
2274 5005
2331 3902
7205 1979
6611 6730
5160 8136
6315 2403
8063 1927
7758 5799
679 1308
2105 7724
2300 6506
6096 7325
2078 4203
1433 1956
3182 3413
3687 511
6122 6266
1922 7576
2612 1437
988 5967
8162 6152
8231 1020
4336 5475
398 6659
1810 119
4236 3271
5175 1534
3503 796
4221 4947
1606 6831
4309 4097
3761 55
4559 5695
5835 6191
1357 1481
1630 2110
8097 4416
5410 1361
5178 1539
5468 3257
8442 764
2887 1640
5691 1981
3792 4641
4394 3958
5113 2708
7263 1194
2500 7366
3317 1987
4122 3323
1985 2232
6447 6493
2055 4435
3093 1813
4366 6778
5666 4309
6673 6319
3315 6223
4424 4519
6350 6103
3890 7096
1776 1868
4893 1176
2751 420
6836 2617
510 5233
5817 8383
3440 2243
5193 7225
4574 2270
7092 6805
3017 4875
6748 734
2035 3428
3741 2267
3494 1198
4536 3416
354 3006
5235 2838
307 4638
282 6403
7916 4723
1303 5793
5538 2134
4504 5006
7414 4517
827 6444
1934 5895
2632 1678
2722 3540
6264 6595
1545 4129
8286 5126
3478 2724
544 2698
4496 1313
2341 3658
7524 7347
8220 6970
7831 1675
1820 2068
2899 2542
3042 4041
1746 7335
2065 5352
1721 2065
6396 3524
6876 6836
4467 998
589 6597
1035 2940
4140 37
4534 464
126 1768
751 8344
102 7538
315 8434
3046 978
5665 7110
248 1982
5112 6314
4406 7240
3982 6934
5103 4742
5373 928
415 6669
7350 2182
5463 5581
5628 8282
1601 5855
8058 3117
4713 4950
1138 7412
654 65
7960 7178
6231 746
5545 3281
8032 5159
2844 2620
4475 7133
5328 833
4264 6910
4185 8436
5648 3615
2246 7817
3515 7954
650 7099
2194 1028
788 2287
2050 5330
7001 2602
7154 6830
778 1806
3659 7851
3108 3424
972 6107
1735 7931
5620 8044
6591 2833
8447 5139
8338 8084
6795 7277
3968 7936
6704 2420
4139 5411
6563 6332
4416 2663
331 943
4477 4284
7657 5547
1058 2887
1798 8038
5159 1616
3375 1779
6226 6380
7892 2324
806 5157
156 7812
5268 5337
40 2199
5578 285
4645 592
6502 2768
2264 3808
7415 5451
7073 7840
1457 7457
966 5080
1956 7518
815 4885
6729 451
6343 3497
5309 8137
1619 4737
4495 3739
2755 6617
6014 2959
2353 206
1465 4026
5224 6835
4035 8053
2389 2843
5453 8119
1167 7633
283 3435
2859 7658
5293 586
6683 3409
3257 8379
2376 5705
3338 5634
1163 4017
6610 7756
3662 7857
6046 8070
1371 1387
4251 1120
113 1081
8206 6198
293 2502
2107 6241
583 367
6283 4463
3585 3777
5126 6406
2142 7115
6414 1521
5288 7
8224 8166
8389 1566
2554 3578
4989 963
1715 2961
4782 8453
3008 403
7929 4678
4813 7421
759 1252
6785 4744
5623 2305
8300 1654
4312 6160
1147 3145
8397 5847
5640 7882
6489 3555
6866 3939
3885 6263
5323 6898
6993 607
8035 8396
5156 1619
8204 3963
5857 2762
1030 4219
7522 817
729 1071
760 398
4990 7125
5436 1450
3963 6037
3306 3364
459 2082
4641 3244
272 6324
3150 6638
611 320
2775 7425
3329 2132
8305 7076
1942 3226
4506 8393
7190 1334
4153 4215
5930 4831
1272 7629
7507 2222
8392 7602
6217 701
4497 8465
1192 1641
8101 1466
7815 7961
1193 7797
6766 7265
5530 4068
343 2176
1838 6922
3354 4849
6393 2379
1403 6605
7804 6754
8170 4648
4297 5470
1117 7466
5418 6956
2198 3557
7032 8057
1296 3756
279 5813
4360 7164
70 135
7026 2256
1633 2293
58 8391
8454 7201
1444 5120
2739 6769
257 7992
4767 1798
1975 3024
7510 6526
6418 6435
2571 8387
4936 3548
3308 1282
424 210
1819 4458
1423 855
5325 5445
5425 7362
7598 1288
7865 2918
2104 720
594 1163
1602 3119
4934 1394
3129 7549
4625 5647
2589 5320
3234 876
4479 8419
1884 6887
3239 2863
4474 5592
6022 283
5078 6867
7216 1736
4314 1915
6191 5602
4190 6006
1988 5471
6107 4160
3206 3391
5509 6047
4437 6641
5498 3903
3850 3823
4851 3574
369 7267
4745 5043
7267 5959
982 4113
7438 4281
6983 4259
782 1656
716 14
6187 4584
8033 5061
4986 6634
3793 1772
2631 4690
6389 3805
7288 5562
1525 1796
6450 12
8113 1610
1777 1738
388 5137
885 6228
2133 3253
263 2582
6839 2564
4469 4306
7233 4303
6546 8209
8164 8178
2967 3498
7093 4453
4794 2710
5397 3105
5928 3109
8148 3037
7928 1131
3739 3092
7789 7167
8393 6510
6578 6924
7594 6407
3446 2464
5438 2817
4087 3675
4892 6125
4959 2857
6562 1554
6849 6117
2903 8484
7590 4639
8344 1946
3854 8191
6655 1899
6535 8190
6986 3572
8154 2063
2424 4960
6797 3460
3998 5511
5123 1817
2478 2751
2087 5379
1879 4865
6037 1165
4400 2318
6410 421
6715 7203
6687 5631
8395 2414
1925 3819
4643 1423
6125 7918
8165 4803
6992 75
7347 2181
6730 191
2312 399
3251 955
2936 1549
114 7896
188 4102
1238 7300
5048 3930
7763 6575
3676 6853
2304 723
3567 8373
1542 7268
5085 6915
5768 6418
1749 563
4178 4244
1938 176
7785 2011
7860 3973
6478 1903
6397 5247
7871 5901
199 1634
1961 7544
5695 4056
1353 7289
3769 7637
4171 89
7989 391
6302 710
5866 7627
4891 6914
980 5218
414 7259
373 2956
2648 3043
1280 3641
5708 6173
8422 3141
5223 4624
2415 1496
8376 4412
4895 8335
4772 7281
462 804
3154 4760
1359 3459
7174 4394
6987 1436
7814 902
4530 6577
4666 1418
5197 1331
2916 52
3871 6918
5479 6564
225 8427
7498 1490
2119 3685
7570 5545
6118 4101
3495 4088
7183 7842
2881 8064
2532 8001
7249 1717
5367 5966
3462 304
1926 6861
4678 2866
3121 8428
5312 322
8258 2854
5240 5457
8239 5438
4509 5476
2941 983
932 5486
3795 4185
7124 3136
7979 1528
2581 266
5880 1180
8357 3985
1992 670
6861 2045
5644 219
4513 6663
2939 2335
8394 7513
7472 2618
7118 5232
3667 5909
975 8040
7951 2506
7665 5257
1546 1506
580 931
5049 1613
7511 2282
3026 6728
1231 600
7281 5169
5842 4545
4510 4352
6383 6911
3532 6089
723 431
1474 8051
8047 239
6333 1631
3729 7370
7336 2937
2176 2452
1552 5632
2366 3280
7778 832
6309 3487
1095 6929
3868 2622
8451 3165
1826 2981
5218 2574
5052 1966
4220 2323
4569 749
8493 5878
6222 2944
6483 784
6245 2125
1311 3205
1991 2666
2226 7307
2630 6401
536 3473
7915 8446
7821 7269
3067 5875
8374 7464
6560 2927
8090 6964
2350 848
5834 1501
6357 3293
5100 5455
6144 7517
1536 337
3395 7384
8371 2744
7988 6479
5662 730
7065 5179
256 3760
8399 8113
1678 5885
1844 533
3756 4732
2252 6585
4021 6220
7161 934
5499 2935
3151 4277
3396 7482
427 2883
5233 4241
7127 3537
8366 401
6598 1255
1252 1769
4877 779
8336 566
3536 6916
3130 587
2702 2467
1479 6535
5645 6384
3844 1311
7605 961
4052 3233
4371 2806
5447 5163
4163 1544
5144 5047
413 4547
2031 6358
1228 5737
5252 4150
143 238
5936 3892
5491 1319
5884 4667
954 3906
7469 5274
494 5585
4409 3301
5496 8300
6711 228
3023 743
4898 4131
6154 8461
5975 4938
7786 5906
6361 7270
6009 6188
7650 7663
2896 2529
6148 2278
1369 7156
7630 6736
4651 1359
6749 6990
144 3320
4999 5243
6250 5439
6289 5903
5688 5296
7237 4130
1554 6569
855 3279
7893 7809
8040 4675
6764 1465
7626 1844
3137 6519
2549 8354
4747 6288
6880 1321
6753 6162
4068 3029
8467 5710
4663 971
1289 8360
7695 650
5319 2949
7021 7378
5536 4258
2328 4575
6870 4278
3897 7505
2461 474
8192 3809
992 3372
2473 531
7992 6764
823 5389
5621 2987
3409 5388
1126 6777
8179 5256
862 434
7125 7503
8384 684
1761 4464
8476 182
6939 2504
7017 4854
5986 4300
6823 6236
3688 6640
3531 4271
3210 45
2437 2053
1666 2223
6114 3022
2531 4166
4433 3256
6266 6751
7698 7560
3569 3594
5466 7374
350 6559
1048 1386
2378 3684
4286 4293
5972 7293
7825 5344
4447 1023
4728 5280
914 3206
620 6500
4942 7695
4677 5007
6029 4180
6272 7802
3556 2511
4341 6670
5339 1588
3681 6213
991 1938
4963 6116
5495 752
7840 7671
5198 4037
561 5278
2268 7897
6348 4772
730 6169
1494 6414
7221 3286
6656 6231
8364 59
3519 2139
1497 292
1149 6148
3722 3222
2116 7296
4046 6649
953 860
3420 818
3242 1618
3278 6478
166 849
6810 2595
4695 4428
4720 5331
7658 1025
8001 7524
6914 609
5090 7200
1278 4774
6263 5692
6391 3724
1174 1384
4147 527
4988 3969
761 6791
2209 5765
8412 8432
5777 5607
4538 7427
4420 2170
7287 2358
2167 4896
264 5745
625 5850
6523 6652
243 4822
4100 2763
78 4468
6072 2113
375 1279
5804 4696
8381 5910
1153 4033
4527 7038
4417 3719
4212 6927
5228 4565
2372 3981
134 1633
3466 3292
7584 6249
387 3696
7123 8095
1506 3302
3309 6163
2834 4880
5427 4066
2528 7919
7661 5447
4295 10
6828 3666
6171 872
3005 3126
5316 1283
5394 1290
5022 1638
6323 7495
2931 6551
3292 3214
2879 4371
3557 5896
5797 6928
1057 1209
4418 6015
619 2492
2093 8437
3072 2816
1452 187
7641 5626
4451 1714
5157 4801
1386 5996
4633 2014
4565 8346
6582 2951
6966 6086
2455 4057
4950 5458
5555 2300
3947 5955
3186 6897
5366 1440
1064 4179
309 785
2409 4738
2790 6029
7531 470
3781 1004
3617 2226
4249 2988
653 3060
5417 3730
2234 6186
2393 2513
492 3837
3480 28
3992 3783
3057 8126
6384 3790
4266 6865
3460 875
2436 1550
7169 3612
3916 3735
2657 8328
3253 7528
6476 7072
1778 4820
1243 447
182 890
2132 7966
4133 1276
1790 5722
1389 7610
1031 4427
3373 8221
7151 3767
84 1789
7101 4578
244 479
916 2009
7487 1776
3037 2693
7426 7698
4729 7192
8142 6466
4069 7316
3241 5851
2797 5728
7766 3804
116 7297
2422 3004
604 819
3775 8429
6286 7190
5481 3113
3923 3103
7236 6229
2308 579
7270 7540
3015 505
2481 4165
830 3127
6792 5588
1024 2151
5985 6159
5683 7645
1487 5759
291 6190
18 5999
731 4529
1325 3978
3855 4063
5824 2995
281 7599
1405 4657
2806 5830
6953 6809
865 7086
6632 3636
5564 6360
4233 233
5629 1352
2869 5479
1313 6675
1266 3927
3957 6628
662 3227
3791 5093
4627 1013
7663 653
7956 7767
5416 7090
5806 5680
7867 2312
5176 3586
5469 5775
3405 6461
5982 6265
3001 2736
2148 7880
1401 21
1928 8352
240 7458
7644 15
983 7328
6374 8350
5426 5048
7773 8450
7023 4288
2995 2628
2183 901
5280 3178
5185 2678
1181 807
5642 1366
605 6144
3464 4399
1733 5371
871 960
659 6980
7772 3098
615 258
7747 6727
7247 614
6827 46
7969 8356
559 6536
2456 3196
6047 790
3591 4122
6 4090
5805 3655
6896 7864
835 1569
4930 3827
6165 1343
3073 1810
6015 3645
8116 3289
5586 4153
7744 2634
752 1600
3033 8399
7966 2860
4045 5224
962 801
6604 6050
4379 1910
2199 3846
2999 2275
5523 4692
3927 822
1858 2594
4722 1509
666 5064
1874 1609
6432 5918
5760 3818
2440 3161
5414 2401
6437 104
4753 7508
4881 6936
607 2183
7543 3749
1977 7470
1062 6367
3477 2344
4882 4794
1356 1605
2833 1475
850 700
4746 6044
5594 1123
4682 3543
127 4558
5706 7984
2688 1491
6947 3694
515 2904
2724 3925
2443 88
5600 4002
4579 4083
2248 3035
6043 308
5315 768
5527 7390
3622 2083
3745 4868
5200 3446
3398 4024
1366 4387
2335 5502
2820 3373
7868 6815
236 6074
1439 2921
8185 7391
3215 2444
5727 4684
3365 4010
7696 5294
5181 186
6238 3335
4396 4870
5443 4317
3062 5421
606 4390
6784 1907
2023 4401
2392 7764
7276 3860
2166 3986
268 4385
2417 5346
971 8215
4315 8332
2832 1684
3872 3946
1936 7346
8088 7578
3084 1317
3765 8382
1251 5040
2773 4295
3902 7827
6119 6189
5210 8061
265 6750
1522 4552
7538 310
2666 6553
5889 7074
5787 3393
8245 6600
7833 4688
6609 5596
4167 7078
1493 3511
5735 6240
1381 1682
8326 8381
6401 5656
7523 3386
3859 2034
7463 2925
8342 5211
1650 2910
1103 8203
5429 8125
3285 6063
1578 1933
3394 5853
7128 3025
5687 7708
3288 1727
4833 1627
6825 5090
6977 5150
6956 1599
5013 2033
7666 1728
7606 2630
3485 1502
2821 6994
6292 359
5892 7308
2570 3991
5836 2104
3295 3231
6943 5401
4780 1347
1417 1740
6021 5593
5290 2198
6974 1797
6458 4656
5606 4038
2764 7639
500 5494
3152 5611
2362 8271
713 76
5036 6453
381 2655
1870 6880
6252 4964
8292 2062
3105 2882
4155 333
7982 3283
8031 4568
5552 6976
838 2946
1646 1139
6568 309
6581 1113
6027 3534
5141 7463
5183 299
631 105
1445 3842
7209 1034
478 6248
2101 4470
8202 3290
2736 4784
7157 5644
46 2619
1747 4040
6702 6757
5741 4655
8120 6069
6950 4895
5318 5055
153 1434
7729 2774
1118 547
3134 4268
8461 3264
7886 3626
1825 4727
3024 2298
2010 6834
7482 3988
3261 5216
8352 1920
3540 3683
4148 722
1575 6296
1198 537
5071 5989
8098 7256
2855 5704
1071 1526
6260 2931
1783 6297
3680 7488
7541 6537
8017 5459
7753 2343
2735 4252
5948 4702
2897 7996
3612 1964
2363 4800
5327 2311
1262 2834
1902 4791
428 2626
7664 1057
5945 1785
3766 5716
3336 2456
1068 1562
2608 2541
4257 1680
5205 7761
178 5134
2383 4042
455 3157
1232 2972
6650 1160
5355 6452
6633 34
1091 2846
8385 1477
4389 2161
848 4053
7307 2004
4150 7587
6800 2102
2507 5245
545 3908
1075 301
1387 8438
765 4158
6408 964
4802 6946
1912 5690
5544 871
8347 8483
2484 5428
3053 8024
4030 8489
6978 673
4975 7575
509 7489
1045 5514
1440 1802
5042 968
8297 626
6057 1078
4011 6402
1108 2445
8183 5410
5191 2922
781 3899
4385 7822
1484 379
3925 8090
2236 8238
2077 5499
3009 7565
4679 1211
1685 3327
377 6247
4896 5544
4655 7023
6793 1059
6448 4665
1929 2776
1005 3110
419 3148
6005 5325
2004 6256
3136 3544
569 4005
4010 4945
2964 3355
5405 6784
2552 8087
513 4475
2005 4994
5276 5654
802 2524
582 5497
6641 5315
5758 3395
5283 492
6685 1565
3279 5848
7964 8327
1832 50
6427 1726
5639 7342
2553 4851
6155 4990
6106 5089
2641 8430
4106 1729
4079 8264
1157 2914
39 221
2115 1856
6829 3204
5040 4856
6628 4212
5256 8368
6385 7728
5517 4628
4744 3732
4718 6658
1944 5513
2192 3236
3437 4824
7421 2692
6399 3448
3068 8266
5908 463
7779 5060
4351 3316
2670 2890
2265 4275
161 3832
382 3877
5057 910
6262 958
6200 6282
3198 7860
3590 2189
4656 8388
2451 3134
4300 6374
5342 3599
3417 4430
6097 7730
1909 1857
4508 7716
3971 2216
7882 2562
922 2459
7858 6099
1897 6010
882 4108
4356 6788
1397 7025
8488 8097
1312 8128
7518 7186
8054 1396
4752 4379
8497 6175
1916 2994
6845 775
6847 7460
7259 8279
1114 7020
6543 7619
2129 1174
8216 874
4489 453
7984 4804
5811 2851
6253 6586
7137 473
8322 898
4709 5879
1489 7176
3864 3962
3116 2738
6012 6235
945 545
252 6522
4308 5516
734 1247
7694 1552
6371 4283
4606 3159
5016 8389
3184 992
2267 7437
6778 6139
4454 3791
7562 6494
6940 2699
4876 4564
7542 123
3003 7979
7425 2600
3735 7550
42 366
7103 7118
2074 641
6024 4186
2053 6379
5617 7478
6062 7082
5074 5196
4425 5444
3056 3733
5473 6863
8135 1916
2653 7018
3240 4715
5455 7898
5792 1764
4568 8312
4613 4112
5900 8162
5872 1264
2033 7191
566 3277
3581 5687
2394 7004
4399 6683
3362 7908
2810 5142
1834 2869
4205 6339
4503 738
7147 6487
7053 5297
6736 315
3177 6724
2623 6489
3799 4740
360 2850
7178 2533
4962 7814
5194 7748
7339 731
570 4391
5356 2665
927 2715
1382 763
8176 2633
7553 7940
1255 3700
767 156
6134 7943
2214 6146
1789 4992
6517 7646
2978 568
8391 7052
3361 6977
4255 3639
5966 1370
5142 7995
2301 2672
4759 7034
3334 939
2253 5170
7654 4208
1088 3258
3734 2722
5225 1011
5916 7932
4000 2716
3378 5947
1971 4380
7505 199
2076 1836
3069 4345
7595 2281
7973 540
1833 4918
5560 1274
4870 1299
5837 136
3204 6742
851 1223
5710 8172
2097 524
7491 7742
4490 1754
7120 1896
2948 6281
3975 2811
2144 1056
1999 1122
7997 1271
3063 5289
5793 4734
8132 4682
5532 3218
6089 5952
95 244
3376 1217
2504 3644
7810 1348
3523 5577
2622 2892
3064 4883
3299 2934
8429 7588
2155 3744
3148 6260
4730 7605
3560 4783
5979 6919
560 1865
1188 1226
5272 5350
6659 8185
2512 8109
2342 3954
3475 724
6898 2408
6980 854
6565 229
3576 6064
3107 2025
4160 6395
3977 7476
1041 515
1504 2998
5700 6303
8015 4601
787 4194
5413 6208
672 5255
6308 1220
1017 5635
8337 7044
555 5362
3487 7084
2812 1127
2837 7055
1180 4972
6092 2893
8354 62
1021 5250
2390 7713
5415 808
889 8442
740 3798
6423 1388
5867 3990
3229 3923
3044 1205
7404 4707
3596 2348
4284 4697
3 8377
3115 2966
3153 1752
7446 72
4724 7955
194 4836
2907 4375
6380 7555
5213 1515
7014 6770
3101 1497
1967 5601
2744 4616
1625 3573
4790 8274
6090 6095
1675 36
4796 3064
3158 3579
5769 2875
5026 1784
572 4764
2260 6167
1132 5686
1794 6174
3358 7939
1829 4481
3528 6486
6220 6426
1253 281
2488 4664
7971 131
681 4631
618 6967
7572 5921
7150 4984
4388 4956
7228 7594
2079 3843
7488 6709
3191 3898
1437 2986
5300 8470
5030 2767
5255 8448
2558 4852
1065 4839
8343 2400
397 1988
4274 5505
4239 3061
7602 1974
2099 5905
7931 6362
4603 575
6618 3773
4038 425
3216 5014
3102 1404
1481 1268
7832 4331
2345 4018
642 1298
5246 2044
5490 866
4628 501
7419 1735
7545 3657
4395 2908
5341 8376
5035 4823
4415 3085
4841 3187
5925 8424
7601 2417
7645 107
2672 7553
8396 4580
4711 4350
1106 3554
3533 2856
4875 7471
973 8258
7963 909
2660 2742
3393 396
2547 4914
535 5538
7712 1575
1544 171
7561 7625
2058 3137
1449 716
4912 944
4660 1037
7980 2273
3740 4604
10 8194
6982 5800
7067 1339
5162 7234
3978 6726
6952 1814
2505 7612
4403 8260
6710 7504
1260 7472
6630 2750
8479 7107
3305 1151
3568 8251
7986 6718
5125 1001
4066 5957
6403 3337
1585 8151
4276 5594
8044 4081
4348 7757
600 7902
4487 5857
2656 1015
8450 7433
5656 8165
7064 8110
2117 4392
5636 6462
3368 1086
7256 3662
2767 3243
4414 6763
1495 1877
1803 8472
7223 2346
6446 6677
461 1072
3223 6055
6507 4769
5634 7976
7299 6992
7930 2167
3862 3276
2220 2556
1245 7727
5939 4436
4256 214
1918 742
7921 127
2034 2943
7719 569
7856 3919
1209 8029
305 6171
6874 692
804 3162
4480 981
3516 6298
6142 3466
4953 3894
2130 1378
51 6714
285 2530
3760 8317
3132 4357
1890 4773
407 1284
6017 8111
634 3672
7465 7361
8383 4441
393 725
8302 3698
198 1498
4637 6439
6920 1377
7591 3066
4493 3421
6362 4941
819 4333
250 6562
168 2912
2091 5743
7500 4501
1140 5567
6694 5288
5686 4882
5203 287
142 5174
11 6912
1482 209
5031 4299
7559 1069
8459 6498
2545 3976
5753 805
1485 1266
7149 4061
2349 6745
4742 5536
6902 4257
5715 5777
2956 3111
2217 192
2857 6601
2829 3361
7285 4704
6816 2924
1258 7108
6011 4266
7662 7227
577 2372
1614 1770
3908 5287
6569 7311
4252 6385
911 6467
2316 8412
7958 87
106 2076
1899 7795
6031 323
5350 1135
6369 3552
5736 4181
2135 2964
2717 3686
2346 3482
3436 2718
222 3840
442 7232
3319 1157
2472 7399
6960 4187
1592 1650
766 1706
8151 5609
1342 2394
2168 8338
3356 6539
5476 1026
2381 6201
4906 6971
7045 6582
3441 3390
7079 1188
2216 1162
1448 91
2102 3375
1032 6879
4282 8311
2188 74
2374 151
4943 7088
356 5573
2752 2919
3031 4659
6941 2735
1328 2325
655 6335
2624 3895
2607 5717
5890 1053
1974 1002
2467 1917
458 327
1264 5948
5679 2694
104 4096
4240 8410
551 3796
3604 581
2615 1096
8481 4989
76 7073
490 2039
197 3956
1315 4348
7244 1462
8011 455
475 2523
7853 7952
1135 4993
2042 7381
4196 6987
6739 3558
3190 116
1329 30
2012 3590
2873 2024
1273 1782
6860 4424
721 602
1165 4425
938 7872
7651 7062
5475 6161
5690 8240
3542 3147
6557 5911
6040 5283
1560 3531
4164 2215
2327 7816
4289 6786
4806 8071
8261 2889
5603 1425
968 6179
921 3562
2963 4060
212 1745
645 7709
5344 4927
7379 2362
6512 906
4523 5621
1695 4879
7954 6085
8410 5394
4118 6110
6241 2357
8315 3026
8325 3001
3929 1606
2971 3781
4129 2249
1331 2342
2970 2239
6198 3414
5265 6057
2885 6059
3171 5187
5424 6854
3829 8267
7054 7773
2024 361
3904 25
1532 7733
1837 216
4738 7264
5441 2120
4598 2288
749 5415
5752 1837
684 6168
1613 5160
5140 2262
6280 7244
8103 290
1955 5071
4737 7865
2602 7249
5766 2078
6518 5517
412 6818
1662 6780
151 2659
8041 5831
6170 1602
2261 7824
6224 5000
3491 1159
6642 6416
5958 4199
6293 702
5451 3802
2989 6094
456 6874
789 1635
74 4779
603 6521
876 4006
588 7253
4003 1121
175 5810
1688 5930
271 877
121 1097
1199 243
1390 2641
1279 7304
50 5059
4089 2992
53 138
4410 1781
6534 4540
2860 507
3144 2518
3095 783
1708 5625
6416 8011
2596 5560
2683 1125
7327 3996
247 7252
6158 122
8223 4270
3089 263
5474 5837
3214 6629
1993 5789
516 2680
3455 7336
3404 5019
3522 4590
1451 1608
4226 1216
2840 8319
5231 4827
2365 3866
4483 1228
6288 3339
4135 3160
2180 4858
1875 3815
8340 5709
5526 96
4217 6246
6454 591
4916 5173
1372 7783
3559 294
5720 8307
1419 6149
4198 6109
2947 5050
7577 79
452 3907
3658 1455
7707 7462
187 812
1008 7400
2049 4866
1203 7459
5485 2836
7689 1350
6442 6720
2452 2493
6525 2580
7656 3811
3112 6624
4448 321
2203 5852
4707 2246
2874 3422
1644 7613
2849 4843
5711 5586
2039 4264
8365 3745
5938 3184
7338 7641
4213 2398
694 111
7013 2613
2567 2700
4612 3728
5383 3632
8010 4049
6494 7343
6424 7726
1226 4395
6045 1841
3119 5102
7817 5364
1090 811
4422 7856
4787 508
7031 3170
1795 7215
3549 3785
2877 3358
6919 7557
4288 2031
7740 2859
6338 5925
2354 177
5716 6584
5895 8263
3697 1611
4549 240
6409 4310
286 2369
6151 3864
2699 3608
2765 4302
2759 8187
3777 3829
3392 4598
7304 419
2416 7100
4554 5219
5460 5454
2743 1767
2239 6409
5927 1908
8303 7585
6225 4966
5871 640
6634 3859
8368 7392
2603 2607
7680 70
6718 4729
3743 222
292 6233
610 1029
944 5685
6304 5332
2621 1035
8276 4059
627 2320
1655 5306
185 2864
2067 6134
1505 3195
8076 8089
94 1253
5046 5584
3484 5708
1044 6706
8064 6485
6831 382
1868 4448
4689 6290
3514 7714
1764 520
5201 1517
4077 426
2582 2682
1598 3646
1162 7746
1762 7394
7728 1390
38 4815
4849 936
2795 1478
5387 5816
4710 1280
2169 1681
647 4758
5034 6195
6540 350
974 4347
2950 1774
3195 27
7746 4273
4593 3041
5616 2186
5165 6469
422 1647
3181 5520
2934 3007
7075 416
2364 5195
1917 6475
4594 115
7563 7341
1170 8218
3712 3142
6297 1203
190 4603
5602 32
683 2231
8200 3816
4733 6705
7277 4146
7457 2146
1853 1007
2476 2032
3946 3949
6049 4205
1565 895
2686 6082
4261 1109
3138 3762
3619 2108
3193 5321
7386 3701
4880 1041
7775 7288
8134 4466
7529 3463
2928 593
4507 4204
2137 1075
8452 8408
8141 6021
4825 3500
1668 1947
443 3230
6996 8496
7848 894
7571 8065
5529 7526
7234 1457
2872 5978
3702 954
429 6851
5076 5252
7072 2361
2778 2704
3036 1426
290 2568
1051 3254
5130 4474
7080 4747
4914 1353
329 3828
2231 2621
2382 5580
7322 7483
6146 2421
4789 145
5905 6390
4293 6445
3938 5375
3139 5782
2141 1100
3445 7621
1549 4776
5461 5649
5119 8152
5014 4939
8199 4739
4210 423
5569 5772
7649 2392
5660 7520
1426 1734
4717 7826
5129 168
7397 3411
970 2970
4121 2367
6664 1639
2407 5422
4219 7333
2626 2193
3814 810
6738 4526
942 6989
1692 8093
2110 748
6016 1412
6808 2823
7018 6030
6961 7718
8277 3740
7440 3518
1380 6800
1056 2119
5774 2522
7501 2213
5522 6508
2818 3834
5783 5975
2238 2152
6818 6531
258 2714
7090 7279
4107 649
3080 1112
6770 5762
6055 5776
5343 2427
4853 3010
5604 2127
5208 3080
2068 4154
2576 3794
7269 8141
2548 43
6316 3768
1323 7785
7227 3223
6858 2717
3847 674
5291 4373
4871 7321
628 7907
3652 1395
5281 465
5362 6896
7303 3384
2974 457
6597 8083
7108 1661
4438 7623
8191 4502
6436 2727
8401 2778
2914 6503
7034 7769
5719 4408
7780 3743
5145 1961
5393 4605
4325 3300
1714 3198
2460 5667
7417 4522
2618 7254
8137 1867
5121 5840
2875 3502
2633 5818
336 7130
3386 7373
7718 6630
3039 1244
110 2743
176 7905
3343 7582
840 2094
1939 4833
3087 64
4408 1084
8131 7047
5997 3596
2696 2805
8478 4572
2410 6212
8210 1597
6637 5532
5556 6538
3433 1951
372 2740
861 3884
8403 4444
5164 7590
2406 780
2016 4534
7232 3928
3778 6017
1334 551
1028 1447
7456 957
7115 2546
7627 3003
5247 144
3593 2060
651 1088
4110 5309
8209 4699
4589 7839
5547 4388
3049 560
5868 7447
3425 335
6843 4332
1027 7944
2225 2810
2064 4618
7940 7147
5721 8062
4340 4903
553 4369
5874 4589
3207 6725
3078 1105
3894 7556
7156 4933
6819 3164
4920 7126
2162 7832
6492 2133
6157 7233
4260 7912
2094 8033
1294 4999
5608 4633
6599 3089
8440 7922
826 4647
7477 5557
7751 3251
4830 6550
5216 5144
5705 7129
1070 2472
3169 5700
7596 5729
2518 797
7846 5465
345 3812
4386 4510
3867 6316
3016 2831
3645 5138
3909 1168
2510 1367
1673 7430
6807 7387
3346 3449
7796 4853
831 2812
6705 1840
3418 3856
1748 3268
4017 2532
495 3690
2193 4419
5079 2915
4786 1697
2555 5526
4779 2301
1507 4487
6554 3669
1804 5334
5066 2203
1763 4720
708 35
3381 6743
7968 1527
4727 6606
5896 1931
7048 7593
8156 3727
5802 3153
6373 7973
8093 7414
6084 2451
2291 4653
5361 2894
7774 215
2490 7861
1503 8378
1052 6878
3764 1464
584 6328
1348 4115
1332 2309
2122 6838
2912 1295
1895 1091
5054 5307
8360 7729
3364 6118
6757 3452
160 8042
358 2598
2740 2849
1214 7388
7576 4646
6258 4622
6336 6187
1271 4451
7690 4485
8075 682
4945 6844
4334 6909
5286 3795
289 6036
5050 8486
310 4372
4076 7349
85 8055
7348 1704
4412 4362
4619 8210
1562 2586
2721 1715
7885 7682
5718 5220
7917 4036
961 5417
2273 2632
8373 6636
6589 1043
7376 2200
4860 4279
5882 7869
6801 5595
2095 4821
4608 6608
8066 5304
8230 6128
2676 6002
808 1363
3718 2253
2972 6205
5380 873
7377 5181
