8000 2000
795 2277
3058 726
3577 6955
1368 7757
1237 2707
1998 5364
2829 6319
997 4241
5948 2825
4682 5593
7754 3418
6038 3448
7118 3968
1165 5223
6103 3371
2033 3520
1758 7635
2877 7196
6626 7438
50 2376
2430 5107
3110 5847
4468 1477
2360 5806
1429 4603
2647 7876
5059 920
1609 5225
2748 6568
2089 7142
2924 7033
1306 4324
1757 4420
6562 7962
1532 7874
3682 5803
496 2301
3793 6833
7362 2773
2030 982
6241 3919
3424 1851
7563 2214
514 1845
5172 6696
6143 1336
4120 7791
7456 2259
525 996
5524 7911
3562 5269
7792 2538
7497 7094
6695 6941
6551 3156
5692 2141
2778 1424
6960 6070
1447 7650
2070 2176
3445 6428
6459 702
4028 7443
7423 3610
5074 3023
6531 475
7855 217
7933 6056
3799 5776
847 485
5741 2388
1903 293
7822 6026
4343 4994
3371 6079
7697 5810
5087 1585
6824 5719
4701 5042
5290 2023
5184 3634
1669 1712
1917 1398
7114 1678
7460 5187
6892 2352
1675 7139
4303 2256
1719 692
2863 4115
7208 6716
7767 2946
6547 1813
5804 2981
5137 7238
3774 6377
5222 3108
6004 6192
3199 5711
2300 6759
5542 4355
7690 1969
2799 2699
437 7775
2897 647
4347 7927
1341 988
5227 7394
3126 7420
5101 2527
3124 7362
4480 1508
3610 2327
7151 1686
5515 5576
2562 2638
4184 6878
1207 6843
6477 4028
5416 4344
5852 1129
3684 6697
7803 2908
6246 3606
5780 4112
4144 1513
6901 4289
5946 2753
246 2820
7100 4183
3653 3600
7692 1629
2773 6099
3209 6972
5261 107
6948 7177
7413 5318
2187 7047
5390 3197
4400 5045
5321 4456
3853 3712
943 753
444 6566
530 5830
3130 1740
6005 1291
2444 2868
6305 6692
6793 7593
7679 7374
1650 5397
962 5199
2570 7795
1048 2475
3670 7984
5499 5181
6007 2030
5876 2134
4251 5885
7595 4274
3315 1913
569 6185
4064 2667
7089 5718
2060 5726
455 7696
4338 6338
5886 7990
2821 3297
5575 556
714 6554
1859 3251
7785 3183
849 4875
1927 4843
431 6742
1261 921
351 6506
3951 571
978 5785
4536 1540
2813 7806
387 5720
6364 5760
3552 1916
1944 3130
6454 7821
3174 4309
6812 1139
7752 3036
6940 5194
4597 6360
3015 7566
6289 6163
5992 74
3035 7868
7030 2791
749 1743
5547 7063
7888 3849
3089 7364
4760 4588
3581 5122
4491 1468
5063 4625
114 6832
5877 7515
1583 4414
5056 4597
6867 5331
2052 7777
2357 6052
1652 844
2745 605
4740 3581
994 5896
5796 2029
627 4782
4352 209
3962 6091
6302 270
344 2660
6090 16
6712 2595
2065 5006
3981 1003
5216 7477
1690 580
5162 5544
7426 2196
7215 2310
1308 6676
3240 2305
5766 5626
3815 4140
3574 696
7947 1234
4912 5454
4310 3536
3930 3949
5508 1440
3655 5671
3999 7
4316 5743
5856 225
6100 3190
6278 5412
6081 2759
2178 1556
7179 972
2695 7034
5828 6940
4433 819
6745 4575
4693 521
7254 6446
6852 5992
7486 1897
247 3266
4956 1563
3695 171
6453 2170
3109 6146
134 6685
1318 811
3078 3867
7602 5613
1455 1724
1178 7722
6188 5101
2156 4227
2203 2280
1116 6344
1029 1615
566 1026
5375 841
2075 4637
7240 7533
759 1283
2527 2102
5439 7587
1826 27
863 2924
4832 6276
5659 1915
7748 5955
7003 3739
3389 6788
4989 170
2487 4369
6737 4036
2323 5439
4359 4552
5134 1662
5091 1106
1853 6882
5442 3019
7880 2423
4259 3361
4782 4063
2687 6540
2352 6813
1153 6062
1980 6271
4438 5919
7912 5490
3583 581
345 4950
6873 7659
1597 5378
3090 6626
7138 5144
2395 4836
3835 7393
6506 2313
7722 1533
2689 1012
454 1031
272 1373
3632 234
5085 2133
4960 6385
3671 7781
3618 1072
1149 2314
554 3216
7106 6952
5123 2740
3482 3174
6969 3749
300 2563
4595 3227
6649 3991
6532 1961
4865 7506
4000 4329
1548 5511
1144 6421
7482 3325
5834 4976
7916 6491
1874 5449
565 2109
1939 417
263 4143
6976 7600
3116 3455
3499 229
2058 7419
5154 525
5892 5947
5610 5836
4197 152
7443 553
3510 4050
5848 7708
4151 2052
7450 2649
3692 268
3007 5044
6936 2168
7942 1083
5730 847
1515 6839
3048 5130
3560 7014
6832 4430
853 185
6776 787
7597 3589
4859 3395
7162 3479
710 868
4507 2939
3141 5998
1154 1159
1466 410
4906 5855
7723 7183
302 494
6998 7735
7233 5293
1220 6625
3276 5961
325 7700
1979 5209
6907 924
964 7135
6229 4144
84 557
2193 3419
3281 592
5006 6384
5597 1885
2155 512
3246 4446
4988 3333
2600 836
4441 3166
7005 6497
6351 1292
3412 2366
1824 1131
1822 1706
4257 4806
7764 7557
2575 6475
6555 962
85 5922
7929 732
2583 5967
3106 7136
7925 5116
4239 4623
5538 4422
729 2014
1327 6933
7192 4447
609 5891
719 1008
3458 4133
1905 112
3828 1580
6084 7528
3874 6109
6913 7160
4101 5945
6167 2357
4228 886
2871 4566
737 4486
5019 7513
3590 3683
4423 3988
5581 4504
2175 7017
5473 554
7878 5694
4983 467
5770 13
7940 5248
2151 3744
2634 1212
7829 523
5003 2915
3379 913
201 1443
5198 6190
6923 5742
439 2384
7877 1295
3931 6131
1188 1112
6062 5639
4502 1487
1234 7318
7360 7733
4216 5798
2481 4073
3378 5353
5608 5653
5489 4200
3893 353
1805 7746
2402 1108
883 5337
7756 856
1212 4993
6316 5542
595 6038
2069 4361
4666 5801
2021 1266
3444 1800
4402 2867
7974 1784
5520 5963
1721 2571
1730 3413
6541 7200
5296 5392
2438 5186
4797 5953
5905 6217
6499 14
724 1088
3119 7278
424 6956
5859 1179
3863 7612
5011 2211
5257 6852
5915 3519
4330 5182
6091 5314
5311 1880
5245 2959
2692 3465
7280 374
4475 4013
2956 1444
6250 6219
3341 6863
7927 1797
4181 1282
3604 3576
4149 61
3115 6857
3207 4705
5763 1588
5073 5120
2322 5657
5710 3167
6557 1238
587 1165
1015 6793
5797 665
5973 6527
159 3330
2388 1302
4233 7360
4006 3794
5815 3985
5896 1055
3536 3377
5112 6323
6632 5581
6928 1068
7239 6694
1267 281
7209 7447
283 4968
3571 5389
2177 126
1288 5398
4320 1749
1555 7541
158 7864
5764 3049
4453 1419
3393 7616
4997 2771
260 4468
4065 7344
7411 4471
5076 7952
7953 5309
4824 149
4514 3380
5873 2878
6283 5574
3493 3651
4867 2569
391 205
2714 4153
7468 3401
4396 312
5242 3917
2485 3733
2712 3309
929 2905
745 3965
5217 3295
7470 6115
6613 415
5066 2231
7535 6170
3416 7086
4159 4996
4861 3544
6622 7157
7894 151
3099 5902
6466 4656
6336 3558
4796 5573
5685 7546
1662 6666
1636 6399
6677 360
3918 6834
499 1176
1017 4730
2332 4352
2965 2733
5306 2517
1932 5249
235 3569
7117 5229
6420 4717
6526 5600
5572 7272
1326 2695
4737 505
7051 7087
5531 5602
1113 5931
2545 4972
7525 7143
7344 3635
4959 7882
1829 294
329 6476
2876 2090
7560 283
1262 503
1049 1693
5444 4638
4487 6150
3558 6718
5389 7788
7333 5451
4964 5484
484 2927
3881 6478
4549 1312
1459 2762
1599 7715
3508 139
7626 2240
952 3742
5268 7209
1524 4669
7128 6161
7863 4640
3824 5383
3366 975
1354 7969
7258 2745
2961 35
7983 6811
2762 6817
3107 3525
3080 305
5354 5345
5872 4154
4712 1353
2392 6660
5521 1363
6330 2958
1464 3818
2516 1233
3959 5578
5396 4365
2531 5656
1508 6741
4047 7859
7780 7640
3085 4876
1143 4326
6811 6854
2134 7262
7149 5317
5300 3179
854 3237
2944 2553
7684 2382
4045 1217
5259 3743
4268 5425
2189 4493
1869 3083
1238 7430
1654 4497
4967 1015
5760 5155
2236 7307
1355 2616
5309 3098
5007 1815
361 2909
3363 3492
3392 3408
3314 1494
2746 4106
3343 5467
5041 815
6713 5958
125 5154
6335 1157
1624 3970
3630 3082
5812 2380
2558 1384
6381 7762
7518 4128
3189 7642
4424 6998
3664 1000
7984 576
5680 3588
3364 5402
5687 3480
1950 7734
4934 7699
208 1773
3857 7920
6738 4012
1995 691
4787 6255
717 377
2722 3678
3718 67
2610 5802
2062 4617
2818 6826
939 6067
1250 5227
5239 959
7269 3676
3014 7026
3288 2678
3954 7941
2455 502
317 699
1098 1335
3771 5652
2493 7358
3882 2244
1091 3491
7924 7168
3892 5549
2711 1772
1334 5339
7099 6824
1480 1635
837 3002
1751 6556
1229 7463
1294 5103
7965 1664
5609 5706
5497 5948
4435 5464
4784 4098
3081 2447
6012 5949
6462 690
644 1246
2330 6406
7890 2855
4229 435
1021 3582
2905 3861
3154 3391
5145 4096
5460 3677
6392 1545
4661 7241
1307 340
271 3202
5545 7721
2221 7254
207 2704
1908 2284
3443 3257
4489 7039
1641 2605
5197 5410
3024 1997
7891 5911
6493 1963
7734 5915
4213 114
122 7309
7289 2207
3555 3751
3998 3035
2937 4759
3913 5746
3683 3866
6105 2119
4075 7745
7152 6498
3310 6487
3641 3998
60 2367
226 717
5573 1044
4950 3109
3375 7432
7731 5943
2772 2852
1136 3774
3592 3017
7875 3501
3894 5672
5562 1949
36 269
6813 5587
2858 6576
2031 1805
7948 6640
2557 6175
690 5098
7433 5809
1975 2177
7989 1005
7589 1211
6579 6520
2621 7298
184 4725
7080 1122
7201 4189
233 7786
298 1504
55 1047
1789 2786
58 4594
2350 1562
3216 6514
2447 4556
2160 1251
7746 3530
3873 7496
3273 2644
1138 758
556 1529
4419 4539
1684 6232
6716 1114
2436 854
6578 7451
4449 679
3185 1789
2325 3908
4523 6673
7256 2378
1479 4339
3883 2309
26 1923
7828 7532
935 2834
7494 6486
3878 7368
961 4958
1554 5368
5246 6795
4970 4926
1454 2966
4637 216
2197 3334
6674 5477
5388 2561
5298 4284
894 5086
7565 4775
7851 4150
2306 4636
3280 3457
3114 5423
5171 2573
7866 3617
3140 7556
3167 1172
5502 489
5236 5153
2110 3389
4407 7999
1471 6757
3521 4732
1499 1988
6698 4470
5998 444
4292 591
427 5994
2264 1356
7392 859
4042 4370
3530 4651
3806 4767
7844 5728
1534 4442
3399 829
2496 3282
5533 3690
6986 531
4077 198
7417 4190
758 4507
7987 5732
3805 4231
3476 5211
474 2710
7798 3
3196 2671
4467 4929
24 1893
2801 7872
542 3650
7508 7218
5017 238
7737 1041
2421 2765
2949 4755
6516 5415
6629 2682
2239 4288
6313 3532
5194 7472
7913 735
294 986
1686 4805
2736 4460
4458 6018
7872 307
6545 2860
3617 5446
3250 4029
1889 5009
3296 5592
6485 7390
7291 6049
3754 5797
3235 1591
949 4495
2004 5126
4086 2434
3200 297
2996 365
5426 2821
619 6064
3587 3012
6922 7758
1357 5862
2179 2346
2640 3556
1894 7409
1791 602
3238 1630
1489 2034
3820 1986
3935 1148
1804 6469
5072 4629
1343 5075
4815 636
4889 2332
6101 3993
5221 4374
1216 153
1414 4644
2347 5197
3139 5311
7622 5557
2776 2159
4222 4508
5733 738
5626 7678
6474 2842
3537 776
1282 7686
5729 1190
4493 1650
5406 1964
4501 3348
4851 2755
190 110
6988 5512
6215 446
2336 1364
5084 1379
4399 1483
6963 2885
6568 7919
132 5336
5026 373
3095 6246
6537 1962
4252 4322
4894 6618
3751 5463
7709 5167
7304 504
3676 1703
5057 25
2450 7065
1603 4116
534 3799
7706 3424
3597 3907
6670 5173
6865 2479
1247 5068
6113 4349
6597 5565
7086 4911
6589 131
983 7040
784 2056
7499 2829
4534 3255
7194 2730
558 3037
657 7433
3766 5543
7739 1207
7048 6076
4553 6315
4141 7862
2957 363
164 966
7393 5175
3269 551
7977 2041
4697 7770
4881 5372
3543 6122
1693 4770
130 1761
165 6511
1901 1804
2914 180
2790 990
968 947
5096 3817
4812 310
3945 6611
6272 7468
6661 5105
6071 7824
3943 4158
7038 4070
4883 1978
4080 5139
622 4783
2217 3694
855 545
395 748
4206 5601
5989 4795
1781 7959
1571 1980
6818 5301
4447 2101
2168 2662
1967 2304
793 3829
4642 3196
1907 6879
5895 6398
151 1890
4603 4529
188 2009
6741 4503
119 3955
835 3910
328 1319
1886 5152
6387 1305
3994 1891
1002 7380
5903 1592
5786 4874
5347 2978
6627 7191
365 2318
7579 7314
2024 2656
2907 991
7738 1498
6981 6113
507 2980
4289 3784
2184 4203
1708 5066
1704 2912
1230 7710
6558 780
2260 6105
2315 1757
3783 5277
7671 4409
487 5767
4339 6951
7969 3964
928 1229
6151 5406
1972 256
3842 3675
3059 1514
1253 166
69 7054
347 2570
255 906
2202 5067
6610 6457
3486 729
2128 5863
5220 2554
6598 6407
6959 7159
4154 6479
1514 406
1570 2703
5653 1150
7827 4733
6249 4728
2301 1154
742 28
1916 6779
3483 6835
6856 888
2693 3057
661 6261
3271 5245
1128 5649
7245 6664
1992 6044
6641 350
6054 1367
3506 7108
6937 3305
1200 7404
6525 91
7266 6412
1014 7621
3403 338
7840 7897
567 394
5485 1118
4855 6518
6518 6124
875 6320
6911 2125
5800 5428
4837 1938
574 2672
4935 2319
1330 6208
5785 1925
6767 2843
4515 1734
1848 7444
6563 2661
7652 2001
1683 2267
4337 4375
6633 1695
7305 4455
6727 6353
4168 1153
7396 4261
4554 6326
4112 388
2403 4095
6769 7629
7059 1675
851 3147
3222 1331
5601 4476
6198 3627
2586 414
674 173
6507 6823
7670 233
6528 6750
3313 6357
3438 7305
2090 2782
6490 7494
2967 4748
48 6368
6847 2788
7279 2219
7994 3331
2125 1142
3202 2688
4005 2504
3702 3535
6115 5661
5938 7373
4930 4618
7757 3078
4640 6355
3319 5779
1179 6632
7763 7509
5658 7369
2242 194
51 4187
7323 2408
7495 7379
4314 1084
374 6647
4993 4757
2228 4667
1023 7330
6202 371
1517 5730
7930 428
4933 3324
2851 7485
2153 7056
7338 6431
5099 6004
553 4237
6227 1707
2405 2871
6746 6176
6077 6770
264 2403
1572 2979
6011 5912
5075 5195
7513 3963
1711 1527
1494 5131
7358 7467
1794 3025
7547 7357
5240 5973
6846 1929
806 7417
5874 4131
7242 4259
7939 2322
477 5580
1793 1687
7036 7658
4517 5993
4429 5222
632 3667
7228 3580
3087 6516
5330 7067
4133 1437
4069 7082
4996 2149
5144 7789
274 3099
1819 4944
7082 4134
4388 6754
1645 382
5836 4451
435 7899
1092 4060
1714 3210
3813 806
5557 1156
3870 7128
1525 2785
5959 5883
791 2302
523 6103
1535 7688
494 3431
7113 5387
614 6151
4937 5013
7606 7464
5604 1570
780 1546
7795 7281
4546 4711
3183 6258
5177 5914
2209 5253
1561 4480
1191 6147
6476 6328
7905 5157
7522 2666
4564 6060
5694 420
7853 5878
7385 1170
7992 5935
4413 5612
7835 677
6231 7977
106 7163
6368 2774
3170 7328
2797 400
5335 3604
464 4325
6293 3171
2252 1867
635 4199
463 7007
7032 511
1475 7632
2238 3498
7334 5241
7500 7652
6684 6989
3949 7495
3277 2326
3079 7558
1795 5632
2668 3848
1717 2193
1490 1450
5412 3284
548 1927
5889 7225
3694 3181
4412 5681
1099 2608
1410 546
217 724
6284 3645
5496 6336
5403 7521
1692 226
1361 4094
7771 1210
7274 7687
4866 3477
5307 4859
5423 3474
3549 2706
7371 5964
2247 2050
2638 4858
4056 274
3365 5308
210 2420
3206 3044
3149 869
6755 356
6053 2474
1352 2502
4583 2220
7955 3141
5982 2836
6990 2118
3890 3845
518 4139
1620 3358
3151 3705
2646 6553
6027 3290
848 3490
5560 3643
2755 7798
7142 2937
2804 6688
5513 3366
320 2150
6753 5870
4245 1124
7941 792
1438 1593
4521 3748
5568 2532
6350 5754
5368 6373
7135 404
4601 3428
1914 6248
7510 3682
1432 3900
1601 7469
3255 2339
3531 2567
2432 303
1626 285
620 1539
3251 5957
7915 6730
533 5567
7374 2811
5068 5448
79 6156
1600 6649
3270 823
4591 4069
7000 1264
4763 6035
5459 6780
3480 4744
4691 1709
7526 2931
698 5646
7451 1882
38 218
56 3398
6076 315
7694 2941
2256 2269
7772 1896
550 2639
4803 1654
6581 1914
6186 7306
6704 3343
211 987
7272 1310
2847 5723
5783 1960
3305 6077
97 5788
7023 2612
5750 6081
2834 267
1323 1429
4305 1051
4326 6774
77 6126
7698 3381
2705 4278
4185 769
6484 3783
3503 6749
3500 6721
3885 5347
3844 3673
4829 3973
508 6947
5262 601
5994 3615
1940 6489
7432 5422
3247 6393
3699 6383
7020 1520
3492 5381
754 7960
5585 4620
3228 2566
1269 6098
4134 7083
6788 7484
7419 2017
3180 7540
3001 33
6723 2257
2349 2806
6393 6307
144 7194
1811 1611
1147 562
415 6468
4931 1924
520 5868
7101 7655
6127 5762
3487 6931
1776 6000
7078 4888
6217 7947
3745 6445
6221 1779
6874 5328
456 2559
7452 595
4375 132
1303 1052
6663 1663
379 2721
2510 6634
7327 3335
6985 5846
5362 3950
3698 2889
7591 3811
296 7269
2599 5946
213 7203
2968 1208
1699 6294
5512 4971
1700 5468
1371 4195
3713 4363
7635 1512
2713 3918
7696 5986
4287 4279
7487 6979
7476 6177
7300 327
6714 316
2095 3871
4055 1224
6583 15
1695 1175
4718 7293
4670 4044
2603 2173
2955 1318
4910 2462
441 5770
3261 3061
4204 7130
5474 3632
7350 5880
650 5635
7556 213
2865 5588
4099 4570
1097 69
3368 3718
3118 1191
7223 1569
4273 7538
253 3506
2782 3529
5398 7378
3285 7253
81 5717
6686 2993
64 7519
4394 2389
221 5401
4793 3943
2206 4833
3732 7261
7311 7529
7599 2105
3727 2827
2611 4883
7887 4170
6109 7719
2499 5185
4255 2012
449 2375
6102 2266
2147 4564
4976 3101
371 2007
3798 434
1592 7133
4283 6621
1858 7491
5754 6112
861 2664
6168 2317
1948 1814
5916 2586
49 2580
1918 1795
6803 5819
7252 2728
927 662
334 6265
4750 2619
7320 147
4002 1425
5771 1921
501 3909
1838 273
1817 4416
1595 3543
6470 4738
3613 6719
3603 4053
7743 4505
3369 5036
2280 5618
7732 5461
4372 7756
6590 2143
4675 4439
2960 352
5527 2523
2492 6758
3636 7625
3607 633
2658 2681
6389 4984
888 7805
4377 3111
10 6164
6572 7524
7893 1130
5302 4947
5430 3711
3876 3761
279 4700
105 2452
5230 7620
5203 3256
3812 3072
3916 5621
3158 6799
3171 296
695 4826
4844 6858
1615 539
6052 3766
1082 5106
7838 3773
1104 2614
6344 1374
312 3321
743 5172
4522 1608
7175 7526
1375 7850
4341 7406
7356 4159
5960 7653
506 7915
3712 49
6013 7475
831 902
2644 3792
369 2130
688 1702
7831 5388
4869 6732
3477 2509
466 2060
4276 7098
1530 465
7952 2576
5939 2202
575 1347
7657 4724
5651 7397
1897 7630
2146 3486
7265 1510
2141 1345
4169 2164
2670 7422
7676 436
4378 2087
5981 1844
2729 5183
1397 6349
3219 2359
7539 2635
2150 4081
5399 2374
2092 2414
6978 6401
2390 6071
6245 6391
1657 3823
6014 2123
381 5558
750 1341
3746 3740
7966 301
7715 7085
1004 3960
6631 3158
6920 2162
82 6825
5578 4871
2883 3869
7217 5123
7183 452
282 7154
5441 1808
3735 7304
117 4803
3225 5287
2233 3045
7683 4807
5674 1643
2161 3798
6242 6689
3353 7492
108 5307
4748 6392
3662 5909
3358 773
4845 4010
6456 5875
3579 5196
6513 3513
2363 7749
1502 5472
7841 4589
1784 3935
4357 5292
3547 3122
176 1259
2787 3459
7543 5996
2932 6173
7950 7220
6886 1360
120 2969
1398 7415
3298 4338
179 3125
887 5999
3516 6802
1580 5790
7270 6922
6171 6962
5454 3896
7412 7983
5189 2114
6120 5258
7199 319
3128 6861
4221 910
6971 4269
5418 4602
3778 5171
3010 1274
5914 885
5490 1673
5253 364
6564 2540
2966 785
3344 2273
3331 4100
1456 6849
1764 1099
706 3877
5342 613
4756 7439
1453 4179
6243 7723
6397 5984
7325 6097
5156 2814
2448 807
2781 4718
6118 3738
6685 6024
6822 5644
1418 6856
4196 1829
1550 5476
1409 2074
6157 3921
5419 6682
704 6283
3884 7986
1712 5481
6688 4
359 7259
4794 4655
6428 6622
6266 3746
6638 4198
1252 877
6200 333
4713 1799
4200 398
3785 914
6514 6459
2334 6312
1353 6543
6049 6108
3260 2480
1865 4228
3286 7280
6469 6442
6172 6969
4831 3450
2111 4388
5724 3429
1446 3460
3203 5310
5923 4368
3327 4078
5097 6528
4975 3086
1223 5906
3961 7854
3742 3195
3406 220
3690 4765
2709 7574
1273 7320
1488 2597
4745 3936
3622 408
3020 2097
1431 3575
7569 2251
5698 7100
2896 4965
4586 2507
3714 4561
3625 3697
7337 5156
7825 757
7995 1001
5817 6247
7158 824
1245 5614
7631 7741
2514 5214
3304 481
6424 130
295 3710
6703 7341
1883 7166
5215 1550
2985 2746
311 4015
7879 3132
7168 2492
6382 1775
1315 3879
7061 6370
7018 2062
2543 5734
3489 7037
7488 5220
6022 7863
5668 4384
5062 5582
600 3278
4936 2433
615 7909
572 7226
2152 4317
5284 7367
6576 3372
3640 4213
3789 3911
1433 5864
1762 4812
2319 6365
7897 3813
2331 3165
6348 6598
4195 7340
3588 6416
4074 967
7594 7282
2988 6418
1363 4182
6672 5904
418 4635
4957 873
5995 1718
6452 6997
1807 6644
174 3882
6560 5722
911 2751
3933 2464
6619 4308
5193 1811
4408 683
116 6471
3722 3162
7206 7152
2431 7217
3761 7386
5050 4920
1227 2099
7775 4235
5918 1351
3582 97
306 884
7735 6300
4731 7819
6436 7204
2752 5315
6809 5087
6743 3223
3872 5005
1286 4396
7744 6677
2890 4510
2592 2365
2757 1343
5671 5548
7416 1145
2354 756
4657 5124
6010 3313
6726 2808
1698 6816
4007 4752
6099 4163
1990 5285
3953 2853
3598 3975
493 5023
7843 5089
1071 3276
7284 2840
6974 1352
4954 7727
6766 3986
5633 237
5753 1538
3156 3314
7462 7334
1648 4418
6991 2965
5580 313
1569 7563
5424 6509
4607 1998
4076 973
6439 4639
4232 4425
7654 1803
5190 1670
2870 5050
764 4107
1094 7949
2244 6782
6121 1231
4254 5450
5170 5362
589 1793
886 6187
4463 5952
6310 1066
4775 3824
5961 2954
4165 7049
7988 2135
4046 2303
4369 2402
2200 516
1610 6048
5142 1873
4835 3199
671 7764
6301 5440
5660 366
6530 2781
7629 3135
7079 7651
5114 7782
794 113
775 1022
5880 1095
922 6648
5773 770
616 7530
471 5828
3862 5942
3113 2092
7407 7751
4998 4331
7845 3445
241 1982
6173 6734
20 4567
7090 5970
709 653
1031 2435
1702 19
5721 3306
2345 3952
6046 4406
7643 1141
1924 6466
877 3422
5509 6711
5666 5668
808 2549
1801 3891
7534 2805
891 1970
1536 6281
3509 1227
5749 6193
2756 1766
4225 1859
4535 4449
5943 343
7 6720
4472 4496
2295 258
3452 2104
363 2427
2246 3042
7667 5236
2539 3310
7435 7543
918 970
118 2448
6752 1769
4148 5724
6377 3873
1960 6204
5565 4297
5282 5861
956 1414
7064 4601
2157 3018
4816 6846
1370 5289
1752 4312
5494 4165
269 2943
2377 4093
6730 2716
5893 5507
7628 4801
7094 7211
6691 6777
3215 4141
1434 5499
4223 5709
6223 6289
874 109
2777 1831
6749 2110
2297 3846
608 593
2926 6609
7663 451
3580 1486
515 5833
1476 2623
4798 6604
5113 5898
2226 4647
1046 1090
5169 3385
6137 6747
468 3533
7087 5189
1871 6313
6893 7112
3326 4151
7343 5203
3193 6913
7060 4864
7146 3259
4409 176
6687 6552
6119 5228
4923 3356
68 6557
7299 6791
5819 4747
1723 7441
331 3696
7405 2720
3172 6877
5793 4436
7136 3054
751 7295
811 2926
2313 7411
2394 5413
1122 2292
3470 2747
1997 1333
2263 3983
4510 5765
59 6197
2783 2646
1469 6432
6163 7639
3377 1027
799 7797
4201 5528
1386 4515
3019 1683
3351 1785
1771 1727
204 542
5105 1907
1342 1466
618 2413
3380 6615
5818 775
3786 2534
7458 3224
7998 7234
908 405
2104 3518
516 7076
7172 7531
6656 7843
7922 7352
4294 5795
4743 454
7954 3473
6340 6345
72 7933
3498 2650
5219 6620
3436 425
6862 1839
5260 7249
1072 6403
7934 2508
5140 1680
4700 4914
3479 2584
4145 1628
5814 2437
6863 121
6423 5647
4728 4578
6733 282
7202 7092
2469 4672
790 6422
4776 4953
5018 3523
383 945
7951 6714
4258 4985
809 3027
6057 1620
7141 4974
7096 3618
2971 2817
152 6665
7815 5793
3188 2679
2874 5492
5947 4689
2384 6917
270 5725
178 5744
4137 7245
7883 779
5234 6467
5910 6885
5681 1571
3152 6686
2648 477
4525 864
3855 1235
2364 801
342 6139
4092 6389
596 5357
5506 2902
4376 1017
2113 3778
7229 6585
923 2349
6657 5330
3784 7601
1497 983
4545 6228
6206 944
1777 751
1492 6987
5789 4075
3142 6914
6925 412
402 4553
2471 7626
2721 7599
7847 4923
5759 432
2885 5084
2825 6411
4821 302
6869 3433
526 3038
3899 2204
898 7618
7035 3934
7453 5778
4608 7536
4282 6207
5185 2208
4490 1465
4189 6891
786 3089
5875 4207
2220 214
1739 522
2989 2470
3809 4631
7130 2239
5936 5188
2550 4257
5956 2798
4021 7383
358 3016
6523 1225
7836 5246
1271 7619
4202 6550
6650 3022
6707 2854
1124 6494
2387 1558
2356 1688
6435 818
4318 7164
3721 1276
2700 7767
3532 3163
4097 3767
5631 3591
5940 6883
6416 7760
1519 416
2553 1931
6917 4932
1346 6117
1528 3441
1627 955
7119 6019
5537 6583
4162 3051
1981 6443
604 7831
4026 1467
6734 2407
4081 2973
6790 486
4768 1209
5487 800
3233 7525
5689 1381
6216 938
133 4303
7477 2756
6147 5867
6193 7081
1902 1075
7904 6123
2699 6235
6444 953
5850 5771
5344 4323
6804 6331
339 5470
3450 1878
3239 1330
1687 3954
7052 1070
5383 362
6617 3447
2859 2812
1474 7079
3211 1778
4925 1301
5810 5294
2541 5555
5351 6311
6123 7428
699 5356
3138 518
5837 6897
4880 3625
7428 6542
5039 193
3995 4991
5393 2180
4818 3971
4013 5923
982 1977
2929 1354
4371 2601
6403 4924
5029 7785
5869 6211
4543 846
452 344
2964 3159
7363 1877
368 2991
6345 4774
2086 3561
1260 3029
6029 3769
3661 2275
2180 3412
470 4501
3278 7482
6450 3267
352 705
5283 93
4238 5539
1833 4736
4486 5300
1598 599
109 488
4163 1649
7674 6865
820 2641
5713 774
727 4142
7164 2588
6033 3332
3383 3646
865 7147
889 7772
6789 5607
3168 880
5972 7512
6247 2575
1837 3416
2222 6925
6748 186
1484 4419
6161 6740
3673 3583
6218 6179
6722 329
6662 2255
2381 6530
4478 4266
5379 5521
1486 5510
7379 5391
7115 5615
3719 7937
7268 6636
1756 6135
2641 5951
3596 2562
6016 5857
7092 1059
524 2160
3976 1427
6697 1043
7243 1689
2183 2718
6296 37
7496 6982
4211 4403
2235 922
5748 3951
1679 1158
4315 3106
3295 6767
5849 5536
7287 1657
981 7066
1209 5255
5020 4244
4528 1581
6630 5508
5929 4549
2568 7455
3612 2174
167 3193
3773 1287
287 4701
3127 5786
5118 1820
2196 4565
6089 85
2411 2417
839 6330
6299 3188
5550 6645
1742 5890
6319 7939
6116 4072
2044 5893
1305 5426
6946 549
2369 1548
6035 7801
1904 4485
136 459
7521 3229
6017 2463
3242 48
1001 2166
6773 6041
1415 6840
2501 3641
772 2880
5325 4341
6609 5750
6553 5359
7042 5547
5983 7106
2780 3539
2740 7847
3066 1614
96 4800
4443 4271
288 2505
2182 1971
4774 3323
2497 7287
3063 265
1593 916
1621 7035
4129 6993
7570 6588
6520 5263
1749 3055
6747 2381
2983 3996
6486 5466
6884 4027
7124 6737
3333 634
101 750
4116 4824
2359 2465
1435 1435
7549 2898
3013 4130
3210 2441
7964 5517
5645 3961
1333 760
1189 3231
137 2124
5949 355
2862 5524
5248 4771
6798 1028
4825 3288
6689 5233
1044 3674
3973 7335
7596 3732
3016 3117
5669 2396
2271 4525
2063 7350
5081 2848
7625 6679
189 1187
5196 7476
6429 6539
4753 6290
7415 3073
741 4477
5090 6753
946 1746
4900 5758
3539 3624
3263 686
5654 1598
3373 2857
4846 1308
5574 707
5226 7103
5434 817
7509 3619
2267 2116
4340 4531
7816 4828
7297 6691
3169 7996
2261 7803
3144 7889
6902 1652
6480 92
7472 5813
3362 3937
2399 3962
1727 7873
2822 1932
7129 6701
3075 4831
2807 4514
1322 426
5038 6798
7044 1436
6021 1750
7043 5471
3339 866
6365 4557
5223 6386
413 4003
5061 6309
1206 520
5104 4687
3248 7474
4035 161
5699 5627
2596 1204
6719 42
2034 6526
4492 5907
1444 607
4171 781
7469 6876
972 2701
975 5462
5523 1756
5625 3292
747 7572
2594 768
2925 1723
6315 5193
280 1418
4622 6020
4631 4362
4285 4960
2580 4064
432 4211
3830 4281
6307 2521
1379 5630
517 4423
7232 1086
6308 1408
3433 977
86 5343
2650 6915
1947 246
748 6074
2422 6017
1999 2025
2351 7199
1993 6821
1691 1551
2477 7830
4444 4132
1395 5805
4346 2582
1959 2066
527 1711
7645 4922
2832 879
586 2622
4839 2790
6556 6551
959 4121
1351 7356
5901 1906
1420 5917
7103 4173
5456 7044
3750 7971
6148 4342
6877 2752
417 1162
4439 2147
6327 632
1127 1040
305 5161
4809 1260
906 6394
7147 5869
3802 812
35 3315
4636 3148
4638 5674
6642 7290
2279 568
4873 3661
3481 2217
6942 656
3150 1116
2378 5371
70 4217
3578 4865
1888 1081
7050 2377
7200 1478
4186 6213
7365 614
6910 777
3788 1404
4623 3031
3161 4709
3065 5541
5838 4662
6355 3451
3041 5687
1703 5288
7604 254
6184 849
3522 7580
1243 6358
4562 6571
1720 4048
2324 3172
4063 2321
7353 375
7378 5035
871 3886
5316 7547
2023 1594
2642 5572
1557 2551
6872 1400
6967 1261
4236 7201
4241 3716
3623 7677
3654 2615
3790 5982
6742 3245
1168 1656
7691 628
3701 347
5503 2488
5705 4576
3061 1327
4541 3820
7467 7704
1137 6005
5376 731
4079 5960
2523 5474
2940 3863
4856 399
4432 3941
5511 743
1587 1515
6376 7552
2101 4763
2294 1764
6190 3500
5883 7401
7440 1561
3474 720
3642 1250
4109 2934
1373 2863
5577 1188
1873 7603
4875 6040
2342 2838
5021 6268
220 1524
7653 3628
419 1029
7383 5205
1278 3414
3409 4982
1399 2015
1956 5688
3906 1036
8 3069
1402 3876
4218 5704
2389 1507
785 5259
3526 4548
4974 1299
4924 2719
6374 2431
1785 4909
1565 4310
1579 2350
5251 2416
5303 6465
2597 79
1126 386
7335 3721
6683 1720
642 2071
4605 5853
4538 659
6584 3253
41 7694
4690 1447
4158 5739
4066 6534
1213 54
1151 2998
3456 7229
7056 4524
4380 899
4431 3184
6170 12
6271 6967
2120 7646
4961 3959
658 786
4736 3242
7394 3927
7733 6523
5899 6210
5941 1888
840 6661
2391 7559
1033 5708
2707 566
7430 1609
7386 6804
5962 3187
5603 2629
6240 968
3608 2793
985 4167
7454 3603
6104 5083
123 4682
3159 1344
408 3271
5174 5768
957 1511
4495 39
1051 1843
3178 5349
1834 3830
5093 2042
2902 1573
3309 4569
5500 5710
3279 6584
5192 7440
147 7836
7865 1214
7227 1655
6274 7322
1716 5740
2991 3046
7324 5811
5334 4260
7069 5882
2800 954
5333 3552
1197 3699
6140 1257
1150 4434
1909 5759
5667 2974
377 3180
4606 2228
7072 7534
5720 3374
5518 4082
1965 5145
1270 1721
845 6822
6522 7537
5552 918
4725 1355
7804 440
3274 6939
5619 2233
139 4087
2121 1622
7761 1361
2370 2363
7066 4077
6282 1167
2375 5053
5410 1462
3073 2602
1202 4391
3929 6133
5868 3553
5175 2082
3710 4080
6535 2698
4147 6022
1470 7167
1183 7205
6504 401
3734 5436
3330 5741
6965 2533
7188 5884
4884 4593
5328 3912
4166 7709
4625 6023
2869 3885
1364 3862
3408 7102
6279 4494
3324 7124
7351 672
712 3602
2835 136
4707 1035
2344 2144
7184 655
4647 3609
6591 2036
5516 2674
2420 3640
6144 2172
6720 2831
1576 2754
4558 6844
4032 1069
1780 1807
1112 5097
4946 6249
5642 3795
5641 6493
1170 4256
4668 7421
6183 1053
5866 2743
173 3026
6796 6942
4068 1910
4114 2344
5832 2726
6739 2940
3975 6616
6032 4459
3556 5658
5472 6423
1537 4071
2194 1976
3946 7321
6548 3639
1709 0
4090 3570
5070 2189
142 5756
1506 4407
7309 358
3795 6216
4904 1383
545 3666
2895 4521
979 2424
6356 627
2645 1627
4039 7258
3256 6851
3634 4643
1378 2975
838 2064
4121 6008
4557 2590
7573 5306
3067 935
4761 361
2038 5665
4091 2456
797 3807
6888 349
7782 1316
4795 2290
6326 5346
1362 2789
191 2918
7960 4004
3902 6996
1814 7310
7583 7502
6648 5280
4587 794
1655 4778
3952 851
7276 3715
4659 961
4734 3370
5679 5114
2786 4320
238 7575
2898 5691
6401 1610
813 6118
2894 4792
6966 3608
3234 2296
6935 5905
1468 5400
1543 2524
3187 4586
1783 4773
3525 7567
261 860
4870 2603
6291 5729
6204 2325
4940 4634
7195 6517
6197 4127
6097 2320
4404 5396
7157 5286
768 4881
5676 642
914 7823
7264 5162
1384 4562
1477 2003
1350 4719
2616 2478
5779 6957
5706 2496
7936 4025
5663 4810
6958 1270
1377 4035
5621 4373
491 1073
4212 2511
4059 7457
4579 4703
6433 1140
3394 6927
6199 6700
1731 4919
373 3142
4578 5818
7813 469
7075 4166
3387 1321
3017 64
4511 2272
7483 6395
3402 2884
2108 1694
4773 4536
1413 4229
5349 6085
3507 7993
4459 2977
2437 11
4296 322
6744 5321
5742 1735
562 577
7585 4878
6224 739
2508 6462
5820 7840
6322 6094
1389 6449
4031 300
7963 3359
7710 6149
1062 4820
6996 2261
4780 6010
676 2197
2995 43
2048 498
2482 6772
4646 6093
6494 6990
6710 7684
2083 6524
5433 6200
4755 6201
1746 4626
2674 5092
4843 2796
3395 1691
2975 584
1880 5701
6295 1202
2396 7149
1847 5629
7007 4240
1037 224
5136 7940
251 3821
7328 2633
5159 1320
7222 6032
5331 623
4953 3754
7971 1128
1566 4797
2808 2468
6954 6926
5452 3966
3217 5018
4552 1566
7712 146
6673 3775
5974 3375
2106 3200
7307 73
3772 7681
5498 3531
7909 2035
5851 26
3700 392
7794 6033
6624 5418
2679 230
4103 6828
1064 845
4313 2713
1180 7807
4083 6347
6334 4872
3145 7647
3321 4332
852 3750
4556 1920
3823 3728
1129 5312
6294 5456
836 1911
7037 4277
3614 6781
7057 3240
5356 3560
816 1696
5267 2006
6542 1402
3413 946
1089 1823
1925 4696
2442 711
2572 1776
6177 3287
6549 2297
6797 3349
6690 3702
5469 5235
3429 933
6643 5933
6717 1410
1885 4052
7185 6703
4849 4663
5772 177
1110 4382
2973 5705
113 6627
7013 2983
5370 4196
7849 527
112 1220
1978 1346
1596 1604
478 6930
532 4212
7091 6256
2673 378
1274 1405
880 423
2463 5079
2503 2312
4473 6086
7314 2911
3332 7988
3626 6567
4762 5001
4847 6812
5054 6042
3826 2947
4420 3980
3040 2809
4469 6929
5047 7838
3515 6548
4293 4487
5612 2155
2292 40
7656 7730
2775 7991
5715 1525
6106 2215
7236 4484
7699 3565
3681 4526
6251 1458
5558 247
4684 2668
7704 7235
2659 6084
2253 7202
7404 3913
4698 6800
1952 5320
1867 5926
6273 2232
1404 7414
1426 2426
4332 3363
858 4653
396 4889
4692 745
4043 7518
984 5589
3212 7002
818 3931
9 7744
2078 4226
655 342
7714 644
4442 994
5830 1500
4102 4750
4811 3978
6232 2744
1225 2446
675 4465
4592 7570
4943 3577
1430 565
6061 4935
166 3894
1293 7101
7562 1144
2931 5432
7688 331
6000 6400
3860 253
2978 5029
5539 1824
4309 5556
4672 5527
5464 1553
2823 6278
1394 1838
7262 2712
6841 2828
505 6713
1618 7923
5758 4910
3972 304
7542 1874
7352 6226
1356 4209
1666 5696
5254 3087
3463 2093
7529 5568
4842 793
2029 4834
5551 3499
591 535
648 3815
4814 6473
3627 4243
850 3409
481 1473
1633 4149
6957 6545
5422 6983
4945 4987
6160 4089
4243 6297
4266 5835
1387 6063
416 7332
5380 6633
3157 7657
1010 7504
1163 7605
5445 570
5765 6152
7485 6842
1105 612
7310 4191
4471 141
6042 2888
6400 279
5933 7016
5065 7036
4529 403
286 325
3886 3647
1644 6970
3181 7246
5702 3145
6066 6132
5292 658
366 784
2443 2264
7306 1277
2666 3268
607 2440
5031 4337
2416 5498
2733 4791
716 1827
3165 4360
726 5127
1473 4099
6891 5641
5274 3789
3184 3211
2348 6765
7665 798
7025 6244
1040 7591
1529 4008
5937 4083
2576 5894
6446 5669
3034 80
425 6866
7154 1377
5587 6433
4505 575
6830 6229
6238 387
7429 5485
4560 538
892 1560
3230 697
2109 6760
7713 2801
4360 7638
6839 7544
3236 6805
4100 3497
4656 3801
3357 7631
4207 4847
7857 7731
5173 1953
4138 2195
4267 3129
5882 4109
6324 5845
6228 1452
6030 3059
5586 5100
6823 7062
1367 4395
3837 4978
7409 7885
899 4242
2468 2438
7701 4619
1614 6472
6845 5731
4082 2910
3455 564
4040 6212
5716 3504
769 6731
1205 2732
4653 490
6700 6354
2094 7929
175 5702
3891 5586
1218 5638
7801 1952
2759 3404
4588 6572
2682 4706
6258 6790
448 1104
5853 3592
1589 3342
404 7716
1024 5051
6511 5900
4183 5046
5839 5987
73 4252
4853 3301
1457 3327
1067 7683
5462 1672
2838 6461
3254 1517
5808 1113
2573 1236
4242 3275
2678 7560
6130 6012
4466 4380
3546 3146
1198 4550
7085 7089
1860 1819
1115 3443
186 276
6339 4184
1988 3979
3950 7074
4621 3004
2688 2689
2537 5812
5595 105
3354 2250
4247 550
4180 6643
6900 6910
4766 5026
6427 2107
7275 7327
1065 6362
5049 897
557 4181
2053 6317
1392 4661
6489 95
1797 1760
7728 6769
3218 2394
5725 6106
5682 7672
4312 1909
3777 7319
4024 2061
4612 6958
310 1006
5275 1245
4765 6658
3427 6838
4250 2919
1678 4379
7826 6409
1509 3916
414 6378
2027 3252
4053 3005
3958 3547
7678 4981
5965 4224
7278 3538
126 1396
6594 431
6211 6755
5768 4942
4574 3273
206 3875
5269 663
4397 4148
5411 7041
3464 439
1 3265
4182 6252
4783 497
6379 6785
5709 5221
5987 2113
7389 5265
3012 772
1374 1690
1281 6007
1256 1903
3770 1438
3084 2300
1540 1039
3576 1160
3025 47
4161 7029
3667 2306
1661 4897
5135 4440
3045 6624
6758 4197
6759 3403
4550 6435
3704 7326
5001 284
2049 4879
5372 7662
733 2288
1079 1572
6497 2600
1130 4473
7660 227
6178 5829
7928 3373
5813 7918
1870 7812
2515 7955
3759 666
1381 6282
5204 1332
1233 2729
5822 5533
1754 1403
3329 1482
1337 808
3284 3555
4240 483
1722 4940
1773 102
7846 1024
1221 6455
6478 2537
7833 4085
6152 6683
6887 7197
2167 492
5027 1945
691 5140
1020 5031
348 1334
7507 2815
1419 3708
4462 7150
2015 596
2158 7583
5086 5483
1232 3425
6544 6515
3611 4039
5387 1455
333 3948
3505 7242
639 3458
2633 2073
4888 5685
5214 2847
7448 7692
5942 603
6069 2268
3846 3260
7837 1300
4733 6663
4752 7399
4288 3621
7550 3923
5717 3177
6073 1082
5247 3542
2232 3077
7474 1858
4054 2643
7189 6505
3769 4622
4626 7115
3567 4265
149 3691
7524 2864
7575 645
576 1496
1989 3067
4345 905
385 5096
3190 4478
7321 2188
367 7069
3548 7817
2802 2229
4422 984
284 673
6945 5799
2665 1226
6210 3386
1287 7539
4363 2986
1123 4721
2050 60
5046 6501
434 1324
3491 670
4203 3243
1058 4185
7282 6981
1436 4454
5870 6262
7769 1901
4919 950
6028 4441
594 3722
3900 2169
7901 740
4373 5872
5858 878
7387 6356
1054 3299
3135 2546
7725 2004
7161 6600
4992 235
5413 6565
2201 3410
4125 4860
6465 515
2509 7408
6975 396
3259 2557
1501 7761
7074 286
1635 6662
6371 87
3473 1247
457 3093
4089 4546
7165 7260
2205 3420
2619 6977
5209 6512
2950 3768
1827 158
2251 6630
2456 5338
503 1742
6222 1937
1283 3464
2353 5913
2938 7189
2218 2920
3854 345
157 3393
904 6430
4664 5132
5798 7500
6124 1503
7437 1738
6067 4796
7616 4891
3372 6376
2435 5324
3919 1372
1843 693
6774 7613
2761 135
7139 2813
5285 6322
1485 4584
5122 3340
6448 7297
1584 1745
3053 5435
5950 6597
242 6209
5052 2618
3756 7398
3652 332
4962 4707
2675 7860
3595 6794
4695 3127
2476 7213
1736 5876
338 1184
6414 208
3143 90
1173 2972
2259 2955
3941 6269
3397 4547
1249 6593
7489 1263
5647 6725
7975 7954
5224 2673
1937 7972
336 5495
7588 754
6036 4176
6087 1203
6782 4608
4350 1243
843 5792
5928 3453
4817 4453
660 7363
6135 248
129 6681
6694 2331
3488 72
7705 7355
3292 6120
6495 3990
7540 1197
6815 5721
560 7257
6651 4896
5478 7503
5457 6251
1792 3812
1520 7015
7065 5213
2816 5693
1968 4815
6194 1328
1559 3679
4822 7402
3502 6628
2999 1288
3638 979
945 2140
4724 5271
4106 2393
1747 5840
1119 5968
2591 7004
6628 5151
5255 4450
787 1917
6020 2862
4834 4830
5635 1852
3668 1979
2864 6709
7017 1787
4741 6031
5340 181
7517 2364
7530 2824
4627 685
6786 2234
1006 5409
7797 4823
1030 5966
1574 1255
3696 5939
2145 2859
3936 4201
5835 2606
446 4936
7253 3680
7861 3655
2376 6397
4836 6134
6131 2607
2084 7610
5963 3512
4118 2951
577 5584
3780 6438
2725 2203
3448 1729
1607 741
3991 5008
3948 2577
2326 6668
509 3930
3108 111
5648 6870
4111 6635
7123 6225
1763 5745
613 3238
2837 2514
6903 3481
3160 4129
5212 83
919 3094
4533 6971
4893 704
2282 767
1425 4642
7031 6325
6857 585
3620 5076
4895 4353
673 4939
4265 2294
1649 6642
15 7277
3523 675
4973 165
1518 2750
6166 2989
145 6371
2856 1499
2057 1143
4297 5860
2467 4392
5401 3311
2827 6974
916 5997
3485 5414
3249 3758
7298 5458
6508 3827
4929 7288
2212 201
25 6674
5102 4729
7601 5282
1244 7001
7008 2578
4584 4927
1069 6872
5488 3972
5071 7222
6989 1385
7212 115
4828 5033
3908 3326
205 6943
2224 4032
4379 4538
5628 7109
6848 6087
6669 6437
6341 1865
1467 762
522 266
2879 7535
2683 2518
5970 7706
1800 1406
659 7784
1510 7353
5124 6890
472 1484
2091 5143
1177 2711
6196 4348
3162 4606
3349 3495
4689 6343
3569 689
7613 6928
7800 3652
5299 1445
1042 3134
5686 4934
6419 6080
2093 4221
7914 7624
4485 2645
7484 1317
6214 1304
3557 3636
4395 7488
1786 7608
7295 70
5035 6975
7283 7182
3731 7932
6332 4688
307 7064
1958 4457
5225 6875
2266 5150
5130 7268
1803 5848
5152 3096
6460 852
5821 2037
4629 3090
6970 3011
3808 7703
4386 2458
1032 898
6859 4033
2011 840
1581 3516
4088 3294
6510 5609
680 3717
5600 1213
6352 6965
3111 3938
6664 4790
5727 1428
6876 698
7063 5011
2262 875
7611 7725
3306 3075
7421 44
1339 1918
7491 3144
2013 1206
3484 7809
4527 4314
3990 243
6385 6417
1872 3626
156 471
6496 3028
3589 7493
7083 204
3275 6510
4508 2466
6406 7184
1268 5207
570 3662
1285 1193
181 6127
512 1495
687 7129
2254 1174
5934 2500
7808 7926
1673 2560
5163 6073
2993 6733
4436 1647
684 5502
3459 631
7193 5104
268 472
2406 1780
2452 3648
103 1147
3852 1993
2749 3217
701 58
5860 2315
5879 7333
87 2841
6934 3482
5861 7682
3686 1894
4947 7045
3370 936
909 3230
1152 2279
1013 5737
4785 5016
6117 7479
6338 6751
1190 5226
3909 3121
7341 4555
1612 2763
859 1375
6415 6886
2720 625
3646 1792
1407 7224
2451 6599
2278 232
6735 4118
6618 4302
7492 4263
5357 7412
6666 1271
5526 4402
93 4616
3336 5159
1003 3503
5791 4776
3224 3836
1125 5808
5417 5165
6885 206
7781 4957
2918 4894
629 4704
5080 7568
963 3417
2491 1708
902 188
7148 7215
5055 865
1500 3435
2820 6254
7408 5121
3940 2783
5919 98
6540 295
7932 3736
2199 1390
6725 6814
3848 5804
5555 6144
4334 4873
5904 50
7014 6738
6754 2067
7541 330
2567 6090
2908 2636
1769 4043
3347 1537
405 5210
2018 5689
1605 3128
192 2558
4567 6366
5844 5703
6668 3924
1336 3107
1563 1900
7784 5518
4979 1049
5945 2274
2913 4452
7028 2519
5576 241
3054 3858
249 4543
6108 2579
4677 4683
7759 6272
7680 3281
7564 561
5708 4540
2007 3568
7557 2386
2102 1296
3708 1565
4364 5783
6360 5854
3639 6434
7442 5180
6941 7173
1321 7243
1951 4034
1390 2872
486 7481
1782 3806
879 6614
2037 7316
4342 7615
5343 7944
1376 473
6311 5486
1478 3945
1606 5243
1421 2624
5616 4155
6770 4262
7648 1297
1899 3095
881 427
5111 2528
1349 1134
7332 7634
6930 6143
5857 887
33 5822
2899 1939
611 6978
6501 669
6961 5877
1275 7822
3465 7028
2317 1715
4655 7437
5360 6594
3825 4017
4742 7208
7359 813
5683 5405
3922 3169
5661 7084
4411 7676
2677 3350
3616 7096
5871 2153
5778 3214
6347 1506
372 1899
1840 6538
6850 980
2374 524
4644 6303
4703 6333
4253 5433
7747 5608
1906 4522
4172 1509
1815 2916
6625 4233
2079 3828
4727 461
1236 3001
3602 2415
323 5962
6133 7948
4010 2797
5953 470
12 5208
7566 1613
2164 7982
4990 1149
7213 2929
4878 7835
5811 7887
2511 1446
1953 4389
7944 1371
3457 2960
6318 4979
5762 1612
2526 7011
1111 6646
1083 7195
5314 1584
6107 1065
4155 1875
5270 1763
7908 747
4244 2996
5409 5667
2248 1501
3970 1798
7636 3522
5319 4676
3381 541
5033 1470
1107 1057
4488 3611
7886 5569
1035 3476
5119 2988
4291 508
2290 1682
1809 6836
6765 4346
6895 6270
817 909
7153 6995
1938 20
5975 5981
155 1064
7559 7075
757 7527
3658 1395
1748 5874
5188 2995
5100 695
1114 2869
3390 3630
275 5562
5195 323
7545 4813
628 3906
1701 7113
5952 7992
5453 2835
1892 3439
7339 5332
6529 5814
6826 3388
2566 1181
7317 1459
7303 4679
6438 1666
5243 4411
4418 1559
4944 7861
6614 5040
7516 6815
2552 3468
4135 245
1184 2684
4871 3088
2945 1416
196 4650
3308 1137
7918 5675
2373 5655
7187 5747
3340 2795
3687 1768
4754 7771
6083 45
6472 6898
3396 1658
6953 7300
6378 7171
42 6675
4434 3328
6596 2285
5532 108
6781 3572
2840 4607
1564 5054
6956 7442
5402 2957
4406 2216
2337 5651
696 7027
5958 7636
5143 7228
913 6253
1677 7116
1929 639
4020 870
7345 5273
7662 3793
2549 6869
5594 5058
1623 6803
3022 7179
7133 6601
121 1794
3385 891
6373 6830
2669 5920
4011 4479
3204 4292
5467 1018
6660 4301
3947 221
6693 384
7214 4011
1617 6704
2981 3594
882 9
2795 2503
488 4784
5740 99
624 448
5117 3360
2412 3081
5528 608
4598 7385
1019 7893
2283 2642
2615 3493
6764 6905
3262 1362
6019 3153
7742 179
7553 5437
6267 6205
4669 2184
3356 6404
6918 4205
2379 6068
3405 3021
3839 4062
1664 3550
4633 4018
2639 5112
375 495
5264 5640
3563 1215
6566 501
988 4698
3501 491
4150 956
3729 2341
7316 3847
3123 703
844 5714
5711 4088
5519 1241
1866 4475
4830 3517
1760 7523
3097 5327
3659 1490
3645 2390
2265 1369
202 7592
6779 4949
2008 6116
2824 4970
7368 89
1755 160
6827 3204
2936 6581
4715 5215
7293 2748
625 128
6300 7508
4096 1817
5926 2347
4437 1177
1799 3840
578 94
6288 2235
4509 4777
6924 3400
6312 5978
6094 6292
4779 1010
6174 3719
5471 6587
180 4646
869 5975
4639 2804
3845 5972
5313 1834
5131 7170
2076 4877
2986 7981
3338 2764
53 3039
3404 4247
2019 1996
6828 3838
5278 6036
1106 7611
6064 7562
4410 2183
1663 7637
7899 3456
4927 1616
6303 6766
2533 1600
6994 2861
4848 1228
3631 2254
900 3599
146 4713
2169 2657
5769 1472
3764 487
2656 3191
6914 3484
203 4793
7479 1989
4667 6945
7108 468
4826 3207
4319 5513
2230 3507
3449 4438
1194 190
4899 7565
3535 4214
2005 3235
3440 4571
2386 3940
4175 162
4799 802
730 5099
4688 2640
7220 376
2618 5735
1423 369
4891 6045
7342 3411
4365 7423
6653 7895
2170 3446
7024 5037
6860 7666
3294 4298
2598 1014
4890 6726
3426 2358
2341 4427
321 1936
7959 1273
2475 649
2906 6756
7260 474
4187 1054
3541 6439
3609 7846
682 1171
5078 4863
4465 5217
1710 1422
7867 831
4635 5628
1622 4239
4070 1474
4576 6607
6153 7448
6257 3597
5045 1115
2990 7090
1741 5302
6391 4330
5308 7120
5024 560
1585 7303
2649 1667
3672 4168
1963 2387
199 4969
6539 4019
646 3215
4559 1430
5432 2033
1120 6414
3494 2627
5013 6829
2410 2286
5624 684
6502 1431
974 3731
1639 6613
3768 5522
7896 5212
5507 4768
2172 3345
3386 5526
7006 6451
2704 6141
6426 4761
1041 1244
4807 6047
938 116
7288 5493
2577 4610
3223 7604
3782 6729
5731 4880
6586 848
6487 3120
40 4218
980 6182
7793 3226
7533 4448
2710 4921
5179 7465
6457 7842
6 7553
5944 7953
4188 260
6567 2494
581 7501
7439 4445
1857 5974
5346 941
6149 418
2791 163
5736 2020
5703 2370
3534 1950
4630 142
1820 1905
5787 952
401 298
4618 5164
297 5479
5252 3782
1842 7207
2131 2077
5408 942
143 4901
976 1618
7554 6379
2828 771
267 4627
6814 275
6234 2190
2716 2647
4681 7010
4593 4305
3302 5865
3804 5636
7639 7000
1590 5007
1503 219
7917 654
2135 5988
1382 4313
6829 7311
7871 1399
2843 6171
46 6948
5160 7783
1839 5117
3244 3347
1141 1543
3076 2876
2903 6988
318 2589
3471 2127
1406 5091
7418 5322
2987 1862
2607 317
5326 4754
2339 4381
1314 1645
1516 5546
6731 2497
2383 6789
3832 370
1845 4739
1707 78
7231 6894
5737 5379
3875 3114
7041 1995
5435 7856
7143 6837
1175 931
4566 1067
1688 1155
5673 6908
2335 1103
6181 4745
5276 3254
1408 6850
6875 2564
4747 3318
2489 4816
4041 7641
1066 1881
6810 3060
626 6503
7907 7877
6095 3976
421 2299
3741 4835
1813 1739
4913 4675
44 4270
7388 413
277 7435
3649 6203
4711 4915
3963 2368
254 7826
2806 1941
4757 4612
4915 2849
662 2084
5079 119
6092 1577
582 1218
814 6474
2276 6215
4665 7579
6724 133
541 2476
1324 828
1681 1222
6366 7845
6154 118
6600 3317
4157 622
2724 1120
2916 249
5461 708
3956 3865
6950 2882
265 5489
4454 3289
1133 1294
28 3884
3046 2138
2560 464
1248 1638
6894 4343
1660 7695
6383 7342
7802 215
5622 3933
941 2
4751 5595
1118 5936
3877 3567
4770 563
4879 1692
4726 5634
215 5617
193 5019
4624 2737
5640 7185
6399 5827
2817 3832
746 5921
1542 4779
4777 600
2231 5003
1159 3139
6943 326
5534 6848
2547 4917
4504 1782
4676 2252
3724 7804
3437 4225
2826 3250
330 1948
5277 5566
7903 1138
6772 7354
4107 5025
504 6308
5745 1714
4617 3992
7528 2936
171 4827
551 7181
4876 5198
5486 6051
4117 1350
3693 7707
2631 835
1796 3438
2311 1879
2972 5897
2970 5514
7649 5078
3665 6784
7221 3406
1348 6233
3036 1519
630 2348
7707 7886
6861 3007
7630 3822
3442 999
5324 7131
536 463
6837 1098
4649 7365
2059 2545
3758 5482
4716 2163
7751 3537
5629 278
5732 3932
6736 3631
7292 2472
7271 4764
3376 752
6394 2224
4907 5128
2519 7021
5867 4042
4518 1770
7318 7590
2715 3642
1328 2803
6159 101
7586 5505
5564 2890
7186 6180
6063 4376
601 7292
2273 3562
4210 1943
846 4844
1971 3208
7650 4061
1304 2917
1156 2794
7102 2950
4260 6651
3312 5673
5884 1697
5911 1755
6317 4435
6763 5910
461 7667
7140 6680
6897 7627
6538 7970
7004 2818
3289 6140
1544 5065
6080 2040
1740 1933
7105 4743
453 357
3796 1091
4461 963
3320 1668
3422 7928
223 3704
3038 536
1863 4002
6570 1523
4356 7038
4778 7121
2 957
4295 2418
5794 346
1996 5022
3044 3660
6593 4904
766 3336
5415 4614
2643 7020
1602 4079
248 2653
7011 262
2371 5859
3858 3808
4087 6335
7390 2021
7576 6284
2012 7396
2810 155
4494 5070
685 7445
6644 3307
7870 4600
5048 7799
3743 7973
7621 328
697 2226
2565 4613
3650 5015
7062 827
2767 7286
823 974
878 2520
1970 7573
5082 7664
4704 5624
640 3928
3460 6361
3466 1272
1385 4998
6079 3756
1448 6264
0 2930
422 5559
5353 558
5310 5192
2912 31
2333 4988
5536 5683
3334 7569
3601 2873
2115 4787
5556 4817
3633 1884
6751 5251
5466 2201
6573 2776
2462 68
4786 1126
5475 3653
2551 7759
6844 6783
7127 2085
256 3303
1443 5844
4383 4892
5058 3844
2812 1582
3928 6873
4224 6907
5289 4512
6182 6909
5128 4905
6785 4786
4271 5690
4650 5794
6451 6507
6248 183
6585 3462
3227 4469
1672 7793
2478 402
7120 7376
2542 734
4072 838
4810 2621
3955 7930
2028 7997
23 6128
5888 4853
3674 7308
107 2953
5630 7510
3043 7586
4827 6159
428 5598
3725 6137
736 6525
3026 517
4500 4861
27 4598
6640 4390
6088 3470
1743 6260
6162 2362
571 2008
6384 2005
2122 6874
1088 7998
6277 1601
7810 2191
920 1574
2522 7588
2316 3379
7753 2807
2587 7283
6483 927
7182 7925
6509 3160
782 4583
2811 5030
638 4781
7081 1092
6209 6458
2439 1389
6517 123
92 606
5517 3080
896 3772
3410 5457
7824 3857
773 5620
5249 3151
1930 5056
3153 569
584 5712
6681 6705
7633 7219
2662 6535
666 5216
5553 7548
1900 5447
7068 3232
694 1737
4126 3714
807 1786
2730 5841
2255 6608
2734 7313
2977 3032
711 3338
1825 6470
6201 5520
5207 7614
5722 5842
6964 5579
3921 2081
3094 7024
2893 6650
3765 6198
2042 397
7391 4350
4140 1816
6442 6938
2726 2404
6592 1025
5932 7279
3511 7551
7381 4489
3570 3437
6601 6030
6126 5916
7001 3607
4470 6165
4599 1700
5425 6670
7943 1013
1203 6761
3605 1951
2888 6002
7779 7736
2114 3598
5744 4523
2426 1151
5451 7894
6647 3124
2211 3136
3468 5427
6040 2714
7830 4114
6280 7126
148 676
3430 5296
1850 4710
2574 5648
1632 1828
13 5073
5481 4931
6692 2694
492 4674
7612 2896
6905 5438
5345 7175
4903 2938
3129 5716
276 923
1228 4615
5476 7545
218 4912
4547 3997
732 7643
5440 3357
5414 4749
2663 3143
2789 3887
2296 6710
4921 2311
4358 7921
1941 4857
237 7384
5592 5585
1616 3118
5244 1
2303 2784
5632 5237
4854 5334
5377 509
6904 4245
5448 1983
4484 2510
6655 7609
303 4437
6808 289
7788 4232
2470 4223
2401 2483
7640 242
7864 3747
2305 1863
4909 4962
5477 7880
3282 2473
3728 3578
2917 1479
2848 7137
5605 125
3907 6257
7319 3442
3005 1958
7938 7123
5865 5516
3414 2498
7313 5367
7511 348
2998 871
4902 1526
5002 2631
2149 3138
2240 6973
3600 5989
2690 2552
5359 2581
1513 7198
6285 4753
2563 6267
6982 4527
3763 7466
7703 479
7155 5781
663 5319
2910 681
2792 6684
1211 2330
1329 4005
761 3633
6136 5698
5250 6174
2635 1007
2525 7578
6682 6460
4482 5043
4191 7844
5231 2922
2622 7032
3131 4592
965 4762
2753 5231
5596 7387
1896 1842
2293 7323
341 6239
7009 737
1038 7169
1401 4809
5739 7405
4939 2690
3266 5250
1246 7816
2123 3623
2112 5637
6550 5041
4685 1651
4662 1579
1724 3524
6721 1101
3559 7867
1047 6381
3895 1753
1219 755
1016 5571
1296 976
5554 7462
588 1186
3923 4785
4615 6728
4820 5028
815 1475
1347 367
4139 1411
6938 6602
7973 447
2623 7739
1936 3048
5504 992
6253 2799
6145 3573
7315 3043
7884 3176
3283 890
4619 4789
5280 668
5458 5072
4001 2289
2768 3367
3717 6893
1345 6069
763 712
2081 4893
5755 5281
6646 7071
5613 411
7159 7561
2962 4580
4658 3040
4384 3771
996 1575
3037 4999
7261 3154
3869 1840
6417 7670
1043 480
6607 6240
2061 3514
4758 82
5774 6748
1504 939
5693 1597
1498 582
3651 3864
6306 4573
5664 547
3417 892
2727 2106
667 5166
7071 2111
7805 1370
1790 1535
6025 7628
4368 6853
4025 1480
5429 4306
4361 1883
6571 4152
6909 6522
2764 5583
2852 2094
4440 4328
7749 6502
5897 1973
462 2677
3322 7689
5825 5047
154 2883
5891 4945
683 3905
4308 2945
4160 6744
5108 1117
1320 4849
7719 826
2909 4673
6987 3776
4323 4334
7173 5501
1301 4842
3903 5355
804 7913
5649 7980
3669 3841
2414 5839
529 929
7364 5816
3657 6337
4978 5826
5823 618
6637 5550
4142 5932
1868 2178
1192 3015
6363 7013
4300 4084
947 7221
6263 6155
2003 2985
7986 228
6794 3131
2534 7794
6048 4720
45 1136
5182 6145
7093 908
1160 5021
6070 2961
1164 7003
783 1956
4038 5852
5200 6638
4710 196
3252 2877
5132 6612
2365 4066
3102 3816
826 1726
7546 3126
4548 5299
343 6463
3176 6142
1659 1481
5775 3508
1922 2530
1619 710
5761 985
664 7883
4061 5333
4366 1290
429 4356
7911 4315
2629 1200
411 2487
4270 7705
2831 2245
3419 57
7999 6490
1642 1725
6777 6199
2362 6138
4036 5469
440 903
1680 1869
6728 3116
2613 2731
1009 7829
7957 5370
3318 736
6756 7048
5776 6595
2590 6279
3208 4463
7523 1388
5826 3893
3325 5174
2609 630
1696 816
83 6655
5480 4065
7040 3354
3293 1216
4460 1796
2732 5275
5615 3076
5450 2904
1169 5825
1851 4147
834 2935
3889 3063
5569 4156
7906 1289
3042 2206
3057 883
4887 1089
7993 5633
1674 6125
5862 2676
3056 4208
1505 6114
6482 7857
1668 5523
1167 4758
6621 4311
6843 4124
932 6488
7919 943
2934 6541
5954 2019
537 6189
2067 3274
7322 1042
999 2128
7920 5473
7224 832
4277 5971
2954 4386
1631 1751
258 3390
4398 4973
3762 1265
7778 2372
5358 3233
2529 4928
6778 354
5571 2016
4544 1625
7225 4398
2459 5360
162 3889
6709 6999
3910 23
539 5979
4600 6920
5728 3378
6358 5034
4474 3956
7098 1966
4128 3620
3635 2356
3679 6903
3606 3341
1556 3790
3968 4059
4892 2205
5213 809
723 1048
315 2328
7420 3322
95 6231
4018 7251
2935 7790
2946 919
3680 624
6189 46
5443 5534
801 640
5756 4511
2472 2516
2132 6631
5985 4135
771 6295
4071 5837
1955 6653
689 5663
6921 7490
1671 3432
5348 5695
2434 231
563 6485
4027 6899
6740 2281
2001 2585
6533 2089
6951 1781
7776 3175
6226 6387
5352 6950
7490 7190
1050 7450
4048 5796
5355 1669
4519 5270
3461 252
3834 2096
2446 4111
7121 453
7010 6167
6787 2702
7414 5496
7572 4464
2188 6746
645 76
1487 1248
2875 5817
5366 7979
543 100
5150 4885
4194 2652
1697 4534
7820 589
3047 2800
6699 5012
2653 148
7446 4654
7441 4041
7592 4238
2096 1603
1744 5177
3866 223
958 2833
6142 143
482 2893
6645 1365
5570 1806
4249 3800
1522 1639
7246 3058
7708 1442
5279 7910
6024 3825
6290 6107
292 4794
2581 2241
1289 124
3423 172
5210 3097
6702 1752
2054 3541
489 7165
4674 6513
7981 2175
2245 4798
5522 127
6191 4412
1396 6280
6031 788
7463 6250
4687 4851
1836 5082
3432 4788
2814 5393
3137 1788
3864 6346
2066 5004
6008 3982
1954 6072
1358 2866
693 3383
1158 6667
1093 1926
1961 3545
128 4582
3843 3687
409 763
2686 3346
513 2354
4819 2048
3800 7145
4261 4366
2513 271
2676 5616
4602 2307
3431 6762
6208 4628
259 3989
5286 1476
7515 2397
6386 3164
7873 1107
6050 3753
4746 6596
4885 7122
1055 2011
731 6011
7357 3149
5022 3752
2162 1278
6906 1728
6286 1536
4374 749
6919 1532
4073 7966
3374 2095
3816 5831
3093 4568
1085 7978
4248 4286
1706 7717
3988 2522
5235 5142
3791 2999
4503 5169
6212 2680
7726 6961
5205 7792
5799 6561
796 438
4916 790
5109 5184
1665 5561
3688 657
7700 1898
2578 7685
7400 1127
3132 2086
2269 7602
1005 2543
7672 4684
4526 2079
1787 833
5295 351
3265 3034
1096 4746
2460 3540
2204 6582
5925 3622
4178 337
7555 744
1340 3915
5999 6444
6471 2592
7605 4192
2681 7763
62 6690
5885 5575
2022 3494
7281 3888
5997 3000
4802 7825
1547 2895
170 4572
2473 5871
2299 7957
3213 359
5611 6318
4702 5551
34 6801
5718 3729
3163 5239
3648 4428
6388 7879
3231 6707
3300 7454
6134 3170
1745 863
7395 6775
2198 7006
498 6558
4156 3654
6639 5369
1132 7099
2314 4587
3039 3068
3629 6820
1957 4908
4948 7965
6479 2449
389 7550
356 1109
6425 6374
2595 1542
6006 75
1272 2485
774 2982
5263 6656
6372 5419
3575 529
4532 5420
6434 2741
1919 6172
4723 2043
460 7351
1081 1023
1765 1928
5053 2486
4136 5773
187 1337
893 7848
426 5594
3965 5365
4729 2373
6018 4404
6342 5085
5700 3320
3117 5411
7176 7585
2361 4678
6002 3110
3031 594
2072 5305
5583 6792
735 5873
3897 6363
3241 791
7997 7776
3384 6162
3739 7828
7445 6305
177 7264
5530 2766
6680 4541
2367 5881
194 5530
6616 4680
6015 6937
394 7669
6254 1135
6044 1857
6058 51
2984 7118
7475 6259
7603 4591
4679 6862
1084 3835
7422 701
2082 4671
7724 5202
6635 1195
1388 1016
1217 5664
7721 997
7848 5049
2393 7934
713 144
5734 5686
7850 6157
4610 2451
5704 5991
2974 5147
805 3819
7126 6001
7935 6065
7600 140
3705 2242
6219 795
3069 1201
903 7881
718 2956
3496 5660
4805 3502
3237 2574
4968 6236
7514 4737
1562 3637
5304 6591
4772 1790
5187 804
989 7058
4914 5775
2419 4055
4131 7607
937 4357
5807 4255
7230 1058
3232 5014
1259 1020
7745 4378
6440 3024
2878 597
5790 5377
2277 1323
739 6234
7839 4394
4994 862
944 6169
7312 2822
5369 5590
7015 6954
5092 1102
4542 3563
2433 6946
4730 5260
1121 6860
4808 7461
7777 5
2100 4405
4877 7140
954 6054
5864 1078
1146 5020
2298 3269
3011 7555
4686 6841
2185 5204
5012 7810
5323 2091
3133 2072
5636 7596
7251 3791
3996 6104
3122 7671
6180 178
5548 4319
3475 4295
2805 6222
7668 6096
5719 5297
7577 5421
3055 2338
6615 1990
6138 5057
1481 6166
4176 6275
5788 3850
5801 1836
293 2845
1861 7158
1313 7459
3879 958
3179 6351
2077 1279
3290 2246
436 1169
7473 5375
951 3859
4115 4300
6362 948
7180 2419
5607 3698
4663 3052
7403 6563
6395 4992
4863 6577
2329 1994
3221 4220
94 7769
1879 513
6933 3735
4539 3337
6706 7347
779 3222
3359 6923
5147 3062
6269 1576
140 2994
7255 6082
2982 7193
4680 5610
6927 318
1215 6994
728 6191
340 4630
3303 3834
1176 3925
2505 4966
1643 6924
1393 5777
4015 6380
1982 7865
6503 3974
6370 4900
1045 1698
240 138
1297 7498
3585 3554
6237 6327
6412 2891
3985 1281
5927 2529
7900 3853
991 7740
5138 573
2881 7240
6678 4652
3982 1954
4920 7938
7054 4424
867 7901
2413 3194
4456 2757
6455 2069
6047 3700
2815 291
4648 6034
2518 7105
1667 3008
1412 5059
3082 2054
2159 782
3297 5625
6582 2984
3964 1314
6075 4997
2793 3870
2275 4814
7410 6454
2474 855
7144 5503
4714 6424
4654 5763
5008 6405
738 460
6041 4049
6931 3810
6561 7645
3472 4047
2892 4157
1772 2151
19 4014
7634 5784
5157 6902
4572 3548
2423 6
921 1846
3974 4429
2291 6102
2845 6871
2841 1716
7478 2194
1586 2583
6855 7931
1946 5200
2257 6415
3779 5224
2304 6296
1526 3454
7882 7576
3624 3013
4767 5017
7376 7212
1862 4383
1007 4941
285 1595
1080 3895
1028 3880
4613 5563
1835 1759
4009 3478
1290 6712
4671 4558
392 6288
4926 7302
214 5062
3984 7460
6244 3898
552 5591
7967 6868
5044 1313
7027 3511
3966 7912
4991 63
686 2454
7398 1730
7608 4664
7249 2032
3867 499
7375 3466
7578 4250
5016 1632
3441 4076
6235 4119
7367 1183
876 2088
2429 3140
5559 4649
7205 7950
6997 2429
1076 3364
6939 1564
5913 7299
6805 2525
2571 7675
6396 197
5479 7945
1890 4780
7551 5000
47 1269
1222 1111
3822 874
7174 3902
7673 6111
7889 3352
4800 24
3052 2181
4333 5515
636 4347
5133 4884
4014 7773
160 519
4995 2230
5447 3030
5602 3939
547 324
3226 6671
2765 7315
7544 239
6432 7072
90 5032
1235 3593
651 6206
6926 2705
705 4340
4044 2432
810 7426
7571 5278
3709 2469
4705 3984
6175 2076
7823 1765
4708 7542
3703 4126
744 4175
5809 6453
4274 7449
5980 3293
4813 861
5030 949
4278 236
7116 7693
3101 1311
7727 7312
7898 1338
3398 1586
6402 5219
1521 7325
4317 530
4771 4022
2207 7900
5655 6547
1102 3695
6150 5679
6658 1987
5955 5274
7762 7329
2731 1173
7642 3189
7632 7853
7620 667
1087 1887
2428 5074
3147 5851
1735 3100
5032 7296
7055 2165
1450 5553
3859 6827
5540 6531
4093 21
3814 4633
5265 1821
5337 853
2140 555
4019 5605
1546 637
7593 4563
7806 2460
3072 7470
2214 5094
4719 2648
6404 5081
605 4164
4874 3763
3711 3686
1733 2887
4520 2308
6915 1002
2819 725
6505 6293
2667 2792
7970 3279
4428 1578
4391 1985
5829 4690
4530 587
5579 1407
860 3155
3927 5052
798 7176
6009 4938
5281 4136
2118 6847
3831 1034
6620 3999
5957 661
5935 2457
4030 3616
1864 7009
3818 2444
2479 7275
5317 1583
6771 6273
2602 3329
3749 383
7809 5284
98 6637
4932 7489
1770 6075
7466 2112
7567 5707
2166 1132
2743 5789
5847 1991
3104 3656
5436 7598
4217 7644
2784 7975
4298 1199
6929 4030
5505 84
7868 7661
3018 4074
1424 7146
3524 3797
1077 7366
5781 7507
3070 1032
5890 2425
653 3994
4322 4862
4426 5218
2051 4967
1460 5366
3925 5670
568 3584
3328 682
2165 7336
6838 211
4643 36
3792 5348
7869 6095
2397 6533
2608 778
273 7427
262 1624
319 1306
722 715
3287 7841
4362 62
7504 3664
857 3515
3355 4408
5639 5386
7354 1489
7047 5316
1442 4186
6026 1164
4898 2070
1277 1060
7053 261
7329 722
3720 6419
3787 900
3205 4930
2071 4333
6833 482
5023 3050
2846 995
22 3362
2116 810
3836 339
3656 5889
948 4648
500 7858
420 4001
2464 2018
200 789
1380 5866
169 6544
4838 2295
6413 6859
540 5232
3896 3248
6760 671
1818 1349
2186 2850
6984 6935
2717 3157
7401 7802
5294 7061
7503 4246
6817 308
5297 5341
4513 3280
2285 1252
3451 4670
1608 5354
2035 7942
6333 1934
2213 6129
7961 381
2288 2136
1417 579
4641 759
4738 385
1854 1802
1139 4668
2951 7093
1920 202
2830 2453
3920 5823
6205 3995
6421 1640
5327 937
225 6287
1775 3079
2836 3707
222 2442
5428 1189
528 5071
6488 4697
6252 1777
7406 4641
6256 3203
3865 4542
6375 5540
579 7752
2809 4174
4604 912
3428 222
5510 2875
6055 7349
6264 1855
447 733
4464 212
465 3521
3868 1368
7791 2928
5139 5532
2343 1544
6524 1439
1148 5727
7070 5821
2440 6592
7609 1870
2655 2655
5846 7153
599 6984
5211 4458
7167 5080
1458 3212
7207 4870
5805 5168
2047 7554
3997 3657
7536 6369
7361 3720
7990 4977
970 2026
2959 395
485 4498
1527 3436
2979 4026
6899 6016
1491 7891
6708 6181
1734 5749
2281 7178
3767 3571
6331 2626
1774 2548
3621 610
1109 7855
5000 1432
4167 3741
3346 2258
3077 1497
6275 1974
1637 2450
4985 6586
7548 2038
438 5444
7137 5134
3272 4544
5141 5748
5841 7480
3566 6855
5894 309
2103 714
1779 3351
1451 4898
3841 2282
770 7005
1832 2010
3447 2736
2310 407
7789 6796
7854 1762
6587 7416
3849 1665
2855 5252
781 6672
5014 7755
2417 6160
5751 2594
88 134
7340 3668
5042 6046
5803 2129
1068 4054
407 2439
6262 7674
2026 3178
1400 6408
5089 1096
7558 4273
2637 2778
3819 4103
4551 5782
6045 3397
1437 6959
5322 4621
5455 3796
5395 3557
3736 2787
7958 2336
3716 6953
933 2837
5437 7161
7617 6884
3400 588
3747 7888
1656 4113
3666 4122
4634 30
4479 5064
5341 1097
3192 3182
2758 2810
5931 6736
5129 1449
3453 3407
6791 616
324 7119
5400 372
386 5160
3628 2002
6595 2596
380 1256
1210 6448
2691 6532
7618 1366
5792 1847
6292 6100
4427 5761
6261 5376
3888 4172
2234 5230
4972 6590
4999 4364
1828 7436
1162 5445
3572 5095
5978 514
3229 598
7770 4989
7447 3590
7480 2248
7294 1080
993 200
521 7111
6043 335
5991 3669
3009 6499
433 4952
3008 4037
5590 5407
4749 456
4833 857
5650 7697
6498 2137
1629 6480
3538 7780
5164 1285
725 2428
2538 2152
3533 6388
2045 2055
3733 4401
3257 5954
5126 2968
3730 6483
2723 5290
230 3339
4860 1744
4969 7210
3064 7487
1332 5858
2868 5519
5529 2697
7685 6639
6321 574
4614 4665
2744 311
4256 2024
1445 5800
7956 5699
5067 4215
3027 4702
7095 6043
7506 3392
7799 2213
7729 7372
6060 7571
6445 103
5691 7702
2312 6495
3757 168
5638 7813
5967 5264
6947 6693
3550 3056
2321 7648
872 1397
6757 1617
1726 3612
4004 6808
3740 5643
1715 1736
163 7917
4306 764
7646 7890
7046 5928
1465 652
1844 4293
5966 4694
3175 1671
63 2148
6098 2398
3514 4537
3360 3957
6203 1922
2620 6778
1344 7904
6359 199
5684 6413
3760 611
7538 2654
1855 2489
3091 2513
715 2772
131 896
6840 7564
18 688
1331 2634
5077 6028
5378 4609
969 4264
6112 3958
6349 4666
3685 3103
6634 4951
2454 5390
6611 4410
2284 2371
6866 2604
212 4294
5107 4596
304 5242
6072 552
5795 5497
7259 2361
6979 3586
6259 4799
2770 3755
2418 7050
2138 5642
378 1552
7527 6021
2589 6810
7985 2157
3086 3405
4130 4964
6086 7720
1185 203
2754 3444
4645 915
3000 5886
5394 6504
4390 1348
2225 1457
1242 2058
5229 1461
6995 4554
6983 5352
531 1185
2860 3115
2524 6992
445 5603
2000 7324
6820 2630
2237 2218
4868 5791
7996 1471
6003 3449
873 4990
7949 6546
7860 5713
6034 4433
2661 5010
6051 1534
792 4267
519 5662
6750 2400
7661 619
5482 1516
1264 7902
4209 3285
4123 6286
4477 7595
1974 2406
2520 1621
291 5940
3195 7434
1280 3085
1059 2846
3425 4092
5010 5856
643 272
3518 1848
7125 3765
7814 443
4958 3112
6176 3692
6868 4829
1366 3787
3675 496
327 1322
1942 5650
2911 2881
7301 6559
5483 2158
2698 4882
182 3071
3986 4105
6667 1105
1898 5135
3594 5090
153 5385
4143 1942
5767 1567
250 4138
573 4895
4717 4645
80 2769
7369 4188
1316 4021
3182 1505
5167 5429
2680 7712
3677 4585
7812 6372
1462 4983
2921 1456
788 1219
2630 3987
5917 4202
5382 969
172 2345
2302 7023
7436 6352
3833 742
2719 6396
1428 3684
4706 1469
6565 6723
1767 1549
4555 5535
1214 7008
7197 6617
2119 2591
2771 2990
2223 117
7481 7839
1994 3272
5305 2879
1895 7270
5752 5577
1962 6549
634 3659
5381 5374
897 389
2857 7606
7021 5850
3967 4500
5620 4657
4791 3065
5273 6339
5657 4413
752 1121
2041 7852
4387 4852
3647 2103
5906 4040
7196 3883
2850 7127
1976 1830
7107 3526
1060 250
6784 3613
3434 7053
7717 6058
4506 1268
4735 7370
1921 6221
4382 583
1878 2171
1057 1841
7211 6088
2318 3041
3317 7514
5361 2263
2943 2512
1640 7995
866 5163
2480 881
3134 4371
4823 1864
3781 5820
2407 3434
6059 1713
7976 7581
4311 3780
2055 1163
3723 4068
4450 2832
3568 5927
6732 1110
2498 6698
1986 4560
3915 1182
6491 1502
2651 6880
2338 7765
700 2410
7641 1062
406 455
4678 7974
4067 393
4764 5344
7741 6496
5656 2185
4905 7589
4531 5925
3977 380
2685 6057
3821 6807
1511 6003
6519 7726
3462 1417
6093 2271
4425 660
1372 674
4008 2913
5338 2628
2327 5291
388 1810
135 1547
5806 6887
5438 1286
4219 3614
5588 2100
7537 2572
4683 1045
5924 7156
1788 7236
6270 7814
1560 6654
3542 1011
443 1205
1240 2531
778 2065
5675 1733
6761 6610
1266 6687
1573 925
2191 4699
224 7244
603 3302
6146 1554
819 5752
7574 2948
5541 2132
1915 5834
2763 3467
1241 4145
3643 3396
6297 7963
2368 1648
450 4715
278 1606
2308 7266
2706 3430
4445 3723
5258 5929
5986 164
6065 6976
4016 3644
511 1930
6802 1912
7502 805
6369 3725
2032 1249
4220 3119
5446 3239
2708 2057
1325 7273
931 7820
4353 5934
7326 3528
6543 259
4806 2355
5183 4840
6357 175
7832 3688
1117 6797
1078 4772
7638 4577
1224 2970
5701 3298
5178 3084
5878 2620
2652 2696
7349 719
2588 4466
1768 1087
6353 7577
2010 55
4272 7248
4652 6708
7817 104
1312 4751
2735 1705
3032 1325
52 7267
5842 4171
1493 6447
3367 2541
3 5488
2747 2083
1928 2962
4381 3922
5665 7232
3691 2436
3478 1392
4561 4086
3911 4020
360 4023
2181 1307
2249 4236
322 3209
4540 5276
219 6560
3004 7516
2933 1607
7134 2844
3529 2839
7755 4120
7370 6306
4537 1009
5971 445
1685 5525
2582 4528
31 6900
2056 4282
2605 3010
14 5494
3301 422
3497 3261
6883 526
7681 2727
6354 6130
6604 4869
3311 379
4609 7837
2742 6477
3074 4399
7237 2900
6775 5901
7084 5358
915 5102
905 7743
353 917
7512 5137
2144 687
7145 2000
1495 3671
4499 7679
986 2335
2884 2059
669 6039
4577 1409
7026 1488
610 5453
4235 7331
4370 6921
7109 7896
4872 5325
1319 2115
4498 7976
4801 3967
3901 65
824 5395
4660 4009
3794 3510
232 5061
7384 7400
5984 1719
6467 4906
7787 4902
3573 2392
2833 4686
7045 4499
6889 534
7926 1518
6367 2691
2272 1357
2544 5069
7377 5738
789 7407
6854 894
2585 5895
7874 41
3435 5944
5470 5261
2020 2501
3173 3201
4759 7271
3391 7230
5831 5351
870 7898
6949 7778
7584 4855
4568 1119
76 2063
3678 2865
4804 567
2694 1085
337 4253
3350 7914
5405 3496
1611 4230
2099 5443
7786 3852
1810 1454
234 7291
6056 7656
1875 2770
7347 7060
5153 6986
3504 4180
2380 6717
7505 889
7520 1393
6323 2625
1935 1528
812 2686
1292 7958
5677 4210
4590 5611
2512 6230
1135 2395
3490 3734
656 1590
6552 6301
5103 7522
5976 1198
3584 169
7695 1825
6676 6410
6328 2734
5652 2683
1630 713
5593 368
2796 5138
5407 7815
2372 783
6082 1037
4060 1421
2617 872
4886 1748
5468 5753
4179 3920
3023 572
2521 7346
4094 3914
6768 1298
7519 5666
2274 5887
4215 1275
6932 3804
1254 5039
2504 5930
5643 4769
2068 6963
4571 2851
3554 2556
925 1684
1239 5888
4417 7961
561 5394
6880 4818
2535 3440
930 4868
6110 4117
6527 5158
1022 7239
2268 1522
2002 1679
398 6390
7623 6298
2215 5815
4984 7505
1056 6985
884 3786
3810 3244
1558 2316
2660 3901
1812 4254
777 6429
3060 4518
2992 4723
5584 5751
668 3286
1538 7012
583 3831
1823 4693
1255 391
1416 2455
2483 5676
6783 240
5887 1386
3388 3168
2486 1415
2190 1587
1732 1596
7170 648
1808 1835
4739 1717
7373 3585
1594 4722
4721 1100
1070 1812
7730 797
3755 6752
7049 7377
953 192
2195 3192
2569 7077
7191 191
3752 1464
5561 2471
5009 2967
1171 2659
6799 766
5256 6241
7689 7654
5881 66
2741 1076
1145 7967
4 3387
115 2914
2614 3152
6111 2222
236 3551
2085 6425
2494 2670
3267 839
7773 6350
6430 290
5060 6819
3934 7429
30 2049
5492 3485
4385 4016
1181 5697
679 6426
252 3587
2466 6771
3960 2186
1482 4506
5637 3133
1279 822
2528 1339
5493 6025
111 5654
332 3066
5726 4358
1257 3759
3120 1284
100 4492
7686 1599
1052 433
2415 6623
1199 6500
6233 4887
227 5899
384 2692
4104 6724
7131 4031
7811 7724
6023 1038
497 320
7330 2897
141 2544
4290 3376
2766 5645
7308 2739
1575 7187
1073 4276
4105 3469
2546 2870
7380 4102
3987 6375
7110 189
1263 1382
7244 6195
5083 2964
2928 4839
5386 7916
5208 3471
5672 6242
4841 257
3989 7633
3112 2526
4329 6888
6125 3505
403 6341
864 5956
1531 4345
5747 830
5397 1731
934 2161
3926 578
5784 6178
5501 7097
335 2238
4095 7125
479 2260
2163 1133
400 1944
637 4624
2853 6013
314 3566
5233 466
3421 6168
99 6196
2289 965
2867 4421
4446 4318
1295 678
7658 129
3002 7343
5990 5560
3062 1681
6559 7162
4789 2550
2043 5403
4722 419
4611 5995
4790 2342
5802 1531
3495 2337
6207 2199
1651 7768
4085 2779
597 604
2142 7748
6999 7263
1298 4551
74 5170
2548 7453
6343 694
3615 4216
5332 4854
4512 10
5199 6564
6407 5938
4113 2899
2554 7114
5121 2422
1034 4444
5746 4472
6602 5326
7702 1413
2064 3353
5120 3198
4632 6436
3361 6188
6671 6050
7331 7766
2098 4846
467 3225
907 1771
7991 7738
4226 3874
7677 1722
1391 7750
6623 960
195 5148
2624 6934
6185 6578
2976 4178
2507 3681
5291 7186
1403 4899
776 5247
6458 4137
6422 3427
5920 1433
1694 7742
7171 6768
4616 6314
3938 1967
6213 7051
940 951
926 6456
895 700
4331 7410
1881 3300
1753 7851
502 3047
2953 4275
6977 5692
6821 6464
7580 2028
3316 2725
973 7289
6437 6382
3299 2886
6039 7924
7651 2709
7160 6310
1926 2192
4033 421
5908 5659
65 4692
7910 2276
5902 895
707 7473
3220 4056
3125 96
3898 533
1195 5434
2941 1889
5237 548
3663 2717
6512 1854
1008 7728
960 5129
3932 7833
2039 159
473 476
2408 2477
2040 3123
3335 825
7290 1485
3726 3926
3148 6980
1309 6605
4850 5283
5241 2323
1483 6340
1582 5304
2606 5240
1196 5038
5582 187
2969 2901
2540 6916
4497 6029
3904 1589
7156 1180
987 1460
4908 2287
3323 3953
5922 2708
5738 1975
7177 4837
1750 32
2385 5538
1552 1239
3637 7665
7614 3601
6871 6831
1943 1631
822 7059
3697 803
2046 3595
6675 1401
3401 1451
3707 2411
3971 6864
2073 5772
6074 1093
4199 4819
5028 7827
102 4948
7204 5408
2671 2944
1638 4307
3856 7673
2171 2108
104 3312
7267 5313
6481 3701
243 4110
708 1434
802 3579
6612 6896
4052 4559
7720 6895
6085 3860
4124 3947
4153 7141
4628 4756
21 4712
17 2068
1945 2933
5714 6763
3983 1999
5988 7030
6993 3872
7336 1530
2192 3564
124 4660
5069 3186
1551 3423
7881 4579
5374 6787
1984 3463
1439 3091
3744 7951
4234 651
4193 3070
3993 3785
681 6901
6281 5969
5930 7180
6849 2482
2904 510
6463 911
2612 2669
4246 544
862 842
4029 5764
2009 4955
2328 3014
1802 4101
1061 53
955 4067
6580 4206
245 5244
5696 1633
2340 52
2243 1849
2404 7070
829 3489
1000 1030
39 3946
6718 288
753 6991
7166 615
6114 730
1913 3102
7765 1856
1852 5924
2133 6537
6068 7946
6825 2547
5336 3053
1452 5024
762 7478
7675 7905
2241 7796
3811 1699
1187 3899
2654 5133
3342 1791
7216 1642
7226 5382
6001 1453
5845 2921
150 2145
3519 5115
5707 4397
4430 458
4367 4533
5125 1378
5339 4462
2604 2227
821 2777
5644 86
7821 7870
1588 4359
4237 3483
6141 2587
4965 6427
6606 3977
1991 1557
544 4604
5312 59
3258 1387
3105 4051
7122 7597
1766 3415
3028 3724
6608 7413
6187 6006
2461 2022
5662 442
2366 5715
5678 2430
538 5990
6337 306
2939 5206
393 904
7431 122
592 5424
5563 5475
5514 5179
4594 2324
3905 2539
127 834
3382 621
3337 437
4205 721
7624 2555
110 4046
5176 4299
3201 1079
2872 5604
3540 7869
6711 6037
3068 4685
7277 4432
5301 7680
4231 1192
3214 1340
5951 4367
5996 964
6443 1253
6792 6492
1422 3730
5202 2051
2457 4488
7687 4177
5863 3855
316 3219
535 6918
4127 2903
7637 6809
1778 3802
3827 3689
721 4740
593 3665
2107 2353
3146 4304
1265 4387
1100 2949
4744 6641
6577 6806
5367 429
3544 4691
216 3942
7248 5531
5993 1094
6834 1161
3098 940
3245 6153
4084 2243
6896 3064
4230 7018
3345 7878
559 17
2927 6227
3049 5077
5979 7337
912 1767
2664 6889
7247 7188
346 493
7598 3283
7399 5780
7693 723
2130 4090
2555 1710
1604 4954
5272 6186
3917 4956
7980 5487
5544 629
2532 1674
5186 4845
971 7943
209 7871
6972 3308
349 7031
4982 2481
75 409
2779 5564
767 3247
2739 6745
2626 6420
5546 6484
2143 3981
4280 882
1893 1426
5098 6055
5898 4426
6955 1955
5566 3488
7263 7698
16 5465
5909 5430
4581 1359
2886 5807
7590 7808
5690 5119
3914 1493
4262 5361
4516 4285
1166 2291
2016 7148
7666 7424
7532 1940
2453 4162
3088 2369
2842 6452
7286 1704
510 390
4279 590
4496 5950
6220 1178
7235 6702
3748 2760
7210 3944
7962 6324
3253 2932
6390 5985
702 7622
7501 1636
370 1168
6329 5176
1369 1801
430 7055
3527 6321
6968 4482
289 1237
7760 7110
2601 5480
1887 6944
5743 3856
1310 2198
4164 7486
755 7711
7858 2013
1969 1448
4585 3246
2584 7452
4788 7132
720 3638
355 4502
4389 5335
602 6722
4781 6441
1302 3854
2684 6220
5525 2445
6652 6014
1411 5267
7012 3788
4981 7718
354 6603
4403 3263
2173 6274
4563 4802
3197 7389
842 2816
3861 1972
6139 3745
3738 154
2258 2987
1026 5048
1025 3426
652 664
4170 5093
4673 7361
5614 3452
5015 4946
3166 4903
2398 7907
7856 3814
4281 7617
2358 2942
992 7294
6806 3074
2346 5110
4034 5554
4457 6194
5004 998
1174 137
4051 1868
2136 3892
4897 7284
1365 7818
966 1957
5088 2293
6164 4937
1299 6949
4325 6136
1553 1315
2564 7520
2844 6562
1577 3382
564 2593
4949 4321
4857 6027
2737 6629
309 7834
3411 3770
7493 3629
2490 7388
138 6481
4917 5441
4023 3296
3096 6263
1846 1262
6546 462
1884 709
4119 7968
4918 2722
4941 7787
6534 4890
2117 2738
7067 7019
5827 2952
4227 4581
4570 7649
5201 2379
4349 3262
2139 2542
7077 4400
6225 5504
3957 4058
1806 3803
5149 1074
998 430
5206 7107
1131 4007
6255 4995
6314 5108
6801 2046
6268 3868
4980 2856
1193 5201
4928 7345
442 2045
3291 341
1798 6402
4651 7276
828 6569
3348 1412
4963 3649
7285 3693
3021 1754
4110 5879
6807 6332
2657 4483
6260 1258
6882 6659
5535 609
6473 7043
5371 7250
2919 3851
2229 3777
2718 4296
5365 5622
71 5088
7876 5266
1658 727
2703 4961
6795 1394
2958 5682
257 7922
1011 728
3164 1908
1204 6348
7568 3173
3469 4811
1360 3384
3103 2156
4192 2209
3420 6243
917 3394
2126 6652
5392 2874
1761 2075
5315 1166
7859 7811
3565 5545
2696 7446
2087 5298
3006 3221
885 5597
7241 2715
2794 4708
4951 928
1541 3003
2127 2212
7181 1661
5181 1826
5855 6148
4062 4590
5712 1071
7766 4316
647 858
1549 2535
7740 2210
4569 4848
4269 6727
1258 287
4792 1463
2286 4248
3776 7668
7581 1902
6408 7117
7902 2401
4108 2080
3033 6009
734 4283
832 3241
4336 2493
1053 2663
617 6579
3418 7057
7058 2200
1676 4194
2036 4907
7946 5824
3807 5272
32 6715
3847 7172
7783 7095
4321 3220
2882 2632
7112 3764
5155 5977
5180 6367
856 6302
2798 796
1682 6119
2500 2658
6515 7691
5293 2610
7372 2343
423 6053
7073 3658
6665 7134
7348 3837
5094 1833
2517 7729
678 4959
3553 1741
4416 6245
7736 3461
483 4726
5833 2237
4122 7499
4451 5700
1108 7223
4565 4716
4405 174
1613 2495
4977 3509
2208 2461
2636 1676
4214 1077
3264 3234
7163 7987
4966 6966
585 7138
6890 2724
3619 6184
3851 264
3644 4727
3243 4975
2915 6218
621 4599
6603 5442
399 3839
7178 7584
4348 540
5116 3206
2803 7517
364 2484
7219 5455
3268 5552
6276 7078
3593 3809
6158 6092
6569 6695
6654 4838
1987 4045
803 277
5843 1832
5363 2906
6879 4741
3520 4104
3407 6291
7818 4520
2174 4219
183 635
5757 4160
3924 5684
5921 6450
3797 901
7615 718
1523 4925
2579 88
7669 4933
1625 7623
2488 3842
2702 3890
6441 6364
7834 2894
326 5774
6304 4415
4882 4327
78 2334
670 907
1634 2270
7619 7104
868 5254
5043 2247
5110 2053
2632 3033
756 5965
7711 6359
7647 6237
4275 120
2270 2907
2849 2031
5127 7908
5148 7903
3980 3399
458 6214
2930 1541
7034 4605
6361 6589
2922 4595
1977 1626
6574 7497
6831 3805
3689 5416
6864 3137
1276 5256
2025 4097
3446 1981
7002 5769
5385 7511
6475 2139
631 2131
2080 4268
6973 2154
37 837
4208 5509
4694 6739
6468 1959
7455 7737
6853 56
598 2333
3177 2768
4264 6606
1966 7754
54 1326
6411 5417
7029 2187
5670 6529
6944 6786
977 7392
7218 7425
5840 7690
7716 2391
7464 5002
7459 4290
5421 2182
3880 478
2427 5980
7150 2360
4862 2925
3715 5340
7931 4222
5634 971
7016 7964
5589 7747
4476 5766
2148 1004
649 706
2627 5849
376 4108
2355 5941
549 3369
5816 641
7198 4393
612 7256
459 3969
1628 6575
7644 7458
5095 2749
3071 255
1463 4509
7796 6906
2672 5060
692 5238
1713 1491
5495 3897
1841 1685
7104 7025
7923 3527
6554 1677
3517 6968
5034 7391
7449 1061
4732 765
3937 978
7659 1984
266 7042
1086 6299
4132 7348
1882 7714
7424 1871
4896 3185
2738 6764
7768 2802
2900 2078
6409 1376
7655 2992
6309 650
4344 5606
2502 1850
6715 4513
703 2443
4012 2225
5168 3781
6762 1732
2088 4659
2701 7068
6952 2126
2556 7375
4589 3703
1172 29
1911 1634
2124 4169
4351 2412
7022 1860
7978 5733
800 38
4858 643
1653 4986
2788 4841
6605 1747
67 4980
2980 1240
7234 1947
4304 7216
3599 2565
7819 6304
66 7046
4448 1659
476 528
5364 4658
197 2459
2216 6285
7397 336
4414 7906
3186 4123
4452 4766
5025 2598
5427 5506
1157 150
2866 2146
4355 6776
5271 4161
6858 2819
1759 626
3561 1758
6298 5680
2484 4832
7972 4825
7434 5178
6449 2971
1876 4443
1821 4574
4078 2758
228 2351
7607 3929
7945 500
490 506
6836 7382
1877 1152
924 559
1427 930
5465 449
4354 4491
1718 2506
7790 4611
4852 4125
1074 1441
4301 1223
6912 6223
5907 5113
633 1056
3545 1623
2441 3672
469 6818
7807 5460
7203 8
5567 3534
1251 6277
990 34
3871 934
7758 2976
6230 1568
4098 2298
2997 1822
5598 814
350 820
4415 5937
1512 2735
4483 7994
5051 3760
901 7713
2445 424
1472 3709
2409 1861
5697 4530
3887 5268
606 2665
5463 4731
1201 210
3551 7359
3352 981
6410 2167
1036 5136
6659 4474
6096 2858
7382 1221
6851 543
1816 3291
2559 1904
2530 5529
2774 4467
5912 2253
1383 1230
6842 821
2891 5500
299 1853
6239 5295
390 2383
1101 646
995 167
2105 3757
5723 1019
11 4943
362 195
7257 2278
5449 7431
5228 4532
357 3218
2889 5303
1591 6101
6192 1280
4864 6773
7774 6266
5191 5118
2873 7936
239 7206
2176 7989
397 1420
1728 2923
3198 2142
1440 3726
1182 7866
6236 3605
827 7732
6701 5452
3191 6919
2287 3843
480 182
2887 5384
3992 1063
3439 4681
4022 6657
7982 484
198 3713
7346 5262
1910 2637
825 6911
1208 4234
5484 5257
6492 251
4284 3487
2593 6183
1103 6669
4152 2340
3978 5329
7610 2611
4769 876
2227 3161
1670 3258
2458 3826
3051 2499
2495 3213
6588 321
1729 7285
4003 2223
5623 2117
3753 4385
830 2283
5968 2892
7885 7080
5777 1701
1983 5755
29 3727
1142 1293
1311 7884
2536 5757
4177 4336
4524 2179
3136 3344
5969 106
5617 3559
1335 6158
7627 3104
2097 5109
5115 6912
3467 893
1567 1391
1405 7956
5218 3881
6962 7753
5964 1892
5266 7774
6816 7849
7132 1968
4057 334
4263 3355
7682 1837
2017 7231
301 2515
1359 4804
4327 4258
6800 1125
4335 2122
1090 1866
5854 4417
3737 1194
6705 6536
641 157
7190 7985
7111 1254
2449 4963
6992 2249
4401 2027
1964 680
2129 2700
2154 1646
1496 5363
6500 3903
1039 7663
1186 7594
6037 2693
5037 7779
580 932
5151 1783
5420 81
7250 6066
7750 2491
3083 22
6155 3270
7273 7701
6916 2767
6878 3150
3817 4193
623 4850
7498 4291
2307 5146
7718 993
7088 7091
3660 2329
3942 4280
6908 2265
2250 4516
2561 7073
5688 6936
5627 4351
313 1774
168 4354
7465 2613
4573 7800
7471 6960
6325 2121
5543 4204
1449 2236
7457 1818
6398 5431
4299 1021
5735 5619
7425 5323
2320 4735
7968 3249
4392 6508
2920 6089
555 4335
890 5279
967 4057
5695 4519
3194 3421
1725 4517
7852 2536
7438 3113
1705 3475
6835 1358
6870 1965
3850 2830
677 5736
3803 1196
3969 2826
3829 3904
4302 4695
1545 71
4017 6699
2751 1521
1140 586
4938 3596
91 1342
5977 4287
2628 4377
4286 6329
1012 6519
7366 7022
4050 1919
1568 532
7582 3365
1284 5027
4328 4272
2880 1605
4307 1267
7937 3105
6156 5404
5782 5491
4987 6619
61 2405
5288 3549
2424 3546
6980 5234
4696 4677
1578 6342
1891 5832
6128 1809
7587 2568
4922 5149
7552 7255
1095 263
7842 7155
942 280
7039 2617
3838 2421
5040 617
412 7935
3100 2963
1934 6735
5161 3706
5165 3009
6078 5373
2210 4372
6346 537
3706 1660
2074 450
7531 314
1647 1123
2506 6015
841 4808
5005 1423
6169 6440
5599 1232
2854 4545
4582 6743
1155 7832
7296 3472
3512 6555
1317 1653
4986 6904
5146 2385
4971 5342
1134 746
3050 4535
5238 7274
4620 3574
1533 7418
3801 6574
1300 2780
4720 2221
1063 1946
672 1641
7427 4916
3528 7660
1231 620
2465 850
2994 1309
4481 457
2219 5570
910 5111
6819 6059
1646 1329
1973 2098
6380 4760
4146 1555
7444 7875
475 5983
2861 3304
7895 6121
6431 6482
6729 6570
185 6224
5064 2039
6536 207
2006 5838
6881 2262
7461 299
7862 5191
3979 4867
546 7233
1161 2467
4709 3762
6165 3402
5158 7301
4952 5055
6696 6083
281 1046
4037 3006
6129 5631
3029 3779
308 3316
3155 6580
89 5908
7664 2687
7355 6521
4955 1644
6447 6964
2400 3737
1338 7247
7019 2742
4173 7252
6179 4146
5618 4481
3939 867
760 5599
2014 1050
4596 5959
1226 1895
6122 5380
495 5596
2137 4822
1738 6154
161 7144
1018 3092
665 5537
229 5141
950 4821
5549 7582
936 6334
7561 2651
1539 5399
3775 2823
7302 4000
1949 1637
1849 5892
4699 4918
5232 638
5320 6316
5106 4913
2769 2399
4058 5063
5391 7214
2750 4249
3944 3663
1856 1146
3121 3319
6679 1380
7238 3205
6405 7088
382 843
5606 1992
2625 4714
2382 2044
6320 507
6464 6078
5166 7339
5404 441
4190 7371
4198 156
1933 1619
4421 4006
4049 3878
6575 1935
3586 5976
1689 7471
5491 3685
4911 4734
6418 5459
7097 7265
4942 244
2785 2675
5431 5787
3840 6202
1507 4091
4575 3228
5591 184
4840 4490
3030 4461
4580 1876
5329 2761
6132 3670
2923 716
1985 7483
3454 2775
6265 5623
2948 4024
4393 3833
2942 7237
765 4866
6599 6867
3564 6932
2425 2490
5350 1033
1830 2409
4901 4886
5900 7892
833 6061
5646 3368
1912 6845
5287 6678
7921 145
2963 3236
7979 5478
4324 761
43 7317
4455 7192
3415 7395
590 4742
5824 6892
2839 7549
451 4632
6898 4251
2952 4038
1461 5903
5318 18
5384 7174
290 2997
5373 5918
2901 7338
6780 1242
7892 7403
231 1492
2697 1303
1075 6881
4174 7456
3003 5190
1931 4856
3307 77
7402 5843
1737 6238
654 799
6195 6110
6461 1602
1027 7381
3513 7151
1291 2599
57 5350
6287 7052
3912 6573
1923 5677
2947 926
3591 2120
7033 3020
2309 2685
3092 1872
7076 5125
5036 292
6636 5678
6521 3264
1441 989
2728 7227
1831 6706
410 2609
5 4431
244 2047
7169 1886
740 2723
2760 3277
