8000 4500
5300 556
5247 636
5322 4567
156 326
4391 716
3728 1769
6497 6033
1874 2611
4465 7042
1364 2291
3171 65
2751 3596
3876 3683
6967 5329
6082 2733
1365 1064
195 1681
5450 1272
7363 97
5165 2513
579 296
3467 2332
7550 1335
2451 5247
4802 105
6551 5128
2635 2737
5468 6209
7424 4791
1513 5180
5239 4369
1146 4878
2247 4825
5361 3676
6875 3155
4252 2837
3798 4097
824 1944
162 7442
3611 1289
7335 383
1151 7875
6136 487
3731 1874
7566 3635
2307 7670
2643 5896
3507 7444
1600 2286
2799 2091
1069 1096
3648 7784
2341 7889
4696 2602
1579 2596
839 4626
7956 7406
1241 6106
4727 4341
2474 6874
5529 2196
5645 3235
3807 2675
4908 3181
1311 5583
1601 1981
188 7794
4319 1061
2612 4821
494 2384
4480 1812
6328 625
6 2058
4667 6942
694 3423
5518 391
6745 6443
1598 526
7661 4408
2707 4176
7518 970
4794 9
1261 7610
1992 2214
3340 6599
1691 765
1192 5110
5271 1608
7974 3640
1730 6745
1414 4180
5383 4364
6714 2046
4512 4135
6854 2391
2933 4074
5850 3405
4717 7191
7278 4005
1970 3202
6917 6092
6388 1569
6140 2128
4021 3436
5366 7504
4296 2760
3199 6538
5182 4972
2263 6794
5507 6244
4041 3364
5355 3805
7456 3479
4909 2738
3312 7542
2093 4335
6889 3447
6417 4270
4697 3925
316 6084
5906 4590
5094 3863
292 3463
281 334
3303 3733
6401 5366
7095 4885
1500 505
3605 1161
6152 2960
6147 5485
1806 2407
1918 2812
559 7985
5064 7694
2510 7364
5588 745
4109 6714
868 7036
3444 3186
170 7004
7888 3009
2700 1819
3200 5749
1674 554
2289 741
4398 6350
2859 5623
213 5176
4718 871
4600 3690
441 5443
410 2226
5568 4701
6547 2973
7192 6529
2628 2842
3787 4463
2449 1561
6927 2277
1463 3759
2920 2697
148 5844
5921 4067
7338 5173
7803 2953
594 5604
4140 7567
3117 6481
7421 7759
3365 1341
7189 3493
3834 5060
5418 420
1972 4072
1639 5276
2800 918
4616 1485
6514 3318
496 7132
1609 4651
323 6600
4539 6468
2342 358
7140 3490
7166 2718
3207 1039
6712 3255
3431 5469
7108 6315
1126 1298
7236 368
1052 829
4845 2699
2245 869
2432 5050
6814 7976
4420 4875
599 2632
6806 157
7307 7013
827 3409
6216 4940
2593 7017
7210 6815
225 2664
2101 1163
1452 3994
3555 787
6288 3928
7744 3555
3710 6633
6384 5343
2622 3437
1451 5464
1684 2541
1123 6059
1342 96
1440 1109
7775 2874
7441 4960
5013 4066
2328 638
3457 5587
1937 7201
1207 2463
4911 697
6379 6147
2925 2325
5050 7257
6076 2769
3735 1528
4180 7843
2264 1497
5032 132
1795 3699
1395 1747
3860 5029
1543 7105
7242 7084
4028 5254
5927 6063
1085 3431
1597 6045
6604 2432
5497 1491
4304 6004
4127 893
2310 607
3076 317
6782 3575
7068 4460
1189 439
2875 5913
6323 961
2684 4695
5893 7437
1041 826
7164 4244
4508 4654
5894 6631
1655 715
7988 3568
4453 5393
7410 4327
2542 5470
224 536
4566 4147
3764 894
6436 6276
801 7493
7109 7970
991 6561
4957 6301
5490 1659
4950 2498
7934 7428
1688 7274
1844 1388
5327 4516
5901 4671
4117 5073
1969 6584
3986 3347
1336 6663
4756 5347
4381 4427
6337 3402
6921 3691
5527 5540
49 2650
7561 2491
7991 1095
7528 3821
4583 7824
2807 4673
3112 3697
7549 1097
861 7967
3539 5274
5253 2551
2830 2821
6451 2217
2306 3062
6049 1293
1316 2233
662 6144
4263 2279
256 5207
315 2690
3653 3518
2416 3385
791 2309
6819 2240
5208 1624
4331 593
2910 5720
324 2500
4594 5686
407 4934
3186 1588
2517 997
7407 2335
1317 7583
2967 4173
5922 2924
5654 4741
7946 7615
2169 6850
3861 1146
3261 2567
516 162
7111 1700
2931 6494
2752 1085
6501 4774
6857 2127
4025 1003
6476 4365
7930 2501
1659 1069
1615 3852
5180 2361
3016 2410
3400 1276
774 7800
6637 319
4460 1974
5761 3285
1692 2132
165 4686
6679 5119
1248 3306
1963 6018
387 4266
7619 3905
2978 7672
326 5677
6581 3118
1841 3406
4540 6436
4759 3880
5030 129
4288 7246
4206 821
6916 3970
645 678
2496 1101
6254 5141
2081 1616
2144 2081
5895 4317
149 3513
6241 5772
1502 5876
6540 6948
3466 4352
2770 2644
7182 1273
1790 3443
5946 4782
5534 4343
5659 6707
2355 2101
1425 3794
2229 1857
2248 1771
3910 277
1631 6977
6914 693
3425 6012
6749 6769
181 4022
5790 413
4338 5658
6394 1474
6301 6776
169 5400
7092 7441
2495 6182
4761 7532
248 1789
1093 7806
5449 3829
1829 3073
3290 575
7047 686
1331 2523
1934 6181
7261 3477
2278 2228
3783 2983
5183 3251
2177 2289
5547 1026
3559 6976
5469 6189
3759 6586
5943 171
6786 6805
1449 3613
537 3932
5533 2899
7802 3111
7726 6022
6779 4801
238 3622
1489 6175
5612 2358
5797 1292
3753 4160
459 2673
692 6846
7347 4846
4448 5383
375 7046
6267 4536
6781 5748
2139 5299
2540 36
6306 4501
2722 873
1438 3187
7195 2297
339 4212
2796 7309
7187 976
7032 7307
96 4421
828 5191
4675 4844
2988 2897
4186 842
5199 7668
5846 3808
7401 7479
1695 328
6079 1740
4170 4045
2992 5079
6602 2366
3569 6642
1707 5778
2266 3295
1964 381
7063 5388
5738 1622
6768 1660
1329 44
4731 1754
7271 409
1719 4628
3923 882
4999 5301
676 7647
7684 774
2472 5262
3557 1514
2949 7715
1141 7960
1676 2528
589 3091
368 4309
6460 2526
7319 212
1460 6401
7606 7242
5836 3141
982 60
157 2124
3639 699
613 2606
6885 4069
1391 4736
6841 7005
2740 2993
2633 1818
1827 1903
6666 7167
863 2631
6334 4524
2305 4908
2030 5121
3952 7153
3827 1689
1444 2804
7680 1595
5063 3641
3475 7679
1348 2493
2360 7595
6204 1597
951 3016
4951 7614
5076 2832
784 6333
1743 947
7025 6666
7633 6933
6085 1767
3339 1407
2009 5784
6936 1768
2512 3236
258 1121
2665 2712
5740 4541
2851 1326
7898 2064
3721 2434
5482 7858
4840 2157
13 1907
7506 2163
6352 3275
635 7331
6071 3336
3138 2827
6366 5705
3356 3537
4367 7894
6014 3195
3092 4198
1602 2808
7601 4019
7808 2548
952 695
4518 3140
3494 376
6965 3868
447 419
1105 3678
6512 3070
6029 1195
21 5683
6651 3312
686 4629
5668 5709
3709 1280
2420 2306
7849 2621
5144 3903
5043 435
4889 4048
235 7409
4621 1984
6408 6807
535 7080
731 6361
4422 5880
3714 6621
5732 123
2492 4896
6739 3536
5920 591
3321 6228
3905 7263
6339 3938
536 1162
1583 972
5803 5032
1700 6430
1982 7537
179 6771
6412 5738
436 3707
3154 4922
4902 6318
3602 2976
3652 917
1088 975
4193 5702
2559 7393
6423 5759
4067 4502
7732 3810
4952 5150
7037 2648
2958 5192
1156 2709
7927 5666
3593 6507
5084 7060
2975 4617
3126 1951
6300 3949
798 1793
6171 3268
5342 3656
4798 3124
1821 7379
3383 1513
5385 5267
7205 4762
6446 7197
4080 6522
1167 4936
1849 267
5521 1043
6923 6096
7949 3383
428 4593
533 1324
3018 4157
2582 6980
5112 3735
2161 1124
3013 1428
6770 2339
2942 2931
3295 2439
408 3899
612 5371
3712 930
881 841
4383 6373
4225 711
1492 7678
413 4988
2303 6345
5559 6809
7020 251
7721 6598
1559 6524
7400 7061
4492 4952
4552 1098
5635 3793
4646 1626
390 3379
5575 2018
1477 243
5798 5649
2668 6474
2256 5543
975 1212
2345 1653
1736 2108
434 4954
7529 1515
6626 4873
6158 5178
7618 3510
7524 4644
5987 1309
5241 592
6903 4459
4255 7676
2502 3527
4934 3789
1043 3451
1628 5209
3801 1111
2379 6682
3577 6095
2533 2850
6913 1644
4165 1441
1115 2119
4185 585
2217 6883
1487 4729
3944 133
3437 2009
7559 4398
6458 2076
1677 6612
7787 6904
5231 5447
1604 3896
3659 20
1195 1842
6853 2920
4198 7133
7426 573
1554 5188
4744 3830
2504 448
2388 29
74 3119
3417 5125
644 2394
6163 1933
7408 2652
1864 287
1685 2898
1772 1262
7167 5757
5472 5511
1067 4614
6840 6011
1237 1200
2935 5227
1218 3569
312 2616
618 1579
2046 5888
4581 2056
1634 2600
359 5002
2669 6089
5148 4114
2779 3049
150 7271
4602 1078
7358 6122
1170 5062
7995 6909
3637 6566
3533 392
1353 7792
910 3370
7412 6733
5841 7797
4329 1952
3083 5630
3427 1835
4589 2379
6793 5144
2526 4669
209 7312
4224 446
5164 7044
1703 1473
1031 1266
52 6152
4662 4732
4399 3416
1752 2741
4695 7169
4297 6930
7009 1545
4419 2571
2027 4661
4287 3214
6450 1185
3960 2242
6047 796
6252 4898
4315 3489
5464 7003
775 4636
6464 4861
6346 6132
3426 6724
3789 6628
2165 6002
5062 1037
5254 3283
7736 2469
6689 5879
7857 7747
5127 7882
834 3203
3221 891
6669 5806
5220 3955
6494 6845
2174 2030
3125 5213
5516 5241
2249 7869
5617 6579
3108 5174
7330 2511
435 5354
4008 5471
1977 1164
5303 6364
528 7098
6519 6451
4516 3197
7432 333
7555 16
4401 2150
3750 6422
6175 6695
1642 6972
1074 7050
29 4959
174 102
616 2364
3350 7394
4700 432
7697 6357
3305 1354
7488 5872
5771 4392
5989 944
531 3643
895 7378
2168 943
3120 5679
2351 7721
4200 4845
4388 6346
4788 2537
403 4603
3210 5667
367 7608
124 7139
4238 7365
6801 6320
3983 2689
7382 458
7193 1873
4652 7301
3962 1267
1106 6760
7004 7980
5053 4834
768 6025
7457 1498
2406 330
6429 3628
4921 401
2367 6499
5285 1936
7120 483
2000 310
4603 895
2131 2100
93 3173
6303 3937
4681 5819
5343 3800
657 3210
1332 1290
1272 6558
6890 2176
3096 6435
7200 2320
6139 5692
2993 4481
1367 5576
3183 4340
1890 1553
7131 7530
20 1654
7482 3534
159 5036
2985 7011
7867 1086
5959 4305
7782 5303
1545 3389
6810 1102
1975 574
2445 3346
1699 462
152 1244
7500 7893
5616 1167
2678 3872
4973 1699
7982 7405
3451 1017
4721 2981
1876 7074
6559 1045
7598 1886
2415 2988
6452 4083
835 6591
480 6113
3898 724
5957 1856
4886 6879
3512 732
4157 6560
6421 2343
3646 1906
3332 6044
4786 3548
6687 3951
4441 5005
1358 6444
7023 5752
3194 7632
7914 738
366 1156
3689 801
2066 7552
3277 1631
7036 1587
1622 2984
2398 4847
3769 2103
4525 2910
1709 6574
7560 3185
7064 6596
3965 5361
561 6694
2076 4361
585 2749
2371 4786
621 7485
7308 2290
4494 1871
4231 5842
2686 1912
5784 2916
7519 7972
4147 6048
4481 3286
4844 3633
22 4012
130 2328
4211 6895
1399 7921
4709 7310
7014 5714
5452 4968
5396 3820
7017 4194
2189 6303
3893 7
4579 288
7260 5450
6212 6737
5541 7830
5606 7571
4328 1076
845 1134
2145 5140
7302 1348
7449 648
5111 2543
3122 941
456 2703
2259 45
5211 7689
3294 2397
4751 6429
7824 1459
5307 564
7811 2034
4726 3919
7981 551
2062 4793
6520 7692
3552 7723
7462 7491
5629 1652
5448 7776
6870 1925
160 5483
3320 2029
2991 6402
2882 2620
4379 7492
3465 4989
1535 1913
7976 813
3925 2641
1927 7950
6151 7695
4095 4792
3509 5102
51 845
6227 5892
5007 478
4663 5459
2476 1294
7922 350
7551 2959
2822 755
5604 1169
659 147
3609 7349
6611 115
7337 6905
3772 7413
5473 5193
1212 6032
1013 1895
7517 7146
119 1854
3838 6960
7435 4790
6556 4172
7757 3415
2537 1105
2357 3013
2053 3041
6371 6078
4048 770
5443 717
2505 7223
4212 6665
1726 2205
1295 4837
727 4767
4151 5488
2466 1364
2712 4539
3302 664
7160 428
6673 6749
3741 1217
2396 4434
3688 5486
4990 3988
563 2846
7295 2035
2711 3717
2265 6049
3704 3875
3250 7735
2844 5937
3744 7783
4895 2002
3030 703
6287 530
1268 3945
4424 5966
5143 6713
5029 3762
5800 6456
971 3277
887 5197
3819 1425
5086 5152
3263 1419
6946 2192
1596 3232
5728 818
5430 6116
7881 4650
260 61
752 4036
3875 2971
2065 7650
6596 6779
4019 1821
6755 919
2468 1055
7003 4274
3745 4602
4931 5164
5085 1683
5873 7793
6668 1236
6124 1853
449 1841
5827 2935
700 4508
2775 1231
6039 660
1981 524
7963 1603
4961 3334
7434 1088
4164 1599
7029 763
7967 4553
3817 2696
484 4494
606 6138
3165 7255
771 1862
6964 6187
5106 4949
1886 4252
3307 816
812 6007
1060 100
6539 3580
4188 5975
1001 6658
2761 4708
5266 2635
1480 617
3304 6265
3119 6354
5312 7584
3917 5332
7768 6902
2896 2264
131 4587
5643 5168
2913 1690
6432 3570
5353 6165
7900 2857
1136 5505
630 626
1075 5900
7348 2676
6619 7031
3896 6124
3561 3027
6922 2566
5065 5157
4575 7968
7596 1323
24 1288
5591 6355
2534 995
32 4195
5980 7240
5321 1246
2348 4806
3336 2627
7698 291
4823 3207
2082 7585
710 4105
3496 7322
3354 15
5216 6812
2118 7103
2897 1755
7275 1248
2221 3752
6878 6496
4230 1556
1257 7001
2051 89
189 7340
3525 2210
2663 1424
4831 404
6333 7198
7875 4297
2860 217
3008 1349
6721 3234
1053 2470
890 1890
127 6403
4785 3948
2921 6979
4254 6220
1321 2213
5995 7237
1457 4970
597 241
4805 4532
1909 5440
7997 5056
3911 1676
1518 3449
1704 4635
969 3770
1326 5645
3845 6293
5400 6206
2478 7381
5281 5522
953 5387
6761 6146
6239 6672
1206 4757
354 7118
6869 1523
1534 4298
2141 245
1731 2597
2365 1732
6856 1321
4615 256
7637 5099
5002 491
1549 7953
4286 4753
2109 5416
7508 1855
3384 810
3495 1001
7819 5362
7010 7825
2884 6848
2033 4441
3045 6913
7530 5116
6018 4186
7073 3042
3553 6587
5051 3219
5221 1470
6317 6215
4591 6188
5399 4937
1694 7805
3598 3169
3355 3523
5010 2622
1370 1989
2645 7469
7582 6720
348 5556
3042 6704
869 7227
1182 7924
4326 5320
7022 1510
3063 1080
4312 3224
2564 2949
1224 1980
1455 3056
7602 4941
7588 7412
7805 4519
808 1122
2577 2020
3178 2702
5141 3973
764 7681
73 1879
3478 4528
849 2389
58 6281
5093 5270
3634 168
5071 2873
1538 2866
6612 7210
1279 7994
6415 4472
6338 427
4262 2693
7369 1130
5799 7738
268 4453
6260 1630
4076 4709
5791 5555
1679 2340
3095 1807
4773 3876
6050 5509
7793 1619
473 6005
5128 3035
6272 2435
3272 4609
5033 4961
7795 2350
6056 4680
3456 107
1897 6881
4864 1794
5207 7524
4436 3530
3235 3550
3918 2021
3367 2739
1627 7298
7403 4283
7668 519
6091 6741
121 7343
6843 2925
7083 4955
4029 4112
730 5910
6057 7056
1469 3308
6723 2592
2414 6191
5884 4154
2650 4049
1533 177
5470 6362
4121 74
245 5650
794 170
7235 7978
1585 4610
6794 192
3554 4864
6664 2859
6470 5994
5118 6610
1215 6050
6038 7448
7687 667
4820 4234
7760 846
619 6545
3666 3048
2317 3611
1058 7808
1883 5767
5054 7205
1029 6101
2625 5007
340 599
4114 457
6437 6773
7944 5433
1957 3279
4505 7022
4817 2518
867 6026
2865 499
1663 902
7336 4271
4535 5283
3803 2482
3297 6534
4918 2144
1828 5105
2943 2985
2412 4730
349 978
3587 886
2400 2313
1118 214
264 3651
5638 3476
4227 3455
5263 5183
463 679
1578 2444
3647 584
4054 6578
111 1302
7783 1339
6238 2044
5715 7018
6513 2311
631 3373
3491 6130
4904 4969
4087 6234
6915 6332
3768 7047
5258 6199
5228 5155
386 4276
797 1930
5390 1735
1635 266
1682 3253
6480 3429
3492 543
2461 7702
6797 2175
4242 7431
2429 4470
1991 7570
7534 4037
864 6959
555 5933
6350 6969
1817 743
2547 1237
779 3261
6001 5436
7122 6870
6391 7835
3843 3307
7208 7226
5329 1068
4036 6975
113 2151
6516 7846
6294 4906
3792 6386
3447 2023
5 7202
4314 7333
2026 3812
1100 5704
1838 6865
5133 7841
202 3554
7770 7629
2008 2980
506 3502
1968 3278
7062 5166
3547 6034
110 5847
3308 2835
3809 2360
2790 1776
2048 2878
1997 4537
3729 3898
5646 1827
4348 352
3229 5097
3851 3004
1404 5981
341 2497
3755 1460
3974 5855
1071 7090
2403 4437
4281 792
5478 2913
1940 2661
5525 6685
7764 2336
2758 6973
3166 1265
4567 1440
3506 1708
3470 7945
2162 6860
4888 2193
610 2287
6846 2662
1919 7213
78 4131
6598 5750
7604 7627
2092 2464
6874 7737
7514 7914
7172 4094
1779 233
1925 2795
273 2938
7354 6770
3935 3535
1633 5663
5260 4230
7395 1694
6042 1488
4264 4565
3929 459
5956 7582
7896 7931
2309 6995
972 3103
688 1220
1936 6559
1008 4133
5627 5841
1133 7072
4977 6251
2905 6783
6389 4417
7147 3454
3927 1934
4353 5229
5158 2732
5505 6249
4175 3713
1410 3600
7653 3723
2160 4235
3693 1748
526 293
5272 1942
2314 6253
7607 3317
2230 5593
2999 6506
2841 6788
377 6768
1837 4751
4639 6797
4493 5338
4740 7233
3953 3491
234 6369
4588 2944
6995 3112
2358 4215
7115 3881
1210 783
5868 7965
4857 4477
7973 7728
457 5774
5907 6283
6453 5781
6688 5402
3846 4904
3585 4003
4565 3131
1820 7654
762 6653
4953 1680
3219 4279
1541 3000
1135 2169
9 5802
219 7938
3534 6949
7352 5807
5296 6298
87 3071
5371 637
5044 7531
2337 2255
4355 5733
7452 5156
1581 729
7085 808
3993 3758
6584 7895
1644 1816
7771 6404
3985 7818
909 7516
7459 6899
1352 3053
633 1509
600 5821
772 3688
4971 207
3146 2605
7664 2590
2608 2790
4196 5277
941 595
6908 6946
1746 4177
6828 4784
5862 3716
7292 90
3900 3237
1716 7605
42 53
2471 6634
6021 1366
4358 7345
5686 5734
2867 1243
1664 3138
5466 6392
5848 2707
6224 4802
2723 4207
4705 3076
6477 7482
2816 3730
1341 7148
4964 442
2834 7299
556 2481
3453 4140
7185 6531
4719 5451
4710 3718
5437 7085
7201 7102
7218 4531
7984 4698
6615 7326
3994 7403
3260 753
4278 7780
3197 6203
7381 1476
6767 5497
939 4360
3341 1949
761 3256
5863 6792
1931 4125
1520 2234
1101 4084
995 1313
154 4926
191 7719
3418 7885
3224 903
4020 3560
4438 4484
4592 3057
498 5368
7173 5563
4741 7404
590 986
1150 3366
1373 5926
2960 7928
680 1931
136 5417
1383 1583
4356 5740
4775 6888
2176 7429
2854 6414
5200 884
5197 2263
3518 4023
5847 3743
4981 3854
5934 7243
560 7389
6099 3133
709 7297
2885 6886
183 7463
5703 5493
7220 3846
5072 6105
1961 2883
1263 7827
3999 2961
6382 6110
3894 1642
5991 7640
2705 2388
7230 1688
5119 3559
69 6620
6195 4116
1202 1435
471 3266
7333 4092
5244 3892
4938 656
3682 67
4280 4819
4340 5940
3966 7471
4972 3902
652 5829
2021 5323
4139 6229
4191 2757
3715 2893
1125 2120
6558 6304
908 714
6985 4138
2539 1657
2741 1547
3289 5477
3549 5034
4484 2049
30 3424
1816 706
876 3636
5623 1384
5853 5600
4007 7796
6662 5279
2494 3597
5357 7664
1117 4465
5793 339
5812 4905
7054 4964
7465 6625
3638 3162
7249 3701
1702 1429
4523 4879
7183 2965
4093 4994
3242 4912
5519 6688
5069 5690
46 6311
6088 5127
5184 7164
1002 4478
7228 4143
1804 7499
5624 3562
6895 3440
6698 2161
5753 3654
4136 4835
2501 4344
95 7683
2785 5534
99 3130
1723 7853
4983 7643
5492 7351
5501 2087
3667 2990
3380 6935
7394 3839
222 347
4024 6406
2340 298
89 4735
5376 4499
5650 4473
5879 5551
1479 4805
4729 5091
1168 3741
4866 6878
2563 872
4369 5057
3866 4263
3474 173
7634 7907
7655 6469
5858 7415
5607 5403
6726 4041
1536 434
2614 81
187 185
7227 5580
105 2816
2957 4713
6544 7539
6173 3411
6345 2191
3300 2474
5217 7021
5710 572
7437 4748
5628 2112
1064 2957
1798 3679
23 4250
4679 4598
3835 3465
4562 3393
5988 2145
1375 912
7838 6424
3862 5364
4748 6395
479 4704
2318 2158
33 3616
7920 962
1523 2595
6893 6987
4497 6687
5132 2542
2353 1877
2319 852
325 4051
208 1540
2555 932
1832 7400
3567 2950
2880 1274
6279 6916
2343 3165
6747 6614
1419 1404
1758 4035
7885 5445
392 5064
6735 7372
7906 6611
5641 7347
145 4251
2951 6516
1812 6194
7580 6918
6489 6380
3997 138
2777 46
4163 3680
5576 7572
3374 2882
5187 297
2697 437
1728 2892
759 2378
902 5640
3979 6278
716 2167
930 2456
7215 3894
6633 1165
6855 1383
6549 1397
6155 6828
6362 7218
79 6829
5785 6073
4852 3567
7730 3453
724 3658
7756 780
4316 601
1245 7685
7654 6519
4035 5217
7827 3180
3458 6835
5175 1625
2597 2970
1662 5422
7615 833
2568 407
1967 5660
5041 6275
1077 2563
3449 7151
7155 1921
5114 4882
661 5232
112 3768
7543 3499
1356 1030
4818 5539
3727 3750
7222 4675
5305 5200
7344 6798
2847 4911
5511 122
7503 1279
5198 5404
4272 3341
4100 849
7965 4158
6582 3110
2212 7663
4270 4664
2243 2459
4787 3606
1830 5454
1540 7477
3377 4090
6191 6941
5766 3262
848 5633
4220 3132
4815 2274
4118 2025
2506 6847
3074 3909
4406 3213
1882 2239
4138 5694
1953 7620
749 5275
2605 5703
7576 7915
4924 1227
7310 5970
2069 3188
3347 4044
4940 1149
4094 62
3344 2322
6312 7445
3480 532
4771 5695
7225 1851
2893 6643
1407 2387
15 1867
7741 1775
5246 6936
4816 2759
5209 3015
3540 3806
6566 2265
7431 6488
7169 1519
1406 2655
2511 5114
2127 5138
769 6796
417 6312
5935 1278
190 7690
3517 7034
2459 4436
4249 2865
7039 3659
744 6539
1859 3594
549 1932
5889 1329
4884 671
7101 7982
1400 179
7414 6505
4670 324
914 3756
7776 2634
1111 2365
3091 7341
1193 2267
3060 5776
3899 6547
2338 5006
6135 5618
4072 6678
6032 3480
1076 6934
2397 2037
7980 3083
7525 6442
6349 4353
6685 5617
4277 3507
5597 1737
5708 3178
5807 7781
4956 5311
7106 7788
2946 4917
2293 7602
1796 2106
6542 87
3687 5550
6589 2581
1363 3956
6154 1389
4352 5386
6667 5886
2646 4816
2437 3264
7717 4554
4770 1077
2393 1897
6046 2022
4330 449
7074 2448
5413 5665
3486 4034
7174 4339
874 2841
246 6273
477 627
2503 2681
2225 5533
6892 5609
5134 6268
3398 7414
1648 410
3778 2303
2857 7699
6958 5771
4101 79
3337 2978
1862 7037
2864 4165
2199 1651
859 4929
2164 7697
4860 4965
3502 7488
4871 6069
1787 900
1960 6083
237 5084
2696 5621
1122 6569
1401 5857
5720 7194
7390 7711
4039 7786
5743 5171
6973 4818
3251 7221
3021 5187
232 7961
6731 864
2676 2118
2044 3982
5126 7500
4893 5154
509 5037
1313 1973
4269 3598
2979 7177
4042 7587
5951 7556
6906 1891
2464 3229
4959 7713
3830 1629
6947 6601
7641 5800
2452 4831
1484 991
4373 1571
7831 7574
5844 5520
2738 6997
5713 52
1983 4674
1887 1714
6179 4851
1720 367
1027 1783
2167 4568
2754 12
3147 2863
5592 3058
6092 6196
3674 5211
6122 4393
3182 2515
2868 7291
1474 91
7677 687
2572 1141
1286 5452
6111 2016
1987 2495
5974 4099
5688 7446
7094 1875
274 2473
7127 2994
5990 3184
3034 2484
3310 6562
1770 134
3690 5058
4843 2436
608 1798
6296 6415
5333 1511
929 1602
3325 5817
3563 5685
3090 7375
2737 5499
6129 5177
4333 3922
7546 6358
2615 7762
748 7032
5412 7092
4108 125
4578 4725
7296 3965
4829 1505
5068 4966
1654 4573
5391 5379
4124 5843
3610 7871
1034 5297
5839 450
5280 4872
6077 3809
5632 603
3990 1858
3635 374
2647 3737
4833 4390
2436 2122
3208 7911
1072 2995
1191 7761
720 616
6289 5475
5438 2268
2423 5432
7237 1961
1512 6856
426 33
7199 7649
6236 1774
1249 2485
3800 674
4059 7949
1973 7474
2747 5746
4607 5793
1397 4382
401 2927
4187 542
5830 7852
4550 6186
7938 2443
1056 1761
6120 193
6015 6639
5614 1431
1208 5656
6259 362
6273 2480
3761 7730
4714 6098
411 1180
196 198
2811 2261
4228 7757
5742 6479
254 7525
3284 2421
4774 7160
2106 2061
3601 6289
3707 4498
48 6272
3002 911
4734 3953
6583 2426
7038 6396
5146 3584
1528 6542
5137 7617
847 5620
4653 1887
3586 7107
2644 6991
4767 5100
515 6280
3254 1923
4309 6944
7321 3883
2425 6462
1320 2674
2744 6477
1247 1245
7772 4574
1347 4857
743 5575
1617 2853
5746 7902
4814 5785
6860 3967
4743 4585
1667 3714
857 7276
5154 7270
7184 4521
2252 5996
5171 2344
1690 7916
5476 3724
4674 2441
624 5438
2938 1258
5569 4162
2902 2599
4129 7096
4160 794
6068 7659
3510 1950
7502 3738
6219 4227
2193 7093
61 2254
1402 3816
7118 1573
2848 5648
2242 3212
7504 3078
1912 2799
3921 6970
453 5822
1143 5931
6971 642
5095 5527
2413 3398
1932 2572
5674 6734
2439 3508
212 2998
5544 1210
7191 5481
4641 6772
6066 1701
5756 4703
3107 6129
1369 4384
5431 2455
5911 4764
3773 6419
2325 5053
5695 1050
7925 7245
4720 3282
4452 5950
6311 3362
3550 5638
1454 7955
5815 3887
4292 4032
1722 4595
5548 4596
151 7538
6813 5365
6986 388
5491 3705
4929 566
5395 5642
3185 782
568 7012
6133 7705
6821 336
4853 7646
4259 6316
1745 6172
5918 7057
6623 5689
5601 4100
7255 3433
3831 7250
6833 3818
1712 701
2818 3150
3869 3380
3596 4363
7422 1549
2215 781
1 3823
3390 390
1429 6178
7125 4108
1259 6047
2932 6597
2011 7025
6100 1308
1616 7371
2107 227
5531 14
4299 7964
7931 5356
3054 666
5589 7878
4760 1678
1606 77
7130 7489
6999 6849
5259 4007
1305 4715
3995 4000
5682 2796
7113 3825
3967 5796
2363 4312
5842 3516
7112 5525
3708 5893
3762 5803
5504 890
1951 4571
6316 1718
454 6366
4669 1235
6943 7782
4825 6255
2750 394
2550 506
2819 5055
2631 1148
7088 4213
6467 6875
3388 4446
5058 7410
6577 5764
4411 7346
5536 3549
3065 2685
5169 3340
2698 5989
1896 5887
3488 5614
3157 4389
5681 4913
2806 1029
7080 4656
3812 1178
1113 3101
1163 1438
5113 7906
4065 4052
6217 1621
7777 1128
6867 5372
4038 640
1785 2282
2863 5959
4050 5117
7406 201
6901 6064
6804 1499
6064 5972
6773 5510
4433 6413
3775 4486
3113 436
755 812
4417 7138
1129 6070
2136 1955
2660 262
754 4783
5104 6550
911 4161
2773 2147
6748 7581
4267 2986
6283 5448
5678 6840
6718 1240
1595 766
7663 725
6528 3803
1683 5508
7792 5226
7917 3801
3115 7822
276 2447
1297 5210
3626 4222
4052 535
2279 773
2231 7041
6393 6288
2480 570
4199 6735
6868 2225
2907 7742
7954 5431
2675 1450
6325 952
3954 3834
7662 6385
5465 6319
1194 5514
1593 2968
6780 7281
2045 2637
4933 1
6007 958
3752 114
1042 4984
6597 7753
947 7546
6180 1183
4885 1218
5495 598
3410 3587
1797 7701
2704 7082
2543 4612
532 1508
5833 1219
7886 6465
5082 4907
1325 2779
7417 3961
251 4938
896 3349
7902 6718
1789 1889
1230 6100
7141 1589
320 6880
3847 2396
5056 1333
5666 3216
6126 4155
3850 3211
6354 6017
4266 520
7521 3209
3700 322
3461 5730
1807 7873
6416 3703
1980 7900
4229 1315
5204 6344
2005 2640
7851 2858
715 645
6882 63
1467 415
5378 5722
1177 2319
1529 1516
7371 5230
6398 3727
4715 1486
5704 4394
6190 7355
931 3160
7693 3564
1456 3505
1976 7183
4366 4262
693 7452
2020 4545
3314 5265
7309 5441
6822 6306
1179 1060
3370 4149
343 314
1986 5335
1357 2304
4846 7391
3052 1679
12 1159
5539 3589
5107 1430
7455 292
2039 7089
1346 5810
2125 5068
3103 2180
3938 3369
2755 4948
4887 4724
1183 5500
3022 7687
2892 5222
2200 1002
6037 5606
6842 2688
3359 7935
7865 4640
7239 2385
6347 4038
6715 7589
1941 5257
1386 1412
5631 5599
4204 3849
1551 2113
7362 5472
1153 3774
1221 719
1288 6857
2283 5085
2227 353
6744 4830
7110 1878
4275 4426
5801 7176
2956 6515
6214 2698
275 5133
5424 1643
4290 6390
458 6394
2930 6563
6105 71
488 223
7893 7038
4737 6099
3051 2761
2084 3944
4045 4313
2434 3410
6812 1543
5189 5363
811 6514
5249 799
1120 3588
2629 3704
4712 4406
6168 1421
3578 4789
4213 3003
5649 5696
2292 1399
6575 7665
5435 7272
7041 6841
765 6405
3575 3742
5860 2902
690 1953
2374 3644
485 2353
6725 4137
4789 5384
940 1437
6787 250
7048 3913
255 2720
4842 4295
2181 4883
1530 6500
6631 2483
3529 2211
2344 7890
7481 7775
4499 5245
5416 4890
7229 304
2966 2678
3530 2763
193 1436
2446 7834
3650 2356
5368 1609
2953 7457
6918 563
7018 103
6000 6352
6832 2148
4932 195
5479 7578
4232 2814
3163 1947
4418 56
4576 5805
822 5113
5282 2701
4415 3384
2276 3728
2776 3104
3328 885
6407 2078
2024 4662
5402 1661
4822 5315
2112 1637
7361 5216
476 5721
7250 2756
104 284
1296 3030
1949 4727
2422 4121
7589 6929
966 959
5824 619
1471 2921
4486 7265
7226 6626
3379 3152
3981 4716
7423 6445
4622 7048
6701 1693
4461 5142
6507 5051
4359 6994
3618 7628
7212 3623
373 2007
2188 538
5535 3992
6613 4871
3912 7856
7012 1795
6166 996
6506 424
6444 5723
5898 5928
1079 3910
5420 1734
7767 3474
4500 3418
7968 3115
5580 2248
4749 5884
470 5161
5410 3136
5122 3322
1343 4630
6030 308
4462 4740
4237 4642
5047 4679
5852 3858
4979 2218
6970 166
6232 6379
1116 560
5091 6159
6670 828
2680 4962
4988 2558
4425 7503
3937 4744
4928 2276
3592 313
6358 6412
1762 7790
1483 4601
5787 7280
5242 1687
4495 7163
7892 6149
7929 2630
6920 5706
2801 7644
1653 1284
6884 1345
1853 3664
6434 7990
3536 2833
4062 6567
1374 6210
7545 6482
7897 5380
7753 7865
7531 5325
6094 967
6961 4637
4736 6833
1865 953
7515 6520
6942 7591
5714 7480
3164 6581
2623 7544
5745 396
3333 7597
5711 5693
1880 7182
6245 3675
2606 176
5138 7624
993 397
6629 6378
2548 5249
6392 2900
6618 3582
3167 3832
6411 1361
3420 4464
284 3917
4327 2458
4867 5964
6403 3348
6222 6473
6816 3023
3782 1317
5843 1751
641 5809
4992 7411
7060 4658
2281 3941
2185 5035
7248 2806
5380 7052
7978 7120
6125 2438
5887 752
2749 5816
707 2133
1898 7653
948 5755
6261 2449
6766 1099
4013 3243
7552 282
757 7328
6642 5503
821 7930
2376 7997
1267 5130
1611 722
7829 2159
4125 614
166 5021
1847 7684
4563 1013
468 5314
3624 3790
6320 6890
7850 3544
1858 136
1846 375
976 264
3151 659
6911 6766
1744 1285
6159 1254
660 6241
5696 1410
4804 1480
1012 7229
3697 7324
2804 945
4962 7798
1160 5302
3720 476
1354 5729
882 6540
7839 1170
2574 7758
2912 4749
5594 5122
502 369
3266 4848
7 3495
6809 540
391 5423
7891 2487
961 1387
7622 1201
6550 1238
5735 398
5998 500
1246 6452
750 6823
4570 7188
7800 3739
1096 6076
4542 3494
2489 4299
5386 785
6765 7000
1920 4996
6324 2460
2435 5027
2382 387
2640 3996
1330 2771
7817 361
2688 6382
2617 464
5549 981
3309 370
1190 6027
3258 3031
7312 3935
2025 7407
5388 3574
2610 7671
6448 2825
672 4769
4601 5825
4856 7996
3654 5904
1881 3586
1888 860
7643 5444
4085 7220
3576 6873
88 5288
7871 281
3560 1572
2883 6824
1885 7430
5101 7746
6206 6954
8 182
1271 5012
2803 6778
3711 5615
5081 2829
6784 839
4146 13
2787 4625
530 6243
1238 6207
374 3682
5626 2817
584 6523
1637 2947
1205 3201
7547 7317
185 7877
6524 1919
7464 5391
5273 1645
1842 1257
7652 7045
7940 7126
1929 2488
6342 5240
7049 2042
4402 707
3145 5895
3599 1347
3692 6299
6230 1784
5593 3985
2218 472
6593 5399
6363 3693
3081 843
7154 6230
5770 5601
3633 6498
3351 3972
4676 5286
1033 6455
7065 3884
5177 951
2038 836
3287 3754
242 7551
3574 4947
5500 5250
7870 2977
3516 4518
6606 2975
2171 1154
5267 1502
5744 2570
438 4002
7418 2406
997 6544
5945 6290
5558 7545
239 6767
1423 7888
2302 4916
5721 5963
6486 2601
3526 2782
6678 1322
5928 4325
6751 1832
4208 5588
5885 2494
461 6963
5828 7636
3318 3531
1415 2140
6592 4223
2824 3842
425 1106
1132 6420
404 3098
1625 279
1893 3466
5882 6681
6502 7330
6732 4653
6537 3378
1037 83
4184 6051
6625 5089
1877 3734
6340 6160
3932 142
6307 301
100 1766
7716 759
7658 2141
4404 580
5238 5022
4273 2811
1303 2705
1900 5082
3703 6410
2717 806
2528 6806
5012 7137
5398 3981
2778 7881
4723 7166
569 3753
3584 5920
5913 7535
5129 3391
5034 6801
4544 2752
880 548
5458 188
5159 4386
7833 54
804 6374
5020 2462
7207 5424
6925 3619
2765 2780
3683 7352
2805 2999
2515 5585
2443 4245
4790 1617
6956 1717
3672 2472
2232 5017
2366 4126
6900 3798
1147 5518
3346 2047
433 2308
7649 2237
7158 6418
7151 7718
6962 341
7197 1600
5292 3139
803 6090
2793 5172
236 6699
5605 1750
5454 6171
4037 521
2250 537
7953 6892
7089 1196
2195 4304
3888 4485
1910 6962
4879 7989
1436 4808
3407 3630
2529 1594
2683 866
1144 2066
4739 6250
2947 7185
5574 5557
7928 2823
2454 7828
6929 3796
1048 172
7889 1166
829 7801
3198 4678
3730 916
6361 2755
2390 6341
3179 3293
5537 3853
3362 3001
1432 7905
1307 7566
3608 851
6737 7063
4778 5184
7119 4078
4549 6866
7575 3848
2728 7666
7854 6383
5892 4273
142 6393
7433 2349
1078 1221
26 777
6295 4854
3694 1009
7512 6252
540 4507
5349 3010
3047 6932
4514 7874
6561 2723
7798 454
7670 234
2214 3193
1623 5521
7868 3344
2058 1692
1630 3927
5963 5579
2894 5631
6194 1911
4677 6504
3385 5799
567 1038
1547 430
4392 7929
5248 6211
4626 1494
6101 6097
4014 7693
7613 2754
1149 3175
1651 2324
7367 1806
3409 3610
6764 6925
3152 2382
6760 325
7473 2668
427 2224
2316 3519
4069 27
7483 4145
2036 2997
6220 6822
5014 4469
4877 2152
7273 1416
4490 5466
6757 6088
4891 3720
2513 1506
431 4438
988 7879
4031 7251
7791 6513
5689 7228
6359 433
6143 7079
39 2745
3218 613
4053 2468
4763 7113
596 273
2234 924
2609 2371
601 2982
318 784
7303 6257
4458 6901
897 4512
6426 6490
2405 467
303 682
4004 2457
5108 7674
4766 3784
5264 355
950 2646
5457 1129
2204 3280
2651 6956
6643 1562
3298 4420
3833 2001
553 2937
267 3452
6579 1087
3976 1707
5374 5701
2123 6645
7042 6307
1573 1393
2222 4450
1560 7696
7090 6686
5061 3771
1649 3964
2284 3503
917 3791
1217 6071
6563 7290
5669 3918
6052 3916
1384 5787
6372 4967
5330 7434
1750 1250
1624 2633
7238 6323
7844 2619
5566 5675
3402 2300
6954 5919
5709 21
1765 7745
1548 7083
1749 3400
2759 7680
6250 1478
2330 6140
770 4985
2655 6964
1131 4910
2829 3725
1355 3332
1180 6068
4502 6135
7558 453
203 3417
6192 2822
2813 736
2186 3081
5749 3777
4813 6300
1697 239
6131 6955
4219 4345
7887 4221
3319 6813
916 1119
6440 2789
920 5969
7084 2479
1705 6180
6395 1808
5869 4880
5335 1792
2380 874
1895 7926
4001 1534
2073 366
5684 1318
7351 740
5083 7613
2359 5541
5288 5480
6231 1091
6616 6327
1138 2930
4132 6427
43 7630
5640 824
989 1969
6209 2403
4838 5823
5665 6668
6571 611
6466 3045
462 72
6652 2715
7136 1328
6229 5898
4440 2582
3865 7360
6730 2680
2963 2281
813 1663
1032 4458
6510 5986
7639 6305
4526 6965
5287 7230
5925 4901
946 7329
4557 2405
3818 6335
4530 3780
3840 286
3982 6945
2571 6819
4936 5300
3964 3019
7364 255
5257 7872
2729 4676
2961 2188
1856 7528
1840 2137
4226 2206
2440 5195
965 6028
3204 4631
7258 4359
5028 4455
164 343
67 6137
2320 3722
5310 832
1835 6466
6481 4449
2838 1618
2516 3177
5834 2840
6699 4814
1322 6461
5262 3695
1312 4091
1335 1983
3174 414
2657 228
474 4995
4217 497
7104 633
1902 6552
103 2941
546 7498
6381 6517
2296 3363
1504 4981
2671 1564
5181 5046
4250 3954
5004 2380
4532 7296
6406 7454
1439 1251
4968 3769
11 2729
1524 7212
3464 5789
2814 4217
7096 1415
7044 3561
2756 3472
5672 3926
7144 7476
1066 950
1686 2510
925 1994
4256 4395
5351 6454
4832 4493
7509 968
126 7261
6620 348
2220 4435
5338 1836
1793 7157
4409 4971
7385 1705
1290 2743
1298 5474
3184 6868
3111 2207
3636 7979
5619 7656
7198 758
1794 1439
1875 5517
301 4175
2708 1725
416 1773
785 5653
4643 222
3150 5349
6146 5304
7556 1582
586 6426
2129 4884
1323 2667
1954 2575
2977 2694
892 4742
16 7172
6383 4796
3725 2337
719 6851
3273 5938
371 2395
486 7323
4318 5594
2521 6940
6422 1455
6119 6035
5573 6957
1769 4728
5003 2813
1051 6508
1913 3321
7419 7520
7350 6781
7134 64
1166 1427
2590 88
6657 4591
4507 3260
3077 4087
4706 5890
4527 5549
3511 7162
5328 1303
4088 650
2311 6605
3415 3851
2549 1724
4455 2613
1021 7543
4003 7456
4190 3099
4334 1320
862 1063
7585 4794
1946 5126
7070 6270
5763 5536
7091 5321
889 3645
1314 5198
6791 3526
701 161
7487 3298
4900 589
220 3663
6479 6837
1904 793
3856 3775
1102 1726
3343 878
3061 7368
7714 2200
7135 2849
2361 6730
2236 1079
4400 1722
7856 5548
430 7150
7774 1484
2336 4248
2273 4559
6078 4942
4501 3357
7411 6314
378 1971
983 3002
5758 3246
6517 7472
2486 3757
7593 6717
7941 3891
442 2471
5680 7709
1269 2134
5971 3120
7895 2748
3815 3612
4282 4694
2335 10
3568 3590
7320 3624
4593 3702
7704 5552
1990 2926
6696 502
1094 4318
63 4264
3706 4997
6937 4316
679 6417
2280 7918
4623 6919
637 2354
5152 569
4630 5339
7806 2815
5916 4209
3776 5747
1236 876
1612 7725
7581 2478
6711 5146
4091 7239
1319 7963
3663 7618
3364 7592
5845 475
7474 6613
5875 5179
4657 4070
5463 3514
6438 7149
304 762
4044 4451
2116 4618
4699 124
2746 1800
201 1575
1461 5309
4837 3146
3330 5287
5767 4807
3784 6115
5193 653
6888 2881
805 552
86 7749
2148 4672
1396 1376
2753 2195
5459 5603
7936 76
6427 6237
5508 1843
4002 272
689 6219
6404 2772
84 1487
5240 3145
4466 1604
6198 5791
1251 4424
7247 5917
3270 7252
6314 6764
2418 4096
2450 804
3629 1040
1464 6142
5487 5867
6270 5727
4779 3075
7386 2507
6127 5859
6865 1893
7163 7598
7632 4731
3756 1715
6108 5067
6074 7512
7799 4101
7869 7947
3369 837
687 1615
1852 2398
1511 4329
3276 3137
129 1224
1109 3524
5194 1849
6774 4488
5977 512
5233 3545
7557 6703
3212 6832
4772 269
4456 4514
2531 2549
2636 1471
1774 2951
4529 1894
4995 1433
6067 6232
5855 4495
5160 2168
4750 4696
6144 5644
4872 3826
7168 5865
3405 4190
832 2283
6298 6240
3901 6810
6332 5538
1161 4608
5467 5869
978 2131
6331 7764
7270 547
2939 6582
5261 3660
4130 2063
4812 6641
4105 6543
1584 216
3868 5944
4781 6951
1809 5381
943 4113
4590 1698
5794 7425
3717 2071
2630 1353
422 756
3027 3419
1924 25
1380 5358
5379 6985
1516 4766
5952 4285
2739 4957
3542 2940
4463 1702
3363 1770
7564 7975
1687 1027
5234 469
7356 7467
7903 511
3080 346
2917 1847
6686 2502
7233 6863
3109 533
7539 4342
5693 1067
3281 5074
1201 2801
1187 7295
6557 2923
938 3069
4368 4237
5097 5280
5872 2333
2797 3114
3987 2221
5346 2717
6374 5878
4664 7533
6896 723
332 2107
4645 2914
2028 1401
5584 1075
3020 823
7905 4836
3323 5507
2035 2512
2845 230
6789 6065
6638 1373
7360 615
7759 268
7244 6446
4306 3637
1800 905
7728 2847
4303 1311
4874 6757
6820 7660
3123 4931
5760 7366
115 7390
1933 4932
4558 6785
7630 3020
1956 5341
6530 7854
3984 649
7794 3470
4317 1948
14 5537
3068 3271
4649 3126
5223 6992
7737 2967
2040 4129
7368 7714
2624 7069
452 7356
4248 7993
1656 4584
5530 4677
1825 1139
7156 4787
7866 1729
4948 6570
419 2442
3705 2731
3408 562
1857 117
5156 1171
7057 2411
3765 7564
573 6814
247 889
6740 7186
3334 1270
7079 6510
6963 5248
6654 2135
691 5495
5670 3223
5883 994
291 6266
7139 6313
7926 534
7623 3471
6017 1501
3902 749
3301 4865
1185 1996
1740 5905
1755 2039
5451 2402
7701 5020
5697 6154
472 7866
1338 1338
5585 6039
7859 914
3600 7626
6508 7009
7019 6947
2430 7358
3028 6654
3127 1802
4123 406
2784 5854
6433 7795
1650 3218
4061 5939
4305 213
3751 2903
3806 7130
3029 3360
1916 2828
6286 2040
5309 6029
4154 335
2198 1442
7202 4254
4339 4582
1219 2679
7540 7944
5782 1902
4531 4192
4716 4183
7072 7357
5837 2915
1200 7008
7055 5442
1473 1673
1546 691
3422 7206
5393 7833
1344 1203
1186 2917
5365 4690
6703 6912
3352 5918
1944 3215
7709 1695
6160 5786
3404 3230
7297 481
7490 3459
5049 2000
2173 3781
2233 1233
7052 2612
5675 3333
4573 4419
379 6197
6522 5412
3797 4391
2815 1370
5326 1711
3110 1899
5074 3217
285 2408
5823 5290
1958 5194
4702 583
4376 4754
2202 6015
7484 6657
5881 2784
639 156
4659 7612
2210 3426
5555 2911
2128 7067
6176 3238
6909 4025
6898 1736
1721 4439
5025 2461
4861 2669
831 3984
6724 3044
2002 3284
5523 3639
4040 5080
3009 7395
1571 4776
4810 1051
5036 1197
6246 3037
7537 3182
7880 3475
3438 6371
1854 989
1007 7248
736 2579
1711 2079
1070 2197
888 2110
3000 3014
4075 4301
2402 5430
402 1567
5099 7192
5699 6775
7688 3192
4506 1489
2507 1232
7992 2556
4161 5739
7428 5927
4916 5083
5552 37
4672 5015
2019 2404
683 4320
7778 4761
4051 1760
2460 6478
7734 1670
3882 926
2301 577
2906 1669
1470 6732
4477 6201
2102 2092
3066 3993
6336 5175
5729 857
3140 7933
3763 1301
4276 2114
3854 190
815 3921
4599 2414
1446 3074
7264 6839
6716 2055
5581 4461
883 7770
7725 465
3975 7342
854 4572
1494 200
7667 956
1265 7807
6308 803
1478 7736
4469 2877
2130 4876
6226 984
6475 1432
6564 4243
1091 5496
2802 6908
5923 5951
1162 1852
4519 6226
3243 2963
728 2093
3378 2004
2820 2262
7758 2824
7276 5811
3331 3095
319 4832
4043 1820
3968 2331
1458 5850
1198 6709
7884 999
5692 2958
6435 2700
3484 733
6622 6082
4134 1845
6590 498
1448 1108
1952 3855
3358 2766
6390 6038
5944 3425
3877 4992
5662 600
2261 7339
1843 4641
5364 1530
6503 7168
5620 4379
3607 2791
7069 3276
117 3653
2677 2642
5871 922
4915 7173
6570 3267
5308 3882
7727 3345
6991 1677
7666 5397
5542 2972
2257 5883
7286 7224
7224 1443
2043 4006
1061 6274
2079 4726
4133 2658
6142 3407
4658 4788
6102 5877
7846 5971
3106 5318
7114 1926
2075 3151
7231 635
3948 1632
2182 2793
5996 5874
1594 4919
7291 3827
3895 6062
4970 3252
3858 5078
7848 474
6087 169
1050 2663
6315 4497
5174 2773
1905 3481
5195 7253
1450 3689
460 3617
6750 7024
60 1157
7592 3677
1412 2232
5317 3365
717 7519
1266 6921
5965 2102
1764 7577
2575 2105
4322 1094
4181 3397
2810 1815
3963 4998
1757 40
2869 1972
3035 7946
3732 6246
4733 2117
6881 5591
684 1138
1514 5956
5363 1613
4113 2617
4313 7419
1232 513
101 480
5701 2321
5874 5330
4912 6409
2017 164
3434 1838
6370 2227
396 2932
4958 694
2798 4605
3913 2564
7241 3127
3477 5582
2904 4619
3583 3430
3086 3833
2012 1809
272 7669
739 7819
7324 5590
5423 4043
4182 7152
4762 630
6805 7030
7377 4758
54 4258
7594 652
3190 4015
3656 4639
3907 2215
5997 38
6862 3978
6692 4076
2602 2550
1786 7760
2010 7959
919 2868
4955 3968
2209 623
818 3748
1488 3731
2407 4624
7747 5394
2117 6204
6095 737
5488 5924
7814 2430
3136 5932
1310 4734
886 827
1381 2231
3565 4773
2733 3342
2689 1524
1173 3157
1390 2918
2134 1256
5016 2125
309 5031
5151 1997
290 7772
3588 1799
3089 6324
7535 4080
7499 4122
2378 4071
5075 4282
800 7014
363 7392
4633 4001
2149 1927
5582 6103
1645 1319
3132 4718
361 1403
1491 1986
7339 3371
7679 2588
3832 7932
5849 3673
1327 2155
171 7847
7043 98
6777 4236
2638 5873
3723 6104
257 1394
2085 685
6410 7625
199 6202
4556 2856
1751 2713
7935 139
1747 2764
4547 5629
4694 2216
7894 2871
6573 6609
3128 6295
6262 3068
3245 4542
6746 1042
376 1461
5634 2645
4875 5434
7124 643
2950 5765
397 4077
1498 1570
5350 1837
2856 6758
5600 576
487 3553
4560 713
7188 1647
3435 373
2271 3877
7486 5984
6897 6166
4265 429
7318 4447
4665 5684
3813 2711
934 5861
1427 2872
3641 2317
3521 3343
2108 1601
3597 7440
5751 6094
1641 263
2055 294
7671 7743
4638 3998
4914 654
5792 5544
210 6261
2853 7974
7211 3631
747 6759
5005 3200
3093 1706
3414 5196
5494 7826
7355 1357
4647 3627
1044 2129
3443 5626
293 2437
1284 5473
3791 4202
6468 7154
4357 3528
5972 2266
7739 3147
5105 2409
53 1730
2984 7367
1950 4383
6940 2875
2277 1057
2519 3329
2861 6024
1340 2327
7240 31
3651 6564
5167 7260
2881 5547
2274 7273
7577 2072
6674 6871
1047 2521
6632 4980
6891 5313
3946 34
1619 2851
3582 4281
1979 544
6883 278
3816 3817
1777 6608
1459 5558
3005 2532
3133 4838
5759 4467
682 1188
7834 184
5870 5627
4799 7962
2840 3665
7919 3196
6586 1739
3288 6834
5655 3607
230 6238
3376 3026
4897 3856
6243 6174
5255 2802
2520 5613
5633 6019
345 7558
1293 6440
2315 5413
2329 927
244 1634
4586 1365
778 5052
3102 6968
582 1275
469 6286
6987 378
7027 3915
7194 2293
6161 7983
1496 1198
958 4103
2052 47
714 311
1124 641
7608 1777
5621 6754
2843 6009
6081 647
5610 2671
2251 5699
5092 1143
5000 861
7611 4211
2652 6399
2794 2740
1566 6282
6327 4722
2767 1377
7510 3161
4325 1355
3691 6102
4927 1342
2585 3975
5023 6141
1783 7748
1148 1375
7703 73
3564 1456
44 778
1563 6893
5318 7321
7516 992
231 6294
4835 1059
6981 3439
6997 7883
1318 6239
3884 779
2509 5661
1026 5189
7281 4322
5608 7193
3572 229
2866 862
3214 127
3386 7121
5820 6669
279 561
6848 210
3223 3729
7573 5369
1362 6911
2748 1904
5948 1966
6720 553
2833 1728
331 546
7748 4779
317 118
5088 3199
3726 4031
1863 1107
6762 1552
5150 2143
6863 3061
816 5455
5042 1612
7570 3291
3246 2742
5499 7275
5168 7062
7746 7007
6572 5291
5477 4604
2990 6961
7583 3388
356 6903
7152 1465
1748 4371
653 4978
7765 6020
17 2643
7715 608
5236 270
7374 403
2211 5203
5087 1225
885 7565
4984 5899
2427 7549
6249 3626
3373 3273
696 318
1255 1291
1137 7517
643 3603
5783 5072
2404 4475
6736 6533
7951 57
308 6259
4878 2598
2485 5995
4708 141
2180 4843
7970 501
98 1811
4057 3533
3897 303
3011 646
2395 811
7678 4291
898 7562
6420 3176
6188 6441
7021 4144
5370 7573
6123 6040
4554 3936
1240 6530
4362 4337
2598 4866
4809 3250
6728 6509
3348 137
2659 6831
6538 6555
6621 1022
6672 2162
2463 7777
602 672
6031 4442
2634 82
1154 6310
7056 6336
4738 2006
7493 4973
2695 3100
6150 6827
4728 6644
607 4170
7251 1898
3007 2628
6968 1881
5471 2082
3951 3929
3249 604
3118 684
1754 5856
1799 4433
5269 4004
5311 1446
7442 329
6824 858
7396 1908
6465 3904
7937 1805
1724 421
4413 578
732 7286
7532 1104
7943 2519
5135 1305
7245 7763
4631 7325
7219 5004
4321 2704
4471 2987
1693 5999
3017 4822
7259 7510
7317 7799
3421 3715
5817 5824
4115 4525
1087 4127
918 3143
3790 7402
5304 4506
2013 6079
1921 4238
1643 2010
1732 7956
5719 42
4110 7196
2792 1454
6321 7969
7952 2727
3920 5256
5237 2907
4034 6
6145 3694
172 2417
5657 5897
7370 5991
6827 6667
2322 937
5936 1810
7290 7423
552 7483
5651 5205
5905 1596
7186 7733
7279 509
1082 1765
3232 2099
7565 6592
3957 735
6647 7641
1903 4855
7146 7466
286 6525
6234 7688
7918 5818
2206 5875
7548 7857
7646 7443
6939 4146
265 2075
3079 1263
1599 819
962 1070
2837 6431
4015 529
777 5484
879 5252
5226 1791
3389 4895
7544 3302
1403 7101
6608 5935
4892 4717
4437 431
2477 704
3886 588
4548 1817
3311 3886
5929 6185
3736 969
1778 5925
5705 3845
3031 2855
5196 2533
3256 3296
7375 3782
3211 7214
2163 6267
7359 5246
3153 3245
2453 3652
1725 482
2354 6629
2083 6438
294 109
7876 2895
5958 3047
7911 3006
5436 2057
547 5324
1337 7734
2201 748
5805 7779
7523 120
6228 1287
3148 1648
4569 7353
6218 2552
5289 6897
2105 3647
3366 4280
5702 209
307 1987
3454 3339
1244 1152
4209 5985
2056 5214
7007 7131
1485 4457
6256 4356
2241 7495
4967 7880
1717 2504
5046 4065
1476 5295
4010 3862
5565 2369
6722 1482
2879 6085
4782 559
1776 3441
7569 1713
1468 4056
4536 7720
6800 3787
5210 7285
2944 3249
2596 5596
4538 2691
932 2033
4937 2090
1945 3924
3116 1527
520 489
7699 2686
2029 6235
3131 5979
3677 4256
5230 4373
1292 5997
1710 814
3779 1215
6776 4412
7445 1959
3036 921
525 1140
5425 2593
6005 2111
1930 7244
2391 1115
5256 6343
1349 4811
6447 4385
1428 3174
6498 6571
2350 7362
1926 4255
6818 5949
2632 6353
2525 4315
2262 5071
6851 4877
2914 1242
2428 3997
5059 187
347 1865
5038 2798
2973 2235
564 1580
2535 4548
2235 1466
2331 2185
4913 2522
1090 1568
3315 1830
2576 3051
3793 3819
3043 7616
6213 7710
296 7984
6181 663
1553 3484
7568 4750
4216 936
2839 4990
1107 5571
4365 4287
6976 2315
7763 342
1228 3259
5362 3123
6515 6036
2898 4208
5949 6453
7762 4199
1225 7086
2626 4747
872 3412
955 5255
1826 5215
3188 7912
7379 5427
7444 2453
4244 3247
406 5359
2620 7527
6526 4328
2874 4752
5432 1611
4274 5598
5172 3946
7301 3687
2556 6747
664 7884
996 1481
670 4401
5563 6790
3716 1901
4634 1990
2042 5745
1922 7116
2191 3990
2945 6594
5354 721
7624 2955
5298 7460
3485 7557
3906 7455
3684 2922
7682 7635
107 1204
4311 2357
7450 3468
1258 508
3924 4466
3825 7820
3754 1334
5205 299
3804 6464
4905 5076
5904 1723
6117 854
7389 7156
3970 3172
1287 6145
1328 6898
4660 1928
7477 1331
674 1577
4156 5092
4089 1126
4159 1697
2270 3543
2666 2334
7933 7623
3412 5030
7724 3097
7766 3435
6609 2465
5405 7117
6695 7232
7591 7599
135 2765
7489 2243
6271 4874
3520 4402
2090 5453
6910 3942
3613 7505
4203 1453
3657 6988
7206 2820
3878 6697
5522 1922
1978 702
4903 93
5157 6588
3658 6489
7075 7143
7605 881
3767 4576
7178 2270
4097 1977
7958 4647
3500 2427
6330 4697
3202 2292
1264 5151
5712 7401
3162 2891
5762 5088
6413 750
5986 4009
5279 4130
2269 1762
4976 6008
5147 2783
5332 4351
372 2728
636 2383
985 5003
380 5707
5283 389
45 5374
7790 4826
1735 3522
7640 1362
2467 639
7366 1406
7161 6622
153 7110
7562 6859
1155 6726
6006 1964
4169 4575
788 6340
1988 6080
7801 4944
2100 6248
1868 7700
6830 2189
1917 2244
5902 3444
3078 1018
7957 5096
6002 354
6490 7898
3038 1649
504 673
59 1749
271 3065
1197 5346
977 1504
2004 558
1231 4026
3222 5351
353 2454
6148 3233
6023 1790
7915 5862
382 1182
388 3943
1805 6603
3296 2288
1823 4503
6041 4418
3661 1541
6310 7939
3805 7677
514 5342
1733 4982
139 7215
7700 6636
2679 1490
5857 1286
2619 4378
7563 4010
6763 5512
7340 5101
3220 6158
734 6470
2321 300
2661 5115
2240 1023
7879 6896
5821 5610
2372 6891
7998 5662
2664 982
620 3323
4944 6013
7372 5968
1532 1710
2294 5754
7093 3164
4201 4482
186 3254
642 7065
6471 7171
2224 1048
5372 4689
2591 1117
3450 252
7836 7568
7878 6755
5796 7449
3904 183
6644 1000
7579 4367
5962 5775
841 3971
5776 1413
5348 1905
508 2230
3978 4296
942 4900
2032 634
1294 4082
7916 7203
4148 3813
5066 4487
2016 3438
62 3592
6073 3395
6414 426
2254 1672
5078 4476
7595 6920
1640 5671
1675 2710
2832 4974
3740 5912
2070 2194
5947 1992
7642 3272
4343 2024
6061 1205
2616 7262
7761 3396
5102 7377
2239 332
2498 4134
5130 6057
2368 1049
5100 6223
2447 4945
6826 6423
3189 2003
1142 1367
3003 6618
1393 2318
56 2352
1028 3712
3490 5891
5652 7207
3643 7081
923 7165
5909 4489
1282 7548
6305 6421
1867 19
3423 158
3177 7320
5736 5911
7675 2450
3743 1014
4070 4232
2721 4615
7621 7277
4678 3496
4503 1044
7342 2554
5890 4719
2114 7384
7495 232
4302 4552
1443 5753
554 1578
527 6996
7223 7073
6591 496
5811 1006
1714 1296
5532 78
7439 4975
551 4798
412 7066
4975 7903
3448 4560
2974 4707
6439 7988
1771 6398
1508 5632
4704 6043
1525 2989
2207 6348
4722 2272
3280 1100
6054 605
3168 2974
3594 206
4559 1900
6482 1940
1894 2284
5453 4289
3040 5728
3291 5732
7738 4555
1923 1752
746 5581
2219 1137
7695 7241
7171 4544
7405 913
2595 3684
6864 2888
1086 4355
5015 2809
6560 4666
6185 295
5409 84
4998 5028
6247 7348
335 7536
4464 3960
7081 3795
2377 507
4099 1590
5896 7876
2031 6774
2766 757
3698 6583
4064 4374
7105 3966
550 4564
856 5955
5826 4772
1422 5353
263 3149
6430 586
5117 2969
7058 5961
116 4107
1544 7767
2140 4621
4698 4008
4434 4894
1621 998
297 2165
675 2615
1038 790
4106 6269
6648 7077
4668 3456
2795 5435
2060 6953
587 6501
5433 1346
5810 6518
6281 3079
1022 979
6697 4016
1792 6656
7378 5597
721 2792
840 3319
6641 2677
1539 1047
5856 6978
1372 3625
7542 6387
344 6389
543 3897
6083 2706
3852 3368
2121 7750
4397 6287
3278 7421
6700 742
7076 1340
4859 4405
4841 6922
866 4039
1914 6844
3695 754
4135 1371
6376 1492
466 3064
1681 4061
6661 7673
3046 993
1103 3351
322 5181
7299 2250
6051 6163
1742 6855
1531 3642
1994 143
4582 1314
1242 3142
7033 3923
1005 1056
7826 6330
4606 700
3874 4490
6478 3540
7142 2171
2295 2870
429 3746
1235 4028
4613 7178
5077 4820
3497 2253
1411 6121
3785 4755
6546 154
287 5204
7733 7731
2890 4509
4090 6736
7157 2623
3394 3786
7672 5272
6871 165
1577 1151
2153 3772
6493 6384
1431 6756
5877 3878
4982 5646
5297 5659
5250 2183
7353 2514
1250 7398
3459 7494
5243 5988
548 1709
1145 5565
4808 2589
873 7840
2586 3354
6291 6637
262 4046
2855 2085
7955 3367
6344 219
3566 4928
2491 6546
2500 6408
7404 5676
6257 3912
1928 5429
6706 5762
3010 2586
2187 5490
6702 5134
7999 6277
4827 1496
703 1337
2356 1072
5496 4050
2133 3309
106 4902
1128 2666
921 7977
4764 408
6253 4733
3039 7580
4680 2123
5517 4387
2903 4634
3424 7937
3780 7621
4980 5038
4083 6262
3673 4115
6186 2670
40 5542
7213 1239
3724 3824
3058 5560
4301 254
649 393
6511 5476
7266 7698
2763 2991
5825 6260
5775 4249
7987 954
3316 6917
2877 3088
2578 4445
4382 5039
7332 3413
5502 178
5161 6224
4393 1839
3668 1968
786 7729
2291 395
2782 3811
2976 3692
4476 6966
5218 6128
6783 4842
4620 6190
7463 2725
6277 3404
5772 6889
440 128
1262 7141
6027 5574
3124 4042
963 7314
5644 4331
1304 2178
4291 4239
6691 6830
6988 4887
1119 4691
5515 6826
70 7287
6322 1084
6104 1418
4724 6825
6121 4456
75 6367
6996 6617
6355 4397
6894 1259
5924 3732
2934 3422
5685 7707
2760 7823
544 6864
6205 3908
81 1400
6635 3865
6565 5652
2908 1542
4882 6014
5994 2966
729 7502
1741 6037
92 1742
2970 4225
7311 7058
3203 1462
2470 5529
3324 1402
4344 4765
2282 6680
5155 594
2654 4267
364 3669
327 705
34 7579
7603 5708
3841 5498
5933 4142
2007 4303
627 3156
517 7863
5700 3649
3274 3509
5926 3797
4074 4241
2473 5797
4691 1607
1490 1191
5673 3445
2386 5167
5864 4141
4000 3661
5671 7966
305 1181
3114 7478
580 5716
5661 196
3137 4440
7051 7374
311 6952
5572 1586
2648 6271
4793 5409
4421 1144
843 3287
665 364
1309 4269
5427 4156
313 4334
1808 6971
2142 680
3441 6150
1039 7509
4919 4946
7498 7600
7818 6183
4482 7140
3225 4017
3395 6593
108 7306
3262 6802
4865 5390
7786 4739
4941 2559
6368 2275
2621 2629
1850 2209
2888 112
4410 455
5866 6884
3631 1675
1818 7658
7571 175
3317 662
7899 5866
2255 3390
2080 5868
3269 2996
758 5907
3528 1223
7961 3018
6003 135
790 5322
6040 1892
5854 5312
7098 5914
5027 1929
3004 4511
2094 5849
7447 4479
7373 677
4947 7464
7729 23
6610 5546
2538 1796
7830 4692
2981 579
3640 2258
830 1116
1784 5711
3049 4284
7908 3657
3799 7529
4692 6471
4385 302
7821 2074
7685 4867
1169 3620
7476 4723
1810 3034
1558 235
4985 1352
250 1269
2037 4444
2213 1674
507 5608
7453 7922
2333 3450
7263 6640
6532 4182
2972 3662
1211 2852
4605 1976
1035 1525
5808 6715
501 2803
6998 5408
6545 7447
5969 5023
1652 3914
2098 276
871 2524
5486 1142
7584 5742
7485 2530
2190 5934
302 425
5055 7957
6627 7859
5251 1451
7294 4613
3859 7099
3535 4471
2097 3072
1589 1962
726 1584
5543 1910
1552 5066
4416 6554
4747 2252
4479 6981
2618 153
2998 4206
2216 2889
7315 6067
1239 3593
5485 451
2001 4480
4598 3864
1020 2418
7754 4323
6044 977
6266 6087
1660 815
6769 377
4511 3749
2685 6297
3617 2547
5474 4763
2560 104
2735 1668
2119 6577
1256 7076
5786 1781
5967 2285
2077 4563
648 331
733 1965
2456 3005
1253 2330
5891 629
1385 3599
2050 7033
2552 6458
1515 5794
2672 3093
2349 2198
570 4233
7972 2744
7845 5674
1564 2887
6235 2202
539 2032
2579 4153
3794 525
4574 2096
4324 2540
1270 4839
7904 7622
7883 2222
5191 1475
4571 6264
7314 6432
3442 7766
1613 3281
949 4659
2115 4577
2557 6317
6727 7553
3615 2860
2964 5916
6251 1173
2156 484
4534 5407
4783 6195
6225 5965
342 2014
2691 7817
5008 1300
4372 3356
7034 6974
2995 2568
3439 1814
28 1093
5941 3539
681 2520
3181 1956
5603 1019
6509 5223
1761 5655
6137 4059
4746 1083
5630 3576
2352 59
5489 7115
6157 855
1866 2326
7986 6006
6202 5307
4055 4770
1424 495
1526 4336
270 2280
4898 3767
3871 2229
329 987
1018 4517
6994 5506
4765 5561
968 3940
1935 727
647 3835
2923 6329
558 2299
4195 321
38 3220
598 6660
702 2013
6665 1655
1339 5233
3508 3330
7398 6630
1811 5406
944 888
945 4293
2022 6485
175 4923
6103 2476
80 726
1588 6072
3033 1391
685 6923
6585 4053
6569 130
725 668
7773 7648
669 6786
5229 4377
6293 2424
853 838
7436 1214
2719 417
6396 5378
5942 1434
1985 868
3026 2684
3160 5048
1738 632
6790 6780
6811 2247
7491 933
6418 4242
5915 2083
3969 2928
6377 1991
6799 6284
5677 3374
306 6000
6710 3614
7742 5801
280 7606
4625 5220
4450 1866
1576 7844
295 6900
5932 236
5021 2028
6989 5285
2152 879
328 113
2788 3525
6932 7751
6877 7179
147 265
7397 2716
3282 7802
5060 557
5323 3799
2183 2656
5067 658
3499 5718
6319 7209
1003 4897
6951 7269
2889 2869
4880 4583
4612 3485
36 751
5103 4600
6658 5385
6182 7829
6823 683
756 344
6028 3153
7149 4068
1497 4760
4345 7958
1715 2138
2287 6650
632 7603
5162 2576
4520 1772
795 5045
5270 4627
518 4622
6534 6670
2457 6052
2682 4737
393 4589
6409 4646
4777 1788
2527 3573
2143 6247
5315 7453
4098 7247
626 4102
118 5014
5524 43
994 1359
3914 7638
3603 1131
3445 7754
2455 3028
3622 2746
1999 6407
6795 1447
7751 225
3041 3054
1226 3222
282 2844
609 2768
3393 6164
3357 6502
5284 6337
228 3060
7268 5687
2424 7839
2238 2392
2286 1260
3702 5458
133 2525
6326 6376
5804 4492
5313 3709
2155 2204
1763 7124
5861 612
2384 1344
3227 2149
1023 1557
6734 6291
2362 1409
2122 5636
1277 7383
1665 4510
937 3090
4192 4431
3252 5333
4047 5124
5880 312
7460 2583
542 3043
2771 4491
2086 58
4854 6448
3961 4667
2732 3958
5618 504
5769 470
6955 1606
7214 1935
1507 3300
7860 6258
3279 6003
1333 3983
2523 965
4430 3708
2462 7100
3855 2026
7011 3857
7277 5992
4987 7147
6982 3183
7612 4633
2553 3257
3187 4785
7446 5882
745 5553
3463 2257
7035 5954
6872 1035
5115 910
7625 3700
2034 7815
4896 4366
677 6983
6645 4132
1569 2115
7939 7161
5190 5647
3699 5033
4445 6162
5401 4164
3842 2362
1729 7373
7262 1414
6059 5465
3795 2054
7478 7249
6025 6200
2267 3292
3440 412
2300 7304
7496 1503
6134 7450
2532 6123
409 7652
3738 7211
3781 6784
7345 6572
7300 6882
7609 5513
2184 1738
1557 5090
1199 1963
3098 3129
4635 4505
3949 3517
1737 1538
481 2714
604 669
134 3828
7234 4780
7466 4311
6838 6943
3482 6055
2536 2142
6207 2781
6902 4711
1184 1746
2475 5923
6614 2546
2687 1914
7820 7507
773 7259
4473 5639
1636 3
1892 7075
7031 3889
3551 2614
4451 1753
1462 2069
3679 5263
1734 5009
1112 805
482 1507
7932 4338
4202 2836
4457 5266
3037 5024
7384 3957
3685 1252
1974 148
2137 1299
4821 5668
2561 4013
2544 5726
467 2956
2955 7769
4442 2045
1618 3504
1430 4095
450 6338
4155 3313
114 3325
2067 2041
4687 2565
2566 5462
1873 5853
2876 5564
2194 5086
5352 7053
2481 2399
3135 7094
574 4231
2937 5008
1447 7408
6499 3655
5656 1967
6428 6208
3158 3890
3129 980
1661 7112
6399 831
1024 746
737 5763
266 3933
2611 1306
5676 5098
7644 1909
1216 4632
4429 1517
5975 3602
5886 3399
3571 4827
7257 2890
6022 6999
5694 622
6576 2181
3105 1745
3945 5545
7123 3315
6931 4803
5512 5948
865 3986
7346 2753
2789 4963
6717 5783
7710 6222
120 1703
6525 51
1590 1495
6834 4253
5707 1408
6708 2625
5556 4197
2831 4920
227 4562
891 3244
2962 5419
5136 2607
2179 2374
4997 2561
5722 7717
1227 5139
6588 285
2850 7159
3057 5945
7572 567
5149 925
1708 5569
346 2298
4063 4705
5966 2647
4475 1535
3892 3541
1672 1658
6063 5482
2126 18
5031 3204
338 5405
3088 2012
2694 6816
7217 1924
6975 5186
5120 2452
3829 110
1366 5439
4993 7981
3082 5578
25 5731
6357 1282
3891 5921
1130 5820
1568 5398
4066 2060
6386 2721
1233 247
2111 3870
6292 877
3206 5376
3545 6683
4930 460
6199 1082
814 7204
4595 5831
2465 6872
3213 7724
2808 5243
1620 3605
3504 5814
6268 6483
4792 5326
4086 4018
241 2126
5937 709
5737 2830
817 5
6449 731
4521 3448
6093 7913
5359 2070
6274 7181
6138 2544
959 441
6938 3726
1006 7768
2710 32
4205 121
3097 6791
3747 275
562 1422
2891 5375
6803 6296
6114 708
697 2419
1591 2535
860 2433
666 1396
2817 4681
7203 3744
870 3906
6719 5766
7306 1249
7002 5135
3606 655
7749 4645
6847 1945
2113 2094
1984 6647
71 4321
4890 6719
6356 6928
4966 7811
4337 7547
6106 3055
369 6074
3396 1268
289 2139
6972 4693
4243 6242
5982 2604
7872 5777
5403 7496
581 6691
7246 3604
7458 6151
4745 3024
5245 6967
1851 2724
7392 907
7683 2751
2901 3108
6543 3804
3992 4
3149 2425
3562 5515
4989 7231
1392 2428
4546 445
5394 3850
2339 7035
3019 2862
4071 1033
852 6818
3839 6023
4240 6173
6098 7813
4923 4810
844 3698
6380 3511
3746 3017
6369 5851
1420 973
960 3008
5639 6910
1165 5840
1629 3745
2706 4852
6690 6134
4128 5446
7438 6425
1368 4020
2783 4358
7469 2238
6033 5282
5340 3591
2846 5976
1434 6030
5337 7279
6373 788
1760 4086
4485 2051
1689 5148
1537 7816
4797 363
141 7264
2530 5219
2015 2861
5940 6156
7745 5567
6096 5296
5510 7868
2433 4376
240 6684
3371 6120
4863 4407
143 2499
1495 4710
1869 146
7165 7361
261 1123
3059 5870
7100 7234
5422 7300
807 809
5124 1150
7600 6125
1801 4849
6009 2089
6211 1684
3872 5491
3722 1780
7617 2594
5647 1716
7616 6342
7274 4888
3988 2104
7708 5106
7994 5281
3172 4483
1405 5782
593 6411
2196 3959
1203 690
365 2909
4568 7318
7526 7217
6912 126
4690 2653
3159 4561
1701 5713
4360 1801
6743 4993
7553 2172
2482 527
6950 6632
3234 3170
3980 7135
5404 3328
5919 5978
330 3089
5768 2505
3101 4530
7511 1731
5859 290
4640 2610
6825 4594
4509 5654
6200 6606
5406 7867
986 7744
6264 7363
5781 1216
7855 7222
4742 3148
4361 898
2873 260
1998 6725
3943 4720
3399 4566
2023 224
4137 3085
7086 2386
5188 3241
1582 22
4150 6712
4780 6553
4049 211
1175 730
5316 7814
5973 5664
5773 6677
1565 5535
7586 320
6802 5337
6693 4348
7287 1405
523 6535
5764 1135
7343 2203
884 2256
3169 948
3231 7308
7620 7925
1822 4903
370 3166
5765 5013
7298 938
490 7127
5441 5271
4577 1350
1509 5860
5840 7923
7026 2423
3771 3867
3669 2486
4624 6349
1081 5998
3025 338
7129 5268
4016 1566
3579 5779
5577 3869
77 5224
6443 3427
7890 94
4869 7637
2965 7087
4925 3529
204 359
4149 5357
5590 6604
3864 399
1014 7951
6469 940
3462 327
445 7420
2714 4413
999 739
4435 7091
7376 1533
6707 1420
6899 226
5447 1369
2569 3836
3064 452
4585 5396
4112 6721
5587 2109
2392 4205
6966 2416
5752 3512
4628 4152
3811 6475
102 7732
4910 1179
2346 817
4776 6495
4561 6858
5415 6447
2607 3082
90 5382
5687 1686
394 6638
7443 4193
4389 379
5426 7144
5070 610
1607 7943
3361 2307
4666 5253
2132 3785
799 2933
5748 5953
2488 7515
400 4813
1813 5345
4298 2788
7676 1312
6845 5577
3306 3581
2518 5040
3662 479
7828 4721
704 1650
6196 1036
7712 4229
7862 7055
1055 6450
3527 6843
625 4014
6378 4714
6603 149
7150 609
337 2027
4474 3248
820 1779
7349 786
389 1620
4285 4259
6817 6924
1351 5410
5215 6876
5439 3515
57 3950
2078 2536
4377 1467
7331 6602
465 493
1016 644
41 7601
3455 6046
221 485
2260 7267
5186 7821
3670 2905
7574 6820
4648 5043
414 5170
5417 923
2074 7526
5407 2886
5865 2578
3353 3025
4323 798
3142 2553
783 6557
7221 2618
1727 3776
5319 4191
6118 68
3543 5681
3958 5026
3972 4185
1273 4372
3176 2492
7874 6168
6729 5065
6775 7370
6084 5516
7631 2894
763 2867
3292 337
7533 3783
793 2682
2720 2187
5277 4951
1097 5001
5483 3311
4279 3467
94 5160
7015 6627
5725 2807
6070 4428
1614 5836
7597 3488
1234 2251
140 1031
4033 6894
4332 6692
906 820
7901 6155
4517 2370
4371 1641
2417 3353
7719 4513
7522 934
3483 2508
360 2184
4384 7095
899 5625
2926 4925
2312 160
6527 3376
903 2201
7087 7596
6634 218
789 5414
5325 5457
1445 2843
850 6679
5954 1563
998 3506
2373 7686
3241 1920
7797 6852
4754 2095
6128 3355
2583 5670
68 4699
3675 2015
6682 6763
668 7845
2487 4756
4351 7563
5774 3386
5968 761
4644 2509
2887 5611
979 4527
4543 510
7750 490
1389 760
5724 6751
2768 7111
182 7862
5754 3305
4233 4210
7176 3382
2146 6118
5358 528
2826 238
4167 5401
1158 2467
1054 7465
3678 6731
7046 203
4796 5054
6578 4110
7078 6938
4026 4862
1819 582
654 3764
2103 6416
2762 3934
5777 4033
718 6031
3879 1386
2994 2506
7313 887
5428 2785
4735 6486
7429 4261
355 6245
6866 7059
4443 1010
2562 2787
3774 670
2940 5612
4768 2638
1089 1518
3873 3841
592 555
2941 3094
1939 5554
4363 1264
1433 5306
2919 5504
984 7586
5653 7436
819 4148
5089 802
6089 3615
7454 6739
2936 5467
2836 4098
1159 2186
5648 323
5562 503
3413 6607
2642 5643
529 6480
6275 4777
7718 5425
4084 6635
3589 1199
7950 3263
4347 5228
1025 4171
2987 7293
3822 7741
497 1307
2205 1054
3519 5863
2835 159
510 4292
2584 7576
6496 6339
6836 5962
3777 7029
6978 4277
2003 4999
2387 1120
177 5812
4906 899
1223 7064
6636 2954
3205 3487
7028 2794
1696 1982
443 1993
7964 7385
7635 7125
658 5103
2900 675
6454 1720
2971 5059
5429 3036
2138 4179
2399 92
741 4332
3498 7727
1376 5449
6456 1667
1713 2517
3931 6459
4320 3866
4917 4682
1872 6114
4894 1646
7626 3710
6282 4979
7924 7189
1706 5463
5369 7461
3915 6693
6928 2097
565 1187
4235 7043
3544 3685
5301 2503
4257 3301
3268 4216
4294 3788
5613 7514
4374 2153
7882 2341
7121 2587
5961 1114
4370 6743
3267 3046
3908 402
4145 0
2419 2338
5733 1822
875 523
5294 5231
6772 4064
6189 2818
5690 696
314 1463
2600 5468
1172 1696
5683 5936
2989 4795
667 6673
1252 3303
1521 1666
3810 4586
6752 3226
6993 4218
3766 1090
7923 1721
7837 3995
4524 1155
2479 1194
4236 3102
2727 2301
6533 2730
842 6157
4682 6765
2408 3007
634 1208
6529 1343
3786 6308
1605 5837
7755 7651
1222 7861
7645 99
4496 6365
838 7426
7053 6377
3537 4089
6587 3359
2716 253
2916 95
4949 2776
519 1958
6162 1988
1000 1192
146 5316
3936 4620
4342 7418
651 3885
5145 7908
4943 4712
5750 5389
3215 5123
194 2797
3313 80
333 5107
5789 5049
4336 3558
4752 7256
4197 1012
7702 4823
927 6086
4627 1759
7513 6551
655 1458
3072 1520
7196 1004
6957 1829
1019 6671
566 5143
4855 1190
7470 3352
4725 6041
5538 35
128 5804
2054 386
173 1426
1586 5047
7402 6804
2922 4529
5392 4150
3853 4700
3228 7128
6659 380
557 477
6290 5367
7815 6212
1099 4196
6461 4265
5336 6279
6935 4546
3649 4535
4849 167
7638 7575
277 3038
1542 1803
5806 3546
4713 1005
4143 1336
4454 1062
1472 8
7420 6131
5526 1024
2852 356
3718 4987
2637 5983
6255 5915
2104 2179
4073 4543
3616 2190
5615 4551
1121 1452
2653 2695
7785 208
4006 3338
3541 602
6850 6356
2441 7136
1965 4687
6442 2848
2588 1532
3581 6748
7696 5478
2438 2316
663 7294
3621 5813
3044 4809
47 6081
6873 5741
2484 7987
1359 2294
974 3976
7391 5238
1493 1385
2151 186
310 2077
495 6937
5203 1918
2581 6702
787 444
617 6927
4 7424
7204 1379
7847 6233
1063 1623
4807 3464
217 6853
176 1848
5545 1202
5018 5566
3240 5352
4295 4350
6491 1358
603 6701
578 5712
7209 4915
5201 2946
1831 3039
7567 5941
3283 5494
123 5242
1947 3579
2828 6058
2742 1998
4307 7473
3814 4214
7527 5199
4153 7170
4489 5889
6400 2775
2703 2329
7841 2885
4555 5273
6756 596
6269 4432
2275 4496
5446 7484
1906 1850
5741 7999
6177 6331
3460 4939
1030 2834
7145 7010
6112 5202
933 2939
299 4578
7813 3532
7071 3859
7669 3326
2332 4909
7507 3674
1300 422
7102 4538
6348 1786
7061 7803
7132 7327
7117 6742
3573 5634
4597 5573
6011 1665
1011 6391
6130 1153
1275 3871
3939 5980
1506 1417
6184 6939
5224 6263
7427 7661
6036 1560
894 7726
6397 7534
2781 718
7985 5461
3436 1581
7962 7887
6115 5584
6738 1316
1394 7855
2147 2734
6455 5589
877 3446
1114 6710
5706 204
5212 4399
7971 3372
2253 438
2175 1627
2594 1229
5123 7838
7143 1271
7480 6192
2662 365
6837 5852
4427 372
4407 7812
673 7180
5888 5673
7554 4462
6156 2762
1889 4643
6683 7936
4907 6541
6980 2735
1276 5264
5037 3033
6521 4775
5475 2019
575 590
2702 5698
6172 3239
3 4163
4432 1325
6364 240
3012 6990
6798 4522
4839 6854
3580 6556
2580 6198
629 1110
4293 4768
538 791
5011 4030
7780 964
4683 6126
7809 2722
4447 4759
5953 1073
1280 7475
6462 6492
3531 101
1567 2053
6183 3274
405 7026
6058 3719
7796 4139
2780 3482
4686 116
362 3288
1409 3670
2878 4429
5252 516
7045 6254
2389 747
753 3696
3237 7611
4862 7634
6778 7642
2047 1025
2095 6811
1669 7508
7651 39
5984 5169
7731 7899
3849 7145
1127 2269
7467 4219
4412 6161
7769 517
5964 150
7660 1295
3094 1132
2658 4166
1324 5586
5571 935
2063 5605
1775 492
7689 1125
7614 5834
3073 4275
4870 6491
1388 7266
4179 2323
4513 4797
4030 7940
1045 7386
381 5770
2347 7675
5411 6532
833 4085
5109 3434
1209 883
2786 2059
3338 990
7497 2208
6969 7934
760 4272
3625 3414
2929 3638
7740 2445
6655 4021
3941 6589
2573 6497
541 4169
7636 6143
2298 3171
2018 5218
2592 3134
5460 6463
3329 4588
5461 3901
6594 5894
4239 6503
4104 3557
5554 4799
6671 3977
2899 1844
4111 767
4847 3337
878 3844
6048 7774
2927 5795
2493 2375
4510 4054
7425 568
2757 3269
399 4611
3285 2569
1417 3521
7284 1960
3885 2908
7996 2412
7000 4388
6650 3500
178 4181
615 1281
4858 2555
5373 4260
5739 4189
2061 6777
5691 5519
4258 6867
7706 6728
1878 946
583 3547
1678 6623
7977 6179
4221 606
3161 5848
4079 5736
3085 205
7812 1691
858 6789
5546 4380
1773 2854
5983 5952
6646 1860
1408 1823
5778 3154
3930 249
7282 2896
2410 3198
2639 545
3513 1444
912 6167
5910 4404
6170 5737
4528 1226
3104 2084
5667 1500
767 3822
6574 4075
2297 7225
3429 4943
3257 4290
6705 3063
4811 7703
5993 7604
3322 6729
7107 3179
7578 2368
6861 5835
7825 257
5356 1356
7415 3208
6930 2591
2996 1234
4551 7639
7283 2534
6580 5487
922 5327
4828 5293
3619 5182
2726 5153
7479 6521
6365 5201
1308 3290
3236 7778
5384 2278
1768 1916
7910 4592
7650 5070
4654 4286
7272 6133
7587 3939
5698 1483
1657 2901
4386 5637
2825 345
3479 5025
1204 6590
5306 2377
3701 4204
3956 3228
4791 5930
6759 2440
6203 259
4375 463
4996 3205
1481 7354
4081 1046
5227 6109
214 2429
2764 1016
6164 3969
4632 1071
269 4058
7657 6042
5816 4914
1378 4599
1371 5137
252 5298
622 4918
109 5502
7816 6740
6016 963
2159 1028
7126 7739
6704 4684
3645 5328
4707 309
5851 3159
5408 4745
7252 3461
7232 1882
3890 3462
7170 4685
6169 5251
215 5158
3620 4319
7304 5269
5595 5501
1782 1378
3524 728
6335 5261
3660 7952
6341 7657
2431 305
3195 6862
451 2906
572 6170
5979 5319
7536 3432
3821 384
4116 316
4655 2199
6065 3751
7416 6861
4271 5190
5265 2805
1879 357
3548 7904
5276 4349
4784 7122
6010 7236
2458 859
3238 246
2334 1058
7256 2372
588 7810
7674 3650
4449 4683
423 2223
66 50
3623 4817
7082 5159
826 7142
5914 1092
1915 7588
614 2390
7137 983
3916 3144
4614 202
5551 1719
5419 6782
5299 3989
2226 4746
6483 6664
3760 1787
5622 1915
6034 6213
1948 3092
3381 5206
6174 6651
2812 1859
851 1213
1059 4738
4978 3740
6302 1521
4757 7607
1780 1743
1254 6169
4758 6493
2157 6285
2731 906
7448 5235
913 261
712 5946
5166 3135
7993 4958
7681 7175
6278 7973
4354 800
7013 7184
6887 1089
7858 4136
1345 220
936 3578
6457 3320
5829 2845
5938 6107
7177 5489
1814 698
1824 3050
4310 1939
2246 3428
5509 3672
4300 6060
5040 3294
1009 3304
6265 6221
2064 5572
5389 6433
6304 549
5387 4220
72 3483
5334 1127
6351 5922
5001 5901
6240 4201
5121 280
6153 2929
1767 7832
6237 5619
2565 1176
6518 4850
3919 1113
6113 2043
3239 2348
7945 6676
37 4119
6055 7254
4162 2373
1861 7070
3857 5234
1555 5808
5079 1512
3950 5616
2197 2639
992 4706
4214 371
7656 180
3226 1888
5444 5334
5876 7311
6541 7335
7116 1733
6233 4123
4260 306
742 3601
259 7451
4144 2884
180 3497
7024 6842
1083 7991
6639 870
1638 6368
7008 5815
1140 3403
2570 1381
2228 3556
5179 6256
3468 6787
4711 565
2886 5094
6663 440
6178 772
5176 4375
3973 181
5636 908
1671 7458
4753 2786
4963 4333
4609 1253
4965 7435
7159 6457
7148 6437
6960 6231
6880 5104
3372 4104
1955 1174
4656 5846
1095 651
1398 2683
3556 5758
4650 7789
3503 3879
3742 5678
483 1546
524 2174
4935 688
6977 1021
1377 7992
1938 6752
4171 69
1174 6711
1418 1614
3416 5562
1499 6001
5550 1133
5153 6675
5039 3327
5583 1464
4390 3420
4223 3779
5293 5000
7852 2219
3327 4200
1989 1175
2862 2687
2743 7109
6248 4060
7960 191
7430 4400
780 4991
3473 6476
1437 6624
5090 1831
6132 4443
5903 6326
6201 4168
5900 5680
7975 4863
987 1863
5835 5641
5286 1081
6167 3860
1680 6127
7722 7896
492 6869
6849 942
3493 1395
4396 2672
4403 850
1441 7316
3505 6548
1522 4657
138 2838
336 2121
4830 2346
4800 4307
2272 3840
7016 6723
2558 3831
3836 2475
1049 2810
3001 4247
358 3629
7909 3721
6741 283
5899 3566
7990 5761
3360 2560
964 7755
3523 2422
4922 4224
4341 5131
1387 4648
7907 6753
2982 199
1098 6325
4346 6372
2745 5788
4387 4833
4283 6738
2324 3040
7030 3270
3032 28
5822 4188
6472 6227
2649 6010
5274 7501
4881 3807
7461 5942
2541 3595
3476 5958
1178 3618
7822 3316
7610 4040
5214 6460
7779 830
708 4278
7629 2948
1759 4081
3006 4638
5185 7609
7694 3310
7673 3113
2409 7129
4431 7864
2426 6225
3903 4454
7103 5885
2223 5095
3676 2052
2918 3765
6008 1230
3014 7040
2670 4294
957 1833
595 1332
7322 1136
4152 4167
6263 2342
1848 7490
904 7901
3909 5162
6771 4088
3050 5011
1791 7019
3419 4540
3155 2415
2327 3258
2091 1628
5716 2477
3452 5751
4395 587
6680 3681
4671 2011
2313 657
2483 7998
2589 7302
3749 2182
7253 1065
766 5212
2290 3760
5718 6053
6075 1883
3342 4415
6045 4124
678 2962
5163 2665
900 789
5564 5624
2442 3377
926 7791
4504 1585
6053 5682
2667 2413
7267 955
7254 7380
1278 4370
2736 5294
3590 5344
6107 315
2381 1544
3100 4151
6934 6549
3867 7712
4472 1207
5170 7459
4011 7397
1281 6434
4553 4778
448 2164
2603 7315
2709 6119
6681 1804
7832 3843
1673 1656
3053 2831
4693 5672
200 1555
4769 2692
7804 4047
4210 2654
3216 1103
1603 4924
7162 6722
3067 4257
3770 4688
6742 7462
491 1477
907 1241
5970 5108
7628 5528
1214 1610
5819 7722
3406 4111
7334 351
1108 1145
3737 7521
3244 471
705 3815
1453 1411
4939 2241
2827 5132
2774 3297
6110 3191
5513 6177
2170 4057
7659 2036
1466 1158
3481 4246
1993 4533
206 3873
2192 822
2997 1310
19 1664
1010 7158
3048 6595
5602 4986
4969 7338
7175 5957
4241 4668
6193 3551
5331 4858
7180 1445
7050 807
2715 4425
1592 4953
7243 4840
2546 2800
0 2420
7066 7123
478 3571
646 6914
4636 3242
1152 5715
5360 6907
7316 3920
5493 2942
6808 468
711 6021
3828 957
7341 6674
3024 1685
5981 1015
2514 5360
5955 4976
2952 4347
5278 4029
4537 6800
5295 5147
2849 2068
3922 5244
2375 2777
3023 5845
2871 3116
6709 423
1802 7350
5222 4655
192 1255
5912 5087
415 4933
5434 3168
6004 3189
132 4956
7413 7438
4056 5993
1302 6216
6605 5622
6624 2249
4459 6153
5717 6302
2369 189
2968 1261
6523 966
418 6659
3099 5370
6208 5149
6713 6998
5795 5112
6859 4649
6992 1559
3196 360
1435 4414
6640 2136
3719 7849
2154 3381
695 5426
1110 6321
3671 2245
5219 4893
3748 2904
1274 7071
3644 2381
545 307
6653 2347
1803 7704
3628 2401
970 4430
1781 3011
3217 416
1482 4106
5345 1526
1084 6236
1426 7068
1171 681
455 5492
3069 7468
6568 7920
6060 7106
6419 1825
1164 4977
1632 7219
6535 5259
1839 4881
2124 4550
18 4886
5024 6573
6879 4623
638 5929
4166 7541
6617 2116
5442 2529
3514 1864
2401 7870
3349 853
640 5237
7099 7399
1510 3999
7538 2008
5048 7986
4470 6575
2690 7837
706 5902
2383 4579
6754 2260
5637 3121
500 6487
4222 7439
7711 4187
4596 1457
5950 144
7823 3492
3808 2608
197 7481
6792 5530
4308 6931
7288 665
421 7382
1465 7051
2203 581
1289 3837
781 3565
3391 1954
161 2160
7690 1995
6165 2516
855 3501
55 2538
2725 488
229 5377
5586 1846
2599 3022
82 2305
2110 4616
1871 1374
1646 1034
385 6328
3487 3077
1570 7002
4158 2649
357 1177
3630 7497
4851 5120
1505 11
6149 1592
3681 844
4405 2826
4414 539
1181 7886
4619 4670
825 5908
4584 1363
5642 1633
6495 7027
6402 4448
2983 5460
6297 848
2673 3952
7383 1041
7691 7337
6109 5792
2057 131
1718 3231
7707 7108
6796 7555
3248 4346
3156 2400
5339 1548
499 1872
5561 3747
5598 1008
5596 7941
577 4556
6258 7506
6926 7662
5397 1184
3062 447
1065 1636
5726 744
6425 7088
4564 2574
4824 6799
5747 7809
1057 2080
4651 2527
6360 3206
1527 4781
4096 7097
3820 1368
437 6982
5314 5317
2308 66
3143 4308
7492 1351
5908 2490
5976 929
2059 7015
3275 2609
1501 988
2385 6136
2772 4892
3614 5165
7399 3408
2208 405
4349 2964
7325 6375
5579 2038
5057 2146
4268 6984
3264 896
2087 4983
3446 949
226 5019
1361 7433
6949 4771
3796 5042
4883 6537
4850 3498
4141 4853
4046 5691
1040 3736
5663 486
6628 5044
5939 1168
6675 7706
2872 7523
7269 1782
3139 2088
628 6439
6367 901
5110 2393
3130 5118
3739 974
5268 7396
4103 4570
1220 7860
6463 550
6607 2359
5802 400
1421 6705
6221 4526
990 3847
35 382
2 2067
4246 289
4218 4534
2604 764
1157 4128
6487 7216
5506 1112
1188 5881
3758 7682
2954 1591
3192 6762
5727 2659
3733 1979
3193 1539
4994 7850
5206 597
7877 6370
6983 5145
3299 6836
954 7006
7590 4326
1608 631
6974 1551
7989 3032
1442 5987
1413 3931
7006 915
3823 5221
915 2557
6024 7655
1562 6817
6405 7199
6555 2747
4253 5129
2237 4117
137 6292
2120 5109
249 6615
6035 4606
5992 6716
2299 3052
6500 1277
1291 3358
4009 4422
2304 1764
1971 7023
4027 3974
2364 2156
3173 5973
7365 4357
4873 1550
3959 4310
5960 4118
1004 3299
5734 1682
6299 7054
6313 3128
7789 4452
5818 5350
571 7716
2895 1639
5755 5839
4945 2584
6020 6066
6069 271
511 2312
7713 473
6684 6989
4408 4557
6080 3962
3293 710
334 3190
1860 867
6753 4927
7873 6690
5985 7078
4142 1186
5009 2539
3686 7756
420 1052
7059 6428
3144 6619
1908 5990
4126 1605
3546 847
6329 6016
3392 1917
7948 3563
6553 2259
6431 7593
2701 6148
3432 1840
3233 6056
5140 5111
4755 904
6197 5832
4488 4093
2823 1727
4685 6347
7323 518
1815 4921
3570 3802
7686 2880
699 3350
5455 7200
3087 4870
6844 7561
1379 1598
5139 7432
6019 1392
3071 3893
5814 7305
5213 1824
3837 1834
4378 7238
6387 2295
3627 1640
7475 5657
3075 2451
3489 4829
1285 4523
395 7422
6043 6075
1550 7155
1519 6950
2166 1118
4618 6205
4107 7942
1658 1222
1766 6803
6876 6761
5045 2767
3433 2736
623 3861
6548 3888
2089 4411
7743 6511
905 7708
522 7550
168 3442
6013 6906
980 5697
1260 4504
7289 5744
1756 7971
3469 6700
534 3991
5780 4607
4350 1522
1698 971
3889 825
7843 3947
5098 86
4023 4120
5302 2577
6924 1861
4068 5069
5520 6662
3971 5437
1788 4515
6948 5308
3401 3106
3253 5756
6097 2879
2522 3361
5456 7427
1668 3117
253 6400
4119 4935
3757 1712
6600 7258
7293 3012
3472 920
7942 1554
4610 3469
7077 1469
475 7387
4060 49
6280 2912
2734 1828
1572 3401
278 5415
2285 5871
3430 5833
298 1704
7001 2048
5723 1228
5414 2719
10 3667
6601 151
4986 3387
1299 6915
3411 1053
1334 4856
893 4468
6758 1537
6630 6568
6984 418
6907 5523
2601 692
1836 6193
3428 6795
3175 5479
1739 5595
4426 6111
738 1671
4444 6077
4587 541
493 2073
4942 7119
7840 3895
3881 4580
796 7288
7216 4062
6505 7765
7393 1189
1942 5292
1017 4314
4661 7049
5570 1975
809 1468
5320 6689
2928 7470
6244 840
6815 7376
6441 6397
7810 6381
243 7569
2411 4702
7781 443
837 3766
7720 6696
7280 5838
7627 4899
7357 6108
3515 7278
5381 7174
3880 4889
4428 880
4172 3335
4803 3473
216 7039
2911 1896
7329 6117
6599 5041
3713 834
7451 5592
6215 5524
6484 7283
383 7359
5832 5136
2469 5669
2980 466
5788 5982
5035 3668
6090 4950
122 3059
1556 4930
6886 7020
6788 768
656 2314
4335 1880
5609 194
2674 7927
2323 6926
6488 6616
5377 2086
2909 1297
2490 3671
3141 3457
2821 6112
5930 7891
4092 85
6941 2657
1870 3900
3209 7848
4380 5340
3170 5418
352 2876
3604 1380
3375 197
50 2945
4991 795
5125 3107
1575 6363
521 1160
7784 1943
1959 6727
2730 676
5202 2173
5978 6484
3826 515
3265 108
4215 2758
5999 689
6210 6885
4541 4324
6829 5421
6445 621
5421 5531
2809 5208
4478 1360
1503 7619
4234 6061
446 4268
4819 7289
4545 2979
4533 411
2870 5735
935 6093
713 7187
2969 5570
5192 456
503 5960
6677 4558
7752 2154
5462 4891
6504 1247
3382 2708
2014 3814
6062 1448
1626 985
5347 1999
3996 3458
1360 2952
1834 7554
6595 2489
4022 6808
5291 1978
1647 4226
967 7511
439 909
4834 6091
3255 1372
6459 1172
7692 4011
7505 5700
7723 41
3848 6585
1587 6467
1196 2531
4876 7195
6904 4743
300 7369
7853 4860
1670 3221
7409 5018
2587 3552
3180 5559
792 5773
1833 2062
85 7235
7501 5688
4018 1869
3397 2726
4642 4409
1315 7752
7128 6351
3788 571
3844 3761
444 3084
723 3086
4732 2545
3933 835
5275 6334
4684 5185
2545 5420
836 5830
5096 2943
7305 4547
5664 3792
4467 1529
4689 7787
1213 3987
6858 7016
2842 2580
4730 3375
7005 3907
7969 3421
5514 3763
5560 5355
6953 5568
5779 5456
5660 6214
6807 720
6223 1946
2049 4500
6187 7917
7067 5947
218 5943
6945 6580
671 3167
5290 6576
7265 3585
5052 4381
1855 2603
4446 4228
4120 4288
4498 5225
973 1778
4946 3979
4703 1576
4522 7134
6554 6388
7097 3621
7665 6986
650 2246
3084 3711
1901 3930
5931 26
505 6309
7921 2273
7181 4174
6567 3122
4604 5827
3201 3460
4515 3158
7153 4184
321 624
3595 3105
207 3577
2135 2770
1610 863
5481 5798
5142 4300
5073 531
7541 5260
1475 3666
7179 2750
5382 5532
155 1283
4289 7513
5731 174
3056 2017
3665 1744
7494 5743
2178 1985
76 6176
3591 7831
7705 3706
7947 5977
6116 2864
4848 1970
5344 2636
6649 2562
6656 5780
2150 1741
6959 3392
2499 4027
4247 6744
1092 5336
7190 3583
6852 2098
3680 3240
5006 1390
1899 1066
6919 6528
5553 5651
3612 7268
3247 7104
4608 5724
5232 5239
1283 2166
4487 1797
2627 5826
7138 2624
3942 6993
3863 734
1306 7919
5116 3646
5019 3314
6485 4663
2986 24
6385 3394
7912 6472
2524 2446
3532 514
3632 1662
5503 5305
5557 7487
3802 2005
806 5348
924 7691
3259 6793
2071 3609
5679 3096
5445 221
2681 1757
3403 2177
2268 5289
1139 2626
4012 6821
7327 1074
4974 4549
3271 6449
6026 1593
7040 2310
4176 4178
4629 2170
6933 775
288 3080
5178 6750
740 7559
4926 2778
6242 3029
4920 3542
1962 1756
2288 5903
2244 7303
1015 6512
735 1011
432 1398
1517 2065
6831 3289
2718 2585
5658 242
6562 7771
424 5864
1907 4812
6072 3773
4017 3778
1068 7645
6474 4804
7913 4403
4168 1536
31 3608
5528 1565
2072 7909
3989 7590
901 5717
5625 1941
1580 3324
5578 5163
3655 6536
3055 2355
1229 2236
7648 1382
6309 2839
6012 4841
350 2367
6676 7851
6473 7114
4580 7028
7468 4597
3070 1938
2724 522
3977 3755
6424 620
3471 2376
6990 1638
6318 5428
3558 939
5867 155
5757 1472
4189 776
5498 6648
5080 875
4491 7910
6944 7594
7979 1330
3696 2351
6375 7313
7326 5607
2006 5331
2068 661
184 7897
4954 3648
7807 152
1301 3478
7520 3634
4483 4024
3991 1304
3934 1937
5324 1449
2158 1211
6839 1876
144 7667
1486 2936
223 2050
5599 4652
211 771
7842 4240
722 5077
7471 1885
3947 7344
4245 4055
605 140
4637 931
6835 6217
7863 2296
2791 6661
27 2
2613 5769
7599 5725
283 7388
7440 4665
97 4354
7387 4368
4960 4109
5440 2271
2448 1763
3335 7208
7388 928
4611 1574
7835 2466
1134 5236
6343 1785
5026 1558
167 4203
4868 628
2948 7892
2551 4859
91 7560
5022 1826
1046 1209
3387 385
5878 1007
846 3225
4806 7336
1666 2660
2444 3331
1036 4416
233 2363
3998 6706
3928 4869
64 7740
3887 3572
7735 6649
981 5075
5017 2919
2554 7995
2959 6360
1080 3911
5730 3227
2769 6746
4701 7633
4122 1758
6353 6646
5131 4396
163 6565
1176 5628
4836 5768
4261 6139
1104 797
4177 1957
3134 7948
7285 7842
6276 6652
1382 5526
5225 248
1845 119
4194 4800
3191 106
5809 3980
4826 6359
2641 7319
3015 4362
2326 618
3368 6887
6694 75
2041 3538
1891 237
2693 897
2567 111
4207 215
810 1868
7959 6958
4423 7785
512 4063
4102 4410
6733 6526
1884 5828
7864 7292
5484 1206
1995 1193
3286 5710
5375 1531
4058 4569
7133 6655
2915 3874
65 3125
6660 6322
6285 3194
4468 5258
4251 55
6979 7804
1350 7773
2088 2819
205 231
5367 5392
2713 865
3664 3163
698 5063
6141 244
1574 5081
4173 461
5540 5016
351 4828
1561 2651
2692 1423
2394 6218
751 892
4082 5635
591 17
5917 5373
1753 6527
2924 3067
4439 3632
83 4330
4899 7284
6536 4581
4131 70
4795 4302
5235 2031
2099 3109
5341 5010
3121 5858
3824 494
4688 856
3734 1884
4394 6054
2258 7522
5173 2220
2370 2934
1911 2302
489 1032
4032 769
2421 3963
3940 712
7647 2212
3955 1147
1996 3021
4801 340
6905 5790
3926 3486
2172 6708
4364 4073
6552 4815
5897 6698
7861 4824
1966 5760
3345 2496
3501 5093
5813 4660
2497 1813
802 5278
3870 5284
4005 2431
158 163
4673 274
7380 4868
6492 2130
3522 6838
464 5061
4901 4306
6531 3838
513 4423
5838 5906
4183 1020
6284 1635
4284 1870
4078 48
6952 2345
1062 5411
2858 5310
2508 258
5611 7836
1243 5967
7788 7282
576 3066
6785 4159
2096 30
956 7486
198 2573
7328 7332
782 7417
4077 349
4174 1327
3538 7190
928 2774
5480 7416
3230 960
776 7954
5831 2992
3642 3087
125 7540
1943 6877
823 7631
2699 7334
611 5974
5567 5909
4178 4474
4572 5602
7983 4079
2656 3520
7966 1479
7472 4520
384 5719
398 3265
1416 6184
4617 7518
1073 3686
3326 145
3883 5395
6086 1493
