8000 8500
3663 6462
7744 6579
541 4526
6028 776
5605 4653
6259 1323
3223 1501
6592 4686
7026 6829
2599 6658
1109 5353
267 3265
5643 5708
5216 5371
6810 4920
1298 4279
1312 5108
7685 7078
7849 7395
4764 6652
3877 7802
7606 3702
1025 4660
431 2329
7036 4027
7627 4015
7743 631
1956 4827
633 1599
3581 3573
2663 475
174 1423
2630 3531
5452 7976
6807 5313
6545 7626
5581 5402
2066 6813
6980 4533
4429 3276
3246 5076
6593 5157
7395 5613
7402 7920
6527 6190
2309 7171
333 5226
1078 4050
2526 3654
7423 856
1588 1878
3097 132
2696 6932
3520 5343
3296 2087
6056 4063
2744 5348
1786 4535
2543 2177
5241 4738
168 438
1718 2823
2138 1602
3280 6349
4034 4619
2263 1972
7081 3499
4666 6456
923 4376
6688 6498
3876 4868
652 4196
6391 3731
2558 4142
1417 2791
5135 2195
5279 1813
3036 1448
3998 3501
6258 4485
61 314
7510 4490
2205 1821
6611 4318
1250 5744
6463 1216
4278 446
2420 7398
2618 2598
1447 329
1820 4810
653 4838
926 6227
5696 7212
1421 1751
5037 1052
5519 6600
1308 4886
2402 1207
3303 4853
1868 3443
5152 1428
4420 6810
6018 7661
2170 5881
5403 7397
5781 2337
1563 7519
3165 5749
6632 2852
1327 1026
7456 7431
2442 1592
2977 474
2320 52
5565 4890
993 1298
6395 6105
3163 4909
3893 5958
1246 7235
4416 6001
6558 4182
3776 7426
6434 6148
2656 2435
1342 1559
6788 614
7433 3399
4060 4665
132 6688
3738 1357
6442 7390
3345 4806
6809 2922
5048 7636
2167 4072
7229 3865
1721 4148
4884 7334
5622 7315
4297 47
1138 4798
2619 1185
3655 4443
163 3479
3686 7267
3760 4419
2475 387
7134 627
130 4276
6445 3377
5878 3282
3599 20
227 5635
5982 3966
7728 4273
5572 5872
572 5651
5419 7363
2771 7428
6048 130
4755 7082
2513 6171
792 6472
3120 5657
5932 5962
1532 4936
6995 1097
3104 6566
2702 6771
3333 2505
5273 5326
5612 757
1688 154
441 3063
3513 6908
3791 297
80 2792
5361 3170
3492 835
4798 772
2686 1992
7399 5849
2070 6173
5473 3777
6547 3156
7959 199
1371 2836
7970 2431
4657 3444
4124 1434
1332 6299
1335 3581
2478 2780
1054 5743
332 893
1648 1607
5027 2943
2811 6315
6838 3236
7749 1827
7494 6568
6759 6129
1735 5498
589 4446
1059 4183
3847 401
117 7990
4464 7701
7619 2966
5258 503
60 2439
5854 3780
2953 6027
6085 4472
6246 4068
1632 4492
7525 6203
4431 7099
7683 950
7396 6611
6306 5544
5524 6946
7009 3121
2010 2990
2805 4950
7669 6225
2156 7951
776 5067
6492 6700
3722 3336
1807 3754
2644 1186
5415 1598
7072 4594
1022 6592
3297 92
2951 2194
4537 5908
381 7876
4204 7889
3723 4239
2669 3401
3124 2607
7118 7386
6009 4645
4566 1566
7660 1330
657 160
5672 1550
4683 3763
3372 3302
1440 6453
5377 990
5766 7751
4131 5107
328 6068
688 5821
5338 692
942 2545
1353 3384
7664 3786
195 1719
443 4842
7708 7675
1399 1670
3412 7825
5222 7968
1654 3219
7332 5138
1544 2870
7101 3925
1693 3119
540 1168
3291 7979
743 7784
1027 2585
2571 3514
6896 4761
6588 1979
3137 6035
4981 1748
5836 5807
6950 3152
3508 3794
6748 5156
1306 2323
4656 7376
6766 1991
5347 2250
1484 3558
6535 5012
320 3530
4553 1401
1926 4699
5018 3742
2426 158
1105 1963
4679 5882
3805 7547
6427 454
1883 2844
517 5356
6222 2211
3370 931
1408 3256
2422 4990
6894 3926
2083 7915
3729 3567
6981 6732
3628 2387
3222 4229
6003 6926
3627 3795
4936 2881
1412 1163
2482 4245
816 4671
2261 5311
5411 6294
3475 1322
3661 2753
5343 3923
1605 5181
63 1475
1711 2590
6046 3241
2592 4517
2645 2917
7989 7087
7008 3559
6560 2673
3406 933
4586 7444
7 7912
2213 1155
2710 4752
5583 4215
6750 7346
7283 895
2646 3915
7489 7941
5655 929
5825 3768
2044 2394
7885 5554
7772 6501
5156 2802
6119 6701
4876 5735
2290 3583
1233 4466
1060 4922
751 4030
3888 3815
4579 3140
7220 7095
2960 5301
7334 6062
6606 1984
501 669
1324 4965
6582 1239
6299 2380
4809 1640
4227 6438
7857 3985
1149 6205
1873 2081
1244 1577
1290 2765
7198 5653
2998 6333
6239 7437
4941 167
6404 7085
459 2115
4299 4051
2392 7189
3983 2652
6730 1651
2919 1005
5800 2285
1576 1125
7613 7355
2043 1454
1852 2404
7143 2801
100 5592
543 7455
4075 5913
5285 7420
7237 5754
3719 7295
978 4878
3496 6123
7459 3334
6827 1032
2210 1879
6276 7496
2251 1227
3685 5763
6417 3970
4598 3167
4995 7986
5394 5746
5541 6008
742 1474
7567 4151
2907 6435
844 6392
649 7904
3106 982
7263 5457
5346 6139
481 2245
7373 7660
4648 4088
4293 4664
70 1949
5203 5174
2101 2674
7924 3365
520 1326
503 4765
1190 2634
3887 7657
6870 1025
1439 1543
2177 2142
4068 194
6245 7923
1796 277
5081 7563
5631 2229
4750 5706
904 854
7732 1547
571 1004
3437 5742
3147 4107
3337 1747
3003 6875
825 7744
5941 1898
1291 103
4543 6988
3864 6040
3215 523
5975 1546
6643 1665
2857 6945
2238 4846
578 1650
1463 713
1839 7893
3895 1157
4843 5816
2628 1927
7533 2912
3044 1258
7655 1380
483 7016
5438 4337
5303 3512
7065 808
2139 7514
2100 1489
7157 1555
5089 6118
1503 6476
6831 2322
4677 196
5104 2056
4647 7412
7419 6711
7179 298
3011 2580
3423 7136
7564 6314
5740 6523
6700 7567
5020 3429
440 6149
3820 5325
5327 2683
1418 789
3355 2934
7595 1697
5339 1041
6083 2189
4776 5131
2253 4530
7991 953
2163 5590
6121 768
5580 3497
6554 3049
5670 5721
1091 2615
256 6102
2945 3386
1170 6607
1514 3161
437 7953
7987 7127
4180 3991
731 578
3527 2660
4716 2478
4529 5841
2005 2534
2415 1978
7643 4564
6967 4247
3588 5912
82 2509
3697 4970
4279 907
3340 5897
6231 5582
4894 2569
4372 832
969 2359
7710 825
4486 305
4658 6974
4953 853
5197 6194
6052 3312
781 7084
319 6094
3889 1782
6573 7502
3746 4721
6637 4685
4380 1956
4335 4930
6665 2867
1052 197
2938 3822
1461 7070
3981 4346
6411 4803
4475 7370
7890 6686
5831 2875
5196 7623
7171 6061
6152 307
3156 4658
5794 5328
5239 4702
1316 1763
3941 741
1508 6142
6232 6565
2813 1362
5602 3639
1164 5741
924 1285
5009 2174
3786 1241
2820 4480
4802 137
4266 1329
7019 5794
5927 939
6170 2734
6168 310
1181 4379
7976 1299
3617 3741
7209 3100
3611 5973
4357 7491
6030 5410
954 6854
5336 906
5093 5395
6765 3746
3596 5514
2750 4158
7268 3286
772 2051
2049 7597
2330 3855
3870 3445
7768 5300
2110 2762
2976 4601
1657 7799
2803 1854
6176 3734
4277 4350
3620 7361
6050 5768
7719 3648
4966 6015
5400 958
1487 3476
6505 1287
1885 5386
2715 2771
5501 1459
824 2796
6519 3793
206 1238
5432 2827
7092 5483
2557 450
1234 2203
4336 3979
7748 1551
7693 5109
7159 6128
5092 4161
4110 2345
3921 6660
7216 1466
2825 2962
6487 4879
4432 6446
2424 1732
2908 2396
2003 7233
4495 1251
1249 5679
6953 633
7925 7269
2382 4605
2075 2568
2172 660
7630 2535
5735 6079
144 6891
6814 5257
1645 3494
213 4190
5482 3529
5353 2032
5490 16
832 2163
4381 765
4730 7501
3135 3885
6832 4058
2481 303
1089 955
5202 4301
1472 4590
4482 5015
3610 7836
7974 7858
2254 837
2434 1215
1479 4608
716 5724
3207 5357
2997 251
350 4411
6924 5566
3329 6218
5600 6389
2425 6126
1612 509
2421 1317
3679 3539
6130 5285
577 6371
1974 393
113 2199
1485 704
7717 4100
881 2609
2505 549
6110 308
3054 6833
4421 2235
7363 5953
2185 7156
10 3776
5312 4997
3728 4988
4478 7803
7138 287
2615 7566
1749 7214
6310 2291
6180 5639
4352 1058
3319 7341
669 2740
6430 2789
4283 3221
6292 2786
171 3542
5850 5861
6906 6798
482 1161
7097 7874
406 7570
915 7517
4526 4840
6736 5601
6359 5255
1350 5069
2905 7075
5227 3873
4576 992
599 7718
6935 1833
2374 3656
4221 4680
2136 2696
736 670
5958 7299
6843 5594
3085 3196
1315 1849
7930 6233
7904 3548
3716 4777
6342 3141
7001 5459
1225 1457
566 6849
746 3602
4354 1960
6984 1786
2150 7792
4455 2833
1805 5020
901 2885
1851 1774
2785 1507
1737 2959
337 7998
1391 4164
1774 7770
7863 2254
7094 5042
592 967
4938 4811
6737 5978
4183 5753
1366 2795
5608 7094
155 2518
3197 7425
1579 5010
7769 1693
1127 6484
2890 2782
339 2856
867 4338
5456 4073
6826 233
6586 1482
4840 2925
3243 7787
1781 2523
1010 28
5758 6350
6937 4498
6431 5575
4109 5632
6958 1604
671 7970
3967 7052
2228 1724
857 5925
4563 4681
3289 1451
1750 7305
7897 7141
3168 5147
4343 2284
767 1017
7884 262
5759 2784
5615 4929
950 5026
4712 623
4151 7015
5491 7773
916 1274
7108 798
7688 505
7040 1689
5948 2097
1835 3637
2036 236
4888 4730
4642 5584
4125 5208
3442 467
3747 5983
2816 5354
4300 1742
710 3876
1832 903
7164 4080
4979 7973
6817 176
452 4745
4617 2815
7162 172
4270 2581
6895 3174
4731 3202
921 6085
1278 7242
3835 6665
4539 1130
2929 2749
793 3875
3275 7345
4307 6899
4040 775
5043 2106
1307 6610
1000 2798
4973 93
3890 4620
967 5755
2130 4731
5943 1291
3622 4724
4519 4442
3666 547
1287 4461
233 2180
681 5716
3473 1411
6649 6712
3472 2388
5049 4982
5616 1312
3739 3528
7621 7875
807 1707
5921 735
2878 7995
6836 6884
4347 4592
4351 2104
7129 1036
6982 2129
1492 6985
4449 201
4619 4763
1280 1525
4322 31
7661 673
7083 7324
650 2267
20 6828
7270 1450
6027 2736
5090 4354
4578 1387
2863 2760
477 6989
2183 2434
5260 2654
5008 3269
5957 7245
6023 2826
4604 5588
4395 4917
3991 3905
7264 4282
2059 6519
3281 2292
7225 6512
7579 1759
2957 7404
2348 956
4009 5856
2585 1544
435 1403
6490 6175
995 6999
5677 1210
4261 1221
2734 7849
7759 2297
4182 3024
4673 3272
5162 7181
2952 7029
4899 7456
1748 3353
1222 6896
5348 545
3652 1284
5553 7225
186 5178
1780 4837
6915 4979
3914 6030
5907 5513
366 6112
3987 4723
7658 1377
1343 3621
485 3831
1348 4176
5254 1762
1945 238
1875 2023
7642 2868
5568 7807
6893 7153
4558 6783
175 2390
6072 3980
5668 7690
4243 5845
721 3186
347 452
5558 3917
2472 253
6269 1124
7687 2005
5423 734
2740 7625
4782 2718
6770 5141
1682 3522
2515 3035
4591 2255
5965 4371
6917 6870
5991 69
1325 4741
5001 7091
5976 4891
1074 682
2833 7705
1207 6888
6852 3713
3913 7364
23 2405
1215 193
5856 2256
275 5115
4317 6857
4426 7484
2311 181
4834 480
5543 2529
5706 7192
7836 1225
2766 563
940 7618
6746 5504
1669 7170
5443 2711
7150 5609
5366 6836
5738 1263
7018 1916
2758 2124
7010 5907
5007 1958
2439 3564
2506 7130
7856 1146
2623 989
2855 7236
7372 3040
5834 1228
5837 4340
7311 3189
3802 6995
6068 5166
2018 6400
4525 3279
3886 6113
585 14
4823 5111
1247 2045
2027 2060
4984 1008
5337 5363
3407 7135
2839 948
3430 6967
3945 5718
7907 395
935 3306
2019 6570
7644 3632
1573 6838
3424 6755
5743 4488
5679 316
7470 1605
4883 3886
6146 1493
173 7123
7348 3361
5827 7508
5404 5167
7497 2766
1698 2949
5682 1613
7590 2725
1626 5447
6673 469
6230 5884
4534 7464
6752 2714
7401 2213
1650 3128
4597 2468
2184 2475
198 6122
4008 384
3116 2587
6418 131
7054 4473
162 5390
7487 2313
6128 4809
1015 6921
2234 1383
604 6643
839 4429
996 1843
269 6345
1277 3879
1841 1332
5108 3251
7068 7863
2647 7516
5720 5598
5669 6092
828 3185
7682 4372
790 2519
3582 3126
386 3614
2731 1553
1800 7630
3173 3422
4870 4641
6706 1438
2882 894
6071 224
1293 2072
6101 3439
1355 979
6773 5570
685 2999
4408 940
5277 2579
7909 4323
3643 5673
2730 4464
6864 5915
5437 4844
2922 7178
7584 923
5148 94
7610 6480
1889 974
7391 626
5402 7938
7141 6761
6931 3904
5005 403
5475 2561
6082 2502
2243 6196
899 7485
2961 857
5054 3617
1988 476
1923 7709
1572 5093
234 5731
7140 1831
5791 6405
2427 7860
6476 1115
136 4222
5899 1890
6911 2031
5172 3928
5830 3619
7785 5924
6488 1807
4175 4269
7837 4782
3794 7103
7161 1435
5144 7838
6555 1714
4452 7507
7549 641
190 1519
1005 7365
2602 2950
7659 3158
4102 5248
5972 1809
2529 7228
3189 375
1673 1840
6124 6207
3732 2147
329 5374
3865 1259
1789 417
3911 1027
3247 4143
747 7853
361 2648
4362 538
3494 5351
3490 4931
1496 302
811 207
903 1942
7507 153
3904 5361
5070 4975
2257 6497
6005 985
7418 7162
2324 6713
702 777
2500 2332
5529 5684
5761 5495
4507 3026
7969 7726
6660 2082
2355 535
5056 6572
1111 2511
1378 175
3482 2277
5154 2467
3322 2006
2716 6120
1560 4362
2854 5904
1887 5065
7604 540
555 322
268 5314
7376 7068
3720 365
1705 1820
2970 7731
4636 2799
2727 2341
1519 1307
2802 6624
7371 2576
1594 3695
1467 180
5853 5603
3853 15
1794 4646
4356 7766
3075 4475
1766 7885
5903 4615
4602 2318
358 6301
3458 2900
7736 2543
5851 5378
5131 1627
1470 2227
5286 6415
4069 4759
5820 1469
570 1701
5160 2948
4188 6672
4128 3543
6839 2191
4404 5028
1742 7149
3640 1191
1778 6680
7208 1851
1199 1594
6542 3755
6538 6903
1886 7372
2780 6394
7550 1894
579 182
3734 2737
2121 350
1584 4228
4375 1838
3092 2963
1162 2374
5057 3203
5212 862
3633 7946
95 3210
4845 4099
6892 2775
1208 6328
5263 4817
1236 4967
1411 6223
6125 2140
2168 5992
439 2358
4805 7432
2517 3689
1882 6541
1196 7396
7818 4551
5937 1932
4618 360
4473 1197
5904 928
5510 617
7558 2625
6629 5051
4989 1399
7411 3478
5463 3151
1289 3983
7905 3050
3379 5867
6507 5929
27 1694
2652 3424
660 5516
4637 5341
3910 1891
2698 5264
7866 6399
7767 3696
8 3310
880 3313
4212 240
3836 7347
3680 3732
7751 2354
6094 5596
5575 1715
5687 5113
6801 6312
2523 4020
6481 4856
259 2947
4058 3891
1228 3981
4837 7897
2386 2604
5174 3342
2834 2020
7625 7393
5933 5793
4515 608
1652 706
1268 3630
4662 4602
4675 3797
5189 7654
3703 3163
4319 2246
6192 6160
898 5879
4030 7273
1037 5426
5891 1151
2462 5630
1897 2022
2943 5294
6743 1947
7388 6948
7639 1397
1746 3075
1908 4949
7135 1162
1297 6536
3328 3268
5282 3806
6305 507
3460 6449
2497 7121
5786 7483
7947 7293
5462 1144
7806 7777
1614 432
7526 2421
7185 5436
2924 3054
2498 4230
6001 7617
4350 6183
5345 4828
2714 7909
534 6222
794 2429
465 6018
5866 6452
638 6727
6929 4822
7665 1583
3086 149
101 7201
1973 5349
6296 5787
1413 4583
5944 2658
7025 6083
1457 3588
2302 4783
3545 3930
789 2432
338 5417
6848 6878
7048 402
2197 4557
4768 3798
2673 2173
5278 938
6288 5723
1741 6663
1539 5545
4859 4734
3824 954
2453 4286
35 2516
4538 2176
7599 6911
663 7405
615 1897
1501 171
1829 3019
7149 4150
2002 7681
576 1233
2273 1405
7254 59
4303 5383
7322 3976
4240 754
4272 5175
3230 1793
1460 2750
6890 5573
6844 2661
6302 2956
5307 4696
6798 1003
4205 372
6275 4076
1491 6551
3358 2901
7013 5637
2840 2220
704 6983
645 4211
7210 6543
6234 1994
6326 7000
5576 4162
5242 3246
7324 2752
7342 7165
1110 6623
1305 51
5000 2719
6129 5128
5995 6779
4206 3828
218 3931
3001 910
7745 408
6450 2851
1474 2932
4836 1812
2950 1739
7460 4432
5780 7499
22 3748
6441 1966
3764 4032
7679 7526
6729 7510
5805 4121
7920 2127
348 3333
5500 788
2055 4089
7715 2302
4804 7101
6544 4737
7062 7419
7049 6907
183 5452
5685 2631
4690 155
30 1731
7121 5213
3134 279
5362 7967
3830 6656
4222 7981
1653 5448
1615 5222
2024 72
3881 5623
5095 7055
5427 1909
3295 4119
5617 5942
5983 2296
2928 6110
217 2086
2358 4550
1096 7672
6551 4084
7503 886
6556 4105
2685 3466
4059 2036
4126 4377
5397 3069
855 4087
1098 7561
6036 300
2441 3871
5025 7505
5401 769
138 4545
2455 6049
1865 7740
7214 3477
7281 6546
4142 5462
5355 6559
3885 347
2477 7211
3955 4154
968 1780
3305 259
4437 2089
6598 3472
2719 7076
3349 1943
4244 4603
3038 1626
4138 3348
3263 4860
7110 1862
1621 6150
3287 7186
1070 3144
402 4202
6093 71
4006 3571
5393 1700
2303 1346
5775 551
2281 4260
3927 2424
4759 1013
258 82
4548 1170
7899 3087
6785 6730
4433 5665
4378 919
1927 4251
7021 646
5665 719
2395 2506
1798 1280
5629 6641
7871 3973
7076 198
5109 6377
1838 327
6109 7028
3041 2040
6344 5698
1549 6659
4792 6646
2793 1678
7188 2099
4042 6042
141 3065
4454 100
6077 3258
1947 2759
3072 2420
5113 6571
3704 5690
2009 7723
3320 264
469 1126
4825 2636
5639 3217
7151 1187
4367 6787
2595 916
722 6059
1180 2463
1195 5247
6351 6097
1493 4092
2033 5023
5106 834
362 1530
2429 5160
3749 5676
5310 3307
7203 2016
2530 892
1269 206
5221 7401
4140 6766
5101 6162
4783 397
4593 336
1271 5645
5938 957
2174 5335
5331 5571
5701 6491
3040 4976
4668 3227
3499 2702
5431 7765
7798 3894
7789 569
252 816
3101 7343
5011 7041
6638 2727
4557 1660
3143 5322
1709 6095
6285 4181
93 244
5365 269
6540 497
846 1855
4674 7144
432 3818
447 7564
3840 3704
1515 6605
2868 6873
7115 4758
640 5798
1499 3164
7774 4712
741 4103
3446 3190
5176 737
6691 6910
5962 5525
1672 3490
5380 5061
6303 1614
4390 6198
3025 1837
3829 6070
86 3574
230 2605
5382 7704
5304 1967
1161 1370
891 2848
986 6028
934 3651
989 1636
5516 1447
5796 5268
7172 3700
6604 489
3468 3843
7502 1091
6723 4441
2187 508
7812 260
2161 764
1033 6493
3006 6705
7851 5171
114 1637
4585 4278
5309 5209
3315 7260
885 266
7139 6740
7850 2730
3973 7728
181 7901
7848 4320
4652 1182
2981 2382
6532 4434
2457 4781
815 5145
2188 6667
4373 6719
3766 2019
7793 4566
3549 2204
5874 6806
3721 7716
7559 3534
3087 7569
4769 3373
5088 255
1977 7796
1336 7206
835 1728
7716 5098
2677 2701
3540 1503
779 2651
345 833
1252 525
7491 3118
2045 2879
4176 7840
2454 7639
317 205
5085 5722
4751 5267
3491 2891
7506 2270
1171 5203
5961 4265
2713 4993
5267 6430
7468 6586
762 4938
5574 4356
4080 3414
1388 3710
7194 1584
3831 5700
2252 5790
6204 1311
6150 6793
5435 5379
2432 7894
7413 7815
843 6622
2284 1776
7241 997
378 1681
3462 3010
5506 3764
4231 6901
5075 5189
5024 1349
3988 5889
6599 2746
2732 5781
388 290
5828 1254
2221 2407
5467 6817
693 7888
6623 3606
5479 4851
2508 3352
5881 2997
7778 759
914 3586
516 157
791 231
2135 6750
5977 964
626 1750
2527 3275
6828 3226
7608 1575
5806 2363
970 5595
5656 1924
2649 4717
7292 215
7170 530
6888 4569
2687 4447
2864 1193
7731 1443
1266 6266
5367 684
718 1012
3907 1561
2756 3788
1899 5415
6797 6749
6975 7879
590 1883
1030 4345
2614 3051
1782 4453
3923 4349
3342 2164
4474 6428
7023 4523
123 1407
3024 2894
2153 1152
2779 2829
562 5759
1523 7772
7384 2632
7273 1361
2405 5135
467 5704
4504 6574
1894 1500
6385 1816
3977 745
1482 6132
7429 4266
4241 1682
4340 2899
6111 6979
455 7939
5387 6772
531 4361
1446 2832
7215 4343
5765 3556
5445 2630
2681 5155
3989 6781
1478 2521
1717 5473
5626 5188
3273 5691
4289 213
6583 4097
2305 7470
4724 4111
4467 7182
7894 6534
1960 6690
5373 2397
7343 1542
2897 5127
4898 5834
7265 5253
4255 4284
2561 5560
1211 3456
2661 1386
1745 5
7794 726
1583 7513
2360 6243
4078 4025
1488 5472
1531 2300
630 7633
7967 7107
7587 4049
1383 7575
5857 6154
6732 2386
1427 1023
2046 2071
2678 4577
5167 4368
4852 7730
7437 6124
7315 1424
6422 539
2325 1462
1530 1798
3127 1481
5067 4704
654 7004
2549 7674
6320 3280
1020 5914
1991 2716
4281 805
7941 5969
5563 7980
509 3172
1586 7834
3671 4070
4041 2985
4033 7974
1859 6108
2042 246
1201 7216
3565 7663
5313 7795
279 4236
701 5770
2182 3808
7088 6048
4942 2732
2606 7429
3431 4079
7569 4516
1055 3432
4202 7060
4661 1632
1294 3916
5358 973
91 6666
387 5532
584 6752
3586 4676
451 1276
2917 2368
4799 4651
7443 5269
6841 1037
6419 6596
1729 7018
2380 411
6689 472
5536 2425
2227 6625
1602 3959
1140 1183
6635 5988
3361 2566
4114 3459
1255 2633
549 5406
613 2158
3598 4067
6355 4396
2351 3655
331 4046
4633 3851
6317 495
2293 5005
1360 4469
504 6598
5214 3413
5465 313
6584 1996
5549 4487
4889 6527
7069 3324
7445 7159
4608 6619
2962 5785
1754 217
1644 7194
2086 2145
1608 1846
2626 2210
4232 7117
550 7610
6986 2263
2245 1295
3488 1249
7191 3698
3117 237
4383 6458
6337 3956
4122 5800
7646 1901
6278 5986
1958 1864
4830 6474
6398 5143
225 1649
1422 150
1504 2125
2428 2116
4374 4045
7696 747
554 5902
3469 7172
3022 616
1310 7931
3364 7826
4400 2491
3505 5146
4590 5846
4926 1738
3034 7344
1072 7238
4831 5064
6747 1164
2794 7271
430 5863
3952 3992
5545 5094
3997 3672
7552 534
2479 6900
3846 2265
1441 3730
3530 319
4430 5523
4572 2974
3146 7963
6763 1705
7554 5776
858 544
4849 1353
1736 3853
7545 818
6470 5250
221 6339
6350 1177
4897 6842
5771 5555
7417 1229
2259 7274
879 5567
2641 2697
3984 2593
6223 5788
4083 6922
7697 6009
1984 7494
5143 7824
1232 843
79 771
6754 6530
7805 349
1450 2638
6727 3368
6405 6774
7645 689
5323 5829
6803 1683
2267 3613
5807 33
2384 186
2313 5445
6183 2882
1647 5025
3999 6343
6012 2351
5579 4244
6795 3950
2915 1522
4016 1491
5945 7122
918 6039
3816 5184
4191 3705
859 1655
1706 515
369 3914
2662 4628
2826 1671
5083 3636
2159 6538
3405 2551
7380 4753
1932 3091
2053 7896
662 7439
64 5310
4512 6557
4817 5543
7650 2333
5047 5251
5110 4538
4698 5593
492 4048
4345 887
4609 4306
6456 3000
6458 6639
1063 3601
7386 7711
892 6063
7617 441
2236 1620
4223 7758
6734 3066
5080 6153
5833 7137
5386 7988
1141 3526
6197 1038
2316 5052
487 3238
2143 6809
1223 6510
6460 2574
7059 712
4216 6634
1562 6174
457 571
2810 3300
5444 2614
6468 2889
7074 6053
6933 6573
5916 5315
6370 3706
4218 7059
6683 4390
4947 2249
3966 6442
1213 1875
7125 1623
3845 80
1529 3802
5564 2408
96 4066
5128 6317
3801 6620
7390 5059
7674 914
856 4829
6155 7385
4931 4047
6577 1993
866 5491
568 7588
5133 5159
106 4808
3343 148
7252 5569
774 5844
4589 4256
5125 3750
740 1496
1850 7279
5585 2920
5790 163
5708 7442
4247 7448
7204 5938
4983 6354
3035 5779
2996 3685
875 5463
1580 6280
6286 3841
7855 4246
4879 2073
4605 2594
2894 6481
1823 1925
3533 5162
55 6832
6856 1078
5939 1050
4025 6310
870 5820
2134 4662
3395 214
2658 3480
4327 5101
6287 2527
3254 6975
5683 3138
2485 2684
2433 2049
4789 3955
3608 4911
6138 7867
5953 7116
5256 4423
798 2620
5314 6376
7090 3561
713 2970
7504 7943
6466 338
6916 1006
7398 4017
3394 3296
7699 5662
3665 640
2112 5677
2315 2064
4023 2972
4447 3941
5628 6751
302 2393
518 4205
6414 5339
7276 343
6705 7823
4968 7272
224 119
2845 932
3021 2884
7517 4895
4707 7886
1946 371
3519 874
7880 635
2709 3810
3160 6064
7672 2454
1596 352
5772 6022
7029 1279
7414 2366
1707 7921
3891 3376
4670 504
2116 265
5587 5689
5722 4109
6213 7892
6198 6259
2552 3498
3380 7839
1021 25
4116 2841
878 2539
6819 6036
3339 3881
3595 6199
1793 1520
6361 3085
4639 4064
3827 4981
4479 1354
418 1532
1853 7628
7320 7735
4321 4736
1925 1001
4488 3489
4505 5895
4284 6789
7239 3707
373 7205
4517 7666
5999 2611
7061 4558
1217 6276
204 6535
5814 1835
4120 4892
404 7287
5863 5501
4850 4208
2215 2981
6716 2456
7441 2589
7221 593
7624 4403
5960 1908
14 4707
7233 4937
2934 4101
6874 2482
3727 7937
7876 1905
7649 6637
6902 483
6566 2564
7881 4607
3440 3437
7653 7924
752 5497
5947 3029
1763 3323
1434 1805
1214 3431
4315 5836
2025 2190
1629 2778
6724 5034
3521 2961
6090 1398
6877 2414
6714 6676
1785 7224
4295 5666
5379 4439
323 7869
862 2704
3710 4912
3933 4703
591 4795
1431 1437
7370 3405
7938 1638
4312 891
4458 5944
7973 4904
7488 604
5842 4014
6685 4359
7307 5822
5426 667
7022 6925
5757 1871
1008 2206
4386 3504
2408 1055
1601 5044
3070 5006
6429 5021
40 5197
6804 4300
5931 7243
2528 2859
3869 7529
4077 6172
4622 4562
2946 7230
7242 2240
2569 2248
3730 2168
3995 4126
547 3728
4814 6396
2056 2698
7234 7574
1611 3972
7481 2384
2711 2898
4085 3168
1095 6073
2038 4028
7050 936
4988 7922
830 5801
7032 1830
7536 4649
7531 6184
5561 1117
39 742
6294 1962
2745 4700
4720 4465
7493 135
6974 7769
3204 501
7368 6406
2208 4716
4398 6815
2717 1160
4084 1988
3008 7910
3331 980
6863 7934
4841 588
3109 1022
2451 7248
1710 6293
7727 2814
18 6866
2229 1327
6998 4061
7246 7877
3761 3382
214 7550
7383 2269
1712 3554
1396 3824
1442 6344
4410 5783
490 1764
3497 561
1733 4297
478 968
507 5385
7038 5585
3099 6561
7887 7290
4749 4505
56 2151
6179 7607
5915 7856
2375 2362
3960 2328
6579 7689
3347 6692
5040 1513
5637 2261
7578 3387
250 4157
6717 188
4326 6364
7379 2095
5320 6114
7623 6650
6461 6820
785 5762
6779 125
609 1113
695 4785
2737 1709
7483 3182
514 6969
4815 4431
7093 7478
5157 1074
4655 3230
1976 6093
5481 3326
6778 5401
1456 4565
7996 2896
3594 6614
1734 4695
4230 1635
7724 1111
3669 234
461 4807
4868 5192
1585 73
7146 2046
6228 2994
3464 3859
4053 4525
4246 7409
6675 4482
4460 3861
4886 2458
2406 969
7752 3720
3058 3058
7977 1118
7236 2348
708 6216
4978 1645
6200 6580
7126 3434
3539 330
3717 877
1263 5616
3132 2068
6159 1669
5993 7032
1406 6270
6595 6195
7791 1338
6697 7407
3103 2937
4198 6645
3399 3458
863 4767
819 6065
4935 5634
6792 6649
2301 5817
3559 1661
6212 2969
3390 46
2203 6609
414 6765
121 1600
3585 2459
1670 2807
1194 2577
4067 7525
5702 1552
3193 7337
7287 7729
7301 7903
1092 4666
1172 2112
1618 2573
1 5151
2317 7902
4628 5935
4072 1414
962 5748
7031 7656
1592 406
7678 3335
2378 4444
6715 1288
272 4825
2060 4591
537 5105
5003 1523
172 1987
2463 2783
5739 7698
6464 3009
6471 1194
3376 2998
3094 6883
3912 652
7206 6601
3071 7713
2640 4640
4081 4295
4930 6906
1949 1440
150 2490
3009 449
1124 7536
3777 4953
3954 5626
4330 419
7787 6229
422 1080
7725 1063
4106 4910
2289 7952
6459 6685
5929 4214
944 1446
1183 3033
2211 1641
3131 1505
7515 2452
4643 2905
548 4770
5562 53
6262 4508
3994 3592
665 7
1842 5617
304 3663
7085 5279
2090 4589
5064 1145
2519 6893
5052 2185
5177 3903
6908 6788
3389 3099
6163 7316
4741 1597
1929 3438
744 7112
4 6189
4193 3958
1703 7261
4891 2548
7903 5340
6338 1954
494 781
6720 2973
964 7659
1996 2433
3452 6058
4803 3603
5544 3461
1764 2645
5091 6047
3434 284
749 5333
368 1138
6181 5670
1642 6895
33 5102
7819 1601
442 7433
87 6576
7830 3327
7575 102
2580 3645
3170 4348
4878 3293
696 1066
7349 5075
5480 1745
4885 7861
3641 2508
1329 3922
3114 5563
1024 3465
3048 7652
6899 5414
738 3743
5414 1253
1302 276
297 3350
6327 2824
2832 6457
7932 1396
6825 6729
5859 5405
2087 2822
2885 6693
3767 7349
3758 890
6281 3171
6996 738
4130 3878
7163 2224
5388 6602
3047 729
2155 5179
6651 5654
7330 7145
6076 2871
4249 5428
280 6046
1379 951
3415 2293
6526 2563
3515 6876
2676 5355
346 3215
3061 5118
2394 4964
6447 2401
3237 2717
115 7638
1351 6776
3819 1952
6756 520
7720 5271
2899 5078
1385 4021
3435 1819
4851 6082
4521 3717
1262 4612
207 3579
5770 7916
5507 6633
4338 1293
4089 4336
7144 4995
7943 999
382 405
3818 5130
764 621
5919 2279
6543 1247
7168 5745
5039 908
7978 7947
7799 3785
1067 6583
1674 146
2537 852
7843 2528
6655 724
6596 5369
3535 7069
7528 2375
5122 5633
1205 2360
6199 4287
59 70
1867 1606
4860 7232
2933 5029
1870 5432
7274 6327
6533 6005
134 6455
6057 3493
3257 993
2304 1913
4489 3253
3646 267
5293 5488
4987 1940
1825 5694
6339 4008
2250 2820
2414 2608
1226 6981
6501 5484
2692 3079
3293 2373
2283 1252
7212 2982
6098 6939
7739 2941
861 4788
2287 3849
4691 3022
3255 252
6821 3023
1454 828
7350 5040
6557 7321
2956 3011
5935 7542
1881 4170
2636 1053
5478 3523
4100 3157
1675 566
4678 3188
4377 128
7249 7646
7431 2231
6474 1460
4629 4647
4134 3052
1713 6723
4550 4395
6520 4584
2164 5696
1395 5557
5451 1217
4574 6297
992 1255
4788 7435
1283 4742
2030 400
2248 1845
3000 3509
2693 3792
4744 3506
5245 5195
3590 866
4732 5180
7318 2810
2824 5450
5847 293
352 5619
3210 457
7820 4366
1065 3585
4065 5663
248 650
1819 3671
6449 6232
1007 4621
1202 123
3182 1390
2809 5308
3570 820
3754 1944
5130 4969
4456 3356
5233 1173
4544 2462
6153 2154
7256 5922
5597 6026
6625 3325
5795 7678
497 3577
2214 54
3925 4223
6457 655
312 7932
6741 4907
343 4375
5354 2993
812 5786
6453 4218
2936 5605
3375 7622
6372 4715
7861 2141
629 7878
4530 850
3740 5359
2748 855
3621 6933
6553 4351
6679 2058
5044 1120
6552 2601
3443 7246
4811 4481
2534 532
3068 2232
3126 7283
241 178
1039 5577
4921 5855
375 389
154 4625
726 1350
3195 6997
2492 6298
6423 7600
4103 7096
7906 6871
5051 1933
644 3677
6236 4554
6379 3835
5436 204
5533 1825
4493 1860
7771 2741
2610 7541
5259 5387
2520 1945
2249 7759
3177 4186
3607 782
4239 2193
5556 2304
4969 4520
5542 2101
1862 7537
1810 1511
1373 292
7044 5368
7553 5246
3514 434
1534 3081
7394 3281
202 7113
235 7928
1512 3782
5762 4139
3930 743
6947 5210
1999 2217
78 3652
5036 3920
5301 7565
3837 3977
2274 6451
7102 3909
5716 30
4869 285
977 3866
4286 5393
6738 4225
5497 6780
5824 4405
7777 7369
5801 7664
1419 5936
6634 7317
4157 4249
5557 2707
3248 6439
3557 3150
2219 512
1102 3783
291 6013
5905 6387
4450 3612
3932 3747
5325 5453
3495 6355
2486 1754
2199 487
7473 4219
7100 1388
6562 107
4028 112
3811 4940
7037 6549
7367 2378
3051 6795
6772 4471
6687 7447
7911 7454
3231 5979
2593 496
5598 7005
7982 4567
7302 4966
1788 6358
2173 1785
683 7914
5425 7452
7702 5080
1571 3072
5055 5515
3053 7183
672 3951
4199 3503
6187 7281
7122 2357
4552 1844
6541 2067
6396 1421
6489 76
6252 7304
2992 4540
4401 4059
1643 5309
1985 410
5990 1237
6680 1384
2887 7641
3447 5824
5862 1744
340 425
156 7289
2812 3552
41 6111
3069 3338
4098 7173
449 3911
4721 1740
4536 3320
4394 1427
6280 2678
6666 6302
7673 7229
6360 5458
450 263
4074 7207
3859 2237
3367 6313
7700 7064
7166 433
2548 981
6000 2070
6040 5307
1684 5964
4111 1935
2921 37
648 7129
1004 5934
3194 3845
697 7056
3647 596
4442 3703
3479 2751
2265 6949
6674 4385
5223 3169
3547 1472
3880 3908
3575 703
4329 4688
3211 6885
6205 1981
5690 1722
2278 4335
5424 1717
7223 2443
4892 5804
3567 7120
3928 7027
7499 4203
7346 2014
2916 5702
4197 3887
5074 2466
178 4915
7484 5714
3256 1579
2296 2299
3067 22
4700 5403
468 1867
6084 4187
5727 6224
5641 324
5883 3250
5570 5198
7509 7446
2308 5509
6780 3018
3208 86
3689 2428
5979 4449
5620 2703
2092 388
3909 105
5329 949
2906 1791
1258 245
3964 7072
1076 1918
5434 1452
2400 3921
7522 5550
4929 4933
1481 3214
4775 1756
530 5110
4415 2312
4276 1695
6571 6463
7471 3270
5409 1628
7232 24
4233 6410
820 3176
6889 6231
7756 2541
3780 653
745 6499
7636 4536
622 3059
2141 1147
2759 701
938 702
6537 1231
6091 5971
5315 1099
5447 5624
966 2709
7364 4506
6502 6990
7758 598
2764 6508
6373 4722
3353 5229
1188 0
4073 3077
7426 247
6358 2002
2470 2692
4031 1971
4767 6564
5721 6808
4213 5366
2883 4598
7971 4204
6531 5035
4459 3688
2461 4258
6235 576
5471 6759
6686 4784
5350 26
5661 1089
7917 7077
4217 5388
5116 3624
264 3623
3498 3789
2282 6433
698 4814
4624 2423
2550 4496
491 7092
5123 7033
2672 1795
769 6627
6136 223
7193 56
3451 1240
4595 3239
4403 2757
3118 3378
1018 5611
677 4455
581 7291
6266 4462
2545 492
3313 4509
1339 2037
3125 1129
1587 2549
3356 3154
6664 7619
961 2776
6985 3675
3866 2385
6866 3974
827 4914
6751 4677
2111 683
1963 2559
4982 2695
1272 2079
335 2971
5767 5795
3050 5019
7877 4333
2270 3781
6590 4618
607 407
6070 5982
1969 2811
7867 4986
5978 4833
2778 6444
3233 3043
2131 6074
4890 3359
6850 10
6613 4132
6075 3337
1128 4298
2411 7468
6707 5728
2391 676
3441 4887
5789 945
4816 1406
3448 5223
6238 2865
6523 6608
6483 4881
557 5211
3150 2166
4611 5037
7979 4980
6904 600
3404 7030
5115 1586
4848 3942
3269 3030
0 6303
3882 5899
1404 4805
3167 126
1166 5887
4709 3589
403 7816
2440 3863
4440 7320
3090 2864
1362 7813
3571 5046
4029 6426
99 5814
6100 7762
841 1014
6054 6595
4580 2350
3332 4422
2937 6086
2079 6830
7615 7680
5240 5656
988 4613
3792 6584
299 5538
6273 4638
1012 4549
7278 4194
4754 2088
94 5119
2859 1372
2061 7585
668 3242
3600 4952
5530 6807
1206 2114
2450 4773
2175 5206
810 5212
1313 4793
7360 5705
308 5485
3417 5196
3270 4624
7781 3963
3713 5687
7980 2192
6994 6275
936 4639
2137 7584
4254 5000
6011 7614
2849 7227
5704 2340
5428 1841
5636 6318
7189 1166
4790 7870
153 4606
189 1476
5750 7999
5496 7115
7998 2931
795 7472
5618 5018
6308 187
6498 443
4269 1824
3554 814
1476 7612
2559 5068
2791 6687
2332 6621
5248 7278
2372 5258
5368 3223
2152 3987
3953 4292
2969 4457
5251 4001
1323 6835
293 1847
6432 5082
6782 7459
7251 6007
3043 1502
6914 4309
3111 2788
6465 6206
32 7277
5784 7458
735 6823
314 5939
7875 5053
7878 226
5816 5345
409 611
7114 1510
4484 3403
6597 5397
5692 1920
4564 6956
1799 4326
2572 5327
4076 1603
5459 2021
7181 6528
4011 1937
5318 3537
1053 7522
6475 6757
7593 2383
801 1043
7155 7164
2444 5177
6943 4918
1696 5056
2371 2317
6610 5329
1634 2946
389 2671
4302 7842
3778 7134
3373 3044
678 1914
7723 1494
526 4302
1915 109
3454 3723
7620 2515
1475 6191
515 2522
3841 875
5822 428
5407 4706
6946 2705
2447 1770
3252 7453
6227 1021
5180 6454
6824 3423
808 1359
3271 5967
4164 679
1230 1436
6443 1778
4532 6775
7308 3889
2708 6336
72 7340
1068 6459
1038 2877
3560 5534
632 6804
7495 1456
4933 7627
169 4110
575 3262
6114 3520
6039 952
4985 1792
5505 7601
1407 3450
3122 5419
3426 7615
1720 23
2796 2161
4705 6274
673 1159
6514 2666
1451 2098
4470 3935
6277 4732
690 249
7005 5866
960 666
1462 3719
1803 6242
586 2858
998 986
4993 6404
2540 1492
5892 1488
6518 5943
4833 7083
3039 3179
4954 424
466 3540
1681 4062
3602 4926
1086 6674
5375 4386
5335 661
6835 728
2554 7387
4422 632
7412 2319
5736 6054
3032 3803
4796 1381
5023 4123
2556 6837
6242 5449
3362 7054
1334 7050
7775 4942
301 5500
5569 1783
4920 2182
2494 7662
4684 1533
984 3194
6799 6380
7965 2769
3705 4275
6274 3233
7127 6014
4210 7302
4853 3737
4680 3533
6157 4588
5330 2143
2072 4962
3796 2160
7598 4682
7839 6045
3872 5864
2847 5682
6568 3061
933 711
2028 4257
617 1696
355 6902
3709 230
6667 4656
1590 583
3081 5126
385 830
7128 5535
606 3947
7671 5926
7910 2863
2891 1580
6448 7918
7651 4392
158 1410
1352 5413
3456 6212
4214 3902
7165 3650
1896 2756
2703 256
2763 4728
5894 2489
4723 1498
6900 2437
667 2908
3605 7562
7635 3658
5928 977
4582 6169
7000 5572
7707 1710
6206 6159
383 5854
3591 5350
2367 1143
897 7276
706 1310
2942 5885
7600 5220
5265 5338
4693 445
2403 4241
4082 340
2318 3697
81 6447
3436 6590
4215 2926
4696 5316
7742 3918
3759 3868
3980 6629
456 6889
5755 3430
5996 3076
2940 3538
2729 2819
7738 6909
7889 2738
253 6089
3105 1379
1715 4799
2202 2779
4733 2290
194 6025
5032 5312
6314 2647
4413 1509
7680 7993
4726 867
1253 1537
7668 7596
3128 4331
6710 5765
2874 2499
6117 4069
2272 2001
1953 3553
2757 2794
2275 965
7444 6409
963 3428
2148 7457
994 5475
1087 2233
3030 7220
7902 7217
4738 4367
6653 5823
1238 5137
3797 586
2884 6100
3267 7313
3301 4928
4002 4043
4967 770
2198 6923
5792 5337
77 1393
6903 4740
6364 2186
5667 5970
7807 3595
7994 6562
7078 2260
2323 7296
886 4522
372 4000
4977 4138
4970 4327
4453 4749
2326 7493
1600 5802
353 5214
2117 6300
1401 944
7335 581
3489 7743
7833 4042
45 3535
2776 3039
4236 2907
3428 315
5752 6532
4219 7140
7713 3848
3700 3778
4506 7357
2892 7020
1978 7124
3357 7865
4877 7319
3653 5510
7104 3796
5138 2066
528 2989
3115 1046
1636 2480
7949 7781
3107 7643
6918 3369
3651 6292
433 4755
5885 4945
5192 6424
3908 5738
6948 4364
628 7285
2204 2494
7262 6051
2193 3486
427 4355
6898 2331
1905 5791
1510 5894
714 5303
3471 2517
5105 2793
4541 2196
5922 3108
3245 7733
1326 6372
4257 7383
6309 7629
2822 5060
2903 5524
2127 6850
4471 4961
2460 7644
3961 3449
5344 6125
7972 7780
1551 7558
4384 3761
2684 7025
5607 3206
3290 344
5114 2821
2935 5999
1135 2391
7463 3289
4445 2026
7797 6525
5332 3273
5709 1463
7313 5517
6467 2951
1191 7090
3144 2979
1062 6539
7267 2242
1185 1803
5111 2339
7547 2915
890 861
3344 5004
6126 2074
5676 5261
5175 7847
6141 4769
2423 4518
4934 3842
4271 5778
6290 5559
4388 5873
800 5081
642 2591
2867 1801
6735 2133
5614 5161
2366 6753
7755 5757
4503 6178
7611 3092
6977 1477
848 2853
7896 7851
4092 4002
2843 7692
5319 4197
1423 5038
7461 1687
7415 3012
2298 2159
1922 1672
396 7557
759 1749
3261 113
6425 2349
6991 152
627 2857
3742 2479
391 7421
5514 7427
6721 5389
6315 7392
1604 369
1744 468
232 3572
1739 5217
7737 138
7746 7707
1237 5418
4444 7111
1380 2119
5359 6928
2777 4128
2718 7791
3363 5396
3578 6038
307 550
2448 357
7187 2800
5890 7467
3825 3025
2096 4500
3145 11
4588 4435
7722 5819
5998 587
3538 1590
7566 1282
3556 815
4601 5011
5205 4040
261 7360
4438 5869
2856 460
7079 4941
3151 5930
3066 5747
7603 7368
1331 639
799 1154
1533 4305
6399 6412
7505 5669
6332 6304
3045 3097
4960 3308
109 4036
6078 7850
127 5254
1468 6471
4961 1417
2990 423
5994 7538
2449 5693
1318 5114
2393 4512
6681 7327
1397 6567
4959 4307
2035 3664
2795 5668
2246 5317
151 1061
4994 3207
6521 1554
3157 99
5250 864
508 3249
5968 2239
5584 7119
6897 3827
6160 5470
990 6331
228 6716
3225 1094
5867 1625
4485 6799
6993 1230
4881 909
3750 7960
7365 7648
3425 5737
6742 2444
3240 4400
472 3687
1679 2669
4777 6041
5420 2637
1993 418
761 3120
2037 5580
6587 5409
4880 114
1097 6726
3408 7965
326 4925
6435 3740
1728 4919
2344 5183
7073 3744
876 1112
3896 3457
829 7150
4141 5099
7424 4413
6390 3455
3682 3263
1394 5963
2798 3415
398 7658
7891 7809
263 5282
7098 7445
2333 5200
2784 143
6284 6698
1340 7008
847 6254
5298 6734
6978 488
1791 7611
5737 5612
3971 1093
3623 2774
7238 2892
7321 7789
7761 2453
1609 7104
6244 4163
6969 1132
7064 4033
780 6099
6367 7907
6132 6393
3834 801
4828 6308
5756 7755
7285 3665
3844 6914
6421 7940
2949 6540
5002 926
2404 5976
1402 4264
1050 3960
6875 3550
1760 1404
436 2122
1505 927
1282 3345
6919 5236
1040 6359
5077 2473
3552 355
2194 2055
4050 6240
3894 4231
4093 4314
5215 3389
6491 6847
5272 7451
1557 1752
6148 6886
7946 5262
4436 4527
3982 518
7782 7359
5971 2918
2466 4006
1498 168
3484 4655
2180 6965
5182 700
7316 4391
1104 7247
1494 6542
6133 851
7451 3319
1723 1548
7464 911
1685 1355
4688 664
5102 7414
4719 4060
4153 1950
5732 5927
5691 4574
3060 1743
5635 6193
748 6950
2369 1772
5552 3893
7400 4820
7810 4240
2 6683
7922 1473
539 5766
6220 2777
3631 5360
2401 4277
7657 3311
2858 2525
4055 4503
1400 274
4353 5072
7622 6226
7312 3860
3948 6531
2094 6369
6081 4200
6270 6746
3299 6560
4123 6374
6004 4130
1358 3937
6020 7481
3228 797
538 1938
1259 6360
5161 6500
1187 1589
6567 7671
5474 6980
5395 6617
910 3090
3285 1975
7983 6991
3181 5288
2145 4908
5864 3965
3568 1087
4510 3454
3449 6547
7015 2184
3236 6217
6891 1666
3817 5421
1904 1260
6578 7353
840 1531
119 190
4425 3775
2521 4839
5484 6962
5571 5469
2660 342
4170 6187
7609 4654
4681 2643
7295 7088
1328 6545
2331 4678
7258 1202
5693 6865
656 5422
7217 7855
1465 4294
7403 6720
3839 4334
5985 7402
3031 6104
5840 3999
5145 4096
3057 333
2276 5430
1047 6043
2294 2758
2000 2916
4810 7891
3502 531
5654 2588
3524 379
2452 1425
7618 2415
3863 2017
349 4235
146 6677
4565 3895
4706 2546
874 1585
3632 2869
1458 2680
4955 5129
7389 2531
2605 7682
6139 404
5546 2201
7071 2230
1094 4768
5884 7492
7824 1934
1686 2307
6412 6507
1972 5852
945 3032
7862 7306
4238 4960
7675 7410
1051 4160
3411 4913
7123 7175
3873 5489
4918 5202
2722 4571
5777 2847
6867 7668
4494 98
3410 2080
4573 7079
1121 514
7939 6164
5638 3996
5539 7518
6218 2320
2697 2048
6175 810
6849 1686
4160 4570
7091 1136
2555 1134
2039 96
7119 4484
3148 2808
7853 970
237 7161
6668 7944
7409 2465
5455 7694
4999 2996
2089 1336
6837 2806
2560 326
1264 170
958 5468
4704 459
5852 5347
4971 6342
6073 1990
5986 2500
4822 3570
569 6263
5810 3729
128 3644
251 2663
4599 2281
167 7332
105 1084
2297 6947
2343 1110
4697 1266
3421 2096
3553 718
6478 6023
90 1964
4610 3676
1992 3500
6209 7017
7709 3626
2589 5832
6658 3409
7555 7543
4866 6437
6909 166
6858 5699
5208 4821
3483 972
3569 5133
480 648
4901 4882
2975 1915
2588 6582
5269 6286
6145 795
3806 2352
3244 6055
15 5032
7230 5123
1275 6996
48 7081
5650 6606
2797 858
1370 5266
686 4255
2679 7684
7243 6413
6371 5305
605 6492
4086 191
1552 6429
2157 6071
4185 6591
4342 4428
4280 3598
4112 6395
583 4597
6438 7006
2126 2544
1758 3374
3604 5857
7331 3125
5246 6521
4443 5681
2102 7374
6621 6953
5914 947
3833 6961
3883 4065
3683 225
2011 3417
1359 7204
1606 6329
7883 2876
4607 3599
6525 5466
3718 3224
1101 2169
6112 5777
3694 3852
1466 2403
2944 6239
4846 3008
1209 7685
7733 4515
2642 2472
692 2570
6382 5244
3112 4270
6612 2728
6233 2308
7846 3620
3688 3124
1861 4971
2637 6403
6437 5775
4115 2532
6941 6709
5686 2336
4492 3485
7020 4733
124 79
4508 1382
499 104
4135 177
2835 208
6387 6844
7099 5382
594 2520
344 1190
7014 5717
3062 4626
6671 4789
1603 6278
2872 4451
445 6137
6127 4271
728 5641
479 3565
5073 84
4791 6784
6925 568
5509 4316
4795 3406
6930 2427
3574 1859
1769 6526
2357 6831
4821 7969
6862 7284
5324 7058
4904 5784
1548 6973
107 5077
1437 987
2566 7045
7352 1504
5299 120
5997 4661
6796 6109
5911 6477
5930 685
6433 7793
4156 139
4911 2626
3091 3682
4143 2156
1445 4877
5606 5407
37 55
5190 6357
7641 5104
596 368
7523 2008
2196 5482
4903 4849
5793 6116
6776 4308
5869 1033
925 7917
3141 5956
34 6924
2279 6461
5247 6091
3615 7476
2306 7381
211 760
7358 4114
5813 5045
2965 6420
2674 6494
265 6756
1692 613
3626 2935
3341 1564
5383 7977
3807 1319
5970 484
1448 6427
65 7599
1607 6004
3063 1799
1154 5231
7474 2303
6272 4116
5815 1304
939 900
5619 1957
2609 44
1569 7794
1014 1212
6642 90
3028 1928
6008 2416
306 7655
1543 2967
2181 3006
3010 3834
6279 4984
2387 6072
3635 232
1697 6256
6496 493
324 2241
6620 4398
1006 1969
4774 2952
7544 7810
3239 3111
7689 4778
7058 5928
7355 6785
2507 6486
4760 106
102 367
2772 2069
1677 7312
7255 2653
3413 687
2720 5041
3812 4889
2751 3278
5980 3758
3383 5773
7228 1308
6657 4669
5923 7997
288 4824
6250 5734
4909 6856
6945 6555
6240 1344
7291 4474
2459 4313
3354 7198
7351 7595
4907 456
4997 7080
3972 1180
2573 876
7190 4171
6833 136
3014 3292
4104 3864
2761 7592
92 1999
2362 4556
3603 2377
1174 6670
1083 6954
4427 4370
2468 4483
4090 527
423 663
804 66
5184 5144
2390 7071
3046 1939
7704 5597
5107 4152
5066 4221
165 1208
7024 5086
3828 7002
1582 5918
6731 4872
7534 7972
4640 3594
4472 1067
6927 2552
5989 3082
4108 5095
3848 5499
2232 2338
3365 2659
5306 1211
4061 3095
1177 6644
5153 5659
2431 7582
6617 3199
3664 7653
6594 696
4583 4725
6211 4476
4237 5799
4099 804
3790 5265
393 2965
4654 2624
1578 3107
6786 2690
6696 89
5448 6544
5072 590
3026 7049
1936 444
5742 4627
896 2641
7462 95
6645 6434
6712 6894
1099 4902
4710 1806
240 6768
1866 7003
869 6805
4358 1367
7442 2724
12 442
5527 826
5442 995
1952 5591
2781 1729
6938 1832
877 3759
284 2854
7796 409
5748 5153
6104 7992
5645 5152
6698 3919
5515 1069
1676 5996
2244 1516
2504 380
3016 6773
3042 7954
5243 3844
2701 882
1784 7338
5913 7647
6324 210
357 2091
1830 6603
5729 63
6550 4923
2893 4869
2900 5344
405 3388
7317 5298
1822 5186
6325 5803
947 227
6565 7708
3419 4642
1175 184
3563 6563
5788 235
4049 7191
5421 5811
3098 473
6628 1086
1064 77
4087 959
5714 364
1818 6016
2051 2830
2725 4019
2093 3155
6469 1188
6097 6982
6652 733
444 5546
7455 4691
6585 584
4200 976
6790 2657
4974 398
755 1691
7926 3711
1837 1296
2743 3322
889 3830
3943 4631
1134 2259
4411 5134
1361 3106
809 4901
5469 2991
7804 3800
2226 4168
400 4744
908 6375
7900 5530
7294 934
6711 1108
2071 4797
1220 2000
462 7778
1522 7475
826 4672
2207 1930
2490 3053
1182 1690
4288 5241
834 478
4251 2812
3551 2440
3580 4859
3851 4622
5954 2126
7521 4217
6733 3516
2753 6262
1994 2846
7995 6003
3614 4332
3855 2887
1210 1360
2659 5256
2633 2315
7962 1348
4747 7185
7816 7408
4211 7956
2349 4544
4189 6482
3979 3021
4490 1214
2993 1218
6291 3724
1486 6968
6455 1587
3638 5290
1771 4494
6408 2457
142 1588
2860 4401
3860 7310
3227 7066
5640 6794
6678 7667
68 3379
6135 629
1812 453
2643 2398
1951 6155
4000 1656
4245 2484
7582 383
953 3515
4177 4094
1559 2038
2220 3934
6861 4421
1538 7474
7936 3003
7852 6158
7132 2130
5523 3839
1804 6743
3619 6897
5711 7034
4736 2035
3088 1484
1813 7604
1426 2288
1066 3148
6641 6204
1193 7642
5499 1558
1625 5712
7763 6839
7052 5377
5920 2644
3822 500
723 744
4621 1773
4118 698
1346 513
4391 1268
7948 2266
428 1375
1393 3331
3884 3892
1009 2449
6369 3159
3503 4711
3659 5527
3672 7515
245 1300
7353 118
946 3615
4412 2839
5384 5955
1085 5205
3929 309
1502 5321
6708 1882
6802 4836
484 5610
4872 6245
2247 3772
4399 1582
4225 6653
2546 1464
7958 2314
2844 2076
1028 5228
4282 141
4927 7727
5440 3041
932 3358
2895 5536
3701 5112
4088 5512
3334 7142
1826 6882
170 5079
188 869
5849 1610
5934 3349
4957 5185
4304 7749
3606 6417
1640 4216
1061 3596
1495 4262
7177 1283
5887 6929
3832 1007
1200 3616
1045 4873
4646 1784
5747 1658
5518 2105
6662 2618
4466 7593
3692 2446
5274 5460
3931 3205
7213 4874
6793 1029
135 2025
3374 4903
7860 1765
3199 766
6695 2469
4561 4029
7548 5615
2179 5628
6536 5022
5034 3709
4046 5910
6301 7800
6013 3191
2982 4684
980 1976
3414 1305
1762 7837
7327 345
4780 4468
4268 6356
6574 6533
5751 4804
670 1028
7378 4113
5697 6106
6137 6057
6964 203
6041 5561
6106 7466
5868 366
1847 420
765 2283
637 3823
5582 2282
5521 4144
1624 4679
7631 1490
6884 3801
1077 3997
7328 6632
2178 558
4147 6681
837 7158
2373 7176
6517 1045
3784 7384
5142 1829
6965 7038
4838 6722
5213 4876
2948 1565
6253 1953
4265 4857
7027 3028
1877 1056
3892 7898
6921 3218
7362 5890
3917 169
417 7352
5429 4272
4761 6913
7421 924
525 4440
7472 83
4560 7152
6059 447
5268 144
2570 6285
7832 4303
205 7571
1031 707
1662 6846
6120 4039
4095 486
6334 6370
2926 3287
553 49
7067 3366
1857 533
4862 7594
7458 7775
4672 356
907 3274
6499 4972
1869 4155
110 2845
1186 6307
1381 1246
4596 2150
4048 3910
7538 2418
3823 4801
1019 4616
5103 4082
6348 2146
2898 2321
2817 6402
7326 4174
802 7608
895 5121
4950 6103
7844 1264
3529 1699
2013 3073
2118 6176
5275 1766
634 752
1471 3248
3946 1337
1145 4743
7633 7568
7790 6811
4181 4319
1872 975
2767 5909
6331 1418
6822 6724
1916 396
5464 7350
2040 736
5164 6084
6060 7241
5528 6306
2575 2012
7012 644
5191 1135
7912 3304
5206 6786
3288 261
429 3634
4235 4329
6907 802
691 3857
7997 5549
5573 7202
6333 6246
3711 7436
5418 5931
7511 6872
7269 3607
7537 3208
2735 1768
730 6852
5224 4129
6289 1140
5835 2135
3294 4491
6569 6648
6559 4754
3209 2735
5877 4010
1843 3299
4325 4694
4389 7890
3307 812
6842 4991
1937 7169
5087 3752
2026 7580
2578 2558
956 3143
5372 5602
851 5461
593 5608
2334 7710
3501 3192
2586 2247
5848 5968
1518 2295
3838 1708
3702 7975
7180 3933
311 4578
7842 7676
6386 7131
1341 6890
4718 2842
7035 4648
3253 3462
5317 1485
3388 3836
5390 5234
565 5399
6879 4268
5550 6587
2016 6056
6713 6936
2987 7440
1137 3968
2342 218
5416 1009
6002 6006
5356 4832
1663 4862
5888 4581
4928 2599
201 5252
563 4479
2029 4687
6631 6548
1184 4486
2099 220
1049 7465
6357 2238
3403 4209
6815 4149
4829 3261
6764 7329
3152 3131
7422 3805
7581 1896
1420 4180
3130 5740
2493 3576
7508 2271
5513 4867
5321 4315
6158 5805
4004 572
4423 2817
5296 7895
7227 5767
2979 4710
5493 4947
3862 4357
6452 440
7961 2923
3325 3739
6749 7790
6878 6721
6956 3681
3330 3961
5981 195
6368 2688
4913 5862
4273 6386
199 4894
1257 6944
7616 7377
4498 7958
6872 2945
2829 325
5783 1415
3241 727
4567 9
4310 3661
2160 3117
7711 7783
367 1226
1409 275
4056 3593
533 4267
118 4304
7647 5713
6376 283
4376 2075
7927 2324
148 2837
1589 7797
4980 1075
5658 4580
1473 5362
6971 430
6873 3295
3180 4764
5798 7887
775 2325
2896 3544
7754 6942
1016 6316
5900 1948
1414 7497
4592 399
309 5240
7420 7857
3260 1333
3142 6682
2201 3098
2368 5965
5718 5974
6322 7197
6140 5701
7586 2464
5225 901
341 2346
3965 4504
1398 2731
1281 1039
4314 5531
756 6578
6811 6864
3461 3874
1100 6738
1081 3680
3162 88
4905 5946
4487 1103
3854 2110
3015 1376
6761 7873
6871 7989
7990 5642
7404 2504
54 2600
1944 5797
5385 6694
3800 1131
3537 3298
4922 636
2445 6867
415 2289
3577 2364
19 2483
3317 1923
1779 2052
2749 792
602 1250
6165 7231
1566 6769
1591 2524
6960 4404
3140 4573
2788 677
2474 5235
2739 3813
5966 5165
3510 2699
5045 7132
7130 2108
3798 4312
7453 3562
7002 884
210 3064
2541 1331
1372 7827
4392 3638
4900 1573
6646 6365
7361 3136
4448 2436
727 7380
7309 5888
84 3410
2665 3662
7726 6987
3080 121
6424 1200
4187 4353
6591 6661
6216 6703
5956 5732
3154 1368
3149 2198
4965 3321
4785 5604
6123 4134
4173 3532
1453 4885
7734 651
7305 1659
5209 657
3755 3232
3318 1356
3457 6522
2255 1153
6934 6272
4480 6238
3573 7139
273 2010
7392 5400
1558 6319
7747 1735
6601 3967
6868 4450
2469 6744
4998 1560
4778 6235
4159 863
6388 4299
6321 6754
5512 4156
496 465
1219 3036
2354 4831
619 2547
2533 5434
236 7105
3785 4408
5554 1292
360 5306
5590 4169
6362 3380
5398 1062
2983 6577
6857 6475
1906 3254
5861 1432
1757 5565
7319 7026
3906 3005
2190 2275
6781 6422
3771 4153
4824 1622
6506 5201
231 668
4207 2578
4793 427
5917 6695
6365 3435
5651 917
3312 4609
3507 2646
3059 5122
3264 2556
2879 6976
6154 5920
2806 838
1902 1104
2563 2785
5185 331
2587 6421
6808 7366
4914 1374
2058 3767
5719 3545
6346 1201
1123 5537
1633 7859
5838 2202
4812 4854
3942 6012
4826 1334
582 6762
6704 4095
797 7037
4581 5990
7530 3690
5084 2411
7966 5411
2266 1885
76 7706
6702 3667
2119 787
1392 3212
1056 4178
7197 1858
3229 2700
7106 3954
463 842
3903 5063
5909 2441
5787 7812
2562 1578
3654 321
7975 3988
7385 3372
1817 5966
6876 5917
7535 2209
3656 5297
3625 4136
1042 57
754 4935
4638 7645
1058 2243
6881 2514
5173 323
527 6391
4337 74
3558 6938
2416 5614
7780 304
1658 142
2568 7606
2627 1479
176 2745
2503 5878
2770 1378
1924 846
5457 2326
5229 1654
2437 5875
1285 3229
5283 7987
2828 1468
3185 7725
546 2708
3212 6017
4405 6268
3219 2803
3978 5997
1909 6044
7405 7511
2069 7399
3810 1275
2746 7262
1561 3622
699 5674
6757 3237
7825 2761
1368 1156
4171 5638
694 963
1661 2755
7492 6283
4161 7012
4224 5576
4940 6325
724 905
5118 817
6188 4448
2865 1677
7407 5007
3276 4117
7892 6960
6484 836
7854 5761
7454 2024
2158 5562
1876 1704
5609 5937
6512 3056
1864 4250
4451 904
4346 5066
6033 5439
4168 3693
5812 6209
5698 4227
6182 3020
3815 6134
4882 5423
3715 2236
3172 3837
5146 6131
5942 4826
495 7742
6951 7449
6789 1363
5876 6236
2054 3070
2074 847
179 1142
6356 3259
2760 7845
597 4141
6942 3913
567 7270
3226 2986
913 5443
2192 1470
6939 5008
7478 3749
4021 3640
376 4009
5292 4858
3950 6957
2310 2485
6042 5259
1376 1633
5592 5578
5389 2447
6264 3669
6650 5291
2706 7362
4542 1769
1338 4760
7226 2117
1948 6464
2913 6739
6142 481
4036 4106
3707 6257
5844 658
2399 7450
3265 7125
1082 4998
1017 7613
4779 5088
7662 5520
43 5465
2675 6880
5511 6141
4165 6495
931 6708
3613 6000
5010 1199
4424 5839
4715 2495
7632 1244
5485 1904
7077 3283
1489 7899
7583 2957
2918 3400
3968 3575
5187 7752
6219 5521
322 5952
6677 3183
1962 4324
1369 3370
7366 5376
2335 173
4835 381
140 7700
1143 3820
6307 4086
729 1433
4407 3524
7529 2148
2666 7650
5695 3814
1314 3546
377 6615
7580 7461
3384 1105
7248 7288
3562 559
2409 2787
7637 3756
1034 3927
6341 1698
4129 5589
3196 2781
6581 6506
703 1646
2329 554
6549 6496
3878 3418
7541 5048
6407 3627
7557 5216
912 1497
982 1906
3799 4604
5139 3924
7147 4792
2269 2567
3781 4610
5357 2294
3532 597
2736 4118
1759 1478
5117 4458
3377 4897
4893 3547
6375 5940
5413 2200
1150 634
4703 7720
7955 7057
3674 7048
3178 3284
975 5636
212 3753
4861 3383
5988 1642
5896 5980
505 1394
4699 7200
6226 1609
3918 7554
5664 6264
7921 1596
1198 7835
2914 1015
4402 4756
6017 5169
5119 4115
5169 1718
49 845
6966 1109
611 3884
5281 5408
1212 5923
7336 1617
203 3364
6622 4643
3102 4746
7314 7040
1699 5502
5291 5375
2638 1248
7814 4888
2169 6963
1767 7521
5334 4414
2077 5672
1365 4452
5097 3816
5 4585
5873 3784
965 2264
5201 7441
6818 2980
4694 3597
6164 1676
2097 5583
7280 1352
6940 6984
1928 2954
1940 6282
2008 6192
2603 7110
2365 4387
1649 5519
5461 3257
2871 2139
1666 7872
2020 4864
600 3560
4468 1789
2067 5652
1126 2828
1521 1256
1554 6197
2954 6877
1516 6052
3506 2419
7826 730
3677 2805
1655 4534
7435 3362
4301 5758
3336 694
556 5618
1459 4502
5657 5579
6676 317
4915 5182
5675 7318
7496 4495
5551 7487
1995 2376
5129 5629
4787 1070
7205 2586
7648 7303
3139 5780
4963 5455
5826 7138
2712 4528
7476 6087
2041 3328
7813 4263
5012 6382
542 3757
3765 2406
7656 4296
2582 714
6221 988
5082 2030
473 3344
3768 1139
2021 7244
4763 6351
1856 7024
643 2100
4867 3113
2264 6887
6069 1234
6203 2057
3493 813
2307 4402
919 4470
6354 2188
3235 2065
7006 4775
5548 62
2076 4511
4154 3481
6022 5478
3525 6201
7601 6101
3616 3536
7681 7479
1547 1235
4740 2878
2683 341
4248 6367
814 5176
5715 6770
1981 4382
5578 4513
7858 3330
6979 4409
1173 7394
3023 7438
7690 2873
2612 4248
3814 1788
7847 1713
2396 7371
2473 6080
2984 609
3216 4031
2639 6341
7792 2343
1755 145
864 5474
1125 779
139 2924
6410 3725
3478 5384
684 4122
3459 280
3541 1150
1203 3
6293 3791
1811 739
2629 2155
4396 6647
2539 2818
7356 3045
2668 4091
3962 3160
6256 3484
2352 4210
5140 1444
2827 6213
2048 7717
1011 5364
5028 4946
4162 2276
1773 3590
5230 3912
2350 312
770 2381
7872 2560
7933 7490
1541 4290
5952 2610
7828 2183
3378 2555
6249 1137
734 722
7275 3907
4797 5972
5882 6741
3186 221
5875 1761
446 4845
6353 4916
2241 7590
2149 7776
2611 6862
4518 7746
5799 1429
6656 5334
2852 7712
618 5921
1783 7221
4533 4397
6693 6390
6847 5091
4711 880
1802 3513
2510 1408
3171 526
4623 1526
3429 6179
3743 3042
3789 1680
6029 4026
2410 6635
865 1341
6241 1842
5502 2890
191 1116
7448 5323
6400 1757
4418 4280
6869 6826
3772 7073
6989 3122
2831 2888
4379 7761
5441 2486
6210 6467
3159 7114
129 7328
4062 1243
7652 4081
5200 2729
6462 2677
4551 3062
6885 7634
1871 2301
7783 5815
7864 1863
2583 4546
6103 2077
5963 4098
6444 570
89 4254
5262 5164
5498 6966
5062 2953
2068 7264
6800 2041
4145 7679
5149 7520
2657 8
1073 4261
4772 2530
6172 4369
5134 2565
5522 3404
1235 3213
1384 5471
6261 5840
2694 7179
97 7739
1090 2214
4469 7411
1386 1581
623 6321
906 6050
1363 1420
5769 337
2034 7602
5893 3093
5871 7978
2920 4310
453 2498
6768 7190
7914 1569
6257 4841
4491 5941
2012 5049
614 1371
4650 7177
2268 7330
1224 4547
3019 5464
7003 4373
7893 294
5625 883
5713 1822
7802 7023
5188 4388
2754 6002
1775 4253
5673 4599
3813 2253
6690 5945
6144 5286
5532 2682
4786 5125
4291 391
1002 6305
5360 1082
7764 6296
4094 699
4324 3779
4976 3235
6173 3850
616 3817
133 3088
3439 962
983 3527
1537 2542
1683 4766
2456 912
3306 394
3793 1455
7084 994
6328 3116
6987 2216
4003 1068
2574 1814
3695 1775
3976 6032
6201 3657
471 7818
6910 1869
4132 162
7560 1826
5809 625
5257 2085
2438 6228
2032 4633
5567 603
3213 179
6973 7053
2223 3647
3238 1224
255 708
397 2298
2488 3605
197 6879
1957 229
4685 1615
7045 5062
6044 649
6682 1616
4018 2053
4664 3184
1761 4963
6694 5529
4689 43
739 2310
1900 7586
5210 6638
5936 2355
3938 4220
2576 3398
407 2131
5290 4957
7928 471
4428 3745
6440 5621
6195 3166
2873 7748
28 268
6166 6277
750 3314
1967 6271
3696 732
3360 4593
5211 3309
2973 983
4919 7335
1088 2603
3346 5331
7527 4460
1980 1903
3153 2400
545 3204
4770 6
5378 2866
4667 4726
3555 164
5754 6078
1497 898
7694 4568
2931 6515
1979 1245
2256 4456
4513 2909
674 6825
2242 1684
1997 2733
7158 3519
4267 6069
6037 6234
3076 1065
5165 7323
3272 2167
7666 2910
7261 7168
661 4438
7835 2252
7628 385
1726 334
4571 7193
2774 3938
315 2128
7712 6763
4361 1339
4057 2356
4024 5270
1575 2987
4476 6157
659 5599
7339 7148
5760 691
160 479
5733 6019
2154 7434
7111 897
854 3683
3536 6033
3314 6725
951 5830
4745 7388
6088 3721
1665 822
1239 6260
3601 7605
5371 3395
6392 78
7310 5703
4676 4751
6340 13
2146 4848
7272 2207
6134 1059
6352 3551
2607 7280
1132 3975
7289 548
5289 5715
6618 5479
1136 2512
5342 6440
3576 4690
6177 6920
7870 2621
5886 2584
6639 7199
1970 1612
1860 5199
1567 5640
4158 3102
2862 7553
3753 7203
6534 271
5508 4973
4332 6215
5779 7985
2345 1741
6957 1777
1044 7422
3531 4436
5624 5898
7913 5281
7886 3200
3544 4800
5204 4206
2608 5880
7721 1487
1961 1518
2601 1262
5035 6478
2123 5977
1627 7061
1229 592
3548 7719
1613 6320
3787 6814
5284 4596
2189 2228
7113 4380
7512 5646
7051 7829
5901 4288
3351 564
6122 2656
2379 5435
5817 716
5589 6760
6619 431
1301 3635
7838 3890
5951 2942
6313 1395
6709 6156
6063 859
2231 40
3217 1313
6539 2835
6990 4427
3420 7801
6744 3715
7056 1449
434 2413
6225 5486
2398 1730
3077 1664
6480 7417
1416 122
1036 7540
3898 1175
4908 7282
4857 753
4949 2988
7591 6418
5940 7677
3509 117
5594 5916
1075 831
3326 7900
5155 3483
200 2399
6753 5442
6316 5993
5855 4131
57 2992
4758 386
5749 7258
2300 1737
2435 7846
1892 3046
3861 6792
5017 3402
1029 7804
4972 4365
3949 4847
3809 3846
1689 555
4333 1171
2321 1422
2604 5954
2218 6553
6510 5984
4166 6684
196 5886
5897 3228
2115 5496
7779 6668
4097 6441
1221 7926
2443 5719
6783 3341
1129 3670
4015 5336
1740 1315
5150 4192
7148 4896
7795 4127
5680 1035
1574 3982
5433 5221
709 2825
6336 6487
2191 5809
7176 2650
7815 2278
226 5373
7116 2933
6509 4137
4101 573
3224 1340
5226 7691
2927 5947
6383 7587
112 7609
6178 5660
1879 5960
4146 2234
6149 7286
2941 7147
4313 605
3258 1430
25 2715
3564 1176
7945 5278
6633 1461
5613 6470
7677 2694
4501 2059
1828 3771
6283 2102
5220 7866
7167 6419
860 3819
4932 270
1840 5140
1525 3668
327 7736
1630 7266
1041 6927
1797 1314
2176 6330
524 1675
4887 1205
905 6742
6318 4347
1772 3684
1990 6517
971 645
7382 5552
3450 4818
4832 6020
4714 5505
3678 1760
2972 4393
1595 6919
7817 2886
3191 4052
1954 7062
7803 662
1526 849
166 3641
2258 7415
2114 4989
3724 4959
1333 5558
6944 2353
1387 1823
5147 3153
1204 4358
5632 437
4771 4673
5391 654
7375 3234
5141 1662
2514 2496
5195 5871
1364 1562
787 4193
3634 4407
4549 5707
73 7821
5627 7767
2932 6145
4766 2144
7266 3421
6955 4383
3963 4875
4686 543
2783 4389
6740 7830
1844 7375
5811 4416
7741 1409
2532 1413
3113 4041
6913 3582
5591 873
2078 3962
2339 7905
5078 4075
4739 6362
6493 1787
4502 3133
529 5900
831 2152
7588 1309
4569 7949
29 7534
5181 4529
711 5961
6366 1608
2846 7413
6515 3946
7410 4582
5127 7908
2516 4007
7773 2838
1934 5380
305 749
888 2772
2705 390
1155 7572
1405 5911
4651 7945
6816 1010
3302 6821
5870 3004
4022 3900
1565 3618
2430 5625
5096 5036
6570 1703
6113 6067
3418 615
2151 4085
4285 5506
370 3436
3323 3411
147 541
635 1797
1231 710
1256 5233
6607 2137
4133 1716
3402 7218
6926 3736
7359 1848
2830 1184
974 3193
3936 4191
6983 6133
2271 5124
1938 6874
1593 3291
631 4281
66 3940
2142 6714
177 4175
2144 4563
2388 2426
601 5320
3338 4057
6922 5083
4434 6368
4917 3649
371 868
1831 2327
4242 4823
5199 3840
4626 5675
6495 6186
4554 4630
7577 5225
7869 85
2959 332
7518 4636
5341 2134
3286 2622
3174 3247
6663 6931
999 3197
6886 1907
7333 1968
3974 511
7895 809
6626 4378
5194 783
7277 6626
222 978
185 116
1597 6076
4958 946
4975 6504
4818 3847
7063 674
1113 1517
5646 3255
3783 1273
2088 3447
5992 4713
7500 784
2985 4147
1546 1271
6516 4985
2147 3252
5611 6859
281 3285
2786 3957
1950 242
7730 3392
732 36
6952 2855
1553 5648
2501 7833
3648 1174
223 1071
2742 2007
1116 1127
1144 1079
872 2044
7070 758
1375 1955
6067 4199
3198 2668
3381 7039
3192 7013
7046 7208
4514 412
7956 3267
3084 3139
249 7831
1520 1373
3500 490
5821 499
4944 1534
4360 3521
75 3367
108 3580
3155 7126
4946 4124
7257 5136
6923 6431
5712 6185
959 3260
6726 5891
676 5284
3926 7098
1556 6599
2581 6170
7516 6127
4727 7697
976 6295
4174 7756
6860 4541
5487 5304
5183 3339
2752 241
5466 2039
7572 7391
3176 4497
2842 6107
3350 3936
1242 6673
2853 5650
2105 6731
6762 5168
2773 4201
5311 6505
3803 7589
7055 2251
3467 5959
3915 557
6426 7019
4660 6348
689 6710
5264 7259
850 4198
11 7488
1776 829
62 5480
3693 5219
3133 3002
289 1416
6771 7551
1836 5810
6151 5370
5231 819
1299 4531
1752 1611
1814 6416
948 1936
3073 6167
786 7389
7605 3790
5879 4104
2910 7035
3386 3610
1165 7333
3668 717
894 6337
6347 7188
700 996
3121 7014
6769 5243
5046 2003
7908 5729
6970 2960
4331 7348
1117 1880
1635 656
6064 257
6988 2084
7901 7994
1730 922
464 2027
2464 4650
2538 2936
2356 2417
5604 1634
4328 1570
7222 7256
5454 2550
4808 5481
929 1107
6472 6993
4663 2914
7345 5302
4701 3103
1942 1506
5880 1077
7298 6778
3609 3611
336 5273
5038 6952
282 3568
4203 361
5653 4145
5599 2412
3136 755
1261 5204
7676 1471
7963 4363
1570 5016
7551 610
2108 1098
4545 4629
6524 5296
3082 5074
2624 5847
7377 3673
4743 4184
882 6031
1895 1095
4847 5097
4943 2379
2704 3396
4155 7373
5586 7848
4952 5030
2363 4548
4801 5789
278 466
5163 7022
3 2372
5525 5981
1112 941
3169 2540
5297 3653
5015 6401
5249 4595
3905 1536
6865 2442
2598 3569
2902 5092
6184 3722
3382 1316
3516 2225
5699 7498
3517 5950
3392 5631
7341 1946
1930 3984
3867 7524
7207 7532
47 6436
313 4341
5006 2107
5601 1081
4209 3738
364 2883
4570 1808
3089 7933
7325 5100
4397 1631
7898 370
4136 7482
3871 6214
5166 3390
1153 6267
161 278
4717 110
1914 4034
7465 2921
768 1515
7827 1839
4807 48
3206 4739
1863 824
4500 3751
849 2809
6024 6824
5294 3872
2904 6767
6058 1222
6251 1324
1989 6616
3624 7382
6055 5287
3308 6618
2912 5245
7016 2471
7416 1366
3934 6868
1295 5193
2389 464
1079 6728
3203 7670
4262 4791
5555 6855
7224 6840
873 4023
2495 5998
4827 1467
6728 1540
4027 4958
2129 6273
1855 382
4260 5215
1918 5720
2209 2093
21 6384
2166 5106
3455 803
3017 7828
679 3086
209 3290
1890 2409
1815 4718
687 5870
3166 200
6194 4983
6647 42
2195 4459
3566 943
6401 3419
3687 3393
803 5541
4990 7962
4264 2004
5271 7683
6718 1911
5217 5420
1845 971
4047 7007
1321 7983
2216 6398
5700 4053
796 4445
3512 2118
3327 4600
707 2968
6047 4317
36 521
3284 680
3528 2221
1701 1644
3662 4552
757 5586
2491 1977
2851 7001
7271 4478
1103 4757
3309 6432
5593 3129
4627 3130
219 32
753 7687
4765 5033
6034 1335
1939 6352
893 3774
5399 2033
7347 517
4318 3340
5703 1985
5308 7298
1179 5607
639 6678
5439 3482
4152 1679
5351 2305
74 6796
4019 7782
3684 546
6118 2964
3123 5358
952 6630
6416 799
4406 7581
7784 7031
4594 5173
4547 5096
4192 4787
6202 2120
290 4614
1528 7991
1727 5299
4531 3315
4742 7255
5058 4321
7811 4720
215 2913
1382 5440
3119 1272
6494 1541
7202 5664
5984 2334
4523 3132
285 2208
2233 5547
3359 7311
2600 2831
7480 6289
6191 5835
1043 6340
641 3468
1690 7715
5596 6802
2376 254
2814 7265
3756 878
5689 606
1436 7620
7034 2903
3074 6550
5652 2402
6403 624
3748 3760
3737 4978
2346 1034
6260 2742
411 5295
6186 3867
5705 4224
5660 6265
6007 7906
1968 5752
5526 320
5280 2047
972 4501
6794 7665
5684 3407
4819 811
6454 5764
4865 1119
2239 2764
5648 5050
1722 3686
4063 5709
7670 3691
4334 5001
3352 1483
5889 5877
5446 1265
3504 374
6813 7495
6349 5009
5300 3628
2768 470
4713 1794
6672 1982
7915 4381
296 1141
4079 7331
448 5330
552 4954
424 763
1433 1733
3221 5263
7546 6411
17 362
2299 6208
5488 3017
2775 5671
2700 3055
564 1721
2359 2257
4294 5487
7540 3089
7329 823
4873 4112
6670 896
2635 7509
1888 3869
1846 1887
3897 562
6992 1198
1345 3692
271 3351
6968 688
7951 1172
498 4924
4306 1688
318 510
1691 4560
4729 5883
2901 6096
270 6986
46 6848
3597 841
1303 87
2277 522
4964 2410
1107 1876
7428 6801
4178 7640
610 3433
2322 3549
4794 7535
1659 5444
4773 6642
7041 2493
4511 1902
184 363
4150 1674
5745 2662
4366 5230
5671 288
6692 2893
187 6892
5168 451
3385 6905
2988 3578
24 6252
394 2538
4287 5769
5858 4489
5659 3084
4344 4852
4874 1720
1483 461
2001 7500
1854 2370
6343 4709
5013 790
1490 1128
4364 4996
51 5736
536 579
1169 6834
6021 5843
2565 767
5910 3888
4149 5568
5674 174
7686 4899
58 2042
7607 1997
7916 1165
5019 6704
612 156
1919 3487
458 3769
574 942
7667 6166
1148 889
1907 3469
4842 1412
131 5796
4250 6917
4013 4956
1704 5526
5547 2121
5453 2595
1725 5492
2536 937
5908 7750
390 6485
4117 4311
4632 1528
1163 2686
941 4120
737 920
7374 3701
4916 6334
7770 3727
1337 1734
3401 4884
7873 5933
2107 2335
551 6181
3110 6588
1901 1057
6719 7155
902 1888
2958 4188
247 2311
3002 7462
7703 3301
6654 2109
4613 4543
1833 4417
6016 301
6820 7166
7408 1861
3708 6144
3699 5644
395 4634
2262 3666
5029 1736
67 1321
3821 429
1933 3854
1816 7157
7182 4802
3393 715
1880 4425
5808 6718
6074 1402
1438 1673
6381 2723
1787 4360
5477 3187
4105 6010
544 3037
7691 7418
1286 6383
2994 3391
3335 1995
1425 1512
4070 1959
1619 7043
7137 3316
4368 589
5261 1521
2888 2474
3636 4579
3292 2015
6297 6138
4725 1060
2496 2361
1216 4871
7729 2850
559 7603
4600 6841
7066 1567
6503 7128
5517 6379
5946 930
6777 1088
6243 3856
1678 751
5460 7696
5033 6366
7199 6593
2418 7219
7888 7252
3445 2739
6684 7222
1248 2488
6224 6135
2518 786
242 3833
5326 4418
42 7307
2052 1073
7259 3897
922 7477
1265 3057
1443 6819
3775 2940
2082 1758
5843 7546
2483 2693
5633 2616
3770 6898
7486 3303
666 4812
180 3990
1506 5002
5235 1257
6812 462
7520 4166
5782 4906
1284 3007
6185 665
4937 2849
5912 3563
3184 7403
715 6281
6 7326
4687 1886
7964 2813
412 7669
6616 5868
2787 5150
3901 435
7638 5367
7075 4948
238 1874
298 7051
4010 6483
2553 5090
7169 7785
3259 2572
5228 3906
4037 6081
7447 3766
6131 3944
1714 7339
7923 5283
3470 2602
3005 4093
6247 3014
425 5533
2531 2272
7196 2389
6304 6843
3387 3812
5408 6853
2124 5733
1987 4185
2631 6513
6530 4077
2617 5238
6912 6255
763 2639
5964 5620
4320 413
354 6631
6217 690
3400 7942
560 4426
2458 4921
6080 6237
384 2330
5472 6220
2125 3277
1716 1970
3274 4035
6603 7702
3052 6251
928 2897
5621 5427
6089 3105
3899 5170
4671 4022
7156 4944
4263 3674
6254 6518
6207 1114
502 1325
2383 4078
1178 1922
3804 60
7387 7356
7663 5425
1156 5332
6576 1919
5494 3047
1903 5163
4052 6613
7306 2770
5865 6324
6805 681
2186 1133
3993 3826
2095 5813
6522 4507
3922 5649
7654 34
6767 228
5376 7971
3667 7545
2621 458
6265 6347
4562 5142
7434 2713
4659 1261
6248 3807
488 5055
1911 7151
2230 3332
821 5194
766 5772
4737 6657
2648 5726
6446 4861
6035 5511
5112 4951
7449 6589
5252 2906
1500 7367
3957 4955
5266 6202
4896 5232
3868 2153
4906 3799
2980 6163
2484 7093
6615 5441
9 7871
1743 7741
4762 1702
651 3765
5681 762
5132 885
1013 7460
3773 1527
2235 3943
69 4038
1279 3038
6161 4659
7954 3584
4256 6782
1599 2681
2819 580
5678 3201
7762 5070
1513 1881
3511 6479
1535 281
1084 2438
7940 376
7574 1563
1251 3209
1824 2028
4991 6353
7735 1973
3543 6221
5560 3357
4606 7764
5305 3735
2991 7251
7467 4394
1622 6575
4234 4293
7706 1064
5845 64
5726 3502
1971 19
6079 491
2057 3271
1768 5858
4682 2392
1349 2448
4172 3877
5430 6702
3769 4932
519 7528
7446 2306
4522 6858
7053 5995
1292 6147
1389 2629
3138 2157
1891 291
7952 3114
2680 5739
4139 2258
2925 7086
6500 1100
454 3181
3321 3244
193 7703
997 5191
4669 4572
1511 1083
871 2477
7565 5551
2327 6034
3675 1767
7840 7651
655 1545
6015 3939
5450 2218
408 4771
1146 81
5785 6955
4292 1391
1151 4519
6169 3901
2738 6188
3487 643
3065 6397
588 1465
6823 807
5302 2710
5170 1281
3593 1042
2567 4179
6038 2018
4875 1856
6402 5806
6846 7913
7879 7984
1849 4900
2047 2861
6791 5446
4127 7301
3902 5392
2364 2664
1192 7268
5030 6715
2338 7621
1702 5024
5819 6998
5535 58
3939 7351
7809 4352
1455 2984
6699 746
6529 272
16 528
2542 2612
7300 806
7440 4652
3324 4125
5178 1148
5520 6473
2340 3225
2670 4637
3278 2029
1374 7852
7450 2975
5287 6664
5186 5853
3481 4575
2967 3838
3251 2919
5763 1746
3639 5416
6580 7423
920 5318
2986 4037
7406 1178
5099 2928
2347 6066
2106 1031
6062 7556
6105 1667
7985 7089
7919 4532
3250 5850
2551 5760
6300 582
2877 3964
2467 4430
5094 3220
4417 3496
7957 4108
216 4242
7563 1301
2821 299
6760 3643
5630 7512
7596 4159
3637 351
2807 839
4734 2862
5218 7530
4756 3329
4923 2860
4144 827
363 4939
6053 1899
5255 7774
5797 2286
6563 6098
2397 4794
2733 6585
5026 7982
5363 4675
2823 4322
6564 4510
71 5948
4945 6971
2004 3948
1975 3993
7477 7146
1568 6937
6845 348
5374 7819
5753 5433
2509 3600
474 7868
3583 7722
2103 4796
4393 778
2240 4252
7999 5292
1656 1123
7831 3175
4316 4044
7087 4974
1240 5622
6208 4018
5053 5187
7808 5842
3232 7686
3523 1486
6335 6651
4702 672
1347 35
4653 1302
1507 2754
2632 1668
7568 6994
31 6408
5778 354
2664 5678
7753 1663
7117 5905
2291 3832
4196 1179
3200 6117
7634 7925
7293 560
2584 6747
4457 91
5086 7011
3935 1893
3064 821
410 1549
3916 720
1808 6211
3779 2712
647 1328
2689 3297
6640 2034
3391 5655
6528 1621
1931 4934
6394 5003
3277 2554
522 75
979 2904
6880 1630
246 4493
1965 2347
1477 7763
3433 3240
1243 697
5906 7760
266 7591
2971 794
2544 5818
3757 3870
4499 2720
7950 3173
5158 1629
5774 6385
1270 7884
1792 3060
5232 5218
1732 5860
6384 536
2237 2
3958 628
3371 108
1119 7806
1035 2226
1069 6851
1955 599
1687 3096
7585 211
6575 3787
6263 1591
3706 6791
1731 1297
6026 3821
4625 3178
4035 3971
2655 5237
220 594
4258 7047
624 3505
2837 1790
1032 133
5744 3442
5171 7308
426 7732
3698 4146
7834 5054
7695 1020
664 5727
595 2175
1157 5756
7439 6790
3262 5906
6755 3112
2769 3027
6644 1439
3201 2165
2667 6881
5159 725
6045 7693
7112 870
4365 421
3944 1931
6049 3294
6066 6699
500 165
2133 1270
2930 1652
1834 4553
1858 6689
3561 2747
6415 6516
6954 7814
712 3363
1790 4943
4524 3371
6051 3109
7740 7046
1152 4898
7845 3123
2073 17
5041 5827
2412 2553
4195 2939
1444 2628
3712 1917
3300 5975
1377 2640
6319 140
5730 6822
6095 6284
6829 7309
3279 7552
1227 5503
5120 4850
7960 455
6389 7721
6999 335
3179 5057
1913 5274
5776 4587
7514 3195
1680 3811
6976 7063
6102 575
4229 3463
3733 2930
4910 2136
6019 6244
1160 7573
1524 5518
1638 2050
4032 1980
3298 2571
3161 6636
7571 7358
2487 4790
6282 414
2280 3474
777 2955
5603 6797
3205 1213
4587 840
2381 6594
2535 2667
2815 7768
917 5454
5872 4135
6409 7416
7107 3932
4748 494
3763 647
636 4259
7338 612
3465 7559
44 5987
1751 498
5728 1873
2968 1499
7993 5848
2625 2665
157 7919
5588 1220
330 295
2995 1121
7841 7263
2869 800
7539 2768
5349 101
1770 5548
1695 7747
7323 4291
3013 6845
868 3829
4441 4714
3857 3978
7039 4977
365 1624
1322 3451
7865 3083
2880 1389
3438 3609
3751 4611
4728 7936
3485 2995
7640 2273
4735 4667
6189 6777
2577 7734
3096 21
6311 705
6087 2103
680 4905
2319 6287
6377 7539
1390 1692
6669 2222
1311 7911
5829 6628
2841 5838
5764 6556
6853 5132
5422 2977
5121 7223
7427 3127
7626 7133
7868 3998
6115 7544
2212 5224
3283 4004
6329 7631
2476 1495
5031 2872
6859 865
83 5352
6147 984
5666 7503
3975 6346
3518 4477
7935 4213
4220 2938
5100 7579
2081 2655
4912 3508
2651 3264
1288 2009
3842 7489
5566 1755
620 2672
1671 574
4520 6707
120 1568
38 6959
3526 6024
1509 4328
6609 2344
7705 3440
7718 4819
6413 6140
4323 7523
6378 6511
2923 3464
3234 4054
438 1294
7344 192
4813 4772
1118 4521
5476 3646
1898 7805
5662 7649
2755 1926
3856 6450
7133 3452
5316 6460
1432 1800
3658 7154
4309 1458
2699 6248
2222 3266
7874 1870
2370 2215
470 7443
6787 6520
6014 1723
2023 5493
4359 966
5504 618
5406 5831
1848 7325
4856 6554
3996 2596
1080 7292
2314 7044
334 3460
2688 7234
4382 7754
3788 3425
805 7695
7201 6863
7131 7010
2594 565
3579 3375
4528 5014
7279 3142
4461 5190
6428 3510
7490 2342
5818 2797
4045 1712
2707 913
887 6737
5244 567
5902 2536
3158 5893
3366 607
3808 6935
5531 2976
4616 2138
6920 6152
4540 620
1469 1571
5333 7196
7612 3809
7788 4003
6193 5280
7235 2503
3020 1320
1273 879
4001 6930
7089 7254
7184 5158
7340 2562
3985 556
3409 1877
7030 5398
2522 6697
5193 1836
2085 5859
535 6529
813 3245
3486 918
3368 1192
6624 7935
1452 4987
6485 4816
5595 1771
7282 4013
7124 2649
2792 1303
6701 3492
6010 1818
1542 6309
3826 6758
2292 6934
705 2132
2162 5951
4226 4140
239 1852
7299 1445
3630 189
3735 6696
4462 6904
359 731
4584 5027
6486 6381
2062 552
760 5825
4253 5957
1093 2597
2217 537
788 4586
6589 5808
6330 2744
1564 7065
6298 7097
4190 5600
6162 2874
5016 2178
416 2978
7109 2583
5124 4016
3550 1181
5538 6332
3012 7577
7918 6972
7475 373
2031 3467
2782 3642
3650 7757
7337 7771
6451 6941
2691 5751
733 6717
3268 4499
6834 3288
3108 1343
1147 1557
4614 5826
6961 4748
4665 7210
5042 1011
6901 7882
104 1961
3782 3001
274 151
6255 638
2286 1318
1874 2395
7757 2627
4026 4542
3572 2149
937 5991
991 5089
5717 1895
476 4776
3311 306
4644 239
2999 5039
900 5919
3183 2061
2017 780
5918 7964
4871 212
1189 7822
1139 2063
2080 5750
3444 3880
955 4555
4012 6800
325 129
7561 1912
5741 6373
4363 4234
2489 6261
4535 2451
3266 439
909 5260
1245 7108
2800 3115
3202 6443
1108 6502
1646 6640
3007 3441
4854 659
2876 2460
1133 4657
2622 2582
3714 3898
7800 5865
4419 4524
3546 5686
3476 1726
818 4237
6312 3659
6108 2619
1738 3858
3369 5587
1719 1868
5841 693
7942 7187
3986 7832
4800 1648
6600 921
3584 202
4620 5730
6099 7881
2122 3149
2419 1817
6107 5451
1026 1347
3416 860
513 3718
7200 1647
1114 3716
5022 2790
3731 3708
4753 7583
1274 7430
4695 6978
1254 935
4844 7864
6614 426
1581 6323
580 7862
7436 1508
2225 3034
1917 5071
2974 4056
7192 1574
2200 4165
5065 4576
356 6604
5295 5365
1540 5812
6156 2575
573 2205
1424 4454
1631 6037
321 392
3188 3135
1415 5932
2620 4289
6840 3762
3629 477
3644 2623
1964 3147
3100 5833
2511 6180
5483 1706
229 5148
2413 7955
7430 2170
1176 2450
7524 258
5768 6115
7570 377
1048 6088
6374 6509
7173 642
6167 7724
4298 750
2385 740
4349 3518
4634 1811
2728 7036
758 1556
2113 5507
6116 3343
5288 1804
4275 2430
164 7637
719 960
2446 1929
1986 1419
1435 1653
3858 7533
5746 3094
4119 4195
7981 7067
7142 1044
7822 1016
7354 630
7576 899
3990 2843
4014 3354
3947 7811
7284 1342
2499 5556
3919 1167
3542 1369
4615 7560
2328 2501
5381 346
3924 4855
1168 7469
5126 6060
3018 1236
6215 4617
7007 6679
985 219
561 4674
3592 888
13 7463
4864 6916
4339 5774
5773 5103
6745 3625
2790 296
587 6503
558 4173
7701 3416
7260 595
7288 5116
646 2557
1300 3862
1598 5293
243 4415
50 7841
4020 4843
4007 4689
5577 7257
6602 4463
4369 7950
4555 7471
3427 4374
2870 4283
7304 5581
6963 5782
6605 5564
6439 7378
4005 1019
7057 5688
7120 1018
883 5851
7589 5429
7080 3986
5710 7531
806 2090
1893 519
1921 2497
1753 4866
4546 793
6882 5828
2866 961
159 7226
6323 1400
3951 4834
421 3899
3432 2911
949 97
7240 6537
292 6322
7929 3448
7245 1810
1641 2172
725 6918
7397 6552
1620 6465
4483 5456
6096 3825
4895 2461
7043 183
2512 3773
7498 6912
276 5540
7469 3507
5642 1884
7218 4012
2690 1385
4259 1853
3422 5667
4603 7844
3937 4233
3220 2367
512 2537
5724 3305
1057 5574
4820 1072
5898 6489
2471 709
3027 6425
6190 7527
5458 553
1809 7143
2848 6654
3879 4539
6345 4927
3534 3016
7542 3360
943 1753
7195 6748
5804 7996
6572 3591
5634 7195
3900 448
2132 5172
2747 6488
1959 5381
4902 1426
5610 3162
4630 5725
5234 577
1464 881
4148 4701
6025 524
771 773
7160 4024
5967 4
5860 3631
4054 2179
4962 1219
3587 1986
5068 7854
838 6182
3316 3994
3795 723
2597 6219
2850 671
3612 6253
7296 1889
4939 2187
1357 289
7393 18
2206 3699
3049 4635
1637 4992
6420 2929
4496 6745
2596 4999
3214 3013
5276 1529
2006 5324
3657 378
5802 6448
4184 6861
1115 761
4064 7598
2140 6029
817 1047
5955 1779
145 2422
2881 161
2480 1102
7501 6735
2695 436
1694 2369
7556 1865
3752 6569
6237 5892
6061 3355
5723 6423
3673 4880
7432 1857
1241 1392
4439 4330
2547 7473
6661 5874
1756 7779
4986 5085
6268 3146
2465 5431
1910 1351
506 6869
4924 5346
4186 2280
6905 4410
303 328
283 6466
6196 6469
1884 5275
4038 3471
5832 1538
6436 7042
316 159
3187 1195
1046 2773
5663 542
987 2722
126 4708
2260 1965
2799 3896
7984 991
1667 7180
7174 1480
2295 774
3175 3426
6997 248
2063 2013
152 1815
7457 2507
3056 7109
2377 6951
3992 6121
5059 5342
1806 6964
7692 7788
3843 3346
116 1951
3690 4172
1943 1090
7602 1286
6513 4786
6065 7635
7573 1900
4996 5903
3725 5391
7614 7714
5734 7215
1660 1725
7303 5695
1982 7184
927 3770
6659 1441
2963 6077
7597 3952
7086 1051
4757 1711
26 695
911 915
1536 1209
4066 3714
6949 7102
7592 4232
5649 2944
5060 4750
3649 5404
1724 4719
3397 5490
6143 4005
7011 3078
4385 6414
53 6311
7381 2487
1130 3587
7776 5994
5644 7930
103 3491
3774 5207
6380 7578
6271 6733
2165 4207
3037 4433
6295 748
5364 2274
7297 5539
1309 6168
5489 6230
2065 7009
2808 5394
3741 7240
489 7738
4107 3177
5076 4437
7096 5017
1801 4870
4446 2492
295 871
783 3420
5098 2476
4481 41
3398 1595
2407 2223
475 3222
4194 124
260 4399
4355 2642
2336 4537
5623 796
3004 4729
5237 7549
7145 6612
4858 147
3959 5084
5238 3067
1517 4994
5004 5658
782 5319
598 601
52 6011
511 6514
5540 1269
3744 5117
3852 7379
1983 1106
2789 7074
1628 1158
3453 7297
2724 3068
125 3385
5926 1101
7175 3969
4863 3608
5322 6361
7219 3074
5468 1998
5063 7737
7033 3882
4371 2171
7178 6581
852 637
6479 7406
6855 4830
521 4968
277 282
1267 4697
7250 4779
6477 2083
7513 3198
208 4238
3218 2481
4463 4424
7714 4747
5503 7699
287 5438
4169 7616
5949 5149
884 6818
7829 6943
7519 7786
5707 1030
4228 785
7136 6691
1367 6241
6511 4102
1429 7253
1158 6338
2616 6335
2889 2062
3093 1204
1430 7174
1527 3397
486 4420
6032 3317
1304 3694
778 7342
5495 5901
1700 1539
1878 3733
5328 1085
4645 5139
6504 1024
2224 3633
4341 6250
3589 7548
7105 5227
1319 3566
7425 3048
1577 1345
6806 3470
4252 4683
7253 7167
5014 7294
3645 6249
4296 2078
399 3137
7823 6269
6630 675
374 7959
1664 5697
845 4339
5731 216
7103 5792
3745 7249
6887 7808
2007 1289
5071 6363
2682 591
3304 4344
6774 3015
7152 6958
4951 2676
3849 1242
7821 2123
7286 1828
2741 3031
6851 1593
5688 4226
1747 7486
5895 529
6171 6090
2886 2617
6546 6075
7231 7400
6267 5837
5370 6119
6972 6468
2654 185
4043 3679
6214 127
1131 4274
1344 6816
3463 4693
4992 5073
4091 5522
1935 2262
2653 2895
3850 2880
5969 6812
5492 415
621 2958
4509 5477
5179 6291
6627 7336
2312 5606
1795 4071
2939 6827
5537 2679
3875 5476
137 3394
3242 4644
682 5661
7986 5242
6959 5412
930 5239
6703 4514
7017 2983
5974 1576
1639 998
5694 339
2502 6258
1480 1974
5470 5047
2171 2685
2128 1514
7153 5553
1320 3110
2947 4133
2804 6378
6086 7624
6830 7275
836 3453
957 4243
5137 6165
401 6288
6363 2687
1403 6490
5725 1203
2579 1639
7154 1122
6784 1206
1122 4780
4096 6655
2818 3541
2836 4865
1708 1727
6636 2743
773 3495
1142 6143
1159 6524
420 721
7482 5272
310 925
6229 4813
6397 6940
2524 45
4635 5424
7882 4668
4527 4698
3033 68
5950 7948
1545 4705
5151 2675
6092 6992
262 4412
833 2470
7953 4406
6932 2244
2964 3726
1276 1802
1912 2767
5079 2834
2861 273
1651 7817
4274 6675
2726 619
7095 4893
5021 3929
7183 6558
2838 4177
4784 4815
4039 6326
7968 2606
5405 4467
5839 7880
4568 3629
6962 2763
5486 872
4044 4055
4839 6388
4577 6764
7290 3473
7750 6597
3474 61
3618 1535
4017 1643
4781 2726
286 5277
3348 5467
1998 7688
7937 1834
182 1796
257 5710
7944 6247
2765 67
2417 6177
7988 1267
2525 115
2285 3660
7684 7480
7934 1866
5959 4559
1449 5685
625 1850
1197 2927
2361 6146
510 3080
3920 5711
1071 6279
7028 1892
7004 6860
2341 4774
7438 416
460 4285
4071 2706
6548 1365
4497 4727
5803 6977
2109 7820
5396 7118
1765 2670
85 286
3956 4212
2801 3945
2671 6161
4956 4083
675 1364
5198 311
294 7160
1617 1572
4746 353
88 7798
7211 2721
2721 3949
7801 6706
5392 5896
3940 5508
2098 1169
3095 134
6482 3381
4305 585
4631 7354
2050 7322
7859 4011
2084 5692
4556 844
4752 2533
4201 6915
7244 5542
4137 7021
5412 2043
5449 359
784 5043
658 3216
149 7250
2978 2212
7466 4670
6174 791
3480 1290
4465 39
5352 2113
2966 2094
3310 7673
4208 7237
1120 4692
493 4074
3164 2804
2955 5528
3670 7163
379 6021
6722 4189
6006 7100
4308 1910
523 4663
6854 6970
6758 4835
822 1189
7357 3995
2909 3211
1610 5276
5061 902
2015 2219
1550 2011
3681 6736
720 5058
3083 2316
380 3989
5417 4623
532 7753
5647 516
122 3557
4051 482
4948 5683
3660 602
1218 1278
342 506
111 3427
1317 2309
842 111
6508 5647
6031 3104
3396 3555
7765 4762
7369 5627
7485 2111
4409 6210
3029 3134
4414 1989
2564 1277
1023 1657
351 5372
853 678
5973 2816
6883 3318
1777 1232
5534 5771
2104 7106
3078 5989
1356 65
3477 1
2288 4090
4806 2092
7698 3446
98 2197
7760 50
7786 3525
4348 7239
5987 7957
2436 622
1410 2513
6648 250
7042 7424
6473 5289
6928 7843
1966 4167
4387 7506
6043 422
7186 243
3762 2445
1668 5087
3642 7927
2634 4863
4435 4342
2590 1431
3736 2054
1616 5249
2014 4735
7452 5437
4722 6130
6936 3678
3055 5876
3726 1076
603 2748
1354 209
419 3475
4575 2181
2650 1618
1330 5154
1001 6407
1555 3180
1003 2635
192 5643
1260 3071
7931 4632
5823 7576
7047 3517
3522 358
1920 4561
7562 6445
5559 6136
7766 3804
608 1048
6775 1306
7060 7966
3676 3511
2120 4883
4179 1872
4311 4384
2353 1685
7992 1619
7594 2268
1106 5120
2762 38
6497 7209
2875 27
4121 7555
4708 1149
392 2455
2064 5949
2723 3347
717 2689
5369 1781
7247 7745
1296 1002
3129 2840
3466 3145
143 2902
1827 7314
4649 7504
7479 6669
4612 1358
5207 756
5253 1049
3249 1092
3282 3231
4516 3165
2989 1196
6725 7632
3079 6671
4113 2526
5050 3488
5270 318
6561 7300
5410 5031
973 5985
981 6662
7629 222
2022 2592
4925 1453
3970 3604
5069 2287
3969 6200
2613 3953
413 1096
823 1442
7082 3243
2911 2691
1428 1040
3874 4325
4559 3412
4641 1941
4855 1223
3190 3101
6739 463
2337 29
4290 12
300 7929
5846 1000
4163 1524
1941 3408
5924 5680
254 6151
5136 1054
2091 6290
1623 1921
244 2510
4477 485
3691 3712
4167 848
4692 1983
1821 686
5340 7961
4370 5494
2591 2162
5236 6803
5219 2371
5925 3883
1167 2365
6406 7213
7532 5013
7543 502
6393 7883
6608 2613
