8000 500
4711 4615
4686 5511
7264 7300
2296 7091
1405 1207
1148 1218
5976 6887
2426 4320
1630 4861
4880 3850
6488 5018
59 1387
1526 4665
1119 3523
1410 1699
6703 2526
6061 3198
1906 6884
10 4992
7971 5925
4324 299
3775 6916
2399 135
416 3325
140 1465
3869 6793
3748 4867
7656 5294
3839 5620
258 5150
4114 4629
3519 6287
122 2736
1998 6649
1750 5671
1848 631
4153 3628
5046 4739
7203 7356
5290 2638
3853 6913
4990 3286
2004 5032
3386 7313
4143 1128
1301 7224
233 1558
2238 7899
4069 2905
5728 4420
683 950
5503 1262
4942 3860
88 3653
6154 5633
6866 1293
3462 5725
5339 3885
3366 6368
4895 1216
1106 6679
3877 4863
3130 7067
3126 6743
3280 7089
3711 7448
3653 4213
1482 6119
1379 3958
2200 1459
4147 6816
4094 2237
2545 6469
1056 4139
7862 6949
7310 2530
3486 2353
6371 4474
3164 4007
2606 7815
1582 2047
1199 6591
6279 2354
1317 109
641 1449
1914 1258
745 6069
695 5467
5661 5756
5 6063
5898 6680
955 3737
6908 2340
4781 6601
6398 3152
2271 4683
7874 1444
3695 6928
4392 1742
493 7955
2454 7962
2943 330
3708 3016
1890 4178
6940 6681
6976 5903
6748 6444
7891 5788
7044 1913
26 3388
7302 1826
3584 2332
2102 5405
4668 7103
92 6646
5644 5125
2347 2059
6277 4969
3704 1910
7934 6418
3863 3024
4434 5688
6722 1323
1970 5555
3761 1543
6002 6015
2074 7189
7942 4894
2062 6741
6877 5695
1391 305
3260 4255
7445 3069
3050 5529
1815 1952
555 2021
2308 663
2481 1784
429 6476
1674 5673
6344 3072
4932 2366
4449 4997
2688 5930
6325 6694
5675 6442
7715 1659
2866 1626
7395 7365
3425 1470
7671 789
1899 873
4024 4129
1090 6505
5585 7544
4339 19
1297 2991
2789 1242
2605 7831
3259 5307
7790 5972
6627 5194
2477 6339
4706 2323
539 4919
7886 1002
51 7417
6149 6400
4910 387
5256 650
7629 1313
2620 7095
7425 5703
6409 952
1227 5571
6788 2369
7877 815
7091 2975
3223 2356
631 2235
4939 2488
5123 5497
7859 4792
189 3444
1656 1171
2328 253
4124 403
5817 2778
4474 5816
1203 5992
789 7264
5472 2296
1729 1696
6113 1759
1820 7549
6711 5738
7363 2586
7684 6321
7651 3906
4927 5259
6203 665
6885 1310
4379 328
5544 5588
7532 7722
5370 640
2349 1519
5141 678
7052 4634
6750 4013
6807 6777
7408 5411
3919 2145
7355 7337
6533 1872
1208 7668
4534 1995
4321 550
3999 45
6216 2183
7664 4513
6032 5783
3435 3418
2142 3203
2801 713
2658 6395
7991 4286
2119 6012
4925 7200
4690 6852
3254 2436
2003 4031
822 976
5918 4638
1142 105
2066 2348
7428 7020
2761 860
7850 4306
1601 1520
4696 6210
4600 5808
5991 7674
7549 336
2870 5473
833 641
2792 7882
1337 2087
2666 3577
4728 7033
7059 4532
4646 7463
6381 6678
775 7265
3420 2372
6428 1943
5244 6465
6998 3747
6532 7723
7892 4953
2360 337
4316 4288
2086 4310
2520 3646
4778 3886
4956 3210
6178 3564
6584 2214
3391 5645
3201 3270
131 4937
3914 7351
1739 6828
7995 698
6246 3451
6619 5517
5325 621
4650 712
4488 72
5977 311
5481 2506
2591 2453
5345 4750
1302 2150
2118 6192
5543 7945
2619 6095
2826 875
3938 7174
7177 3201
5825 4418
6894 298
6501 2646
3427 7271
286 535
5416 3449
7994 1049
5900 467
3349 1556
7530 7137
1826 1338
6123 4503
262 7109
7238 1199
7780 701
7803 4779
4564 1275
5147 4934
4863 918
5360 285
2553 52
1319 5149
1897 554
6913 2054
5144 4001
6502 4170
602 7169
6855 882
1521 7573
520 6735
2139 4889
6052 7732
5179 5200
7687 6270
6693 275
7454 3470
6140 5088
699 2201
2815 272
3184 5846
1255 7988
6597 5872
7860 2497
129 2722
3211 6064
1496 5275
4103 6090
5908 1255
4986 662
5930 5024
2141 1839
851 1853
2902 565
2707 4480
993 3768
6094 5820
903 5878
7593 2501
830 5302
6219 5897
3990 2401
753 391
7884 4887
1369 3123
5669 615
1994 7858
3003 3002
3119 7015
4790 4198
7544 6755
436 3015
5972 5969
3931 5975
7086 7927
5261 943
4206 3789
5537 3519
2964 1286
5294 657
4089 3295
5583 5005
3976 2507
1149 3415
3277 1923
2561 1521
1850 3897
4934 7804
3640 6065
4877 6288
6019 6328
5143 1577
1485 1226
6259 964
2799 3674
6507 786
5618 4827
3798 5437
323 1247
2282 3307
5969 4456
4260 3919
214 7806
3709 5112
1420 2113
6150 5616
114 6343
4941 1390
7231 539
7173 4858
5023 579
2245 7387
3504 3779
4823 7101
6022 6547
6875 7279
1833 6970
1863 4372
3298 2368
147 4844
7150 6870
7246 3180
5364 2165
6053 7676
4573 4822
727 970
1266 1221
1595 5684
5158 1530
1523 1374
5564 2672
2642 7216
6530 6112
4154 7623
7071 7778
2395 468
4061 7340
2625 782
2480 4101
2783 652
107 2031
6254 6586
6879 1225
1920 4651
7564 2112
5466 1819
235 3432
7204 1264
7773 2260
5359 1849
5805 5524
7308 1485
4508 2703
6794 4354
1278 4104
711 1287
4111 2910
332 2560
3414 2263
6404 7369
4771 6334
5803 2246
5367 6352
6282 7149
7496 975
5448 2846
1133 6437
4104 2843
5258 6981
1936 1940
4784 4957
3408 5692
311 6805
1720 6583
2356 6839
7128 836
5286 3935
6318 5260
2818 5443
3916 877
4791 2609
5890 1762
4414 4555
4566 5923
2460 5264
2214 5127
7295 7642
7312 276
6535 4120
2199 4295
878 1431
1061 5185
4861 2129
6241 3909
5153 3108
1971 5412
6234 1320
7962 5020
4160 3248
2608 1557
2696 6114
7143 1781
7699 6817
911 6281
2469 5389
7506 5581
2546 7432
4256 7918
6691 7150
5306 1375
2377 4576
7763 648
1153 1001
3903 7258
1330 850
6111 2735
1057 4592
2501 7030
4961 5740
7660 814
6538 3019
4752 2242
3566 867
2922 6
7786 2656
6047 1591
968 3687
134 4547
541 4428
632 4942
1714 7172
3651 7690
4991 6453
4627 3840
6011 7791
4494 4413
1976 582
2898 2107
2039 5342
7755 7415
5160 2008
4338 790
3935 7520
6551 2988
4801 3875
1118 2149
5538 6634
3777 4988
3861 2212
2201 7751
1740 4745
2237 6385
1628 2196
1646 4520
5978 471
5707 2249
1136 2220
4747 737
2899 198
1003 7957
2330 1442
2145 7212
5511 7696
2385 251
5903 2012
1054 6653
1641 5021
5069 7447
4231 3035
6475 3357
81 2230
223 2863
6324 2885
3549 736
1534 5009
5262 2551
5014 3317
3693 6666
4229 2653
7129 5714
7813 552
4473 811
4672 7596
573 3764
536 3778
7096 5849
5334 6873
2218 1473
2405 5663
5643 4403
308 2400
2243 5893
5614 294
1571 5450
1845 6144
3697 5036
4411 3398
7374 2922
5177 7036
6183 6638
6247 418
898 1170
7542 7350
152 5682
1606 2064
7034 6305
5159 5000
5296 1687
801 4990
7644 4581
634 411
741 7562
6614 7761
2327 5651
7455 3769
4803 3635
1876 125
1002 3375
53 7699
1531 2889
6188 6421
121 42
6536 2964
3327 7157
5794 5049
6467 7997
3065 5066
7601 6915
412 3820
7381 4038
4156 2978
7701 7525
5379 5043
234 5771
5694 5730
858 3329
2456 3172
2952 3888
3225 6589
3652 3282
6069 2574
5128 4440
336 457
3690 95
1236 1334
7236 1043
5004 7749
6162 3455
6451 3593
5121 7744
5374 6345
3046 655
5663 7577
6349 4839
893 6337
2716 2383
7526 10
588 4186
3586 4381
1660 7716
2138 7380
110 5794
7483 7480
5835 7872
6265 3183
2042 7737
3573 5455
491 1010
7304 6658
6441 390
2264 2041
2103 2425
7919 7604
1644 2923
6933 2217
6991 5910
2650 6351
1051 5140
6688 6700
3064 6060
2831 4951
7500 7653
4661 2363
210 6446
3377 5119
4270 2935
5054 4664
2654 5798
3129 1084
2950 1421
849 1379
7466 3594
6350 4963
3894 2981
904 2160
3986 6432
643 6004
936 1190
1399 7042
1231 1569
6626 7345
3036 114
5920 5968
5867 323
5260 1865
5276 484
7508 3178
3080 270
3141 5028
3956 6360
5878 6790
3928 6255
5637 3363
1105 2480
619 6972
1666 1613
973 4939
1588 986
4402 1560
2202 2132
2649 194
5586 3116
2255 6232
6041 7534
3518 4973
3075 4563
7068 260
2562 1754
331 628
5467 4076
1238 3052
6880 6875
1694 7090
7764 3915
2115 5035
7967 3240
6055 7820
5696 1918
6243 7786
3497 5309
3330 2998
1724 6963
1733 93
7409 4322
4442 1153
3637 1917
768 333
1347 3543
7375 3584
6905 2355
2474 6834
6630 99
7208 2645
3629 2702
1460 7539
5634 3599
1191 726
1579 6404
4613 1961
2726 4654
6524 1250
2661 3924
4965 7214
984 5551
3985 7553
3337 4333
205 537
1795 295
1112 7772
275 6514
2440 3987
4230 7284
1498 1534
3438 1934
172 7602
5076 1214
6231 1386
3245 2708
2246 2004
2365 4680
2504 5355
3719 6657
2190 502
6180 3413
7670 6091
2679 7773
2908 578
7921 4840
4173 7367
5826 6267
6078 3013
2361 4916
5804 6610
3524 5226
6914 2336
4408 1789
1156 6118
617 969
3403 143
4426 1147
5998 3728
3707 6996
2786 4125
1742 6101
3925 5681
7948 4710
6766 3050
1755 1938
937 2982
5444 4023
1691 7269
3183 341
2421 3994
4215 4771
5238 4814
6505 4763
1822 6165
6575 5819
4655 2079
6393 7507
2241 3322
7210 7776
567 7743
7432 1427
6762 7951
6024 5886
6108 3497
4191 2280
3042 31
1587 7037
4574 4066
7842 5436
6380 3055
4254 2681
4219 5448
4507 7854
7339 382
7584 3126
1372 630
4692 3404
646 5218
1662 4720
2944 4415
7554 7254
6546 1782
4223 7388
164 7583
4963 6585
5199 6727
3963 2209
6712 2049
1497 5904
4680 7158
4222 2219
3318 1041
2089 3006
3004 4899
7252 3134
4530 659
5328 7762
4491 6356
697 5463
1702 1528
7254 5176
7863 5796
2397 1463
2156 2974
6063 1114
4476 5741
2918 7190
7198 6271
6705 6908
146 2717
1052 7860
6816 1400
7040 7851
1915 2587
6745 1411
4462 3810
3341 3630
1009 6846
5301 7644
7835 6416
3892 3428
3971 7835
7547 6089
5624 5468
5361 117
4292 488
4497 100
1972 2891
6644 5254
7600 2939
2133 6521
639 5919
404 2325
7247 1166
4227 5435
2370 6354
5917 3260
7713 3290
1711 1707
7731 2538
7239 6218
4415 4728
3384 7346
1021 5646
4014 2760
386 5293
7014 1130
4914 3660
3988 7087
2191 2166
3559 2101
3663 6761
7081 5913
1709 5576
6659 3811
3809 1067
554 432
5048 7467
2942 1480
3437 5053
6902 2568
113 4681
5500 1903
4217 6420
3926 6614
1078 164
7988 1317
1059 1531
7830 3549
1917 7928
572 4781
4720 3714
6147 5762
6841 636
6531 7522
1528 5631
6199 6697
7607 389
771 2714
561 1623
3598 2721
383 3214
4093 6993
3547 4729
1773 694
3957 145
7171 4326
7361 3309
5474 2696
253 5622
5613 3189
1749 1641
2905 3447
4988 6673
2363 6611
6126 2236
5030 7215
7993 7812
6965 6045
3747 3272
238 1157
5848 7011
4829 303
5777 5880
1884 6336
2448 5428
7067 546
2538 7765
7559 5423
5968 1724
1058 5098
2904 7592
317 3743
3257 5199
6334 3328
2128 6163
7567 5454
690 1743
5566 4000
3380 4092
5828 5278
4878 1277
5633 3244
5670 7914
3323 6877
5435 2308
5915 6698
6573 740
2380 7493
4409 4057
7481 7408
4911 190
1276 4700
6211 3627
5376 70
4744 7449
2616 5386
7458 4071
7434 2995
3821 157
7167 3021
1999 2841
5574 4515
1459 4880
7643 5650
670 982
6229 598
3185 2342
5257 5988
578 4486
2541 4401
1469 619
4666 3775
6342 3371
1412 803
5442 5734
5324 4564
3501 1091
1294 5232
1235 92
247 3220
1121 7145
5419 5380
757 1672
4689 1224
1407 6076
5829 3904
203 4484
7207 1314
85 6357
7570 5927
4808 4546
5526 1494
6561 1736
2379 1856
7452 7050
2176 2953
2509 7102
6832 4357
4940 5223
5456 777
4640 852
978 2063
2766 932
7737 2187
994 7384
3388 2487
2542 3720
4091 3420
6926 5128
4304 4930
5514 7540
1921 5401
3253 4946
4923 6527
5739 6595
975 799
7959 707
1573 3568
6412 5901
5090 6754
805 3453
5770 7958
2653 6562
3538 2621
942 6098
5279 847
902 6407
4907 3499
361 3408
4618 6631
7031 1971
7992 273
2024 2563
7501 4904
6321 3507
5734 2805
3506 1213
82 1003
2398 1478
1492 2465
6701 1027
5757 1750
6569 4499
3228 1062
5129 6327
2958 1158
3499 1253
7555 4641
7986 7368
1963 4307
5761 1667
7579 2801
1657 7529
2900 7609
5342 3734
5307 1219
364 6555
3493 4280
6233 1140
1626 7578
1269 4018
6528 3146
4385 6813
3800 558
5786 5182
87 1744
4730 4807
1137 4511
6656 2335
6230 7661
4902 1523
7640 7045
723 3352
6721 1634
344 7422
4102 7895
4453 926
2729 6756
1504 2519
2738 7051
1220 3677
782 3603
2187 7186
6301 6306
3660 5535
43 3877
4355 4697
5351 1005
3751 5001
6772 2617
4149 3835
2336 5118
1215 3600
1501 1126
2975 3830
1509 3153
4524 823
6131 2972
1590 5865
7117 4597
2073 5709
3799 1545
2443 5289
4813 913
750 6795
7447 6818
7011 6168
1671 2422
4544 6801
2592 386
4066 6620
5795 7164
2503 1468
7477 7362
7360 6254
3509 3626
3007 5393
7493 1462
1701 2837
1293 5319
2576 364
696 3951
6598 430
5049 4722
7765 2700
1987 4544
349 6501
1547 3366
6201 1302
5959 2414
5751 7693
537 2244
132 6911
5819 6581
4259 6301
5061 3195
6081 6157
5341 2903
2633 4603
25 4080
3459 5402
3844 637
3968 2755
5221 6051
4933 507
5743 5323
5518 2894
5539 7464
330 2859
7085 7001
6416 7168
6594 255
2023 7298
7557 1638
4738 3859
6209 6951
5037 2694
7229 4687
1893 4734
5916 1418
6382 3430
3359 603
783 7888
7166 1378
4317 915
7152 134
2574 3458
6050 6054
5943 28
7033 7565
1807 5268
3208 7499
1314 2830
7691 2026
2718 3342
5573 595
4546 4731
5344 2228
1779 4386
6372 2665
693 4656
1710 6986
1996 415
600 4151
4891 7378
6915 686
7587 7720
7382 4063
6617 5609
2329 2803
4220 2347
2800 5583
1069 248
1134 1891
7419 4240
6425 7855
3648 4537
2618 2856
6817 3462
7065 6097
3574 405
3744 1193
2108 3036
5300 1491
2106 4082
7868 1054
2043 3000
6518 7880
61 5594
1591 4209
1328 4756
1296 1656
7098 5998
4493 1472
5451 4374
5430 1603
4290 7890
1085 1181
370 3671
6303 2080
5785 1525
348 6235
407 1198
4370 2897
1809 4595
7972 1895
500 5803
7520 2629
3502 7143
4659 3848
3753 459
6121 1376
7060 1278
6105 6422
4019 2055
1673 1300
3082 470
7841 5791
1386 577
3585 2144
6900 3607
3824 2524
7836 4314
7920 6135
4777 3526
5748 4498
3880 3805
7136 5696
1437 6295
6038 6938
2753 5013
6845 7669
3927 3759
5985 6953
6064 6199
3699 4110
2962 696
4558 4663
6977 3896
3522 6013
5196 1124
5713 4825
339 5424
2026 6044
5672 58
3910 46
1525 5559
126 331
5350 7232
6153 4366
3537 5151
933 7289
2132 3895
5501 1155
7910 151
2030 1246
4926 6717
360 676
4108 3623
7522 2911
3808 7489
3755 4203
276 1967
5071 2105
4100 33
7174 1191
1284 5147
7833 6134
3581 1369
1529 6812
367 2569
1880 4872
3373 548
3878 3978
4352 3709
3094 4746
4950 3471
1695 874
3174 7809
4794 249
6873 3540
6730 4685
899 866
5237 6921
5081 2951
1470 5510
6257 1695
3514 274
2339 380
2567 4216
1945 1306
897 4843
4904 6387
542 4142
3054 358
2665 1194
1912 3960
4515 5677
303 1692
1799 5676
4629 2908
7018 3349
3103 7324
6338 1030
6294 7919
3897 2386
4674 2931
4046 1547
6471 7564
1383 130
6400 6860
5866 1487
4258 2056
4511 3926
2028 6057
4972 1980
5025 7916
777 3999
2084 4029
2109 622
7742 1927
1050 7162
435 3788
1761 4379
1055 7436
2932 2245
391 730
7634 822
6228 7752
698 6061
7595 7064
2521 2836
6399 7344
1877 1860
4570 7276
972 2869
2684 6372
4204 175
857 4509
3307 1079
4275 438
5921 353
1637 2784
2995 7044
4797 7580
4394 3693
3266 3668
4466 2667
5667 6763
5369 4260
5808 426
2112 5191
2621 6179
5017 7244
5384 6934
2203 3266
5676 7586
5651 5853
1127 1894
6440 5547
4983 6003
4652 3424
4011 776
5254 3736
7565 5685
5548 6675
354 6471
6098 7342
1165 5604
3743 1135
45 1533
3085 4426
179 1447
2524 3135
5148 6833
1008 4202
7461 2660
1754 6047
2332 2936
1693 1201
6812 6190
5533 287
3907 5318
5327 5572
548 2764
3135 1617
6954 4569
3364 4208
5039 5047
4645 2190
5321 2945
5088 4324
3432 606
1785 1318
174 5548
5792 797
3448 5693
2623 6452
6445 734
5452 7937
6092 1251
7840 3092
725 1409
5666 3467
7757 7025
5053 880
3490 2639
3052 2861
7693 3506
3056 3954
3232 1820
2437 6438
3282 3395
6851 6509
6935 2440
4364 5687
5250 6927
7035 5876
3233 6376
6595 6688
2352 7086
1993 7492
5425 1666
3974 6789
4913 6068
6139 2223
6931 3869
7248 1620
591 1280
2939 4835
1287 67
2701 188
4612 6029
2879 3965
4559 512
91 3826
7523 2135
4504 2176
6179 1361
4176 2225
806 4483
7866 6557
7935 6059
4360 2689
2431 6030
3039 4774
4643 1488
855 727
1087 6209
4161 5514
1175 1841
54 899
6838 3130
200 1180
4010 5911
788 7285
2947 3670
4214 6779
3876 1354
484 257
3552 6124
489 7404
2452 2619
169 4148
1451 5952
4017 4253
6618 5059
6960 7286
3043 3230
4871 6498
5611 796
4684 7841
518 6844
1652 6130
534 4915
3691 4405
4543 6269
5765 3598
579 5949
3123 5255
5469 1582
2877 7180
6387 4491
1174 1600
4312 6262
1812 290
7613 6152
4532 760
4665 2416
1878 4699
846 7813
6332 4211
3488 2578
7924 5558
2097 2241
5807 7523
838 4804
866 2498
4859 3522
1034 2904
3530 2301
1006 3319
7331 5844
6928 2057
2730 1152
1229 2986
908 7832
6432 1220
1115 5961
5427 2887
5759 282
4664 48
1164 5502
5907 6571
1291 1610
5646 7126
2733 6722
4977 1050
987 2454
1567 5212
1869 1858
7296 4605
4053 753
3850 1674
5810 7881
144 5614
2680 1150
7974 4153
2455 1669
5482 617
5802 308
2719 1082
6295 2571
642 1589
605 202
2750 2577
6512 7139
7937 6900
7611 2528
3733 898
5010 464
7998 3562
2822 2120
780 5426
3975 7240
3045 4245
1581 914
2298 1101
5152 2958
4062 3259
5923 4370
3631 3294
5313 127
1680 2482
1094 7295
986 4094
3231 3760
1708 1322
3117 783
4582 1625
3087 3344
4964 2393
6907 863
3217 2727
560 7845
1577 1475
6708 4495
5682 2654
335 529
5380 2855
4846 7742
380 7632
2677 6297
6966 7273
5218 3735
5028 1648
5446 1829
6335 2682
7945 381
4957 222
1617 5315
4597 3211
4862 4577
6930 2531
7505 7925
1543 5400
5051 1
900 5868
1406 6796
3234 4993
7182 3205
5638 7420
71 1799
2486 3469
7218 5733
3929 7374
540 4714
3033 3828
2051 7987
2375 1680
702 2298
4673 4940
3313 5721
1640 5810
6869 2062
1167 2036
2735 4808
2803 4481
4647 7981
3950 1997
5589 870
1281 7825
3379 2359
870 647
3416 5580
5070 543
1320 6580
1429 6558
3481 5358
517 7000
4739 5237
5832 6992
6020 2188
249 3802
627 6323
4150 5989
433 2300
4936 706
4898 2052
5749 7247
3741 5852
4438 1066
6586 3219
7936 1238
5165 4713
7728 608
2290 1095
3599 6486
1075 7115
6431 1598
3609 2406
4056 6798
5981 3387
6054 6946
3419 3716
4816 6494
5372 4128
2843 6975
1881 7281
3785 7080
3732 3475
6835 5691
3306 1567
2814 371
7439 6765
5960 2388
3834 4874
156 4660
7712 2295
2587 7105
2723 6939
3071 3573
2635 1276
268 2943
895 5731
1909 7322
5857 2914
2724 5955
6028 6959
471 968
1271 1529
3477 317
844 3285
580 1835
5606 4862
6699 1947
1324 6663
5102 2109
1685 5097
1465 6115
7320 2947
5185 5265
2205 3503
289 3182
663 4964
5730 3162
5462 1006
4319 3256
655 4836
7857 6869
4827 1256
7795 6910
1454 7403
3712 7664
1931 6686
4029 7971
2413 1552
3606 7705
6168 2573
7990 5546
6952 723
6784 18
1707 4921
7515 4974
1336 7731
5077 6983
6360 82
709 5621
728 6381
3151 1373
999 4691
2787 7898
747 111
6025 1978
837 2630
4417 5474
6754 5605
1748 3852
1029 817
1872 6194
3032 6742
5188 11
153 2671
5168 1476
1608 7287
4824 6236
3466 5624
710 1013
1162 1125
5217 7660
959 1513
2129 3058
4189 49
2085 2439
5840 3727
2872 7248
919 6414
4012 4650
3961 4004
4699 7409
6031 6367
3793 4686
4471 4945
6143 3925
4583 3575
2686 6435
3891 1365
4806 3236
6364 833
5346 2318
2174 681
5109 5210
7623 98
2068 6792
3807 2173
4847 6497
3589 7394
3262 1351
5281 2713
7911 3890
2244 5567
7256 3941
7329 4902
4420 7767
7511 3542
672 7840
4683 2085
1669 5628
4860 3297
1829 2483
5818 3908
2105 6325
4755 876
785 7421
3000 2037
143 1734
4179 3017
1351 3064
2401 1786
3454 7308
2758 3614
701 4303
2530 7554
759 6570
4753 7785
4112 5160
3740 2147
5553 6001
7108 5415
2687 5877
2110 7952
6068 5837
5591 3238
6727 1867
7912 7740
5386 4528
5172 3318
3136 2957
5005 4959
3144 5874
6490 4304
7916 6515
6978 2490
3390 3481
5636 4054
5283 6307
150 4154
1844 5253
7092 347
1981 955
3494 766
3048 7085
1473 3683
1217 6062
1027 7475
5555 6668
5007 4175
497 828
1974 5755
1267 3373
5170 7053
3621 1393
1995 642
1554 4659
5621 4243
6486 1654
6740 7022
4320 159
1745 5749
1819 2795
3297 413
4962 395
1642 7383
839 6221
7538 1907
419 4976
3148 4281
4117 2824
7340 378
595 1308
760 4882
4238 6174
1533 2799
2210 5094
6860 6628
6307 3563
2418 4938
7788 1909
786 4895
6868 6390
6291 3993
637 4970
1433 6282
5247 2934
1316 3718
4313 6419
6694 2990
888 6850
6281 3846
148 5759
5949 141
187 5420
7168 1954
7009 6226
4121 4421
1017 231
877 4901
139 7867
7299 5121
2259 335
3239 1285
7678 1948
3906 3271
5788 3531
2710 7570
2832 1196
4535 39
229 7479
1243 5867
3804 702
5268 2678
7137 3990
6268 5095
4657 4192
7507 7828
1594 5522
5957 1035
7529 6341
4955 6086
2207 7263
7955 2748
941 7272
4796 5472
3142 1838
3687 3417
5779 2314
6337 2097
1082 1453
6089 17
1408 6039
1306 5301
3238 1290
4183 3724
2257 1737
7391 7627
6114 4250
5315 2051
2639 2289
3838 6234
675 385
302 5398
3820 3873
6106 7238
3604 3121
1241 1073
2517 3431
3001 332
4607 4392
5997 2373
1555 5076
4855 7007
3752 2288
7130 6925
1187 4291
5789 7938
5432 2592
4228 2687
926 3706
3026 2535
6818 1592
5793 1836
5678 2170
7471 1704
5337 6787
7989 3154
1108 3224
6747 7697
3124 6273
4095 90
377 5074
7268 1765
1263 3927
2856 3354
4164 3681
7274 1642
1883 5190
2977 724
7475 835
685 3377
236 200
1542 6771
191 1127
7741 7621
5234 3553
3165 420
2226 5478
2015 3314
650 4476
2819 1886
4209 7694
920 1508
6717 3610
5958 945
6097 5670
5431 1914
2037 168
836 3902
6545 7167
3401 978
5484 1594
5623 661
1444 3642
5171 7630
6235 2081
4953 3332
86 7725
414 4826
1154 4986
2965 3981
4601 1307
7682 3063
7350 225
6849 5779
374 944
439 5506
7359 2484
1223 6175
7342 1550
6972 4621
7895 942
6347 5508
3336 2009
607 30
7597 4226
50 6156
3440 3918
343 1410
7200 1549
1806 7878
4551 24
7832 5070
7077 3267
7043 1859
4172 2965
5783 3215
3312 2358
4560 3516
7345 4266
2134 7521
3782 2900
7627 749
2107 3472
1730 4083
6773 5792
7652 60
2915 486
1678 3383
4447 3026
4579 3803
6678 2802
6588 5943
2064 683
5059 6383
2320 4791
6504 744
4388 6253
819 2572
707 7099
7438 3299
3623 3468
867 6997
3987 5407
7326 7018
814 5327
5453 1718
7721 1984
6082 549
2632 5038
3153 4311
7449 3592
3767 3496
5860 172
6442 5269
4985 2437
6071 6847
708 911
7412 6687
2762 3487
165 1161
3706 3386
6765 6718
2272 2015
4775 6766
5665 7326
3283 5774
2895 5987
7947 1107
7237 2274
1063 1936
688 4521
7063 7297
6427 1061
3920 3457
403 807
4416 5081
7677 715
2355 567
1387 4278
3179 1097
4822 5313
6116 700
3091 3177
3583 2740
3041 362
2853 5155
7255 5197
770 2198
4903 4236
1882 427
2428 2322
638 4237
4033 4117
522 97
4569 6605
7104 5674
7422 4604
4526 7940
4307 3851
7297 3478
3934 5446
7553 4220
2153 894
5929 937
6596 6300
5201 1187
3099 5960
673 2017
3915 1630
7617 7198
392 6967
4527 4364
6983 2315
674 3868
3710 3242
3192 2171
5131 6762
4425 7531
1967 3782
5368 4033
1867 4396
1093 3273
7057 979
7118 6868
3977 2010
5032 3252
3272 2364
2852 7117
4305 2523
2736 7821
3801 4388
4798 4506
273 7333
7206 43
7317 7083
4677 2028
4224 5379
4980 2
1389 7120
4057 4014
6611 5333
321 3537
6117 623
5222 1343
1762 2203
7657 5177
6156 1342
6859 951
3534 7688
7524 4155
2945 6018
6763 2738
2075 6712
1530 5451
5993 6447
3374 7482
4723 5051
5263 4207
2001 5892
427 2476
5230 2884
4277 1697
2114 559
2662 1982
77 5344
4800 4044
1449 3612
807 3708
6051 2023
1468 5123
7195 7154
5393 5002
608 4636
4873 4950
1338 4270
44 1847
6346 5471
1834 29
4243 0
991 3034
46 1134
2422 4859
862 5171
7126 6140
6479 3094
1781 3083
7667 3907
4071 2279
3992 4772
5278 2625
264 4180
3595 3664
133 1391
6713 5840
5149 4852
6142 4457
3674 1046
406 5141
3924 2127
5476 234
2857 4648
1123 627
5498 5167
5691 2679
4780 4837
3643 1081
1924 1438
3802 4903
5577 23
7309 553
3074 7685
4996 1802
4080 7486
704 960
4893 7615
7394 5370
5206 5635
6980 4741
1596 3929
1130 6264
7022 601
1619 947
2373 593
5702 259
4389 1109
7456 3200
7133 2103
2583 3042
1953 6274
3492 2600
3902 2840
4008 519
1864 1381
4943 3038
5252 302
52 396
7879 6120
6095 4983
2579 3312
2394 1658
1415 4241
1084 2642
1774 86
7596 4005
7233 6237
251 6536
3940 6164
5027 2243
5058 2871
3365 3433
5615 6314
6912 5719
4760 2540
7097 4451
7760 7430
2506 1830
7144 6233
6391 7226
792 5879
104 2505
1580 3892
4151 594
6198 5590
5515 6968
7289 6503
1074 277
842 7852
2850 7849
5732 6693
5830 7975
5124 6180
6119 5977
787 6656
4809 5830
27 2862
440 6507
4945 1887
2070 6616
5211 3324
1575 6099
5798 3512
4776 4277
3138 5475
2058 7712
1311 5707
4072 2715
7867 7905
1070 668
4182 1728
4748 7516
3059 6897
7746 3912
2278 148
6645 1735
4178 3580
7415 5183
2408 7012
6870 7249
3361 4762
1375 6246
7873 6342
4881 7225
135 7605
1256 2820
1170 254
3431 5276
3369 7691
2472 6032
2468 5932
3342 7595
3591 3791
1049 6079
990 3819
6500 1916
4005 7692
6557 5994
7093 3984
469 6893
6844 4856
864 5228
1088 6806
3551 1587
112 7437
6671 983
180 4776
2920 6858
575 1590
1633 5205
6379 12
4590 6166
9 6369
398 3818
7535 3269
5602 7733
3439 7079
3958 1422
4617 5213
7826 1925
4200 266
7738 6243
5983 1532
4732 244
7007 2812
4949 1235
230 2692
7736 1206
614 3039
2438 3323
4175 812
3718 3532
5510 1803
2797 1660
0 3368
2626 1651
7282 7648
3325 5392
6799 4183
2742 7710
6284 6128
7940 7341
4845 7357
1104 5034
312 3621
5988 2761
7676 1868
7791 3662
603 7364
4118 2450
4998 7930
818 7292
2812 4037
23 5139
4840 3879
3626 935
145 7979
2844 1085
6107 2321
2340 3392
6547 434
3948 1767
6012 7491
2865 7166
3610 5203
1768 288
3146 1460
5397 5073
4842 7352
6205 7904
5664 4367
5242 4447
7314 3185
3199 897
1083 7946
2343 7659
828 6943
3475 3587
5410 1777
3344 7941
3972 1790
1778 4149
5873 5056
3095 4229
3620 120
7808 604
1849 2561
6973 4787
7269 2825
692 4225
4467 5332
671 7423
4445 3192
5377 7061
7794 7884
369 7434
6122 3730
7468 7003
5270 5484
6892 5421
1095 4337
7186 6822
5403 4096
3791 772
1990 3823
1205 1966
2137 4352
1960 7230
7965 708
3218 5178
7190 5708
2092 4121
620 7833
6389 7717
5319 309
6407 3012
6734 6335
5163 5701
6396 2979
6157 7327
38 363
7020 7584
2046 3202
2703 3278
881 7187
2197 5069
1636 2966
1503 3239
1828 4471
1932 6936
2052 5258
2741 4730
2954 1024
5933 1939
2714 1456
6240 2338
7659 4786
2384 4670
1309 1087
4553 3233
49 912
7280 2379
6062 4164
1868 4244
2577 3518
2640 2810
5692 6896
3453 199
5120 1271
3854 5638
7915 5417
5861 2221
2883 1740
3127 3129
4374 3237
482 65
6858 6125
1651 2282
4423 5629
5329 2754
4221 2720
2505 3787
3113 1315
2484 2522
22 5757
4269 7127
6994 1723
565 7829
7753 5966
7301 1693
5865 7031
763 4235
2371 2640
3625 1721
2717 6109
884 4958
7436 705
472 2185
1000 3476
7488 5883
7113 4351
6810 6776
6059 1495
5584 7402
4366 6544
6647 3207
4131 1382
6911 745
2565 7883
1251 4657
5578 3558
7442 6215
4097 5006
3158 1129
2897 6933
501 3339
2732 490
3181 4873
4198 931
4369 4212
5932 2832
2396 2902
3495 4790
3157 5641
3862 128
5213 7425
1345 2533
6613 4932
3212 2610
5632 3615
2095 925
1599 4252
6988 7213
2595 7989
886 6049
644 2669
6764 6737
2788 6768
5494 5570
616 4568
6621 6965
127 3618
4368 1730
1071 1517
476 4300
4073 7002
965 2424
3818 1106
5659 2604
5333 1433
182 5694
5378 5916
4245 7399
4749 3029
4705 4985
962 6159
170 924
3236 2956
1910 4694
4268 2866
1030 421
827 1176
4843 7943
7005 2461
4887 7700
1835 517
195 1202
3981 5915
2896 3757
5357 7766
345 3426
5994 2378
531 4998
1427 5520
811 124
7983 7385
1322 629
7082 5984
3006 6655
3822 2405
4166 7834
4742 4477
1048 4359
473 1197
4433 6969
6555 773
452 6073
4128 4157
2694 1615
6787 2593
7907 4169
6166 424
5814 3643
2261 3436
447 6522
431 2090
7679 5336
3520 3947
2833 85
7881 5500
3883 7082
2986 5592
7938 5727
1286 7320
1816 5669
5962 5014
7453 7396
831 816
6725 1575
3911 3176
6086 4179
6133 4684
5535 903
7371 4221
2611 6349
6984 5449
1313 5284
6003 2297
859 1862
2338 6842
4362 6475
1200 3761
307 6998
197 2882
5508 3168
4192 3091
3570 1282
457 1212
3083 6193
240 7325
1843 2361
1744 7868
2513 4742
2111 7799
5060 5225
7138 171
357 4927
6317 5776
4470 1102
4540 4464
947 6050
7054 7209
6249 6429
3737 2557
2458 2657
58 398
7688 499
7372 6667
4218 5818
4594 14
5941 4548
2533 7304
6286 6102
4750 3976
5285 1510
7124 2901
3760 7236
5343 2857
6842 6384
7155 7703
2772 3262
2276 2442
5493 542
5901 6172
7608 7338
4125 2128
1116 6582
799 5723
1348 1885
6955 2608
7215 4918
755 6365
3243 718
592 5544
6587 138
3984 5459
4876 4297
7016 581
940 2224
4279 4342
5202 4466
2598 5408
4670 940
7373 4102
1466 176
7778 1815
1896 6132
944 5071
4663 5625
1111 5591
450 3922
5558 1823
5087 5456
2893 1032
5966 3362
35 1014
6470 4956
825 1419
2925 6720
3899 3133
1922 3136
2794 674
1077 923
5105 771
5557 2589
5194 5971
4096 7184
1026 184
6749 3460
4248 7788
6297 4816
1493 7052
4038 5900
7543 5607
2227 4541
6496 3348
4901 5288
3773 3434
7525 289
2667 6214
7571 312
662 1098
5607 3265
2208 7132
6421 1808
5358 2633
6434 3170
4625 62
4740 3777
1939 4163
876 239
428 216
778 3856
3879 2580
5946 1581
4439 2168
4003 7599
5576 3193
2763 7026
137 5290
5255 4468
5750 1896
648 1636
6510 2954
6481 433
3700 7950
5316 1537
1831 6543
4199 2602
6492 2394
1942 2765
3023 348
645 5105
1110 7058
4552 838
6426 4453
714 5261
3805 6322
3405 5946
928 5579
207 600
94 2177
496 2317
1609 1798
1796 6106
6326 1878
5775 2996
2041 4529
7424 2780
453 1355
1732 2312
5065 6137
1117 7013
5737 7948
6516 5866
2466 5569
7980 3284
860 5805
3069 1284
3766 3090
7480 1080
2993 1646
6314 6783
7745 2860
1506 4321
3196 4257
935 2271
4134 716
5259 5369
6825 5891
7141 2206
2613 1335
5265 187
4483 6510
2956 891
2281 6450
3339 4222
1583 7746
731 5242
3779 4724
2163 4768
5746 6041
7831 5686
4995 44
5429 954
5712 1500
3533 1551
365 3971
1222 3861
7497 2146
7917 6626
7001 2095
798 6563
6696 6043
3310 4133
1751 3989
7369 1141
594 5706
4717 1333
2910 2543
368 6760
6213 6526
1 7055
7240 4944
1604 7275
2269 5920
5869 4394
3523 4417
7631 2652
3489 2833
802 3228
5003 2445
6574 4864
3193 2479
1873 547
6319 2876
6786 15
2006 1179
3939 3889
1124 2074
474 1644
2403 3169
93 4024
5291 6924
7386 635
2211 7646
1259 7405
3172 2732
7769 268
7927 4738
1716 7612
5605 5425
3739 2262
5287 4385
396 5717
2846 1870
5556 527
4844 7541
3067 5440
5235 3281
5755 5561
5853 1993
6218 4053
356 177
2518 4214
6529 7618
5656 3719
636 518
527 7074
1132 2961
4900 7454
6250 6208
6775 965
456 1972
705 6880
2303 2688
327 4829
5989 3502
3588 2432
1929 6540
4937 2058
2072 5207
198 6241
4500 5615
309 6006
2725 5515
1827 1951
1086 2362
2983 889
6929 1708
166 3576
401 7939
5478 4188
4864 6619
3019 2628
5323 5452
299 1571
1837 6962
4297 6409
3024 3445
1805 6290
3491 6283
6882 6468
5724 1960
5314 4559
1135 4926
2165 4747
333 3025
5554 4972
7502 4732
4795 4452
7061 720
1326 3194
5310 2605
7343 7775
2961 4766
7366 6892
6610 6488
7932 6644
854 6219
6709 7983
7259 6042
3224 5516
1721 2108
3590 2718
7405 1678
4373 3466
3527 1776
6004 4875
769 2284
3326 2277
6174 7548
3654 154
6237 494
6459 5860
1668 2344
4387 6534
6167 7754
1364 4640
3811 1585
2573 7182
4619 7234
3452 3114
5214 6340
2522 7802
443 3353
510 6593
7467 5716
669 3276
3116 4091
32 3106
6345 356
6673 6033
222 1541
7653 2011
5735 5521
5600 5168
4894 2330
3392 4309
945 6930
7899 4019
4007 5187
3644 446
2502 5539
5938 7124
1661 5863
7814 7250
3140 4819
186 3491
843 2351
4456 3088
4838 7485
2457 1139
3587 5170
2978 2205
7398 908
2225 735
6165 3800
5305 4649
7632 2491
2096 6108
2496 7453
4502 7811
6067 4448
204 7192
6670 5460
6128 2377
7648 1507
1679 6639
4872 4122
2221 4422
7101 3617
5075 2741
5979 2949
6323 7412
4136 5267
1145 3970
5473 7500
6104 6647
2705 2329
6543 5257
3186 6038
538 6256
6540 5582
7792 3378
6743 1370
953 624
485 6318
6017 7681
5662 7498
5302 3043
3965 872
6453 6775
7163 3261
2842 5758
5460 3591
4451 2409
3635 7041
4437 3579
2366 4249
120 2182
7904 4572
5223 2350
4115 6802
4412 6067
7325 6379
6043 7261
5608 2976
3689 6332
5200 7942
4835 3213
3476 4349
1012 1746
3561 108
1234 573
5299 4565
4311 6683
1181 1311
7435 439
5080 3650
6923 7921
4924 7256
6674 4460
4195 4069
629 407
3322 1901
7139 1053
5298 3988
4047 156
2646 7986
2316 1688
1113 3166
5485 3443
7050 827
5575 5668
4380 5782
5954 5477
250 7291
3959 1539
5827 4527
4639 2222
5706 1866
4085 6222
3756 53
7410 4806
1507 3559
6953 1564
1839 1146
5629 3690
1404 352
7156 2865
5067 3412
3721 4795
1245 7643
7188 555
6791 7170
5657 7118
8 4805
2704 1733
767 7458
3028 1639
981 3595
3923 5096
6526 5430
5375 6500
5604 2697
1185 6123
480 5800
4725 89
3702 1850
6840 4437
1566 4877
149 4446
1536 6484
1923 2559
6548 2252
2980 7985
5563 2030
4580 7141
2784 5828
3846 6725
2007 3535
2798 2985
6192 7651
3796 5764
2410 5050
5905 4335
1489 7965
7418 6651
2266 5827
2603 1339
7551 6467
1892 7155
3209 4197
7545 1962
4486 1429
3670 2622
4708 1748
3273 3427
3749 1930
758 4726
4174 5713
628 3005
590 6181
7735 2892
6000 3369
4301 4334
3886 1509
1382 7774
7626 2412
5423 6176
1663 4173
3542 4982
4119 1416
7785 5914
492 3359
1443 5115
84 6249
691 5562
7164 7715
5990 6785
6060 2001
1918 5048
4820 770
6680 4501
841 4467
4766 4885
5470 6024
7513 5375
4480 2119
3292 6894
7416 2521
6181 6424
5248 7205
649 638
3022 1965
6331 5894
2151 6011
1861 748
5277 7203
6876 2169
4715 3308
3258 5503
1552 6247
3398 4881
2712 2674
5184 7414
1323 4931
5597 4408
1949 7229
261 2398
3399 7316
5118 6629
2569 1969
997 7567
4899 4705
6287 1684
1808 4785
3251 5240
3215 4010
1620 4487
5332 2319
1010 2554
5956 7194
7102 3204
6238 4190
5142 4770
1886 886
6485 6956
623 7706
6058 4107
606 4315
402 7066
362 7647
3754 5045
1341 7543
5780 196
6322 2950
668 5406
988 83
1035 6512
3357 1304
3611 844
2927 3087
618 2457
2976 859
1772 4797
7285 4725
1126 1714
284 2380
117 4522
3605 1486
4075 5983
36 4052
486 2189
351 261
4602 7530
7541 3637
7900 4978
3946 3528
7179 4893
1616 4338
5532 1583
2387 5103
2829 1148
5876 832
6489 246
872 4849
871 6150
6687 5683
677 576
7106 2907
3353 5396
738 2467
3546 2140
7752 3003
950 841
3694 3561
2446 2452
6422 4570
5000 890
850 7191
243 3486
3108 5227
1096 1008
7695 6832
4185 4624
6339 5229
1563 2955
1703 3346
3859 1368
72 6702
5952 6615
7459 3685
1392 5120
2721 6186
7829 1834
4208 2877
7276 5606
6572 6133
6355 6391
4168 4524
4870 3843
2817 5337
7127 5679
2248 2798
7807 6220
1013 417
1980 2157
4395 349
1610 3188
4158 732
7291 68
3156 6094
2127 2448
1447 2864
2836 5060
694 508
3229 6374
7378 5678
6261 6462
6449 4531
5542 1305
6330 779
6853 1561
570 3817
2590 4242
7622 4943
1067 6621
151 5481
7531 6338
779 7805
4018 2590
7165 2114
3068 1755
5190 4397
5891 3905
5371 3725
4746 703
1634 7757
2450 4755
6971 6519
460 528
2430 204
2921 3429
7120 7270
366 7201
7146 5928
6450 818
459 2299
7944 1344
5816 2073
6478 4087
2078 5391
3669 643
4184 2413
6206 3149
3842 3474
3090 4210
2599 3560
4908 6048
2855 5055
2695 7017
6482 207
24 3842
1457 7512
892 5217
1810 5538
4250 2576
5769 5195
490 1096
2032 7911
4132 824
6689 3661
3675 2880
5388 6550
2835 7637
752 4642
1128 6184
931 672
6970 5603
6480 902
5103 5234
3478 2828
3901 3948
1400 4701
7476 3678
1068 5331
7619 5549
2824 1863
2184 5320
5264 6866
6792 3306
7243 2156
2130 2060
7002 7814
1975 4275
7798 2508
4642 6508
4792 3161
1163 920
3500 4219
748 1791
512 4137
5727 5875
4869 7452
421 4348
6036 1341
3168 5934
1535 1749
2104 3103
7537 2046
6309 4996
7851 7793
434 2796
3 4387
2311 7348
5426 5729
3833 3767
4492 752
7893 3555
4951 7502
5492 5899
784 2287
4567 4302
1688 2643
4886 3350
7576 368
6819 675
6413 6781
7004 7165
441 514
2441 2952
7158 2757
4107 3446
7952 5037
5052 929
2234 2615
1524 7760
869 1261
6979 119
5280 1832
2146 5080
4691 2570
7923 1752
455 4599
7975 3337
6742 4074
2350 4850
3627 2360
6204 1412
382 1367
4455 183
6910 3137
7075 7591
1885 4967
3535 3056
6515 5504
6444 2034
63 1689
1371 1204
626 7305
5463 738
7443 107
7281 1004
3355 1897
2629 3403
3025 4977
6208 1873
2984 3838
4634 3303
1274 688
6830 2635
2637 4708
2382 5466
1888 6371
5736 6460
640 3916
4702 6056
526 1800
373 6912
2307 7183
4244 2649
4354 6713
3271 4319
6448 7606
7110 2385
6899 750
108 2685
1307 3051
2014 3651
3460 2636
7550 3881
3806 6196
2284 3772
2854 2517
5733 243
6411 6958
4299 3923
4839 4363
346 4900
3624 6608
2751 4888
3474 4227
4736 3067
6964 7836
6007 5341
1783 6905
5773 1210
2170 3164
1380 3493
7602 5031
2005 2070
3137 4922
7561 7451
6406 5895
1618 3704
1453 888
3092 2313
4063 7429
3247 5131
2913 3229
6523 3217
3107 743
2263 4172
2392 6147
5396 7382
4984 6014
4288 3806
7519 7628
325 1924
4769 7579
2838 2525
3997 469
4006 3962
2867 7601
4817 5575
80 2232
3464 5941
1532 7255
4090 7782
3362 208
5883 2099
6958 7005
1189 5697
4501 6937
372 1044
2749 5027
2121 5251
2334 264
6210 6923
2432 2644
1940 2202
1211 714
1355 7701
5771 6724
7008 5166
7225 2125
252 1070
4106 1912
3569 7476
5119 2278
3114 5602
3765 673
2487 7450
1817 7514
4918 4465
6118 1029
7799 6361
5813 3033
5502 369
521 6738
4745 2094
5904 7671
5760 3437
337 1992
5940 5924
2858 972
824 3578
1342 2240
3953 7460
1441 6151
3638 3729
2358 3862
393 4913
5009 2583
2928 4719
4578 7245
2607 2725
2748 5722
7880 3884
2268 4571
712 213
4240 126
6959 618
7758 1538
2871 1424
730 7901
3275 6259
3875 7077
2756 4525
400 6851
2875 3928
278 74
194 5496
1977 4021
6901 3634
1894 3047
7250 5656
4261 5993
1672 2134
5935 900
2020 5126
2177 6548
820 6709
4608 7262
3592 7929
6803 3586
7460 2504
4041 785
2249 322
3316 6204
5227 1413
1169 3739
2584 941
7583 2305
883 2686
5308 3163
1197 1069
7437 1357
3787 895
7685 798
7856 3524
4572 6366
2990 7907
3020 6313
1290 4100
5858 5427
7441 5465
4413 5350
324 1596
2306 2788
5092 3140
7084 6279
3837 3891
6559 1337
7876 7466
1818 5091
1736 4518
7647 6808
6175 7976
7070 2917
5111 422
4499 6346
5926 5595
3634 6685
4765 5272
4682 4754
1216 5368
4431 1143
5297 6689
6843 762
2400 377
4669 7801
1402 4248
624 1269
6653 6229
5483 854
242 1059
6074 1637
6804 5501
1352 1211
509 5959
4687 7826
4478 2478
2737 3320
2941 5980
2594 4591
2414 1770
2529 6513
5886 1474
6993 2438
33 2705
1792 6917
1838 1038
2148 5926
2777 671
3195 1869
2535 2349
7351 7152
2991 3511
1648 4884
7514 166
5768 4454
6420 4103
2722 6272
216 2337
2556 6764
3051 7745
4310 5356
397 6929
502 3956
7212 1821
3563 3235
2292 3100
3430 2116
7154 6449
3557 5557
4028 5022
7661 5657
2582 3227
1038 4662
5135 1123
2288 3463
7396 3379
2192 1405
7675 1420
2593 7188
7046 821
718 5163
196 51
5349 5143
3351 949
7147 2076
2378 5083
1851 2163
3279 1690
4621 7392
3206 7181
7784 1245
1362 6227
1310 3390
7590 3911
2279 7817
255 6810
3047 6588
6124 5665
2673 162
244 5958
6361 1983
3250 6618
4009 7059
6354 4979
5884 3944
917 4625
6904 4757
7216 4999
4375 4160
2055 4765
1859 2662
2821 2514
4741 6577
4722 7753
556 7438
3389 1926
3770 2291
2572 3666
2960 5174
5523 1371
7946 4400
7761 6607
2150 1861
7051 1395
6782 5310
6514 1785
6881 4084
1479 5527
791 7359
1717 851
5572 4085
2933 7461
4513 1884
2672 6541
4327 2399
7718 4606
7533 2873
6652 3216
2467 2847
3908 5142
257 840
3496 6950
3256 2534
2498 101
5719 4177
7771 2794
2337 6071
3812 6587
2544 1553
5559 3589
6950 5999
4922 6148
4278 2620
1968 1244
385 6171
1007 1673
5945 5753
4120 4682
3816 3611
5987 7410
3659 4049
598 4012
5293 7069
4975 7999
6075 3921
7858 4115
1913 4557
4947 1241
4329 3943
7669 3171
2557 3649
960 76
3671 5720
6893 6957
1780 3081
6700 865
1384 2199
6202 1857
5797 2410
3856 3939
5445 211
1801 4824
4334 2879
415 4667
6256 1372
2909 7673
291 4626
3803 7800
4333 1223
2911 6455
3480 6138
3084 4809
1305 6143
596 7640
551 820
5251 6794
7303 1428
6494 7177
7979 6767
6937 5839
7209 5202
1746 6973
7305 3574
6269 3609
6797 3783
3013 7366
2813 2963
5787 6017
2476 7789
4631 5781
812 7016
1072 1825
6864 3151
6356 245
6292 4578
5695 7641
3819 7547
6639 360
3895 2582
7749 6635
885 2459
6368 4036
3295 5422
2228 6747
239 3933
5893 116
2047 7663
2543 3640
6563 1415
3730 4463
6917 5244
6903 5736
938 3074
737 4586
7226 3393
5568 7972
438 5775
3096 4841
7338 491
6889 6565
3219 2391
1621 393
7160 3124
4403 4727
3662 5312
1561 3513
5967 4702
3516 6691
3742 3536
7368 3093
2744 6329
6753 5322
3772 1998
1277 2181
832 7667
4099 5564
1414 2627
2300 7689
5642 7084
4446 515
3562 1710
2526 3841
1832 3292
6115 2027
4994 946
1624 7526
2155 2613
1957 6715
5855 7571
5055 1668
2773 7576
4432 5519
6567 2419
5685 61
3960 626
5195 6080
4888 5850
5154 4788
4040 5858
6388 5566
5824 3854
6624 2153
2239 7063
6271 1273
764 3945
6655 1813
2247 6553
6222 1616
1080 7666
3918 6819
5652 525
5525 788
5050 3527
5100 4317
5581 4936
1860 4494
2274 4737
3418 4698
1952 7917
5565 5700
7080 3040
2740 587
1756 7004
4344 2699
7337 633
5588 1360
2823 5216
2270 5574
5074 5637
5910 1609
7367 5797
665 3952
715 3721
1870 5482
2769 7585
6088 5908
2295 5441
7448 6408
6195 2161
6267 5985
1363 1871
735 7949
1158 4802
6527 2612
3539 2208
4611 6734
4348 7094
2344 5106
4875 1888
2140 4855
2461 7332
2050 1249
7012 5029
3728 1490
7334 6701
5243 2898
4605 2800
1991 2598
7887 6483
2780 4619
1992 6454
5387 7678
1232 6169
1700 6103
4341 6770
4966 4332
948 6941
5114 2178
2887 6529
7414 3796
6517 4
7078 1270
2489 1898
1091 3733
3813 5181
6084 3411
7913 4358
545 6298
3487 4612
5877 1022
781 6195
821 3641
5892 1366
2166 756
5013 2562
939 383
3222 6753
6891 1406
5391 7328
5113 1078
5522 5262
5626 2758
5774 2726
3843 6197
2671 6326
557 4378
6719 5122
155 2403
4973 4510
5491 6811
4948 4561
6771 4429
2215 3115
7950 2971
4460 3799
906 3509
5056 7631
611 2753
6424 6153
1346 2599
1908 6823
6632 6393
2575 1546
5899 5540
4343 4831
4340 4206
7723 1584
11 856
3507 493
7234 6899
206 505
4700 3099
3483 3701
2 4677
5266 5137
29 242
2779 307
2552 2474
5512 2544
7729 7503
7673 7195
6423 7311
4477 5263
2840 2152
2362 1741
7272 3085
5231 5896
874 6704
6757 2710
6186 2890
1250 22
761 3758
3982 4285
961 6330
426 218
1985 3793
7278 4200
2636 806
7845 5804
6808 4193
7318 215
6466 605
6800 4389
654 2158
6110 2874
4563 102
1494 4345
726 4485
5517 6642
2033 6425
6290 7407
1919 7231
3053 7636
3106 5761
2317 4432
2280 4119
1514 2772
1365 7211
1821 5888
6217 4876
1958 5935
5922 1178
7153 7970
4295 4056
3668 4965
6578 3814
74 1347
6874 879
1299 1822
7960 541
3442 1715
3415 7472
4586 6200
7711 195
2731 4433
5320 3608
6565 7108
2293 4671
4000 3023
4459 1440
55 205
7431 1711
292 4393
4767 5107
2013 6665
6884 6308
6558 711
3616 3084
1325 1828
37 3798
7552 509
6806 3957
6814 6504
3536 7496
3263 5744
875 1000
6288 5283
4719 1325
1866 3425
7401 830
3521 3048
3324 5353
1787 7455
6463 7110
5806 5373
4857 3900
3729 1574
5640 6637
5951 3419
1483 7655
7241 4661
1246 7620
2185 3807
6045 938
4140 1186
445 228
7855 3187
12 2089
2554 279
553 3870
363 5939
5073 2418
7270 5617
6625 7119
6223 7634
3645 7208
5157 6807
4349 4445
4130 1045
5887 3510
5145 4395
1173 2585
4055 6463
3764 350
6737 4439
2652 2651
1926 3596
4633 7532
7766 5480
274 7713
4016 2124
2752 7070
282 7784
101 2455
5133 4449
3738 7081
7056 6572
1331 3222
1226 3745
2178 5763
7883 4848
4539 7427
5001 7913
1734 1716
6402 2286
2302 7318
5006 1332
2027 3836
5547 3822
5197 2384
5447 5809
4599 7474
3457 5198
4448 3998
1905 3167
1023 2723
2848 2100
6580 2320
7973 4355
909 754
3636 466
3216 887
1283 7032
4828 2248
647 7395
209 580
2040 7934
1769 5211
3788 1118
6779 3479
6583 5335
4848 6426
3441 5585
5229 6231
69 5680
228 451
7928 3406
4929 1795
2335 7973
7646 6989
4298 361
3485 6947
6995 1089
7825 4516
1252 5324
1233 4118
6274 2316
1335 848
499 6573
4479 7768
5366 3961
3143 7587
1381 3857
6197 4955
813 5836
6220 5220
2795 7406
4788 1811
4969 5304
5579 132
4654 6584
4383 3570
4735 2881
5404 2261
894 160
5764 6299
3555 5554
7489 2515
5763 7993
3786 5419
1037 6303
7762 4961
5570 3876
6729 4328
6048 1104
549 1189
3572 7135
2209 2005
7473 489
5338 6440
5936 6560
4831 2407
1300 2247
6605 7873
6313 1881
4905 2197
5062 7088
4967 973
6634 4475
6375 7909
6513 996
4522 6355
5166 1461
5924 4073
4336 4695
7010 3985
5879 3766
142 6652
3305 1138
7185 6458
34 5834
7427 690
2069 5439
270 1882
297 6871
5837 2020
5441 1450
6607 5390
7996 3853
2357 6902
7487 1051
1811 7756
7286 997
4076 6881
4263 5271
3345 5175
3332 2466
2564 4182
7767 2122
1551 1712
5063 5464
5022 3071
167 503
7384 5138
6796 3492
3893 129
2775 5654
6280 7299
5034 7830
4495 4204
2511 3705
3717 6769
6464 4095
7090 1136
7824 6730
5744 4444
1723 4123
4110 5052
4622 7310
4727 3711
2849 7054
2602 5015
7902 5493
1028 4496
3331 402
6990 4995
1495 4639
6918 1783
7540 5536
2873 5715
6468 5577
3579 2850
3242 1565
6839 1628
5458 414
569 6392
2250 6294
6821 4920
7142 3973
5389 4256
6340 6026
2515 6285
30 212
1964 2930
4169 3095
7175 1200
7716 4589
2213 1504
601 7924
932 7747
581 6624
1385 6347
2549 3602
7820 6625
7655 7535
7847 6836
5709 917
6293 7138
3451 1497
7 3340
411 3288
5340 5710
5723 16
1948 4232
3034 1352
2022 7729
5041 2426
7604 1458
1706 3028
6566 2783
6654 84
7283 1385
6633 6726
3543 4598
5704 3546
4116 6641
7036 6216
5096 6598
1411 5236
3060 2769
2463 6613
4987 6464
246 1117
1219 4168
162 1812
1179 7148
2657 3008
7589 4090
3701 5250
5354 4111
2998 2829
18 3465
3378 7347
6684 1113
5609 5061
1020 7611
2267 6728
4347 7739
1228 780
3685 3287
7819 4292
610 5065
2974 2006
5224 4883
4345 7440
5439 7123
5753 6994
6921 5279
3677 2743
3912 1162
5162 7078
2597 6733
56 1056
7275 6511
6353 6815
2919 6466
4587 7471
546 4611
6823 5953
1962 2821
3173 2210
1614 1120
887 7658
2116 6078
4609 3370
3715 2596
3679 5378
5937 6105
178 7283
7774 536
6469 7608
5986 3963
1138 6744
7245 7944
1887 7963
5068 810
6225 2915
1632 2730
1327 6659
65 2768
3150 2993
2600 7649
4826 3932
1210 2429
6214 710
3104 7708
4695 6410
60 1522
3255 5349
3162 7398
7512 3355
1224 7360
4557 2792
1426 1843
2851 3125
1438 1709
7387 5179
4001 2411
2301 429
1434 169
263 881
6443 2376
946 2806
5330 5861
2767 1254
4377 971
7430 5950
3468 4718
6194 7992
2323 4438
5093 63
5683 7870
1129 3833
907 7796
1654 6561
7620 1747
2638 1301
3456 2472
4545 599
5437 1164
1500 6843
138 6854
7680 1837
1765 3155
664 691
1605 4907
4291 2367
2304 7542
7073 1083
7183 2121
5796 3588
389 2334
3177 339
2648 4530
3149 235
6706 2045
2834 2647
6744 2744
6820 4424
6395 324
3455 697
4022 1959
4517 4239
2368 2827
2475 2392
3932 1036
4092 1260
3829 3864
3814 3692
2999 4924
1611 6268
3061 5563
1667 6590
3246 7670
1983 492
4865 7823
7284 3755
1857 2040
2631 221
14 6333
2674 301
6018 7657
2319 3866
7700 6861
6377 2912
7768 1093
2169 1183
7217 6189
2953 4673
293 474
2713 829
6215 1988
3658 7838
3784 2771
2183 857
6716 6405
2364 4744
582 4523
6397 3302
4958 2858
3346 1423
586 3967
13 6545
4356 1023
566 4962
7498 602
7116 1299
1421 38
3009 3673
3176 3871
5885 6402
6144 884
3276 4136
4322 6978
7397 165
6641 2259
7025 2852
4309 4040
3329 5982
7242 1303
1151 709
4506 3533
79 1454
6883 5666
4773 4185
7815 4404
6484 6266
341 5241
7517 3619
4048 321
3018 1804
488 3715
1214 3847
3727 1652
6951 6648
6562 2790
494 3581
7132 1706
2427 1968
3269 985
7563 6600
7362 5940
124 1489
7214 3538
3121 5907
1676 6238
3967 4145
5362 5144
6305 5158
5524 4274
208 669
2802 834
7029 7131
6600 5438
1692 4316
4068 5084
7249 5655
762 4075
4542 1548
2655 4152
7290 5325
2967 7824
5831 1009
2580 6664
3252 6242
5648 7875
5495 1624
4235 3821
5603 6532
4376 3525
2934 365
914 3665
7941 4030
6664 2475
6833 3858
4276 6280
5725 2172
4142 4704
5443 6903
4027 1205
5726 2789
2550 5367
4825 4549
2514 448
47 1330
3469 3391
1065 3557
2790 1700
2659 2565
2168 1430
6896 1807
7377 2929
1445 1544
5181 3629
599 419
3086 2449
1431 1758
4036 206
4390 2875
2734 4789
4367 1359
2038 6617
3544 4751
829 5745
7817 4127
5527 6809
6789 3746
5717 7028
4946 3010
6185 607
4205 283
3471 5395
1253 2306
4591 556
3447 7603
7145 4627
4641 6907
5551 4059
7352 5317
70 7721
2890 2053
5318 4854
5174 3972
4751 6293
4342 7290
5083 1154
740 210
3641 5246
1505 6791
574 20
1841 5004
7658 392
6663 6055
6554 1919
7592 4470
3568 5537
6962 7877
7006 2762
6184 4933
2235 4526
6942 1208
7681 4042
7838 4567
2220 6296
6090 7075
5272 2481
5641 88
6454 1231
845 5145
7292 5348
4821 4780
3274 5164
2864 3221
5649 3754
3790 7505
4464 4833
115 4181
4418 1033
2416 4968
1039 5314
5529 1902
3703 6315
3564 5909
4378 1929
4197 217
6945 1340
3163 4929
1508 4928
4225 6457
5592 5979
7406 2083
3857 6542
4146 1417
7294 4238
4237 2601
3513 4191
6888 7462
5540 2402
6176 5003
4635 5495
3467 3631
95 4284
2863 7625
1615 1464
4698 4411
7348 5387
3240 4764
5035 7024
4346 6576
2044 936
5042 7443
1455 4124
7759 7243
7354 1779
4832 4981
7870 3293
1798 5057
3558 5873
5115 5608
1401 1268
3358 5343
7313 6319
5902 25
4396 7711
970 7889
3531 5134
1032 4365
19 6027
39 1928
1490 4994
5953 733
4885 4784
5645 5086
5856 7545
6702 6888
4035 4046
463 7902
5186 7759
6040 4775
5731 73
3016 6433
5567 2983
4770 2294
2760 2077
4584 4065
3848 7897
6315 7936
2497 2695
2660 2616
3871 4140
7801 5573
4764 6886
487 2234
1512 804
7976 5739
656 1215
388 6129
7111 2749
2959 1946
2499 5597
6035 6909
2645 4512
7966 2813
983 3566
6477 4504
5117 6980
2465 7159
5870 144
461 3111
1477 2849
157 478
4762 3279
5413 5012
653 1792
4660 7536
1770 6448
130 2493
6922 5885
265 7280
3395 7807
6336 6358
6458 4126
1098 5111
3397 7372
5703 7071
6620 3707
1560 963
7482 1760
5136 4535
4074 5702
6581 6302
3955 3616
2570 1780
5409 6277
68 2162
1569 4760
3311 2420
6435 6031
4841 2290
5781 3551
4422 6984
6720 7557
6801 4048
773 2331
633 3022
5228 3062
2222 933
3683 3044
1343 1763
3841 2826
5822 3582
6593 2218
1180 3399
4537 634
6925 5799
376 551
2811 5963
1548 174
3482 2868
7224 6538
2955 6677
6112 4740
1767 6202
4897 7193
661 7892
3576 3937
7726 5208
1014 252
5373 966
2720 7790
1120 197
6658 6316
106 7589
465 6490
7346 1446
6134 1151
558 1072
1285 7572
1855 6104
2516 5545
4512 3812
6049 3439
4675 6350
288 2791
5598 7915
1664 6696
3597 4228
3387 6574
5881 444
2313 7617
754 4025
3922 2111
1092 3632
1856 3226
5475 4267
2566 6286
7821 4165
6033 4077
6932 7974
6669 3212
1875 5444
2100 6399
2548 1363
199 6800
751 7046
6151 1900
4892 3165
1629 792
803 238
6886 3697
7365 113
1016 4231
4308 6864
7219 4574
3434 2191
5454 6872
347 2948
2805 5019
4630 1562
1705 6780
2436 4067
4571 1116
5212 5239
2011 6445
5627 3132
5471 6185
1062 2468
2082 7336
4648 2141
5116 2693
4812 4607
6981 3824
4482 2458
4606 2899
4335 6824
651 3197
7816 2579
2528 7179
4714 4689
3882 5832
2173 37
314 2906
6570 560
7869 265
658 572
3851 5305
89 6568
1368 4195
6783 1722
4614 2155
4637 4553
7323 384
111 7959
1248 152
2179 3832
5620 2581
1239 5661
4255 7730
232 4015
7191 5130
1638 7470
3696 6116
5934 3231
477 1655
3249 4086
5390 729
4868 3995
2326 5153
7058 3253
7578 1989
1275 1650
4064 7912
6795 896
3617 7763
2702 4058
5091 6609
4213 465
2204 3550
3650 186
3973 6878
2283 7444
7263 2774
6890 2819
823 3498
4528 6000
5599 5064
7319 1932
6898 3061
7271 2075
7560 3120
776 78
1295 6491
1891 500
3750 2324
4858 4081
4890 1031
4202 1291
6539 953
4023 7397
5216 137
568 2932
5984 1586
1047 1174
3930 6430
2568 4230
7257 695
2265 6594
215 4282
1934 5922
2219 2776
5363 1266
4086 3676
1176 544
3118 2684
3831 7477
4361 7856
4241 868
6483 7175
6255 2138
5021 2637
6497 1922
7706 2984
7548 4308
6164 3898
652 373
7119 4043
5464 4585
3868 6575
5762 5997
6146 7363
6733 4050
2917 3405
2045 930
1655 3804
2668 4539
1046 8
5971 7652
910 6470
1598 3007
5742 5906
7411 1075
6312 4587
6906 1074
2381 1217
4201 7613
4031 1643
2495 6224
6487 620
2473 5486
2914 4331
7527 4143
682 3899
3661 7204
1440 191
3680 1682
2080 80
2816 192
2739 7509
901 2254
7625 4035
342 6669
4050 1911
5631 927
5864 1605
7588 5802
7149 2999
1759 5082
1715 511
3340 6829
6604 7431
313 765
1564 4064
3964 2007
119 7484
3444 4813
815 7057
4155 5889
5507 1398
5833 5862
4302 3046
2423 6612
7328 1920
5845 463
3867 2712
6769 5728
1726 5075
4804 7931
7062 6312
4015 1288
7639 7390
4469 6579
1631 1949
4734 3119
7357 3983
2878 4436
6770 4696
2101 2546
3503 774
3664 666
2670 3243
7914 2919
5309 7411
3582 6857
3320 5033
4286 1377
6430 1576
7421 6606
6436 2216
4811 1824
7709 3448
5204 6081
4912 367
3169 5704
3197 7370
4384 3255
5939 5007
1147 4305
5150 4971
3952 564
4359 6919
5424 209
4020 3977
5240 6837
6087 7724
4253 4562
7220 3131
7796 3435
4498 5933
1159 741
5875 6623
7379 2632
1565 4545
4190 269
1574 7222
6273 2485
2407 1279
3381 3638
5095 639
1585 1192
1476 3423
5156 3485
7404 4668
1308 1457
6173 5912
5497 5838
4123 6481
1879 3710
5700 7056
5275 7096
6521 5813
1902 7862
83 2370
1272 7792
4372 3969
3226 2333
4536 4633
5622 2003
6582 461
4419 7358
4315 1621
7645 7221
6790 4538
1830 3740
4731 4923
1044 3066
3161 300
6824 4550
5999 5148
4974 6495
4454 4138
1177 967
6034 7656
5992 6906
1354 7242
1766 3654
6120 7803
2700 3053
3458 4492
7843 4715
2029 310
4159 1015
6948 2404
2442 2511
163 7171
6057 5634
188 7048
1139 3258
2534 5525
1279 3991
4883 7312
5137 7887
6452 4116
1393 6774
1484 1297
213 1827
334 3689
533 3268
6943 7136
6726 3938
515 4166
7267 495
1576 7779
7539 1647
2031 146
7125 2016
7854 2238
7194 3190
4598 4507
3781 4600
6137 5811
5044 3613
4807 2371
5246 3797
4632 5282
6207 26
2743 7638
3630 6364
6152 5298
4252 7871
5450 3409
2157 2184
7385 219
2493 4112
1956 6002
1183 6987
1446 4276
2262 1501
6760 3658
2002 5647
7606 5270
2770 2595
7184 3669
1472 1964
7380 5648
5239 3887
4724 7528
2559 6223
3666 4251
1040 6053
2025 7176
7400 3585
4273 6413
2578 3422
1462 5222
4045 181
5715 7501
861 5157
3413 6890
7037 3756
1600 6773
657 910
5895 123
2010 809
1941 7104
6612 453
7499 3934
159 6706
6872 4034
5616 5476
3619 7353
4283 5640
679 4187
5433 2716
1487 6736
5896 7816
2830 4853
7823 1527
6401 1555
6692 1653
4989 2357
7420 5658
6651 1618
4058 1563
1011 4860
5402 907
6135 4150
2297 3245
3400 7953
6989 96
3063 1362
7903 431
2874 1020
6447 3792
3182 6170
2299 2659
1244 7581
1254 7457
1146 408
3383 4016
1060 1535
4636 3494
1593 1657
2615 4473
6519 5921
3830 4794
5630 1729
6266 574
4435 7504
4465 404
6560 7267
1261 7808
622 6382
3170 304
6258 3845
4165 3464
5436 7777
5395 2844
1725 3020
6778 226
4274 1425
1413 6136
5811 747
1388 1403
2940 1358
4854 7329
4656 7121
4836 3079
7235 7029
6649 5287
5681 1099
6927 2002
6343 6885
4181 3652
2348 2552
2536 7633
350 722
1423 7795
4856 5976
7064 6803
5029 1236
7131 3659
2882 6477
6767 173
6079 6100
1432 4027
6026 7650
4592 4161
5699 325
1321 6723
3545 1974
3407 5981
4704 575
6491 3571
7222 4416
7433 6331
7717 2390
2019 6740
6616 3696
1862 3839
523 3110
1312 7315
6522 5285
3525 1921
6992 5884
6085 2927
998 4369
1979 1439
5963 170
2624 3148
2411 1163
5756 7559
2388 1818
481 4159
42 2977
666 6008
479 4891
6348 7468
418 5856
1499 6517
1771 6161
6732 1985
3089 450
3044 7964
6329 2179
1800 793
3319 7277
7446 2566
905 4268
3792 7524
4866 179
437 6213
4576 977
3461 343
7809 7494
6756 5447
237 3117
7740 6676
2341 2878
1102 2065
7621 4505
5295 278
4577 4703
7710 66
5964 2994
2181 2123
5078 2018
4059 2343
7300 357
6462 1328
1257 742
2059 6539
2018 5649
7088 4935
6728 3601
684 4554
4039 3249
996 3150
7478 5184
3896 3930
3394 7665
7630 7555
4644 2143
7376 2733
3030 1243
4386 6110
462 1356
4084 372
2386 1661
5045 5664
7591 1632
3622 3867
7733 6531
7244 5996
3205 416
3175 2462
290 855
2727 140
6602 122
5767 2588
211 4162
3248 1105
5948 75
4681 3657
7577 4108
7708 4823
212 6821
3350 7886
7470 1108
721 1833
466 3184
3446 473
977 4273
3265 1482
4037 7818
6831 1622
6 1601
7279 412
2931 5991
4025 5737
4113 2195
1728 2285
2994 6240
5528 4390
4554 5235
3705 4886
7306 7827
713 6708
2930 2870
3270 5956
6296 5479
5176 7116
5836 3748
171 5209
4157 2719
17 3883
5097 1383
5406 2634
816 2024
5317 6889
2451 4271
6957 6759
7017 2345
7642 286
4458 482
5601 40
7618 315
7388 2193
2847 6096
1218 1042
3299 6567
873 5374
2312 6882
6394 6158
399 447
5461 4912
2012 4991
3360 223
7399 5100
6383 928
6751 5626
4067 1633
3010 526
2985 984
4610 6979
3315 5161
2774 3844
340 5352
971 7506
2796 2276
525 4008
2881 3459
4381 1945
7026 150
7333 2428
2188 7144
3122 2584
1230 4847
505 7252
1545 2175
5799 1761
1237 3289
2519 2804
259 5104
3372 5869
3472 5505
6369 7010
4138 4287
2412 3776
5677 1319
2500 7296
5169 5829
2402 3326
2488 1484
2193 4425
5911 625
7612 6019
2182 6082
5245 6198
2891 4313
4889 4590
6083 646
1713 7679
667 2851
4547 3552
2628 7857
7931 4131
2342 2264
6172 6746
7865 6411
6320 5942
1627 3501
4280 6377
6672 5377
6606 1787
6308 5280
2669 153
7999 5206
1280 7781
3288 1705
4436 956
6099 2078
1195 230
4761 291
4651 7684
266 158
2876 1739
6553 6752
7603 3534
7521 142
2008 3037
2771 4362
2229 3583
1951 7106
161 7517
7003 7718
7978 2019
1649 5063
16 4552
3368 5399
6867 6714
2880 4947
6366 3620
5122 6603
3840 1958
62 784
6289 5793
6508 1963
2462 2473
6417 1229
5191 7306
4490 4088
2490 7597
7719 5600
7024 4676
3998 1595
5628 1516
40 2909
7951 4721
7503 7487
3287 7984
3835 904
1966 7335
3031 480
5138 1619
1825 7093
2471 7038
1930 2104
6887 5026
1540 1683
7114 7386
5639 1137
1303 3076
6145 1057
6374 5498
563 2928
5183 2989
458 5093
4718 4189
7848 5172
6333 4758
793 5357
379 4382
790 7900
1349 5384
4098 6552
7566 6121
5417 4644
4043 32
409 757
1031 853
4088 69
168 237
2539 533
2755 6023
2776 6530
4109 3389
1005 7151
7698 5219
3484 1676
706 4427
3352 3517
547 5196
2090 3142
7949 4630
1969 2186
5205 2854
6476 506
4944 2895
4398 1899
4603 6914
3548 5330
1270 5823
6704 2035
5859 2867
1916 5795
3726 1295
6029 3894
4915 3122
3865 2423
5687 3986
7321 6654
1361 5
3945 596
5455 612
7121 258
5398 7508
5950 1931
1556 4158
6001 1559
2087 3402
4931 2460
2492 3321
2555 4344
420 3829
3855 5277
3235 2033
5414 2257
4938 5299
3731 496
329 1331
5381 4688
7724 41
7518 346
2131 6083
612 5458
7315 281
2585 4666
3317 704
5269 5632
241 6554
5914 4716
4365 7518
6608 3414
7324 2518
1081 5887
7157 409
7614 5526
6946 6876
2791 2272
4721 7197
1757 7323
1204 4105
1114 4060
5610 1272
1515 3396
7878 4327
1683 2365
1519 6692
4585 5365
6278 2848
7344 4711
1356 5842
7140 3143
6861 3327
4078 1165
1022 5766
4620 280
6661 6225
6996 7147
1461 5541
5187 3901
3774 916
7230 64
5428 6966
1889 1248
5541 1414
2827 4613
375 1904
3422 2641
2622 794
7834 802
4783 5169
4293 6995
7939 5945
1450 3604
6236 2352
1377 2381
1840 4617
2948 5790
1225 182
7546 6849
7963 4434
4793 5110
4232 2207
967 7478
891 5311
6685 4800
552 1048
5292 5560
470 5132
7782 3343
921 6058
3128 7614
5094 689
4588 3920
2989 5826
2088 775
1943 5512
176 6961
2447 5689
7000 4423
2098 4201
3112 2536
7861 2500
6304 4299
5210 2547
1650 3684
4472 7839
6986 131
2809 5565
3410 5414
3145 5806
6599 4752
3979 4293
1202 1060
5219 6167
3078 1640
3147 4709
3845 2495
4786 483
4484 7787
1511 5372
3797 6682
3817 4502
6761 6415
7556 3018
4514 4383
4070 1399
5182 3953
3698 2266
3093 1100
1340 5256
3866 5593
4145 2443
4758 6206
1647 5159
2429 1346
3735 6289
5079 2624
2325 5215
1004 7228
2309 7810
6392 4146
7486 1396
5710 3196
294 3816
5271 7049
756 6443
3348 5752
7574 4184
3076 2050
6248 5660
2479 1593
2916 2614
7905 4733
3904 2211
2439 3105
1332 644
7180 6661
2894 1578
6506 2729
2979 563
352 81
6660 2698
3072 699
2563 999
4272 1016
6710 2597
1339 4217
2869 7040
3029 2387
3473 862
6829 3330
507 7161
5322 5245
765 6265
6544 800
5348 6799
2711 4601
609 4857
1366 6182
5110 761
4133 7319
6358 504
503 6960
6974 909
4737 2022
848 4818
5635 224
6850 839
7615 7978
4921 5189
7099 1842
6196 2690
5209 4828
5658 6845
1213 6523
1597 1434
298 5146
6103 4588
613 685
254 7314
1442 2239
689 1177
7720 2737
6755 3672
5843 2000
4616 1259
966 6016
5534 534
1639 845
7586 4205
1178 3490
868 6758
1520 2548
4726 7426
4679 2038
4624 3438
2997 6506
4615 6217
7580 6009
5654 2255
3207 5743
6244 227
125 6474
3505 3077
6934 314
4510 5338
6158 5403
2196 570
5561 6380
2314 327
703 7885
5519 3049
2291 21
7649 3636
5927 6492
6264 6830
6793 6040
3642 6397
6939 1540
6182 4377
3424 4761
4163 1469
4756 1230
7827 7355
2091 2071
766 3750
3301 3041
7957 1052
3594 34
2260 2106
7417 5385
516 569
2054 516
1527 3275
6715 4635
2161 1131
6629 220
7641 6412
5038 843
3763 5383
524 3808
6100 1115
4193 2933
7253 3381
5015 7662
7457 7424
3159 481
6039 6729
3757 5644
109 2486
2845 1764
7694 7113
3541 2200
3180 5957
6675 6825
4709 2375
2764 5848
3058 3484
4568 3311
4518 5618
4196 6473
1846 1389
1374 374
7039 5965
4935 6820
6941 7122
2057 3027
4457 3045
1131 6883
5226 1388
3898 7741
5407 4301
4979 4493
7413 4623
7705 6535
6365 2607
794 5929
5516 2831
5353 2779
381 4987
3526 1007
4468 4579
4207 3831
1390 7866
6591 355
4087 1973
7885 4812
2034 6942
2081 6406
3178 728
2551 7465
1950 5947
5862 893
5913 1175
7196 2969
358 7473
7958 7563
5882 1631
2236 1092
279 5742
4265 2739
3021 4407
930 4199
6683 2516
5550 6207
75 7607
3429 185
6403 6502
6746 7235
7558 7076
7781 1111
2093 7134
1101 980
7637 2655
4034 1970
7598 5354
1439 428
3334 6879
6283 6918
5973 7375
680 401
4139 3773
2804 6711
1814 2742
5708 3158
4999 5113
5140 4061
7277 5090
3152 1597
7703 6036
4332 6145
1727 3078
6410 4022
630 1991
1396 5905
4852 566
7148 370
1764 2118
5449 7672
2754 3744
5772 3940
1510 6093
5650 4948
2972 5967
963 767
2383 649
3284 4254
5151 1471
2681 1994
7038 7994
76 7035
4787 7259
7122 6948
1318 5023
7491 3065
2417 4272
3101 6070
916 5787
7228 6748
1584 2250
2926 2745
749 6703
1025 7206
4122 2126
5520 460
7074 7062
1824 6974
5705 7339
5919 2268
6093 4975
3134 425
4382 1445
1612 5204
7918 7527
3567 4039
2258 5902
2233 320
423 6739
5800 7354
1763 2711
6781 3605
4284 2275
2273 1956
4177 2032
7028 2817
2374 7869
6362 7714
225 7497
3097 2326
1143 4556
6623 4743
7293 721
4516 5995
5509 6695
7969 4594
5394 658
964 3686
5747 7876
1209 6146
1428 2550
4802 3790
7358 3644
4565 54
483 7538
2778 5871
446 5042
5018 3274
5489 6859
6460 2809
202 3931
1760 4055
6856 6940
1171 957
7922 6010
2079 7771
6577 5054
3160 5962
6511 4298
2647 7675
3417 5457
7534 406
5326 4296
3825 4655
2277 306
6949 2750
5847 5039
6006 1040
2808 557
3887 4215
810 2042
4400 1751
7804 1942
6378 7301
5679 7996
6556 1987
4556 3384
6414 2303
6472 795
7875 161
7572 3489
3673 6472
4589 2532
1502 4458
271 1321
4282 989
4697 3181
4429 6141
2171 7068
3109 1536
7192 3382
4521 6386
227 4398
5020 50
7347 2839
4060 4106
2982 1298
4441 1384
4849 7645
2644 4628
3120 5596
3577 5659
4496 7819
7472 3372
1776 3482
3852 4283
5718 4132
3933 4144
5776 7330
4212 7610
7444 4851
1329 1999
4533 861
2036 6142
5198 7680
6826 611
7722 7376
136 4290
5980 849
5267 510
4203 27
1417 7677
5872 6721
1262 3723
3942 7008
353 885
7485 1055
5754 6710
3230 6632
2683 5044
6836 6757
3885 5397
2706 2159
2217 1771
5673 5186
3449 5326
5412 1451
1073 6417
1076 1498
4653 57
2445 7600
3966 5627
4909 5698
3102 6320
1140 2233
4981 3082
5064 5845
7690 6479
1425 7967
7800 5339
1430 4167
1959 4233
635 5518
6363 3731
7536 7199
6985 4099
6697 5824
4281 7307
585 813
6077 7736
7032 3774
6969 3942
504 746
5026 7401
6433 725
4406 3421
2321 4218
6590 2997
5057 1326
7953 3763
5499 4573
3343 1717
1570 763
1659 4593
322 1159
5722 6025
141 2916
3996 3004
7956 4224
7898 1889
733 4419
3038 2816
1747 3416
6042 1021
4246 1184
6245 4490
3993 4672
6739 4176
7221 106
2709 3251
5011 6245
4083 1274
925 4380
5161 6926
28 2494
1471 3762
6809 1635
4678 3645
3293 3397
577 437
7776 2845
2212 7428
6005 7207
2063 6516
1541 7173
4729 5817
7356 4616
1842 7361
6465 4002
912 2668
1698 5643
2859 2553
5868 2093
5521 3950
1793 2213
5674 837
2120 1121
1989 6797
7370 3118
2886 1981
7779 296
6370 4325
118 7439
1240 5598
6815 948
6437 7441
2861 1034
6302 6021
2198 4412
7041 3770
1041 1663
2404 3910
6495 5589
720 2415
3600 3291
1201 292
5928 1542
6682 5092
3421 5079
3055 3070
2923 3365
4079 1088
6895 1679
267 6092
1172 3882
3947 3865
4337 2980
7894 5431
4733 2942
2125 7923
1424 2835
4879 5041
4239 1701
305 4896
865 1283
4789 6684
1712 2435
681 6439
4443 1796
3612 2434
2558 4196
4440 1816
2981 1627
3155 7309
7015 2492
7806 667
3789 7343
5468 3703
5289 3855
3296 5951
1961 4674
2167 5750
2508 4631
319 7842
2230 7009
7633 961
4318 2421
3716 719
7984 379
7636 4508
3944 1467
4452 4796
2841 6932
1874 7533
956 1348
2929 6784
4550 2463
7818 684
1722 7846
2253 4028
1852 6434
3281 583
7704 3702
4399 6317
7465 5180
4916 6982
1973 445
2491 4558
2242 6991
6947 7418
6834 2706
927 4384
6924 5011
3949 7748
5580 3786
3762 2397
7528 2677
6021 4469
6681 241
3012 7822
432 5346
1681 2626
316 5321
7696 3199
5331 919
6298 651
5947 1257
3017 2773
2136 4489
6385 589
4170 2136
4 5231
3079 6394
5698 4865
2690 1397
7739 988
3608 3741
5352 3815
3746 4062
1409 5786
7890 7377
6456 2853
1166 338
7822 2444
7985 359
217 7400
2884 5768
6802 6427
2837 2251
3890 3675
4917 115
4623 2039
7896 2069
4993 5067
177 4748
3008 6931
2889 7112
280 1950
6125 1064
2610 5990
3826 6705
5531 4773
7797 203
3889 4870
6622 5784
1103 6750
3778 1568
5841 4134
3244 4479
6010 755
306 5247
2757 562
3684 2253
6676 1732
5401 7511
2367 1182
2547 7758
3428 2564
6827 2962
2415 7019
5812 1766
5970 7156
6668 6020
896 4263
2346 6524
7176 561
2016 5303
6650 6203
7772 6396
6975 3144
1122 4047
3289 7960
1602 1312
743 3394
3198 256
6615 5964
1653 3109
3722 883
2912 77
3681 5101
1196 531
2820 6840
3465 3347
7582 1149
2485 679
1141 5584
6327 4551
809 4009
1359 3785
1435 3914
4604 3075
922 2427
190 7039
1699 6772
2643 3112
4350 1294
719 2512
6359 7391
2996 3139
915 5612
4187 1773
5906 3572
7170 5494
4928 5409
2907 7719
2689 7469
2656 155
7650 6211
283 4265
6418 5937
5486 2704
4954 6028
5164 87
2117 5954
1458 7433
7654 5857
1737 1195
1107 7129
4049 4749
3309 5978
192 5642
3125 3753
5002 3175
7727 4194
3759 4435
7585 759
1403 2395
6285 739
2164 3313
5880 3298
7197 1570
6690 4821
3426 2763
2949 4312
2678 2781
2425 6072
2560 1526
468 4330
3261 2092
3815 653
5838 3305
6938 1726
1743 2302
6136 1309
7665 1890
2331 869
543 2509
5089 3473
7047 1893
5745 2043
5130 7331
985 922
5741 1612
1791 3174
7568 2408
934 4041
6148 2311
6589 1237
6738 1908
6155 6373
3396 1664
6129 5772
4959 442
3678 7727
7982 5376
3528 6636
201 4246
6310 846
6640 4279
1625 6263
1777 2151
5506 1840
7683 4984
3411 6841
408 4519
1478 1677
1193 4114
835 1817
949 4652
3921 3738
2159 6075
7871 6370
7714 6496
6862 6895
2232 4368
6376 995
6341 2970
5487 4834
2061 3505
4799 6478
3565 3992
2000 3263
7837 4402
4509 5534
5336 4045
4167 4706
7897 7459
2391 6456
686 7998
1033 5300
4503 2044
6837 5109
4249 7626
6798 4908
7079 3011
7053 1336
5421 5533
3015 94
5909 229
2189 2777
7193 2896
6127 7726
1938 2496
7178 4767
4021 112
6828 7098
7307 7519
5842 758
6758 5068
3720 3545
3268 6578
6568 5010
1474 3102
5180 2389
7707 801
1697 6212
4424 1037
4815 5364
7730 7072
6014 7622
4077 7488
6707 6461
852 4909
4519 3982
3027 4533
2708 3712
7162 2086
3864 1566
1538 1407
3100 1778
2049 2382
7575 4658
951 6971
4137 3400
5671 6672
430 7490
5721 2555
1794 3483
6897 3996
5790 7891
6056 4323
3077 1443
5569 5266
495 5672
5714 7865
7107 1103
2860 4609
746 871
4671 2793
5303 4778
184 3722
5220 5611
7777 934
7159 6022
3602 3694
4141 1110
615 4566
3191 7446
2060 5274
7562 6827
2540 3698
5821 5487
1813 2623
2409 7060
41 7863
584 3358
304 4171
6731 1703
882 1719
3308 5470
5490 6077
4814 7379
4082 4294
6648 5488
4481 5361
3171 5587
7115 4917
4226 6173
248 1671
5415 1222
5961 6375
3498 1364
1900 6901
6723 1227
3776 6149
287 3964
15 7995
3375 6428
5107 4723
5019 7704
6637 4966
5434 1172
1488 326
7732 7034
6311 7481
1645 6113
6776 1604
2345 4582
2532 3191
301 1694
3615 2670
2048 4026
7266 6597
7463 3713
3646 4443
395 6261
7789 3655
6132 7619
3385 3656
2464 5306
3511 149
296 3241
4685 1173
3402 1432
6695 5531
2389 5789
3613 5807
5400 7569
880 4141
559 6835
979 6640
6714 6228
4267 5366
3285 5833
4662 5970
2651 3186
1788 5418
7748 6853
2223 5855
5173 2267
1775 2946
1623 4406
4444 3304
4743 1025
3556 1234
3632 5295
2825 6117
1186 731
4982 3480
2478 2918
4487 6745
6270 1169
1486 7969
6439 5273
7635 4798
2135 498
4427 5986
6405 4542
3213 7303
5562 2130
4325 892
5791 3334
7112 2746
6161 660
3913 4346
2206 2782
4211 4373
3529 6278
530 3752
5085 568
6541 3080
5125 4620
2194 3014
7440 1502
1944 236
1448 4500
597 7926
1249 4514
3983 4949
4774 7847
390 2920
2510 3254
7383 2229
2604 5814
5823 2477
2728 5016
300 3749
1376 2292
2289 6782
3667 6388
410 2883
1416 366
4357 4846
4520 1979
6163 4890
6253 7874
7674 2960
4997 5890
2697 1345
4754 5944
6070 6690
817 1892
378 616
4358 2872
3828 3622
2586 1122
1675 7114
4129 456
5782 5918
1333 2967
6357 1788
6187 4645
1258 267
3371 4753
1562 4259
6212 7764
3969 7864
285 4832
5457 1883
7423 458
5536 7844
856 4097
7390 1756
3512 4441
3291 1068
1937 5499
3758 3529
2318 5882
5552 1209
7812 906
7906 2888
1603 3316
1298 3059
2324 1957
5647 3461
3692 5078
722 2270
7019 6389
3412 3699
1367 2102
7100 5363
7042 6034
5752 3032
5688 1996
1682 4583
1395 1629
2009 3001
5207 4540
4837 5610
890 5099
1643 6602
371 1844
7490 7980
4247 2709
4853 7635
6777 4156
2376 5931
1001 5530
5729 6005
1463 5769
514 2658
4351 2499
847 59
5560 2676
508 2751
326 163
4234 3968
7663 6645
2992 5652
6686 1392
3376 2823
475 6480
5155 4409
2021 5442
4306 5801
2162 1769
1871 3385
2745 1675
989 2096
3131 4051
4805 5724
7066 2066
7909 2174
2596 1848
2152 476
5477 1112
6865 4430
6698 233
7123 5162
4976 1185
6916 3333
3639 1047
2793 1160
1481 3959
5889 1955
7211 7043
4830 3556
659 1090
6967 3246
3005 6251
1418 3834
5236 6084
6736 6035
4694 3648
2715 3097
1854 6160
3470 4340
2699 6111
1260 475
2839 3335
5545 3128
6601 35
2083 5404
6863 7
1334 7568
1635 2309
576 974
7964 7321
4785 5394
1558 3590
7232 2469
220 5340
3714 2537
2275 769
4271 2683
5420 4079
5008 5760
4703 6865
5175 5252
6525 6751
796 6362
3553 344
3571 1316
231 6831
7045 4669
3769 7991
7933 193
5024 455
974 2088
3994 4072
2322 5483
3827 7783
7202 3234
424 2594
7864 2549
519 7237
5099 7381
7925 4343
5086 1493
5693 6955
4906 3073
3237 2648
7852 717
7573 4371
7987 2959
7402 7349
1782 7483
103 2618
2903 524
992 842
7135 3878
5392 6291
102 4941
5758 313
6242 2441
6276 5754
3066 2591
3354 5690
6200 1976
3900 2014
1553 449
4363 5286
7802 6633
6072 5556
4257 7954
1288 7371
3532 588
2354 6183
1898 632
6193 1851
3858 13
2154 2510
6537 375
4461 1797
6189 1071
6609 2139
774 4632
3647 118
4002 6344
3290 2921
1100 4892
444 6520
7095 5532
1988 6920
2172 7495
1018 1448
4667 5156
3655 3441
4978 3223
853 6630
1456 6518
3724 4130
1221 3310
2676 3682
5274 4375
1282 2663
6878 6292
5072 3667
4051 462
2435 4361
1986 3101
7265 1990
3745 1481
7049 3880
1738 5712
7287 497
78 808
5815 521
4851 6441
6871 7750
5312 7780
1797 5864
6373 5543
5655 4399
5347 7903
5127 247
7262 3089
3133 5553
5530 5201
5043 7850
2987 6177
1207 7233
6549 2987
4992 3488
5192 7097
3603 2115
6171 36
5496 2110
7469 487
2333 1327
3723 7128
5016 7566
3321 7130
5112 6324
3888 6187
5422 4006
604 4020
3665 7260
5996 1720
6646 3966
1790 3454
449 6546
795 5735
7389 1727
2693 3979
3267 1554
2449 4838
6446 3442
5031 7302
1539 1499
7901 4431
7889 4109
6408 7006
4772 992
5505 3825
387 4952
5863 5328
183 297
511 1685
2885 7853
3214 3874
2828 5841
808 2787
7672 7896
7970 4360
7027 2807
1557 5619
7072 670
1687 5136
6550 3813
1264 4459
4763 4011
5408 6559
5178 2785
5282 3625
1190 7435
6592 2558
116 6566
6352 3726
2935 136
1192 440
2691 2067
90 1686
7109 5780
1789 5221
7793 2941
7161 3338
1370 3009
6438 4450
6415 3086
2601 7185
1978 5777
4538 6945
6091 4350
478 6674
3810 1772
4013 5815
6846 5778
7298 6556
2444 2431
1696 878
7977 1681
498 2814
1315 4610
3768 3206
5383 1809
2144 6191
5146 3341
2294 4954
2641 6977
3870 5017
173 6952
5888 7588
4393 3157
2682 4879
6635 1267
2470 2204
2483 5542
6037 5843
4759 1725
3098 6378
3002 2328
6805 4793
359 901
7926 3410
6631 768
4595 2180
1242 5058
2747 5281
1684 1132
4032 7728
2240 5469
2434 5747
6997 4842
2175 7769
5686 1975
4523 7253
6542 1607
3607 6154
1704 5230
3040 4803
5931 2666
5106 4845
4555 1168
6768 4646
355 791
3554 7556
943 6786
6262 1426
834 6564
3628 3980
1758 7550
6328 5077
7479 5297
957 6487
4330 2926
5596 3695
5965 614
1419 2072
1752 6749
1947 1252
4505 6126
2254 7552
3443 2327
1064 7257
7628 3913
3294 5513
3614 7879
3338 7146
64 7639
2256 6162
3847 3500
48 3098
3649 2815
4810 2631
6224 2838
7668 2606
2951 7546
7783 7797
3073 4234
7336 5509
2053 1435
1592 3296
1955 1039
2393 5568
7327 6066
4593 3361
6221 4643
4896 2786
4264 342
5689 2154
2698 4801
2424 1986
4052 4692
5139 2886
6474 7575
2746 7047
7316 2148
4127 1745
3936 7196
7968 1281
5784 4618
2759 2489
123 7246
7495 2940
3970 7755
4952 826
742 6922
2966 5765
6226 5445
4649 2992
4575 3280
3035 5429
7474 3208
7853 4871
6016 1289
1378 6276
5660 2471
3978 5491
3937 5936
2160 1611
57 1167
1572 6891
4782 1588
5668 6052
5684 7859
6419 3639
5593 4560
913 104
6351 2341
5820 2527
6968 2747
5167 7593
4525 5188
6503 1350
6030 5089
5385 5316
800 4925
417 6309
7288 6088
6141 1329
3601 6707
1097 6188
6263 5662
7846 2893
448 345
1689 423
256 520
2369 7594
3203 6499
4450 2025
4294 2273
4401 7770
5241 3975
3795 4543
6564 7021
3081 1265
3780 4575
3393 2539
2806 4135
6848 334
734 6599
2963 1606
1398 3530
7251 987
7260 7334
3370 6250
5232 4830
3070 6348
7666 7558
1150 6139
1550 3380
96 1505
5101 2611
2065 1506
1045 351
2076 4906
6386 3283
2531 6716
4407 1119
1144 7968
700 6988
5440 3544
4930 1496
4867 1738
3596 1142
4148 5329
7510 4461
6724 540
4430 1518
3550 1933
97 1935
7702 3250
2692 2503
6190 1063
4688 7373
2351 6662
7624 7445
3220 682
4676 1240
5082 6403
3189 905
7021 3057
4638 1028
3221 4910
3962 2281
6455 6037
3241 5434
1436 4811
4065 3946
181 3801
1513 262
4405 2029
2507 1436
5040 91
5834 7966
7692 7515
1019 6627
6919 1017
3445 1188
154 5821
3304 3679
7330 6596
4489 4462
4463 9
105 3376
7407 6856
3991 6699
221 2269
5513 1086
260 3732
3049 2924
7169 5360
7581 1937
6275 3257
2768 4093
318 3156
1184 7947
7662 4478
1982 2396
281 7735
3409 1731
5355 751
6461 167
1043 3160
1397 7933
1946 7709
6015 47
6227 3367
995 4914
2067 2227
7403 1572
1578 597
1865 178
5740 2734
7083 7065
3382 4712
6044 5726
587 2091
4105 3680
3210 5192
1853 7977
3515 5117
2305 7218
7181 318
272 4783
6920 1401
7734 656
1613 2542
6023 6863
2353 7278
2765 477
583 7133
5850 7073
5033 7734
2035 1665
2017 329
6774 1296
4042 1156
7426 2567
4410 2048
2634 7220
454 5773
7341 4032
3618 4174
5912 7202
976 7456
328 4341
1836 2822
5411 7111
7943 2973
160 1831
2617 778
6585 3569
219 5152
3187 501
6065 4356
66 591
5108 6284
3227 921
4162 2293
6367 5292
6046 1349
3166 7702
5284 6954
6735 6304
3995 3364
5012 3903
4757 6310
315 1855
7697 4147
3200 1713
3286 2775
2581 7920
6822 1753
3450 7282
7023 585
4303 3765
5335 2724
6603 3107
1357 7561
2149 5249
744 6260
2664 5489
4833 5825
2957 819
5894 4989
7743 2834
1422 5351
2285 4078
3194 3809
5697 3688
1935 354
4296 7590
732 3700
7756 3795
5778 7241
3510 5462
3884 1203
4971 7107
4326 7142
4707 6239
2523 6353
3725 6401
7172 2215
1353 6489
3873 5296
3404 1232
2973 586
2419 6855
6780 2759
3300 454
31 7393
5365 7014
3328 5636
5479 1864
451 1058
3682 6999
7888 2968
6628 4289
969 7935
4300 6671
7089 5748
2892 5490
2286 3597
2527 110
1895 2456
4026 693
6493 1874
5215 6127
1358 4608
2537 5129
4101 376
1394 7268
2968 1852
5311 6867
6785 4815
6665 538
7189 4247
7689 6436
3303 5578
7750 3780
5488 5416
3406 7251
4242 571
6299 2433
5680 240
1858 7266
1212 1580
1984 3863
1677 4602
5995 990
6009 6804
226 3218
464 7922
7839 189
5955 2137
3188 6904
1066 5630
5066 3663
1373 250
1518 939
99 3606
1925 2664
1273 4329
5546 4580
6657 472
1206 7629
5944 5046
6066 7153
1516 2068
2420 592
7013 441
2433 2513
1622 3541
1589 4820
4323 1065
4713 3565
3278 994
3951 2446
6027 5433
4194 5718
3202 7990
4210 5243
1544 4488
2124 4536
2406 3554
7981 7687
1568 962
2252 5116
678 613
4562 3315
4475 3104
7273 7274
338 6363
6384 764
5711 1875
923 7598
6008 3247
5193 1094
1125 7389
1292 6107
6961 3031
2094 5599
4716 4414
3479 4376
4233 6731
2971 2925
2901 2556
5942 4782
4581 3974
3633 284
98 1877
7205 4647
4920 6046
7462 4455
1161 7707
3560 7413
982 654
6509 6311
7844 4262
5203 5601
2126 5382
952 1145
2494 103
6169 4347
6963 5938
3860 610
5356 3997
564 5812
528 7140
7882 3633
3980 1793
2888 7219
924 4003
5846 6528
6576 1662
7872 2265
2630 5224
4262 4898
4289 435
5766 3345
6191 1698
2231 7537
6642 3691
3881 1794
3823 4336
5716 1026
3734 2575
1160 4391
4081 1941
5974 1977
6677 3
1607 3624
2525 7510
2988 4017
2310 4869
6457 3225
7451 6592
7105 56
4371 7798
7686 397
1452 5371
4135 7125
413 3060
6170 4070
1079 2117
2459 3232
5849 664
4216 3520
5504 4261
506 5917
1718 2451
3676 1905
4328 6964
5465 3771
7744 1441
5897 3751
6159 5040
6759 6248
1903 4678
5104 1768
954 3794
1155 513
3508 6493
2071 3567
277 1228
4884 4497
2663 6985
1907 831
5851 3917
3575 3849
1803 2728
1784 6643
4658 3936
797 5087
7199 4769
3037 2226
7048 479
7134 6551
4171 1011
7322 6244
6854 5653
7569 1292
5738 5831
467 1512
7392 3173
3356 523
6909 5238
4266 1774
1847 7910
1198 3548
1467 1492
3314 3145
3989 4810
5126 4817
1109 2464
513 4897
5134 5835
1731 6944
4596 5410
3132 1608
3367 1599
1268 1810
6473 4068
1735 5193
1289 1324
2224 6074
2970 79
3736 645
6857 3827
1099 1233
7349 4866
4331 2811
6498 7513
1786 4596
2781 201
7201 6122
1247 545
6272 5785
224 7551
1928 2545
185 3539
3688 5705
7393 3647
6944 5751
245 4735
2180 2447
2612 7416
4314 4736
3517 55
716 7560
4152 3452
4541 4113
2675 6976
3115 2770
1089 2304
2588 6525
980 271
5871 5732
425 3401
5189 1511
7450 2133
3463 2731
6552 1239
320 3508
1686 3784
6138 7843
6662 6719
6811 1402
3872 388
3154 5822
4531 3159
5975 7695
5595 3141
7805 1944
2512 394
1194 214
5612 4675
6252 2766
6520 399
5225 1702
3874 1806
3110 5711
7335 7956
6177 4353
384 3054
4188 1515
6579 7442
4236 7160
2627 5854
4548 5381
1690 2541
3771 2707
128 4534
5249 1076
405 998
2056 2192
4251 1408
6300 1854
4882 1077
4004 1814
772 4614
1804 4679
5273 5248
739 5453
2868 5233
6251 2164
2482 1775
4779 7027
2571 7288
4421 6990
5253 981
1933 6201
7492 3949
1997 1514
5233 6660
4693 5639
5854 6155
3954 3440
1658 4258
4485 1573
4626 5072
5690 7023
21 692
593 139
4044 2430
6847 2194
717 5770
3657 4098
5132 1614
1927 6604
2924 5347
6390 3374
6013 2470
7930 3495
6741 3515
589 5898
5382 3351
4819 2098
5625 4717
4712 3360
4054 5308
73 781
3832 7574
4397 1801
1522 121
5418 1012
2390 6874
7849 4318
310 532
5438 993
7151 5881
2359 1879
3436 2167
4834 1757
1053 2339
7725 6275
2906 5359
5874 3179
1670 2701
1168 5613
3656 2417
1188 1906
2946 3955
1802 5085
175 7861
1954 2937
2216 3456
1741 7893
6316 2673
2807 5528
7069 3504
6936 5062
5925 4707
3014 7624
7504 1649
6752 5859
1152 4089
6956 2283
7908 5973
5208 6451
2936 2310
2938 7906
3794 1915
4874 2797
100 3030
4970 1503
3335 6205
5036 5851
625 1880
3909 133
5839 7738
535 6431
3713 5102
4710 2842
6232 991
529 2346
3088 6252
7261 6935
5801 147
3593 2691
7754 2256
2969 2944
7258 6178
6999 1019
394 232
1911 6650
7609 263
6718 2808
1360 530
2937 5623
7213 7848
3264 3096
1823 2675
7094 6085
3062 4637
6306 400
4126 6258
5480 2142
1182 6848
6982 4584
4529 4960
3836 1380
6643 2603
3167 6087
4919 2258
7610 6732
422 3301
1304 4622
3363 2084
3672 1133
7509 5552
724 6459
5571 7163
7954 7293
5459 6670
5047 5173
7997 7908
6073 5461
4628 6359
3302 677
7770 1404
879 1483
550 410
840 3113
1665 5108
4561 7582
7929 452
4391 1455
1901 858
5594 5025
2287 7239
5720 1452
5653 4264
20 1846
2862 7317
2685 1845
7187 3407
7494 7932
1475 71
6638 3331
7055 3127
5084 7092
3849 2650
3423 1670
7638 4911
6667 2529
2614 6838
7616 6537
1265 3068
4850 4759
2810 1602
7223 5133
4186 2307
6076 3477
6239 1805
2122 6826
5549 1579
918 5948
7810 2502
5619 3300
2143 1263
4960 293
4968 7698
7787 5345
7484 1144
3105 7178
3905 5214
6813 2061
6429 7683
929 443
6499 2938
5098 5523
442 485
3686 5746
7828 5114
6534 4799
6096 6131
1464 3514
7364 1524
6109 3717
2251 825
3204 522
3190 2680
4549 7961
2785 4517
1904 5675
1517 1876
7811 7217
7464 1353
5852 5586
7087 7223
1350 5767
6080 3781
571 3147
1586 1394
295 2752
5304 4410
4404 2913
5587 5699
6666 7616
6571 5291
1042 4442
3941 7210
1549 6788
4768 959
4144 4472
6679 6257
4818 1691
736 2520
6260 7982
3057 6007
2099 4980
4701 2756
2372 4223
2453 864
5701 5135
4030 3521
5809 5165
7332 6533
660 584
2782 7794
3943 316
532 5030
5617 2661
2113 1466
6852 7686
1015 3742
1537 5388
621 2082
7353 6549
1965 5124
6636 3547
3578 3837
3433 7837
5590 5847
676 1477
1344 4777
3139 6423
5399 7654
1480 5974
804 1953
2315 5485
269 319
4180 6230
5288 4339
7775 1645
2123 1437
4287 3872
958 4269
4285 7419
562 4868
6130 5154
6987 805
3917 5334
193 5432
4428 5667
3540 7227
1546 4653
7961 5492
7030 5507
2589 3336
1559 6569
7311 3450
687 590
1753 2818
544 5413
7429 3277
7751 180
1036 340
7103 7682
2077 5870
7599 6862
1157 680
6160 3893
7076 1479
3580 5362
729 3209
5582 6814
67 787
2158 4878
7747 1018
3783 436
3011 5008
3347 2131
3333 6485
158 6898
6101 7294
6102 2013
7516 3138
1024 958
826 6482
889 4693
1491 6778
5982 6398
2609 3356
7605 3264
7227 4690
4353 7100
2195 4905
2147 2231
1719 5550
5405 4482
218 2374
863 687
3111 6622
7594 609
2186 2767
5844 7894
