9500 4500
4415 2974
4569 2783
1874 2467
1932 3501
1826 2030
7976 8262
6393 7158
8276 2153
7521 7735
4901 5899
5521 2919
5315 1314
8893 2379
9214 9180
6584 5241
8749 5646
1639 3952
1308 2584
3561 2774
8110 4010
2454 6117
8432 7076
5203 5480
7548 3510
308 5536
8210 2878
3215 9359
5356 9488
6253 8552
4921 3714
9033 483
7187 9470
510 7348
362 8261
8933 4405
8563 115
2092 3706
1279 4314
7646 7772
9134 4534
7775 3632
5779 1854
4947 1721
7242 9035
8790 8527
6949 58
112 863
1189 3900
9124 7741
1153 1413
5988 4632
475 2512
7703 5546
2423 7467
8447 7239
7485 7011
3904 5514
8525 2463
1538 511
8149 1742
230 7804
6989 1554
4006 6920
2533 3751
1976 664
7504 9107
3451 4894
3683 5907
2458 2022
407 2556
5153 657
2710 1508
1696 5523
2622 3761
4394 8348
8867 9129
9415 5693
7585 6457
22 5234
7594 6825
3279 3680
8319 5411
4674 7601
7812 5196
6016 4076
5993 9443
7819 8362
1606 7437
2478 1897
1575 5415
8700 67
8478 7099
9460 8165
8425 5250
3923 5584
4106 4198
4166 38
5079 2629
1991 758
2507 8707
9352 95
38 15
8572 2504
4565 9149
2656 5857
8761 8720
8752 1142
4648 5621
8939 614
1663 5289
866 7462
114 8724
8152 4807
1180 4113
9002 5932
9090 4221
2140 9077
1950 2419
8287 3705
598 1516
2222 7003
3899 2164
4665 7065
8025 8281
3296 4862
1912 1728
2424 6586
4481 9248
9054 3993
4822 4280
6534 5438
8896 568
4626 2939
6181 6512
7780 6140
2918 6273
1894 3196
1642 4860
2034 320
8070 7372
9114 7509
4909 8385
5270 6556
1406 1534
4495 3854
940 6298
3796 7279
2188 5774
6024 7401
5131 7017
7854 3697
5542 8202
9008 7359
4996 3183
4316 2679
5606 8750
756 7514
1425 1433
8542 6892
7241 7270
6673 3502
1810 8917
7944 593
7102 2683
7764 1607
7955 3273
7676 1135
5076 2571
7166 6652
908 2991
2829 6183
6793 5396
72 8658
5928 8691
5147 8014
7069 8252
3745 4093
8986 8835
3423 2212
4318 1947
1048 5896
3290 9314
5353 4614
4492 4356
9400 5040
120 6365
8529 1281
6605 8409
3221 2189
7785 2250
52 4048
4344 857
1316 1834
3177 8704
7637 1974
8751 2266
9174 79
5825 9444
3626 232
888 6011
6174 347
5430 3128
7529 8943
5583 4059
5194 8250
2884 9048
710 6846
5187 5713
9388 2960
8012 4925
2327 3211
6023 3635
3941 5560
7225 3215
5061 4685
944 6851
8534 8207
9348 631
3162 3479
9459 698
5336 8333
1669 7230
6230 9489
4165 6103
5319 9301
5868 3748
7420 9473
8936 9338
6705 5061
260 1275
345 4248
1959 4840
8526 7338
4827 2154
8047 6726
5370 4965
1014 342
8223 3766
4603 673
51 4253
412 133
1501 2361
1145 6190
6806 7492
6966 2219
2227 7147
741 3743
1046 8888
1643 7061
1132 3672
4615 1266
1845 7909
3865 5094
2617 8245
9489 979
6116 4727
7331 2775
3061 9265
5111 100
779 805
3646 8257
947 7853
8082 2613
8437 3771
3620 1285
3284 2059
4932 3268
8243 1397
3157 3278
1828 8416
7130 3851
2041 4585
4931 5859
2586 6459
9324 65
7902 9115
6408 8259
15 2956
8636 438
8571 7578
73 5478
6227 5255
7750 6410
3261 531
219 9246
7248 5581
45 1477
5292 4906
6336 2127
6816 2347
8623 5118
7128 5800
5836 5128
4733 1927
5550 4994
560 6180
2663 5989
2867 4494
3776 5010
1578 5877
3276 4262
1966 2869
8826 4340
161 972
4801 6352
7913 5702
7806 873
9269 3906
6430 4604
3864 4675
1888 6226
8261 1975
7611 8208
3936 2068
9288 619
721 5658
7770 8998
4945 2501
5184 9243
8485 2318
5938 2527
7928 3966
9099 1871
134 7051
4395 8947
5199 2075
8722 4404
2863 1031
5142 6962
7326 4524
3314 110
4970 659
8182 3485
3916 1968
8405 9345
6672 6262
218 1748
8805 69
3556 5303
8597 7464
686 235
3324 9045
6258 2475
1110 1529
5585 2122
1819 9208
3049 485
1086 5670
8019 2111
3562 1120
3023 1866
4230 259
3834 684
8267 1844
6504 5572
1381 4726
8781 8885
5385 8115
1120 4084
3197 8065
5148 8758
1740 8624
1791 1081
9111 8728
3698 679
6190 8675
2883 7787
1194 3819
3304 3449
7467 6961
4129 1323
6126 7198
61 7226
2009 1020
3450 2408
7104 4556
1155 604
9207 8564
8666 9061
6454 7444
2451 3311
1333 3917
5845 2664
7072 2759
8599 4872
2995 7619
7867 1211
4022 2715
4914 3918
5382 5543
5122 4691
7734 6995
8387 6448
3515 7194
2702 4299
7688 282
3083 1647
2205 6461
3697 7672
6484 4754
7610 1643
8832 3217
7975 5848
1029 2857
3219 9405
5808 9114
1188 2894
1510 9350
8974 3206
3051 3623
1176 2583
4290 7860
5764 5244
4059 1562
5584 9052
8 5168
472 8110
8855 4438
1079 1973
2290 5635
365 3963
77 5028
2271 5639
2379 93
8813 4090
6183 4241
8140 6383
3203 3000
5683 8891
9070 6081
8544 9044
7586 2471
3339 6483
4770 1493
6569 586
599 3835
3399 4263
9347 4858
7399 1936
8099 5033
2483 847
1454 4342
3406 1342
2095 7970
7903 5477
9105 4811
6797 3047
7306 4291
7690 4430
1169 8693
7099 5668
1681 897
4712 6943
4119 9051
8900 5599
7879 8368
6435 9321
8987 2685
6413 2261
3036 4692
8843 8071
6796 1875
2118 2061
6628 4736
3768 6812
3574 9196
316 9482
8978 4418
4176 8188
7351 4892
1715 3627
976 3174
2171 2594
135 8477
4050 4142
5974 8778
3021 2359
2432 1489
1139 1789
1872 7432
9249 8266
7986 6213
6324 8334
7239 666
4656 8872
8241 8347
2797 1743
2676 7916
6979 2067
8618 8210
969 3781
9438 3455
53 286
7451 5280
1822 5950
4397 4427
8828 769
8058 3494
2809 6031
5378 5741
2534 1191
4201 3431
1380 1469
5789 7610
3435 6035
6352 868
7533 2495
2235 8177
818 9041
1764 2296
2866 507
3213 3041
6547 340
390 912
5437 5888
6935 5051
4839 8440
6631 5337
2096 3587
7876 5000
8475 6185
8622 1498
9436 7300
9193 370
5782 4974
546 7766
632 7240
6978 4786
3363 8970
1720 8637
3013 5962
3303 8297
3812 5727
1243 7008
6833 9034
2653 9339
3485 4
5288 6331
6025 9240
2191 6518
4418 5072
7633 4536
8583 6682
7502 5030
6761 4178
907 4608
5841 8277
938 6285
8646 3028
6993 8206
9411 942
2174 236
4908 4063
5415 1898
7574 1808
3437 1420
8381 984
6526 8469
8359 8555
310 4801
6639 4120
2292 716
9055 885
6429 4099
8120 1761
5459 368
4400 156
8441 8039
5807 2812
2982 9269
44 3924
4227 6670
3912 1884
8662 3596
2270 6465
1750 3841
8798 5959
1006 4837
7264 4132
700 7379
288 7201
6923 8222
1041 66
3479 7193
2014 4288
2210 2148
8705 6322
217 9207
4309 8826
4577 4871
1929 7326
1468 945
7938 441
4264 6295
6015 3056
2495 9388
5414 8870
6974 6874
2747 7590
3105 8460
1393 3603
5154 4180
7494 9236
2198 6944
6795 7442
4628 1673
4662 5444
1580 4118
575 3340
3380 4414
85 6966
5763 6044
8219 6732
8065 2295
386 8192
2369 6408
2942 2678
1527 8732
6008 8033
6863 6167
7635 4795
698 3620
1330 607
3206 2474
7801 6901
1360 2098
7496 4173
7065 6577
1045 934
7722 4051
2272 473
6570 1018
104 3553
8627 4796
9470 4251
7866 5130
6 9273
5064 747
1083 926
1795 6531
1384 4123
1489 1023
4178 3960
1831 1678
2256 7225
2839 8516
8888 8062
3773 6893
8430 2488
5539 1526
8502 3459
8902 186
7009 5603
8642 3060
7361 713
2250 8067
5673 2019
5739 2378
8701 6500
3892 2149
8866 4902
7779 7936
4080 1630
3395 1786
2602 7857
7864 8020
4463 1350
3551 5362
6035 943
5612 7263
1543 4061
3790 5194
5488 1015
7136 8274
5326 5108
5291 7231
7511 1123
6512 3675
5815 6179
8543 4905
2128 3633
2759 6946
929 4145
1637 7832
6344 8533
8613 4890
5616 4008
3158 5263
8014 5421
7082 705
4580 7375
8345 3103
8395 4815
1068 3794
635 6340
6917 3195
1615 1360
6759 8633
5650 7414
9361 7312
249 1317
9452 1306
5552 567
4989 2290
6838 6221
6130 2808
9307 5110
3043 3760
4054 7310
3537 2300
3335 3481
5614 2876
8708 8108
5975 8060
3638 2810
6481 8747
873 7709
9107 398
9317 246
490 2035
6286 2741
6310 8839
7590 6924
1320 5018
204 6253
2052 2994
2893 4928
3497 7435
1007 4419
2850 2329
7984 9133
2047 4074
7110 2958
5568 9361
7609 101
868 5602
3893 1395
1934 8510
3784 6142
1954 8346
8673 2712
4971 2256
3065 6199
7979 11
2212 4876
2546 5470
9121 1588
4033 3257
4388 3233
627 7609
253 8830
6886 4130
3742 5750
7196 3575
9319 5469
2715 9406
5759 627
6305 87
1400 5696
5566 3689
6037 3989
4854 7867
2868 8321
972 208
4391 6855
593 7917
675 1182
6175 3884
5797 3245
7668 5742
7669 731
7571 7565
14 2575
7745 7878
6894 1442
2706 1159
6615 276
5927 9373
3362 318
9276 6020
3403 3173
8876 3025
9202 7896
3016 5174
807 1343
5109 7567
1061 1407
1799 8195
2296 8331
2086 6163
2339 2542
3943 3595
3174 628
181 5187
9413 5313
2318 6330
495 8525
9119 2553
1274 5822
8768 1666
63 9458
2087 3089
4088 2032
7402 5407
3048 7572
240 3415
845 8078
3510 2709
9218 6087
3728 1362
6859 1999
8962 3888
8980 3914
2231 6268
3471 4053
2775 9288
590 5037
801 4182
1942 4250
7150 8184
5349 7728
7044 6992
6202 7979
1010 8237
7263 6144
3282 1649
270 7665
8511 1212
6320 5287
769 379
7045 2642
3168 6123
247 1765
4998 6816
8816 5570
3250 3446
5781 8997
9484 2328
1293 1218
7046 4323
5525 2801
8334 4609
2846 9169
618 9417
3356 9014
438 2866
3670 4298
9067 1375
7971 191
8133 6744
4934 2245
6144 1561
4019 376
3455 1047
5224 432
8574 8584
6282 1347
2357 6815
6450 3428
3342 3403
4930 1380
743 1078
4689 5698
654 5590
3689 4493
1063 2332
8473 3046
3949 1889
5869 3133
2257 6646
1587 6618
2456 5418
1043 1665
424 5141
7719 3806
5643 6697
7709 3664
608 4200
583 3523
9137 8097
595 8136
9225 8249
6066 8916
902 3990
6292 2462
43 8068
1861 6008
8431 1039
9229 4673
7715 2710
4940 2215
6165 6798
6382 9223
2654 1795
1507 2265
5604 7440
9308 2071
8999 8660
7255 9428
8808 7839
6287 103
7089 8481
34 4458
1158 3402
8930 9427
1370 3210
146 3429
8741 1913
1482 6858
8891 9298
7808 3905
9329 7738
5253 421
209 5780
4771 4777
7214 7494
5285 1168
2994 4666
813 9487
7312 9054
7781 7733
4657 3393
7313 6890
4431 8104
3571 2244
7766 6053
1416 4541
8477 7446
8351 1642
4024 5976
7475 7789
6967 71
6210 3266
1784 8013
2465 6882
3346 880
8183 3527
3116 134
4141 8489
9379 2652
2300 8760
992 3738
4555 5445
5755 8497
3783 7387
4572 8818
2887 7888
1884 6292
5980 1171
6786 5483
9456 5184
6531 5628
7536 3035
5416 8626
4357 8390
8112 3564
1678 295
6739 6127
6814 5406
2440 4918
4192 3074
9281 8594
5930 7235
6109 6742
4376 1698
111 3565
6938 2009
4743 6932
6001 6309
8718 7620
3187 7388
3568 6270
5200 8775
7551 2765
9086 7558
9493 1166
3381 909
6549 4768
7642 3363
8913 454
9282 6863
2844 4985
447 5293
3868 5905
5210 9453
6519 5715
3198 1672
90 2706
4658 6817
693 1574
191 6791
1832 5506
1356 6282
3140 4571
532 411
3649 5933
4925 249
4710 8227
9339 4505
2784 6785
689 5041
4678 2551
564 4964
5701 6671
8652 6536
7124 7445
3377 8378
7145 5926
8358 2097
5427 4676
301 4234
5603 7629
1577 6778
4258 8329
9209 2344
3990 5901
1871 9422
1532 3329
7374 3024
6889 1440
5456 9164
8578 2675
932 5242
6994 5620
6140 2207
7652 6238
3172 326
4703 6954
8313 7455
8361 9440
2778 8610
6552 3662
1745 2659
2671 552
4523 4565
9433 4349
5761 7253
5828 7912
3035 127
5534 8903
1397 6981
4473 3250
6006 6354
8911 4591
8823 6960
8050 3671
6225 6289
2930 6801
5510 3372
8920 1510
272 6115
1328 3347
6441 5521
533 8911
5205 4484
7303 2600
8020 8301
7000 4601
3121 8894
512 4719
7156 722
9048 8619
856 7877
5493 75
3599 3542
9219 837
335 5710
2709 5680
930 8163
5136 618
5991 2707
5964 9483
1963 4856
6030 7959
7317 2546
8209 5961
8603 8470
1150 8664
4027 8698
924 5220
8567 2470
8115 1653
4850 2923
1563 2101
4627 4332
8753 2670
7527 6009
2575 1821
3894 64
7761 6059
1839 297
6113 3673
4890 3342
5223 5726
7238 8501
4223 6551
5280 5366
2912 8557
3232 1316
8973 4165
1710 4192
5666 9066
3236 1370
589 2129
7711 7532
9403 1981
494 6949
6466 1933
855 8848
5250 9079
8086 2698
6444 7876
3940 1847
2973 4497
1156 6161
7461 2871
6117 5758
2500 3932
6448 7520
4369 5966
1144 2334
1082 2309
648 4056
6197 2732
8038 5782
2088 9078
2959 1141
2146 5329
582 4939
5720 7570
9244 3920
5453 4941
2314 710
375 8774
702 3653
3045 6290
7436 5887
1130 967
8487 3107
4630 272
1622 7260
333 4663
1195 6723
5220 4491
2498 5973
7837 8840
2873 7287
6284 8169
3598 8744
265 6813
2748 1959
7999 2190
6505 2852
4282 3876
5774 3606
5167 6968
2389 6041
3068 3418
405 7904
6671 3476
9345 6781
6985 4394
2254 7241
1801 5701
7927 7658
6828 1228
4813 5855
622 5909
3281 3271
2922 4440
2754 1852
1237 7736
8479 5721
6896 6715
8948 5853
2695 6277
4247 2444
2598 4489
3452 6462
2381 1340
2780 8288
275 197
2007 3898
3924 1988
8824 8622
5133 8562
2367 6338
7953 8846
3020 7238
3373 9357
6593 1475
4494 9251
9167 9050
5894 4554
19 4151
747 4128
8645 665
3332 6250
7012 109
2558 4425
7922 7908
2541 3301
1146 5301
810 7855
1038 828
2217 8264
9215 1985
2060 4057
8113 6554
7429 3614
2404 3530
9234 4821
6572 5349
7314 2222
7410 6280
8419 139
3584 3058
4159 289
2114 1119
3660 1674
3374 654
2221 7018
3355 2167
3838 4542
1285 5376
320 7989
3754 1874
5004 6843
5474 85
5788 788
2153 7296
804 7169
6984 8955
7175 1066
3109 7716
6693 4467
8221 9382
6294 4472
5914 3782
6317 275
9240 7761
4641 2597
9136 2345
7584 2346
5046 3367
4172 4645
5337 5723
3714 1729
8695 7807
7705 7275
1374 5437
6856 160
3072 4297
917 4459
8067 3341
2310 4950
5921 9228
6885 4080
8357 2268
8508 1482
2681 3099
3230 8617
5116 1837
6446 4442
1364 2041
9085 8465
1925 1616
185 261
3984 2015
3619 8371
4823 8927
9147 2784
2785 2398
8031 1886
6535 5210
6515 9205
1301 2778
1339 7545
8689 4413
6829 293
6177 2145
7614 2651
4574 3908
6893 8158
8809 5753
7889 8946
3819 6476
6561 2025
3890 7910
2477 3928
9340 8598
3716 5538
5289 7479
2377 5107
496 4866
5188 4555
1677 1359
8829 7371
4709 5137
8270 7504
5117 2714
2124 5759
5149 7507
2068 964
9039 8536
703 2577
6839 8444
4153 5459
6715 1551
4058 2676
852 9126
1191 4336
3123 7403
1392 6989
5992 5275
2117 8759
2218 2528
3115 5803
3365 518
68 5201
3792 6784
2138 3370
4726 2362
8804 3488
96 9332
3286 6662
5170 836
2055 360
6249 2804
4729 7687
1653 2603
8401 7470
2347 7967
7727 2443
9331 130
58 12
588 6436
3647 4532
7525 5199
4285 5476
2046 1320
6179 1369
2935 142
8056 6269
7860 6362
2471 6002
5498 9320
7333 8234
5143 8659
5124 7918
2984 2092
2771 9152
5341 8284
5086 7934
8181 3824
5876 589
6508 8919
7084 1634
9222 6121
484 7554
6511 8738
8967 5251
5526 9145
968 1989
6372 4331
9180 7123
6400 8224
3084 7196
1682 6839
7578 6964
7858 5854
5591 6116
1680 861
8168 7323
8786 3180
456 350
8774 7152
4588 5615
4478 8294
7284 9253
5439 3457
1429 3178
7039 1783
1944 5601
8527 2008
9224 5481
5324 783
1248 6215
652 5958
1756 8064
727 6214
6295 6677
7016 782
7287 2489
782 1797
6836 8845
229 6805
8414 334
6316 9010
4171 2839
1979 3088
1437 7431
5444 563
1815 750
7887 2855
383 8561
8456 7758
7337 4898
1445 5918
3285 4039
4186 6432
1337 7922
678 2911
6998 9209
5551 1127
2184 3723
6155 7618
5738 3543
6765 7101
6583 1597
2790 8751
9081 5277
6070 1271
4173 756
4277 5862
1568 2653
1486 6255
5391 955
1520 2403
6492 1972
9101 6445
116 6069
7778 1460
3641 9103
7998 8415
7293 492
6872 2404
8593 6494
8390 4630
6465 5258
7634 495
8188 8194
1536 5818
6178 9214
3416 2743
1749 1193
7014 8394
4993 8111
659 7084
8428 2254
7739 7297
423 5087
7373 2394
3011 4870
1334 9166
4174 6826
1412 2537
2196 970
8054 4417
6157 7346
1962 5297
3762 9135
1766 9395
5820 4607
2561 2457
5535 4420
7041 1771
3134 2293
8164 8729
4746 8006
5232 3294
1372 3582
6111 987
7954 7606
410 7332
380 1796
2805 1454
7989 9407
696 9281
3842 4264
4591 4301
4650 5845
4699 6198
2391 975
8421 9179
5664 8723
8560 2564
3379 7215
1703 2673
4853 8401
9423 30
945 8407
6238 2608
2584 32
1531 7577
736 5840
9032 7376
5273 4729
4907 8681
7209 841
9152 2880
6334 7022
3644 4576
1751 864
4515 8047
3360 715
1918 5182
6706 2276
448 6324
794 4308
8237 6672
2438 882
4859 6782
163 1356
5213 7499
6988 5370
527 3511
6102 8302
1542 3208
1848 450
1205 9255
2808 1183
8872 2205
3163 6013
9083 660
6145 5974
4983 245
2877 2026
3412 1337
9096 1315
3130 860
4595 1449
2613 6664
1149 3187
6314 6153
70 6337
1125 5501
8733 1322
6638 881
5660 5045
4741 8581
4535 2481
7787 3326
959 2479
7863 7357
8811 3810
4879 9120
8404 8164
8004 1076
1802 4540
9267 2929
2567 5494
9261 3023
2484 4973
1081 7074
2506 2816
1853 5029
8994 1130
2288 4838
5215 4239
4179 7613
7746 7667
4117 1150
3535 8380
4942 6572
6231 7164
4137 4716
8759 1399
8792 3682
9364 1113
2470 1161
775 6236
8107 5175
7738 4820
6742 4652
7435 1506
2624 5547
7352 3017
2929 9414
3446 8154
1716 1920
536 7393
8694 851
4104 8159
2410 1154
615 4013
7777 7847
6640 8505
2587 1029
8864 5039
1291 8644
8191 5650
6565 1222
3932 1671
1331 328
4313 1639
1951 771
6311 7141
137 5981
8184 3980
5947 8606
6991 4549
7422 513
9057 6271
1186 8700
8303 7985
1069 5703
1689 383
3202 5863
152 2130
761 2757
9154 1533
1506 1766
4956 7522
2237 7563
5087 3353
6476 8225
6107 408
3097 8473
7996 2624
7515 2484
2104 3875
4453 3022
2215 4304
5401 4106
8795 4287
5689 4868
7886 5544
1655 2820
6931 5614
257 7932
8577 5661
3668 9313
8981 129
1262 4945
7802 5062
9153 3929
8341 8472
16 5712
1910 3712
4629 2913
841 4338
3392 119
1609 9425
3018 8344
3059 4457
5590 5815
5257 793
5943 4613
5661 279
1915 7829
7176 4201
7233 4125
426 7199
170 6022
8791 2841
7829 849
733 5381
1616 8307
7416 5211
1470 977
3701 313
3993 8162
8103 2740
9289 2826
5918 623
613 7337
9201 4453
2975 5705
3400 6746
547 8420
7058 3157
8064 5839
6369 6844
8584 3469
3753 2090
3935 3021
6695 5746
192 7983
4057 4188
8163 5327
5016 8824
2517 8779
3513 4966
5730 7698
2838 5843
498 8220
2499 1586
8946 7436
3694 6129
6636 5395
960 4177
518 7764
7460 6590
2576 1019
9337 44
6043 8793
7490 5928
8531 1530
3433 2914
1647 7317
5260 2435
8800 6186
6256 3345
4579 7815
3498 1818
3340 2674
1599 7854
305 416
3945 2401
4986 6730
570 4399
1624 1611
366 6641
2522 8029
100 4447
5619 3787
8660 8883
4214 3284
3867 6080
4819 2390
4482 1651
2166 5808
6990 1978
5946 412
8455 3104
2762 5136
9195 9297
2229 2868
6700 5353
7316 7195
5519 4618
821 1422
6235 9191
6716 35
9437 2275
3348 2287
9160 4242
1570 7055
3732 8906
7321 7177
3962 5334
5343 207
160 648
8416 9351
7292 476
9297 7157
7237 8282
6440 1457
3028 6690
6911 7757
1377 2982
6437 2434
6326 1619
4517 9150
4539 3821
1883 6071
5177 4725
2094 960
5436 9109
7075 2337
4679 3529
6544 132
5431 8499
6664 7580
8084 1067
3879 652
2619 1752
5735 1147
1706 2440
7443 6363
5036 3955
395 6600
2777 4942
6474 7585
3166 4103
7025 2304
6124 4101
4295 2638
7947 453
4360 4462
363 3135
1747 7274
4695 7583
1430 2672
6954 5654
5891 3
2259 1456
6632 2366
2865 5134
55 152
340 378
8258 3072
1683 2899
4856 3930
1562 4149
6528 9280
9150 61
4320 1726
6815 2968
4599 3604
2027 6633
8814 7220
4205 1555
6973 1389
5573 3950
1265 305
9333 8053
7249 7368
900 5733
8383 7740
7543 8034
7670 3907
3640 7692
3947 5074
3155 2232
6166 6195
6762 7095
3148 215
5618 241
9306 6486
5094 2606
4593 5114
4724 8402
5693 4211
9140 976
4671 580
1047 497
1856 2650
5468 2557
2905 1231
282 3560
6850 4468
4061 3424
4620 2247
5954 6525
8764 7695
3555 1115
3419 6753
169 3571
7349 811
2612 2437
1581 3185
6335 854
7330 3927
1541 4972
9455 8605
1214 703
601 8061
4028 7803
8394 5264
8043 3755
3679 3029
9323 8099
4732 3385
4584 5310
8354 1566
5139 3258
8102 394
1275 70
3458 3376
8015 4115
1547 4176
2979 958
4074 4117
8909 7861
2981 1912
1435 1052
8448 2582
2562 6870
2852 4506
1174 7907
3331 6416
7564 5043
9135 4407
2818 285
1629 8543
4504 4423
2211 8701
6341 2459
8707 8121
7576 2863
8144 354
3862 1809
4469 4882
7957 3365
1128 8884
5002 6297
6091 5798
1458 3018
30 287
8561 8899
243 6482
6359 1463
4181 244
1253 6426
891 8737
7240 878
8512 2330
7820 1137
3913 4218
7716 6380
8415 3953
3212 5076
1818 8454
7015 7407
1133 6223
2426 6923
6058 6655
8919 5063
4387 3375
1465 3119
5403 4220
9283 3638
9485 6267
3511 9056
8929 1895
2003 3307
1114 5304
1530 6957
4622 9110
2490 9432
2158 6613
2033 9499
7852 5464
649 9396
1303 7128
7799 9291
4575 406
5379 6773
2802 2301
6822 4728
8277 8856
624 5152
8730 7200
5624 792
5951 7229
6655 4377
6947 1472
4598 4204
1583 4416
2022 2226
596 8341
106 2657
7556 7821
11 151
894 8939
1725 8467
5858 122
3347 6016
5160 2449
5108 5929
8650 1724
3582 3359
1830 903
8771 1770
7755 5977
6357 7911
6206 6931
3266 2258
4873 8652
3309 6622
6817 9097
9441 5298
3274 852
962 5390
3785 3165
3655 7508
3883 1882
5523 138
3637 5534
3524 2397
8371 3579
2199 2448
4826 5610
2380 8607
6877 2995
1998 301
6106 1077
8189 8171
4611 6496
4339 2935
2701 7273
9208 49
6452 8091
2717 1580
1670 8293
3863 5150
4702 250
2770 685
6438 3964
4260 5779
5047 72
7596 8263
5651 6064
2110 6533
7742 9084
9398 7945
1295 7823
7224 9112
3616 3398
1391 1805
3722 4353
7843 2786
3398 6171
3729 1785
8758 8076
9477 1334
3150 5148
9047 1296
4169 1734
1660 2809
6611 1926
9253 8155
4281 3904
4898 3032
6613 353
3283 5474
7741 2388
9300 573
4499 4635
9065 1117
2911 8933
7965 5308
7827 8290
1016 1558
5850 8124
4224 2142
2563 6135
7003 6751
7002 1885
2335 2039
3024 1907
9435 8072
259 8349
3135 3666
3223 1372
322 5204
3518 7689
2301 2045
1117 6706
7274 2986
1126 2731
7599 1491
3248 4765
1104 4433
8426 9055
3765 1826
3781 523
25 7004
6226 3314
8250 6007
2334 1312
4015 6241
4408 646
4994 3508
4209 6358
8294 4383
6900 8687
5458 638
8496 7653
361 9491
2872 575
8161 5532
760 5082
6186 6344
124 941
6708 7307
8993 6342
8937 2186
6525 6249
8091 4395
8333 1111
5243 874
8536 1448
4646 8966
8890 6630
4562 1393
4420 4473
6794 7589
8595 6281
3078 9172
6779 8113
9256 7737
5204 3212
534 1061
7252 986
6875 4077
6659 223
5577 9429
1765 433
3740 5378
7109 4597
7990 1282
4182 1116
7246 9138
8904 6515
2000 2263
2230 4208
8938 5719
1776 4269
4317 4435
2240 1264
6919 414
2409 2612
8996 6808
7280 4647
2828 6714
1493 8742
4962 302
5724 7903
3665 5058
1403 4682
1434 6963
6101 2178
6590 1774
3594 4539
7935 2405
2390 932
935 4739
5607 2771
4518 8787
9360 3911
5294 389
2043 2833
4332 7657
9108 361
442 5295
2355 2062
4803 2942
4731 1095
7027 6507
4479 4633
8670 904
4969 4296
878 5592
8123 895
5853 787
445 4114
9115 4958
5715 7112
6909 1608
6662 6376
2956 4934
3569 7960
602 2772
420 9492
2350 8405
8325 8360
8822 4270
3806 6602
8090 8819
8052 148
194 7132
5528 7221
2986 1790
1546 2690
7042 5034
8787 7521
3624 8768
5097 8496
7457 4643
8935 6626
2322 3811
2509 5283
3516 870
3408 1691
2837 2983
9196 5714
8953 919
7905 3199
4442 6434
4871 1722
4546 7516
1601 4723
8365 260
8550 9377
172 5090
8199 3328
630 2790
1136 1301
7931 4885
2437 2656
9393 5278
7148 4577
371 5875
8146 7694
7097 8426
1731 9085
3523 422
4835 4193
3272 2177
8220 8315
343 2480
8982 8131
3827 4485
2139 2595
8301 199
8557 1605
416 1514
3533 9402
5750 4651
7324 7944
6412 5281
2572 6028
849 9155
817 1371
7508 5180
6118 8508
7516 7810
2945 3151
3952 1893
5484 7098
5433 4368
428 9092
7941 1807
8906 2516
2374 1823
7625 2356
3494 9186
2595 911
9158 3087
4333 5690
6471 2364
7283 7813
826 1424
3306 3577
6291 8514
2352 3352
2669 2630
571 6950
7845 6341
5973 4379
1409 9249
7199 7642
6364 9472
8971 6326
3090 1592
314 7473
6960 6867
3425 7242
3418 3045
468 8148
4776 8251
125 6227
7744 8077
9007 312
6556 8511
7768 9355
5129 8500
3189 2313
805 41
6142 1609
9419 1553
7346 596
1768 3634
565 8135
1349 1711
3413 4100
500 1346
9042 1237
5024 3439
5335 2063
4708 1563
1112 254
3803 4324
312 5085
4082 6097
6005 4575
2923 4437
8740 4055
623 9087
5464 5232
7254 3094
331 6508
3316 3934
6486 5473
7958 7453
9412 8214
2167 336
7017 671
8340 5952
4916 8592
8957 1804
1091 5360
7519 3957
6887 8989
869 7363
6780 2691
3466 1432
830 1853
5711 7760
6560 8043
6750 4244
8991 9104
2268 5073
3896 2975
7423 8645
5018 1242
9273 8230
7250 8599
6803 8028
8109 8455
5736 2482
1157 377
4592 5819
9088 385
1821 6046
2042 838
8580 5226
8450 7725
5571 1963
7573 5070
909 8117
4887 5432
9163 4373
6196 5081
297 2763
8169 9033
7117 3026
2286 4185
8155 4638
2411 4993
2881 6321
6840 9418
8362 4986
6713 5059
537 5229
32 7434
5320 1313
6081 7009
3005 7291
1614 8963
6958 9212
6821 4967
3137 8948
1022 6493
2607 6240
5886 6132
6618 8384
7113 7488
7512 1720
2736 8614
203 284
7278 5813
6455 5408
6657 4920
4783 1537
23 8600
2468 7367
1722 1848
2515 2510
1671 9454
6937 906
5286 8529
5718 3745
670 5022
4913 4190
6721 5873
2523 9119
3866 2669
8917 9397
2953 5487
790 8267
7414 4962
2251 2498
8513 6422
2746 8696
4513 2492
1075 4471
4085 6771
5987 6776
1040 2262
403 7134
277 6582
3506 9436
8271 3252
220 1429
1842 1706
5504 9148
2991 4143
2917 2861
1085 9198
7425 5960
3472 2113
4991 8241
1665 5455
4427 6766
7789 6155
9491 8668
2647 2053
6013 9449
5255 9263
669 3368
5672 7160
8196 3380
7441 7006
2112 6421
7601 1049
1141 3916
7143 4309
987 6838
7397 5031
6212 6767
7776 1100
394 5551
1787 3799
955 1507
3677 5471
3788 9327
4132 6118
1376 7638
5355 588
64 2660
325 7339
8042 4578
763 5558
4043 1517
6948 239
5852 5155
5080 2418
2100 7208
4501 6879
4127 7385
4768 1476
4108 5518
8488 6319
4869 3833
7354 9478
4920 9022
2554 8389
5567 7236
6403 4602
187 7035
6709 8436
1111 7631
7358 3474
4461 6054
9389 2466
4647 2146
9355 1206
9462 7707
5496 5246
6627 2128
6426 6891
6733 6138
332 7869
6645 1143
3057 1027
6002 1776
2633 3959
889 5522
548 3554
5601 2370
7784 2912
2806 3090
5662 8190
4638 591
5489 1843
4093 1303
237 8352
7031 6654
4083 6686
3802 802
4135 5440
1483 1694
5934 8070
2305 9042
1206 386
2898 8269
9211 7627
190 4740
1298 1208
2348 3733
7171 5325
5404 1483
4105 791
5454 4850
5866 917
2091 4623
8626 8048
5259 9047
4200 4999
2812 759
7129 2135
8501 4756
3504 1486
1225 5027
6711 7159
7737 1235
5554 329
6084 8030
3711 7369
3541 3956
851 6584
2180 2472
3199 3878
6482 921
4299 3417
5412 42
2783 2875
8002 380
2397 1621
6460 9121
65 1594
8738 4486
933 521
4778 5371
701 184
5586 4954
6738 7782
4589 4415
1509 429
2226 3744
5766 7586
7210 8335
3369 6614
1410 2881
1455 2700
3031 3535
309 6257
8296 7670
2040 620
4786 4537
4221 1631
2700 6424
1969 7591
637 2458
2416 2399
8653 8286
7563 6471
2729 8128
6530 2579
6274 1754
5909 7705
8769 1620
5072 3445
5195 3626
4232 6503
189 6332
1244 4634
3633 1646
5392 5389
1714 3601
2181 7644
6879 3695
1107 288
4336 5249
538 1415
26 9341
1058 4819
8608 3683
3486 6880
7147 7791
1322 8585
5483 1230
3505 9365
8154 6574
7997 7313
3258 8174
6201 5486
8538 3416
9003 9009
4571 9284
4637 5912
5880 4620
1224 8166
6874 4384
9005 3203
4748 7557
8418 1272
8881 8621
6939 2134
346 442
3092 2400
7189 154
7090 2870
8961 4953
781 352
1632 961
7360 2036
7542 760
3410 4002
8206 6466
5499 3138
4833 1633
9285 5402
2242 3441
4000 8036
4286 155
5161 1410
4537 3977
8630 9102
5449 8201
7748 4817
7559 5442
6192 5154
2879 4764
2122 865
336 116
1272 2272
2050 7628
4606 2930
6781 3921
5823 8921
1315 8450
610 7775
6766 1126
8637 9123
3800 2165
5895 4734
3234 3820
6139 6899
4660 2536
4097 4045
7541 699
6056 810
9416 5510
5371 190
1160 1782
6050 6678
207 4949
5421 2161
1439 3796
5698 9025
1522 7625
815 3038
4979 7898
2910 1131
1023 2208
2630 5891
5813 3179
2371 5659
9103 8895
5031 6299
3882 5763
5599 7675
5778 8443
3300 3661
439 8996
1211 4015
437 2188
4248 8012
1847 7299
8727 1746
9129 3616
369 4380
8363 4791
6927 4341
1838 4612
2779 4078
5937 3223
2206 1531
9138 8017
1008 4797
3070 1603
9041 8952
6061 4514
2189 5756
8476 4686
2698 1976
3814 2197
7170 5449
3253 1650
5674 91
6678 6232
6869 153
5405 6530
1197 9267
3886 3861
6771 2508
8053 4229
28 6175
8775 8537
7253 6006
1807 1625
8312 5730
5234 4785
5110 1101
2814 6578
6688 2791
3176 6278
8990 9344
2763 3718
6159 2312
5884 5496
2638 4836
276 3551
6920 7765
4084 5595
4438 8901
2430 4202
3225 5424
9242 6620
860 876
8845 8152
6488 3330
7834 3891
7678 8816
3128 6976
8289 1298
5099 3625
3986 348
6734 6521
8966 8256
8136 517
3848 8867
233 6911
3755 8817
5538 5965
9246 2938
5633 7373
8424 7536
9015 220
6380 4814
255 4364
8788 7856
9343 7341
7091 647
3739 2074
129 9380
3372 8897
5258 4290
1396 3219
9000 3562
8288 8421
4204 5448
1535 8601
5704 3945
6402 7036
671 9497
7878 2750
3046 6710
478 181
1968 2348
824 2012
4847 5904
1463 6386
9199 781
1163 57
9301 8272
5872 310
2932 5138
2707 5898
2020 463
8106 6004
7877 1573
1093 7125
3289 4589
6755 4162
5218 1332
7939 2094
7243 9330
5190 3006
2646 3007
8870 2181
239 1982
2821 2102
5012 1082
2450 1737
2519 9323
7712 4530
1294 4933
6220 8938
8927 1434
8148 2365
5231 5456
5758 1310
7469 1133
1148 5342
2098 8226
2573 550
9372 8788
6331 3113
4858 9421
517 2420
6844 7977
463 9229
267 6683
8257 8132
1001 4140
3440 6141
4046 469
2294 3450
8215 2738
2354 1977
6379 1030
8142 3316
6607 6779
956 2395
6378 7524
3407 4508
1658 1209
1556 8545
975 5717
3996 3055
5926 136
1591 5949
7348 39
7713 6146
6422 6537
5398 1909
3979 6147
5060 2013
7309 6745
286 2604
7138 8670
1970 6150
1078 3753
8817 2243
4951 7451
8233 4172
7226 5100
9102 534
7152 7677
5920 1207
1122 6047
7758 3095
5888 3594
7048 2166
3254 2392
1631 8657
2491 5457
5787 2438
5709 8388
3795 8265
6054 2966
56 2950
9066 1414
4773 9254
8612 4981
1099 1568
7684 7335
3447 1327
653 3491
4267 4207
4895 5374
832 7053
7450 8191
8812 5768
7698 2210
5678 3298
2831 3547
143 6311
413 1939
3079 3238
7432 8096
7216 1365
4545 5491
4534 5125
4188 7013
8094 1731
2443 2538
5500 1088
2193 1937
7951 194
730 5021
3956 3678
7522 9117
1990 4731
2520 3803
5532 7308
5146 8531
3160 4867
7019 5542
1533 2451
8465 486
6300 8706
1311 7209
3858 4923
7754 3609
3341 2384
1064 5485
6014 5340
5801 6286
6830 5479
4926 3110
7215 8486
3813 3555
4319 6569
4030 3062
9206 292
4960 1525
7151 3813
2683 9176
3709 8310
3364 8129
8675 6567
3606 8209
6041 7271
2103 1668
4586 4683
8172 1098
4288 8233
4432 8215
3000 5528
94 1699
5517 4588
1827 5351
7455 7478
1444 3270
964 2351
3675 479
4287 444
8582 2925
3143 8575
7222 7964
8742 7608
2386 2052
8253 8791
574 1572
3704 4916
9028 5003
5952 1622
6343 6695
1368 9398
885 3325
5445 8855
8532 5870
3992 6639
5509 8625
5169 8864
2643 3413
136 3637
7850 5347
4347 2862
7452 4738
8246 535
3252 9403
7304 583
8281 3829
2760 3923
7589 1488
8377 9031
720 2569
1909 602
9375 4746
3417 4222
576 2139
5570 4454
9417 1857
8547 7778
8165 7663
6906 5363
6349 5847
651 8112
2494 6550
4739 290
3611 8699
2919 344
680 1376
355 5116
6807 140
1920 7683
4688 4545
6009 5963
5132 2721
6354 6182
7007 1387
7165 5852
5569 1900
4645 9257
7771 5568
4021 9493
8423 9337
8998 5416
2913 8432
7932 5740
7697 745
3180 6373
1940 5527
7570 1396
8785 6624
3251 1923
376 4027
5254 4171
2485 9099
6071 7754
151 6398
6477 7682
5164 8814
3712 5574
5819 5647
9447 357
1854 2726
3804 2663
4451 6660
1030 4318
7767 6738
7057 6938
1692 2453
1140 835
5576 7866
9264 6329
7987 8677
9061 3726
3322 7973
4460 4664
687 9447
6818 7528
3651 8833
1576 7130
2816 7997
1283 4163
3798 481
887 2907
3271 7773
8868 500
4480 5612
2652 2605
6980 3152
4396 1005
2997 7939
6365 4260
1817 4757
6088 7255
6557 8972
7721 5743
5968 649
1600 4551
4877 6361
3991 8646
4851 7882
4717 2066
8141 6951
4967 8999
6681 5922
2025 6597
8634 306
7260 457
88 1659
5785 4744
2255 4209
54 4828
6642 6563
378 8711
9490 503
1115 6810
307 5706
6161 856
3508 6888
744 8994
4690 5619
3111 8983
1271 7731
1719 1445
8709 200
7729 2901
480 3182
2176 5821
8080 6760
6368 1087
3201 5979
5084 5937
1571 7048
1916 8146
1216 5388
3988 2842
8728 4570
7428 4096
5995 940
9213 2081
497 2514
7673 4381
715 5548
8422 8513
3809 6708
1442 9459
8956 5652
2903 7232
3404 1863
4053 1618
5033 1683
4107 6254
8537 1239
848 9187
4633 5735
561 7833
8214 7632
3521 2281
5901 7693
2248 6762
7334 6559
8592 9310
4133 5585
753 7026
6686 4884
8170 3430
2557 5944
5340 1751
858 7102
4329 1658
2734 506
5494 2915
9144 2578
7298 7281
5649 1589
329 2554
616 1707
8139 7681
8378 6635
735 7785
8369 5669
1353 8851
2801 6366
6170 2625
2035 566
7653 1293
6554 8618
3539 3369
6737 1270
5026 8400
1414 3364
8663 3379
5014 9046
7595 3767
1550 434
4788 4790
360 7056
1840 5163
2569 7318
5219 6527
7198 3150
6798 4701
4878 6727
2901 7090
198 4980
4992 3735
2871 8160
6288 2515
2536 2671
6730 6487
2504 4523
8859 4830
7342 4769
89 4197
1056 1234
6623 1791
4424 3985
4094 4778
3133 3139
6261 179
7356 3181
2049 4167
2168 7744
3 1669
6147 8733
1724 1965
5981 6836
5659 2191
3060 4466
4672 9183
545 7906
4828 616
7868 723
3525 204
242 3646
5059 3961
4670 6
1096 8044
2306 2294
8549 5417
6042 165
7659 524
235 570
8493 7438
1233 3700
4304 6835
2920 3892
2 1363
1823 4206
7466 6692
4343 7288
2882 2940
5563 5233
1727 7599
567 8118
4910 2503
9399 9303
4782 4927
1758 505
872 4175
6475 8550
2178 9423
6760 1687
2298 4043
9395 1908
4345 4611
1785 2955
9315 7523
5332 7635
2857 2274
4244 9235
6542 89
2811 1227
2727 1536
638 1336
1713 3230
2315 736
7510 7136
8033 2566
8274 4684
2238 4948
5144 8494
3118 488
7645 829
2941 6143
5727 8010
7513 2221
5029 1709
6509 1381
806 7794
7523 1841
5775 6244
206 3583
8193 5451
8614 2762
12 9474
7098 9360
8174 2121
1411 6447
3989 8656
1772 203
5019 3978
731 6743
6860 82
2618 5643
4763 3434
1504 9238
4464 8239
9374 6296
2543 1174
1565 927
797 5117
408 5404
7449 738
3382 662
580 761
3519 7254
8710 8367
3414 6368
1268 391
3476 5997
5165 8568
939 8689
1612 2292
8081 5236
4876 508
3570 777
8678 5645
8847 451
5329 2631
4564 651
5075 456
4405 5634
573 2628
3859 4515
8227 5593
2939 598
3108 4657
3265 8212
5357 3644
8309 3335
6125 3253
3503 833
3669 4936
973 2989
1972 1813
8780 6345
8444 8680
4974 621
5705 1152
1378 5345
4634 7422
2057 7552
6386 5936
4883 7082
9478 7935
5806 7042
3091 894
4601 8116
8509 5915
4070 445
1338 2072
7871 2236
8023 4317
8949 4924
6506 6787
4014 2194
1691 6827
4933 6952
879 7103
4610 8211
8273 6930
126 499
264 5683
6510 322
5317 468
1287 6688
7101 106
1175 4023
7010 4124
3560 2426
7029 5890
9074 4750
4664 7351
195 5802
9106 4064
5843 8630
8143 6305
4212 7142
6598 3707
5541 7113
9377 6498
7884 3866
4583 7891
7049 4434
9479 9448
6340 3075
2585 2814
4240 8672
7612 9295
8355 225
6649 3536
4075 5171
1113 5198
4616 6674
8702 681
6065 3951
2208 4753
3467 8319
2190 9465
8068 6205
996 4527
6725 913
3613 2260
4417 3167
6643 2502
2693 5600
8848 6154
7588 7622
1327 1730
7220 6975
1608 5539
7276 4659
6031 2487
2291 7126
6496 1418
2225 752
579 1794
5794 6947
5469 3645
7158 5493
440 2646
8410 974
7751 435
8451 6800
1540 3687
530 97
7341 8101
4784 7245
880 25
7943 4720
176 5913
4233 724
492 1778
8329 7626
2053 1540
258 2788
8386 247
7381 624
2840 595
9156 2601
4246 559
1825 8246
4069 774
6038 5850
2897 3198
1597 9261
4943 5343
2444 4333
6199 4452
4560 4583
3557 5092
4331 8448
1 4732
6497 6634
3039 3098
6214 3763
2214 3768
9011 5867
9052 1074
4602 8532
434 5344
3661 3893
1977 9100
2344 3710
8349 4897
3462 1705
4366 6414
8316 3200
7139 8180
6513 1757
4255 5711
3915 6048
1684 409
709 397
2843 4970
4445 1713
8457 1617
8060 1339
7983 1229
6852 1048
2502 3608
7440 1892
4044 1224
5777 5113
9365 3809
8889 4316
4279 5865
4072 6934
792 6596
9 5934
5389 1877
5162 7345
5368 5935
572 3548
5163 9021
661 8764
1994 7991
5410 3722
2960 7292
6266 256
431 2371
4013 7283
4428 396
6396 5512
3603 5291
7912 7386
3824 4409
8024 4391
4953 1145
2513 5333
1024 6395
7848 2957
2861 2559
324 1014
7875 7656
8117 9037
2281 1299
2137 8541
3958 1108
1319 831
4684 2785
1946 7781
2958 1423
928 4640
5917 5598
7616 8404
609 3344
4619 390
3903 3600
5249 2981
7909 3293
7648 8203
5896 3281
1585 1578
4686 8366
5936 4580
7417 3177
6503 564
2253 519
1448 4359
4681 461
1733 5869
3006 1071
154 1921
5407 5458
4613 612
8472 8530
6036 740
6428 6274
2475 2570
5150 8556
8793 2805
4609 6749
2661 3517
7036 2228
5342 3421
6587 5988
7051 5240
4673 3843
7193 7748
2145 5053
1877 7222
2066 6307
1401 6524
4654 8422
773 9374
4952 2277
603 6480
4972 639
2024 2387
5185 8922
4296 3657
4096 6709
4076 5335
6132 6403
450 1905
2589 7531
7396 5265
3159 6955
4640 2156
2455 2237
2909 2921
82 5985
2245 3049
8554 4058
1588 7321
294 6638
3385 4561
3872 90
4915 7713
8683 9475
2649 33
4508 7143
3473 4771
8964 5686
1899 8424
8461 3435
3857 6820
6674 3506
7856 7409
4425 7040
3833 8434
5558 22
2705 2414
8076 5708
2820 1084
5057 4592
2620 6353
2524 5673
6568 6259
3441 7792
8391 4139
128 7574
8420 3496
5610 3624
8278 7278
5832 1532
2058 1788
5765 3280
9063 2476
660 3552
6406 3838
5508 1501
1021 9426
2961 2665
1358 8328
1165 6082
7291 544
8720 6717
4151 6473
523 8466
3153 1958
1975 8559
4064 6026
553 672
5555 8309
7615 2708
6245 2917
4764 6610
5438 6455
5548 6566
7430 5133
2244 9435
1634 1468
1808 1358
7880 7666
7235 2755
4585 7064
8201 4480
327 8004
6387 8632
3659 1140
988 6306
7190 4525
5388 7940
1229 4594
980 8820
2518 947
3567 5699
4392 2766
4948 4997
4600 7262
7473 7579
4644 1055
8173 634
6648 8137
3038 516
1286 9287
4259 458
5688 3836
6012 8961
2755 6895
8655 9409
3442 5919
232 929
2732 6540
2447 4300
5028 9353
2474 7280
2080 6982
3144 7121
9059 6439
549 3656
4862 6579
3752 5588
6576 4696
9071 565
263 1060
399 4717
862 5046
7251 8683
3185 1408
2804 3915
1477 131
8958 4362
3797 6535
5032 8144
6932 608
3491 6409
6835 5992
7760 6734
7546 7319
4202 2877
6810 4694
2832 8231
1028 6788
1666 4603
7665 1473
7301 4166
8446 345
9294 3034
9471 2157
6992 3785
2588 7329
3871 1425
5639 4735
7458 4733
4206 9125
3196 9062
5955 7802
3642 6260
7471 1406
4818 8635
6752 3272
1143 2118
6853 3134
7520 8718
4777 4747
4547 6113
5762 8027
1121 8604
7686 5007
9155 2970
5932 8821
8311 6497
6376 7755
2631 1042
3209 6495
7123 4428
5710 7530
3529 112
6918 8992
279 7246
5561 8018
2708 7850
269 7378
4066 5197
9406 3720
8332 1252
3835 3292
4012 7584
6307 821
7081 5591
4500 5550
2758 9200
2642 2233
1263 5749
2936 4456
8907 2609
1573 4834
5589 4378
8585 3731
1219 3063
6355 2658
2289 8243
8251 3533
3969 2432
6262 7380
3687 845
5976 7747
5309 9401
8409 6287
7197 5267
6211 3220
6171 8058
4293 8551
6723 3890
5448 5637
3691 6869
7030 2018
7530 4302
8703 7875
7273 4700
4315 5842
4855 7822
3245 6446
4437 2315
1945 4678
2152 3777
2869 9296
4378 3605
2313 7510
1611 4873
7480 3615
3295 6510
8045 8216
8836 553
6536 1492
1914 7697
8388 4475
4447 9213
5839 3263
7086 8957
3501 6036
2655 8223
7322 4022
1898 5801
212 1840
674 1378
6407 493
6153 7948
1428 6623
7689 5426
8035 7811
7488 3277
7320 2339
8198 7603
8310 7881
2280 4800
8818 1956
9022 296
7162 1283
5127 1044
1638 8542
6270 3865
5544 8330
201 2303
1471 5638
1903 2125
2293 8905
4683 1881
9205 8857
4711 6431
5646 2218
2023 4444
3142 2091
4109 4431
3147 2926
1812 7862
4199 5716
529 8143
3978 3283
897 2505
4922 1992
2719 8312
7037 2375
6188 2851
6987 1254
3648 3859
7587 2639
7465 4912
3672 274
1100 8705
3573 6511
9338 9059
4834 1189
1641 5868
2045 2509
690 2532
1190 3480
8104 8608
2413 6811
4544 968
3436 6243
5752 480
5411 1036
4900 9140
5323 3534
9480 8133
620 6903
5372 6684
7749 2014
903 859
2246 2548
2768 1759
3326 9006
7803 6752
7489 8025
2582 7900
9275 8515
7004 8483
1905 8461
5712 9008
3922 4808
3942 3837
2234 7400
1793 2848
6943 3852
5505 1215
3982 81
5480 173
2692 4569
1931 4036
2044 7593
6442 4558
3981 5368
4312 6263
6824 6134
1789 3225
7509 4839
4111 7541
614 704
6366 5151
4512 7568
197 7439
4639 369
9184 6591
6121 2751
1097 1971
2209 3333
4411 884
4314 5667
2179 7471
1203 4802
3244 2422
7008 4111
4666 6188
2373 719
8841 5864
3321 6759
173 1557
8162 4813
8442 161
931 7014
7327 2340
3063 636
7627 3276
4536 4930
1011 2684
1402 8526
5085 7034
358 6233
6146 3727
7873 6096
3459 7362
9017 6024
2148 3573
1902 3411
5068 686
4081 299
905 1641
9401 4031
2439 7842
3032 2521
6467 6541
1695 1295
6843 4538
4078 3410
3327 5672
8327 5367
1824 2341
1633 7183
2031 4915
3475 273
4785 1392
9488 1190
9077 735
2796 2436
2446 542
8495 1427
4016 1324
2277 4595
6395 7893
3572 2255
542 4492
2538 3487
7299 6775
3386 4112
6567 5056
7950 3556
6052 5986
5885 2040
5310 6840
682 6848
4558 2817
443 6809
6322 5916
5071 4749
7966 4126
6890 5439
3944 6406
612 4161
3914 3709
2579 1085
8745 8889
1173 8609
5630 5332
2565 6916
119 1233
1834 1845
2125 4842
6020 7659
1735 3251
8924 5484
2123 1849
7526 9315
2848 6025
4845 7114
7266 9445
2505 3842
7478 2620
481 6433
3608 7925
7865 2754
1317 1309
4612 4763
9284 2821
5803 4066
694 4195
5038 7069
4928 7361
884 9220
1602 7087
8979 5540
995 4550
8308 5315
3759 3222
5956 7394
5640 5307
6064 3895
4434 2813
7654 6327
4561 691
757 9328
3699 7512
7401 9040
6712 1801
6267 6131
2362 9188
4239 5423
5982 5261
1254 6428
1777 3154
5684 5516
1759 3546
1408 4138
1423 3231
7790 8090
7390 324
8573 6001
6241 990
5748 581
9328 5910
5192 1944
8370 3404
7583 6560
8784 2182
3009 3936
843 6713
5278 5019
2037 4861
2233 4110
5945 4557
3294 3872
2079 3540
836 6444
7005 2007
9380 4893
6562 1547
4552 933
7674 6860
6390 0
6103 5230
9243 3853
3014 7021
8157 6985
5642 8141
6200 605
7991 1035
2165 3663
4624 6996
8482 1755
3224 8397
2358 4153
4896 9210
7620 9072
7793 2000
8290 5377
1754 6789
5628 5482
7448 7859
6203 3061
3129 2031
3231 4189
5615 5127
3801 6468
3840 3147
3639 4784
8492 2607
7822 3115
7926 1613
5102 765
177 3823
5151 4040
5472 999
4713 5320
1080 1464
4769 676
2590 4376
4091 7336
8190 2850
7974 5893
5799 1758
4961 4174
2742 6770
6790 9416
3823 9404
311 3465
7743 9282
6004 4718
2501 1348
7135 6027
1170 8971
7830 6051
9270 2080
9442 2723
7916 3732
5381 1279
1939 2021
8858 1070
6666 6548
1421 4004
7167 2468
8873 1781
1813 7224
3700 263
2651 8844
5963 3975
6468 222
2851 5409
9487 1402
2359 6160
6999 8204
6714 6158
5402 7722
5209 7149
6063 3590
377 4672
6982 6774
2800 7213
227 4012
9217 8861
2611 92
4462 2478
9314 3958
1835 4895
7815 3241
6156 5878
6339 1496
7839 692
657 3618
4367 584
9161 8196
2083 7770
2361 846
5773 2649
1159 4567
4810 2540
4476 8810
2726 332
581 4849
8802 4847
4042 5886
7272 768
2392 3285
4330 8590
3489 5969
706 3515
419 243
7821 8213
1350 6231
6167 1552
4904 8283
9216 7480
1070 4758
4832 3912
285 9415
1760 7954
965 886
1592 9371
7387 6176
1499 3338
2365 4157
8398 8908
5462 6553
7040 7398
1729 610
153 2641
2970 1784
1554 4490
5346 7489
6523 7496
6656 8271
2120 8580
7724 1308
4052 3509
2127 8843
6151 8186
2605 8974
6831 4170
8347 9158
3791 2065
4430 4503
4825 1251
2571 2464
3963 5356
4911 7529
6033 4227
954 4913
5817 902
4170 8973
7621 5755
2749 8219
3579 2270
158 5505
1270 6902
6495 5682
3980 3286
7558 4068
3354 6539
7720 1388
5051 7483
6489 6873
406 4236
1474 6649
6138 3581
3552 3849
2791 4722
1621 3816
7365 5529
2826 7669
29 6276
4041 7181
3767 6110
7093 4816
5193 4658
4485 6384
2672 3969
4121 9090
3610 1431
3843 5089
2951 1352
400 2837
6443 944
5121 4600
1365 6018
5617 806
4814 7046
39 9245
6726 8326
2464 1894
2756 1991
1264 6066
1312 2343
6957 840
4017 8435
6093 2889
626 8156
2946 8093
7592 7027
7600 5064
1841 5744
6745 1994
3465 4479
8095 7115
2687 7050
4092 2336
3136 5771
9466 3254
2662 1017
5966 1949
7154 6086
1386 4502
8951 5806
2853 6632
2636 4863
8810 6754
4548 9144
3695 7517
3887 2985
1981 1094
8564 28
8337 2252
3210 7820
5626 7049
6502 682
7752 7092
3875 2163
4721 7662
3954 9456
4652 1064
7340 2321
666 3260
525 2490
280 8642
5744 3883
5441 8332
2428 8686
2399 8842
6308 3862
6432 4566
6768 9460
4102 5880
3495 5533
4516 6528
7077 5846
625 1201
9378 8425
634 5902
3576 7592
1138 6593
8776 1983
3240 8001
1860 7354
9469 2099
7680 7950
5565 1846
6975 8932
2356 3943
7553 280
9178 6397
1775 7812
5096 9181
6094 4875
3908 5498
9001 2240
6022 8987
9420 1263
9143 9091
8300 7756
9031 8731
7899 578
2247 7685
3165 2586
3825 1657
5269 3518
2766 4909
7232 8654
9094 4098
326 6152
4973 7370
1196 4648
2548 3885
6328 459
8783 1466
5874 5321
2382 8896
7639 3698
3751 8982
9127 6165
7537 9387
3612 3910
839 8338
6625 7020
5978 7676
1456 767
9175 7161
299 1661
2508 1515
6904 2079
9076 9317
2461 4908
4160 3507
522 9318
8364 311
6085 278
4327 5097
4675 989
2725 8567
1889 455
8259 5874
9274 3052
9397 1995
6520 3659
1500 877
7094 8907
384 7356
3247 211
6105 4203
7853 8863
7047 8717
8517 1710
1398 4947
4946 7858
6727 4312
5113 5189
5417 9430
6670 5736
8706 4976
2925 834
5979 9139
252 1645
1167 3145
998 3913
79 1567
7681 1354
5369 6012
1893 4512
1057 1068
520 4214
2604 9201
633 6105
8078 4943
4265 5254
4328 2967
8552 126
7647 9027
6250 4426
8633 316
8735 9367
6327 1057
2722 611
2243 4805
4142 3386
3656 3979
8009 3015
5373 9067
6654 8395
2192 5827
6516 9095
2467 8522
8923 4755
1997 6061
5768 1700
8335 8303
5475 2622
7851 5462
3585 8484
3528 9463
2689 4191
6392 9378
5592 7790
8145 7703
6163 7188
4020 4582
2892 866
9299 2903
8127 8944
8717 5734
2599 7428
418 8355
6383 2585
8736 6208
5050 7216
3901 1436
6149 5011
3323 7094
9058 3093
6922 6475
5741 4360
6346 7795
2062 1935
9146 5213
8458 5185
5919 300
7013 1089
4219 8783
6812 9450
6609 6552
5035 1258
6736 3242
1993 4903
8755 5596
7796 9234
2012 6385
5882 916
9168 2216
1816 7154
5556 8806
7463 198
5719 1158
6898 3643
9353 3778
5754 6302
6579 3941
3546 1438
3208 1814
2845 4044
8262 893
8073 253
7285 8429
640 6401
251 1861
3409 4003
2539 9132
5093 6637
765 3140
4964 8045
8137 1366
7862 4810
385 7749
6969 8756
7231 9334
7006 3764
5390 462
7805 9118
8507 2718
1891 1638
9197 6544
455 5385
5120 7768
9162 7408
1517 8026
7677 1879
4099 1110
3547 5069
6811 4337
467 2972
5440 8935
724 4844
7020 5957
677 2952
271 8781
1490 1528
2005 8588
8908 3776
6385 5205
6207 9015
2992 8595
6878 5691
2532 3545
5376 2884
8124 6178
6629 3399
268 8649
4384 8762
7412 6423
5634 471
8159 8242
9310 5524
3188 5405
5810 6136
2308 2655
9383 4707
617 5632
535 7186
9182 7173
606 4422
7844 5391
6353 2320
6614 1741
892 7615
246 1943
7918 2666
6360 5941
93 587
6079 4907
6855 994
8151 8022
7894 4969
5282 6216
2403 5816
1256 6085
7840 2150
2718 2105
216 2767
1537 2423
4635 1702
4134 2028
6851 6063
7675 844
6074 6804
3847 3194
4727 496
36 8669
7797 5504
7988 706
2405 8441
6187 9192
5423 6583
2786 7023
4126 3005
1204 3704
2741 2500
3064 6967
3110 8801
8643 5924
8734 9466
1892 9451
5905 6502
7572 218
5297 1732
591 9356
4189 5399
5233 2758
1009 5042
9013 7059
6555 6658
2267 2680
558 1368
8731 558
3268 3665
7817 6310
9141 8495
2338 84
4237 6651
1385 9225
9316 2761
6409 8037
1788 6509
4959 3106
2236 901
5159 2372
4456 6149
6683 168
141 896
6463 2235
6823 6716
3849 3175
7289 4922
5266 7410
2924 5674
5331 9222
3029 8690
8871 8803
5226 6885
2721 890
451 7596
7172 8726
3393 2825
5000 8993
5657 9307
157 7327
5514 949
7613 9259
3703 8754
1676 5271
2625 7827
8352 7203
5054 4982
5557 9471
723 7016
8158 6074
3815 4311
3415 6125
5904 763
8382 502
6545 6030
479 8488
7329 2200
2990 321
4700 4859
4807 8399
9252 4094
5893 4070
2947 8965
7813 6460
5923 4429
6908 3860
1515 8623
1702 8767
7908 2687
3053 7057
937 8052
2740 6318
2039 7981
5733 3749
6543 8739
777 2120
6635 8081
9463 2374
4874 7219
5058 8356
5432 2241
6977 9173
5013 3377
3195 3349
273 3003
6685 3130
7132 9075
8997 6859
2904 6174
4694 3585
1857 5190
2097 6842
5859 2491
1988 6661
5647 3792
6451 8317
8639 5339
2069 3759
8765 5679
1276 6029
1292 6542
719 1038
2943 1099
3145 1655
7392 2020
3946 4075
4493 6073
2407 4481
4680 2367
2480 1349
7456 9369
8530 5454
6719 7135
1020 891
2431 3889
514 7066
1659 6698
2067 8412
7213 6194
5276 1033
6491 8003
7622 5942
3805 2959
3194 3685
2855 1297
1753 4335
3439 3558
2761 6837
6313 7575
4302 9324
2609 3954
7507 6382
1741 981
458 10
8283 1932
8638 7427
6941 7726
3184 257
4543 8386
9445 137
4031 73
421 7688
4955 4501
8077 5575
5546 9153
1698 3051
2678 4886
8208 8106
8121 5436
5821 7459
4625 822
3832 7192
577 6689
2071 9128
6841 8822
8716 5947
1770 6761
2964 5167
9498 6357
2512 2699
4412 8392
8374 7383
1938 9279
5916 812
4441 8109
6563 5384
515 5328
7717 1564
6717 2918
7421 6207
6303 3563
4806 7355
8625 6987
3727 4455
6758 6388
3270 6608
6585 6350
9351 3524
5527 8596
9325 562
2325 7205
5470 7691
1404 3639
7544 3192
4095 1511
6580 6049
1321 9343
3937 266
1193 1149
6110 6248
6315 7946
8671 6783
5537 855
6480 4674
7923 3127
6483 7396
2400 8878
8497 7719
9036 3334
3540 1232
3614 7712
411 3871
3554 8092
3786 1810
367 4334
2969 4228
5155 5844
9248 2796
3955 8322
2600 3613
6112 3166
6763 7535
4207 5009
474 9354
8806 6516
350 6601
4889 3389
1984 68
1974 2225
7 3160
7691 5146
2673 8937
8892 6659
8686 1248
6490 7349
1015 2530
6871 1654
3976 8504
550 2183
3264 3701
6573 1924
5022 6925
5908 609
7602 8703
827 270
8600 248
7981 9036
4884 399
486 7777
41 7534
3171 2006
9363 5016
8746 653
584 8915
7890 2282
8860 9467
7114 4069
8970 9219
2185 6217
69 7233
970 6735
388 99
8522 8379
4894 3244
2739 4150
2018 4131
2547 985
9131 7696
5055 6977
149 4450
8229 509
5272 7562
6289 1321
3318 4183
9024 714
551 3392
453 3218
8399 5897
6882 3091
3420 8102
784 8176
393 5778
5465 7210
6668 7996
9451 3036
6095 6168
4005 8968
8863 3965
2550 7729
5103 5273
1074 4245
6847 6111
7177 3670
7470 6484
5791 5817
7446 2506
7961 141
7534 3826
5933 5866
2013 3394
811 2087
1249 6033
853 8627
4618 8880
5302 3863
9176 3012
6731 2159
3502 555
8460 5322
3764 1162
6891 6845
2914 9081
7497 3205
3127 7951
5118 6668
9257 7448
1297 2123
631 9292
6953 5517
8350 2954
1628 2645
1199 7994
4899 971
2657 7560
228 9094
6870 3746
7234 939
8827 8524
823 1585
8118 4831
5637 7503
6420 5999
3769 6603
5006 9043
1280 3042
4736 9336
3741 6802
373 922
348 2621
1746 4445
4706 7515
8503 5676
465 2887
4146 2964
5375 3597
6134 9266
2149 3053
6748 7655
8566 7549
2626 6666
4549 8197
1462 6526
1355 8923
6637 4516
7385 7506
1059 956
7942 2733
7164 632
1525 3141
7641 7732
511 4047
7826 7468
1771 775
4754 6420
9165 4367
7795 5492
459 5248
725 4938
6229 9394
2429 5895
1646 4371
8869 5038
6348 8217
539 8962
1221 5024
2030 6740
164 6897
3948 7543
2825 96
798 6055
1881 8576
7655 7750
4975 4310
2988 702
5501 8046
2155 3495
6599 1288
2792 4375
7567 1704
5419 3982
3432 4853
6461 2835
2794 475
4184 7080
4805 7993
5246 8523
7626 2431
1953 1954
5513 914
2333 6663
3170 3037
4008 3432
2487 2368
7882 2143
948 4827
1952 3109
6135 5556
7052 4122
3220 2845
2921 4424
4830 4593
7598 5285
7824 7124
6470 6251
3280 6438
5240 1750
5605 512
5041 264
2021 3186
8865 701
7895 4286
7619 1328
1567 3896
3492 1652
95 9167
8061 762
4527 3190
7050 6669
9189 532
8138 626
2204 470
6950 4846
3706 8558
2670 2116
3179 1273
8915 1740
5847 7425
9009 1261
7640 3057
6624 1522
5816 2522
7116 9146
50 6648
8963 6187
171 6685
115 5762
8101 8641
1261 1382
5262 7334
1673 2271
2628 801
202 7294
7062 8417
8307 7019
9004 1527
4038 6405
5793 1118
4103 6983
8668 3255
5176 4911
3831 3498
1475 7684
1217 8403
2949 7982
3629 5636
7841 118
409 991
2876 819
695 7571
2134 9468
9247 2529
9327 6010
3674 5990
2769 6170
9422 7146
2566 1689
4421 2568
8160 8446
946 766
8403 946
7898 8981
2476 3100
8658 9294
5267 4865
5425 1043
370 7576
5857 6427
3710 7031
3787 5425
7270 7992
4390 1612
7832 3944
8027 5326
4254 7106
3098 625
8291 9300
7186 7600
2738 4215
2159 415
4323 675
1900 4067
681 4971
6123 4688
5902 5352
1618 1712
1654 8098
7247 4706
3588 1006
1438 8358
2177 4281
6500 1474
2639 4812
611 6000
4607 9274
4581 5422
81 3832
5654 51
9344 7889
3186 6990
473 8258
1306 2520
4753 1439
8520 2874
1405 2764
4958 8805
6040 2170
3238 4328
1388 7331
683 1684
6527 4252
6099 1091
3811 6488
8842 6014
812 7890
8698 3576
4486 7987
664 3148
8066 111
5442 1069
9109 6971
5506 7039
8965 1957
349 6763
7408 7452
3794 3848
7059 1961
3731 3358
2121 4636
1937 5222
7960 9017
3609 5718
1833 464
5140 1062
9122 6378
1242 5292
6427 7259
8059 4779
130 4845
9312 5083
772 268
9334 8083
8041 1391
4621 2108
758 4348
7575 4619
293 4293
6297 4249
1723 1938
3852 3444
4886 7189
2798 9177
7379 7358
6017 8721
8499 5526
5125 5531
318 6441
8899 6889
2948 6229
8034 8882
656 4606
8402 8638
1247 6549
4364 8178
8051 3856
8234 8636
5460 1194
471 7325
6458 8200
3277 8260
7281 4225
1548 9252
3469 4511
3995 3239
6325 233
2535 7542
8548 7384
1342 9202
1863 2070
8985 2716
8438 5443
6141 8142
5818 4661
2263 2202
9210 5503
7262 5052
4101 4854
5708 8273
6275 6667
1595 7172
9034 53
9266 4822
1926 8772
9120 3339
5348 1284
8692 7395
7687 9312
199 7914
3604 4213
7499 4806
5363 7605
7893 4026
3292 2543
1119 8956
5732 1319
3789 1136
4049 9331
6152 5729
5699 8183
8105 642
1907 1287
4804 4020
3325 5272
7106 6505
1885 794
8887 2632
1521 8770
6434 1627
1472 6052
9354 404
7028 1695
6924 5724
6782 6728
9321 1104
5063 2417
6710 6090
9454 7303
8072 6833
3905 2141
2460 8736
8304 8240
7184 8451
2321 3467
4718 8825
3085 5115
7350 1164
4140 4677
6902 1128
1657 1394
6273 6764
9495 8502
9126 9363
6021 7447
3263 4421
91 1210
7424 14
9394 5214
3192 5956
3426 3996
368 6371
6804 2285
1948 6520
7221 5677
2109 8881
3826 5761
4211 6062
354 269
13 8554
425 6479
8676 202
3260 3674
3456 5648
3329 7309
9173 439
4389 541
8654 251
5671 1245
6661 2793
2266 5005
4642 3264
679 8080
8026 1583
5706 1487
5837 4499
6533 4568
1051 3153
8782 2807
7328 2029
7389 8712
3657 786
6799 9299
344 3684
4253 374
2627 5336
2900 5311
1685 6070
87 4181
6080 2169
8396 4006
6548 7961
1640 2598
6741 3290
8853 363
5362 8665
3565 8248
8248 2430
5400 6418
8518 8785
8356 7153
1220 3500
3429 1662
8129 1008
1880 643
6820 6435
2274 6700
7921 4681
4444 1590
6915 5754
513 6747
5536 3427
5115 7621
5676 9272
4284 4669
1668 2900
6388 785
1071 7117
2531 5507
2376 4926
9265 5433
4301 1294
5627 7166
5361 1050
6626 1509
6813 520
8960 5412
3856 5379
1922 1021
8611 3448
1362 2647
2955 7377
8435 3622
5512 5791
9250 3513
5409 6866
1708 2279
5953 6467
5503 3825
6133 7415
1326 1217
8044 7477
5351 2800
3154 8831
8297 7041
4520 1329
8484 4889
108 4186
2131 2352
2623 9258
1485 832
1552 7751
6594 6119
2596 405
2699 7340
9080 2198
4794 371
8649 4194
2340 5231
3067 5793
3855 707
9492 8167
2963 7588
6644 9390
1329 3807
1027 7392
8180 277
6559 1165
7762 8741
6018 7871
4790 2782
5023 4258
2162 5013
6842 7553
3493 9498
3427 4436
3411 8103
4663 6877
914 5783
8348 7902
2799 997
6532 7816
8838 83
7963 8011
9049 4759
8954 2696
8433 7539
3387 5811
8514 5851
7068 4998
8315 9174
6389 7063
7325 7976
994 3259
7846 8485
5795 6477
2319 6829
2459 730
5328 6704
4324 948
7063 3992
9179 4386
7185 205
4566 7786
1246 7868
5352 6532
193 5903
9198 3473
1919 7491
4614 6099
8846 1829
57 3067
5271 8727
559 3939
3793 8041
1345 4169
5435 4951
1798 2171
4704 4354
6800 9053
5492 4372
5186 9319
1652 3814
2862 4446
9012 5777
4765 1775
8934 2311
7765 6499
7710 5622
8092 1437
2998 4406
7282 8980
6653 7129
4156 3676
5645 3490
3094 291
5299 8170
3632 5829
4266 2322
3291 2682
3926 5876
1313 5964
2928 7865
1255 3149
8449 3274
7088 2238
3625 2160
118 9305
2186 899
462 2327
5354 6391
3627 2288
221 8671
5333 9108
6876 7818
1002 8308
2093 3681
5690 5794
915 7429
5613 1262
5277 700
2164 1105
646 5982
9444 8063
4300 5093
7581 1331
1494 8827
147 8648
3592 6076
2282 4469
6945 8005
2830 4021
8797 8749
7568 7838
9499 8082
374 5124
1258 4307
6271 6980
3994 5247
3394 2289
5239 3840
5095 8807
5897 6015
7528 6883
5424 1121
4978 2811
5949 7110
5502 9194
214 561
6361 1986
4995 5054
8568 2469
754 918
1252 5745
4976 3237
5656 9326
6861 4869
7774 3612
3368 3397
2151 6128
1755 2853
5856 3322
1335 2291
9386 7660
7144 7641
4749 7742
3431 1955
9095 615
7125 7700
9384 8650
509 4158
9486 3209
3089 5814
2284 574
8664 3691
8075 5386
3149 8089
7375 5908
2453 753
7474 6246
7993 7831
6692 1148
9387 908
8231 3845
3214 8589
2224 907
5429 8291
7377 6308
7973 2727
739 424
6691 2310
1989 6939
1137 4553
9050 2961
1089 1725
9298 5193
1269 7138
7121 7928
711 2024
4816 2152
7180 7497
7168 6339
7032 8410
1453 5760
2082 3786
7580 7443
3114 6396
1387 5631
3971 2402
5042 737
9064 8941
2331 6580
5756 1026
3636 2924
3343 5338
4220 6861
6971 1138
3287 6109
7229 640
8203 3425
6597 9016
8516 8357
4261 1155
9346 1831
7230 6991
1440 1249
7127 5841
3983 174
3151 6162
6881 6485
8111 8462
7405 1637
5652 5219
155 6978
7636 7527
3428 6083
2252 3797
712 9111
2675 8318
722 40
8322 52
3167 7211
6417 2552
3481 3324
3370 5164
4138 3168
8114 1169
3480 3020
3748 3387
4218 7518
1648 6137
6962 7701
7310 7391
4714 7315
2150 5156
1661 8253
6019 3940
6218 8661
9258 8582
1700 4615
8343 7852
4977 2460
4063 2736
1379 6389
4738 4325
1304 1278
3816 5984
787 4978
7836 5359
3688 6265
5522 6264
7539 7851
7083 6627
8972 2867
1177 1243
1154 2184
5796 983
4735 965
4538 6320
7579 8593
8672 3201
8491 1993
6160 9370
7024 6316
4215 898
4821 9154
86 9116
6952 1478
8255 4306
5814 9335
7257 3696
7707 5499
3358 6997
60 6807
893 7636
7411 3013
2864 4996
3933 8235
6051 9030
6285 3537
2996 5495
2262 7320
2326 3628
7708 4097
7956 1904
6209 8002
3468 4803
4380 6173
3093 5685
8324 3694
7479 8546
1034 2943
8498 2823
6753 7264
4321 1002
7630 3014
3500 778
1800 108
1168 8433
9062 6828
4086 4030
5497 7185
8321 4921
1960 2016
3391 2047
1645 2109
6003 4235
2482 452
7747 3949
3600 7133
8779 8278
3807 9233
446 7581
6469 8800
3122 6491
8983 338
6456 4547
3421 128
4337 5660
6740 5788
6330 5346
4815 8119
4326 8539
4436 1718
5670 6472
4722 7441
563 982
9053 3248
8249 1824
6265 1390
1127 6736
5451 728
6082 8790
2891 2864
7394 1244
6832 5582
5737 694
7985 5372
2143 4992
1105 1756
1649 5221
9089 2147
8128 2856
5090 8361
2774 171
7763 4599
6425 8936
8468 9476
2528 7771
9072 8579
2304 1241
352 166
1251 4510
597 3942
131 2393
3311 9020
6606 5006
3878 1462
8412 9325
92 5112
4755 7806
2767 2770
4563 5764
2019 3831
2685 3461
6046 1114
1420 4656
5261 7897
392 6972
6718 8449
1389 546
3383 8474
7649 6606
1519 3443
6034 2201
2228 1318
1102 8628
5721 3867
4918 63
2823 8569
281 5488
2384 418
8001 5217
6834 3667
3583 2220
6612 1556
1836 5238
7696 1097
3496 5681
8470 6191
1487 2140
3836 331
2841 107
8469 6294
9431 1500
4298 1481
1897 4091
3397 5707
2803 606
5855 4439
5011 742
3022 582
3226 325
287 5626
5931 3621
2987 1238
6785 1970
8192 4240
6961 1624
3463 1274
4208 7582
6921 5738
5878 1577
5287 1485
5822 4780
3001 1735
5008 1817
4291 7720
6604 6568
6602 5008
402 1455
3686 1787
4077 6400
7357 1179
6620 1677
78 9168
4071 298
7885 8398
7814 113
985 6558
5030 2409
8943 1946
3218 7430
6846 1430
6243 6913
6621 4573
3075 6172
4477 4326
2346 1426
18 9309
2492 4680
1461 5176
2813 6005
8852 2100
2220 9434
7604 8419
7540 9069
7964 656
2875 9004
3844 1326
7917 2920
7011 3868
5482 4035
2735 6425
5844 6372
5237 4042
1502 4952
3520 7365
3040 419
3178 4877
5485 770
2606 5129
283 1931
4234 1417
8150 533
6239 798
5677 1868
2952 8287
8230 1581
6698 3409
9233 8175
2787 4748
7426 6456
748 6218
1561 1623
4335 9171
3705 6643
9069 6755
9429 966
1187 5587
5166 4410
8621 3361
6304 803
2408 448
4507 1216
8839 5330
6997 2049
8480 3617
5530 2948
4936 6894
3141 3456
8883 2317
42 5797
4705 7182
4268 2979
6732 3690
2434 2010
4497 4322
1055 7942
5800 9346
6185 5519
3074 6202
1555 4687
8011 1305
4068 6628
5007 7788
2713 7463
770 3462
9235 5731
6754 4226
877 8031
865 6351
641 5624
4358 2421
3454 5644
6301 1213
5728 7702
2965 3460
1162 8748
6983 3493
3019 9419
555 2725
6302 6045
5824 9074
8682 7595
8317 1053
226 2854
6652 1521
7140 8535
8992 4990
6164 4034
1949 8934
4458 7460
2899 4715
3026 2445
5731 6819
6244 4266
397 1146
6610 6325
528 2350
8298 3323
5463 4390
1855 335
8739 8850
3919 4273
7650 5305
7161 2284
6735 1063
4772 2937
2299 237
1066 920
4226 1962
2065 7045
7407 1872
3538 4900
2102 5259
4377 3648
2343 5564
791 6680
1363 3981
6892 343
4531 5968
2724 1221
8766 6120
9362 1246
7459 3176
5236 2702
6665 2333
1210 808
427 2349
8579 135
2200 8299
9259 5077
5623 5792
5490 5607
4812 2299
3851 9368
4745 2037
6630 795
1209 3647
6216 8890
1202 7268
4669 2795
4217 7419
1234 7217
9482 3815
7265 8716
2537 3780
4511 4238
6788 3802
1763 3649
1123 5159
2664 3096
4831 6907
7552 8406
8570 8763
1607 6653
1013 6440
7343 6402
793 4629
8659 9293
8729 848
359 5331
7731 5435
3113 9366
7105 3919
4374 5188
4576 5559
5313 1880
1662 2561
8885 1860
3967 6588
1346 2581
6120 9012
4643 709
9245 2425
6077 2562
6119 3719
5305 5552
4362 8198
3302 4896
6027 1257
1589 4639
6283 5050
650 1502
8494 3525
6098 6725
5879 892
6801 1802
148 7899
8825 4451
7174 3464
8453 5383
7661 5095
8228 9264
3897 6463
2789 3708
3970 1798
4880 2497
768 7502
2895 6333
6136 5468
3526 6562
4213 6830
6965 998
2737 4284
1281 7559
5989 2038
2172 2705
1524 6313
1846 9308
8293 2906
8587 2976
983 8979
4003 3249
2824 6998
1323 4660
7336 2126
7370 9029
6986 5991
1630 1984
4365 8464
4766 5656
9128 4509
6702 407
7384 2560
4781 7905
1230 4546
464 7187
298 3541
7929 4703
174 2486
8434 327
5723 4835
8046 8487
3911 3769
4963 6392
2750 2756
2677 4773
6436 7555
6903 6875
3869 2203
5183 2722
4128 1344
961 2264
6951 5641
6143 9136
1875 7546
3081 1139
7835 1173
1913 2644
857 7067
4509 3650
1878 6958
8505 7715
2417 5578
8272 900
3854 6921
3880 7817
7223 8391
303 4824
3818 5450
8897 6453
639 7197
9473 8130
1245 6687
870 6196
6622 708
8590 8743
3042 6058
9303 1780
4542 228
430 1548
6783 8221
6507 3984
6032 4544
8984 8411
5491 1013
2730 4917
8715 1686
3643 1865
7842 3080
389 400
5598 4231
8988 2446
936 6017
9367 8713
941 4268
7206 8832
2223 6748
707 7482
1752 3169
7855 8471
3910 5885
8217 1676
8647 4476
6264 4693
6517 7486
1674 764
7368 7649
1460 339
6059 9024
3726 3775
3239 8138
1956 871
5180 6266
6217 201
2328 9
6358 2626
762 9289
8218 1682
6296 172
5734 6887
7219 7097
8877 5228
5826 2610
1466 8862
7914 2023
7120 3504
5827 5892
9302 5237
799 5080
7268 2450
4698 3447
2489 8323
8483 362
3964 9362
3193 4127
175 4695
8857 4766
5692 4392
7549 8904
2133 7799
5851 3197
3313 6206
5829 3129
8605 3505
999 5700
7228 6346
8392 1386
8610 6942
2207 9098
2985 3967
3396 3754
5636 4774
1479 741
2032 6631
8088 6585
9238 4698
9305 5398
5899 4825
6684 5309
1183 8084
4843 8179
274 9131
5048 7058
8239 2713
3550 1656
7060 5172
7182 1870
5005 5354
6808 3381
2070 8746
3968 2792
7535 5828
3056 1499
4383 7267
5396 4432
4382 8752
7395 5825
7295 7498
3839 6098
7492 7957
913 1401
5229 6852
4949 3395
74 6750
6007 4041
3152 3728
4402 4709
6247 4526
7344 7397
8204 7243
4701 655
6826 4572
8651 1987
8539 4257
7204 351
5476 1777
7477 3937
3015 3158
8459 6430
3664 1479
2395 5629
950 560
1943 1744
6237 6279
8562 7762
2878 6970
8629 1465
5767 7880
9304 230
8018 8577
3888 8059
2751 7423
9341 9096
7212 9211
2363 7033
2615 188
2989 8792
7217 4937
4193 4533
4410 1584
5695 5161
4881 3593
6154 5208
833 4500
4025 5884
1693 6711
3771 8910
8236 1010
7095 1512
2001 5948
2594 7093
241 2223
6529 9215
2141 8085
4361 3974
3041 8199
4659 4279
7026 9197
2201 5348
3850 6814
7560 2112
5227 2818
4800 3207
401 6272
4116 5497
8931 4564
7078 5535
7695 6973
6551 5144
2544 224
1726 6228
4927 6865
716 1377
7978 8229
5479 1851
6108 3642
5345 428
9025 1747
7438 1541
5123 382
1505 6898
9292 7556
3527 3279
5198 9358
9019 1663
1650 2720
4079 6230
5418 3116
7994 4689
7663 2697
8835 7594
83 6731
3453 8662
5549 6803
3713 8634
5776 799
5729 4278
2680 1799
210 2544
7881 1202
7506 7564
1811 4358
2219 5688
3464 74
6280 6564
1226 8126
9404 5766
460 9496
8669 2745
8910 936
5020 3383
6254 1398
607 6612
7498 2978
7018 5153
600 3458
2890 4355
4852 2523
6724 6546
9313 3433
7706 1688
66 7083
7554 8685
2793 6042
3758 7561
1300 2777
5304 2831
317 557
2436 2701
4409 5223
5687 7947
8713 5914
8373 1504
7371 5769
1844 9141
4787 8960
1239 337
4236 7652
8389 5943
435 7920
1231 2953
4505 7525
1354 1090
2418 3122
8471 2819
871 603
3298 2567
4559 754
2452 2555
7728 5662
4035 1451
236 2703
7823 6910
2906 3725
4985 954
6321 8512
7131 1357
9293 530
2169 4104
5049 816
6198 5466
4923 6145
3671 5420
9023 6862
8268 6291
1207 7986
1341 1219
2940 8182
5811 5823
2514 4370
967 630
5217 5355
5915 4073
7945 7678
144 2246
6423 4147
7111 8032
5211 3580
4924 9438
3707 6379
6641 4156
9112 6609
3898 4038
1134 9494
1443 7493
2084 384
6350 4382
4875 8929
7205 2406
7376 5025
4865 7184
8264 3526
1257 9165
3103 7374
9446 3214
334 1917
7693 124
1973 6108
5703 1819
4685 1160
9093 4129
5770 9163
3925 6275
159 149
485 4369
2002 2439
7207 9023
3255 7044
156 3599
9472 9083
3273 5268
342 4072
162 7416
3027 1400
5925 4346
1060 6999
4350 3997
8724 5502
1941 4461
8122 3882
9390 6534
1282 2990
3100 4646
6592 930
984 1421
2329 8753
6976 3791
8440 8490
5311 8187
4795 7024
5395 6442
3334 4343
4157 2847
1534 5461
113 6429
4636 8570
6377 7717
2555 8387
2393 7218
8803 4487
783 4879
6375 3729
3723 3114
6959 6021
5171 4543
1579 537
6158 9431
8252 3303
7607 7956
1336 48
7666 3567
8331 2306
3581 8926
7080 170
5015 2589
1375 4079
4419 1953
1310 1745
3315 1177
3997 8289
8928 7081
2915 6065
8202 2623
7194 1793
8336 7547
5969 6595
9290 8893
6778 7118
2716 910
6925 7937
2396 1685
9376 2973
3747 7892
4143 4109
4210 2977
5941 86
1545 117
4439 2217
222 6589
8305 1080
4292 5931
991 7277
8921 8838
4594 6691
4596 8049
3161 1203
7464 4464
5863 9302
7388 5430
604 744
1806 4587
3589 5994
789 5132
2364 1587
7307 7710
7740 5939
4187 9113
1596 3528
850 9070
1076 7679
1901 8107
8260 2253
5225 1593
2260 5805
2345 1918
4406 6056
4903 7551
4110 102
916 7674
5749 2689
4407 7474
9145 359
2688 6514
7345 3320
1039 5158
5264 4408
4280 238
3190 5316
9223 4783
1436 796
5985 8150
503 8949
4651 4832
2896 356
3966 650
4490 6347
7638 1951
5238 6699
8003 7047
1761 1919
1849 2042
5138 5057
8721 3189
7070 5889
7079 8492
4175 2307
3367 1869
8126 9455
5977 915
8556 489
84 3652
6418 1723
7557 8958
6011 839
245 7411
5621 8123
1982 1186
971 2442
3906 9268
7126 9226
3338 733
9051 5784
8553 8482
9457 3229
7888 7624
2375 4818
5913 3382
8187 9391
6514 2832
6603 5640
1933 1416
8013 2383
8506 3236
658 3092
3587 3640
4597 1034
4163 3356
7704 3574
4467 7495
5849 726
3477 8702
7538 2549
8069 8695
1797 2115
7297 9411
5330 8540
691 5927
562 372
4249 5400
8886 1153
1935 7971
1559 2110
7066 1632
802 8316
3549 6650
2597 5142
5961 8427
1062 4782
5196 2433
3730 8145
4582 9105
8604 4089
3645 3846
3333 7930
8462 1001
4158 6796
3124 1916
1623 3544
6677 7779
7236 7965
8439 3243
3889 5126
556 7597
6290 879
1488 5393
2772 7032
8950 2846
5322 3983
4235 3132
4037 6192
404 7727
6415 146
1012 8254
3725 6986
6658 7724
5533 6702
5786 3039
1544 7664
7103 4085
7606 2158
8884 1364
5399 9224
4720 3737
8688 5109
2360 3086
3388 4995
3763 1906
99 4400
1033 330
4229 1125
8912 6225
2637 2836
2101 4482
5457 2596
9369 3054
2819 6283
1985 491
3779 9413
7933 8708
6421 8647
7107 4088
1656 824
8540 3478
5450 6598
2016 1546
2106 5630
5461 1497
4018 7999
7398 4776
2119 7537
2275 4154
8737 1247
4844 1739
9056 6621
3062 3291
7906 3412
6720 6644
5922 1690
7838 8854
250 6220
3735 4148
7980 887
1859 711
7699 7884
6128 9239
9046 7784
9336 8991
5871 2411
6582 1753
6802 3938
7437 2865
2714 2834
8968 996
9068 7501
3076 853
452 4017
3139 8350
8656 1240
3401 5555
3720 7206
5846 8563
9014 7828
9322 4107
2950 5178
5997 6492
2559 1842
5753 8517
4125 7819
2822 8828
2449 1792
3054 4237
3553 45
1000 9385
7667 9005
796 8679
9496 6881
488 2711
6269 4711
5466 2563
1895 2357
1603 7952
5783 3331
8074 1716
1373 3703
6667 8021
2197 3629
8901 3101
5360 8715
9016 3774
8263 2931
6981 3318
667 4347
9043 5434
4525 1083
8925 5906
1044 4521
3618 8942
5040 6872
396 6818
7362 7646
1512 2787
489 1903
8607 8007
3676 4610
7756 3570
5983 2667
4503 1341
1560 6177
7431 7995
7067 677
7725 6381
8510 2992
347 8653
531 3631
672 8639
1738 4230
1200 7131
6104 1606
6078 1539
7861 3027
778 548
7967 8232
7807 7834
3336 7505
9359 8276
2163 842
1690 7887
7672 7461
4341 2044
1094 3773
3449 381
5511 55
8269 7180
2479 1122
828 1236
3200 7797
9342 4581
4196 1226
3717 6937
5101 8468
4789 5324
1699 212
168 3873
3216 5044
3034 7176
6371 3874
8641 3976
1192 2136
2776 4071
8295 3610
6381 5147
4274 5925
919 498
2880 3484
7759 720
2173 6757
4048 7366
4837 216
8032 8928
4047 5160
5632 2526
8292 1379
398 7734
2574 4529
62 7028
4540 252
979 7465
2366 7743
6577 8313
8856 2206
1095 1204
974 8678
6242 8475
9045 4483
6868 4730
9171 1443
6281 1559
2135 8365
7891 3598
2337 7269
6447 5945
7119 510
9366 8205
4484 4116
1864 5689
1709 8279
7462 6200
1593 3452
8367 3660
1873 6412
6131 5394
4098 2511
6453 5004
2126 9352
5222 9461
5056 2204
6195 4792
5950 5312
9251 6538
7087 36
7073 5489
9421 2456
8875 5358
5201 7533
4506 294
5135 7500
6180 6314
890 6561
6404 8730
2660 7104
1850 4513
117 4874
2659 5613
4668 1966
321 633
5638 6945
8821 6522
1250 6722
5290 3414
8596 7587
2743 1374
9475 2001
3799 8757
4836 718
7001 2888
1018 3881
685 147
1431 9376
9075 3762
4557 54
4752 7089
8631 1330
6370 1291
586 3308
8205 1490
2388 2381
2525 739
1625 1447
4168 6547
2833 4274
585 2104
7476 7926
3229 2909
7391 2083
2421 1007
4857 6387
7275 4121
8153 4321
6776 2278
8644 4083
2463 9230
665 2933
883 3948
5367 3282
2856 1185
2473 3355
6445 8808
7076 4233
6769 8292
1613 8797
8815 5642
3530 3499
31 9439
8932 8306
8266 6581
2552 2588
8486 8859
7142 1384
8926 4396
7338 6375
2616 120
4131 2947
7791 1289
949 6592
4470 4385
8609 6197
5251 6166
3069 8616
718 6780
3071 8538
5984 4975
4346 6821
3927 2729
1858 9175
4056 3739
8581 8969
1887 5140
4440 3142
5559 4102
6168 8000
713 7840
7656 2124
5301 3155
9318 7540
6825 8876
9414 9452
5587 1196
2745 3512
4653 7075
449 3437
8619 7052
9029 820
7100 1311
2593 4365
1626 7511
7605 8270
846 1450
3460 780
993 3407
8211 5883
3931 2342
6905 16
8524 2694
5944 5392
1728 4179
899 1355
7386 4901
5713 797
5948 6089
5413 2539
1003 9060
4450 265
6689 9241
6773 1915
4761 6823
5631 5012
755 6834
5842 4904
3288 4702
4349 4351
8732 7
5667 1769
861 6023
6240 9306
9356 4465
4089 8151
5303 2996
1865 4522
6524 514
4185 5465
3132 9000
4011 8459
7948 3926
5092 7190
6176 8544
9370 5799
1957 6057
9278 6072
3736 8325
24 3847
5091 5618
9087 9349
7628 1816
3246 6896
2486 3137
2182 2636
643 6959
8130 2267
910 4315
5383 3044
7949 169
1794 3302
5434 4052
684 3747
7433 9342
3307 7774
524 3935
977 2493
3183 1599
7685 6607
8895 7037
7035 7886
966 2776
6729 3713
3829 8853
7064 5475
8880 1260
266 6151
7259 734
5694 5500
8384 2824
6669 5088
1829 6067
4429 1928
5595 6765
1882 1890
8096 4881
8801 5086
1116 5380
5157 3688
4747 3716
6260 4552
9434 6545
3378 3426
750 6181
5543 1878
5833 2902
8704 850
4283 1768
1164 6443
7269 3870
5792 4631
2510 1461
9228 5709
3037 3083
4954 2137
1213 3105
2442 1505
3243 1187
3543 3514
9212 993
749 271
1924 5446
3685 9178
1171 8149
6191 1446
8049 5807
7444 5856
9358 2945
2061 4809
2578 1412
6546 1675
8235 5373
3876 3031
4719 1610
745 388
5702 5065
1955 4671
289 6377
6410 1640
2341 8375
4401 373
7277 2533
4917 2326
1032 4789
1302 2373
3086 5675
4114 7650
4573 9237
1862 8476
1774 1045
516 7139
8108 6919
8166 3374
6485 7711
629 8275
506 6701
8726 6212
4676 410
1852 1157
7427 7150
1480 4655
1779 3350
2972 4823
3405 7091
5265 9457
2232 2447
921 5663
8914 8834
2279 3784
4379 7078
6323 577
4359 8823
5910 1887
8697 9193
5420 5463
7561 4285
2908 4313
2015 4330
9159 3050
6433 937
4356 4477
8135 7780
5588 7342
2757 3384
1296 5879
2971 6077
3563 4649
8898 3765
8575 8050
9287 8574
1318 3312
5515 4929
697 4054
2666 2517
3778 9333
3483 2971
8690 3172
6647 3070
21 8920
3622 696
3590 5243
5898 1058
3457 6148
8185 3171
829 5834
1996 3789
7053 1059
2641 3112
364 6857
5066 2830
9424 6419
7995 3317
4514 7137
5780 6737
1804 7165
9385 2496
6279 5410
6910 4374
7792 1195
7900 5299
1983 5215
2603 4563
4550 3591
592 3986
4661 7012
9226 9161
764 1156
7651 349
732 9464
5052 1867
1240 9393
6072 309
5665 5364
4167 8909
7413 3227
3470 9080
3096 2003
5279 3475
2621 2531
6899 8364
7566 3589
8039 4979
8318 1524
568 5429
8819 2106
3164 1373
9006 7234
3653 8795
1964 7848
7582 9221
1072 4049
1142 7623
1782 5302
8299 8755
4715 5565
7483 9285
2632 5579
7569 862
8903 7002
5334 4144
922 4704
8055 4029
4136 8423
9037 258
2481 674
5307 9278
6312 4024
3830 5102
4707 2382
6100 8457
7256 3468
4526 7311
6888 5920
6995 579
5467 3351
771 2144
5740 7402
5173 3770
6663 7466
4055 9283
2744 2677
6946 1925
4631 4448
1814 6864
2026 7894
1805 2615
470 2951
3002 2054
6864 689
5455 1435
7353 6235
339 2193
2889 3221
6675 5995
6916 9082
3822 5143
7191 1825
1967 843
7419 9206
963 1806
5428 7604
918 5810
9286 1910
1584 7706
6757 1361
5318 9364
7118 5563
2414 1950
5575 5079
1238 6252
8463 5611
2836 1199
1528 3793
569 827
1419 4548
4553 1828
8830 4579
642 2686
8648 2429
8454 5757
1347 5401
9448 5104
8602 3313
2351 1280
7517 4988
4238 9089
4399 8228
8265 2412
1198 576
4340 6657
7869 7174
357 5597
926 366
3017 210
4471 959
4051 447
9464 8918
1054 4775
5003 7883
2006 7837
8006 4622
8545 8799
544 8114
1497 5833
8778 4001
9271 8871
1868 6594
6858 3758
9104 4305
8247 402
2944 7801
4867 9469
2493 7721
1212 1763
1636 8841
5972 7030
5197 4714
4148 3332
540 6729
4398 8280
6204 8418
8959 7723
3960 6478
7323 3886
1686 2637
5089 2910
1492 4247
2551 6906
4144 4653
8977 3998
5189 8327
6391 3297
9427 9329
2665 8414
2686 5202
8408 4745
3909 4598
8284 6642
859 8812
5039 7671
1851 1102
482 1934
8617 8964
8194 6935
822 4737
5145 2525
1635 2248
4842 7360
7694 2640
6073 8666
4802 6615
2311 2415
7892 8858
20 1862
1324 4960
6332 2980
951 1484
3262 5183
942 641
6930 9057
8375 3472
8040 5207
8062 867
3928 7975
1688 2056
834 6647
4929 8095
8763 6019
205 539
5722 7472
6248 8583
4115 1255
2977 242
9237 3069
5070 7043
5675 6284
4310 2882
8667 2781
9183 8986
4001 6772
8635 4968
9060 7826
6854 6003
5772 8761
184 3779
4533 1873
645 7163
9410 437
1778 8924
2078 226
1084 2088
6907 2114
1383 8382
2966 2377
5078 3265
2978 1964
7644 1079
566 7953
102 185
7992 5553
5593 2747
668 6707
1511 7901
7833 180
1566 5
578 3532
1053 9384
6848 375
5726 121
1995 7399
4655 1545
3780 1576
8417 262
2591 6795
2703 5460
1371 4062
2160 3305
5366 1000
1484 1409
1361 8518
1594 104
1087 3226
752 5274
3577 8009
4990 1838
8306 7304
49 5826
8314 1518
7682 5537
6498 3636
4937 2829
8339 6133
5377 7958
5600 7969
4868 1569
594 29
9110 6929
9181 826
150 7988
5769 8809
5745 2483
3884 953
9232 1550
6272 7469
8063 2096
3950 7079
8995 2095
6263 4935
67 2849
4677 2055
2577 8066
8589 4033
7788 1151
1241 8268
6571 6721
4120 2822
5067 4119
3101 3466
5443 3401
5119 6948
7400 6565
7159 3016
9468 2988
3532 4751
5126 8088
7415 4518
4682 2314
1413 4957
3052 5323
1730 5413
4632 6786
4551 1353
3975 8815
8048 3734
5960 7111
2239 5068
2059 4762
920 6517
6053 460
4524 2965
8167 6374
476 2073
9200 6399
7970 9019
1803 8813
9166 8898
4521 1223
9132 1302
8624 1930
3007 7730
831 423
6194 2572
5044 2895
4519 4265
1307 2780
7218 2441
8212 2949
2690 3451
6540 37
4245 1888
8674 5165
1481 2485
6676 4519
3635 4770
2072 50
5104 8051
8489 3677
7718 888
1147 5026
1582 1
7271 5105
5682 5067
5221 7073
8882 1660
3766 5773
4443 5235
3939 8127
5394 1176
704 7096
5325 3066
5486 1093
323 1538
1503 8663
9260 8651
7355 635
2372 7109
5053 9159
3658 4627
1876 7330
2010 6247
5137 1760
6362 6393
7692 2688
1273 8042
2157 4991
7936 6449
9426 6936
1908 2892
8820 6335
7872 9026
290 196
444 2323
6062 2211
1743 6328
5545 6928
3328 1197
8725 8019
3810 5318
2728 7151
5998 4899
3673 3699
1382 5923
7146 2407
9203 2175
8767 4212
3566 8725
8799 1383
8005 7602
874 4690
178 234
4228 7714
223 1404
7403 5881
2378 9216
9409 1858
2466 4517
7406 164
5069 4654
1340 3988
5081 240
33 2213
2931 8789
1923 1112
3828 5861
3738 3788
2542 9424
1407 8396
8989 6203
3330 3373
5531 8534
7335 2794
6827 7984
4997 9381
2445 7699
6914 2229
4849 2693
1712 8023
1672 2046
6251 4743
6933 6407
8085 5725
3050 2635
5106 4199
6550 6210
4980 9134
7404 1703
3744 8376
1780 4272
4297 8692
8445 2987
4982 6575
5883 645
4225 9383
4180 3531
2679 7100
1971 7645
2954 5605
5747 8428
5620 4987
7294 6529
1796 4621
2962 144
2187 667
8353 529
3125 195
3402 8697
238 5571
5021 5858
4257 5687
5608 3081
9254 2078
2553 4914
7847 1198
8360 4880
554 474
1208 4616
6137 4137
8411 1225
9123 6239
8521 7763
429 3987
5207 5282
9230 5871
3211 1037
4404 9408
5742 5286
3107 2234
4957 3202
2202 3040
9177 8054
898 5739
6044 554
1843 1184
7623 3611
3951 213
808 6193
4617 8479
8393 1911
5809 6854
740 4050
6222 9002
842 472
738 729
663 2138
3564 7086
4294 4520
5065 1523
7505 1256
2858 490
6697 7228
2161 4267
4824 4852
751 9065
2834 5060
5572 4412
2312 3857
8601 2602
5663 5317
4760 2086
5867 1032
4838 4345
254 6452
3371 2746
9449 571
6076 2662
1031 425
4010 5256
6518 8802
8282 2643
7631 3159
5141 600
4870 7454
4032 7759
7736 8877
5802 8975
1869 2815
1223 4352
1927 2174
4968 8038
4270 3522
6575 7566
337 5970
3548 4292
6257 8914
7518 9218
5365 7943
4528 47
5312 18
3146 5508
3345 8560
9018 3503
3973 159
6722 6094
3522 4946
1417 6458
7245 8314
3033 2704
1232 7798
5529 5123
5156 3213
6883 2518
1098 5375
9330 6211
795 8967
3308 436
844 6758
499 1543
7378 4470
6501 528
6213 9185
8976 8185
4271 2269
4846 4168
6913 3423
8586 8874
4371 644
1564 2396
2926 8463
864 3442
9320 8456
1289 7353
3663 8491
3010 4562
7200 24
4150 8611
1495 145
2782 751
1351 9039
5393 6557
2570 8120
3375 869
7735 8055
688 2719
6293 6927
7831 4531
8620 7252
2028 7007
4112 5789
5098 3296
816 8745
3974 3619
6553 3247
3008 7127
6374 6909
8837 8125
7308 3310
4222 7668
1605 3800
3959 1980
1569 304
2691 3304
587 3287
2156 8056
4809 4256
9192 2749
6086 6794
107 9484
4191 8255
306 3191
4502 21
2203 2413
7300 2324
5875 2173
3344 1205
7169 8311
225 7025
2285 7406
7597 5218
957 6370
3267 5748
8661 2461
6299 538
8323 5294
6127 2273
8385 4705
9418 6489
7524 9086
4697 5513
717 9480
180 2089
296 988
261 2753
2788 931
4154 5971
3350 9412
3482 6571
6538 5441
414 5023
2302 1467
5881 6617
1773 5692
6772 5106
7794 4752
952 7835
3301 995
4161 7001
8861 1812
8100 8714
8719 2325
4162 7167
2827 7000
4905 393
9191 938
2608 43
8186 4136
2957 4760
5798 3422
457 2363
7920 5820
7055 2576
5077 952
3721 8351
1037 3568
3682 721
7409 8694
6751 5832
4488 6139
6895 5835
6756 2227
3004 3136
5679 5014
5179 6093
1135 8873
6934 7915
3821 6636
302 8478
8285 7933
9453 9276
1992 9286
6537 789
6728 3306
1357 1542
7982 2844
5182 5145
6929 6914
4029 5649
1042 3830
1366 2519
4139 7168
1267 4891
3820 1680
5206 504
911 2558
5957 1595
6090 3470
7318 2654
3191 1952
7201 1820
4475 690
9408 527
1687 3043
4352 3549
4906 4910
6955 4146
142 4559
121 8571
2433 8945
5252 8586
4393 6793
943 1011
436 7776
3012 813
4353 1832
8171 6941
4848 3408
6205 6091
6449 7841
8116 6629
7532 5666
8176 2730
8413 9160
2261 3651
9117 4878
4498 2391
3737 2802
9084 8879
2733 5427
5487 2195
3126 4478
925 5203
9239 7825
5940 2319
2170 9013
1737 678
1744 3454
8320 125
543 4843
5986 7424
1704 1103
5426 7420
7137 556
8000 7265
8225 8172
8481 3557
3733 5447
3774 403
1005 4282
208 4081
2283 7617
5275 6038
5073 8438
1172 7704
37 3193
1551 950
3175 858
3692 773
4465 3894
4449 6599
1911 7814
6373 1830
2036 5824
8279 2004
5877 1009
4242 8087
7577 4339
140 9490
7481 2513
5374 3566
8679 4848
8712 8343
6347 5191
231 2742
4305 7305
9204 4018
7061 6940
2011 2752
2054 2176
1178 4205
4231 2477
3235 1124
6184 7314
5321 4065
2976 5772
3490 3125
2968 283
7319 1626
2075 8603
1896 1960
6845 5978
3808 4670
8490 9290
4342 3438
391 7178
7930 6616
3337 7191
9311 2840
5669 4009
7946 1883
2415 1535
7565 749
8226 9486
4152 5940
6634 9386
2842 3655
2927 6933
9082 1736
6462 206
415 5860
2983 2131
644 2057
7122 2648
1427 6334
2130 3164
8862 6922
5268 5365
982 1990
3259 4961
5564 5849
1118 7417
1450 3117
5172 5665
4649 6404
4496 8953
9172 7324
8224 8682
5107 5179
2154 9477
2194 4767
742 6792
8177 2695
304 5419
1348 2898
211 2773
3586 3371
5034 3999
6189 7793
2658 809
2099 5804
863 2338
1025 1403
8723 5569
508 6769
6539 4887
8029 5431
8328 1692
1278 3828
5495 7476
5714 1749
7702 1167
6219 23
2089 4389
1277 303
5581 3827
5025 5549
7173 1022
4334 2799
6566 26
2038 8122
6805 2541
7701 176
8344 5722
5235 1441
1266 1836
6944 6953
4756 5657
7952 6501
7968 7863
5805 1997
2317 9372
3690 6720
2937 8074
8559 3463
7786 5015
4817 2034
8022 3808
3222 2308
3680 3419
8008 924
521 17
6411 7874
6499 6619
4935 9495
278 4662
3715 3064
3881 1891
3953 6222
4696 4005
9020 590
1498 6411
3985 5836
5478 4319
5181 1693
3102 3019
1447 3406
8681 8430
2216 5227
6397 5767
103 1635
1762 34
3445 4787
9044 2768
4194 7544
9268 1214
8098 8340
3443 193
122 1979
7547 6841
953 6126
1065 392
3652 8075
997 1411
8657 9127
4692 8719
9190 8521
4118 158
7484 6189
5784 7171
5001 597
1325 8079
8849 7769
5228 1896
224 2051
7302 2963
1767 4989
3650 9170
6619 5812
6162 6122
5635 7237
4354 7783
3384 5257
6746 4708
3961 4504
7141 5239
4468 2611
5996 2280
2815 4254
6431 3391
8376 5066
9326 5472
5854 3516
6047 8408
5887 2908
291 9420
2847 4959
1469 526
1227 1899
5298 5604
2241 8951
504 5747
7671 6034
2368 7140
4149 7350
7192 6469
5971 2580
3545 7872
1553 6849
2258 3933
8330 1644
3173 6293
6459 8236
2419 8295
2810 6988
4950 3925
8844 3267
9231 9106
788 4295
9097 784
8097 2305
1088 6092
7211 7261
1809 8015
7545 1803
7393 1602
6926 2618
9010 3730
313 7322
6028 4393
300 2058
4888 8925
9149 6969
2874 1024
3628 7978
7910 7607
6356 4087
9113 8016
4759 5752
2183 6878
4263 2093
3120 9462
5037 6219
3256 9093
2081 5594
5422 3309
1667 3584
3900 1004
6029 7390
7418 4276
4183 6876
40 6884
1451 3275
7924 9375
2385 6415
1235 5980
2349 8413
1986 6095
4454 7116
9170 2547
3702 4016
7911 661
7662 7433
6342 2132
3534 1494
5935 1520
8244 3741
2330 1582
4435 5350
4448 830
6493 227
1736 8988
4348 4641
6394 5157
3487 3783
3601 7029
8944 7405
3667 4357
4062 3756
4195 6984
8338 622
840 5403
881 5096
9079 6437
7783 957
714 9481
8207 2891
1259 4642
5397 9437
351 4155
1930 658
8684 4855
6246 790
2353 8238
3444 5545
1604 2769
2854 157
9241 5653
4009 5119
3749 7256
9038 5169
1035 5428
3058 2455
4987 7156
5284 8869
8467 8035
6819 5967
9405 2283
8535 8722
6578 4259
8016 1170
7359 9156
1395 3366
2144 7895
7380 5091
1478 4495
2634 8786
1617 7824
3131 2993
4999 5078
4608 3436
5900 477
8436 5651
3361 8024
4 814
619 9195
1590 6900
4885 4931
1415 5678
2129 3880
673 2465
4322 6084
9164 2196
5999 2634
746 6797
9040 484
7714 8780
5 817
2427 7382
8427 3592
4780 7569
7347 1304
767 5954
7071 980
2682 7637
7439 9399
1867 6587
3484 9143
1523 1073
3750 3869
7896 6705
6232 7302
8397 8134
5338 2085
2511 4398
3580 2251
1619 2473
7726 6068
9100 585
6564 4644
2249 3877
4067 2168
5870 2668
3138 572
7339 6799
3873 5306
2529 8866
1965 4187
1129 440
2645 3909
7550 219
1627 1292
3542 8847
8380 3922
2295 7921
8256 6367
71 4271
2503 46
6049 7931
4902 27
3972 5831
8850 6104
5700 2242
9035 3289
1166 9232
505 3879
4122 732
7798 2151
2342 8498
5965 7071
8558 6756
5831 7005
5245 8086
5387 7298
2090 3482
6680 9190
4455 6304
4796 6956
4457 3346
8754 6050
4368 2916
2601 9063
2175 9137
7364 1859
9402 9001
7804 1856
5358 6768
5912 4474
7874 3453
9255 7526
9221 4350
7454 426
9026 9277
4372 5017
927 3085
9483 5139
8576 5099
5128 4528
8922 4864
3181 8520
3558 3246
7369 5252
6464 5206
3066 123
1179 695
8691 5751
6045 2534
9443 743
7859 3131
2753 3002
8342 7974
4040 8
6398 3440
1352 77
9151 315
4667 6694
4262 7144
1978 1106
8616 7266
6690 7870
3593 3559
2435 1767
2694 1598
75 1929
4744 7381
234 8769
2448 2828
8777 2214
6972 4060
3719 1178
8696 2454
5658 4605
3957 6853
7593 7990
4090 551
6588 8852
1052 6451
6439 8139
5578 5284
6591 5694
6749 3539
2402 7077
4758 5655
4073 177
7112 4637
7679 3855
6884 7955
5562 6915
1394 2048
7857 2999
2907 307
3237 5084
4893 8439
7383 1565
6129 7673
2765 8602
9396 3048
6970 427
501 3772
4124 5737
3938 8189
4039 6673
4841 4011
8083 346
8175 923
6319 6675
989 5467
7617 3082
3297 6258
1917 1092
3743 5075
7290 5917
7311 5120
6233 3011
3509 255
9169 669
8807 5525
182 5616
699 3834
3156 9271
5830 4000
636 7616
3357 9038
2116 2084
8772 5170
8569 4402
4750 1268
6298 1307
9481 5561
3461 7686
2723 4441
2668 6871
6026 1335
3845 1815
1101 9064
2488 9340
7288 2890
4693 2180
7514 8354
123 3295
4882 6777
1491 98
7021 2627
338 1615
2667 8161
3249 2633
8955 5453
4941 4232
469 7919
5384 6300
8368 9058
507 3030
4728 2593
1228 8193
5906 8710
981 3572
6660 3715
5970 9441
4446 3801
5862 3262
6770 3102
8007 3204
4414 3686
1452 2724
1036 1367
2383 5993
7188 6242
5300 3299
5242 1286
1422 2592
3575 5697
6228 162
48 5020
8598 2545
3478 7333
2264 823
6651 1864
6963 9347
5958 8324
6115 6993
4966 105
5263 6417
2902 2507
1314 2133
8466 5260
9309 617
835 6043
3073 8811
1980 8320
8874 2360
7816 5131
1757 5071
2526 3970
6419 1107
2650 3156
6862 2661
1664 7962
9277 5775
4155 3118
8156 3569
2332 5035
4100 7830
1418 9247
7096 8008
4026 592
3204 1839
4530 1259
2278 443
9139 1192
4872 2385
7227 8629
1539 4032
3877 9049
5611 3059
6558 1636
3517 7223
7562 6576
3977 4261
3366 2162
9272 7282
647 5361
6633 7966
3119 5369
4984 8298
8519 9389
7367 7162
4164 6349
4036 6039
8854 4303
2320 6676
8443 2590
3760 7449
8429 1733
9194 1345
5308 7054
5629 9007
4373 6348
7332 308
8628 1560
1026 3288
9185 7120
2859 4919
9148 1351
726 4277
3623 4019
5241 6164
7160 5192
3227 8157
6701 2587
7155 8782
2401 3228
9382 962
7818 6394
5834 217
2704 6979
4251 2797
200 8631
1999 9071
105 6904
4892 3360
8878 6204
6473 9028
9381 7389
6928 818
6057 7648
8028 5266
1260 6474
1572 5055
10 3668
5010 1046
6424 7836
8794 951
825 6806
8030 3817
7959 8684
1586 6078
6000 3378
4568 4804
7108 3143
5743 1109
5017 1495
3351 2107
5327 8480
9296 5953
2048 4082
1108 8370
3104 7344
6306 4007
847 7290
1473 3947
6223 2427
9291 8954
8533 8977
6268 2922
886 1596
6787 9124
6964 8912
9432 7924
4578 4710
1514 9260
2696 1914
1675 9199
3430 7680
1185 5122
5838 5894
1446 4721
5208 8503
2568 56
2076 2858
1705 549
780 3903
6867 8875
5580 2386
8464 431
2422 5882
1284 8613
6901 5576
4272 2043
9188 4243
1707 2962
5452 9410
3681 9262
7925 1738
4725 7752
4273 4498
8565 8798
6318 7490
3607 1762
1077 9316
4004 6060
3095 9250
2521 4833
4522 8620
7962 1922
8945 4086
9373 1051
4045 9076
3885 7072
4829 1827
7202 1811
1837 2896
7468 2027
2556 6519
1549 4667
7447 7202
2993 8777
9350 9147
3693 6504
8093 8740
5696 8218
6089 1614
6744 3079
4840 3396
7181 7611
934 3641
6039 466
4269 3654
5247 3588
5202 1667
7608 5166
6010 4134
9098 3994
728 3790
4944 2353
4965 7421
3087 6573
6150 2734
4276 3483
8750 7640
1332 7347
9073 8565
5256 9348
7033 8950
2394 1163
3918 1428
8452 6555
5074 5036
4791 6237
244 2748
6068 2257
7267 1629
3654 3519
5359 319
6968 8445
4216 150
6172 3658
6703 2941
2580 1012
7258 8353
9220 59
803 7456
6208 2872
9332 3669
7683 1850
9368 1519
6224 5098
4145 3188
6329 7306
6479 7251
8743 2997
2720 5296
138 889
7501 2798
4466 3400
7442 2904
9391 3010
6148 1717
4939 5946
6789 7426
8280 1764
5082 7809
6367 5623
9263 1325
6122 599
5860 6912
381 31
3320 5290
4762 2859
2581 2103
441 487
1432 8900
8232 536
4426 8984
5158 7739
729 8168
2516 5872
4623 7145
7178 3108
3514 4344
7493 8794
9335 3362
5214 2789
1732 465
4472 2838
3602 2050
2916 9122
5911 1385
3205 5838
776 4028
6707 5541
3999 364
6097 8337
2773 5452
7883 5270
8744 6261
2276 3897
3782 3321
4483 5047
4541 62
8222 7746
47 6712
4123 1419
5027 333
5316 1902
8588 7808
6767 9011
5707 1175
7085 5765
7286 8902
3025 8990
4861 8447
8238 7753
7043 1549
6589 8507
1526 7207
417 2249
2108 4443
4587 5583
2085 365
3596 1276
6048 5149
8770 3724
8789 1075
1092 712
6309 4216
1201 8453
2063 3146
8240 7639
3595 1459
8195 1333
6522 221
5848 6102
3448 5300
8632 2744
4487 8976
8079 3170
1866 6513
387 5177
7618 8244
3293 9130
9497 2172
1236 9256
8400 1945
432 267
3998 7352
3082 3995
7658 5776
8037 8285
4529 8296
5890 209
7915 3520
876 7633
6912 3162
98 6040
5314 417
8147 7418
8131 467
5686 314
4203 6506
6775 6201
8757 3123
2051 5633
8831 7949
7730 9242
3597 8591
2017 8796
76 6741
9021 2355
5840 9231
1131 8373
8952 9088
5939 1714
3434 2946
7772 4108
5962 8506
7809 7598
7664 1172
3499 6831
4177 2389
4459 3009
4864 3256
8523 2076
2073 1800
6067 3586
4988 3001
5364 6856
2457 3822
5152 4794
7244 4626
2527 7105
6414 1628
6694 5001
3424 3805
5191 9003
5929 748
3269 4294
109 3607
6363 2883
4256 2298
2933 4697
3278 1444
6897 2011
1390 2827
6873 1470
2398 7923
2307 281
3907 8069
2303 1697
2974 8173
8685 2934
2370 5921
5582 3752
7203 6369
1449 1072
1558 6157
46 7513
9030 5996
1073 3337
179 5938
2752 3300
6416 973
7149 5511
4774 4037
7382 1664
139 7301
5746 3124
8905 1253
7811 4152
692 5900
4381 2860
7279 7885
8918 4160
1947 8959
7934 2179
8010 94
2764 5577
3228 367
5907 2185
5990 4586
7732 7972
5471 7108
7907 4983
9157 928
97 214
4422 2717
7531 494
7054 9446
2530 5186
3390 4584
8879 3742
7723 7548
8677 1086
7183 4932
3846 3757
3578 779
3106 1200
6193 8804
8197 9068
1557 9322
2064 4289
4385 4496
8687 1025
5697 2354
5757 7107
8975 8773
2029 3477
1181 6847
8407 3702
3353 7412
1464 5589
2195 4411
5725 7015
295 7767
3860 8674
6169 6481
1529 3795
4113 501
4275 6739
2004 4025
2549 3492
3761 4956
1879 1132
2213 5554
7603 3144
1106 9244
3920 8930
2888 3679
1299 4275
4742 7068
6487 6790
292 5983
5178 5720
9078 3235
6494 6107
7700 4628
0 6464
80 1715
904 4793
5903 8865
7870 5288
9279 7316
5716 3740
3257 1503
1701 7864
6600 925
3047 4246
8699 7214
1441 8305
145 7450
2147 6301
4567 7364
9458 1773
6942 8094
4981 8339
2614 3901
3422 1290
9227 8985
5130 3991
5306 8342
9450 6965
196 317
3696 2927
9430 7845
6574 5911
3474 8829
315 8734
2316 3850
9186 4388
4740 6343
8254 3216
2583 3343
8021 7718
7038 4712
2545 7843
7195 2369
1288 5787
6837 1941
7372 7980
5540 5225
3662 5566
6866 8073
27 4363
4938 7805
8178 6645
8594 1028
766 5930
923 5387
3544 3120
5105 4135
9280 9101
3182 9217
9349 5606
621 5262
2674 7927
1050 6356
2560 3550
4891 8458
1019 4366
7056 8978
2269 3319
4034 3968
3319 7643
3305 2893
3930 5625
1786 1696
7034 755
8132 1452
6601 2932
5274 178
5100 3327
5967 4488
2472 7119
7800 663
1694 6543
2610 525
5380 2984
3678 2573
2835 3224
1305 4164
1718 2737
461 3578
4363 7651
2635 8640
2999 547
4730 7293
3684 2199
5681 2998
8406 3073
7296 8887
4489 2944
6747 5245
8179 2060
1886 20
4252 7295
2113 8105
6333 2803
2885 7612
4474 8837
1679 5195
8947 175
8372 6312
5230 2885
4375 4327
1109 4829
5293 2739
1004 4724
552 4963
8366 1265
4130 8676
2564 963
2849 6209
1739 8247
8125 8771
3349 5173
4351 8374
1215 2155
7074 4255
8087 7244
1508 3818
5295 7457
6596 9018
5553 815
5560 6994
6236 5627
7897 8655
284 3405
2008 3315
8833 4105
382 8766
6075 8913
3775 482
1717 3077
5804 2187
5281 2231
166 8735
1620 8519
183 2005
6586 6450
1928 1967
2142 2535
3734 4781
978 2591
3621 4624
1610 8359
6114 3721
2056 3078
5924 4463
912 4397
2795 4984
2441 1513
809 3357
2323 4798
4355 9275
9295 8940
5717 19
1359 8300
7153 5609
215 4387
5760 1948
3861 4788
4779 9203
5406 7413
6936 3736
2592 6032
9116 2209
5668 2599
8747 1181
1961 1129
4413 5212
5644 8372
5134 1600
1574 9032
662 6315
1987 1901
4737 2259
5216 8578
5386 8886
9440 772
4370 4217
1467 2302
2425 7963
3605 2886
6259 2117
7773 5515
759 1134
4797 978
875 4184
8036 7204
6221 4460
5864 1458
6956 776
3310 4668
8515 4535
8200 540
491 6832
3241 5664
6784 1016
1399 3111
2111 3184
7482 6101
5959 7938
3965 5790
5175 5048
3853 5955
708 7284
6252 4617
5248 7250
7769 1719
8665 6303
379 5319
785 2873
1870 3390
5574 5049
6809 5796
2807 2428
8714 2617
4554 8776
4403 449
2817 1003
8500 875
2684 6523
8546 8383
2297 5276
6541 7062
133 2
5812 5162
1344 7085
341 1727
3756 3008
3934 9400
9476 3692
7495 2452
1697 7796
7629 3240
1309 8566
2938 2735
7023 7010
8275 2119
3987 668
605 5608
8851 1250
6478 6390
1433 6360
1182 4650
734 1269
1921 6075
3617 9479
9092 6570
5062 1579
6704 7614
5865 5357
6278 1571
8773 7257
4556 1822
6849 1056
9133 4888
4798 5557
628 8892
819 6918
1218 6037
6215 7846
5597 8377
1518 5002
6399 7630
5174 2002
3591 8868
8796 3097
6276 4560
5477 192
3631 2905
7937 7485
8840 746
7919 5704
9187 2524
6173 4095
7486 5530
5045 5972
6791 1701
5212 2033
4866 569
3080 6323
6337 3163
3757 7573
5835 8615
7940 6470
8591 680
774 515
4311 2380
8017 9151
4605 6184
8680 1544
4325 7248
7901 3946
2324 6822
8326 1267
7491 8667
6617 5341
2712 5809
1598 6604
3099 969
7163 5562
9494 1835
5350 7088
9439 7844
256 7929
5524 5684
4775 693
5043 6625
4250 7998
5861 6605
6696 6288
6351 2064
4060 478
7363 2550
2497 2616
3438 1338
35 6850
5994 6656
3077 757
1184 7800
6764 3336
6650 3899
8834 6724
1017 543
6777 3354
6880 5586
4860 6681
9130 5975
1067 2316
901 8452
4792 8040
7782 8528
3299 446
9091 5490
2462 2779
7500 6703
6060 9189
895 5786
1103 187
4590 182
2540 8153
3488 7634
6401 387
6472 4329
655 3269
4190 9142
5942 6868
110 7155
1476 4772
7624 4977
4808 8057
186 1876
5596 8100
3389 189
7315 1940
6096 6336
3003 2416
9236 5795
5685 6256
9392 8147
2077 2335
9465 4361
5347 2331
8940 5580
1904 4741
1290 800
7157 1480
1457 3971
6182 5732
6581 6317
2894 8643
6338 6696
6940 2728
2420 3750
1820 8784
3507 3630
3312 6234
9428 883
6255 2017
4386 114
3536 2494
4007 7849
1090 3693
3772 7148
7092 7328
1367 629
4087 1601
4308 2897
986 5987
6699 8597
1936 80
8134 1065
990 7708
4306 3602
6457 6693
5602 7179
8693 6359
3088 7968
5594 8849
5518 6245
101 323
1651 1779
6646 231
8089 5101
4767 2499
7977 688
5653 6719
330 2424
1748 6364
8748 395
9027 3033
3217 1040
1734 1180
7904 6413
4241 4196
2697 420
372 697
353 8572
8541 4320
2731 3521
820 3348
3895 3084
422 6079
477 6490
5520 5573
3359 1591
8213 9311
8762 3931
5680 9379
8504 1575
5579 9270
5408 5781
4799 5397
5296 3486
132 6824
8894 4679
5447 825
4604 1670
4863 2192
5771 1096
5873 8336
7643 8765
3921 594
7660 3004
3233 2230
3112 2879
7445 6886
2074 7873
5751 7661
7208 1998
8941 355
4723 4699
8346 3717
6865 7258
2648 2806
8216 1570
2287 88
6521 4224
7810 5695
9425 5121
5473 5224
6687 6159
9357 1144
7757 7286
3929 7519
4532 78
5339 2936
786 167
3352 683
9474 5181
3746 7170
7472 6926
882 4625
7453 2286
4751 5617
6069 717
2469 4401
2980 6611
8615 1708
519 3561
800 9485
9118 804
3837 7276
7632 6355
2265 7690
5892 3962
2967 3798
5625 5216
5168 4596
7555 4665
8942 2082
8760 1648
1161 2969
4023 4283
1790 7538
5009 2239
838 2077
1426 6088
3891 2574
3634 1405
6616 2619
1958 4857
8071 5728
165 9433
6792 9162
3531 341
4416 1277
1496 1942
7487 229
7969 7647
1721 3804
8474 9157
9407 6124
5641 7122
2644 1855
557 5111
7503 413
3055 2843
319 1604
2387 5200
167 7941
3902 7550
2136 2614
4147 9392
1516 872
8242 5567
6055 6224
1890 8393
2107 2376
3044 4449
3207 8493
5481 2565
466 3420
7972 8549
5889 4883
2496 4944
2886 3858
4289 8709
676 1054
7261 6454
1742 6130
6234 2760
5083 7249
3718 7272
6743 2358
4338 6106
9467 7745
6608 4133
5516 2297
2273 3471
6682 5998
6277 5135
8528 3232
1124 4955
1783 5032
6857 7070
9262 4210
6405 5671
2406 2069
2132 430
4570 8673
6679 6100
433 7038
1781 725
4452 3489
6345 1996
541 5314
7825 8431
502 4092
1343 7654
483 8363
8379 6908
2115 7175
8711 3121
9125 6169
526 6640
5655 4507
854 7475
7022 7913
3724 5279
3117 3839
1459 8612
4757 4590
6996 8553
3777 5770
867 4046
7591 1300
3770 1041
837 3887
5507 6905
248 8381
8245 2410
3169 2692
5244 5414
906 7285
5609 3972
1513 2928
2336 4826
7179 905
8916 5209
6083 3261
3376 3076
3559 8304
6384 4403
262 8442
4198 2681
4691 9184
4002 13
1152 9204
5547 6156
4734 6733
3817 3844
3275 6679
9142 60
4303 6974
1151 8547
7753 9182
5114 1679
2934 8509
8756 522
4491 3065
1424 7212
3841 8688
3870 1453
8302 8587
814 1969
896 7458
1792 8140
2629 5509
958 7879
4811 9073
9371 1772
127 4799
3917 5830
3317 4223
1906 1188
7733 1833
356 807
5112 6112
2711 8995
1711 670
7434 7289
4197 7404
6774 1220
7133 6718
5790 4014
3512 5103
1049 8345
8640 5837
213 727
7305 3902
5344 5951
454 8548
487 5520
4919 5253
8286 7481
2870 183
8969 76
8119 4713
8551 8181
6092 3711
7134 9304
4793 3234
328 992
5088 3388
4687 3497
3630 358
7366 3161
3708 637
3615 4841
4820 401
59 8931
6595 8369
8555 3864
4897 1681
4278 6917
3874 4742
188 6665
5691 3973
7115 1471
8057 5269
1369 4219
705 3068
1769 4159
4716 8836
7828 4141
2105 3812
2640 3126
4433 3538
2781 6114
737 613
2309 4851
4423 7484
5446 7343
8606 5382
7849 545
4912 143
4307 163
4243 5785
9461 601
493 2224
1222 4574
5622 7060
3242 7227
4510 8437
3030 7247
2860 4761
3666 935
5648 8573
17 687
1644 3071
2412 4940
4065 9227
5283 8860
6087 7487
7657 9442
