9000 3500
8987 7249
1528 3667
8034 6163
7866 7766
4469 5433
5848 3237
2038 8893
5036 8772
5412 4700
2888 7198
2832 8303
7694 2440
4782 8096
1769 8614
6355 1766
4614 1335
1690 6259
1357 1209
2366 7510
2042 6148
725 537
2937 6674
3019 6313
6213 1453
6856 857
1831 8627
3034 124
8478 5172
6505 5048
8724 6007
6904 6335
1565 1777
2040 5174
3954 5695
2883 7977
1325 7555
3811 5437
4215 3169
2650 6140
4851 4420
1564 3461
6584 4295
8146 2844
1781 4457
2676 7065
3984 7275
8910 997
6390 515
3596 8939
2759 606
5155 1017
5998 4692
6754 1844
1796 6979
4489 6093
2724 2615
8528 5756
6579 7987
826 5145
2483 2662
2516 2144
7821 2132
7328 2763
8491 6337
3235 1237
6655 6097
558 7172
7011 4937
2231 3481
6678 6765
4191 8352
482 7806
8215 1159
1889 6924
8255 7626
5350 1792
5622 5871
5204 7215
58 7775
6810 1576
5054 8321
7292 1938
8390 8971
7252 7180
1978 3443
8433 4065
2619 1157
5045 1473
1749 3884
2144 2579
1401 4155
6677 1312
3619 8682
1756 4770
7263 3379
3152 4357
7904 3489
7576 4044
4947 8812
6638 4954
7502 3241
3902 4735
7322 5708
366 8811
1888 4186
1865 2355
4616 655
6125 8036
220 2672
8005 7999
2547 6859
2744 1115
384 818
7393 31
8216 8517
6169 794
8745 2003
587 1975
2173 2867
4067 2764
8046 6904
8703 2150
6024 4683
7932 2060
7649 8024
414 5971
4999 2524
7998 2252
3719 3362
2899 15
5165 8157
3939 945
439 5060
1706 4582
6503 8296
7546 3346
5874 7346
5405 106
4849 1824
3828 1510
8583 1979
4724 6932
5904 155
2018 3136
7577 4811
6494 5717
7504 1744
3165 7965
8059 8622
2066 2978
5611 4039
5596 2214
999 7093
5363 571
7001 809
2856 6441
4921 5168
4495 812
6731 1940
4813 5867
819 7114
929 4337
8762 7811
3216 2834
7127 2039
6269 8964
124 8127
2602 5169
3434 6662
143 8285
7996 849
7927 2090
8601 2860
1829 8125
3489 2935
4051 6679
3761 4147
6027 2303
2332 5487
1837 2417
5234 7856
3173 3149
7022 8813
3172 2393
8804 6588
3269 6437
5068 8688
2262 4127
3243 5413
3582 3811
3456 2008
8221 4253
6309 8436
3987 489
3035 1719
4006 7933
4193 2767
6669 1402
3500 4346
6412 6279
8687 1304
7815 3222
4011 6212
3117 2949
4964 4535
4300 2962
207 8425
8396 8599
7185 8804
2695 8774
3573 999
1778 5654
6813 3737
7900 3985
6756 7233
6700 4033
3869 4949
246 14
1715 8730
6630 6594
3816 2491
8759 7966
1069 5297
5154 8891
1722 1244
519 6860
1367 2618
580 5865
2376 4166
6149 7458
5827 5290
5278 5073
7170 4697
6307 1077
8775 6211
294 1612
8462 2208
2079 298
4388 3127
6076 5855
7429 1140
2866 6124
4474 8457
2817 4825
6825 2512
1057 5408
5167 4923
4818 1027
4047 7877
3505 7442
541 1597
4335 6796
3493 6450
915 1559
436 6095
845 8050
7180 3026
6960 7757
4717 8658
5864 1632
1482 5189
3515 501
185 1060
4422 4848
3056 3091
2823 7471
6109 6333
533 4350
1680 5760
8353 2723
2512 5662
2585 7273
388 5167
8684 5946
7678 5380
6659 4023
3803 4839
8425 7562
5872 8929
2901 4581
6949 4247
4119 600
8573 5153
4369 8959
1964 4185
8415 6519
5952 5630
8548 5047
6202 1846
3750 3290
8487 7632
1044 8218
7178 4335
5198 6338
1154 6152
3893 3392
8267 6107
3594 4525
5072 6690
1629 7375
6108 3421
6585 5366
8406 2688
5860 2540
4224 7599
5538 8767
7175 888
8540 6291
8945 6135
6492 4942
2104 7303
5425 1227
601 1002
2640 5798
512 4664
1468 1332
1356 1539
1947 7034
7103 1431
1979 3065
8613 1727
6667 2145
5798 6952
788 8078
6082 8491
4649 3888
8498 987
93 583
1383 8431
4609 7789
798 2077
2504 354
3108 318
5870 1001
5718 4164
1568 6239
818 7463
2947 3648
1541 93
1168 8621
767 4919
2630 8369
6634 5983
4563 1033
7073 6885
1939 755
717 8859
825 1134
5846 3331
515 6245
5467 3094
6610 6787
2062 4957
7419 2037
2338 7919
1863 336
8515 3752
5355 3106
7050 6977
3060 4049
3874 5093
660 7973
6426 1152
3557 3022
1261 1598
768 5928
8446 6366
1732 6553
7196 421
5541 5183
7201 659
1487 2765
6757 8051
4434 8323
4862 8199
7202 4667
5492 5895
2008 2398
8141 2289
6402 6805
4777 4063
5210 2385
8261 2734
4392 1109
8940 339
4081 5821
2491 1313
1516 7784
4646 620
1155 2533
8454 3939
8057 882
5747 4340
3376 4620
4627 7659
5354 7793
5213 2574
7448 2113
920 2815
2492 7244
1294 5291
8357 5368
6466 3589
2641 3482
7872 734
3451 1900
7675 5839
4593 7706
1834 3883
3632 2691
6158 3088
2128 6853
4062 5111
885 1153
8098 440
7149 7321
1031 2143
1109 3657
3624 1329
1209 5386
8260 4068
7931 5896
3961 513
2156 5050
8531 4435
84 8301
3695 1688
4526 6294
1698 5318
7385 1324
987 3620
672 3411
4916 4304
6650 7891
1239 7208
1302 1151
3672 2118
1738 7765
988 2642
4408 5758
6725 3882
5625 1374
4697 8927
6064 4345
4789 2336
2957 5004
832 2375
5745 1649
8694 830
8312 4863
5373 6939
3413 8881
2524 8020
7965 332
2963 4383
4534 4733
8715 1096
731 170
6987 8981
6583 8970
3459 223
4099 7445
3551 7816
3801 6824
8234 8728
3129 7341
5822 1498
5918 49
21 1059
5189 2640
6450 7474
4341 5555
2182 8729
4044 8564
5903 1506
7628 4749
5862 212
7495 5625
1033 5211
8543 3885
2089 1436
3181 5476
1007 3689
6770 5837
7813 3577
2734 4292
5940 7175
8842 5958
390 415
8358 5804
6719 2048
2415 4427
4896 371
4144 2010
4908 8611
7828 6369
4088 294
6705 6804
8002 4632
3933 6914
3319 7413
5631 4788
2411 3793
1171 2026
5581 1047
2827 2805
1107 6481
5361 8793
8302 3853
3496 7735
6930 602
3044 7224
5010 1533
7348 577
2339 2703
3088 7491
6518 7515
4687 8476
1958 3089
3878 6053
2806 8518
8416 2554
3084 6017
5650 6080
2892 8515
356 2238
373 6316
2313 5736
8304 8337
2758 8345
70 5467
2699 8954
8508 7783
3812 507
7758 3399
7331 8244
6021 8570
4877 7
3917 652
7216 2968
2931 2097
1735 7826
461 4921
4752 8786
132 7383
8758 6500
1434 8205
8007 5222
7085 1139
2330 2120
7136 4384
4066 1635
7946 526
6858 3845
8817 7063
2623 1869
4143 1371
2793 3539
2027 3300
8681 5343
8793 3140
4664 8101
4965 3855
5966 5853
3845 117
3292 2234
7048 4814
1807 5878
7039 6886
8774 7714
6119 8340
5588 4499
501 6781
1616 864
7963 3393
5368 4569
4890 6537
1157 4055
529 5206
1917 5101
8786 5108
5808 5061
3284 4017
7971 4563
7995 4524
8961 6497
8389 717
2470 1513
873 2674
793 5668
6734 2945
3536 5287
5824 8342
2660 1529
4400 110
4031 4705
3585 1810
6764 1494
3341 3212
8180 5794
6176 2637
5886 3460
5331 6650
582 7773
32 7939
7871 7691
2214 8111
1420 4775
1640 1388
6797 1610
8927 8693
7984 5010
1039 2194
2069 5750
6541 7671
6387 4852
6191 7799
6906 7142
8424 6028
4149 1973
7864 7271
7809 6363
3058 76
1152 7681
5957 4599
7031 162
2194 562
8437 4305
2942 3892
5282 5322
169 3715
3743 4106
2667 6989
3277 4747
2508 8861
552 3505
2207 5585
6003 3955
2829 7231
142 4407
708 7882
174 6533
2531 7291
817 1468
4848 5384
2293 474
3785 3623
89 1902
651 4099
566 2707
236 7961
108 8434
3826 1037
6786 7232
4850 1099
232 1460
8134 7218
381 5901
7340 413
7826 3069
8527 2912
1879 2985
6702 870
2028 698
3906 5143
4483 8499
5229 7498
2054 5274
2546 8419
5249 6764
308 5530
2014 8945
6913 7005
2511 5182
7210 2469
7614 3464
154 2426
5095 7588
538 592
2943 7157
382 7367
7791 4561
7654 8498
6849 1272
3256 3256
4411 2567
470 6780
1918 2460
6128 6490
2555 1120
1015 2163
7237 4972
7403 4723
4615 6365
8557 5109
5259 4703
6919 6938
5266 2249
689 8222
2908 1860
6918 2296
4885 8100
5431 3337
457 4385
3857 7414
3303 4803
2469 1228
7012 778
5046 3783
8872 1515
8071 2621
4398 6121
3155 6627
7480 530
3157 3240
6164 4300
947 7081
4801 2108
2052 1779
8924 144
7121 2928
4363 8550
3338 1925
681 8365
3049 561
5385 5461
8330 4206
1712 4098
3676 1989
6874 3070
6668 2068
3861 8379
8925 8284
1399 5328
7236 3076
7145 1480
7537 23
6071 3023
2481 1813
5502 2079
6572 1590
4812 8149
5594 10
8551 3889
871 944
1709 2254
2209 657
2277 2572
6940 6360
2132 651
3190 66
2825 7834
673 7272
8327 3801
6780 2839
3258 3499
6954 3747
1969 1581
8041 836
8767 4464
1127 5399
5390 4679
5391 2655
8900 5139
4647 2015
6136 7260
1668 185
7352 7268
8559 4958
1783 974
4133 8381
4944 1913
2579 1224
3952 2998
6580 6766
7624 1050
5420 1474
5673 4855
8616 5990
2913 2749
4906 5657
1813 5044
6975 6384
7255 949
3797 4965
745 7001
3441 3075
7476 458
49 6962
7843 379
5070 407
1613 8691
7207 8440
2543 2645
7098 3636
4493 358
4788 4638
8625 8784
7354 8961
2486 4144
5542 1942
8014 4080
4050 201
2281 2993
2337 2213
2347 3391
8438 6535
2914 903
3311 7030
4984 1997
4982 4878
4943 6475
6643 4639
1245 3700
4084 1294
3547 6508
6868 1119
1341 6964
3713 1464
7982 3018
4630 99
8826 5707
3286 3814
4472 745
5256 7778
4778 7741
5537 1005
7891 6485
5793 3730
8068 6098
8935 3150
3725 3536
749 5845
8611 395
773 1088
2720 4143
2869 8587
597 5392
4429 8201
1854 8432
3201 2065
2859 4983
7345 7803
8287 3509
5976 7796
916 4073
5883 5159
3112 5059
4950 721
3231 2103
2685 5329
3095 3637
6055 4203
364 5694
3958 3425
8651 4241
3968 486
2880 2530
4531 5280
8766 4834
4705 3812
1435 3131
1117 4514
1446 8698
7424 7234
6314 5250
2395 4085
5100 5265
5682 4979
2628 6862
6619 6049
8183 3079
4831 7086
1645 2822
5028 2325
2509 1194
3073 2243
6032 4922
3718 1899
7325 2406
6789 6861
8698 1956
2049 8187
3617 8076
8036 1284
6658 6469
6557 3942
4168 1061
2005 7940
1197 5161
752 5776
5076 4364
7157 2550
6339 5176
2248 1235
5837 5454
7363 4677
2088 2083
5329 5742
7113 8213
880 1897
3774 5224
7906 7450
5263 6042
3230 2646
1481 3320
2430 4648
837 8289
5056 8071
5783 663
5222 8202
5511 3635
7652 7480
5620 135
4939 6727
8199 1186
1153 4388
300 5236
6743 5561
8188 1229
6152 5317
8675 6522
7816 2951
1419 7105
4365 6012
3540 1031
6432 7012
7688 3351
5647 3582
8093 938
3770 3479
1346 6371
7018 876
5713 4505
997 6205
6651 4024
7976 728
7283 5394
4841 6936
4444 477
450 3746
1324 6403
5091 2553
4102 3504
5337 8942
1758 8920
5584 7418
6226 2511
4692 6724
6423 4417
5954 2329
6174 1957
486 1721
5737 443
3740 6793
1083 2
46 6141
5042 3190
5735 7286
4596 1524
1962 4929
1299 5238
5943 2929
2025 5465
3101 569
772 5209
6143 6242
3548 7256
493 1741
2767 5118
3261 6030
801 2848
5905 3875
759 8845
13 7948
4354 2586
3083 139
3348 3616
6318 3157
8066 6151
1333 5179
2226 8249
2201 1750
165 6881
8981 2792
5180 7329
526 5935
7517 5031
2432 4826
335 1369
3749 4362
7326 1198
913 4086
2501 3255
3224 233
5889 825
4991 6694
5480 3183
1075 8084
309 1763
4345 6187
1886 5954
4784 3527
5925 3205
8882 2069
2824 3284
325 7896
6430 6268
7721 7990
332 7872
6894 5846
2325 7354
3352 3259
25 2789
139 4847
8334 3415
876 622
2264 6388
6569 2096
508 2245
5301 2399
8305 8372
1216 1802
7017 4461
7077 3720
6347 7900
6365 4183
8634 8725
1685 1574
2221 3432
6759 6145
1085 3541
3664 4312
2102 7434
6802 5955
7434 341
1651 4455
4516 7331
6107 691
3318 137
6556 3628
4628 3386
3075 396
1352 6856
5183 7436
1491 851
3065 6998
1475 5012
7358 8803
1494 5296
6427 7846
1751 1987
1633 479
4199 2924
8917 4162
6865 2011
5726 493
3257 2668
2520 8551
4589 2999
7250 8047
3139 4358
5890 3644
8845 4306
830 2916
6442 739
6398 7395
6089 4092
3789 5029
3305 222
7768 5304
4054 3387
5315 3984
7035 7592
6289 7567
6238 6175
3934 7338
1310 6923
8125 4389
626 6327
378 2463
8623 7129
7674 4109
8185 3272
8170 4609
2095 4373
8423 3630
5804 3134
1050 98
3012 6569
7019 6143
3657 988
6800 7209
1291 4351
5944 6562
5707 3920
8830 8382
8820 8009
2794 6926
5485 4593
8470 8509
1005 5299
1730 7161
5441 1657
3533 2558
2279 6649
6782 6440
794 2074
4553 3711
1761 1174
8563 1158
4203 5660
7911 7362
1186 5417
4861 981
3053 2823
456 1118
4551 3867
8784 2353
1317 4883
8649 2837
2404 8260
6816 4792
3283 2177
2307 6743
6967 8374
1982 2730
3757 3605
2773 6797
3665 4404
3833 8034
8322 4209
6996 6754
8509 6446
3851 3580
707 8864
4461 4586
6484 5331
6308 7630
8405 2610
3187 7407
4169 568
4468 400
1405 1258
617 6987
5307 1865
2285 4204
6805 2345
1684 977
2995 551
8484 127
2956 7037
3972 4380
1119 8328
8335 2062
5224 2312
5877 7404
1763 1111
5322 2057
2548 8991
2597 6657
3296 8318
3561 4190
702 266
613 8900
1493 5628
34 6699
3323 7284
8592 4690
1138 2605
6154 8862
2341 2005
6605 8796
6438 1354
5512 7228
6602 4212
1776 113
6875 4448
1623 2281
3429 5503
2441 4701
8070 579
1448 4539
7341 7989
3184 590
2197 3019
8732 5445
8733 1569
2690 7509
7548 6177
1714 6368
8652 2263
4492 586
8640 6840
5200 5501
5968 1488
2612 4219
3384 6114
1566 3124
3946 4443
8791 1079
5850 4699
1436 3447
2795 8562
3315 2738
8861 8867
827 4672
7460 1596
3766 1087
1760 5376
1393 3033
8754 7170
5514 8753
4828 7499
164 6981
2962 8851
3838 4933
2608 8359
3425 4280
90 7817
6801 6605
8421 1661
1740 8086
5868 6622
1010 5857
7398 5689
6113 4606
6002 8061
7029 8526
6389 3400
5549 498
2075 3135
4002 4947
5674 2418
1700 2191
1371 1687
5171 8343
3609 2568
8753 8870
5356 2702
4237 3879
5523 134
1608 6217
3646 1866
8646 3784
8949 4886
2927 891
3214 1633
495 8604
8283 1445
227 6593
5765 8645
747 5379
1349 552
6958 7050
931 373
8398 383
4260 786
452 2027
5290 3501
3601 1831
2944 4866
5778 3308
1369 2630
2730 4835
7810 746
2852 4850
5601 985
4232 7805
5701 6359
1391 2230
6479 4064
3767 3758
3321 983
2068 1230
7458 7662
8346 2356
1147 654
3716 2034
3176 6909
5440 2726
3642 2639
2086 291
3092 5642
8205 4633
6832 4901
6860 301
2424 6462
3133 4184
2141 2760
4997 3800
8658 5055
5135 2040
1586 1263
7153 8584
589 4134
684 78
4688 429
2672 3719
5621 3749
2920 6940
7516 6077
7249 730
3369 2192
3783 6643
5236 7076
1065 6020
4378 3302
7569 8035
2210 1689
6862 4467
2106 5618
8331 8410
2346 8474
5574 4197
224 2319
5232 228
358 4272
4625 623
1164 4652
8580 5799
6083 1398
6260 8916
6496 2665
4745 3438
244 8003
497 8634
7133 382
1901 650
7529 560
6718 6394
3843 5548
4603 482
6080 8220
4111 3336
843 3042
1925 5961
7882 2523
7579 52
5147 1390
4184 2351
631 639
1997 5378
1824 8465
3584 5739
4590 2965
3242 1521
6908 3652
2841 252
2864 8597
2651 933
2198 7455
3288 8709
380 624
691 4412
3043 4231
8043 3090
7726 7597
3558 6857
3697 8633
7067 729
8325 1288
3923 7552
3565 3593
4998 165
3414 598
2466 3586
8844 6794
8905 3735
1967 4515
4252 7428
4918 8566
6101 8165
6720 6116
3620 2342
6394 2983
4382 7020
1093 5191
4514 7212
4145 2206
2033 862
5374 210
1320 5863
8414 1419
1702 7587
8839 6988
255 685
3265 1572
6539 5594
2010 3492
8539 116
625 8898
565 6677
5934 7788
2742 5638
748 5960
8300 3334
7399 4488
7929 3881
290 6304
6205 1447
1747 4215
774 893
355 6156
7171 1564
7430 2651
5105 3462
6167 3228
1407 7409
379 3981
2377 2855
4819 1141
1277 585
5821 7884
971 2832
1428 7968
3901 1262
6235 1497
728 3359
253 3038
1459 2337
7966 1504
629 2606
957 3454
5211 1509
7376 6180
5351 8798
462 3374
4794 7624
2055 1543
3995 4332
5029 4059
8319 5897
5698 1835
6282 1807
8785 3450
4685 3234
1843 2346
3586 5452
1617 4662
906 6345
2581 2255
8546 7985
7491 6733
6887 2769
3102 8766
4532 5112
2578 53
5505 4767
5383 241
1012 7525
4617 3253
1827 1360
5913 8820
2101 136
1135 7489
8504 2017
322 83
3115 4956
7465 3769
2409 3760
6592 8136
5648 960
3591 1040
6676 6552
3109 2803
1328 2785
8496 3468
6310 2816
5764 3989
2184 2936
3681 8229
532 4552
1524 834
6320 4761
2169 3696
4466 8477
200 8924
1707 8542
6063 6773
3366 2209
7692 43
6920 3928
374 3785
6794 7120
245 2378
7068 7690
4197 6899
6097 2673
3357 5738
4564 733
3986 2571
742 5095
7845 3103
2452 1292
5704 6816
8489 6221
4153 4267
7525 3991
1909 1107
3085 8857
6840 936
1244 634
1254 2453
1501 6929
5906 7323
8520 5205
6058 7653
7794 4469
7467 1971
7165 1127
7490 2217
3211 7043
5642 3265
3418 8901
1000 5518
4034 7661
879 1770
3183 5743
7041 6461
859 7102
8928 8275
5762 2265
4689 1051
8184 5759
2822 4462
4592 1214
5050 5034
7880 5042
5632 8530
4178 8940
5697 644
8677 2036
7566 1226
8332 6614
8247 8364
699 959
4379 4322
6405 1425
7444 4612
3482 397
83 1586
527 5848
675 2518
1059 858
407 3782
7849 244
8877 1290
4347 8789
3438 6994
7599 405
306 8925
7600 8986
3659 7210
6433 2584
536 8403
4244 3525
1379 6961
1365 2423
6772 2363
4158 2056
4928 7524
2575 2841
1981 5471
1673 7456
4667 4159
3691 8158
8585 6106
6261 293
6839 8038
1797 5381
3810 4299
989 4531
7928 7191
2911 553
4427 5247
2178 350
2063 6990
7909 63
6594 4653
2529 4057
4104 7519
5490 5819
2233 6166
4005 6133
1811 4117
2969 4137
6717 5601
8363 5725
1948 6348
2216 2836
4622 2602
2306 8957
2065 7400
6465 1561
6535 4546
8160 7873
8105 2690
5530 4764
2085 6808
855 2410
430 7187
2321 5158
3727 8523
2417 4806
4453 7308
7310 4129
6681 3619
445 6406
884 2488
4316 3184
2359 2746
3480 1781
7272 8826
840 2207
6911 5885
1862 4793
6396 1397
4915 6930
7245 2267
865 5396
1929 7402
6985 1549
67 5511
5924 3685
3160 6947
5090 5914
3519 8470
1189 1708
4294 265
4097 3092
5371 2942
8136 2135
703 8987
6073 67
4541 832
8880 6541
7095 8292
2725 6696
222 5661
2254 5125
213 4916
399 7554
4728 3406
4736 6328
5689 8054
6540 6266
3705 3488
5863 8120
525 5778
3555 4043
936 3873
2340 7074
4103 7798
7285 4149
4684 4939
8482 6883
2506 2288
4748 6288
2799 2886
6409 7385
3167 5524
8690 6698
2808 6418
4599 3832
6225 3370
5119 238
4337 4286
2643 5810
5666 3546
2909 446
7870 3736
960 322
8223 5148
5352 3887
7372 8069
3884 6134
1604 2663
6806 6128
2871 5218
8692 2666
6413 2529
8809 2970
2113 2154
412 7504
4134 4368
2556 16
5688 6848
2272 8170
6451 894
5616 3554
184 6880
8985 8738
8840 6762
8383 271
2074 5744
2935 264
3063 3430
6823 7871
1353 3849
878 90
8251 8743
1995 4396
909 1181
6673 8388
4042 4941
2673 3418
8606 3246
7825 2058
7603 5038
8642 4526
4311 8115
5332 7351
2777 1963
6421 7047
2867 7776
7418 1608
4397 532
7974 4592
3732 2808
8866 8053
2513 5888
6168 6795
6016 2236
7329 4485
4022 5020
2076 2239
166 8245
3993 7729
3517 5022
866 1917
1458 174
2358 2109
8137 6253
970 5596
7691 8195
4905 5648
3814 5498
7557 7971
4671 5114
7062 4415
2278 8681
2751 5881
172 5801
3553 3495
4980 887
4241 3319
2741 5431
7802 3147
6222 3305
787 109
3030 4471
7604 3666
3991 3693
2405 7164
1092 81
7839 6587
5570 7954
6243 8713
8923 8181
7899 6483
978 3364
3721 2174
3399 8134
6428 4522
5533 4363
6620 723
499 3694
6581 5516
4678 5980
5599 1223
5392 6296
4923 8196
3887 2384
7926 6198
2964 4977
8388 8282
4152 1776
2310 6542
1801 908
5096 6184
2363 7864
6008 1065
1473 5500
1283 8151
5544 4910
5104 8266
5181 6104
8264 4450
3137 576
250 6024
7824 3601
6457 6595
5893 6822
8815 538
5590 7699
3424 7593
8047 1048
4336 1930
8020 40
3735 8612
8315 2136
6590 186
6857 8385
5456 3279
4945 6425
2576 2347
856 4341
3087 2047
5640 1872
7408 3417
2490 2717
3255 4809
2223 7324
7080 7724
4027 3477
8207 4390
173 5693
4834 6045
7830 2656
8359 5877
8968 5785
5246 788
2181 3328
2803 472
8472 4198
8058 3369
949 6332
195 5096
8819 8692
2903 821
5217 7357
7478 1219
5324 1712
5435 4195
1091 7955
1413 8513
4256 3035
4977 3353
6163 8367
5598 7672
1256 1123
3207 1823
1102 4246
8010 4331
6400 5003
3756 5712
4669 7549
2857 4045
1055 5868
2570 5137
2109 226
4389 1035
5215 738
1896 1640
1639 7240
8156 3712
8280 3361
6543 7631
111 32
3787 5072
6671 2682
8669 572
3059 1380
834 3568
203 6889
4875 7124
6664 7370
8236 1323
6221 7011
6135 5905
5443 1409
1825 8687
3679 419
4405 1833
5326 672
815 8467
3575 5011
6253 360
894 3378
2467 5934
6209 565
3405 2364
7052 6373
658 118
4485 6584
5302 1803
4749 434
97 5552
5057 7898
5370 2472
5168 5356
8042 6487
8167 5560
6182 8153
1300 7444
5199 7138
5039 6011
669 6655
7065 6761
5672 4370
123 192
3728 2784
5226 8637
7297 3728
984 1511
1415 8192
3708 2932
5365 4511
3776 6153
5442 8905
5987 7695
2753 5062
7994 5212
7494 7060
5303 3416
5751 1243
7215 7095
7683 6379
1530 6528
4359 6612
7042 4309
2616 647
2240 8689
5501 6896
3197 8749
3397 2714
8019 3871
4610 8702
3844 848
1677 7332
336 3966
5777 754
7313 473
2523 7558
5376 5847
2675 4727
8622 2022
6086 3643
7916 8531
5312 748
4783 4168
7361 7849
2450 5650
6774 3994
7510 2291
3825 5607
3168 2980
6528 7241
5402 20
3760 4382
5773 6778
7182 5679
2663 5930
8037 3948
7144 3268
6869 8529
6864 4157
1485 6638
1179 7960
4504 5388
3361 1268
1682 4787
406 4439
995 2934
5705 4489
919 202
2750 1361
475 2070
3635 4840
3673 5146
6814 5395
8943 3006
6013 3676
6084 797
3706 4708
8657 101
4652 6264
1345 1197
3550 8178
7260 8142
7284 3297
1268 8223
2726 4741
7886 177
5700 7503
5497 668
7102 7251
5999 5599
7847 8948
4372 1076
8991 1568
3638 2242
266 427
2745 1503
7312 2231
2551 3217
2647 6868
72 6782
6292 8226
5114 1715
28 6062
2393 369
1965 510
2324 1919
7089 7952
7099 5459
6966 2787
2854 1006
5410 5859
4558 1385
2890 7804
5134 2575
7539 7384
6692 5496
4993 2856
3267 5834
0 7590
5960 1429
4503 8625
1926 3713
3014 5079
2326 7620
7338 8543
8080 1706
368 2740
1308 7202
6538 5981
362 2900
511 5982
4500 3806
3612 7841
933 4182
5083 8335
2100 5705
7427 2783
1806 2509
1397 1856
622 8405
6708 2369
3343 8147
1478 8056
6190 6048
6079 1379
2906 4025
6979 4567
777 1070
2776 3846
2064 5053
1665 6419
579 8276
1181 2420
4370 4730
6934 6343
877 7101
5617 5266
7230 7748
4255 4112
3970 4873
2158 5823
6417 2198
7693 8748
6151 5587
6755 3257
8088 5267
4117 3052
1678 5337
2649 8274
2360 7182
8756 1191
5942 6204
1348 7143
723 2278
6844 8839
4447 8538
6548 8968
8218 3388
5652 2305
7425 4176
5919 2199
2666 978
5799 910
7817 8706
1263 4074
3535 5178
6881 2500
4743 7794
5481 5626
4552 4465
5053 5728
4195 8357
3817 6624
4249 5494
3179 7319
7084 5352
3145 5909
581 6154
8867 4961
1708 4218
1602 1898
1492 2689
8008 7478
4571 5382
4116 2053
7267 3343
1803 1378
3281 1828
7586 7880
3396 8760
5472 8670
5634 2367
3790 1774
5133 5147
5660 1701
8179 5547
2977 5067
103 5253
1547 865
1395 6111
6652 2357
5123 2089
4280 7018
4827 6071
6978 6039
775 4598
1866 7814
3188 1964
8621 5797
4758 2164
295 5246
3985 4418
6939 3908
351 6574
8166 6846
109 1838
7483 5755
4852 5900
3171 5718
5386 8594
3868 5949
7612 3480
6001 490
804 5228
8996 6102
7223 1399
4785 3559
8168 2441
5760 2146
3792 613
8222 5783
8550 2943
5110 5359
210 6530
7805 4510
5426 5653
5004 6984
5017 225
7177 3093
7511 4706
8499 4670
8301 5014
7505 3821
386 3073
1232 108
8467 1231
6419 7726
1576 300
3054 855
8245 4851
3949 5334
4992 8113
5684 2869
5465 3322
8053 8062
4741 1155
1527 2794
7941 7639
6220 2388
6343 8628
8584 315
5876 912
2078 8209
1600 7568
5495 6186
3631 7135
4698 4577
4888 6159
1989 2220
473 1738
6335 2449
6448 1717
4360 7152
3737 1653
2133 7239
7509 3129
269 2753
6546 5976
2814 7569
8967 5103
8410 8666
4860 4235
74 6194
6424 6087
4960 432
3604 8421
1548 4575
8399 3104
1588 216
7046 8554
3539 1305
3800 3958
1124 8264
2877 2020
8224 4732
7562 2204
6319 5861
1370 5447
145 3886
2124 8785
3571 8778
6603 3576
6586 763
6927 3008
4925 2147
5274 8821
2915 451
2700 3484
1607 4325
8569 6118
4770 8717
5006 4717
1832 385
8594 6709
2842 6892
687 6295
3967 3556
6753 3809
1887 5709
2385 2437
5292 8962
6088 4875
650 4989
4863 4307
3693 5573
8571 7693
5965 79
5524 4985
2755 7379
2416 237
6010 6710
7032 976
3146 6901
6519 5136
7593 8283
6512 7174
5261 550
5411 5319
8801 5952
6709 7760
1721 1314
3703 5024
5455 2331
7059 8648
6683 6108
5615 6283
8655 4971
1847 3602
7881 3276
3935 8951
2275 2486
973 7127
5343 7340
5008 7574
5853 6953
8407 5234
3726 5131
7130 4288
4201 8574
7481 6688
1898 1933
5156 8647
2057 1724
7204 4213
776 7443
4060 3969
966 6068
569 5749
3876 3390
4971 3043
7766 4315
8347 189
7359 956
2331 5522
4292 8188
5141 7866
854 302
4303 3396
5233 1375
4683 7128
4226 1951
1350 5610
3643 249
7948 3838
1984 4943
7954 1276
3772 3198
2283 6421
211 87
7436 1593
2431 2374
7793 1297
2919 2295
4471 8989
8235 4076
3144 4753
1928 6032
7878 1797
719 8350
7241 2464
8799 6129
3545 8872
8296 2431
2160 283
4374 7853
3804 1066
1844 4131
7720 4944
8969 7752
4055 5771
2379 589
5414 771
1733 3805
1513 7887
6798 662
3199 8608
6514 2494
6395 5221
6118 6712
1011 7061
5678 5844
7184 7792
5583 7007
6748 2452
2143 5549
3457 6014
7097 3123
4131 2638
5554 7605
898 8990
1053 5623
3854 8583
488 2626
170 867
3806 2102
1414 7869
8605 1619
5784 6692
7485 6631
6045 741
5130 5525
946 4400
6745 4864
3752 1423
7148 4428
1581 3348
982 4013
2482 8619
2083 4289
3755 6678
115 5324
671 2768
490 2812
3130 5305
6356 6232
760 5226
2972 5370
8997 6851
4192 7487
2589 5559
641 3961
3978 3590
5117 1282
6255 638
6739 1937
4864 514
7248 7084
8474 6037
6328 6120
4366 3997
4594 5415
6591 5000
474 4997
4970 349
1251 1215
6575 2117
4381 5832
1649 1670
7146 3745
1402 7314
3747 4139
7264 3574
3777 6260
8225 6546
4018 5449
7820 1507
4095 6289
5188 743
3998 1188
8197 4918
1820 3210
1326 6185
2298 7281
7709 1622
3910 6038
7540 56
3872 1658
7172 3301
7413 7476
7390 5013
5202 6680
635 8835
8252 1122
7452 261
3309 3296
8259 5306
2135 4205
5067 3697
7235 3665
8851 6352
8659 8272
3154 5411
5286 6827
3282 1755
4467 1891
1180 6117
2195 3414
1023 6583
1998 8790
4387 6270
3685 1412
8914 248
6953 967
7924 7139
7658 3470
458 7439
6691 1742
7397 2489
6843 5387
5619 2045
8392 7708
3374 82
7282 5773
1246 5906
1097 1629
6624 2480
8654 8834
2545 7204
6885 1089
8744 7709
3780 5703
4298 6916
1903 3917
6829 1103
4521 1967
2391 762
316 7583
8779 6398
3805 7009
485 7462
7028 805
4008 1025
285 3015
8201 8190
6838 3118
7670 7049
3501 8239
6094 5078
1260 8535
6534 954
2199 8710
4764 1655
7940 9
7749 39
6258 8917
2800 1809
8362 3824
6895 2927
8823 4818
8100 38
1322 5591
3228 3859
792 5348
2560 435
4101 1170
1017 7763
20 5129
1275 4397
6332 8424
8209 3120
8495 4998
8044 1097
5062 469
6615 5105
7897 2922
3306 6823
6120 7786
8486 8497
5680 645
1052 2335
3233 926
8663 3233
5176 2635
3606 2394
4082 2092
92 8735
3435 8581
4171 8231
564 1208
2526 5311
6193 1349
6372 4347
6899 6284
1515 3355
2138 7907
6127 4519
8409 6243
4014 224
5468 4367
303 7479
6324 7019
2429 4227
7200 6849
3403 1871
6180 904
4929 4902
1222 7309
6893 2729
7275 792
7333 6387
5649 6464
530 7822
7128 2293
1625 5008
1267 2210
628 4135
627 7459
5118 4984
1418 1009
259 1676
5195 499
8806 3051
868 404
6574 3172
491 412
6285 1366
7030 8869
8699 2774
3556 7140
7422 184
1123 1339
6436 5142
5476 7934
7760 7274
1098 7953
6175 2620
1185 7641
6287 704
247 3762
258 3510
1058 4911
5007 3674
6763 5538
4938 2506
3922 2105
3071 3292
3670 1752
5624 8756
5923 3550
7189 4992
4823 88
6502 2301
7943 2309
6969 8396
8144 5963
4670 1773
4966 6763
4028 8129
5997 1547
7989 4136
3421 6309
7571 2123
2662 921
3 1882
425 1603
1099 5684
8345 7830
1332 6319
6407 8433
7454 4486
2646 7106
1439 6602
8367 2386
5592 6870
121 2858
5695 6091
3325 774
4425 3690
5379 4564
2999 91
1775 8865
2318 5512
193 4689
8556 8160
8210 1438
6867 7408
7242 3403
301 4226
682 5323
905 362
8461 3890
5283 6208
2863 1965
5089 7325
4887 1376
2245 1502
838 6658
163 5851
3090 3633
4350 8667
4912 6852
850 8671
8716 2829
2586 7149
7822 6683
6993 1484
8208 5674
5578 3522
8471 1923
4679 6968
4277 2653
8266 783
1148 7466
2874 8361
1637 5484
333 643
3259 7082
27 4011
5019 7315
6834 8067
647 8644
2559 6779
5657 4263
7526 3235
8933 7264
2419 1834
6695 3673
3294 8726
4004 8995
8942 4374
1255 4590
8535 7618
1372 7422
214 3710
559 2937
3521 4284
2271 4927
6790 4545
5873 6548
4312 6073
5553 6341
5991 2372
7094 1463
6364 806
1759 1449
1946 5509
2043 3734
7811 6385
942 1491
344 4343
921 7235
3046 8910
2802 4824
733 6236
478 3208
8473 6878
3327 4827
8992 4037
5275 3913
394 3742
6155 4726
5464 4035
7371 1452
2701 114
5790 6837
7217 8724
2155 1125
8972 1251
6236 1525
1078 1806
2719 2597
6441 8877
7111 5374
6439 2522
5805 8322
1857 4463
1860 2444
3192 6832
3301 5429
7723 3680
7108 8437
4416 8665
2013 4696
4013 7875
2801 275
3590 5796
3461 1350
5305 3368
1559 2921
3387 3607
4349 3773
3302 1645
4524 8618
6362 1341
8780 4716
4180 879
3578 1924
4791 1512
8271 5978
2368 4849
8871 6809
2544 4743
3700 2082
3350 6026
3467 4591
6137 1720
6049 3112
5825 3571
4480 1673
5789 4040
1614 6609
3124 448
3113 1769
3781 4223
2891 7167
8837 4261
6742 7643
1192 4102
2488 935
806 7092
6907 8484
3355 5150
1571 4710
8001 8353
2060 463
663 1916
3078 4405
4986 8720
8062 5458
1992 528
4074 8607
3360 3778
1628 5213
1201 1291
911 527
1250 5090
5792 4868
1646 5975
1868 6050
540 7656
7308 2277
350 7304
5453 1147
7163 2735
7466 4140
6817 1448
2595 5187
664 6676
7266 6404
61 5769
5948 2549
1354 6171
3004 2443
5639 7564
5791 1705
6703 1458
3696 1870
2707 1247
3835 1595
506 542
4775 1879
3504 8751
8526 8235
3002 436
6986 2679
4076 5741
4959 2725
3890 1121
8688 230
3925 7696
2834 447
5768 1410
3253 2184
8989 3084
6982 8617
8126 2101
696 8769
6110 8958
833 8516
7324 7002
7542 6025
7736 8193
4858 6005
8029 7294
2507 632
2783 3077
7380 5651
4871 3625
1131 6639
593 6213
2534 5023
2912 8956
3337 8122
6627 218
2525 7750
6836 931
7585 3714
7850 5017
8086 2340
2295 2313
6501 4963
6219 8853
6469 7582
1765 1808
4209 8642
7804 819
3921 2148
6091 5057
2813 58
3297 4650
1554 5537
40 37
1146 8356
7487 2686
8574 1805
6352 1888
3786 2285
7350 8931
8994 883
2418 4551
7666 4328
1334 6439
6473 409
7656 1780
4575 7956
927 8580
4884 8198
645 1249
7610 4240
5899 2576
4041 7296
1463 1414
312 388
1151 6179
2837 75
7834 2720
4127 3145
4484 3675
8913 1241
4739 3327
4214 8544
8868 2492
6562 8903
235 8960
8458 1260
3368 2883
133 7980
8115 6448
6791 65
5033 2710
6735 2166
972 2979
3531 6433
4540 2442
2836 7818
1224 8824
715 7559
249 1631
8674 3910
8276 3424
7078 4323
2784 390
4328 1972
3432 4173
6406 5320
5727 1785
6629 7036
7681 7713
6943 2465
2843 2557
3694 8836
206 6436
2979 4018
286 1067
5971 3699
2693 3534
3295 4817
5484 6132
2241 5295
8704 907
4696 3107
433 7679
5956 8444
805 4830
2308 5947
6096 7975
7949 3412
254 1063
2952 653
2413 1911
5308 8048
1872 3971
5194 4518
810 7970
7853 2158
2831 7521
8103 5134
281 1352
3158 7169
568 7310
7633 8126
435 178
2284 5135
8284 6946
1090 1644
5880 7355
6687 7787
7852 1320
7910 942
2407 713
7190 4819
12 7581
1217 5407
8886 1519
239 181
3567 6207
3974 6788
4319 3185
4859 1711
1945 3493
4892 6706
3310 8141
8846 3869
7833 5624
217 6800
655 6641
2058 5256
8237 3016
8538 4359
8204 4924
4659 5795
661 6966
2362 7051
7154 1303
1799 8280
5835 6397
5861 823
4721 4512
4391 8145
94 826
2026 4107
3979 3441
7689 8680
2636 8408
8400 7837
1376 8856
7696 7925
8021 5091
762 2613
754 5268
3439 8098
2288 506
1569 4766
3913 3055
8579 3687
2396 544
4840 3440
2717 1308
5935 3640
8577 1206
1187 8908
4952 4252
6044 6589
4825 4815
1804 3645
7342 2538
1881 785
1695 5822
5600 1811
4200 1440
2203 1558
2122 2250
6051 8254
2617 8549
6004 4027
5857 3581
6926 6893
5692 1085
6354 485
5387 871
7668 3002
6268 5316
4520 3598
4266 6702
3626 4239
2196 557
8764 7984
3765 7680
4619 5544
841 6828
5336 172
3899 5820
7109 2474
4781 3965
5131 7171
4253 6934
7913 6772
1780 2923
2291 1798
8268 3340
3827 7947
831 461
8984 163
8004 5030
1177 3409
6641 7277
8702 3177
2499 4816
4357 5781
3880 1885
6388 7358
7070 989
1362 6192
5699 5687
5677 2106
4238 6445
4330 1560
7343 8482
5018 4647
2302 828
8104 86
4661 4097
8122 8677
6095 4250
8232 2411
1986 8349
610 735
1257 1003
5023 8707
130 4908
8457 263
8097 6536
7199 8595
1970 7511
77 8635
6714 2224
64 2391
7482 711
2021 62
7291 1055
5818 8449
4000 4433
693 8486
1686 7178
3481 533
16 7201
8246 1279
4235 2684
892 1735
7893 4308
3680 7255
3289 6925
4107 8267
955 2700
3329 6297
37 2624
8843 6830
8957 8555
5458 4768
1392 714
3454 5576
7869 2412
1908 5882
5720 2888
3989 8290
5190 7390
8028 661
6567 7536
611 2650
5844 1791
7868 4729
5457 2178
8511 6149
3841 8598
4865 8010
6976 1764
1077 459
4223 5550
4449 4431
8643 6666
2034 7733
4879 2608
2356 2436
7044 3978
1121 2762
5567 2429
6536 7764
6301 8161
3863 2115
7193 4859
6200 4765
3710 470
3290 8810
8045 4797
4173 7688
4746 6917
7710 4737
3997 5426
1265 1019
5977 4813
7874 3669
4092 5814
8206 2607
3941 7046
7468 5113
3739 6599
7609 8044
4579 3952
1660 8874
6775 5911
3559 5350
5126 2982
1174 1365
3079 3983
5422 7374
6059 6735
5967 2791
153 8703
1066 4572
5299 5
4844 764
4820 3040
2959 4678
2274 614
3771 4685
3131 8454
8612 5613
7110 8727
863 4041
3066 1725
7187 6281
4874 2696
1882 6035
7888 8108
8379 398
608 5998
2300 4917
1755 1080
4443 3287
7346 5439
3688 7572
3983 7606
2659 1358
4936 8233
3883 340
5515 312
3570 272
7797 3498
5139 5714
2661 1137
442 8363
4272 6066
8154 3508
7786 141
7365 4000
8117 7755
3942 2592
6649 6949
3440 5401
454 5362
2237 2678
1634 6033
1512 3251
4491 6161
7451 4560
5794 3647
7512 2520
7597 7932
5178 5611
8951 2300
6250 4783
2626 6954
3497 7579
2571 7600
2329 5827
8176 5818
8403 8269
8307 6174
1453 6390
7271 7003
1638 4889
1314 6720
2212 7962
4343 5027
624 8660
711 7731
4618 1430
2463 6300
1079 3086
5166 7944
3335 760
4058 2160
4576 5858
1281 30
4995 5312
4242 8273
7645 7388
1120 3993
8825 1492
8857 8358
3048 2988
4384 4613
2410 3313
1150 7529
4836 4180
4463 2128
1833 3726
5424 8818
737 1455
5711 861
8161 3618
7025 4126
974 3333
2032 1306
3889 5321
3647 5940
6042 3383
5847 46
5816 6367
7587 556
8986 3175
8242 8708
2327 8553
4731 1606
2139 5757
1156 1154
6210 5338
5839 6065
6325 1311
6017 2685
1891 5775
4340 1372
952 2622
2902 2677
5901 4681
835 1190
7306 8293
7036 4077
4953 1356
5325 8450
8395 8059
7616 7651
8404 7964
5444 4628
605 3721
4756 323
6517 5063
1587 3962
2443 635
2449 391
3955 4843
4644 3583
1523 4366
4450 2780
7079 7010
4708 7263
3240 2044
4586 5557
2243 8094
8477 6451
7959 8669
5898 8185
7955 6576
2185 7493
4527 1034
2350 2611
8740 3930
125 4801
4920 145
2070 3986
2039 4052
3345 2504
315 8800
6957 3491
3948 5405
8859 3898
4403 2046
7049 2381
1647 6001
3506 2470
7672 6863
3015 277
7520 6465
8812 8022
7295 2654
6153 4532
3818 3216
1506 1259
3122 2246
2477 1962
3650 7094
3251 8453
7730 7570
2694 3475
5559 5929
8650 8896
6990 4001
5908 2526
7594 2820
2383 2359
8618 5377
4371 3594
3914 7848
1429 6872
1927 3347
7846 4071
6527 4119
8645 7832
8427 4578
3313 8401
2845 3024
7785 5556
3966 3154
1335 3599
2796 3651
3704 7103
5121 8083
6544 4087
6232 2798
6917 5045
1323 3834
3769 2297
5216 1663
5339 7307
5075 1906
1991 7820
2624 7580
2019 7053
3478 4036
4583 6318
5878 3827
1462 950
928 5894
401 7667
4657 3321
8899 922
6391 3317
410 2885
6552 3511
3815 8211
8192 8673
1654 1646
3566 1849
6005 1271
4676 5400
6876 5675
3707 1981
2041 6741
7796 2228
8697 5175
761 2280
1521 3020
15 2484
1051 5655
464 8817
6140 7591
7770 7072
5786 6507
893 3161
4338 5932
3645 3848
4710 3423
2002 5064
6012 1418
3822 8473
5423 4669
3508 3810
1103 8240
6883 55
5052 2752
852 578
3275 6538
4776 765
907 1069
7808 2165
7176 1293
667 6054
6561 122
5959 7423
4412 7035
3690 7926
2515 464
3563 3036
8443 3831
6303 1728
23 7694
3017 8377
8422 7116
365 8892
8800 7578
4732 242
6028 1166
4846 7452
7327 1078
5516 1908
4206 1222
6435 4007
5800 8380
1207 4430
4816 4785
7862 6036
1038 6897
2723 1641
690 4441
3593 6854
1223 6673
8727 5069
8790 2025
2922 4238
5525 1643
1718 5745
298 1626
524 1129
961 546
5892 6314
2426 295
7958 8268
7279 8139
2440 6844
1043 2416
8544 1686
3846 3897
5031 5554
5586 5110
1737 4291
8450 7300
3222 2647
4904 204
5571 2241
2620 7658
996 3358
4455 5569
2297 1552
6588 8963
2613 342
2000 8066
359 872
891 4688
4182 1394
3411 3199
6866 1970
3931 5423
1329 7749
4162 1757
1742 5701
1767 5438
6998 7823
7939 1
8723 591
1777 3413
5474 2131
98 3192
3733 5515
6771 140
3363 2233
858 3857
692 8058
1182 4236
3699 7372
7647 180
5416 3776
5659 5058
14 6672
2328 6202
5384 1345
3147 1753
5287 8439
1018 4245
2807 6695
8076 7616
219 5571
6273 6756
934 1444
2317 1793
7596 8966
6942 5155
2644 5992
642 2185
2975 6642
7992 1238
6992 3258
990 7410
6965 3329
2810 8404
8262 6084
8023 5457
4901 1980
8277 6801
45 8815
1178 3114
2020 5770
5316 4674
2225 2308
1920 4828
6828 772
1880 6826
2669 7762
6870 925
6378 984
8038 5652
4147 5765
1672 892
5255 970
7930 5600
902 2819
2953 1098
1573 7305
1071 449
7375 5649
1288 5133
7751 1863
8079 7993
6932 5138
1871 4493
226 2709
3485 4974
518 6579
1431 3146
6434 5051
5207 153
1786 2990
7309 2531
7229 7943
2175 2043
1191 5729
7863 6378
7417 4318
5558 1020
1280 4879
6831 2414
4233 6081
7023 8561
1009 4242
4643 364
5499 7892
954 5702
7004 627
2015 2813
18 4624
8934 4101
296 706
7088 2229
2474 6076
6369 4264
7617 6063
7278 3798
8497 8978
5613 2320
4867 7831
8306 3944
1403 6308
8272 6489
4464 7490
8124 6607
4129 7753
1464 7359
6542 2419
7907 4549
609 5357
5981 7464
6141 3248
2067 4005
7898 4760
2785 636
3870 1173
1086 1014
2398 1746
6614 4978
6848 3787
7896 6865
6150 2287
6639 3507
6729 7393
4175 518
1835 7715
1973 8534
3326 4940
649 8983
7056 1213
5595 4523
3509 278
8151 7496
3842 5723
1020 726
1961 6757
3809 7279
5950 4987
3127 7594
2778 8715
261 1775
2183 7769
8056 7108
323 5428
6165 1990
4544 8899
4826 1331
2164 7123
371 44
5832 97
7386 5403
6074 8838
1161 8162
4409 6426
808 2825
8274 5240
5609 7344
4842 1583
7412 6951
3829 4820
3219 8116
757 8224
5670 6819
8706 4714
3915 7534
6853 8132
2876 1691
6674 5887
6886 5989
2917 6237
3530 5917
1792 6714
6689 6228
2294 7533
3000 3274
1931 2601
8990 1896
8257 7257
8512 6399
2451 3774
8200 50
7033 380
4935 59
638 4142
7289 194
8213 2302
2402 7601
4699 8600
3276 5420
7575 3275
3892 1016
8958 438
2907 5710
5148 3542
2657 3243
6379 8271
6499 683
7555 8759
5044 7664
940 6568
6333 4673
4016 3128
2047 1256
7222 4786
7842 8504
6216 917
3204 5831
3669 1210
1042 7230
4017 2478
2087 3349
7115 2244
7406 548
5460 1172
2853 3803
2489 1486
8595 8184
5462 2954
4086 5283
5013 8994
8735 4046
8980 5927
1983 1825
4148 6449
1500 1621
5811 8055
4270 7670
5011 1858
4523 3311
6138 1759
8500 152
3678 1694
3200 1495
3365 5733
5311 1815
5774 2614
3149 1526
3362 7349
3568 7327
2186 5373
2868 7518
5205 1232
6410 4233
3581 3442
7626 3706
2940 873
3409 4244
271 8479
8955 4170
7368 5843
5002 3168
2996 3494
3390 8685
790 595
8711 2790
1615 8967
979 2967
8089 5864
1234 2432
904 7543
5483 6164
4822 4731
8321 3196
4267 722
2292 4342
8565 1692
7744 928
1330 5830
8975 7734
8529 1032
1746 1932
5761 7800
6399 3371
2290 8871
5021 5540
2094 7545
7294 1736
4073 500
8035 1859
8217 7470
3093 6770
2711 3757
853 7852
1454 2952
157 375
8792 7454
8918 7745
4983 3113
1622 4154
6070 7855
5244 7441
8027 3624
5651 516
6515 5002
5239 5104
1836 690
1235 7687
3938 3818
3960 676
1696 6970
2574 6122
2658 7950
4130 7429
1795 1164
7938 2973
4878 6231
7416 4738
7205 258
4926 6758
8617 3132
1061 1527
7323 5251
7496 3027
2960 8992
5475 8761
6057 220
5102 4907
7075 7211
8051 4736
7823 4454
7781 8661
6879 1566
8239 6570
7276 6255
2681 7222
5285 2793
5271 3039
6793 7431
654 1160
3105 4724
256 5310
6098 5294
1522 4103
2259 8338
291 6668
8441 5068
8279 3837
4639 5486
3919 3520
7660 6350
6416 3116
5643 6290
7756 2632
1768 702
8833 7858
4040 5425
7151 2167
7226 7396
6529 1114
7009 6234
2946 3478
2668 6344
2253 2802
6121 159
4706 3101
802 1264
8718 1867
4376 6560
7218 1680
1360 2498
5279 3285
8212 2212
2951 166
4833 8950
4761 6895
6576 6974
778 7154
5145 798
1387 1555
1206 6302
4264 7541
2732 866
8054 8601
7964 3448
4258 6601
6716 2842
6824 2496
4177 6401
6761 8176
4281 7548
1340 2652
4550 2107
6034 4437
2677 8371
2373 2001
1636 1411
3636 3194
1584 633
5372 574
7832 839
8148 1905
3317 6402
2965 4199
7026 6847
3408 8843
1934 4616
1938 6839
1297 7949
5427 3761
1867 1406
2966 3163
3541 7448
4624 2327
2974 3518
4712 8258
2316 54
1703 2218
6199 3271
8092 1912
784 1205
8344 3003
7389 766
1764 649
3169 8641
3339 6675
2304 5685
770 3544
3134 2279
5867 2251
3855 5016
8519 593
7139 7421
6746 2809
797 3915
1693 7732
5469 1669
4645 7033
740 7147
6259 2088
1404 5275
4254 8975
4821 7860
5796 2397
2761 1787
3268 7905
4043 4636
8024 8639
2053 4576
3597 601
4910 8571
6037 1718
6616 1862
8553 3200
1993 6913
5972 356
5685 6306
7703 6684
899 3288
3898 3914
2607 7386
2819 2222
2821 2699
6351 2535
6554 6752
3415 1049
4284 7689
2381 6931
5430 8695
6383 274
1592 1184
4591 4836
5066 4487
5421 5217
2656 8316
3349 8873
6039 1880
4961 3133
2603 2121
8952 1456
3862 148
3423 7809
2397 3756
8380 5001
1504 8366
5744 5194
8667 8750
7281 4259
1817 3901
6459 4513
1557 2865
6599 289
4313 2402
4078 476
3045 2401
396 6527
1390 7912
6644 7195
4213 2080
4674 7700
8393 7986
6133 4542
8831 6503
2572 4160
7987 6511
1040 4399
4046 335
1137 236
3628 1651
753 7042
3896 3067
8178 2018
3262 3025
7161 431
8884 5806
5185 5608
8017 2490
4512 6277
8372 3990
2077 465
3280 841
8132 7313
993 4900
7234 2804
7364 3626
5902 4565
3191 7469
2550 471
1681 2483
3944 24
1296 2269
7024 5923
2082 951
5939 7045
2770 8143
8853 3487
6964 630
4968 8876
1877 6058
5264 8659
6892 8464
5289 8215
7169 6670
4817 3497
2428 6685
1661 4756
7945 3558
4053 4326
3336 3587
3498 176
283 3158
6404 345
2092 2387
8517 2485
1166 6817
4327 2670
3773 2142
4933 5805
8309 5070
5152 715
6195 4684
8864 208
4326 3727
8783 4682
4122 5528
4621 8068
7774 8082
237 3535
1030 279
8348 8278
925 1674
6425 3854
4454 1126
8481 8311
8787 5195
2518 2807
851 4153
8939 3718
8970 2334
3463 4744
3980 243
8376 3307
248 7485
6455 8247
2176 2871
5961 5229
4601 7282
8848 460
7684 3422
7208 3822
5519 6493
6818 1056
6331 6443
3611 1039
7812 3741
1779 3596
3299 2054
4490 3085
1385 6263
4196 1062
7541 4319
2757 3866
6375 7642
8554 8294
2484 4051
5741 6074
7055 3247
1858 1656
6033 3012
2978 8941
7091 7269
1366 5273
5917 6249
958 5082
102 2963
1631 7751
6087 7278
391 368
2150 7598
910 3591
5034 4930
4321 540
6418 1579
6601 8000
1318 1920
99 2676
2412 2721
1683 750
3010 8763
4352 8414
1087 2226
3554 3753
8620 885
5614 1875
5438 8664
2976 3032
7588 2093
1358 77
5161 1901
4988 4999
6476 6691
4941 7078
5603 6069
7729 7928
3042 6336
1432 7097
6596 4996
1914 8304
5834 105
7867 8075
5445 1084
4855 7627
4574 5670
614 6158
2933 5052
5758 3404
4035 7326
8685 5943
1252 4587
455 1315
1627 130
7119 1795
7302 8212
4680 1267
3449 7951
1067 6223
3193 7262
7627 4090
3448 5635
7780 5181
2048 7906
1100 2195
3799 1714
3293 1909
6415 4100
5396 2593
6819 8723
7007 4618
2378 890
8636 6454
2510 8070
8153 1817
1465 143
4314 4702
7521 4623
750 4769
8453 191
6618 7401
7861 7069
8377 2009
2442 7978
1545 8308
1841 8102
7493 2400
6693 6833
8003 374
4937 8632
1343 3658
3920 8297
8248 8029
3473 1532
4930 740
8025 8362
8726 3236
7592 6571
1106 2875
3420 3691
5270 7016
5719 1104
2851 5279
3891 1355
712 8714
6228 6428
4866 1968
5022 7870
2472 2906
5047 8416
4476 6157
297 8932
1373 4416
376 8234
2120 7850
167 3893
4246 3677
700 5361
481 1344
2425 8334
6936 6701
6353 8883
2107 4529
7607 3936
665 8684
1846 8524
4868 7382
8329 3111
3502 270
8386 4536
1585 8386
4565 8461
5606 8590
6093 6633
2265 5964
6889 8508
397 1008
985 5727
4248 7417
6241 3632
8263 3242
6242 5564
6573 5609
3322 5950
6850 694
6342 308
6023 2777
8838 324
705 541
4509 1200
1196 1994
1890 807
100 1826
4342 2076
6376 1713
5929 5536
2797 6356
8797 344
3486 7130
6178 6877
8142 2168
6859 843
7659 394
4309 6280
4100 6529
5608 5286
2348 1804
7321 5647
2374 1782
6214 7742
6609 5891
7732 5160
5914 2779
1374 6347
8873 4558
2872 8277
6783 4188
1810 3126
204 2641
6983 1081
8077 4675
7006 4208
1212 5340
570 2081
8769 4352
4568 505
4598 6958
1577 719
4506 1192
7621 1233
8828 2014
8074 5436
7544 200
1739 3639
7214 193
8241 8626
3232 5430
3882 2903
2577 1407
6679 7223
105 1751
7219 6879
6549 3398
11 621
5362 1013
30 7360
6571 1613
1723 483
1424 4193
2984 616
1632 1446
4190 389
3730 3110
3386 4500
2437 6478
3009 2800
321 1273
513 2371
4522 7276
7973 6558
509 1128
7947 6815
8288 6016
8069 7608
8430 8930
2286 6615
6547 8837
8032 4932
1172 1011
1080 1092
5144 1138
6707 5604
7211 5621
516 749
3206 2403
3356 6729
346 2315
6972 7430
6217 3572
1745 8325
6490 2283
8108 5825
383 6499
68 8081
8182 8514
914 5985
1861 868
8101 1530
8031 1873
1129 6358
38 5177
8562 4507
7395 8298
4402 4758
1583 3148
8439 5083
5367 687
1828 2989
8730 1783
5879 712
7213 5872
2738 5018
8547 5761
4963 8435
6951 3918
6 8860
7316 7166
3819 3270
2496 1952
6635 2482
6474 7381
1483 6142
8633 5025
138 2073
7118 3037
2609 3732
6617 5418
7639 8167
2990 64
5845 545
2982 1023
8863 8880
5077 2000
2818 3226
6713 1353
932 962
6300 4477
6006 2931
6973 487
5272 6875
975 7556
7367 7190
3401 2525
5539 8395
8356 8512
5320 5640
6589 4114
1878 835
3677 7829
8502 2984
3654 3649
3487 6915
4216 8041
7912 4846
8587 3880
3662 6791
1477 8291
4141 3608
8090 2377
8518 4273
3241 3045
3912 1277
7777 7495
8865 594
4358 4895
6245 2462
727 7447
6597 3344
6056 2085
2533 6079
1231 2021
400 8489
8468 5699
4473 5903
3731 1961
4132 688
5849 5643
7602 416
5092 6389
5503 5365
6040 8018
7473 6719
2886 8585
2269 2759
5203 4492
6123 337
5380 4739
8705 2223
6052 4752
8523 2383
779 4641
9 7930
2689 8348
3618 4905
5306 4475
1467 1274
5852 1373
4924 120
1049 3701
2119 8442
2542 3573
2162 588
8493 353
5454 3999
4897 7064
3651 7759
1204 1878
8413 1760
8719 5152
1800 6176
3138 7717
2097 3262
6102 5716
8736 3338
3097 6777
7287 4634
4711 2232
7763 6472
7203 2038
7775 7633
8067 8510
1215 3943
4668 4504
7901 4104
6463 1336
968 6364
1662 2778
6516 2846
8919 8979
7704 6170
6507 5948
3098 8326
2046 7573
7299 8131
8881 5581
534 5788
4903 5277
8447 1381
5055 8662
8627 953
7807 7720
6553 8189
3682 8302
4156 4784
5382 7415
3830 1731
7138 8548
2382 1570
5638 689
2737 8525
1793 3671
8602 3964
6361 2134
2565 2559
6852 7380
1497 6565
4981 7425
274 863
2252 7008
4 1207
3649 8368
5142 5173
5978 6747
874 5833
5566 4072
6201 6423
6159 6052
694 1816
5169 7508
3850 5164
8741 3629
8679 8923
7471 6486
3264 3171
7247 2806
161 2499
7664 6362
1563 1796
1689 2814
7997 4832
1822 1130
6680 480
3254 8744
5340 3225
561 3081
781 3876
6411 5593
3793 3451
5341 6608
6833 6722
2343 1300
1319 1434
8231 3005
110 5546
542 1861
7771 6305
4946 4019
848 7746
8888 6006
1590 5406
6733 1988
7456 1702
5449 7801
5317 796
4517 3083
4718 3921
2840 7068
5521 7088
5321 2201
6928 4969
5470 3367
8676 1307
8282 4802
2170 6466
1262 6126
583 934
5686 6975
1427 7538
7619 3540
4007 13
1380 6214
8536 2938
7961 4438
983 2907
3523 3229
7431 3
7293 6732
4113 4808
7582 1225
3905 2030
1894 6825
7676 4275
3616 2237
2873 5315
5498 5473
8771 8884
8860 119
4377 6227
5803 84
5970 7131
1243 902
1 5754
8194 6956
948 3585
3398 4217
2860 7685
2879 5772
6495 5289
5153 4528
8087 428
3170 1546
3196 1615
2861 4903
3013 1101
1728 5270
7595 3729
162 6456
1729 6287
7181 1740
1331 7389
4090 6467
4588 1786
2461 927
221 1855
1994 1220
6275 3476
8776 1057
4428 6912
8926 187
6408 3057
5810 8114
2242 6127
1474 8952
1572 2360
8537 2754
3701 6351
8921 5086
4845 2343
5164 554
7806 4202
3446 753
5916 3847
5637 8206
2500 8683
7379 4395
8110 2159
8365 2205
7131 6736
7384 6147
2205 8028
3507 6654
1145 36
4415 7922
7506 445
428 2476
327 2908
3867 3681
7755 2731
5273 3053
5540 2517
7885 4478
8253 1892
3513 5779
4987 325
861 4379
523 6563
7160 7483
8902 1936
6227 2631
8394 211
2739 878
6192 1946
4914 8085
5079 8938
4440 2133
8591 5330
4181 4555
4511 497
8175 3500
5041 7625
5115 3203
6254 7983
4620 4630
5196 7336
4665 1675
7096 7039
3025 8802
7917 3312
585 3342
8091 2071
1924 6468
4437 2732
2123 1298
4510 7996
6803 80
5851 4790
7449 534
6730 4771
3208 6626
1774 1630
824 4121
1081 7890
7988 2059
3126 2141
7005 73
1567 2532
6888 5918
2115 439
7147 8672
732 1370
5258 8090
8729 2157
7317 1520
3748 1662
2238 4091
4245 3046
1954 5924
3033 8520
1339 2781
4072 6767
3729 5492
2614 7575
539 3181
6773 4654
7765 8232
7061 4527
6161 3683
4304 7486
1450 8488
150 6040
1064 1983
2910 2368
96 7071
648 2427
2678 8315
6062 3578
976 7586
8040 7754
6968 4255
4642 558
5604 8841
755 4393
3209 5572
2455 7839
2988 8528
6116 5645
6675 6092
1084 8849
6124 2680
3562 2739
2448 2314
7533 2799
7063 503
389 3325
2311 6504
2163 2991
1977 6155
5288 1443
6230 6903
35 25
4582 6349
1667 7920
6054 3543
2375 8378
6872 442
4163 1950
2604 1966
8107 3606
63 6799
2314 6189
3106 3704
5854 8110
7625 4915
4799 102
7798 8420
7951 4559
3462 7181
1582 2392
8198 3664
8408 2258
6446 7132
5589 7512
3378 5185
1045 2275
1704 2849
2152 1722
864 3096
2633 6807
4139 6293
1960 4980
7498 8752
6884 1947
6206 811
8701 7134
4091 7795
3099 1948
2782 1534
2521 3178
8109 1357
8480 6181
4709 8481
3926 319
1188 5451
1520 5619
8250 3775
5709 5479
2816 4237
6296 131
3534 2266
8665 6381
5323 6920
7970 6603
7221 2536
8452 6869
2809 2468
6487 6173
2495 8023
5330 5874
3203 4375
7129 1894
2731 5747
3379 6502
4077 377
257 5207
6077 7112
8596 1457
1344 4320
1048 1652
4146 288
4407 5252
498 7176
4433 5094
6271 7865
3342 5735
2493 4034
5724 1668
8999 1454
4436 4845
7831 2944
1578 3099
3916 0
2130 8721
6148 8919
4087 4414
8420 3959
5061 4986
6809 1248
4278 4042
3094 4655
252 3610
3510 6790
4554 7406
7058 5391
7937 1240
3656 4348
5063 1553
4257 5614
945 2182
7060 3788
5125 705
3159 8398
828 3739
5896 5603
5251 567
2462 209
369 799
3445 68
8299 2170
4023 3947
765 4842
8666 3323
3080 4951
3300 2413
1293 8794
6248 1257
4179 5098
5779 4589
5593 1286
7179 6506
6788 3927
1771 6182
8576 924
4166 4894
4136 3779
5026 4338
6341 5351
5223 6726
780 8166
8765 7099
6345 267
4243 6550
4315 167
4695 4860
1691 7674
1543 7353
8541 1042
6443 2534
1327 1660
1789 1450
2939 701
2583 5481
8639 2847
8982 7179
1122 4078
8635 115
5269 4138
7905 7876
2230 6374
4231 6600
8662 6941
91 596
2987 2042
1445 5803
1536 8417
1705 8704
1959 1672
3006 426
5736 5019
26 8840
2001 5910
2227 3804
1542 3877
3712 3245
201 6008
8748 7361
7166 6324
6808 5097
1591 4776
8318 8980
6103 3389
2881 5107
6100 1634
8892 2599
3007 2126
2180 4115
8366 4229
1016 1143
7922 7622
5160 1287
328 452
8352 609
4979 5472
3953 2119
659 6858
7535 2098
7741 2376
417 6850
7590 2771
8768 6273
6765 4110
6204 6138
8456 2404
2844 8015
4793 5627
5496 296
5819 1490
5389 6874
2849 4600
8656 3449
1873 282
6947 6444
6698 8679
7752 7488
5641 521
5671 8039
2208 658
2850 1864
6637 1301
3637 1007
104 4459
8227 1195
3537 800
1648 2552
7191 304
7107 3244
4098 3843
1336 2972
1338 5292
8095 7550
7400 3467
5561 8787
4847 6545
2981 575
4380 8926
352 2537
829 306
2721 7283
8862 5389
2247 3519
1711 7475
6304 4058
7724 7885
3544 4113
3490 3906
4535 8537
5681 5669
1426 3219
2638 1169
643 8168
6146 3289
6565 160
3330 6413
8624 2555
8229 1346
5520 2715
3218 4398
1580 3000
3064 5170
4456 3794
340 1489
3722 6303
7356 795
4720 7067
149 4061
1603 8536
517 1895
4547 5453
5535 454
8190 6845
7538 2175
7685 5558
8130 6876
1440 4774
2246 3771
8827 5440
2655 4838
7887 2051
785 3231
2593 4782
3717 4856
3963 5448
4475 3557
7464 1165
1883 4191
314 1636
33 2711
8338 1927
6265 5780
4701 2590
8350 3164
7707 3750
8712 946
3859 5336
6749 5680
5772 6578
7914 3277
1132 3014
8516 6225
8714 2007
3888 6004
5000 1413
7650 7288
6935 8922
2179 1582
1021 4425
4755 3604
3658 7921
2642 581
7877 3909
59 2843
7623 3048
7183 2352
8127 3820
7835 4285
3001 4069
6247 7924
1558 3457
621 2961
2280 5597
1236 5243
992 5688
7450 7221
4459 8014
6126 7863
5040 6652
2923 5026
1438 4718
8128 1693
3260 7768
5710 2854
7985 656
337 4871
8911 8646
998 7392
2887 4891
2709 5899
8078 2450
716 6534
6477 1605
1876 3429
6085 5506
4902 6482
630 2577
8710 6908
3394 943
5871 7492
6741 5478
2044 2127
3389 1839
8660 280
7524 3215
2479 4884
2234 2382
4128 285
5605 7654
5585 8159
3460 5824
7762 3486
2698 5088
6625 7184
2389 4498
5823 1953
3602 5526
3353 3004
8135 4841
5757 3058
2983 8146
8995 4656
3370 7173
6760 4709
492 838
1203 2181
6961 2310
714 8696
1534 6510
595 3698
3639 1234
847 5199
1068 8596
5415 8764
4792 6311
8751 6544
822 2824
1425 2582
6653 8890
6181 6471
141 612
8680 3521
8545 8400
5930 290
1026 5326
6337 5248
6291 4676
50 7722
7748 3170
6905 3214
4271 2006
2251 6123
5140 3863
8822 4130
5064 852
5377 6191
4751 5510
2928 7824
6322 4201
7003 4014
7435 901
4694 4088
3858 26
8811 6646
6882 5300
8013 1904
5466 7238
4430 3180
8971 5991
7568 3266
476 5904
2465 7566
422 3579
1610 4912
8385 1161
8432 969
6270 5192
6896 1289
502 3357
1279 7647
8682 8257
2536 4865
7256 4904
375 1876
6846 8532
5397 2882
1198 8456
4417 232
4962 6340
5628 2687
3314 1637
8354 1747
6274 2272
8169 2894
6704 7842
7814 8031
7101 5565
4481 4436
5097 3174
118 3670
3249 7387
3381 2891
8181 2939
1019 784
3450 169
860 8976
5488 5941
5122 3708
5094 6734
8120 6088
6767 973
1505 2140
2563 986
5353 8155
5375 1176
5001 5586
5163 2737
1002 604
4478 4248
578 7997
3377 5480
953 7297
3522 3384
3453 6721
722 494
3746 4495
6890 5730
343 6905
7972 4079
6956 7477
2355 7104
2897 3050
7396 8360
520 8620
6031 6566
3340 6922
4324 1342
4505 4189
882 1426
3371 7115
5417 2898
6636 7609
1364 5332
7086 3295
2833 6103
7532 3842
6778 6628
7290 5584
3407 8091
8738 5665
6145 1058
3494 2542
1630 693
4835 6190
5508 2692
8333 1883
1902 7535
1619 7910
2004 6430
1699 6957
6414 4781
4612 3363
7280 4794
2250 4145
3212 886
7716 1939
8700 1554
2566 822
8220 1270
1072 1801
3238 1829
5294 6357
2839 8754
1272 1642
1574 4800
5597 993
3272 7356
2476 370
5920 5162
212 502
5314 1627
5855 1716
3458 8610
3587 7280
3175 6267
3412 6620
60 8005
5113 1578
6593 2835
4969 1614
7081 3931
7608 6258
2458 2933
616 5615
7876 869
7123 3858
7257 7337
155 6910
5146 3923
6139 7328
5723 8946
862 5956
6249 6216
8114 2541
3364 4277
5228 3940
4660 5434
5840 504
4414 484
5247 8609
5335 5345
5881 1772
175 4928
6317 905
5885 7619
3687 5719
8129 8560
7598 975
2036 1403
7530 7652
7021 3816
8202 8540
3764 6233
6663 5409
4032 1592
6568 7857
176 7347
8678 6218
1514 6034
7414 4533
6665 7676
5254 3865
3525 4290
5785 2415
3016 154
6486 6972
2270 4897
6350 2864
1112 2454
2889 8589
2408 2361
8856 5519
2688 7376
8567 6435
2468 8057
4109 3945
4036 1685
7761 1337
7708 1852
3185 100
6483 4580
4843 1090
3151 7565
1321 1022
5955 7669
653 8895
6842 4258
467 880
7143 1239
8243 8716
6555 215
6386 3823
588 1709
1966 4179
1292 7914
6183 3754
2932 2373
1219 8355
930 2810
5679 8040
8291 3332
7405 3946
5137 3360
2249 842
2335 2064
10 7602
1184 8719
447 4287
1406 874
5432 3790
5446 4447
4307 8430
6366 1508
1930 2861
2084 8026
7960 2756
446 5722
8297 6748
7915 5667
5754 3408
4967 3278
8140 4466
4305 4548
5985 3545
3470 8004
7884 4151
3907 7638
1368 8230
8731 6101
6900 6408
3248 410
849 5994
5069 8506
6262 8256
2538 6244
1101 6723
4351 5880
5858 2151
5826 737
2830 810
5563 4964
6458 7716
4452 4968
6871 6749
4795 7994
7564 4698
8065 2551
8139 1100
7421 4279
6807 2547
127 666
2202 6982
1620 7730
7657 2339
5577 4862
713 7290
6067 8655
7851 3929
6701 570
1247 4075
6489 7663
7993 1877
3266 5156
5177 4429
8530 5049
3217 7657
8816 8046
7558 3702
4138 1428
5565 4216
688 2332
789 5752
5174 4021
6732 3049
5129 4952
5398 35
287 777
4798 4750
4263 1245
1533 1108
6577 2130
8370 7998
7492 6265
4889 2253
5136 2451
6933 5242
2528 5520
2024 5188
3382 5869
1719 677
2760 2947
6613 4821
178 343
3794 3813
7445 6215
2648 7756
107 2019
8907 2733
4830 4833
8163 4938
7132 2002
4368 7781
6036 7740
1596 4626
3965 6759
5413 2893
7438 3974
3086 6888
3136 3852
5769 2473
6305 2876
596 4177
6854 4789
1539 8578
2480 7976
6481 5502
7782 2617
939 1105
424 3953
8476 7177
5658 4360
7921 4657
991 4544
8850 3972
557 1422
4367 6704
5814 3119
6722 7874
5531 256
3143 4050
5267 8654
8941 287
7613 608
944 566
1130 5977
8009 4742
4519 5926
4973 5271
5633 4313
4722 8027
6106 4334
5116 7797
8777 3286
3373 6871
8492 8944
2895 599
4654 5706
1423 4568
2071 7342
4045 8783
3103 8795
4566 7585
573 378
6072 8552
8442 8630
3005 2742
1287 3731
4420 8459
6880 6812
1375 6955
6184 7148
1312 671
4656 3030
5546 4615
7043 3068
4515 3826
8162 3615
2059 8255
8805 2920
5349 4631
156 8879
1089 3010
6944 2290
395 1322
4446 7758
2193 4296
7534 3668
5691 3087
1611 6505
4353 6645
4061 5812
6030 5792
360 8852
8364 5965
2904 6172
842 631
2858 4960
6712 3410
7789 820
7455 5962
8116 3584
66 8825
2475 3318
8254 6985
1273 5398
5347 7520
3483 6703
6631 7122
7788 456
4975 5249
5543 7785
5993 7736
7105 6167
3271 4423
5958 1982
6302 7141
7013 3748
3608 2190
6670 6976
2553 496
404 8816
466 5873
472 6094
6837 8567
1794 6539
5221 7137
5708 4156
7560 8844
2704 4661
5159 3054
504 1840
6452 6405
2315 8109
8196 1974
5170 7502
8824 5119
8808 4194
2735 2458
7100 3029
8429 4695
6740 5777
6368 1472
7750 1351
1814 7265
4306 3850
5573 3165
4497 5443
7225 8261
5528 6644
1870 1545
2941 6944
2171 2957
73 8522
199 2569
1126 6246
6393 4635
5575 4426
1276 6769
4482 5646
6510 6866
2826 8773
6994 3139
4585 1788
1710 7000
1398 3426
6371 6980
8852 1459
7034 7398
122 8455
3402 8868
460 6407
3279 6220
7469 7343
4024 2958
7978 3975
4234 4171
4518 1678
4838 4574
5865 1133
4421 5672
2961 7595
8993 1910
2080 1991
3427 6617
1386 7603
6066 8087
6910 5367
3028 1496
2900 4446
4578 4356
1990 1180
7162 8999
1499 1475
3579 3306
550 3431
3992 1600
8944 5816
666 3063
348 4799
1951 7553
168 5883
5721 1204
5875 6532
2665 1723
7528 2977
8875 982
7296 8123
5477 4931
2631 4009
2682 7946
1498 6099
704 85
7453 6230
2652 5393
5702 8831
1298 610
8593 51
6662 4452
6784 2095
1838 6960
7699 573
1652 2292
113 8546
6598 5972
1694 696
7746 1623
3929 1362
4121 1571
965 2706
4922 3201
405 2306
7883 4108
8064 5700
3832 5836
7679 4016
4767 6276
3529 6664
302 3679
5016 6096
7076 3310
8936 8746
4356 646
273 6911
3245 8605
7212 8299
4787 7038
4075 1954
4207 1918
6278 7075
4105 979
5884 7243
2353 2588
8240 3028
6429 8539
4735 5203
4419 8501
6737 8007
1819 2724
3468 3375
8326 8032
8158 1648
3640 3098
7383 7859
7523 3864
5560 8906
8572 7320
8599 1199
3994 6392
1115 2078
5644 1986
8015 6000
2968 7467
8600 7878
8249 3082
1555 5529
7150 1028
652 268
6472 7895
5005 6285
1361 3202
116 4798
4302 3911
2367 7623
3119 2946
3981 1921
7357 4228
4499 5422
5900 5504
5298 8182
2954 393
6370 8781
3663 3455
2610 5402
763 7311
8549 103
4296 669
2257 3159
7737 8013
4161 5444
6363 1531
8938 8545
3947 4311
8626 4133
2303 6551
7446 7246
2471 6586
5452 2636
4507 6047
6344 4082
190 6774
8294 6705
2454 1441
5433 8943
140 732
4733 2950
4142 1700
6796 2028
1676 7266
6509 2873
3759 7615
8391 6137
2639 3503
1125 3797
1108 5617
620 2797
7428 3724
1601 4468
4230 2850
4940 6575
8328 941
7173 8668
5696 2694
3839 4882
3307 430
7362 1302
2031 684
964 3569
701 7214
5369 3570
3969 1704
4355 8686
8483 5602
683 3703
4894 4588
2287 5789
8298 5606
3331 4243
1720 2727
7112 4566
4913 5838
4561 7825
2645 6651
5087 3613
8464 4123
7543 5007
3236 6458
2535 7446
234 4637
6244 511
3860 3011
2848 3142
4572 3269
8514 3156
4308 2960
5003 6416
1409 3324
8757 3552
5149 2776
3605 4317
4802 7449
4608 7117
6445 3725
5921 3330
1790 1748
7653 1969
6931 310
1105 214
7605 6229
8026 1347
4543 284
3455 6329
6266 4003
4911 5483
78 1179
270 7634
2606 5126
8644 7815
2718 2902
4096 5303
6334 5089
1666 5084
6971 7836
741 8422
1170 1726
603 2901
2204 128
729 2515
7195 801
2847 4329
8834 2741
1258 3722
3163 7727
229 731
3741 8413
8835 2633
238 3537
2875 4249
2664 2828
2129 6248
8479 6730
5388 6476
2236 8911
7374 1758
977 3062
8891 8225
1470 7780
5206 3836
6422 7702
1815 1893
6099 2722
5035 5690
8155 5959
6738 156
7298 3125
3444 491
7663 5404
1006 6501
8187 1242
8436 747
4137 221
1013 7394
1111 7156
1381 6986
5787 1604
4395 3980
5887 313
6959 8390
709 972
2370 8918
4228 7604
7519 2681
4881 2161
4204 7352
5945 4751
6776 4067
7581 8809
1443 7206
2930 5198
1305 5724
2003 4501
7194 7675
8195 6323
4021 6235
87 6027
2998 8375
3959 7245
2781 2390
1076 1236
912 4906
1194 5925
5162 2562
3037 4885
5926 3176
2716 5763
8607 1820
5085 8217
4125 4012
4502 718
4611 453
5486 665
3599 6834
71 3935
1656 7451
5494 4301
8653 7557
3041 6438
6382 5424
7715 2897
8171 4093
3751 254
2217 1789
4009 8921
7844 5314
1359 3397
1725 1408
5357 5704
4774 884
6851 900
8818 357
5675 5021
7051 5239
7646 7040
6025 6477
313 3524
345 8558
8381 2757
1953 3662
3652 1958
2779 4887
3744 6918
51 1177
8214 4640
950 4611
6162 8314
6104 2035
4772 5942
7632 4955
4762 5936
4581 1182
205 3066
5187 2215
3227 7077
4740 8423
8138 2657
1912 3506
8339 2887
8661 4386
3166 5997
8341 932
8011 1202
4262 3341
3927 348
2177 1183
191 6400
8641 4321
183 2918
8082 7812
402 5307
8173 3309
7378 1851
5231 2915
8052 1053
1210 450
8022 8616
811 4125
1906 5860
7935 7229
2342 3815
2261 4936
338 4595
2522 2475
1987 4920
5175 8613
1502 1516
7690 7650
1159 4893
7015 1038
2594 8121
5907 2396
8524 6355
1971 3916
6690 1955
3419 5748
2788 5272
7848 183
7269 522
5192 536
5419 804
7981 4844
3634 3513
4114 707
1486 3315
8847 1384
8619 2713
5157 6728
8983 8279
6134 1318
5184 7862
299 2495
3629 7617
8164 2852
7979 4734
2344 2324
3475 7162
4063 3912
8673 8219
233 4704
4786 7703
5626 963
7238 5751
1175 1585
6020 7613
2580 5884
7301 8460
1248 3267
6014 8492
4638 6784
3375 8624
5112 780
8278 7298
3062 1327
5627 8471
821 3250
1975 6802
4486 2049
1593 3153
3775 3692
2161 7959
6491 8394
82 6717
3996 3485
329 6331
5732 7903
8810 5782
656 5092
1785 7121
6129 4853
5731 1082
5986 4251
4048 8997
2320 5215
4691 2262
3894 2264
4815 5740
1226 5862
6766 3531
5828 3304
4189 854
6323 8705
7742 619
7117 670
4170 6742
126 768
5060 7301
3223 2179
3426 8025
2862 8782
2427 146
80 4994
114 7845
3140 2016
6531 5535
8695 7057
963 3273
2713 8332
5265 6900
8145 6927
218 7612
4653 3471
4124 4096
8000 4857
3220 4715
2752 1162
7277 4210
6061 6125
1162 3141
1750 4822
7486 3903
1897 1466
2229 4777
6295 2683
584 7761
7630 6821
2846 3839
7432 5800
3141 4032
4282 4419
1757 7771
6946 161
4126 2316
7799 6115
6984 7155
55 2221
1316 5973
8920 18
6212 2563
606 6667
2188 5477
7366 3352
159 8169
136 2992
6173 3856
52 7391
6215 6354
6525 2649
7718 3144
4559 34
7792 6299
2811 121
4804 1941
6922 5470
3312 8415
5882 8021
1830 709
1957 5993
7711 7080
4869 7285
7477 5580
7347 6515
4690 6455
6661 8762
6863 1310
1869 5254
6533 3663
7518 3530
7700 1999
2258 8771
4276 3532
5334 8889
8671 4627
8922 2395
8361 2565
6142 3970
416 4995
2319 2705
2926 5442
4187 2629
6530 4211
4854 7397
2439 7629
6177 8953
2532 1616
6587 1218
5346 2481
2016 3151
5439 5663
7655 4230
2967 2743
8647 7889
5378 7528
6513 2197
4766 2868
7334 8858
869 1934
2820 433
5128 4521
3050 5043
1063 6496
2686 7259
6873 5639
4217 5231
4637 4945
187 3227
3875 1071
677 8500
3848 5363
1556 6119
577 1699
8953 8928
846 856
4907 3155
4949 6744
4632 6165
62 8237
4805 1993
1941 2659
2268 2627
6092 6269
180 3660
8186 2122
4602 1178
134 7827
1479 6061
1173 1476
5408 5419
7580 4614
4580 6524
354 3108
7423 6286
6963 6322
1242 6376
4513 8248
5218 2750
372 5908
7854 1822
1003 6718
4837 2276
6311 1296
8463 2747
4549 4757
3655 824
6279 3326
8582 7893
844 814
1313 1584
1128 5686
4310 7096
4423 8300
2882 2578
2345 742
5225 637
7717 7935
7686 1046
2 3998
4165 4344
5434 4293
1658 736
4250 3366
591 7261
3367 28
1169 5066
1875 2546
4431 8210
6970 6275
2473 2609
5749 305
8725 7982
8821 4056
2503 5235
7536 1857
5059 8088
4713 775
5532 7377
743 1650
5253 5811
3778 3817
2357 8807
5359 4105
5418 779
8589 8828
2121 4120
887 7403
7903 3565
738 6803
8286 3934
3150 4725
1933 996
5240 5974
129 1842
3962 7530
7527 8402
4194 6864
5759 8445
2573 8848
5836 3395
5555 8606
1905 5746
1842 6432
3852 5054
2541 1142
8324 3835
1213 107
734 2447
901 5460
4039 4762
202 6178
5536 3968
4110 3260
807 2728
7020 7217
6401 5898
8931 7159
4065 5364
4331 2409
7894 3446
119 8263
6431 4394
3410 338
8440 6738
3971 8042
171 1784
908 5539
7702 3294
2615 2050
8739 2971
3333 5813
4832 3992
4012 5658
8906 6131
5448 5968
2674 3825
6498 6201
341 5570
7680 8934
8755 2424
7459 4890
4135 7054
3627 1395
6294 8758
637 1325
7969 4876
3542 1544
8378 1794
4976 5355
449 7289
918 2566
8303 8099
7636 8329
3406 2407
2679 1790
4362 7995
2634 4148
3061 3207
5479 3956
2380 2545
429 1072
4332 6325
3615 7666
2498 7091
1110 8407
6955 346
1449 4773
3359 2066
4442 3238
4202 4990
5712 7153
1798 7090
522 6252
3287 4970
3011 3781
1856 4451
8292 3861
3069 1012
6901 6755
4033 7767
6728 5933
5936 4896
7879 618
5801 3597
6752 2671
3779 4006
8018 2129
4413 629
8742 381
2485 3553
8915 2428
2605 3678
8869 1481
7442 7330
809 151
1303 4116
280 5636
5437 2521
1884 2317
7531 2248
4465 6751
320 2186
6672 8503
5276 5151
5969 3044
426 2786
5911 3828
3973 4192
2093 8502
3022 2162
2568 5542
3592 4094
6475 3109
453 2188
8672 2598
7795 8955
2372 8064
7186 1435
7549 6209
3447 5085
196 5563
7369 845
7858 5852
574 8406
7545 1601
6194 4482
2456 8079
3834 4128
5073 597
3372 7937
2696 8241
2635 4831
1731 3376
7818 4207
5381 3772
1511 1368
2235 3595
6696 8016
4394 7879
1460 281
4439 1523
8890 2830
3205 6596
4426 8745
2955 5720
6815 8776
823 1326
5653 1659
7552 2909
1532 8074
7441 4607
8513 5605
922 1116
7254 2919
6642 5513
4225 3291
6941 3230
3720 998
6821 1482
6197 7707
2680 5140
6558 1733
4814 2502
8772 4022
5551 2203
7889 1734
8191 3922
4120 363
5982 4178
3161 5127
531 7333
3667 7292
2567 847
7339 2899
135 915
231 7207
6628 4167
6694 3303
7072 3564
7855 667
897 3789
4629 4497
1266 6648
4919 2761
4546 7607
5716 1914
2938 11
5527 6659
4972 1462
2112 8135
7829 8324
6937 895
4809 2910
6898 8148
2637 1275
3032 2736
112 3335
2916 367
935 790
739 5497
7415 1522
4597 3791
353 7683
282 6950
2322 3373
5243 3193
1773 2139
4160 6272
3247 6090
7083 2782
7391 6616
4742 2446
3856 2061
54 7847
1612 564
2714 3179
8778 2479
4164 5916
604 3995
6267 4713
3104 547
8106 3659
1160 3907
7734 8915
4803 7686
8342 6160
2168 2664
1741 7854
1163 1295
7137 1383
7233 782
1014 292
5690 2471
8841 1535
7420 8333
8552 5807
926 7017
2165 3209
1663 6072
3057 4584
4757 4472
5230 4534
5748 2573
6374 2519
3714 1664
3711 6619
3873 7516
7565 7723
3162 5508
7439 8180
363 1761
6891 7942
2149 7219
4318 8128
1221 6082
2299 559
6523 1837
7228 793
1598 5116
3156 7810
1034 724
8033 6422
7319 4837
7209 1334
7472 2448
5579 5499
4810 1439
724 8251
1538 8602
1840 6561
468 5264
7141 5065
1655 1432
5607 7216
7360 8203
6654 4691
1935 6274
2420 1665
4118 4658
4730 1479
88 4651
5504 7468
6186 4406
3788 7158
7409 2976
959 1841
7572 29
3234 757
1899 7494
262 4687
7677 674
6606 3249
6921 7365
1784 5922
6358 4095
4651 2539
2232 2348
6537 3182
8311 1799
2835 1682
5781 5583
546 3078
3229 859
7387 4712
2775 351
5618 6224
1818 8106
3395 628
5820 6031
3886 6806
1772 1620
3625 7945
7641 2925
6563 2544
1025 7813
2478 3655
5078 1136
8932 4899
4003 6693
7865 3137
1570 4038
8426 1587
3346 7027
1839 6731
2371 6585
330 5041
471 1250
875 3538
8275 7113
2905 2370
5656 203
554 5802
228 5495
4529 5984
2671 829
2596 4543
3580 5893
7120 2180
5172 881
7857 6531
4989 1671
2991 7185
3038 7665
1437 2564
4265 8674
7697 3394
6727 8017
1713 8080
6861 896
182 4622
6105 408
836 5099
567 7610
7300 1836
7462 3166
3692 1874
8269 2658
3029 7032
7687 4002
3491 7833
6170 7146
387 5432
2540 3017
4876 8259
3304 253
5938 27
7769 6168
7759 7073
1949 8384
8375 8194
2309 725
6069 7636
2727 640
7 8575
8374 7119
3221 8914
3417 7539
1389 4694
2505 1021
3763 4004
160 7258
3404 2580
1851 8288
6657 5335
4064 4392
3796 2029
3442 1538
2780 7828
2587 1074
2464 3600
1579 3218
1136 8312
443 6442
590 3314
3600 1212
6019 5288
3644 3239
293 1348
4808 4354
2985 8429
2729 4503
3514 2100
4401 5856
2798 5966
7618 2516
5545 1309
3518 3502
4010 2261
2736 1281
2769 3672
8533 787
8417 1580
3653 4583
7066 4663
3849 2581
3114 4571
7114 4118
5313 3095
941 246
197 4728
6938 1148
5082 7718
2400 424
2611 4339
8608 508
769 664
5009 2661
7093 8559
4470 3021
5646 5937
6460 7923
2936 3588
6841 326
5733 4680
7739 1618
1410 2271
3823 3896
8401 3528
1900 5261
1484 1135
4872 4693
2056 6200
8709 1117
4754 4610
3865 6681
4418 4892
7407 2328
5931 3549
5209 3976
7240 8346
8337 6739
3100 4387
8521 6907
560 3263
7933 3819
1744 1470
8614 2911
6068 4754
6297 6150
260 2770
4274 4158
4208 227
3552 5482
623 3380
2622 5202
264 8656
4729 6041
2099 1903
4186 8882
1546 7270
6437 2995
820 5849
5459 5435
6264 7237
1455 6937
6380 2716
956 607
4030 3905
2539 686
209 3071
2949 1886
7622 5204
8752 8228
4538 5416
1274 3354
1915 3434
7053 3436
5015 8216
7701 7348
5327 8866
1027 8073
6187 5676
7673 4721
6336 8827
4557 4111
415 7544
4662 7744
1304 3603
1442 8409
6877 8808
101 7412
698 4297
8061 1321
2815 411
3316 8984
6769 5995
1605 2930
31 4302
8411 660
5297 3566
4289 1083
3351 7111
2970 5622
448 4975
1295 7677
1095 123
377 6891
662 7897
6360 4755
5252 6370
4361 2227
3724 8105
2712 2956
4052 4453
5740 1821
7556 3456
1306 6330
7270 1679
8629 6682
6385 4645
4545 699
6276 462
4123 3656
8355 2675
5550 2556
1220 3056
5869 808
2369 966
1062 5040
8788 7021
6166 2997
7188 4365
8465 7024
1054 1217
4548 2216
1134 352
7764 5721
5654 94
8937 2955
4631 5633
4790 6457
8494 3684
5717 8742
2017 5545
4829 5808
8829 964
986 6669
1176 3433
4083 5527
3516 4282
5227 8265
8503 4349
2263 6372
3675 6786
5506 8830
2519 401
1507 1602
6812 4740
5493 7482
6999 3224
3082 2152
8371 6459
5048 3840
4346 4494
816 5521
6035 8200
6367 7399
8048 1086
5838 4449
1035 8527
7134 3895
3900 8593
4773 6663
7779 6557
4797 7484
1199 6835
6980 1253
1218 2318
5471 4483
5084 5787
2687 1762
2414 1550
289 2196
7944 2114
5482 6310
5491 6636
5526 1203
4373 3001
6612 5115
5032 175
7776 8331
4655 4474
726 930
4339 3707
3074 1542
7355 111
2228 6320
5219 3682
4508 1703
7045 6044
4780 563
592 6580
8006 3197
1923 4508
6313 1340
4085 1175
8203 8829
896 4934
758 4981
7952 7368
304 7531
7953 6556
5143 8399
1411 7969
1805 5028
3538 8208
3881 5285
179 7085
4765 8452
4978 3232
2037 4490
6381 7505
3466 229
3885 5036
4807 6380
7631 5196
2884 6019
22 4745
1315 2895
8233 6434
2747 5566
3671 6480
5101 700
1688 7345
85 7719
8343 7967
7669 4421
5429 8569
6511 1889
6480 4410
189 3138
3791 4008
1679 1102
1412 4665
4185 7621
4716 6768
7567 1112
4693 7840
3324 4621
521 2445
7934 7424
2527 923
7648 6996
5120 198
2445 6942
3380 4234
427 4369
6845 5840
5770 6965
1225 2896
1911 2112
6203 6
7503 7031
5291 4355
3070 7350
3831 7909
6915 5421
8412 1343
686 1853
3135 4175
706 199
5099 5931
2710 96
2012 3937
6847 1730
6029 3638
8598 2604
1669 437
2146 317
3589 8138
4210 4556
6231 1577
1653 6391
3666 7957
5888 7883
2627 251
2394 4361
3118 6415
7258 1437
4451 3427
8532 3189
6131 909
5518 5915
1008 5074
4494 555
6648 3686
4240 6604
4488 2589
8149 5123
2296 2693
7975 5912
2224 7186
881 6640
3132 751
5127 1696
938 1389
3174 8052
5529 7405
8285 8846
6924 168
2924 2434
5802 7199
2134 7917
562 2430
1259 5659
886 642
2973 1064
3027 850
4261 3621
5909 8389
7561 7701
2045 5171
4719 7782
4641 1149
5687 7867
2364 1887
4932 7507
3178 1285
1144 7302
3945 4991
3836 8339
1671 3459
1001 860
1642 6018
3866 1765
2191 8988
2722 1171
6493 2585
4159 8701
29 2821
1922 6251
4211 813
8060 7306
7231 7640
1377 5698
465 5154
392 4573
1762 1328
5395 4649
6715 4948
6508 4303
6211 5582
5406 2380
3081 6745
7856 3007
2189 937
4567 3841
3021 4562
267 5817
1852 2745
3976 2124
8898 5075
3226 3870
5830 2260
5547 7902
7479 2596
8575 150
8118 7527
5025 2788
8290 8718
4477 5598
543 260
76 3547
5333 7739
310 3926
6623 6740
4560 6317
6240 8799
3291 1196
8230 7904
1347 6206
1996 961
8555 6838
3437 5009
1141 6109
8256 5768
8131 1915
6646 3759
4607 6199
5193 8822
6750 7192
208 6564
6237 8462
4019 2975
4623 3405
6699 8521
6916 5854
194 5921
1457 329
5284 217
4375 543
444 8175
8773 994
3879 875
3263 8150
192 2087
8743 8676
6792 8214
2728 8887
3736 2421
6950 1018
3334 4225
2061 95
6257 1261
2838 7227
6820 5568
3239 7089
1285 89
3723 4585
5562 1666
5629 3792
1748 8183
4931 2600
441 5358
4291 2890
5510 4666
42 8095
5891 7635
6811 6995
6521 2169
7307 7193
6208 8152
6897 6750
117 5309
6256 5255
5235 2831
6179 4276
7919 1992
75 4479
5109 980
7859 4054
3077 3381
7584 4720
6488 3512
5941 1405
3347 2966
19 5764
2921 2321
2157 8496
7841 8412
2211 2660
3698 240
1510 376
872 4458
537 2628
3520 7013
7873 7772
7220 6022
2705 3563
1490 4597
3702 759
5676 1819
8803 2240
7288 3293
4140 7791
8320 402
7457 5632
7578 8739
783 2379
1240 680
2754 384
3067 5333
2670 2833
8581 6139
4287 5353
1787 8092
8281 8441
7373 4224
6656 7189
8604 7589
4025 455
2702 423
2401 2712
188 2326
6471 2560
2598 5886
2436 273
5591 3807
888 6785
8123 1163
5074 3723
7246 7497
3784 7992
8323 2023
1158 2840
8460 5284
3472 6948
782 8936
2126 6513
3990 2455
8885 7704
3039 7725
6357 710
4606 2366
1400 5220
305 3013
3474 7254
2091 8468
487 4605
6288 5302
3532 1575
6293 5163
2108 929
8055 3345
2790 940
1382 6105
8789 1156
2792 2880
5012 8072
3128 3963
786 1732
2127 7540
685 523
4682 5046
5534 8313
3512 1739
1802 1505
7957 4424
1284 475
4333 2543
2289 3186
6252 5697
8728 8579
6827 641
7977 5523
3674 1068
2255 3938
5974 678
8747 157
3091 457
1618 8603
7615 1647
2453 2719
1269 1124
3020 2299
4573 1929
4990 5120
5220 580
3904 3382
4496 4805
5980 955
3393 5383
2137 12
2334 6488
5602 2870
6582 2091
361 6898
5400 1977
7402 7988
4218 6056
5463 7438
223 182
4763 8973
1133 4496
2600 4161
2460 8588
4501 6375
1650 149
7122 5826
3189 4898
3452 4066
225 2801
4856 3717
2765 7705
8119 5371
6156 441
5894 1391
2266 8387
4634 5259
4229 4926
5500 1433
618 5579
5310 752
1575 7427
1606 4146
8878 906
7014 7668
3215 3435
6299 7126
744 3973
795 7779
7513 1201
1724 334
4886 1611
5304 4872
1422 5201
7665 767
1626 831
2349 6386
5358 1150
7923 3766
594 2422
2200 682
967 6219
6747 4877
432 1478
4636 4274
8112 5493
1208 5339
2591 3767
7259 8246
1118 4327
764 8104
8648 2012
7838 3763
612 5969
4322 8319
6196 2187
1518 8490
2444 1607
6545 1588
7239 3074
4259 2259
3807 3162
7635 1091
4542 2033
5293 8243
4723 6479
4344 3631
3416 6959
6995 3919
1529 4795
8978 1386
8631 6010
39 679
7497 4913
3116 995
8794 3949
3142 7637
4157 5996
7142 8533
6018 7200
3908 8171
2125 7416
4106 695
3877 7777
8387 1928
598 5999
2870 8164
292 5233
3344 7299
510 3641
607 7188
1508 6195
8336 6278
1974 1548
3576 3261
3031 3894
7620 7938
3957 6484
5743 5507
6470 3047
3610 5715
5280 1812
7728 4174
1850 3941
7563 1387
7767 8310
5242 8582
3052 4442
4049 2941
8434 7936
2592 104
5922 4959
7778 1978
8689 2853
4383 8307
7606 4644
7501 5269
2715 2878
4958 1745
3932 7213
4068 444
6608 1945
8734 3996
5766 6261
8050 6517
7714 1536
8693 8370
1950 791
679 8563
4198 5258
636 7522
8964 3439
7197 8438
8750 3080
41 1573
420 7411
2632 8937
4942 611
3988 4810
8717 6697
8075 355
4857 2099
7743 2286
8686 2425
276 3523
6640 5681
4172 6346
2213 3445
8152 1743
563 6746
1526 5385
6550 7022
1476 3152
2386 7098
1452 6193
3821 7913
4227 3799
8956 7366
6449 2964
431 8112
1826 8103
720 6067
148 466
5984 2072
1726 1565
3660 3622
7740 3932
8988 5532
2692 5784
3560 21
1190 2344
1893 7028
4348 4294
2625 2330
962 8678
633 5737
477 5349
735 3751
3982 1030
1985 7628
4677 6572
2697 1710
3840 7743
8854 6582
1249 3206
8691 2561
6758 33
3392 7041
7192 8712
2756 8801
4957 6078
549 1800
6902 3592
2239 7435
4704 4719
6795 2953
4445 5575
4759 1624
7461 307
6497 5850
251 5342
4286 2527
3148 3768
3111 207
7637 269
1229 769
5990 147
5522 7205
7152 6997
3477 2623
1519 1617
2301 3872
5833 584
2588 7931
572 6060
307 8779
2153 708
6277 4281
2934 8140
4595 3316
6172 1467
277 1269
4329 2940
8609 6829
4640 3211
7140 4278
7463 1185
1495 5128
8893 5124
7437 5475
8501 6130
5487 1299
7837 4967
1444 1567
6706 5489
1692 1514
994 7432
242 1283
7198 158
8316 8133
7000 3282
2764 8974
5623 952
6751 4200
6621 1469
1088 142
5807 5762
1849 6353
8081 4962
8397 7728
1551 8487
5241 6162
7787 5301
8258 1416
1290 4481
2774 5829
813 5056
7925 6059
5451 2905
2399 4124
7629 5341
7713 7004
3630 6412
4390 359
1307 5298
6132 195
434 6771
6830 4778
6122 1211
5051 8173
1116 1654
3003 8163
3569 3407
3715 1187
106 7183
2896 4432
3633 8765
4410 6592
3641 971
6392 8376
1821 6257
5260 7242
4285 1131
6660 8909
5937 5347
6989 4629
5933 250
4985 4570
1904 3627
4288 3299
6453 7655
6781 6665
24 5726
4577 4029
1195 6775
2746 5006
8813 1146
7433 3987
6327 4268
6723 2171
7273 2467
5755 1036
7394 2200
5201 3733
8159 7577
1488 8568
36 8854
4600 4869
900 3705
1937 5543
3391 7532
4386 2063
8293 8591
4528 4668
5214 5375
6157 3473
3195 587
2392 5184
6785 3738
6283 4333
1952 2643
3524 1487
3040 7807
2110 2877
2276 8154
8578 6711
1472 2704
2336 7835
6315 7133
3194 947
5667 3900
2174 3808
6223 6991
6224 392
6053 7335
8273 7673
634 6070
5086 1377
79 6841
7174 4084
5360 3419
8560 4502
5038 7481
3768 5944
216 7055
7382 4925
4880 2155
4672 3548
5856 5641
318 6919
674 3428
6329 5828
619 6075
6251 6598
6726 6029
5817 6169
7772 2032
6130 5577
3598 2505
5897 2282
3837 3709
2971 7426
7643 5463
2552 8495
5979 3060
2098 1093
8721 5076
6000 1768
2740 2189
6188 6393
3385 3483
5568 321
3026 5790
8506 2004
615 7100
4479 8777
419 3365
3246 5562
6607 4643
2748 1537
1228 3950
5093 8819
923 8097
951 4324
4556 727
263 6301
1643 5986
6929 8204
8887 133
8165 3654
181 8383
7860 3105
7942 6554
8696 1265
3051 8043
6117 3533
2007 2826
5344 2466
6246 2270
903 6491
5478 3490
385 5592
6974 4470
6359 8317
4747 3061
2151 7881
7500 4480
7353 2697
2187 6625
8570 7563
8894 7006
3802 8447
8807 7513
867 3765
4898 5533
8133 7963
4570 2156
3464 5446
423 3609
7801 6629
1609 8391
1471 1639
347 1026
5669 5578
8963 957
2166 1095
393 6971
5752 5441
553 8045
1753 3097
5895 7774
8849 4881
4648 3115
1599 5219
1149 5731
6171 1995
5630 991
980 5412
2222 7203
3950 4031
342 5595
3668 3795
5399 6009
6041 2514
937 2219
4293 5920
1070 5390
3977 6671
803 3472
3689 8690
7967 4780
6981 6188
544 4530
514 1010
5703 7843
6403 6312
2422 4070
718 1029
8073 1960
4853 1599
3683 6396
721 8008
5927 817
6075 1052
6286 2274
5734 2268
5806 7196
8351 126
3614 8806
7126 2838
1675 525
2925 5281
8930 4909
2828 8327
2260 4671
7722 2041
6912 5456
8979 7373
4222 1382
2564 2845
4893 7025
1278 7109
1046 2225
8177 5344
2994 4642
5661 231
4297 2247
7999 8969
4700 1557
3320 2487
4020 7107
6026 6463
3686 913
6799 255
2558 7110
6478 2859
8954 4053
2762 8373
1004 8347
440 4047
398 2338
1384 4759
943 2994
4094 5664
5771 5713
7790 1767
6632 1625
3943 468
3182 8657
4247 3298
7589 6420
8226 234
8832 5678
8295 990
6532 3252
5037 7526
1525 365
8760 5666
6281 5100
4633 1461
8977 299
7074 488
6348 125
4917 3743
4951 2548
1430 8253
5746 853
800 939
6321 8993
6988 316
284 1396
1114 6518
6500 5951
4290 6395
857 4707
1408 6831
6506 6967
2562 4256
4666 2874
6456 3567
8157 6902
600 2959
7443 8287
8049 7551
5517 8130
1734 2341
3964 2307
5 675
2267 5263
5277 7059
7392 2459
3930 5809
5795 8186
1963 1850
5071 3780
8084 2625
1561 6382
3180 7894
2390 6610
4059 5767
1594 776
7698 8242
545 6361
8761 4265
2434 8117
7426 297
1752 1400
4587 2619
1509 4476
8722 2862
5797 3221
2502 8093
8505 6737
8781 8933
5788 4460
4530 1926
3036 8902
8959 5588
2654 5677
4839 71
4320 1998
2703 2881
3089 7150
6009 7083
2333 5106
1670 6271
3623 8996
575 7682
3895 789
4441 7838
8289 8341
6600 6254
5949 3465
2599 5875
503 7236
3237 2648
3443 7472
6349 4861
2683 1984
7135 495
8708 1695
4569 5612
1140 3041
4707 992
1913 8629
2763 1393
279 6447
403 5673
4744 6613
7167 1848
5212 8262
2561 5766
5843 8894
3798 4791
1932 7312
1113 2796
8445 4659
6522 697
3285 8478
1936 1609
4154 5166
4613 5753
505 773
5730 7547
2621 8615
1808 42
5912 2818
3975 7220
3758 5913
6551 4172
5809 3339
7515 4402
8713 6549
1916 3562
6710 3072
1701 6226
3499 60
576 4165
8628 2176
5507 8426
317 173
6777 6618
547 5692
7484 6298
5910 7287
1717 5410
7962 3402
4079 2766
771 920
6447 844
7158 7253
2549 2408
756 276
7349 5879
2787 5671
7071 1959
5665 1367
4702 4888
7706 833
2136 406
1282 4772
2438 5186
8965 5190
2421 4330
4029 3420
8121 3851
6048 8197
3076 4594
3564 7293
3543 4
1301 8480
1988 3614
2365 7247
3388 8775
3273 4083
548 6414
4498 2528
4769 8694
8746 4181
3661 262
3422 8466
2406 7419
1237 8700
3110 6453
1480 4270
5738 1830
4071 6928
5245 6716
8094 8483
5572 3868
2708 1483
730 2172
3120 1518
144 7044
8150 2866
3383 7537
8360 6196
3603 3187
6111 3517
3808 7710
2023 2986
2733 8697
7330 3452
8083 1832
1727 361
6903 417
7351 2698
8916 386
3795 6409
670 4550
8763 4625
7827 6634
69 3802
6377 6514
5859 968
969 5455
1183 3695
6090 582
215 6241
319 387
4753 8177
8431 1594
120 7660
6688 5293
1094 7226
2219 8797
2190 4257
3198 6411
6787 4187
4015 5551
5132 8411
3047 535
812 5077
6482 1589
4536 3350
8908 3612
2945 2457
3471 3254
5715 6708
4882 6146
586 8472
7336 6339
137 5774
4167 7194
1104 8451
7667 2510
1855 69
8189 2917
3495 5616
2446 3833
500 4540
3465 2322
95 6247
5268 5691
3488 6630
275 1015
1032 8757
1355 3100
7265 425
6485 6887
2958 4601
43 6429
7411 1698
6218 6725
4273 6085
278 8640
2030 1628
5662 8832
889 3122
3709 5132
2950 5732
7370 5485
8896 4254
1560 5474
6290 6417
5238 8336
7836 7506
3853 8281
7783 5005
7634 4132
3072 7899
3164 41
4325 6424
1874 7737
8174 1113
6724 8286
44 2718
4956 5534
7936 7916
8368 2755
1895 8732
7508 3904
1233 2603
8510 257
3738 7974
632 7981
198 196
5014 4748
5513 6647
8664 5953
1659 1500
8111 3874
53 8885
7318 2456
2457 5354
3526 2104
4584 5227
917 2273
8874 4010
4954 6573
1943 4870
7047 2365
2006 213
6189 6597
3572 19
1022 206
5106 6687
6855 1246
7488 4377
8798 3611
7168 1907
7980 7908
1644 781
6560 6577
2103 3688
438 1944
5663 3957
1311 1167
6925 898
2384 1144
3430 8238
736 4579
6462 716
241 4150
746 2612
4604 8250
6047 1004
411 3777
2218 6315
5989 5629
65 4804
8976 4376
7440 1330
5988 2872
3225 6540
3754 3555
1955 1868
3210 1541
4738 6992
8072 4473
5842 6452
3928 311
7902 7316
2035 4509
483 3469
8586 5890
1743 1845
1910 5682
5250 3960
5328 5165
2898 3223
6684 3121
5043 3195
7514 2851
8683 1415
8534 1949
5191 7052
334 7163
6835 7295
6626 7649
5693 5087
57 3514
507 965
2215 8768
8946 3496
2009 1427
5296 8306
2220 6656
2894 3575
3177 2086
7475 2748
7986 2304
6078 8156
4487 512
5509 4081
6011 3954
2691 837
2590 8904
3476 8354
7311 7066
5473 2358
5729 8270
6622 2094
7547 6776
6234 286
7314 6051
3577 1359
8973 8
7332 5938
3574 7317
5030 7160
5996 7861
1041 8469
1227 4163
2312 5197
8998 8174
8960 6935
8039 3770
6207 8638
7410 531
4219 5514
3308 5970
1657 420
8879 4686
8340 6783
5151 1424
3999 8965
5664 7248
1641 6559
7522 5567
3648 333
6330 7844
1165 8119
4334 6321
3428 2193
3595 7738
4406 916
4269 1854
1845 3740
1028 5644
1503 3561
6991 8493
2487 4950
7644 6015
3527 4169
5049 6760
5576 8998
5428 6963
6878 1044
8566 5225
2855 414
4539 7523
2582 2055
1921 1707
3903 2981
5158 2031
7892 92
6464 4122
3782 5541
6645 5157
1791 8012
6962 8711
2433 5553
5345 3988
2530 7514
4317 8886
3924 4935
8449 2298
459 6334
8466 1667
8525 7420
6461 5711
6909 4408
5489 2389
528 314
1351 2669
3813 7929
4399 1499
5552 7644
357 7029
5812 1316
6397 8320
7800 3034
1976 7151
2980 605
6526 2024
1549 6933
5706 673
4891 6943
2351 478
2118 3860
6948 7915
4771 8878
3484 3064
7206 5200
8490 7461
5281 245
8904 1041
4056 3830
1441 5360
2051 7144
1999 7165
6229 8428
7682 47
5319 7802
7286 492
5409 4401
4870 179
3847 4646
8113 6818
7268 5815
8096 4516
1205 2501
1496 5122
1766 1756
5237 328
7125 8780
8737 1045
7559 8494
6312 5488
4183 5130
7671 7318
1942 4298
8459 1252
1635 4409
86 3213
3503 2110
5963 2695
7243 4520
1782 4596
1716 7339
1788 7371
791 7560
5295 8006
5103 8137
1394 6789
265 1501
639 6978
7106 3967
1211 1943
146 7517
1037 2284
4460 8295
1060 802
7069 1132
1363 3204
4734 7168
1624 1442
3937 481
2323 1540
924 5889
6682 846
7124 520
7747 3982
2653 2974
5975 7369
2992 7048
8485 5967
3951 2052
3613 6509
6923 1054
367 6512
2081 6222
8211 2595
5262 948
1289 399
6467 4336
3278 8089
5182 6581
6504 2587
2167 8392
7082 4353
3897 3516
7591 129
4796 6474
2273 7576
3820 309
6711 5276
8948 4812
1469 8747
4750 4874
268 8144
8770 8556
7040 5245
408 3653
8749 327
7773 1417
6570 899
3588 3551
8568 418
4301 3283
8016 1254
5556 2433
8590 2879
7875 3924
2011 8443
4438 6326
3871 4314
4220 4823
7731 1556
7507 840
1517 6999
1980 3634
4457 5490
599 8351
4275 8418
8901 1690
883 4260
8966 7079
5694 5102
1074 6210
4626 4517
8720 7770
4806 958
981 2438
4895 7851
2387 7868
7002 2772
8588 1931
3270 8572
4525 2173
5767 6814
7735 5620
7661 8788
1919 4829
7470 8393
2865 6843
2072 7721
2771 1216
6198 6410
6604 3891
1447 6136
7583 4603
6420 6342
7754 6547
7227 5466
5248 6431
1096 524
2885 7596
418 8107
4537 1193
147 3829
4996 8305
3528 7252
7895 6637
1238 1677
8950 3463
644 1338
131 7678
3864 320
8349 2211
870 8252
5645 2508
6578 5531
4112 7056
4393 539
1461 3385
5309 8519
8317 1754
3909 6606
766 6661
5107 8037
8099 4807
1562 1106
697 7062
5580 2913
8228 3617
4658 6543
7640 467
8310 6525
8 1043
5403 6526
2354 6183
4385 2892
5763 6983
5973 6894
2684 7712
3742 1778
6633 8049
4605 8227
5393 911
2743 7363
6666 6144
8889 7118
7784 4914
2172 8019
7712 4976
7611 331
8883 2503
4151 7364
7920 5945
5081 6890
8455 3474
6060 2744
1056 5037
5342 3796
1047 6083
2147 8653
1202 190
8603 3281
6346 5464
6524 3188
4681 3377
47 5230
5953 4371
3621 8547
1416 6811
2116 4988
1082 3902
1466 6820
4533 4381
480 2075
5027 3220
3024 6046
3607 5262
4727 4232
6804 8734
5080 112
8870 7888
8632 7648
7819 5907
5020 1684
7950 7136
409 8586
2584 1681
7335 8065
5124 2137
1864 8330
6977 5282
6114 5791
6647 5141
5815 4602
8030 3661
657 4391
2050 7698
1029 2493
2893 5369
4994 692
7388 2138
5111 2948
4239 8507
3068 2570
1531 2594
2791 519
8909 7941
8244 5491
8384 8733
4462 603
5683 8636
421 6635
2154 1737
1812 4403
6263 4026
3123 6470
7090 6523
4824 1471
5065 2257
1451 3191
3358 6250
1264 803
5995 1319
7890 3117
8558 6377
8063 74
4323 4484
5610 138
3511 6842
6115 7542
6316 5372
3250 509
1595 6021
7064 7460
6298 8842
1142 1890
4760 1818
8308 3173
8668 259
890 1075
5635 7145
2022 5656
6697 3786
3096 4269
8507 761
3911 3755
8193 2497
5946 1562
4703 7014
4038 5517
5338 5637
3121 4796
6611 4554
6015 7267
8475 1317
7990 6884
4974 6611
331 3444
4221 8740
2447 8446
7304 247
6043 366
1540 4953
1167 1638
4093 6110
2352 914
463 2405
2305 7225
5587 8805
6685 6516
5108 7500
7159 8833
1552 8344
8836 5032
7803 3356
5750 5793
6768 8060
4251 7584
2601 7023
4811 8448
1968 8737
4715 6906
3252 6623
680 5232
4948 3466
1286 6307
7104 5505
437 8875
326 6203
152 8982
7251 4608
7705 2439
8488 8755
3734 8847
2105 1189
4873 3529
7553 1935
7727 1168
6444 6013
4927 6262
2517 1591
272 347
2145 8650
8814 1451
1417 6043
4424 5631
3274 4604
5208 2084
2029 7901
6744 1110
4934 3844
324 2884
3745 2701
4089 5987
6007 1551
2148 8907
8238 6855
640 5979
2142 8221
6144 529
1589 3401
4188 8623
17 1814
3824 2477
5173 8741
81 7453
4268 5039
6046 5208
5932 6492
1337 3744
4155 2153
6185 8722
5088 5216
5739 4547
496 7322
7156 6993
6326 3925
413 7058
5831 5035
484 3878
3244 8458
3753 8541
7601 1404
2423 6089
710 6973
5655 2616
5775 4445
177 2863
1664 4378
3583 1683
151 7561
1433 4553
5138 1145
1809 8949
7447 70
3332 7571
8597 8030
2618 6555
6306 6882
3298 8505
5636 1493
5725 4220
7401 2513
4299 4048
8615 5223
2804 549
5928 7790
7232 6494
7320 4946
5947 5842
8270 3264
339 5144
2986 3560
5447 2667
3354 4028
5569 5902
3023 5957
1848 4152
8974 6023
3400 2349
695 1881
8542 219
6595 5117
5024 517
4364 303
7116 8912
1859 5308
7253 1477
2514 6686
6280 2817
8402 8236
895 2116
7638 5469
1597 6590
4686 3102
5841 403
6952 5634
8085 6653
3762 6715
8265 2202
1456 3130
8897 3646
4026 8935
4212 3009
2768 8985
5058 2333
1241 8631
8147 4557
556 4619
5318 1749
3918 3862
2554 7197
7570 3899
4458 2591
7753 1073
551 5841
5668 422
5983 2235
7155 1563
5994 1985
4176 239
6065 7125
4726 5734
7554 8001
4396 7991
7244 3979
4883 7645
4435 897
5866 918
5782 6753
1550 5346
7377 4973
4900 5590
4057 8699
6454 8511
3213 4867
2244 5866
479 4456
6160 4966
796 132
3008 6689
4205 5241
5728 4660
5098 6969
4673 6498
8670 6713
2629 8663
2140 8592
8369 6427
4108 8179
1036 8736
2929 7711
751 5450
48 8397
6038 8577
7337 770
5150 6057
6022 8309
4779 2294
2706 7747
2117 3059
2282 758
6112 3650
2537 3764
8876 4015
2131 8463
6081 7473
8610 5210
4070 7808
494 4214
288 5313
4725 6621
2206 5870
8855 1392
4115 6810
2114 6240
7092 5696
5436 615
1139 2323
5753 703
7087 3031
5722 5683
2388 2811
8858 6867
571 4222
555 4089
5461 7440
2403 8855
6340 8649
7499 7684
7695 5193
1944 1729
5756 815
7738 330
3956 8172
6721 6700
1396 5876
6373 4196
4675 8897
8313 4711
7573 5071
6239 4444
7908 8033
7344 8002
3431 8770
4236 5939
5300 7433
7381 6473
7918 5033
7968 7070
6762 1485
2096 5081
4768 1922
4150 6112
1736 7886
5582 7334
3479 8485
230 5835
243 5257
8143 7979
5915 2111
489 2461
4069 1827
5407 2435
2878 6460
2073 2013
5564 6003
8707 5214
6272 3642
6520 1266
8795 5988
5813 7911
5829 6495
2918 72
3186 7918
6559 5080
1073 1517
8947 720
646 8731
5780 1401
2766 681
668 5237
6050 1420
2749 6002
4955 2354
1697 7378
4432 6792
8929 7614
7551 3280
3328 6567
6566 5325
451 827
4800 2758
2494 205
2772 8063
1537 4413
158 8947
676 8791
814 5260
4650 2311
5186 57
6945 8191
7224 5786
1143 5121
3546 2256
5962 372
3936 6055
7745 2751
2159 4372
7261 4141
5612 6632
5951 2827
7303 2889
6440 5919
678 1847
7274 8643
2948 756
3018 5397
1489 6836
1309 1000
2557 5468
1853 171
2812 8557
7164 5427
4448 2507
2497 4538
1544 5574
5557 3372
7027 4266
7642 4779
3107 8207
2997 4880
1230 7501
1674 8850
56 8576
8444 1280
2435 8814
7725 7958
1270 1996
8314 2857
2786 2644
7733 4316
2989 8675
799 48
8903 2362
349 2914
3055 1363
7305 5414
1907 8792
1388 8651
3469 7821
1972 6591
7404 164
5394 7819
8630 625
3549 8011
469 4617
3492 3526
8802 8124
6914 5278
6564 8863
6384 1024
7008 1697
8419 5244
8382 4221
2993 8077
4295 6197
1553 7437
370 2634
5548 4537
1214 7457
2805 4062
6338 4993
2569 4541
2192 8118
8895 626
4909 8652
1823 8823
186 7250
8435 6798
8448 5892
1754 7692
5257 4440
2459 5015
1892 8573
1687 8972
2361 6086
1253 7015
5404 2795
4174 4982
3433 8977
602 1364
2256 3453
128 7546
4283 2775
6686 877
4279 1221
7474 7927
7662 2926
6997 4763
4404 4271
7956 1094
8638 4746
5742 7465
7983 22
4555 1421
2090 6256
8469 5589
5992 1278
7840 5327
6822 6873
1024 7972
7489 744
6233 3977
5964 4491
3684 1884
3153 6521
7010 6282
4899 2904
1421 5462
1770 889
5366 4854
5364 3515
5714 2773
8782 4506
4737 6921
1885 3160
8219 17
8418 6520
8428 188
4001 7646
1816 2350
7038 6383
7054 8888
5179 1255
6147 7087
7719 2149
8522 617
1378 2125
1200 3458
7991 1465
7757 4030
4080 1771
6826 816
7037 3143
535 6945
7016 8427
3622 8475
3436 3951
8172 1976
4037 4020
8451 6100
4635 4434
4714 6064
6284 6113
5348 6813
1271 4411
8962 2969
6736 1843
8102 648
1342 45
1621 4422
5197 7026
240 235
3125 2583
7262 5180
5401 919
3202 4060
4562 61
5776 8565
1956 4283
8373 4722
839 3716
8637 2708
8564 3933
1193 197
7574 6238
3940 1528
311 3167
6779 4262
1535 7611
4663 4858
2789 6292
8012 2996
6468 3437
1940 4310
7057 2183
8796 6660
7315 7697
7550 2987
7651 6707
2111 1333
8912 5149
5450 8913
8561 2067
