9000 2000
8358 5082
1247 7514
4011 120
4505 1574
4830 3384
5114 5841
1101 4976
6544 5697
8284 6065
2308 1947
709 2935
4579 2319
8595 3728
7861 8882
7951 3480
735 6133
1478 7381
5450 3533
2270 3368
1203 1543
6297 6267
5461 2946
6352 5341
2070 6447
5288 1072
4244 6562
7601 7046
2894 7480
1340 1233
2384 3265
4367 2580
1275 2426
1130 7817
3646 3148
1328 8836
2771 111
7164 4729
6948 7523
1313 6235
4584 1028
2505 6520
8113 4105
2206 4907
6136 5956
7818 425
6257 4726
4438 5516
5636 2986
121 3091
1850 2763
4520 5066
7584 1762
4530 5537
7939 4004
2804 5731
7209 1984
5365 1889
2986 8659
909 4453
772 4535
4216 1672
4400 4394
8585 2869
7285 1005
2724 325
3848 2912
5913 777
4541 3374
4119 1157
2738 5497
4976 8128
3211 431
1667 3884
5905 267
1954 490
1567 2453
5740 6165
568 2992
7062 8913
4214 2692
6928 4241
6244 539
1967 8911
7004 1723
630 2878
6584 8180
8692 3340
7484 6196
5902 8954
6945 3112
24 8230
728 4649
5926 7496
793 2979
5181 916
7646 6017
1153 886
5285 7398
212 4695
4500 1894
4747 7021
1737 4968
8851 6995
838 5060
3144 2308
2363 6575
4204 5402
5421 227
7894 8229
1116 7146
3017 5316
3213 7608
7367 8339
1851 8325
6289 1693
7922 3221
4917 5640
7082 5605
7751 6715
7715 816
1877 8926
5390 3664
984 7071
3496 7294
700 6400
8126 315
1723 1029
6033 7647
5137 2334
7111 5287
611 3947
8867 7688
6084 5343
8283 3857
4810 2228
3871 3278
1395 3720
3346 4669
4176 4955
3541 962
5767 3214
1712 2685
3321 6794
2536 7183
5104 2269
8195 6163
911 2100
7360 4516
4772 2555
8738 6741
7755 5290
3245 3188
601 4953
1479 7215
8869 4809
6057 4527
6097 372
8234 1262
5382 894
38 11
3138 4685
693 2634
733 6496
8588 6544
7036 1609
720 8898
2494 6080
173 891
8337 8137
5530 8327
4441 1688
6195 2483
5502 2123
6439 8810
4745 7513
8532 3633
6396 3272
1432 197
1734 6180
5180 5723
8424 274
2710 3293
1998 2403
4270 8464
2327 2820
8713 6195
3840 4217
6488 1504
3127 6901
8091 1908
2871 4370
1716 2116
3104 8245
6129 7362
356 3881
3064 5488
8525 7147
5026 2492
1547 8928
5830 7888
5898 6492
5861 5363
5054 2095
6100 6736
1842 2653
8568 2925
8720 2371
504 7556
8922 3192
2556 7422
7438 3584
3769 3746
4360 6888
2068 6510
1122 5784
4671 4446
6694 4619
2065 8175
4683 7318
3425 3732
1909 5879
4864 8512
6308 3466
5587 3802
999 210
4215 5762
2272 6236
4073 2069
5060 2525
1774 4177
6930 1208
519 2175
8704 6096
103 3452
7489 3644
1911 3808
1375 2733
3695 6925
2746 8024
4139 1698
3434 5189
7163 4799
1010 8759
2031 3295
2274 8439
60 7043
5718 7155
912 5771
42 8770
5707 6763
8388 337
4499 6924
7624 8284
7297 3012
7586 7305
2175 6537
1354 151
3467 6105
4032 7917
7080 8328
4200 8271
8891 98
4127 7994
129 5058
4547 2852
4120 4999
998 4251
1925 2529
2810 8517
1398 3156
7204 7726
2641 7441
7009 1020
7771 4530
8624 4372
5545 6966
2021 6576
5109 7367
5521 7134
4161 2432
8461 4728
6517 3830
308 8040
8252 466
7548 4197
8755 2876
1746 5244
8218 1598
8617 8586
8645 7772
5651 5673
2924 8082
3442 7329
4253 7766
7572 4159
4462 2773
3366 1733
4430 3828
8296 4199
7329 875
1287 829
8789 7187
7899 3617
1629 7528
730 8151
6637 2359
556 3757
992 5925
7702 6463
3227 4491
563 7802
8417 3127
3355 2562
5944 8566
1126 8835
1747 6842
8279 6963
6916 5331
3032 1718
7393 468
4365 4133
545 311
6842 2087
3858 5167
2244 8104
6675 5660
659 2564
8109 2568
1325 7667
81 550
6299 5031
3957 1302
8845 2357
8108 8562
126 4153
5374 6656
2793 6027
3044 7402
144 1083
8974 366
8863 2689
496 1234
570 7366
5975 6296
3947 2272
3956 588
632 3132
7483 6613
4219 2368
7110 8300
2884 2718
7342 5681
2659 3733
5448 1229
4393 8731
8684 5062
7225 5539
6103 2781
6512 2314
6598 5357
1749 8012
8963 4694
4943 1040
4572 4114
7246 6319
6176 2779
7567 4403
920 7550
1443 2749
6724 1292
6092 6782
7794 3956
707 4567
7860 7805
1994 5538
3752 4460
2093 7622
8767 2995
5136 5572
8370 3024
5841 1358
5483 3277
1113 8291
1526 7491
5608 2247
2147 4414
6630 6567
3426 5773
8171 5832
1920 102
5808 4960
3748 2435
1475 5614
7031 7326
8481 3408
6006 6147
5395 5049
5915 3691
1350 5633
2663 4275
8102 8874
1708 7321
6295 1823
2335 7521
8149 6946
7456 1623
4507 2294
4733 2672
39 813
1846 2032
3522 8396
1401 1528
54 3530
8602 2665
4756 2558
8995 6823
1568 7299
1859 1879
6003 878
4491 3834
1604 6106
8908 3477
4020 4868
5765 1941
8266 2349
8638 8035
8100 8222
8253 3655
7519 5805
7085 1228
7156 8612
2562 5459
8661 3341
2360 8391
3753 8576
4989 8516
4117 3457
8698 485
438 5412
2596 7734
4194 734
6045 1056
8786 297
3013 2396
2331 5442
6485 6619
3126 8607
8770 3910
6706 6660
4853 8522
5832 6858
4217 8709
2806 6522
1143 8645
5490 751
3093 2871
6700 4078
7049 3820
8485 4052
555 8095
6843 3768
1168 5930
2162 8125
346 3316
5073 1989
5664 5061
8768 3107
2475 2189
3548 4379
7674 7893
1016 8530
6864 2704
6757 6503
1213 4300
5694 7238
5049 2745
8965 2895
3398 6644
7051 4290
6465 5919
6820 2683
6727 2687
3295 1344
8833 4741
7829 8183
4832 2816
6013 5750
202 8985
5509 7118
7105 409
6123 5638
5299 4092
3615 1755
4158 1780
2518 373
8487 1870
7269 5205
1149 2639
4210 6514
665 4231
4140 724
1069 48
7055 7597
722 5285
6955 1498
6012 2350
3062 6380
1743 7493
7126 1644
3151 912
8961 1043
7819 128
1707 638
1315 1348
3136 8017
2901 7221
5274 6360
319 658
3158 1694
501 2577
4014 7553
77 957
5434 2560
3523 4053
6997 1763
1021 4526
2503 4067
8203 4832
5864 811
2969 4069
2669 7121
1119 4550
254 7834
1891 5360
1806 7260
6684 8478
6547 7970
8841 4458
6682 4686
8333 854
5817 1849
7256 6807
3120 6737
8719 7009
4687 7832
6936 8665
6310 8717
2577 2465
3280 584
7375 2938
6430 5329
7349 2202
2361 6784
8529 1310
6911 6356
8306 6067
7426 2533
8905 6024
1866 7451
7569 2612
1822 2214
4263 622
3332 7114
5188 5529
558 1841
8087 2227
4440 7541
4821 3671
743 8866
8396 8720
8180 4155
8610 8098
4086 1426
2720 1655
6522 8457
7435 8302
6506 5340
3652 1177
7944 3047
8782 7753
341 4797
3118 7327
690 4500
2856 5106
6182 2145
6556 6190
106 8169
2751 7407
1173 7481
3107 2551
1651 7733
5969 2316
2829 5409
3844 855
7707 2043
541 7915
539 5337
8802 7601
702 3030
3222 1312
2454 2941
4980 4884
7279 2386
5135 2057
5359 5825
5453 6132
2500 2811
5024 5027
401 8821
6098 4461
3216 3954
7629 348
8894 8536
8939 2090
7497 6141
8639 8087
8270 2230
481 7314
2667 6261
6318 2219
8194 1559
4653 815
2511 7778
6719 2484
3729 4261
7014 6813
5276 6149
7743 4674
3319 1492
8310 64
7188 3602
2453 8652
4459 3168
2310 167
1571 314
4477 6733
6531 8814
564 5842
8456 4524
421 8879
40 1505
6721 4572
1421 7665
6802 8640
461 5753
8685 6865
6833 8001
1773 3421
203 71
4375 8359
4594 403
799 4664
6346 7526
3190 4785
1602 6623
8641 8524
2975 2608
3334 1831
4964 7343
422 5254
5846 1777
4331 1256
4744 4638
2449 3447
8554 6169
8979 3791
7825 7316
654 7701
1336 1109
2781 5780
4022 6884
3313 4975
3385 2817
3568 2867
211 8497
3676 4268
5602 947
281 4514
2246 7004
8772 3927
8432 469
2622 1631
6223 1811
3692 3190
5178 5620
7977 2425
8343 2217
8073 6972
813 2077
982 892
4232 8187
8058 7742
6442 2252
3029 1064
3832 6450
1473 4109
861 8358
4129 1355
2573 7603
2305 2132
5741 8126
802 3462
4041 2047
311 7168
5458 5437
1596 1188
913 8494
5537 2236
7466 3971
7261 3805
8122 629
6168 8523
7596 8998
3618 533
4696 7139
5327 7094
349 1409
667 1221
2862 5168
4487 265
7239 8846
1141 9
6699 323
873 4719
4960 2578
2476 4839
1677 2845
8822 6318
1582 3143
5711 806
7370 5334
6210 3491
8328 324
4799 8243
7676 1400
4495 2756
4549 4521
8412 2025
1860 2200
6952 3056
2840 5067
5337 6174
8098 7192
7214 5238
4111 2407
8695 1589
2749 1092
2598 7425
3831 3596
3377 8974
6599 8167
233 5396
8330 2480
7710 4952
4030 4230
2255 3305
1138 2171
7728 78
1081 112
2911 4401
5037 6762
1554 5541
1745 1656
4150 4384
3439 879
3701 2181
6371 6046
2333 5203
5308 1789
7508 5670
8106 5084
2158 4554
6067 6863
4027 1113
1285 4841
934 3786
5638 838
4734 964
7789 4440
8413 8238
6934 2812
1065 4613
610 8939
8826 1450
7017 6233
1487 5865
2271 2496
3631 2813
8873 4065
4015 7602
5706 5812
6601 2782
2320 5861
5620 6624
148 1320
1964 1268
4529 2623
2936 4629
8656 6990
2807 272
7611 3539
1067 8736
2063 6691
3877 7248
5346 2681
1144 1887
2794 3794
7324 7692
6000 43
6606 458
1797 1443
3557 4482
7956 424
8978 918
2037 3126
1162 7744
7957 4084
5743 3376
3278 7247
1764 7983
1015 3919
5800 7
3323 4977
8809 6323
4239 5783
3895 2460
499 1081
2251 8880
4712 1847
8329 1816
8999 5938
7884 3767
4391 3133
7487 687
2442 5124
7262 308
6810 1115
2334 2185
2200 1060
7689 1738
3504 7264
937 7286
3497 3922
5622 4331
4506 6808
2830 5729
7835 3933
3771 7263
410 5970
217 8249
7804 2904
932 7175
4948 1036
3628 3263
5737 3627
8048 7051
6620 8901
4791 7282
5062 5280
8211 5332
2445 362
5995 8295
8380 7253
6376 3679
1124 8283
7878 8154
8159 2780
4987 1906
2241 125
4642 442
1036 2669
2899 6704
8038 2735
4350 5350
3282 8263
6695 7097
4389 4707
1556 1779
4279 5379
124 1467
1072 5803
8500 296
7273 844
7727 6740
7314 6140
3325 1425
2421 2993
1423 207
3130 1621
4278 2196
8191 7611
4042 6220
618 714
7930 7567
3855 6898
3694 7609
5001 368
4208 7604
1268 8489
1827 5730
7830 5987
7415 6597
1858 5328
5572 3077
2741 741
1413 4229
7502 6638
3573 5947
893 6266
3228 2721
2510 8280
4205 2141
3918 5889
2970 4752
7880 4049
1515 8321
5761 5806
3737 4791
6869 518
5702 3109
7566 4016
8597 157
1948 4849
6265 1765
5584 7504
7160 3170
5681 1009
1992 3952
307 8274
3702 4708
8734 3028
6078 1082
1345 3319
3726 1792
6170 370
5290 2297
1300 3158
5949 2242
5567 8589
5672 193
966 7470
2159 4978
4513 1654
8760 6465
2570 2052
2943 3551
668 592
7053 1650
7025 8573
179 2798
3673 4766
2889 2898
4806 814
195 4312
7311 8158
1516 3974
7643 6870
1513 3414
7927 192
7432 6371
399 298
5140 3625
1613 3668
7352 2212
5238 5628
8780 4132
4050 3895
1344 2791
7562 5781
3660 5299
8307 7542
1916 4882
554 3818
8022 6594
7318 95
4766 8141
7955 447
4997 6621
1404 3608
6178 3688
345 8418
3068 1396
3625 4274
1293 8559
5318 6701
1902 5000
819 5543
5710 4192
6745 7544
2999 8212
6298 161
4383 446
1495 5045
5498 709
7011 981
3054 874
7060 573
6852 7977
2005 2391
3137 3386
231 2280
2408 3849
820 7145
7494 7333
4347 1484
4381 2449
7288 4086
8940 6906
2897 1836
8884 5737
8404 6642
7327 93
1506 2305
3449 8210
5674 122
5961 8265
8303 3073
1129 4182
3297 73
4847 1168
3050 1608
8697 4903
3800 1635
6241 6935
2398 139
251 3586
6074 3729
6551 1653
6668 7487
3015 656
6339 4253
809 2566
956 460
6992 8224
8173 937
4553 561
2521 3985
5524 7813
3419 7573
7657 3440
180 2676
1018 2695
6756 7017
4704 7510
6615 2657
3938 244
7716 2618
5352 3068
8032 4281
3250 7438
759 4457
1046 4562
938 3187
2962 6770
1007 7905
974 625
1690 2287
6956 7130
3477 4607
7333 6185
2154 701
6366 6706
8832 1266
590 4254
4876 4571
3685 8742
8722 690
699 8697
4101 5248
5203 8232
2900 4517
2095 1093
4905 181
3988 6327
5470 6749
8736 2585
434 762
8444 5166
8240 6626
5783 2016
97 3912
1946 2797
6489 2670
5227 285
7192 5057
3861 6247
2928 1365
5573 1604
3356 1817
1926 2519
3240 3621
1095 7561
7321 4589
6744 8434
6712 5188
7968 1967
3774 7937
6469 5607
5414 716
1657 2865
879 2854
5883 8542
5985 2557
6332 4727
780 4733
1194 2651
2359 1197
312 2517
1633 7508
1929 5520
5223 8676
4152 5297
6920 6347
1531 1137
331 7907
2564 2251
7125 1752
3242 594
3801 7696
1953 2159
1019 3458
8269 6692
3822 94
2011 712
4608 659
2947 1274
5360 5336
7608 1458
2322 8042
8494 3709
1814 1046
7058 7738
5923 5571
5301 5858
768 215
7557 2441
6501 565
3626 3289
8745 2137
4247 8538
5415 407
8275 3992
4056 3001
5196 2113
6063 7418
6943 3434
1880 5225
6545 1546
7571 6690
4481 2110
6423 3547
7215 6657
528 8383
2238 5503
7113 1469
470 5004
4630 3092
6466 6722
2419 8089
3723 8977
2662 4944
451 7075
1945 4894
2737 5809
565 2682
3100 6637
3201 8782
8441 534
8339 7863
7313 2923
8649 4988
7087 654
1908 8367
84 8334
4493 7409
7460 2021
4309 5019
785 2232
4825 7035
837 8959
7979 6511
6532 5721
3124 31
6658 5086
5570 8150
2311 8842
8754 8164
1436 1176
2902 7903
6347 7484
5348 798
3721 3207
6850 5303
6216 3373
4573 7457
2722 1558
4382 7494
5859 1470
6173 5900
1634 3194
6117 1730
5512 6351
1295 4033
8185 6085
3946 2655
8740 5752
8436 3524
8176 6287
6709 6834
7026 4121
1594 7200
4803 8025
1376 7065
2643 6365
6374 768
2851 8174
3941 931
61 1360
1614 7748
6026 5531
6964 3108
5404 51
6874 2088
6209 8618
7100 6176
2150 6776
505 3018
4061 7737
599 4609
272 1564
8941 4696
2824 6483
517 557
4170 5052
2535 6581
7162 5602
5260 2130
7725 1550
4235 1854
6380 7548
2539 6146
6144 3727
2266 3977
8620 6607
1060 2267
1408 3518
3933 3377
5237 2271
1572 5081
3732 1594
4138 1885
3819 7633
7028 1031
1117 1324
3429 6271
1259 5134
1674 8218
6395 662
7418 5578
7918 7324
1591 3762
1055 7122
640 4125
3718 8135
8078 436
5716 5138
3613 7694
3603 5394
3758 316
424 8762
2712 1918
3196 450
1665 4675
2258 8785
7803 6031
2537 2860
7355 1437
7615 6026
1155 4637
250 1970
2328 6958
1108 377
2352 260
6336 6005
7988 7126
3910 5161
7045 8468
5535 17
1226 2213
8887 5932
2440 1527
5020 3997
3166 3430
2988 1617
8271 5792
4323 44
779 1736
5402 8281
3971 4350
4846 6645
8631 2742
6484 3419
2696 4510
8363 2015
616 1495
7772 2825
6304 6099
5372 7587
2302 6218
1399 5365
1361 4963
692 7234
4660 3352
6738 1078
7948 7771
4222 482
7654 1648
8497 2463
4318 6241
4157 7889
3002 8514
4236 4319
8913 2192
4259 5714
2837 1461
8907 2520
22 1955
3879 1173
2801 4965
8647 1352
1800 4097
5835 5924
2993 264
5796 7281
5057 6982
3620 7564
2298 4289
7346 7655
8530 995
1455 2007
5462 4146
449 2909
3041 8937
5986 6009
4316 6250
3705 6257
4667 4565
5609 7303
5329 8553
8917 3598
4662 719
6779 7256
3396 3140
7280 6651
7299 2983
5059 6284
6962 4262
2131 8053
612 8016
2678 3509
2189 2801
3271 465
8969 2666
5629 7823
3909 7558
7077 1474
3932 5514
41 2806
6294 4506
7726 8472
1042 4279
5320 1946
3942 2218
7947 7269
8764 7211
3969 3423
2868 1340
3665 4659
7070 5494
503 6909
7814 2807
4198 1336
1274 2786
5849 6889
8346 7127
1171 537
4480 3149
5826 171
7210 6060
4255 8134
1852 3722
2977 939
2256 4777
3446 3663
5938 2431
5420 7612
378 6942
8092 6801
5284 4140
2567 7482
7583 860
3277 6819
4848 6849
7869 4171
6641 5598
1377 72
4072 5713
4264 1976
5593 8266
8140 200
459 3103
1952 7589
537 3614
4406 356
8018 8050
7471 4339
4132 7124
1981 515
1765 4593
8980 3957
8101 7956
2740 7966
4335 2388
3935 7144
2330 2261
6983 8802
2691 2239
1936 6455
3894 4737
7929 3907
7115 3493
4342 432
4005 1140
5439 4332
5006 6000
7952 1357
3445 2808
8187 4718
6879 3219
7924 6393
1002 6182
7202 7308
1560 2173
8626 3441
6002 4949
1197 140
7281 6367
8377 4787
7295 3357
1756 6419
8675 84
2940 1930
574 105
7522 4301
8899 5767
3026 6977
694 982
1448 7796
7996 349
2817 4591
4942 4767
7337 1101
2082 6868
5300 8805
7847 7390
771 417
6011 8423
1000 6375
8779 682
1004 6775
4057 6856
6642 3165
4609 6010
4958 2124
7693 5960
7033 6869
3829 6305
8255 1568
1190 2987
5824 3124
591 7478
5860 1881
5191 877
246 7788
4809 8490
1219 1482
4421 107
8351 6604
4611 7443
257 2964
7549 7259
1105 3410
5376 8103
4008 8891
154 8894
5148 6745
5771 8256
2554 4310
8603 8823
8513 3846
8387 8404
1760 7715
2908 6035
3421 737
4981 8743
8315 1682
2921 3979
2207 7954
8788 2849
5436 1171
6619 8215
1102 5305
1699 2127
2530 1591
2772 4134
6424 3025
3055 1407
7247 4739
7666 8338
8495 2961
3595 4740
2296 2208
1277 600
8637 4385
7443 5492
7938 6944
5220 1309
971 28
5563 7140
136 5846
6514 1405
2819 4901
8900 5853
3260 5178
2709 3439
4184 2892
6557 1003
8749 8482
6264 4000
7749 3385
6071 4285
7258 2751
790 5026
7182 4928
3067 3315
2976 779
4308 6300
5576 7963
2491 5770
7845 571
4812 3580
4434 3226
8657 1666
6142 4325
7336 3003
8935 364
8364 236
1463 1753
1417 523
6075 6599
5810 4193
2707 8967
2656 4330
7413 6153
8923 6861
6402 5707
5155 6408
2451 1590
2401 7511
1535 7455
7555 6023
8689 5449
4314 3864
2526 7785
58 5547
7264 570
5889 3756
3659 2617
3176 6037
8855 590
4618 3955
8479 5053
3744 4223
5727 7632
4372 818
839 4369
7732 3443
543 5211
1047 3096
2679 6388
1353 5175
1229 4751
3540 473
5455 3433
8653 6369
596 6286
1662 5353
3327 246
1402 137
7992 2700
2053 5810
8445 702
7609 3337
7130 6025
1125 7574
7044 5173
1807 1106
8817 8912
8079 30
1128 3960
2446 3053
2632 307
4303 414
242 2365
1922 342
928 214
5110 5339
2812 29
6931 8310
2743 7607
547 1768
2253 3303
261 6843
7010 8540
8462 5802
2229 2821
2120 963
6564 8737
7975 3449
7810 8454
6939 6661
4206 2450
669 4763
3634 6499
8135 8467
7399 623
5951 1788
2347 36
4446 7921
5676 7552
5950 4449
2859 7116
3502 8609
5559 2345
5744 8360
4189 1330
5675 6097
7737 2114
3284 6452
5208 61
6272 1775
2085 4047
7396 2661
2169 3121
777 124
6407 4520
5795 1167
2185 902
8505 4523
8311 4489
7921 3980
491 3546
8830 6922
5941 4923
1777 2361
5303 1502
110 3390
878 8843
7564 1389
6096 8466
8183 2370
6806 5065
4945 6953
4722 2343
8813 6359
267 7058
8347 8864
6523 3255
3927 385
7638 327
716 3939
970 4352
8080 8395
3484 8933
4322 2861
663 5704
5908 7768
3453 2446
1557 5474
3407 1261
2914 1449
4286 495
3097 5413
4729 3198
4268 7414
3380 7708
8002 3015
8236 5072
2612 8735
7599 1333
876 5745
5406 7011
1356 3612
7645 8520
56 6756
5927 3916
2609 6508
4533 6917
1305 1063
3830 2379
2191 8558
7119 3222
5614 5715
2680 8389
4937 2939
6155 8411
1585 3292
2742 8384
2350 7052
3558 7323
7729 793
5652 6188
3112 8685
5667 6066
600 2739
7688 4015
3604 7993
4029 4198
5340 6307
6181 4128
4692 5528
4996 1707
6020 5015
849 3427
1217 8142
637 7755
8335 8845
4281 67
3244 4753
7477 2099
8167 8254
1494 5592
8565 6800
5231 2061
7249 487
2316 7758
5269 3961
7475 6765
512 8613
1853 3268
4597 3941
4148 2112
5023 3100
4725 4189
6650 4646
8012 2839
7736 643
3667 809
3977 3426
3574 5736
8838 8863
5381 6565
7353 4280
7369 179
8111 6600
6858 182
3968 7197
5575 1988
6118 3745
7340 6546
4951 2863
7433 4050
7539 2211
1754 5990
2934 6063
7270 7593
7605 6028
2295 6817
2044 496
4982 3534
1459 7302
2973 3799
340 1301
4532 3872
2345 2068
5999 8670
7699 8356
2727 470
7381 4678
2280 5552
6900 6666
4107 7081
8142 8438
11 13
8427 2747
1701 3014
626 6142
7223 7945
1320 7908
6052 1455
2025 8201
8943 1583
3025 2954
1304 7761
7616 913
1279 6112
7198 4765
5693 3389
2831 3772
7914 3299
577 191
508 7676
2121 6135
333 1540
2484 3398
8944 8698
5870 1048
959 216
2541 5656
538 2258
3860 4945
1961 3355
2803 6683
3388 8775
3990 8635
6812 387
983 7426
4299 199
1835 553
6269 3776
8350 4129
415 7631
1360 5083
2023 6239
3670 4185
7166 990
6654 4337
8575 6851
4100 8096
4376 1322
7642 2789
2002 2819
1388 1108
2164 156
2990 754
1653 7274
1968 2722
4680 4411
7 7458
4330 4910
1805 5722
6267 4283
7090 5137
2456 504
4192 5766
4171 1281
4186 1433
8680 7926
8021 1245
2306 781
8852 8980
2092 7204
2953 22
6016 579
6080 2331
8812 6615
6743 616
4738 3650
6854 270
6392 8614
4337 8754
5408 7506
4583 1965
6742 1181
2528 802
2284 1691
1577 8415
1346 3000
406 6215
7714 4522
1187 7465
5339 7798
8365 5759
3991 2050
3889 205
8839 8330
3521 104
2652 358
186 5711
1451 3212
3640 1725
8423 2556
3350 6671
1073 6469
7332 6055
6337 4969
806 5013
7768 5466
3272 4355
8099 4174
7465 2126
3182 4770
7933 2541
7034 8716
2122 70
6112 8593
5903 7720
5536 304
5784 7759
6580 6665
6542 3302
6437 7189
5250 6767
8458 6098
6015 5315
5053 7190
1562 41
4209 1163
7806 7812
976 7971
5554 4930
3577 4780
906 235
419 4852
8903 4927
2176 8588
8389 3407
5811 5069
2349 1860
7377 359
4695 2177
6194 3734
8093 7025
1869 4041
7696 7808
1694 6952
1107 3139
6449 8371
8488 7775
3550 1251
3049 7955
5014 7219
5598 4381
4710 7027
1996 318
7485 6759
4231 8620
4078 2285
3053 2833
8 5298
5246 330
7129 4263
3060 1767
6572 6353
3814 6138
7706 8673
853 2622
3381 2795
6886 2631
63 4265
1714 972
4180 5007
7551 895
6246 4808
2062 4190
3210 8726
4301 8048
8162 3690
7542 7254
927 3855
7949 5486
5361 6481
4439 6429
1883 384
1870 2008
5247 6672
1980 5034
6255 5857
8866 3514
5353 2532
6203 3856
6959 2405
3301 1192
4621 7636
6499 1012
2919 5281
2863 5985
3204 3365
7565 8184
8630 8198
2557 7594
6468 3195
7190 3901
4362 1359
6453 1460
8773 8790
7478 47
5988 6231
3392 555
513 1390
3173 7736
50 7718
4364 37
2469 4441
1273 3784
936 5313
1555 2537
2995 609
3121 4002
7834 8577
7289 1321
4166 6822
6898 7795
3279 1893
2827 4464
4773 4447
812 5322
5600 3886
7852 2445
8846 6910
243 5076
935 6392
856 3288
1136 1000
5078 2392
8928 5585
8438 5467
7144 2530
4510 2109
1576 7212
4587 7600
8533 498
6087 2644
6313 3199
6043 3035
8057 56
8805 5630
2774 7649
7467 3859
7920 91
3203 7975
3318 4994
2497 7925
2960 6144
3951 1580
7516 5020
4243 936
3194 749
4514 2599
7703 8732
4757 4148
2379 4226
7543 6358
3587 2470
2958 2997
1005 396
657 3588
7872 2170
92 2406
3471 1711
1728 1258
4109 3318
3881 7332
7934 1120
2054 8703
8800 2491
1534 1441
8460 1535
2208 3290
3143 3499
3435 7909
8628 6397
3491 7403
2846 5077
1482 6630
2770 4793
3480 7679
3636 5113
3157 4816
2462 6859
7525 225
6588 6862
5692 3628
7879 8046
2966 5120
8968 6864
3960 4758
2657 8299
5423 1213
6001 6053
1978 7682
3697 2384
6385 2156
4548 4120
3103 943
7451 2921
8701 6507
5729 6552
7854 4833
3632 2855
7453 8427
1290 7024
7998 4699
8651 7906
5050 1778
2876 3298
4226 4544
7687 3710
887 5535
6355 4320
163 6292
3597 2678
8084 3845
3285 1037
509 2586
6353 8982
6604 7325
3291 8646
1958 1708
5962 2330
5266 8621
2007 5375
4689 4024
6510 8431
7229 5241
6831 2245
6204 6385
3030 2129
1053 6640
4366 175
7554 8196
5633 2654
2838 46
8877 3220
3110 2436
6368 3406
3171 7416
889 58
2372 710
3544 1414
392 4191
4808 5922
7417 8270
5722 8341
1066 4026
631 6443
8055 8578
6326 4989
7913 1851
3165 1545
8465 5785
6153 1629
4256 7754
8878 6951
6309 3928
2433 1829
987 4093
8071 5627
6252 1944
8118 8777
1991 8400
6610 4276
2777 8654
2872 5154
620 1417
347 302
3315 8983
6752 4434
2173 5848
5511 110
1181 4918
6436 2209
1785 8251
1368 4255
5471 8018
318 8747
3014 1170
741 133
2703 7429
313 8129
389 6224
8405 843
6175 2590
8450 5499
2790 7807
7307 7791
2489 8873
6958 5693
8020 3606
373 4883
3743 820
917 4115
4650 1422
5895 410
4273 707
5186 760
1115 8532
4796 438
6828 3418
4657 1346
8635 5720
5256 2737
8795 5193
598 1501
3904 735
3505 2835
5648 8584
7275 819
5341 6812
6188 2231
4173 4983
3274 4498
2651 5886
6324 2915
5351 5933
4724 5522
3656 5475
8464 2067
3230 8806
8883 8630
899 7941
2681 2626
6857 5885
5794 454
2524 2182
4673 229
2809 7976
3575 6075
6639 1912
833 7384
4850 2698
3351 6136
6726 1291
7454 4202
4069 2168
8312 8357
95 4509
8261 3453
1738 881
1839 7498
1990 2581
655 4616
5747 4823
1986 8239
6549 8840
120 5153
3578 1055
7684 4828
6496 3523
1736 3875
7310 7918
6243 1569
8831 3020
7780 3800
3475 7265
6567 7229
1050 8848
4859 2119
6597 5746
4153 1267
6999 3763
6993 8509
3939 2259
1438 3123
6988 3511
6660 7700
3333 1388
1054 7292
1706 8294
4867 5384
2877 6116
5788 4915
5594 3055
4967 4996
7875 2850
7405 8706
7468 4781
4196 4348
6731 8495
4636 2614
423 4020
3953 4063
1483 821
2499 5575
575 4652
822 4546
8579 6571
4669 6230
5379 6789
8512 455
1024 5131
5973 3342
905 428
4822 8686
1063 1772
7234 7419
3410 5453
8066 8672
4108 367
3343 4221
1269 6590
1231 2062
5184 8834
2371 2037
4092 2020
17 5928
1032 1024
3856 6091
3776 4293
8715 8122
8318 2429
3438 969
8043 6398
8314 1463
653 4962
4627 3347
5405 3450
7008 4518
8221 4342
4685 4800
7641 2131
6766 6825
6068 832
5324 4222
6254 467
2854 1033
1349 920
8608 3900
2844 1602
3267 6458
7904 2282
7217 6667
1188 5196
1530 5993
7756 6617
4384 3666
6593 1830
2458 7462
5064 1509
5133 8015
3229 8052
4357 5041
1735 2013
6477 6707
5886 2508
4064 2656
8161 5894
5156 8531
587 7946
291 1345
5349 1253
3131 4920
2118 5651
350 1366
3133 8688
3361 7867
5007 6352
1468 1900
4595 633
3427 6320
162 5156
1158 5071
26 8316
5660 143
6814 5847
8360 6497
1789 8074
478 582
3958 4161
977 4957
6595 6434
7928 2154
5189 5550
4575 6967
382 8773
7365 7516
2204 172
2227 3273
2981 7560
5138 7150
4310 5613
3458 3822
5273 6057
7614 6200
8753 493
8537 1898
5437 6070
8881 3196
6445 1214
3996 1858
6906 1378
3140 1800
1666 1914
6386 8127
791 7929
6199 361
2140 3558
3116 5090
5142 405
4921 2424
8277 5487
2723 4059
4771 8099
2823 917
6350 3904
7717 2710
7065 6308
3841 5560
1931 4474
6351 7669
4753 439
3328 3801
6918 882
5585 1361
6038 7306
5199 6173
8433 6570
5431 5508
8843 7883
8741 4490
8859 4252
8056 6799
5182 5787
4099 5574
4694 5101
4941 5399
923 695
4610 3532
6234 513
4851 4958
171 5863
2816 8197
5143 2879
1879 8664
2383 8013
5253 4939
6498 306
773 341
2399 3670
2649 5160
2108 5954
8414 6087
8001 4239
6476 3643
7290 6932
3605 3984
8528 934
4866 6216
6367 2074
6785 3990
2699 6249
4503 1667
3031 925
6089 3537
4901 5003
6558 8237
2602 1958
3298 4819
32 2427
847 5129
6065 6373
2050 1370
5484 704
6678 4815
8925 2638
8580 3697
431 4477
5386 5818
6389 6532
3616 4404
8783 5631
3693 2143
5444 7207
739 1533
2273 3712
664 8504
2071 7128
2758 491
1643 8828
7374 3197
5518 8170
929 4612
7391 8286
4574 1827
2633 7359
6365 5837
8752 5608
2012 5983
718 1102
6915 7979
603 1372
8202 5408
4019 7365
2529 4534
6528 552
2418 3717
7493 5423
4566 8567
2870 1727
885 8839
5677 6947
6927 5355
6969 7373
7640 2336
7889 5210
2198 1411
1 5741
2215 8757
3353 2732
7990 1319
6060 386
3917 4722
3255 3652
3536 1520
8576 7914
6966 7645
5225 603
320 1287
3907 889
8735 8484
2755 4876
8344 7678
107 5046
1541 5872
3897 7503
4617 5851
7867 6221
4542 722
6475 3665
8178 8157
412 5107
5485 7833
4251 5033
6242 8118
8926 3723
7954 8301
3169 5198
900 3585
6730 332
4604 6929
8421 3086
4 4971
907 1980
825 4497
7976 5883
2799 733
7437 1882
1788 2974
8801 6622
3630 294
3576 8723
1569 983
1397 6095
8609 4747
143 5557
1403 6299
7837 5820
3528 2762
7541 7249
829 4126
7882 549
3532 4912
7512 7570
7838 2690
1989 5996
4475 3825
1969 406
181 4215
4865 1526
7547 1019
304 1680
2592 3006
6452 7656
6646 184
115 1706
1781 1288
1913 8656
8857 7202
8756 1025
2369 1719
2661 4935
2123 3005
479 7397
3149 2725
2589 5622
4786 1499
3412 3484
2314 4299
4395 1386
2301 766
1214 6659
1469 7884
8990 8313
7420 6337
7436 1179
3543 3339
166 3662
8733 2649
3253 7162
5021 8786
7461 7911
3762 3353
6049 2167
2263 3880
7019 4880
240 7512
3397 7317
6791 1279
6327 2930
3882 7576
8474 479
234 3638
6483 6753
7896 4183
2425 5973
1618 2459
1496 2262
5115 4131
1818 6460
8886 2440
1671 2760
8196 4885
8569 2416
6165 4630
3276 7522
2043 1111
2406 3363
5955 5271
4089 6585
6795 2039
5865 404
6893 2201
3206 399
2303 4881
624 7913
8964 5135
174 6524
3195 2309
6891 8252
2385 4531
4545 2187
5160 4717
8777 7765
5129 6260
7358 6077
7941 6485
1381 3097
8145 4538
7179 3328
1178 5926
1648 489
2370 8960
2119 4246
7287 4079
87 6311
6944 1503
6643 6324
942 5471
8904 5220
3221 7730
701 4152
177 7962
4971 3320
3798 5653
6826 4164
6198 1599
6759 4964
7431 3260
1075 3847
3487 7193
3193 6891
5866 6993
214 2274
7203 4937
5305 7871
4600 7161
5519 2332
2898 121
3486 6783
5946 5506
8874 4543
7200 6345
7171 7410
5033 4313
1698 2364
7079 5234
2619 5797
6978 867
3033 7674
2153 90
7762 3592
155 5270
5787 5939
8331 4967
8097 1444
6989 8073
398 204
3713 8303
1625 2693
4084 4166
5690 3425
6749 2418
5798 8849
5134 3579
6500 5165
282 3481
2393 7068
866 2377
846 6609
5409 788
1379 7492
1458 6663
4845 4243
888 3230
4602 575
7507 7563
6361 7488
6222 6281
3469 3369
8952 4099
2426 3104
8997 1892
1930 8344
6570 8886
3430 1481
7537 6003
7145 3647
469 8130
6035 2111
237 4756
8299 7652
3612 5505
6975 3897
1937 1098
3016 6395
3905 4454
105 8510
7592 3416
952 4407
4578 3929
157 7137
3602 4778
4944 5662
3789 7177
2479 7387
2137 4085
4891 5215
8376 5094
8059 6291
7538 2800
1039 2105
1944 183
1951 5739
8273 1075
498 1585
4407 7614
6132 2078
6029 8851
8596 6206
5384 3209
457 7711
979 1215
1151 2768
5388 6062
2018 3042
4684 7583
4639 6094
1620 2438
5801 5642
1775 3467
2103 7985
1389 7394
681 999
6281 7535
6995 4650
1029 7174
5095 1764
2706 1686
2448 7340
8147 841
1942 4073
864 6670
2783 8223
7675 5252
8006 1880
8864 2139
8670 7635
1182 131
2233 5958
3080 3544
742 7490
8348 5327
4935 1907
2506 5959
5044 211
6867 4455
2629 1924
8470 2488
3765 8946
7071 7590
8403 5470
1798 1374
1246 5214
7425 5513
76 1408
8233 6908
985 4212
3223 5949
6245 4056
2979 6792
2845 3413
986 7531
1332 4357
7380 2652
3163 3975
3639 984
4178 4124
1838 825
3518 8871
5430 3913
4405 7857
3533 6454
7559 5448
6897 1808
6248 2179
3501 3213
2767 5200
8879 1529
3513 6574
2030 4769
6984 1468
8431 6612
4125 1328
1635 8335
5282 5776
3793 8638
931 6635
5935 4091
2386 7405
3898 3437
3796 8832
1896 7712
5812 6475
8242 6724
8725 4732
1517 3538
4826 3630
7159 7184
3712 5532
2281 4947
6172 388
1452 3032
3664 127
6328 8699
1263 8100
1841 4173
3740 6272
7235 441
4006 4772
8060 1294
8870 4854
3786 4738
3202 627
5610 2927
6892 3041
8320 8365
8993 8097
8787 6680
710 2980
5643 6159
828 462
114 5676
3982 1158
2010 40
6086 3131
719 6331
2748 7800
4703 7822
914 7201
271 3145
8394 509
4907 851
7849 463
8467 8037
3975 3672
2226 3247
5980 3885
5891 2809
6967 1125
7096 8942
140 1184
5 141
1291 268
5477 8787
6872 3142
5424 5342
2287 3953
230 1578
3580 2457
745 952
5612 6992
138 6457
7864 1840
1529 3090
6358 4682
3376 1948
4490 1189
5577 6128
5782 6152
1109 8903
5807 6551
6450 5569
5842 4236
2798 639
514 6125
5092 8023
3913 8632
7213 5420
2045 5911
3799 634
7357 3940
327 4872
1488 7657
158 8819
4598 8276
3290 4469
4035 8139
4831 8375
3004 3667
7106 954
1722 808
4702 997
1719 4389
2488 744
5332 7659
7189 8875
8023 76
6946 8582
1910 1640
729 2605
4643 1839
3027 6343
2878 7380
2752 955
2013 4742
8888 4549
3160 6042
2509 5799
2001 4378
1227 680
5389 1597
5442 5940
7473 2600
5606 2977
5930 2497
8849 2439
8409 2708
2049 6494
2480 6882
452 2390
5013 8290
2245 837
2299 1119
3411 3461
789 884
316 8496
4415 4874
6271 1431
2543 3964
8634 2842
8034 4472
6095 134
695 7648
8448 5986
6536 3485
4656 1327
8281 5426
6587 8695
723 8674
5925 1909
6163 4036
1632 1614
1570 5361
8615 8513
4647 4209
7832 3570
8447 1871
7409 7320
3788 2118
3519 5623
1230 3777
1104 2009
8949 3695
4824 3917
4930 8978
1630 2092
6763 8728
1617 8323
238 6959
5165 2952
3926 1770
3945 1962
2097 2313
2571 3755
5101 4029
995 5048
756 1760
5310 8429
5211 1832
7720 7000
6548 6378
625 673
8766 7157
6494 3905
5478 7232
3081 7543
6214 4424
5855 8194
4115 2803
1845 6761
1565 7662
2196 636
2668 6605
8790 7961
7416 1130
1830 1250
5779 4211
8678 7613
7479 347
2094 483
1030 935
7552 365
7595 5444
2630 7399
6979 4412
8044 5373
2944 1008
1979 3949
2473 426
3302 3080
7813 930
1724 4203
2551 6778
614 1522
3534 6410
6378 7180
1757 4604
4275 3619
4872 5701
5476 6150
5912 5999
2417 5125
3561 7357
3241 7171
7963 4343
1057 6931
6338 1356
817 8768
94 2902
5816 7030
676 8811
2822 3505
1236 2829
1264 672
6143 5207
651 1726
6741 3004
400 5672
553 174
1062 5169
4370 224
1112 2191
6487 4483
3703 8771
3759 4076
6837 4225
417 500
4569 3525
3001 7588
4488 4045
6239 1630
1048 2841
639 3737
969 8469
262 8014
6409 2627
8429 1227
5656 5455
5869 2419
2003 5362
7266 8934
5700 2535
8503 5307
857 3432
7993 1277
7744 1278
6186 651
2811 6545
1935 1350
86 748
7563 8705
2112 7617
863 1519
3592 6425
2038 3572
4933 4232
8065 527
2242 8801
1013 871
8714 6124
7233 6687
6772 1801
5018 7336
7682 774
3086 4982
7974 6529
3164 6875
6258 1334
3912 823
4779 2144
8247 3325
2968 1107
5564 4677
6301 5079
6957 8548
3051 3323
165 8707
3717 1364
4938 5764
5041 3804
2786 5980
6653 4558
3607 8547
1477 3935
5482 2098
7221 7386
1995 3313
4686 5186
6145 1486
1011 5380
1669 7869
5792 4018
8506 4705
854 7495
8578 6771
3128 3454
4386 2759
6345 8837
7764 2250
3677 5226
1874 7821
6126 1910
1881 5001
6291 2051
7199 1219
3903 3719
4195 1311
4521 1855
3810 4813
8132 968
5048 2428
5763 4149
8398 6134
8871 1813
6554 1821
468 4055
1546 4628
5974 1248
3805 2630
6278 378
8231 7142
7146 2086
6200 1399
1681 1933
5880 681
3709 3911
2855 7090
5809 3554
1771 7382
2180 6107
3378 2994
4144 4904
7172 6914
6266 2616
4719 3725
5425 8908
8090 8146
2035 4028
8662 864
1294 6588
8422 262
5370 3827
581 8850
2358 4997
450 4207
1298 4296
7032 4205
6690 2973
5852 5070
7066 7530
4931 1015
7039 4796
1668 7716
2646 564
6823 8314
8046 4605
6974 6698
6464 3380
1465 7773
2293 7562
1289 8043
7704 1496
8151 799
5099 5480
4707 5073
4959 3420
5624 6089
3399 2949
5958 5042
1309 7241
4345 7843
2618 154
4009 7539
6880 1878
2205 5080
492 6100
6902 8477
6775 8311
5601 5612
5964 5890
8430 5568
4769 5405
3432 5223
5287 3675
1532 1448
1180 1494
4739 1678
2317 5133
4380 1209
7598 1252
3289 3159
1059 3844
1416 3507
7723 7251
8484 350
2694 3163
268 34
6635 3908
8743 448
7561 6540
2946 4922
7371 2038
5983 649
3066 5963
8263 6390
490 7079
2890 1612
8586 5197
8297 3973
7923 8976
788 2447
1242 6219
6274 5269
4652 3774
649 6151
7029 5899
4629 2607
5350 3867
3873 6246
4390 1899
7671 6955
567 8623
3443 4590
5489 7890
6638 7280
2219 546
6373 7352
5229 7477
4708 10
1934 836
831 5301
4525 8626
2885 8219
8816 2042
3638 5637
270 4023
586 1187
6546 7417
6691 4951
7322 559
2157 6045
5280 5978
5124 2014
1658 8550
8648 5946
7902 803
4956 1429
6543 430
4605 6519
8775 2831
7296 2510
192 7337
2750 3223
4911 3075
1097 5177
236 6986
4616 8435
3520 1062
823 826
4588 7780
7695 6850
8298 6364
67 6297
6028 1714
4748 4005
8621 4298
6673 6313
463 3052
3460 153
8229 1951
7784 5192
1726 7083
3751 6477
5074 4267
6574 4814
5856 7032
4272 1536
8486 1442
3309 7266
2079 3191
1009 3057
6051 1349
15 6073
3992 449
6492 7214
383 1611
715 32
380 1440
5364 8070
407 611
6732 8005
8953 1787
2715 8332
6677 6007
2533 8436
2645 3451
264 2401
5330 393
2925 5078
5486 1335
6664 6453
4197 1703
5739 7243
6292 4916
818 5977
1642 3494
5410 6743
5177 4284
7148 5429
3148 8076
6985 1412
8856 7875
8003 5732
2761 4476
7796 628
6976 7170
2892 484
6622 8275
2927 6686
4777 7246
770 4892
1470 3488
7958 6506
1790 5692
1490 2772
3336 6480
1652 5330
807 5796
5631 5774
74 202
3262 7469
6022 7959
5228 6994
6799 8625
2106 6916
3803 726
2784 8102
3337 6949
8681 6873
3649 7639
5617 2769
6608 985
4914 2998
3023 5880
991 5323
5468 1220
5945 5831
3581 6228
3766 1086
4655 6796
4961 956
750 117
370 6008
8515 1013
7978 7610
8519 8564
656 657
5331 2238
4823 7233
4174 6448
2582 596
4455 3528
4593 4790
7328 3034
2939 1007
5653 2055
2102 7501
5863 160
6704 5212
1261 4568
8991 8152
2392 7342
5850 7654
4576 587
2728 1080
6895 1084
8067 2458
2046 7691
3623 4144
7991 6584
5759 3508
7107 4735
3179 6791
580 6833
5030 312
6384 698
8367 2528
644 7203
4571 1987
5504 1432
6817 2827
6406 1684
1641 3535
3820 1260
689 2767
3662 5854
7578 3903
6263 83
1292 3071
3842 1986
2024 1700
1977 7471
7047 2719
3167 2072
8654 2716
7211 1423
6632 7338
5726 4186
6960 4273
361 4529
6041 5827
2431 3613
6329 1110
4329 1404
5328 717
5118 1953
4079 4096
1983 7551
4031 5684
6207 7762
4352 1053
6082 8207
2584 4656
5848 4195
8070 1815
5549 1920
1070 8561
1894 5096
1195 7295
6903 8936
7607 6679
5492 4303
88 8080
5836 845
256 5309
1801 4436
5768 5397
1446 5669
8039 5345
3246 3798
3320 4875
8238 992
7124 4214
3082 1744
6220 2089
3485 4925
7893 5716
5150 3332
8671 2606
1135 4878
8552 7026
5837 7353
199 196
7003 6788
4083 6999
2269 7389
4476 4444
1174 598
82 4322
6703 6101
3305 7919
691 554
7831 7786
1311 7533
2 6572
4052 4929
3464 1178
6777 6417
289 7376
275 5304
4973 4625
7212 4224
8478 8315
2991 6052
5000 8669
2230 2224
3845 783
2377 1434
1631 1236
2745 2598
6218 1203
80 8034
3556 6430
3929 2462
1058 858
2187 4746
3790 5891
2951 4450
6414 1741
7056 7810
6702 149
8007 2814
8105 743
1639 4208
3108 2178
6577 5626
5646 8958
5513 7517
6794 8195
8420 4614
6138 3705
3622 3135
6330 4502
8341 849
8217 4847
7971 1023
1365 8872
1362 692
6909 8433
7700 8112
8590 2916
8408 3569
7348 1737
7429 5635
8156 7728
1795 5666
2842 3216
5257 3831
583 2188
4307 5813
5296 8920
6127 8997
2166 6730
7691 3959
805 8414
5793 3807
2519 4043
4644 8071
7174 1776
1001 8006
4188 344
4369 4360
2483 6712
3666 8153
726 4891
187 281
4234 5979
6611 3329
2052 2602
3172 3063
2788 422
1970 7230
6250 5250
3235 3812
8199 8969
5469 6595
524 1523
3566 1852
336 7934
1271 6036
2550 6721
3259 1592
3468 1746
2390 53
5595 2619
7419 2249
7758 4860
8129 7053
5825 8397
2614 965
904 3036
8551 4151
4398 8940
3192 3117
4155 303
7953 8458
795 4087
1770 6639
5976 8648
7013 1960
7474 1642
334 2950
8896 2193
6515 309
3084 5314
3115 3685
7841 5164
4361 5804
8165 8961
7597 4933
4229 2671
1314 3862
1692 5906
151 6705
8134 8113
7769 8105
196 1937
1139 4112
1691 2985
6796 8106
2193 5969
7486 2303
5213 6883
2623 7572
8951 6038
4291 7615
411 8221
8041 5525
5720 3262
3890 2647
2034 524
2083 2988
3155 8450
6921 3764
784 3287
6565 4396
2705 6201
72 7625
1664 792
7084 8342
6408 8144
2279 2473
4010 6542
746 765
3920 3958
5760 4071
8599 2905
6290 1867
31 8066
1480 5099
5080 2594
4422 6478
4688 1211
7677 6697
835 8594
951 5418
409 2121
201 3684
5981 6181
1326 6948
7480 1351
7216 5910
4972 8055
3869 2502
571 8259
3742 3442
6774 8915
7765 4366
3594 3146
7490 4184
2155 4845
5027 3833
3101 3074
3188 3039
8987 3521
7511 5249
4949 3563
1307 7545
6470 4062
6120 3594
4435 6876
102 865
6941 2575
7450 2509
8504 3676
4249 4575
2032 8827
1844 8657
8372 7673
7701 6548
6427 2354
7783 5603
5403 3969
1185 1341
821 3153
1157 3750
3232 2680
1172 5202
4631 3470
2354 6383
8222 2662
5777 898
6614 6167
8327 1017
7962 2367
6613 3620
4875 3806
4924 8234
4755 4848
1502 3519
2548 8160
4248 2413
6179 5708
4648 8374
867 8003
1862 4305
4346 1186
8426 6251
6462 8208
961 7557
8711 6194
8898 295
7384 3788
8902 5658
6644 5147
6094 6983
7767 7151
357 7713
7068 8369
6282 8388
4716 1873
2605 1052
239 3924
4298 8257
3010 8861
6769 5233
3005 5159
2906 7969
814 2082
5065 1983
3828 3906
6256 1975
4883 8734
8082 6777
8673 2075
3019 2471
6623 599
6797 4606
3273 6610
1282 5012
7669 6033
7195 7803
3063 223
5047 2
1500 4553
1334 1303
6401 8943
8225 8895
8359 1785
4970 1476
1240 3721
1561 4898
5046 6265
3510 3098
5058 5629
6940 8317
6230 2172
6307 8114
2228 1624
6419 8432
8694 1791
703 7034
4266 1035
4250 8712
5085 2134
7898 6
4953 8929
3998 7949
3340 7220
4294 827
4448 1982
1137 2452
1355 8459
8278 8027
5171 1493
5663 1421
5733 5821
7186 1819
7980 2828
4721 6989
3200 4094
8642 6164
5087 1182
2457 933
3716 2299
4946 1381
6479 3993
5634 5760
4098 319
7850 8807
7653 5231
131 3242
8040 3552
5088 3486
6722 8598
7219 2717
5942 5992
3704 728
2828 8473
4436 998
3778 5102
6778 1913
18 4218
7750 928
5911 6071
6883 4180
2963 254
2942 2315
1831 8661
8776 6335
7385 8616
5568 5206
25 1318
1123 6117
6140 7446
7392 3397
7823 1697
3710 5257
3761 6970
6707 2673
7877 6130
5515 5544
1424 6446
1266 4676
1131 7988
3955 4415
8758 3236
6137 6854
6758 778
7309 2595
7441 6752
7820 6330
6919 416
7690 2290
8536 7301
7911 79
2780 8515
460 8662
7319 4519
4820 987
7482 1646
6303 7250
1288 3769
8727 4651
2373 1939
8349 8419
6253 4721
3553 6119
1518 7709
7585 8110
7630 1567
7594 7218
2073 6409
6031 5665
2627 7427
8009 945
766 5671
2640 1809
4276 2302
4641 5563
8262 1807
4320 2155
5948 2799
1439 5709
1431 5554
673 7369
7481 7606
2729 4368
3178 1193
7528 8690
402 3065
8289 3459
7672 4042
3009 6766
6835 6379
1686 6742
7191 7360
437 445
3099 4597
1825 8546
5658 1290
6191 988
5671 5826
2909 6696
507 8746
925 3502
5219 7163
7325 8138
7054 4206
8119 4632
7973 1194
522 4473
4472 1487
4062 5140
5527 6309
7442 3581
5412 7261
2048 7968
6890 8354
891 2720
2588 8430
5934 4017
8471 8639
3248 6484
4296 973
8688 5744
8699 8557
5202 5146
1409 6797
3549 8556
7276 3810
8534 8244
5487 8449
6518 4720
6773 3395
5393 6879
2607 8348
2247 2286
3965 3976
1744 2999
1435 8986
8716 8008
5691 2335
414 7638
566 6504
1985 5118
5659 6606
2337 4857
3395 4380
6576 2947
7531 1059
132 7705
5605 6238
7170 4843
8449 3048
7488 5440
4879 3101
7759 1963
3408 6975
3288 5416
8095 4039
6908 8121
6657 5913
1415 989
2676 3736
8810 400
2116 1985
6720 7060
8475 2222
4679 2073
8125 6890
2051 3779
1422 671
8063 7368
428 6806
6876 4013
8674 6212
7602 6728
3993 263
2841 4850
3961 7858
7577 452
1317 5974
8490 7063
6980 1394
6559 5274
8463 3473
1538 1077
1975 5775
388 8448
8116 7240
7389 3269
3585 562
6418 8784
6736 668
6162 7298
1705 8860
502 8293
6839 2818
7870 7105
8131 4703
204 5645
5525 412
7074 944
442 3622
4888 6422
7943 3113
6513 8637
7366 8483
8457 4631
5828 7721
1484 7840
3552 8797
5639 4724
4457 391
1887 870
7590 3986
1316 3157
7983 7896
1761 4743
1503 752
6037 2709
2913 1735
1863 8930
5919 3593
774 7714
493 6122
5936 7473
5367 8214
550 520
8658 7113
7378 7019
6211 5174
1663 8370
6119 4970
5565 7136
8914 4329
13 5695
1099 880
7165 1865
2041 1131
7868 1964
4402 8718
2292 4761
2700 6245
7237 8885
621 5839
2974 4051
5904 3324
1646 7683
3524 8887
4410 459
2378 8555
4413 3739
93 4831
364 380
8618 4640
4559 7851
5159 6804
7232 4012
5579 3715
1982 7311
6647 4503
3000 665
3601 4993
4926 5119
6586 5029
7612 7874
480 4658
7207 7452
8750 7746
5399 310
2725 3166
6865 3648
7181 975
3559 7637
3764 402
5358 4623
3730 1149
2615 885
1330 2706
4939 4419
8718 1114
4649 7237
5306 4328
7462 6593
3061 2374
2110 2859
4437 948
2183 5006
3683 8780
2826 173
3772 3925
4233 8228
5532 5335
5831 6032
298 3257
2581 1679
6174 4479
3880 3129
3966 415
7840 4130
1802 5097
7940 1403
1558 2467
5920 7057
6130 6341
5200 8305
1347 655
7798 7424
5847 7460
3239 2589
3586 5893
1521 4108
4181 3411
7635 8462
892 8760
5457 6632
4114 2395
3300 4272
8200 5010
6737 3079
6192 1491
3215 6846
8989 8444
5977 3587
3180 3026
6405 8571
2637 3116
1012 6902
5139 3555
1411 5944
4128 8236
6232 2899
6821 7033
2128 7763
3611 6965
5356 4338
6448 6268
6058 6676
8000 1643
6034 3465
5302 4406
3967 3455
6393 5920
3456 7041
5607 278
7059 2221
5897 6103
4136 2398
5522 6411
7226 5556
1208 8385
5839 1872
2594 1600
3098 5411
1741 905
8309 4416
8708 4123
1248 4757
2318 7699
7649 4413
405 2266
7713 7571
3928 5230
393 7437
305 7010
3197 1087
7760 1588
8493 2237
8393 4402
8842 3267
4339 6769
8264 3417
3741 7396
1583 212
868 3360
5475 4235
916 2523
6349 7194
249 5617
5197 7447
1834 3064
5933 8347
226 776
3854 2910
5163 8059
1898 641
352 6384
7533 8061
8751 2936
4428 5882
996 313
142 1380
3934 5507
23 2567
2848 8883
4620 1485
1871 291
3862 3203
3768 7520
2237 8952
7773 5935
2820 2444
4162 2701
3418 2663
5447 2896
4151 8679
2734 5338
1166 576
5626 4636
6552 4011
5900 2691
4978 1902
7463 7131
7305 8729
430 7074
3349 1689
8975 7827
3478 8704
8804 6563
2134 3978
4311 5039
1776 7167
7240 394
7945 7275
310 8412
1064 5823
2127 3412
2146 3811
1659 6848
2438 5431
1636 2300
8614 1095
6235 4563
8498 5232
6091 8792
1624 8752
5039 3543
372 7801
1278 2815
1645 2481
6686 1587
8502 5577
4003 6673
4059 5680
8724 2107
2467 1935
6238 8101
6354 2982
4940 5549
8791 6344
5625 7185
8897 888
5875 572
2059 2434
4990 4856
5583 7741
1429 5451
3731 2697
6634 6076
1509 6957
2481 3548
3633 3401
8031 5873
3900 81
4912 5454
1553 6554
8257 3067
5326 1542
1023 1917
200 8569
737 1034
6073 4723
7603 3201
8334 328
810 5358
6158 6603
5970 1796
1762 5419
2250 3280
7848 5915
2199 5989
5474 2711
4899 5599
4142 1416
4356 4784
4463 926
6069 8235
4557 6493
5333 2260
2201 8156
6007 4170
6680 2712
439 8993
869 1595
3689 8730
2382 8199
6019 5565
2485 595
2971 1097
3980 2933
4145 856
1176 3887
366 7198
7513 3150
4612 2138
7853 847
609 3832
4849 4644
5775 2268
5754 2922
8723 8579
5204 1959
1337 1148
5245 1042
1472 2962
8732 2387
176 5856
4319 3948
27 6044
1927 720
8399 4392
4746 320
842 5381
4761 7972
8601 3463
5789 5032
4348 8830
4267 7653
7781 5567
8600 2547
7023 1530
5316 2324
8232 7930
7140 6912
5814 4040
6372 2404
7680 2840
7776 6845
8583 958
6056 4165
3874 1835
7347 2804
4868 3795
7018 7098
147 3366
2959 3312
7659 8774
3815 3391
2747 4578
7334 6048
506 1138
6746 7431
7491 1676
3989 2550
3506 896
7445 8537
6458 5136
4852 5904
6121 4788
4793 1331
4040 8189
1579 8225
2912 2380
7440 258
3024 540
4036 1002
5762 6646
4751 5139
2920 4690
858 2363
1133 4001
8332 2774
2893 5149
5309 4117
5052 77
2380 6580
1430 8312
3591 375
4212 6877
3545 2945
5649 4022
2639 5199
4090 1668
5668 6688
2624 5884
687 162
6963 1413
3012 2549
7833 4645
7656 2026
8049 7364
3859 8474
8205 8119
595 3487
5746 8924
1410 2279
8589 3286
3225 1342
1586 3703
8659 5262
1768 6160
7194 3726
561 1692
4713 4443
323 1681
5357 3550
850 5055
6527 3254
7422 5123
8909 7836
4418 3336
1080 7661
4068 2677
7661 4377
7540 3603
511 115
1052 2216
8531 273
4882 6442
4874 7067
5355 5845
1875 5643
8726 8115
2104 8565
7434 1701
6382 8406
3454 7948
8381 5916
429 8148
4839 6677
5979 3136
4187 5875
1216 5242
6950 4824
1973 6034
2357 8938
3514 1915
1786 2454
7863 3645
2585 8145
781 1273
4202 4583
2422 4423
1363 2204
5221 5255
530 5835
3688 4639
5508 3023
2653 5265
8342 8422
2821 12
8239 8796
7157 159
2762 2321
128 7123
6474 5279
6624 2727
4925 2291
4909 5929
1511 5788
3804 3490
1445 3796
4877 7842
5042 1255
3312 2254
7218 8329
2634 1257
8945 6829
8972 4528
8184 1317
5279 6381
3725 6839
6877 68
5128 8753
6055 2858
2015 6240
444 4495
5957 3361
5298 6470
6206 705
5108 7634
6099 2953
2139 4972
1542 69
4305 3171
8130 248
4955 7108
7444 8289
1359 5685
2987 3968
5187 8995
4698 4137
1718 8085
2415 3172
962 6591
7224 4552
2171 3946
4080 7078
3512 532
7083 2093
3863 2919
433 1200
2136 8029
1189 4611
910 3926
6146 5896
5523 942
6875 3673
617 4371
8785 6614
5657 3310
5472 4665
7606 3237
2493 1969
8244 7579
1552 1720
5373 5606
1148 3879
8992 3050
8976 240
2736 255
7363 4470
6148 794
6305 55
5217 3792
7278 7154
862 899
2006 1071
1323 5765
7876 7377
1077 731
1134 6170
190 35
1717 3559
3884 3046
1071 3176
5192 5596
5516 3061
8166 5121
877 6404
8668 3965
8930 7412
6432 2448
7900 3282
4349 2394
5259 848
6640 6283
8915 253
3999 5105
1673 5185
8139 237
1519 5333
6760 7226
4497 1222
5127 4513
2020 6981
4017 7960
4207 2978
1550 5176
4081 7806
1078 7664
1492 8386
2397 8765
295 2526
666 3869
1098 2273
4451 3147
1729 7440
4087 3573
2568 8021
6251 6118
8390 6824
5311 3051
4494 3937
1608 857
4985 317
149 5398
7747 6340
5036 3202
2105 4309
4592 3972
1085 617
4999 2787
896 6711
955 8795
2933 7849
8499 1956
1640 1702
1963 1488
4535 7227
7886 4866
7252 5008
8212 2613
2404 7307
5193 6662
7344 5967
5045 1923
1966 221
8571 3193
826 6795
1251 1570
7811 3783
3370 3081
1333 1367
2125 7406
3867 6933
2522 1794
321 2347
7822 8267
241 510
7995 1556
3071 2505
8769 971
7476 6866
8141 499
7824 2479
1390 2565
4461 842
5055 3210
7359 8682
6335 7439
641 6527
5715 5950
4044 6556
1265 5897
5574 3920
7301 6289
6150 6424
8094 6016
4984 5485
1044 663
7294 5937
7946 8443
8019 8755
646 4362
3757 1625
5427 1593
7457 6726
1684 2783
5154 5588
2461 6211
8220 2128
1100 456
7283 2805
3554 3479
8702 529
1335 544
4855 8031
3322 8507
1110 6049
6782 180
2188 7978
4262 2337
5304 3754
4091 5994
3583 6702
926 2757
2675 1573
4096 6372
7472 5278
1160 1895
2195 7724
7862 5689
7282 8441
3403 1402
3892 4271
8546 6243
300 5446
7043 8020
7613 7690
7271 5352
99 5584
4498 4774
7851 4556
5689 604
2151 8552
5735 7729
5131 1883
7734 669
8797 4871
7647 1479
6753 1379
2787 745
589 6412
1886 6550
29 7225
69 756
3481 4954
8911 2544
5551 1991
1433 8853
1755 1249
51 5808
2698 6650
8564 5155
7021 3771
3401 8226
2907 5850
1783 26
7243 8399
194 7158
1637 2901
3123 4363
8703 4863
3986 336
164 4615
2950 7935
209 3649
2575 6234
5262 8634
6014 4584
1006 7056
6077 4642
7628 8711
317 5085
2087 3780
5207 8377
8524 338
6910 382
3372 2574
7446 5359
8593 7436
4736 1156
6379 2295
4483 8019
5645 5923
7041 87
2926 6525
7791 8319
6164 390
6645 1139
7015 7018
3132 8376
8322 5217
4374 3950
1270 8741
4554 2750
8304 970
2341 8611
2579 8084
6228 1018
5205 6772
3374 8740
6591 1406
2610 2531
7158 6387
8170 6227
7757 5663
871 6253
525 7066
34 8322
1984 300
445 1751
752 3115
7535 8955
5874 6029
7625 1271
1965 4715
2017 7165
6054 1954
2161 2884
2336 3996
1615 418
394 4427
2267 4647
2832 4749
8763 2084
650 7500
6104 1664
6193 619
5397 5354
1082 4204
5987 1743
4344 908
1599 5700
6113 6682
576 718
5119 6332
5615 8897
731 6636
5829 4399
1499 7401
1595 5427
2546 4210
2938 6547
371 2358
3846 791
2591 6689
2036 1613
3589 978
7770 2076
3405 4692
6356 8527
4966 5953
6573 574
4269 5421
62 4888
7308 548
5571 7093
4242 2514
4674 3284
1897 721
6535 1524
5164 1223
8860 4107
6723 1584
6237 5009
2332 3878
7575 5822
2478 7178
2853 2001
8391 5393
3663 1154
3817 8677
5851 7195
5586 924
5261 4504
3936 6781
2756 3632
8931 3228
5893 1637
8010 6290
1654 7598
2779 4508
6735 8964
3562 7350
840 8485
1638 1732
3077 7916
5166 3371
6495 4375
1627 4061
7636 6892
7439 8503
5578 3516
169 1477
2364 4393
8545 1749
797 7059
7002 6301
4237 464
3818 7135
3473 3522
2412 5457
8014 2152
5858 8813
5216 3883
5952 3359
5937 322
8053 5500
4551 4783
4634 7879
993 5404
7738 6748
4411 6773
5596 7584
4770 1803
1528 6488
2029 531
3679 694
4765 8333
2217 5625
5687 8045
6387 1771
5834 1919
3287 8988
4218 1710
8107 8405
2701 8349
2069 1571
472 8563
175 8398
6787 5253
4717 8413
4071 2959
7827 6564
2265 4663
4110 3752
1598 6764
3234 4376
5079 4551
4321 4906
5244 4684
6134 429
4112 3600
2932 7540
6236 740
1545 4919
5514 4234
7730 5965
1661 1670
8717 5657
1763 2056
2168 2495
6009 4291
3994 4451
7228 3078
7779 3099
4473 3615
2450 247
8282 3741
7089 7943
4295 7881
8660 2943
5815 4421
3816 4902
7220 5726
7459 8624
5170 8337
3809 433
2257 1424
2471 7986
1955 1398
8811 1996
5730 4106
1444 4671
5943 5909
4767 640
1778 6596
7987 2908
497 6348
6111 543
5757 6004
1250 5030
4881 2536
1772 6285
8197 24
7836 927
8518 7129
994 4987
531 3478
4169 6897
6998 5109
5901 2648
5174 3118
1485 7838
2428 2907
269 168
7817 2667
2365 6276
3465 5021
8664 2546
2184 3010
6884 2569
960 7055
71 5945
2713 3556
2470 761
3382 3578
7376 6871
5683 5043
1233 8543
4175 2415
4622 3492
8379 5222
435 7413
4838 1237
116 7141
265 4452
6467 5310
1056 8044
1573 1721
4776 5276
798 8649
90 2664
6715 6192
5990 824
1460 2965
3482 1079
1394 6810
35 2184
5440 4090
3420 3243
7745 3841
2796 8918
5822 92
125 514
7739 3235
8771 4896
5547 835
8061 1128
7244 1891
2888 6433
7354 1848
2047 7846
3661 1160
8815 7898
7183 6729
3141 8671
1296 4900
4585 4801
1094 6934
8163 711
1357 2417
482 275
6005 8809
3682 6750
8853 2307
1140 8847
6425 6980
6481 6415
2666 2022
8466 3674
1804 7764
8128 7125
4179 2873
8584 3944
7498 3567
4095 471
2028 4633
7588 1144
4464 7107
2558 158
5616 75
7331 5208
1533 8453
6665 2017
5277 8962
1794 2414
3808 4515
2081 3651
3316 6427
834 967
2538 4870
4993 2790
1810 3790
7452 7072
160 4745
3450 4428
855 7719
3493 6940
958 525
8814 7936
3653 3877
2300 6172
6293 512
2693 6802
4102 2507
4442 8667
1161 3464
1366 1304
182 5465
8340 4237
585 8304
1212 65
9 6857
1590 6030
3952 3182
815 4998
1884 6835
3706 2981
1843 1280
4424 2552
5894 6930
5267 1699
6776 8808
5051 4776
2922 1616
4768 398
5025 4893
3058 1518
8710 33
3096 4961
3515 3033
8292 5862
5843 1842
1453 1783
7341 8136
2778 486
1364 8039
1739 1385
6357 6809
2056 5369
216 4585
8492 5558
4900 269
7052 6225
3153 4009
6451 1797
4860 389
5543 5401
4817 5469
2042 6634
8301 538
7942 3428
4544 7776
5061 4889
8744 6964
6804 6083
4224 6115
5236 8147
8875 7354
3314 921
2243 3512
990 4282
8950 6402
2525 440
2321 3504
749 7525
5940 4587
232 3029
7257 6113
4523 4588
5871 746
7982 4032
4512 5422
940 8927
8818 5907
3069 8331
776 6988
7496 1896
5665 2320
8004 7415
7339 1901
6321 5984
4720 4463
5321 1934
8652 991
1702 4387
4260 5951
3269 8240
5876 2106
5776 8064
6048 2684
2954 4442
3795 7509
8138 5116
7793 8492
7150 4853
5840 6120
3535 8205
3455 938
8251 1864
6590 8815
5068 3506
8948 2516
1941 5389
3746 2958
6633 7910
1740 8116
408 8603
2881 5941
747 5022
2839 6710
661 2593
3794 6202
1111 3889
6873 5616
4836 222
521 7016
221 2005
6811 2836
6190 789
220 6487
8796 890
43 4820
6662 3826
1106 4909
3444 5143
404 3815
6085 7920
2142 6821
5773 8343
4315 7095
1675 4390
3972 8979
2802 7236
3393 8140
8561 261
6023 2615
6302 3616
3891 5779
4160 6441
6429 6652
4388 2610
2945 126
3582 8282
8820 5100
5680 4804
1588 62
3363 2752
988 4167
1405 7873
8765 5237
6853 2866
582 7816
5317 5698
5868 2506
7582 3497
8384 6618
253 7992
8861 1857
4841 2761
4614 3141
1574 8486
8410 6996
2126 8326
5533 1126
2091 5489
7994 6258
6628 1198
1003 2856
7553 5204
4580 4610
3950 2136
3658 1472
6004 6179
7639 2276
4324 6363
1152 8694
8075 4931
844 2870
4540 1601
2055 7675
619 4537
6412 8935
874 7727
1905 3577
6440 8425
3614 6543
5334 3114
432 3066
8946 6803
1809 1950
7544 5054
1876 2135
3722 4431
8748 5688
3483 7605
4818 4448
8104 5710
6688 1141
2915 5772
3266 3582
1215 8541
5432 1122
3448 6405
1199 2063
4254 7020
198 6186
4290 2897
7323 2948
4558 979
1034 6528
4088 4
1938 904
1650 8279
3864 2033
4804 2456
3247 5519
5028 8666
1393 3379
3404 6001
3341 3696
4526 6779
8632 444
6663 6298
8353 2235
7035 2942
6862 3576
8068 1155
4283 8533
2078 7283
1782 4487
767 6625
8215 4494
7517 2775
8834 321
4060 7182
6064 8975
2197 1323
8385 1410
8942 7464
2690 7048
3727 2399
4783 8893
775 474
4843 6013
3413 2117
5122 3274
4201 642
4332 3735
3555 4057
6413 1244
5392 2694
6319 6264
7892 4485
1626 1089
2857 5247
7915 3692
3189 8529
2716 5955
2132 2083
1711 5115
5146 6987
6616 3334
4519 4119
3490 2164
606 333
6878 5091
3379 3498
8872 7421
5721 6678
3590 6456
6924 621
754 27
500 1457
6530 6204
2487 2163
1043 7973
2692 6406
5778 3836
8096 4269
1505 4410
7500 2411
6771 607
7410 1259
534 4259
4897 6919
7697 3738
3362 8628
5396 7474
7664 5728
4991 8610
2343 807
5481 1224
7556 7287
8216 4991
4471 1728
7086 8608
6953 2853
5682 7684
7007 6432
3142 8511
2916 3640
5034 4716
2160 1112
3479 6627
1391 1949
274 5089
4528 7319
2098 7001
8192 8591
3870 6217
280 6501
622 8725
2477 2620
5872 8722
2583 5517
1352 3797
3529 3251
6917 1326
1385 6472
7277 6582
303 6187
6101 7630
3018 7515
5906 4391
5286 961
1092 2253
3724 7799
1688 4327
2278 5311
2957 1572
4190 2378
244 7476
1943 7444
6922 3597
808 6653
5635 5995
6447 1041
898 1014
7985 1295
8201 577
748 1147
8123 243
1286 767
3970 597
3979 5819
4325 4826
3719 6713
7267 8693
7185 3180
4635 4822
7316 3072
2348 4496
5214 4577
2192 4581
146 1308
5194 1373
6868 7007
2818 3128
3117 4789
2532 8738
852 1826
8706 3317
2586 6592
5799 1651
8400 8241
7131 5573
4908 1669
8521 2976
3756 3838
1656 3002
1812 5458
8954 4786
4726 2579
3963 7345
549 5523
5713 536
946 6978
3943 2397
3237 1497
4986 6006
8636 289
1563 2874
2574 8951
1616 5982
8011 5691
4828 8426
403 2263
1767 8534
4995 198
5637 5395
7030 5961
3875 6923
8973 1490
2795 980
2282 8972
997 4865
4890 2125
2178 3271
5144 5325
6249 2990
3233 4194
1906 4116
648 5931
5495 5464
670 7865
7724 7904
4894 3654
6896 7995
3270 476
4033 5646
485 7115
1442 4345
5592 8692
1917 8751
6410 6714
8876 1981
6800 7448
4164 919
8015 7814
2972 8798
6676 1853
5097 6278
6507 2746
2508 6490
674 2149
4591 4147
7815 2373
3785 8368
4426 6084
7326 7932
7236 8956
8679 363
2628 7789
8013 5195
2695 6304
4168 7710
296 2629
6066 3076
8164 3995
4586 176
705 3854
5827 7783
8024 7781
5892 8778
6710 6092
7076 1649
8607 3445
5107 630
5091 6968
3008 7856
3985 1812
4456 6232
6149 5483
3091 1619
6160 6523
1145 2601
416 4653
1306 2734
8893 4635
7908 7037
4351 541
1957 5502
2084 8653
6260 2846
2498 3681
6227 8650
8305 7950
4884 2553
7807 8278
351 3591
1587 6903
4603 5447
7248 242
8739 2338
3034 3016
6905 5320
7284 7002
8523 8272
671 2234
4560 4711
763 612
3152 8060
3184 688
2984 7951
2650 8498
3264 7990
3150 5898
7961 8361
4546 7029
4067 3724
7655 8606
7320 1465
329 8617
7447 3773
8848 1217
1223 8253
8274 5240
6986 7861
683 8984
5998 2317
3416 2421
2388 5403
3384 4598
3911 8953
851 23
5206 1957
1310 1231
755 764
1249 2778
418 2277
5105 2764
4833 1016
1068 220
3599 4829
4468 5468
2138 7752
5167 8876
8516 5002
5984 6061
4336 2410
8086 7213
7133 1517
6398 1264
8443 3560
133 1888
7401 4540
266 4264
4453 4089
3043 3564
2896 8862
6881 7112
5272 7891
2768 8057
7766 5917
1787 2765
112 5725
4527 3249
4706 5428
7670 6631
1426 1868
2531 7276
1543 5757
7037 3991
7005 1180
377 7393
4570 6391
1867 8783
8120 5659
3773 8748
5313 8655
6899 4895
6047 4835
4252 7826
8666 3070
4043 6389
8336 8651
6511 6568
4811 6444
4203 150
7718 5117
2194 4648
3056 2442
3339 3327
1033 4334
6411 4657
535 8231
7155 1065
6569 676
2222 8973
6036 7723
2733 288
6733 8306
5281 6414
6017 6321
6240 186
2214 8402
8712 3224
8655 6793
4504 8493
3389 7811
7733 7568
7388 1928
4737 645
2259 4736
6689 4034
5588 785
7774 8288
4697 1150
7134 86
3373 4249
2424 7293
2655 7091
2490 1507
8371 3611
4241 7644
953 580
8062 873
5954 2053
1308 3637
353 5376
7024 2058
792 1190
5411 6111
258 2534
4539 1577
4640 7862
4915 5512
359 6471
4000 6573
8541 6223
4049 3348
7093 3211
7967 7267
4486 5632
1283 7223
3036 5634
8480 5641
526 8086
6711 4803
6925 3744
6018 5349
2660 5611
7153 4536
2277 7049
6053 5743
263 8574
3261 4201
1584 2924
3311 1239
4306 7372
5724 903
5821 6893
474 5476
1163 8601
4394 2494
981 6954
902 7751
5548 7853
3256 2668
8155 3253
8017 5277
7201 4021
7094 5025
8687 5888
7633 4417
314 2461
8265 8437
4615 567
3476 1206
4994 1314
344 5652
3699 2158
2285 4398
5398 7064
4633 7591
7101 8248
6114 4257
16 7309
6783 1207
8933 4459
4154 2822
1371 4135
3354 6827
1832 6255
5016 57
1947 941
5251 951
1091 4641
5896 4336
5517 4098
2374 8217
4055 4245
4122 7555
6320 6426
5581 3970
123 1454
6541 5348
2671 5294
5703 2194
4082 5570
7259 7731
5488 6208
939 284
4147 6757
456 6214
1888 5790
6259 59
7197 4704
944 3174
5790 5895
3598 5462
3813 7092
5368 7454
7092 3394
6504 2934
924 5318
5022 4405
3191 2891
2685 1884
4271 1663
3637 2255
4819 7100
6010 3866
3901 6431
111 7790
5093 3687
1581 8816
2058 3657
7372 7837
8509 7850
5002 1925
7679 5540
7536 8941
4842 1001
2982 7830
8316 1329
5268 6209
8416 280
4714 6189
1821 7829
3853 7262
5233 3682
8542 1243
2670 3200
1693 6295
2466 4917
2294 4818
5083 6569
2865 4981
8932 7804
8823 6445
6381 4493
783 2788
130 7749
7274 5104
1121 1641
4913 5687
5910 4890
368 1430
686 7974
7740 8362
4555 1387
7856 4335
1049 6960
5749 2351
8110 1921
5422 8487
921 1068
8742 7073
6792 1285
7152 5908
5456 2705
8287 1099
5445 693
2060 1172
315 3343
8050 4160
8627 5867
5931 8036
4887 5182
5066 1316
8850 8917
294 3245
7139 5763
6562 4172
7112 3281
4735 5326
218 2486
10 6158
4665 6449
5241 8535
4302 7685
2148 3438
592 2784
7546 7485
1520 6355
2072 2298
1191 4666
7120 5768
3390 2864
5258 3899
229 664
5909 3256
803 8587
6692 1428
7180 457
841 8619
5997 753
682 8947
2400 6468
387 4924
3783 4163
4863 6222
4582 6521
7705 2984
1523 5521
2368 7825
6280 1382
1450 1175
7881 2433
724 2270
6687 1240
1959 2318
3807 1759
8186 1606
6889 2542
6560 109
224 4689
6949 8687
6987 2215
6666 5450
5755 8032
4693 5216
3981 3178
3129 2443
4257 2031
7905 8838
6197 3155
5887 2960
1564 8445
4182 7404
1890 217
5090 3706
100 5482
8958 526
3806 3775
6044 2120
4977 1838
3111 7878
8970 5289
5877 4821
325 3270
652 8921
7154 6275
964 3536
6122 4077
292 7290
5628 6467
629 1799
2240 6755
1919 5696
4932 4811
2948 8877
5179 8258
3750 959
3596 8708
290 5302
5121 8505
5183 392
1489 6984
8937 5171
6201 8408
2407 4324
5011 427
4835 4014
3330 1659
1258 602
3441 4340
6626 2766
6093 6881
2165 4566
8326 6720
6977 5526
6575 2382
1892 8387
1017 1030
4508 3967
4425 3677
135 508
562 652
5400 5991
8594 2583
8051 1565
5342 7110
8563 2027
4103 2205
2687 7704
3326 8551
2135 8789
4711 7312
7648 3848
3669 7015
2117 6399
391 169
7637 4834
1915 3040
4840 3989
2223 8870
3293 994
1621 4557
7589 689
3183 6154
1619 2326
3511 5859
5544 1232
5899 3137
7694 3549
2395 5059
4165 7313
4478 5591
8245 8000
28 2329
2389 7084
811 7693
8214 99
4024 6941
2702 3094
8646 5871
1508 3125
569 1566
8559 653
2312 1869
3617 4921
7515 5477
2847 3553
8324 708
1855 2511
6166 3896
2455 1129
2964 6366
141 4304
6196 420
8030 3931
2776 8007
19 4744
8957 74
5701 8446
3509 2226
1647 88
1731 6531
2144 511
1682 7549
7981 4691
915 8460
2880 142
127 6598
3342 4956
3503 4408
4522 4365
2427 5902
6681 7335
215 5260
1184 3714
6108 8447
7802 5496
245 5283
7147 397
8439 3785
5781 3605
3888 301
6583 2931
4661 3716
7719 1674
4076 5703
2708 1054
337 1293
8219 8545
73 5934
608 2423
7127 6213
8383 190
2460 5452
1086 4432
7857 900
5501 8602
7312 383
4445 7697
6818 1105
4862 4038
7651 2080
3065 144
7999 5624
6863 5473
5580 759
1252 5478
4568 3753
5463 3338
3921 234
542 505
4797 6407
1437 2036
5820 4862
5993 5122
8918 3144
6579 7392
8246 3351
7193 2880
374 3276
2674 379
4893 742
3364 3308
7711 4754
4654 6747
4556 863
7428 7940
2647 3590
769 8262
4051 6322
8994 271
3307 3031
7345 7022
360 5157
8143 5815
6508 2381
1284 4104
7754 2914
5932 2166
8667 2220
8547 8456
5103 1247
8446 8191
2435 2736
8934 8776
8895 2472
2599 1363
4326 6578
3106 1995
3243 6486
8355 2455
5162 7013
2797 8033
8643 257
7891 6526
1836 4178
884 8867
7114 2257
1548 6342
8352 2500
3335 230
6888 3699
1549 4400
8562 5018
2604 3060
1610 7450
3508 5964
65 3819
4093 4238
5558 8799
6348 8896
3422 7559
4760 1927
1536 1506
4469 7989
79 6872
6177 4838
827 4542
1427 817
5319 233
1491 5344
348 8192
1622 3626
880 2957
2923 1639
1382 5128
1170 1216
2096 252
6671 3183
7499 2955
183 522
8700 4307
8210 7346
2172 7987
4353 5093
7752 7745
6748 8689
6705 4712
2344 7270
6996 5098
3949 3541
4731 5110
2090 2740
1900 5288
1486 1066
2814 1242
7685 4532
1820 7133
4858 1549
717 7982
8286 796
7245 2034
1524 5595
3391 2147
6169 3435
4427 7206
6935 7952
6602 1153
1177 1554
2967 1926
2603 6647
5218 7252
8522 3851
3837 1825
343 801
4565 2301
5994 1636
8428 1575
45 7870
1088 6841
6490 2096
875 1547
4743 683
6972 7014
4018 5088
6882 4564
5323 2389
4039 1313
704 421
8774 132
2441 8204
3852 5742
8672 7620
5070 1011
2177 1843
1603 3160
6397 419
3348 3698
2231 1145
727 1859
8929 6559
8501 4433
4054 3364
2182 2102
2642 5239
4282 5460
2918 4058
2513 3429
7254 3084
684 6878
1593 3669
5802 3204
950 20
2323 5235
4106 8990
159 4297
1272 2548
342 3874
5195 4162
4401 6518
1089 5224
2714 2592
7871 3167
309 4397
3739 5415
7917 1159
37 6370
3329 6920
8114 3250
4666 3781
1514 6339
6072 3241
4183 6428
7777 6938
1676 2071
8587 5163
638 610
1280 7456
633 5388
5959 7106
4334 2963
8828 6735
6813 661
4466 2937
6533 8502
6914 5644
2673 7643
6631 7228
6926 8242
1232 1026
3037 7159
5750 5245
4371 4064
5939 4533
4074 4608
4511 8970
6520 3392
3923 6361
6990 6081
4403 1627
2420 1863
7610 4367
8451 201
2600 1473
8291 2464
3836 2485
7175 2049
4053 2040
613 2165
7504 3998
6600 2288
7020 6489
4886 6936
5928 208
941 1534
3357 1754
8956 5272
8069 1757
386 4731
2167 7519
6788 876
4954 8910
1748 5678
3219 7923
5012 6727
7121 8675
227 5319
2089 5209
235 6758
7136 3693
3563 6790
1384 2587
5003 3285
1683 4292
7400 6904
7356 5148
6161 8463
1971 6171
4221 8394
6717 5874
6059 4260
5758 3045
2980 5170
4916 1392
4787 8781
8604 5668
6768 8171
2066 8991
2516 7279
7558 2522
1939 5719
4870 6157
2099 6785
276 8421
7255 5187
6755 5044
2952 2284
2754 5702
7742 1615
3940 1191
2718 5441
2114 2333
5292 7866
7116 1904
8300 4110
7104 7411
7302 6894
2088 7430
2156 5534
1750 915
8179 2956
2387 4812
3657 5435
1784 2611
2644 4247
8241 2991
5212 6516
8280 6021
2107 5291
8295 3623
4240 185
2186 3660
3492 6620
5786 1795
1420 5581
5632 245
2874 7702
7931 4794
6363 376
7901 4886
848 3890
2719 782
5982 5870
536 408
207 8829
7545 7671
6798 606
2887 8631
706 5655
2732 7005
5613 5051
3168 256
1238 3823
6443 50
5699 7341
975 8769
6454 6693
6125 2004
5753 7334
7795 2917
4467 5011
7411 3022
2730 6495
8081 3766
751 8855
55 2206
3367 5172
3296 581
8223 7860
7665 8378
8890 6002
2759 8041
7634 8604
872 3500
7404 6553
5234 7277
3383 8401
5407 2632
7526 3476
7227 6716
5019 3748
6079 8710
3472 5035
2430 516
5419 4714
6493 5366
6456 6129
8592 3646
4534 283
8260 7344
963 2322
6627 8417
49 5293
3263 2932
4433 3510
3387 4373
7103 3871
8477 7088
466 2785
4715 3809
4077 292
1175 4382
396 1183
7885 7624
7149 3765
5542 6256
5210 1793
4489 1628
3954 6396
2414 3387
467 2244
593 6760
7075 2951
365 8585
6555 5686
5591 3835
5314 3456
3687 7047
5172 8772
8535 566
4834 8088
5685 4176
5806 2851
5479 2002
2613 2728
6674 8987
8397 238
3175 7453
7091 5213
1655 3362
4798 2422
3114 4046
865 5378
7910 6440
4137 2023
886 1804
6904 5852
7846 8277
7006 3179
4775 1195
6860 6263
7735 1446
3643 3367
3865 8410
778 2310
5289 691
2339 4430
4048 3821
6816 5807
7390 6885
4550 7196
2765 0
3547 1121
5845 5461
6827 3232
8510 100
8243 2048
3424 1516
1612 4802
3007 2503
6832 1739
1008 6108
4963 6694
6435 7358
4758 1766
8784 8336
2077 8109
89 3749
2677 7050
6090 7099
5688 502
679 4142
1803 6436
2686 7054
3059 4156
3784 5936
6713 5998
5369 6262
4856 277
602 3291
1466 4559
1322 7082
7800 1466
6420 4805
2763 360
8228 6079
2631 8833
7935 4507
2636 1343
645 1820
1779 2928
2997 8028
5075 5400
1142 5582
6636 1282
794 2070
1471 8094
3560 6895
1539 7169
7088 3008
2664 3037
3451 1977
1449 2292
5884 6088
7132 6072
3181 4655
2961 7199
477 1786
7763 6014
6649 8599
6603 2868
518 7847
7708 331
3251 4775
2254 7707
2221 8627
5275 830
2218 435
1154 528
8168 8642
2261 5111
2965 7844
3359 3694
8293 840
2423 3893
2416 3571
381 7268
8294 2792
5222 4713
8323 5976
1597 4934
8983 5317
3686 5524
7907 732
8008 5484
193 5258
3218 7818
8962 5800
2773 2753
2791 7395
4496 7467
7574 85
1857 63
1522 4054
4918 5968
1799 6312
5435 770
184 8572
6589 542
7167 1027
4227 226
1457 6844
2561 6252
1816 1241
6233 6739
4790 443
4287 7475
5732 5273
8375 5510
3551 2018
8250 4468
6840 6464
5623 6583
5582 437
4515 2190
1369 7997
6399 6121
255 6334
2620 8488
5725 2044
7303 3093
3159 5849
3641 7819
8709 1100
4277 7967
2905 6114
210 7628
7591 4795
7650 3161
6286 909
1889 3700
3671 8767
1084 5712
883 5562
5141 4730
5590 4361
7712 497
8272 8739
1578 1371
2601 5040
7455 2729
5100 3229
2937 3770
7888 5024
824 8381
1303 3653
5426 8481
6187 5144
1537 5869
8707 7433
658 784
2860 6277
7678 2696
5377 4859
6277 1090
7208 3599
584 3238
5043 2501
5158 5975
5566 2340
3095 5151
3588 2640
3833 3350
845 3656
2014 922
680 6786
2672 3743
2684 4143
1525 2660
5446 6643
113 3850
7673 5112
6701 6303
881 1916
8288 3661
7619 1021
1392 593
59 578
8984 3468
1551 1307
6765 3388
4185 739
7137 5162
476 5914
7253 7315
3072 8841
6859 1673
6323 5579
8669 6315
101 5734
5698 4973
7509 6056
139 8996
1544 8108
945 5275
3428 287
4288 6874
1907 8758
3094 5005
7117 1647
3170 1712
8453 1576
3368 3043
5106 7651
3079 7132
3839 8190
5857 3566
6505 6633
8799 2724
8074 7797
3959 5876
4780 5103
7527 1552
2565 2518
4562 3983
1120 2256
4429 7087
1600 1415
6581 3495
6679 839
6459 5436
7265 2011
5008 6577
8981 7757
8527 5292
2665 249
6550 6093
3755 138
8325 8525
5813 7432
6509 5498
7808 3173
901 2743
8540 8580
636 4980
6306 2180
5255 556
3324 2122
7746 6413
7427 5037
5176 8355
3984 7619
2297 8181
1028 4673
8721 1671
2834 60
6391 7794
2808 2183
0 6648
6438 1974
6801 3915
6885 2944
483 1877
1218 1500
3238 2162
738 7176
5510 5798
4813 6248
786 5407
5005 2420
2891 6039
4454 3704
782 6719
6156 7938
1826 5306
3386 4734
6471 80
5696 1993
2076 5533
6062 8906
8792 5312
8395 2210
6208 96
973 135
3073 6611
6491 1088
7040 5677
8761 2346
2141 3520
1341 8479
3 5840
6861 3824
7099 6479
3028 8825
4177 45
7338 4817
302 7459
1918 953
1321 7824
2203 3842
4265 5056
167 19
1412 7565
1696 684
8037 1968
2886 6418
446 3813
6375 3966
7398 4974
4923 7642
4300 7244
4626 8176
6716 2823
7351 725
1461 3604
6751 5417
5460 2133
8419 2675
2744 6517
2514 6421
1210 5777
5541 7379
5560 4897
375 5268
678 3471
7242 7621
5123 3424
8235 7028
8354 4006
3821 6474
3447 3138
4156 6269
4969 5542
4564 1136
1848 8124
6300 6317
7926 8063
2941 545
4752 1952
225 4687
8985 6018
4378 5263
5157 106
7626 1724
3231 3758
2375 7902
6285 3259
1400 5789
1928 7777
4957 1861
6982 713
2769 3531
1811 2875
4934 8999
109 3629
5742 2628
3760 6011
1685 3840
4718 2837
4297 8575
7721 1782
4023 4439
5441 8056
7816 7580
6213 7483
1972 3529
6102 3326
8611 4136
4163 2085
5465 7179
6107 5016
4193 5718
8644 3399
3621 5683
3609 6852
8676 4634
8378 5604
6582 859
5366 3542
8373 7216
4727 6155
6135 7497
947 6836
2864 4075
6561 6837
8148 6534
4199 4326
7046 6161
6937 5438
1559 259
972 7518
1540 3624
954 3252
7532 6512
2593 4179
2785 3914
5695 2094
3997 8820
2130 2081
3085 8298
7306 5648
3331 7599
2580 1397
5380 5127
5126 3639
7662 4435
578 3240
5728 3816
2129 8597
7785 7076
8454 1427
7919 2521
7362 5705
168 3565
7364 4080
5278 3860
7644 568
8730 7472
1611 4966
1418 8424
5862 5063
5989 4010
3466 7166
5873 5256
8150 5836
4317 1824
943 5830
3886 6068
7412 6921
3020 1850
5678 4846
3527 6566
736 1143
1209 5406
4001 6242
714 7428
4313 866
7865 535
8033 2264
205 3244
5723 7585
2626 2104
8572 7186
7187 2658
5991 5717
6460 4270
2849 6123
4501 517
2929 6718
1193 3044
1833 5481
8256 5371
8538 6725
588 4287
46 1315
7698 5564
6981 4869
6739 950
2170 6362
4045 7363
607 8570
1228 647
1999 2327
3851 8390
3738 6558
7895 6641
1079 6685
4063 5957
6042 5927
1672 2563
8947 4984
2436 7103
4699 8700
5322 8193
2362 5036
8936 7361
8440 381
7231 4683
75 4359
5344 5838
4492 2603
8865 2504
78 7740
765 4914
697 7245
6734 8923
7038 2621
816 1045
6566 4356
6819 276
4619 7109
6585 8761
1861 521
4016 7534
2342 1362
7407 3349
4509 852
7950 8392
4444 648
1697 773
64 530
5347 810
285 3839
7293 5456
4408 4388
4581 3882
7997 923
1813 6971
5029 8364
7652 3814
5345 5751
8452 5432
6849 8949
441 2198
3835 2972
5315 3962
4802 52
2033 8817
8366 4573
7775 7257
8824 586
1267 3102
2563 3609
5929 4139
1730 2157
4979 551
7382 1922
1186 7627
7790 8062
7903 2400
7122 6905
1234 7463
6851 6703
108 5142
3474 3469
8276 5754
5086 4353
2080 2197
6938 116
895 8804
8115 7774
4289 4759
6434 2103
5947 3248
4676 3635
5089 1605
948 8075
5650 6509
7408 4932
7632 4266
2955 3208
2409 4700
8553 2572
6954 4492
5081 6816
4423 2010
4658 8831
4524 615
1962 914
5550 5075
1873 5324
8489 8506
3600 6466
104 4779
1156 6818
1020 8068
8690 2108
3902 907
487 4986
7206 2513
4458 3304
385 4660
8472 1705
5240 3583
8996 940
6871 893
5451 4594
5132 1734
8418 2576
4419 6847
5215 7892
6027 2559
98 585
6563 4908
662 6907
3584 2146
4536 2686
5968 7408
8982 4228
4668 8382
4929 5536
6157 4576
7587 1745
8476 1747
1302 1610
3003 7181
3433 800
6846 5636
8808 189
4460 7841
8570 6505
3734 2903
8338 354
3035 4827
1481 7272
2190 5504
5249 558
2405 8009
5173 2702
3899 2540
4975 1284
4728 7507
2468 4603
6325 8038
2879 2929
172 635
5248 3759
7510 6828
7109 5733
8226 339
5038 4985
1222 5548
1601 8168
3916 2478
8803 5594
6224 8963
6151 2360
4399 715
20 8600
8663 163
5708 5017
8921 7957
2252 6535
6607 7468
2597 2376
2482 188
5569 1275
2739 7101
573 8714
5833 4990
6780 4318
7492 5555
980 2968
3770 2771
3516 7922
4599 7747
6947 250
7406 2843
7143 3105
7788 3297
4543 6270
223 346
1592 1354
4167 3058
6537 3301
870 3702
6422 1439
8157 3021
1407 7524
2086 6326
4678 2889
4159 6805
2504 1174
8629 1377
1276 1722
4116 8261
6312 1384
6519 6629
335 1161
800 8909
7521 4810
3797 6787
6866 8643
2825 7486
436 1067
627 2344
1924 986
2225 2886
8550 6274
8313 6780
5627 7374
4126 3876
7866 3321
5185 4466
7373 3294
339 5661
3995 2176
6670 3858
2064 8202
5418 1238
44 6310
279 2543
3674 7981
5764 5943
2220 1204
8482 6043
161 2241
8625 8691
6932 4333
1253 5942
5506 7209
1204 5912
6809 5892
3531 2561
3375 8721
615 6915
8757 5833
1027 2834
8321 8273
6463 1510
5611 3829
6841 2940
3570 2223
7394 6420
6887 1675
5844 8644
5922 165
6388 7505
1041 6855
1753 8058
1169 6047
1623 3751
5797 6205
6270 3017
3672 869
2008 5184
1758 8047
6807 4314
3651 2538
1607 2469
660 2609
1243 6110
5452 6886
2268 1146
1260 1305
520 560
3268 883
5881 101
4730 8090
8317 8500
5748 4844
1318 1508
8566 730
2443 209
7501 4680
2016 4068
8731 5794
5254 7894
1118 828
6039 5778
5552 1445
3728 2475
4778 1459
7786 2862
426 601
5120 5782
6369 3894
2867 7085
6708 7006
8415 4374
7523 5706
6822 4667
4950 5667
4038 5367
8496 6700
675 7927
8473 910
6070 6293
7925 6022
757 4926
1167 503
8028 5647
5766 6376
5391 6723
1793 2353
2113 1299
559 7538
908 2570
3394 6536
2606 8065
85 7080
3414 6768
2403 1638
5885 8818
8827 8345
8901 1531
8677 4620
486 1196
4816 4168
8469 6482
1713 5682
6343 929
1239 3483
2486 7831
427 7641
3915 5650
6651 887
5503 3405
6750 3589
2459 8452
6273 326
8027 8889
5433 1332
3498 966
8847 2375
5371 834
2410 3122
2866 6328
1164 699
297 3526
4613 7096
1386 5791
6128 1806
5270 3275
1725 6438
2236 2872
6847 5050
3199 7784
4432 2281
2248 5392
5557 7882
1823 7681
3045 3718
8254 4599
3174 8641
322 8051
6667 3636
6046 6541
5738 239
53 343
189 4278
5604 2584
3275 5445
6040 853
8072 6137
5618 3404
6261 3422
1087 5561
2534 7529
8574 1716
5780 4244
3075 2888
5004 5284
516 6346
363 4070
1348 2966
7063 1480
6767 8353
7964 3306
1815 4617
7844 846
1201 993
206 6699
6693 8681
3711 6589
8267 1683
3409 7003
117 1581
5040 2847
708 8549
4516 670
5916 7111
3924 6900
3299 696
2346 8989
6825 1436
2931 3331
8407 2754
6116 7210
4920 119
5953 2328
552 475
6540 5351
4502 3409
5878 4771
6971 2243
8237 5545
3922 4019
4211 3731
4904 3007
4141 2041
3345 4321
1914 1272
4749 2115
6836 7239
1872 805
5561 1169
8368 4242
1331 2524
4782 1401
5769 797
2882 6143
8361 3381
3849 5356
8468 3448
2439 8079
4781 4626
4037 6709
1660 3087
4341 6974
5325 646
8819 1942
4754 6927
6124 4072
4919 6979
8036 7782
5556 97
413 5748
4443 8715
713 5114
8858 6602
4396 6887
3177 1051
1351 4169
4385 1162
8208 4066
7722 3264
4606 299
3749 7348
1425 3789
7858 8287
2515 6316
7458 1781
2452 8363
5151 5530
8682 3837
4105 1091
4922 7330
6315 2246
8392 1665
4292 2650
7667 4710
6025 6148
6154 7152
3457 5087
119 1645
3767 6655
2376 5267
7141 1166
5546 1537
8526 5179
725 3095
3619 1226
7972 8981
967 2512
6428 3258
796 7756
248 3870
4131 4941
8966 644
5684 2487
2324 2810
1710 5566
4097 3111
4113 6012
8174 4668
5714 2437
3402 1103
4484 1810
6725 2248
8190 2312
5731 7770
7027 1992
1370 1104
804 3085
7912 7864
801 7735
5719 5433
30 4233
1904 2474
2411 334
3893 3760
5497 8083
8435 1471
2209 5824
1165 8766
484 5410
3883 3701
8836 677
2232 6913
33 1049
7505 1709
5116 340
6578 5639
5756 4354
6404 8373
2101 7291
3876 8350
8177 1979
1960 2323
7960 8528
3700 4511
2179 8865
7386 4702
4285 6020
3109 620
8077 3909
3507 2341
6362 4938
3542 3932
4815 4837
1895 8633
4607 632
6322 6175
1014 2054
1244 7527
4788 434
379 3707
2260 3641
4590 8560
208 6040
8998 2207
3495 4836
5603 4979
1447 286
6480 583
4414 5300
2464 6860
4123 5479
5734 2887
4784 1512
448 6708
1257 7383
4880 5383
3462 4288
5383 2101
1254 804
3567 5901
3139 8026
5630 4555
7383 8629
4992 8966
2353 7391
7097 1579
3207 5580
7916 8859
8103 7996
6824 7629
6472 3283
2307 3683
150 4618
2836 1929
8483 8508
1976 1127
5914 1395
2381 5374
7506 8346
2075 1375
8258 6461
7748 4220
4085 3106
2869 3134
3162 2000
5209 8442
5673 1704
2544 5180
8514 6674
2608 2362
5888 8950
1993 2714
4274 7149
7142 1560
1076 6814
5499 7297
6596 8206
6786 8372
4470 5308
6316 6437
7238 1798
455 411
2022 5610
3078 1750
8508 519
4601 563
8549 4560
8175 2493
8977 4445
6283 2596
8889 1539
8089 3375
6844 6831
4814 7722
7072 6336
6525 1489
5235 7852
2000 5183
1956 401
4928 6473
533 5988
2682 4601
1901 7489
8728 2203
3011 7284
4577 7687
2304 8899
3281 7848
6342 6533
7966 1165
7205 3049
5363 2571
6383 8409
2704 4102
3931 6956
1414 7356
1211 8822
1837 2065
1849 8247
5494 4154
495 6082
897 1521
3057 5740
1192 2659
118 977
8906 771
7529 3678
2590 8596
6076 3642
7855 6500
4974 2918
5010 3154
66 1276
3122 1814
5035 8166
6247 674
7001 6751
7631 5972
843 7077
5015 2195
6605 3296
7782 3607
1498 5814
5413 2748
2145 2060
1727 1085
546 6608
7168 7897
3417 8788
7073 7809
6400 6654
7576 4118
949 218
1327 4580
8088 1561
3610 2911
3579 1004
1202 5749
5540 3346
3872 1874
4563 2646
7787 3378
3423 4196
7177 7886
4338 6918
4340 862
5805 660
7397 4480
7906 6338
1205 7792
6061 8211
2764 8403
3735 8250
8146 7536
7263 2006
1454 6064
1103 7965
6740 1943
6629 8132
7169 3981
7932 5386
6317 3999
6973 1300
3825 8719
7016 3062
3987 4570
425 7172
5621 1263
2286 4899
8188 2402
7421 7532
5978 3431
4732 3119
6152 8931
7260 2028
1721 1478
2689 4175
7530 4127
6912 3130
3488 3205
8158 7148
6761 8499
152 2515
4837 2342
4774 2777
1589 4706
6961 7592
3209 4545
8308 8992
1241 6394
8369 4317
4885 5786
6284 4358
515 2844
1829 7900
5662 7173
7064 6669
4785 8491
330 6104
4474 1717
6870 6451
2289 618
1061 1391
6021 4364
5385 3225
6115 678
4354 1890
2234 8965
5890 3393
6762 7793
2635 1758
8959 1039
6008 8922
8556 8856
12 3152
2313 757
5804 700
1715 7273
1374 1555
3105 8902
4740 5064
6781 8925
2983 6969
6081 5546
734 8605
2638 6207
8543 7349
5239 6649
7581 4311
1819 5918
278 2174
5149 650
7887 5201
70 1774
8016 4602
5882 3344
3087 8351
1751 775
1464 7626
252 5699
3499 1945
8507 5347
2283 1973
7402 3474
2437 8702
5670 3515
6147 2758
5818 7285
3782 8179
6503 6815
2852 1010
4691 7304
4861 723
4149 5694
6830 7031
5539 5756
7469 2794
395 7706
3090 3561
6364 4258
1038 8078
1679 2848
4857 345
4531 2636
2616 4478
2249 1632
1025 6658
3681 2029
4021 8161
6991 6403
7268 2633
4293 2920
2617 4936
5232 6549
3186 1514
4223 3162
1828 6350
5168 152
7984 2588
5666 8451
8204 38
3517 6177
6516 3634
8425 8177
4910 7300
7061 3356
8737 4095
4007 8724
5686 357
6789 2715
3919 3496
604 5834
4397 5296
6359 1634
1221 7640
8357 1254
5125 6279
2152 42
3691 6538
3436 3861
5770 4807
5067 5158
5599 5877
3684 7750
4537 1265
3530 7070
882 7566
3944 6530
7298 2699
7518 6557
7828 3742
2850 631
8650 7271
1022 4462
6486 6973
3983 4830
4012 8173
4750 3227
8455 66
5094 3527
1854 5463
1179 4346
489 472
6617 7289
3654 6539
6539 8318
7792 1618
957 1050
6594 2989
3678 5495
2465 25
4387 14
597 8111
6159 6937
7573 2913
8382 206
2111 6329
2587 5382
6747 5981
3006 8519
3629 7117
376 1456
1512 7546
2163 282
367 6998
4034 1202
2061 1058
5429 2024
6083 3082
2288 8011
4854 1418
1225 374
4672 8779
2325 8307
3185 1061
6856 2793
5918 8764
5401 1070
6808 3853
6829 488
3715 5844
3885 129
1732 4755
1566 3164
7709 1246
2396 4855
8988 8352
6105 8590
4645 2482
8798 4586
5992 2969
8558 4467
3125 6515
5661 2064
1343 4596
1856 5597
7821 4701
2432 8568
8401 2906
6929 1044
3440 1515
2545 4158
2595 4181
5619 5866
8807 1897
7936 3089
8705 2151
7809 3868
6521 6754
5243 8227
2835 1833
672 3206
1501 5615
3608 1551
1237 6950
1670 8133
57 1353
283 8296
3791 3943
5921 3013
5679 1620
7330 203
2895 1875
5077 1603
6502 3898
1921 4383
7560 4426
1150 5259
355 4475
6538 3945
5854 7912
5069 4905
753 4942
4025 790
860 7854
390 266
8868 8246
420 4157
1609 5023
1882 8340
4518 3083
3224 1006
2224 4420
7761 170
4065 4227
1703 6325
5230 8366
3352 2527
6334 3934
1037 3601
2027 177
8442 5391
369 3110
7622 4877
3310 2304
2174 1453
7012 7310
8290 6502
4988 7569
5520 7160
2413 6054
6189 1347
579 5878
5295 8680
3838 4100
5147 1713
7081 3708
2181 1210
5972 108
965 6051
1200 1805
6171 4582
8386 8701
3546 1997
2276 3545
4902 7876
4792 3747
3265 3503
3400 6811
7897 4141
3021 861
3914 7102
2319 241
3039 7502
3459 7686
68 6131
8612 6491
2998 5962
8623 4344
2805 4088
4677 3181
6360 6476
787 7877
7368 6259
4013 7845
8544 1657
293 3938
643 8178
2527 706
4829 7351
3525 5587
1051 2311
7731 6738
3344 2019
6032 1966
2775 4248
3850 4003
3811 7717
4482 2233
6784 7461
465 3575
2555 4499
326 6210
4133 2877
1467 506
7098 2975
1864 4773
473 8077
6803 1069
3868 7385
6287 2723
5113 8501
3406 7224
7108 8203
259 5191
4936 7931
7350 5690
8026 7815
2124 1511
721 1073
4431 1525
6612 8727
1769 7442
7379 6226
890 7942
8517 395
4228 4145
4135 1270
5500 3658
3668 1761
3538 4943
7681 164
6655 6555
4789 547
4561 7725
5971 6191
6696 1286
3647 4887
6497 3185
8691 5282
7230 2199
332 3177
5745 7769
4358 7885
6403 451
7050 8881
2501 5903
8854 5
2149 5527
1885 7355
4225 2824
4701 8581
6609 5424
8880 8268
3627 4501
7176 5829
6913 7868
8844 7575
2264 2293
5655 4547
47 6109
2315 3460
2560 6498
711 3761
7123 780
7196 18
3937 1769
6139 4842
3156 3335
6390 686
6714 6357
8133 145
4058 5251
6441 7984
6683 7964
6951 3027
8924 2645
8598 2498
5336 6945
4741 911
3437 3261
1903 7235
494 2554
6526 1152
8152 4561
6659 6880
5967 8756
6344 6928
5394 3088
8402 232
2507 492
4450 8309
4284 2240
2109 335
6718 6050
1709 7278
6231 8471
1792 1218
758 4035
7042 8878
3089 2412
1912 3472
4763 1961
4075 8622
2291 1834
6110 1784
1510 5966
3294 2582
2956 7958
2329 2466
2697 872
1527 2153
7300 1690
859 1658
8892 114
3878 5727
4130 3557
1649 697
6894 3568
3161 4256
4681 7928
4637 1903
8206 5793
3258 6368
5712 5679
7022 8663
8434 8465
170 8683
1301 5190
4245 6183
447 5590
2731 868
6656 49
8362 2468
4327 932
3038 5425
7304 4488
5717 5243
5294 3517
1628 3330
4723 3314
4004 4030
523 8907
8581 6069
3360 3817
4420 1541
1262 6985
8825 6059
4709 1557
2429 6237
832 4627
5428 4595
7335 195
6652 5228
5736 21
3048 7258
8045 5368
2367 8592
7138 7231
3102 8475
3369 3994
2883 1586
5169 7499
5175 1205
6697 8971
5111 16
5362 2150
5417 946
7078 4661
5117 976
4889 1607
3146 1368
338 6401
8793 3446
761 113
4947 5811
1680 8854
2994 5618
6529 3333
8938 8749
5063 4748
5709 7944
2394 5028
1791 7423
1687 6198
3826 2770
5823 8647
1387 3402
3217 6962
3690 8002
188 5095
5283 3246
3792 1451
2789 8155
5307 822
5960 3631
548 130
3119 6668
122 7582
3461 4806
3733 3501
3847 2499
5152 8159
1899 5364
3088 1845
2351 2971
732 608
8064 1337
3648 1212
8920 2832
4172 758
6226 1661
4869 6203
1434 569
96 906
2009 8131
8124 4409
3358 8696
1704 2641
5271 1773
605 4349
7686 7042
3415 3345
7424 5038
5562 2926
5705 5443
698 8149
8919 6820
8054 5181
6311 3309
228 1123
83 4867
440 2066
2235 8320
2782 6162
764 4187
3338 7668
1329 5559
4632 6681
3047 4512
5443 8172
3134 5491
642 4505
8169 355
6262 1057
3347 8916
7580 1876
5480 1660
4646 2229
1206 8904
2688 7618
4795 1998
2356 2885
5338 7743
3787 3415
5704 8091
4567 6416
3635 2970
7128 1548
4246 2369
7753 3713
5252 8900
2474 5600
2326 4341
5791 772
1605 1096
5102 7479
8916 5868
1428 750
8555 8793
4675 605
3775 8944
6994 4286
7495 5674
5531 8420
8910 213
6433 3311
5264 2030
7395 2713
2935 8858
6965 7953
6805 6086
3526 1911
8633 2726
273 5855
1245 7760
4903 8428
8778 4643
5343 4315
623 5434
2721 5801
1147 1936
1507 1151
4952 3234
1146 1235
145 6145
8829 4851
5534 4150
7801 3930
2211 6798
532 7670
2625 8890
7579 5264
2338 763
8759 2079
213 1931
277 1117
3220 8905
3249 3358
8285 2142
5009 7658
7067 3436
2542 2830
6167 8844
2578 6333
7470 4007
5697 1563
7550 6244
5378 2890
8181 5387
7403 7689
6933 4693
4355 8308
1224 147
6205 6731
7449 3936
5963 6684
8112 4681
7593 8668
454 7347
8573 4111
8209 7104
7843 1420
5772 833
8356 729
544 7400
8986 6561
6088 8380
4191 3987
2996 7445
5467 477
1419 6943
1742 2489
6592 7156
2512 3038
4412 1038
6184 5221
6415 146
5647 507
1026 4213
5242 4662
2520 1633
2523 329
1840 7045
6331 1596
8083 6695
1383 8117
6444 5132
1700 4101
4258 8583
2992 5589
5454 1938
8137 194
6185 6102
8794 1729
8606 626
7250 738
1127 1325
6314 4725
6217 7980
5032 5152
3214 6867
3212 8857
7937 4240
1474 6746
8085 4569
4002 5609
7292 2802
6275 3300
3781 1715
1040 8994
2517 2967
8582 5553
4333 413
52 7660
2239 5887
3644 6377
5819 4592
8511 3610
5528 1185
2917 8123
5996 1652
4807 5843
7514 8470
1752 8544
3147 1199
8613 1856
5096 1076
222 3218
5291 8826
4146 4060
2760 54
7315 3322
1045 795
8302 2857
5076 1802
4764 3680
2004 6732
185 1230
1695 5047
5459 5430
6793 8678
3887 747
354 6288
1132 5377
3866 5501
3827 6961
4878 4484
288 7255
2495 6628
2057 1990
4962 3740
594 3396
6 1742
2026 8093
5785 6838
6225 7153
3593 8660
4596 3793
6524 5621
3779 4913
2910 3383
1207 2776
1035 8803
8560 3059
2067 219
247 3843
5597 2597
7839 3120
4517 787
3974 1452
6215 786
7184 501
3489 2893
5774 3279
8035 7880
3606 7388
5589 8030
2753 2674
7965 4861
5640 5194
5201 4216
6183 6896
7286 7820
2472 3988
4670 6229
6923 4425
5130 1376
7057 6513
4094 7119
8411 6193
4664 7933
7151 6939
3698 2225
7989 481
7503 1538
7414 103
6268 39
894 4025
3978 3574
8259 6462
358 5860
3537 850
3962 6830
6394 4672
529 5130
3208 8
3135 7375
6416 2881
1766 1164
306 8163
744 6074
6106 3231
3763 5014
8193 4437
2815 3902
5354 6926
5853 7449
6848 2035
4968 1135
8665 831
8230 4622
7291 15
3964 8264
3745 5145
5198 2688
1367 8233
197 949
4328 1687
1255 3951
4871 7578
1808 8143
8837 901
1159 3354
8967 4429
1580 6853
3655 8800
8121 1818
6568 6015
3046 5828
328 727
8616 685
8047 7595
8622 703
2813 2838
7969 3186
5956 5654
4312 8054
4409 2275
5654 2161
7826 3865
7663 1971
2726 4688
6855 4825
3843 4044
7883 8919
6333 4200
3569 8440
2019 3778
6625 2012
8189 2289
6754 2744
6426 4113
4896 8010
7118 8658
7069 613
48 2796
6942 2642
2576 1677
830 2169
8207 1822
5538 2624
397 1435
14 8162
4624 1866
324 6991
3052 6168
7778 2604
4449 8461
7797 6997
3834 4422
7222 591
2858 7089
2496 6435
540 1201
6446 5921
7048 5576
4230 2383
2757 1886
3564 2703
930 4074
4927 1828
5297 8004
3571 8744
2502 5346
7448 6294
2553 1626
7534 3540
4705 461
4134 3184
6431 7164
4552 4306
8693 6899
3317 1731
2210 666
3650 4083
260 1513
8567 3169
2133 3803
8683 3618
919 8255
3930 7767
6901 5551
1198 6675
1396 1074
8144 6774
7387 453
2216 478
1312 1662
1606 4760
3908 5881
685 4762
5084 1940
6109 7895
5553 6127
1319 4840
903 3982
4373 155
3714 8852
1380 8455
1932 1685
6219 8216
5056 3513
384 1297
1940 5472
5153 7328
7621 1905
1733 4008
3948 7586
628 1483
8076 7008
1324 7623
6970 305
6370 5141
4623 6282
6834 3054
6648 118
7986 2573
1868 6197
1462 3942
8248 8200
2540 7991
557 4948
4028 4539
6672 4879
1720 667
7135 228
3308 8948
3624 2545
762 4541
7520 7331
1997 2366
7430 2679
1235 1582
3092 2148
4026 1306
3747 7839
8005 3918
2861 3921
2873 423
4628 8269
4844 7672
1281 5236
488 8914
299 812
4800 1225
2434 3482
696 7061
5491 3069
5965 5229
2549 1544
8268 231
5031 7554
4638 5664
6815 755
635 5218
4368 7828
2212 5864
2792 4574
2040 8120
2711 614
8577 2372
8042 8945
2275 5649
7909 2625
3572 3372
219 1844
178 8615
7464 6041
8747 6302
5265 1339
3802 8297
6276 8480
5226 5724
4363 7666
2978 4122
1988 4940
7660 7222
5529 2355
7741 7191
1096 6911
8160 3215
6024 6156
301 8165
3154 371
6618 2186
8182 1978
5466 5948
4447 6126
2843 7680
471 4959
3431 4995
7000 4323
3896 8067
6478 4792
5312 6314
8127 3686
5473 2430
5416 351
91 6386
475 4764
2213 7663
5642 2352
2904 7739
634 8213
3707 2730
2903 5586
7095 7537
7317 8185
6534 3307
6553 6826
8591 8393
1093 7062
8960 7378
3823 5286
5082 2325
21 480
6838 7899
3070 769
286 7322
2039 1369
8882 7581
5644 6579
5145 8684
2366 1462
6180 8092
3254 2140
2447 8763
7970 1094
2444 5905
8154 4456
3452 8186
3303 7217
1759 7650
8806 1999
6685 7208
6907 4081
3113 1464
4805 2356
2566 6459
2559 7039
3494 1622
7617 6354
2355 2591
3042 3475
4143 6382
8153 5509
6050 3011
4895 1740
2833 4465
1824 3217
2391 4911
8835 5747
922 5246
3371 2643
4046 5675
4220 2348
8640 187
8319 4873
3857 8407
836 5761
7874 3562
4343 6601
6279 1438
6728 4525
3145 5126
6202 8220
5751 1269
453 1134
3906 3370
1923 4103
4965 8188
4121 3863
8955 1562
6729 5735
2309 7939
7873 6178
5098 8713
8437 4679
1933 4219
1575 996
8548 2046
3973 7947
1950 4481
6340 2490
6030 4302
3708 897
2930 1289
4479 8518
8025 3444
8619 4950
191 1756
8052 5385
1358 2059
5072 4858
287 5414
6421 2882
6473 6019
3777 3266
7568 4548
4047 4670
4392 3659
5641 2283
7668 7023
7620 2477
527 5266
510 6423
5496 8733
7683 5092
1083 5755
4892 7901
7805 4027
5335 279
2985 7420
4690 7038
4118 2393
2611 6199
1256 1118
1476 1142
8227 8285
5966 6090
2648 1022
978 5583
1974 7924
5526 4768
2143 6078
7173 2637
1406 4946
8927 8957
7272 2296
1796 1296
760 6184
8862 5227
5505 736
7959 4471
1893 4654
5907 4621
7812 166
2402 353
1299 7069
5867 2160
3365 8416
5161 7787
2569 974
4416 2755
1987 7577
5752 6058
362 4782
1090 3189
3824 2097
5917 4294
3645 7434
6845 4798
4651 4082
4801 4295
8729 8932
8406 3852
3306 1790
572 352
458 5370
1196 178
7618 1298
1338 7370
7343 589
2735 5219
3226 3923
1342 5952
712 2306
4304 5738
8345 3873
5838 6560
2989 4277
4983 2707
6417 1846
6229 8209
2115 8892
4359 4395
5879 6586
5464 1133
7799 7998
7859 5511
7161 7547
8821 6254
3292 494
1114 4579
2875 4048
2800 1338
4213 5321
8885 1447
2262 6166
1373 2045
7570 3239
2074 7138
6133 5372
1493 3175
4700 8539
6621 2003
3257 293
3470 8791
8686 8968
5438 5601
462 7779
4898 3730
134 4697
1220 6744
3500 637
4759 3151
2463 3403
3236 3787
4663 5971
3925 8554
4070 7143
2547 5758
740 6439
2683 7040
3539 1862
3675 8049
677 5068
6457 8022
5224 5074
6221 7616
6377 3711
6571 7044
3286 4438
6790 8888
4404 2741
7241 8260
4452 4138
2621 7698
1817 8812
4906 5817
3022 4750
3252 8824
2100 3382
8198 4347
8912 6587
3736 7703
3463 1748
8605 6306
6770 136
2492 675
137 4864
3304 8794
4538 2996
7524 7872
8117 8081
7658 4316
8491 8636
5669 5390
1440 82
6669 7120
4124 3489
7890 5295
7178 8884
7102 3892
1183 4992
647 1994
1689 7835
4465 2278
5112 7695
7627 5769
1297 7086
5263 6734
4280 6717
4261 1393
4377 1837
3040 5816
6698 5619
688 4031
2290 8072
7423 4709
8557 6273
153 2894
8374 1124
8746 6664
6341 5518
2572 6374
5190 7296
8971 6349
4589 7859
5375 1696
6461 7288
4485 5150
1497 5439
3642 3782
5071 2476
4625 2883
4682 3400
1074 2738
4742 6616
2654 7188
2202 6139
2949 7999
6968 4250
7251 3009
7604 1532
3187 6832
2658 5108
6764 3689
4066 123
5449 2539
560 6976
3198 1032
8136 7036
1441 960
4794 2826
3283 3019
4998 3963
1949 4037
1339 7596
8224 2900
443 1132
5017 4386
1865 5997
4104 5490
4873 7855
3074 8868
4762 7887
3720 3891
3696 8869
8172 3233
8781 5261
933 679
8696 8379
6131 2265
7692 8324
464 290
8459 2451
3976 7012
6661 2635
2340 7677
3205 1695
6482 1116
6141 4624
5507 89
5555 5493
36 6280
4827 4418
8539 7435
5803 7646
1031 1972
4238 1283
989 7205
6212 4351
1378 8526
1372 4188
551 2091
3083 369
918 2385
6296 2731
3565 7242
2766 8476
5387 8750
1456 2408
2552 8292
8520 4600
4379 7371
7600 5795
8762 8521
1847 624
1878 148
1678 4308
5493 8107
4659 3595
3076 7339
7361 8745
3780 251
1644 2409
1504 3888
7623 7466
3754 1419
8840 6840
156 5593
2717 4698
284 1047
3680 1553
3812 1
4417 5515
1780 1932
968 2339
7842 8069
8249 8182
6455 8595
5924 1383
5293 1475
8029 7732
6288 4486
8213 3
