9000 500
3245 8091
2189 3895
3519 8099
819 5976
8099 6462
1561 1904
7924 8335
7154 5450
2396 2397
3 6539
400 5739
5700 4028
1572 5414
5005 7005
3620 6390
3352 5316
2617 1879
319 3441
3928 8051
4768 6682
2023 5684
6125 7048
5848 4274
3167 8088
4910 5989
4370 2755
6163 6425
5966 2984
7252 2452
7317 8292
2042 3538
1450 2807
697 142
6042 2844
7865 7602
4148 307
7496 1014
1573 4038
5073 6044
5220 8270
4992 6845
4766 1038
5202 5161
961 330
6921 3395
1176 8518
3567 8409
6463 7773
5862 6411
83 4461
5661 1345
8360 2484
1145 6764
8940 2456
5711 3191
5171 4556
7292 1491
3408 227
7572 4824
6535 7739
4679 4967
8293 7969
4835 8168
6800 8493
3013 740
1673 5692
4376 6617
3153 4125
3925 2001
4446 4067
5529 2363
8337 4620
7260 8668
1476 1411
1294 8066
7198 7121
629 2224
7968 2963
8012 1121
2111 4419
1788 8800
4559 6007
4432 6295
5674 3012
1366 4473
688 5200
786 3174
232 6363
6119 8410
7182 7983
6950 6762
8881 7015
191 5841
1297 2989
3652 6078
5399 3724
1070 2149
8651 6848
6422 686
8464 1748
3261 4012
5896 1131
1471 3692
8946 684
4717 8352
1436 8672
6599 2704
7742 7875
1252 837
225 7565
4516 865
6264 3228
1521 6610
3967 7818
6814 11
6346 8688
3137 8056
3871 5285
8935 2591
2377 7305
753 8606
4454 2100
2132 3273
2883 8917
1591 4199
456 2080
1668 6019
8387 4358
6203 3646
7956 2498
1872 7799
1023 2857
152 7837
3746 6751
554 7797
3517 4023
3829 551
425 3197
5244 931
7648 145
5150 162
5317 3148
6270 5596
2659 2549
2288 8200
2778 8076
611 5937
6612 2897
4099 2536
407 8929
7258 31
4680 8429
7709 7485
2499 4152
5430 1385
3606 1005
2282 5410
7887 451
7164 6596
5305 3737
4655 5192
8595 3376
7637 7124
561 7464
8850 5665
2723 41
4041 69
7588 2109
8833 8263
3430 8116
1970 53
2637 4226
7613 5938
2386 8021
4887 6996
2949 3479
6567 8004
3254 152
8628 2502
1124 3084
7667 822
4840 7246
1441 7232
6692 3956
6492 5275
6561 5838
2109 6264
644 2734
7631 805
8848 8587
6323 5480
1635 2290
4738 7109
2786 2994
3126 6590
5154 5337
4775 4952
3685 7884
1368 4893
7466 4380
8860 8651
7541 8502
7275 4185
8781 8900
3913 4072
8458 2074
8569 7835
7375 3445
5196 3033
6743 2489
5072 4921
1361 6196
3931 8659
428 3523
3569 5775
925 3540
4579 292
5464 2561
4920 7499
82 2496
6309 1988
2487 4674
3747 467
5468 4392
8912 4424
2423 1820
6563 8865
6552 2706
5316 4648
6431 8131
1228 4470
8921 2467
610 4008
2463 6428
4407 4938
2800 1013
3988 6221
2338 6745
4956 6600
4801 4743
8845 946
5420 2809
5746 7468
1569 2701
8761 2378
4966 4264
2717 2628
2762 1197
5760 2570
563 7685
7067 3637
3629 5809
5532 2732
1182 5278
3208 4640
1324 464
5453 4664
493 3869
257 4017
5621 2569
8707 6889
7211 3664
5664 6102
3316 3863
8949 348
2916 2597
6141 4629
6680 1769
6613 447
1666 1985
1957 7489
2517 3167
3005 4543
2746 7763
6699 7336
3541 2910
4414 5217
2372 3876
6798 7231
4822 4210
4773 4880
3785 2533
156 7980
460 2799
1006 1771
6466 6464
1662 6202
4712 6201
4897 8612
2384 2275
4548 6612
4763 917
305 2341
3680 838
5791 4723
6075 2648
3530 5331
5788 1845
3158 2711
6382 7786
2489 2816
3624 1126
1705 7413
8674 180
2519 8595
7891 6004
7352 2165
1328 4215
4639 6638
6574 5120
1722 6838
6347 3865
716 615
1657 2713
6823 6280
3510 1997
3110 1801
7245 3774
6707 2063
6025 2859
4449 6415
4410 2278
520 1580
2891 6883
1915 3457
2455 297
7523 7359
3873 405
6068 7263
3107 4357
4667 175
496 8010
2094 6800
6776 1767
8104 695
849 7789
5021 5130
5544 8673
5613 4006
8939 2860
1438 4240
2220 6574
2062 1085
5553 8465
1484 362
7195 2178
1195 6902
418 3981
6687 6619
4980 5794
4977 5554
0 1445
4674 4888
3190 593
8403 5626
6480 8740
5347 1875
3754 1258
8456 5253
1553 835
36 4571
6639 2618
7775 5799
4026 2565
6724 3439
1899 8755
861 918
8277 1976
5785 1501
2484 4101
537 5293
6825 7654
8131 6778
6723 4054
6094 3519
5089 4896
7614 1815
2254 5725
5146 4533
3537 6911
6034 8149
2827 1264
44 6978
5138 6286
5334 299
3040 5440
1803 461
2160 4851
902 1590
6799 7143
6694 6247
815 1093
7535 5774
476 1144
1194 8960
2185 7686
4205 6557
362 2515
3711 2717
6465 1132
8164 5924
5991 6092
8457 2602
559 1898
2756 6687
5335 7151
2143 1990
3037 7286
1291 5925
121 7110
2247 8174
5194 466
8961 8476
1138 374
2999 874
1896 37
467 8213
4161 4910
1150 6420
661 5242
638 5617
4865 7570
2576 3957
5570 4558
6240 4141
1229 8868
871 7414
8369 2313
2649 3412
3051 1042
5477 1283
8409 2838
7074 6545
4311 1830
2751 6077
4843 5070
3924 5759
3897 2209
6835 2111
919 4491
3033 3749
7437 3920
8714 1631
427 2756
7985 2917
4965 6964
3460 1549
1108 1886
1675 2338
8323 2277
1978 5907
2340 2244
3976 5416
311 4593
2082 1663
2826 3356
2385 355
3166 2651
7104 3851
801 7525
6059 207
7991 4765
4545 6877
4590 6313
8658 8660
8322 8442
4464 4665
15 591
4280 6538
3090 6961
1051 3817
347 3185
7854 4
6370 2724
4687 8735
6223 2051
3457 6993
3983 93
2752 4805
5340 6153
6124 2710
6993 7191
4377 8613
875 3295
2868 1004
3693 3260
1174 4377
8391 4963
8571 2179
627 6171
8153 1427
8436 6233
825 2031
1619 1958
8438 588
7605 4207
8859 8105
3715 4930
3638 3534
8368 265
8639 5344
2580 8050
1388 5214
8794 185
3699 449
3589 7744
5466 4145
6853 3944
5567 7379
7445 3748
1582 470
4683 3478
5665 1505
6562 7156
1695 1535
1467 5437
6044 5566
7231 2093
7233 1157
8106 5802
6226 4138
960 131
8455 158
2405 7202
7825 5823
7711 7064
6067 8895
6201 6720
8309 2030
6328 2741
1544 1402
735 2611
5593 4339
3212 6047
4286 4122
1400 8962
5797 2088
2391 3207
8661 5608
3946 3406
8801 1745
5195 8147
3887 4030
6395 5441
1966 3654
6002 2832
6072 576
3684 2047
2298 7887
8463 8993
1943 4610
7353 7617
6426 1240
3933 1851
3948 3730
5285 3785
7590 3162
4613 8964
8803 1947
8201 7989
4008 4964
7619 1396
1004 6692
4463 2431
7906 8384
7448 5442
288 6673
4778 7610
6722 8373
8365 1979
1868 2012
2543 5891
2988 960
1693 7179
3446 8907
4425 2606
1710 6290
6935 4458
6837 320
247 1873
7635 8183
1704 5508
7079 5059
7845 2659
5646 318
7223 8715
846 8711
8625 6521
830 3184
6281 8590
5559 6700
4531 2062
4722 5207
7346 3832
141 2877
5941 6956
1153 4590
2907 6743
7320 4510
3302 7732
6859 1731
7543 1395
7137 4037
8694 2562
2858 8866
5254 8961
6385 5347
8028 8271
5804 7675
3419 539
2321 6908
605 3296
5215 6481
461 5659
2540 1920
1434 7841
5984 951
7308 4685
5750 5967
3454 1262
3909 4046
6531 217
5435 3916
7804 83
4506 6588
8669 5054
7622 8016
3727 7039
634 5623
7821 7406
488 5013
917 4846
5060 8322
4085 1737
3571 1666
7975 3760
6867 5472
6057 1473
6267 8689
7029 8851
1608 7407
6936 1245
29 5308
8087 4707
3397 2852
3133 6294
5565 4337
2644 1459
8296 8096
4597 1568
2211 6559
8846 287
2305 2640
892 1333
8074 1620
2735 8482
4728 1530
6605 5654
2785 6988
8304 1269
8317 5390
1369 2921
6027 5301
3864 3062
2293 1211
1497 4873
3998 7541
7471 8145
7563 8188
5939 5510
6155 8471
7368 898
4614 6906
5222 6205
4930 607
8866 4857
2701 823
18 4108
8887 5244
2115 261
1663 6633
1477 383
2204 5983
1506 5885
4094 7814
1342 144
6679 8013
220 5845
8407 4754
4539 3119
4033 2539
1231 6870
4213 1477
5469 4854
3848 3971
6146 5919
5313 8477
6931 4662
4938 5262
2912 2658
6572 4826
6736 6518
8006 2283
6127 1278
6675 8709
4421 2014
5106 4915
1998 3496
4626 8583
6238 5966
5003 1946
1186 2851
3643 5241
6879 3112
5179 6923
8416 2394
7034 5219
1721 8372
8039 3681
8172 218
5825 3616
8029 8003
2620 668
8501 4644
4051 2512
5012 713
292 7666
5494 5893
2779 437
5155 6507
6198 6242
6961 7053
345 5899
2279 1217
4612 8086
1783 3272
6540 6472
77 2425
890 5127
4383 787
7512 4727
2133 7562
5218 7661
4567 6250
785 2588
7207 2758
2559 7116
8541 5825
4979 4164
3275 3343
667 2465
7621 7521
3314 7626
4372 3713
5667 6258
2030 3569
5957 3418
7806 705
5820 8447
2994 1720
5077 202
6033 8644
1761 8569
4333 4925
7949 8877
2970 1010
1806 3734
5182 6903
731 3968
2448 7158
7554 425
8019 510
3905 1884
2387 2263
2528 1150
2127 3039
2339 3698
5878 2312
2287 7917
5314 3826
38 298
2380 567
754 8794
5040 7401
404 4993
2258 1933
4571 6983
11 795
2900 7629
7661 5346
811 7035
6459 926
2013 5803
3744 8455
4841 4867
8510 2524
1427 4509
14 1948
7705 5849
873 1639
3206 3337
3658 2483
4973 7188
1498 246
5165 6325
7468 5492
3230 8445
7278 2026
4316 6937
5398 6491
8654 71
1286 8981
4525 2202
6665 2124
4523 8679
146 5621
3042 4208
2244 4116
3184 4245
8048 4430
5936 4855
5563 2546
8013 6156
3562 3431
1017 2900
2155 6111
2378 6081
434 351
7747 243
1293 1058
3063 8309
5686 2864
7364 5147
6899 8970
7758 1915
6791 2444
5858 5506
2884 7836
8497 4350
3128 1994
7692 321
6669 8031
5127 7959
5193 3649
8737 5039
721 1100
7600 5685
7800 518
7942 143
6415 3002
1339 4045
1876 1509
941 8007
2886 7354
2161 2675
7957 4429
6587 8614
1535 562
2910 5660
7983 87
616 7611
6273 2346
2632 7258
1002 5514
823 3410
1974 8318
7326 4871
1926 1135
7212 557
7538 771
1797 1803
1949 4131
8904 3446
125 8909
6652 2262
3570 859
344 680
5736 5807
8193 6124
2952 7148
501 6214
5491 4098
4379 994
4770 1634
6342 5749
5433 6164
5479 6496
3343 7949
517 3489
6000 3392
7960 4003
7451 7217
7169 2646
6294 6657
1739 249
3331 1444
1997 3972
4081 4214
6667 3120
7257 7285
3759 278
2079 650
6007 1199
1395 5765
5279 2950
1490 6136
4001 7441
3755 6452
8431 7897
1451 4206
33 4360
997 3494
190 215
8759 2500
4229 3652
5834 6101
3447 3235
8332 7092
5132 5527
5206 4520
7166 4961
8249 1819
5395 3705
8608 4452
4949 7088
3851 7991
4362 6697
1767 8710
2395 4802
6289 5830
7322 1246
2362 4638
5375 807
2312 7646
5459 5761
5108 3529
7102 5471
4967 7725
8635 2680
1212 3913
3043 3772
2480 6210
4624 8357
6871 2066
2560 6343
1587 7667
3513 5004
6070 7801
5096 3874
3159 4561
2795 223
3366 5436
5361 2317
4791 6717
1188 7196
253 4351
4649 5396
8301 2103
4415 6554
1962 3267
7383 2027
3515 968
4757 2234
8346 7506
7040 1072
3336 7846
7765 5811
3237 6828
1425 1678
8755 8035
805 1067
5149 8663
2806 1391
4320 6806
7267 3601
6483 744
5086 8362
1689 5663
1830 2535
1411 2682
8792 8387
7907 489
4652 2359
4224 1401
7234 8654
8289 1839
5979 4407
4469 4305
422 2039
1132 563
778 8924
4206 2458
4549 7906
7866 7272
5859 5108
440 6048
5909 1314
1072 7393
176 2011
7127 7515
3989 1616
6673 1167
3508 6502
6292 5110
4003 4874
4141 654
3907 1239
2747 5462
4564 2316
8 7203
7510 6543
2171 4109
7072 7518
2265 7133
6880 6359
8453 1941
6831 2329
1030 2390
5541 1323
5611 4786
3458 3606
8247 8746
4066 4192
321 8002
2791 3258
804 5511
7544 7155
1440 1016
2470 5534
2316 8885
324 1363
2045 8664
6703 6639
2126 3609
95 229
1776 3180
2682 4711
5601 2824
5589 1203
329 8264
3615 8807
8075 8154
6214 6542
6720 7833
333 3784
607 4728
1735 826
3294 4578
7978 4029
6841 6395
4621 1808
4154 4573
5059 3024
2871 4695
4780 7512
7024 5031
3774 1028
2052 5055
5011 2806
4274 5328
8134 6886
8169 8402
5880 3346
6840 5246
1487 4668
1621 1562
6115 422
6843 4676
5404 746
5036 7348
858 970
8298 8216
1196 3621
7743 8138
6636 7376
4424 2046
8299 992
4999 2097
5434 2997
6937 2692
7677 4404
5303 6946
8851 3989
2467 2714
7847 8910
5322 8844
7828 7904
4108 7177
6524 8115
4290 7446
6433 2766
2790 6599
4301 3786
3196 3857
1245 4366
4030 5162
3066 4412
6797 4278
1135 4511
2917 967
2585 8666
4355 6468
3705 4937
5407 4156
7698 6782
355 1002
221 6117
7539 8757
2610 172
6149 1435
4847 4622
1078 2605
6098 702
1651 935
246 3121
4950 7222
1882 7255
4252 1975
3238 8694
7815 8487
6745 6704
6196 8842
6461 8661
1964 8150
7008 6991
4542 6407
5624 4134
7516 1115
6909 1693
4688 7063
2544 6858
8788 1302
5724 5403
1442 2067
3003 4159
4829 3657
5429 3546
553 5240
8480 1193
3790 4703
7324 8578
4878 3753
1189 1563
8450 390
4762 1268
2571 4759
1766 8462
2443 6915
3498 106
4532 3158
6701 7106
1754 2893
8329 254
7967 2995
2687 2270
5949 5042
1042 2319
1037 173
7633 1780
7965 8277
7595 1531
3312 3741
2725 8153
4751 7924
1486 1964
1643 1576
8171 5470
2975 7043
2074 7223
8160 1861
6903 8845
1207 7581
2566 7558
4102 5624
6566 3575
3910 2970
4062 7785
3247 3524
1310 901
2331 2866
7003 5528
2843 810
3125 7372
2510 4335
2336 7503
5986 5878
4209 206
1825 3979
4706 7343
5192 7115
4747 3066
8570 8332
2534 2748
7767 7606
8327 3053
1562 8604
5401 8176
2486 130
4690 8801
282 7007
6151 6289
8963 5951
8671 7429
5233 1670
5268 3172
8146 3887
2799 3055
261 1454
250 866
2967 6217
2323 5116
2603 7101
6647 1510
3470 8300
1074 3766
5384 5780
2427 5695
8233 465
2908 3255
441 8847
7265 2552
4703 2288
3310 4522
1809 1107
2512 8928
2156 4729
3919 3145
1623 6917
1778 1118
2408 6362
4077 949
502 430
8083 4132
2192 546
893 7173
262 2289
5000 4035
7787 5992
5779 8576
6945 7578
3242 1201
6274 2073
6939 2598
3227 3323
2217 8443
8347 1357
5828 3243
3965 3485
2048 2199
454 8817
386 3801
1493 3504
5056 3973
8252 1675
663 8304
8657 7632
4406 1652
8085 3948
4442 6262
2923 2720
1855 3667
7393 3340
7387 1651
8590 1688
1880 493
291 3901
6020 2722
7296 885
8865 6780
3595 3597
2842 396
4381 4050
7485 3229
3900 3463
5546 783
25 7784
1216 2827
2494 7408
8269 2115
120 6368
8190 648
7950 2173
3444 2208
5425 8474
5993 2586
599 2742
7002 2978
1422 273
6559 3932
3324 3321
7954 5169
203 760
3482 2643
2105 6094
7786 4103
8942 5172
956 6305
8049 6383
5304 1273
8565 5343
378 6987
7004 7557
6520 3426
5743 3298
7319 1755
1501 4004
8206 1796
968 8280
897 7607
387 7754
4566 3545
8460 2902
3001 6867
7819 2301
3180 3132
3030 1380
603 6188
3656 4218
7812 373
6684 4887
406 3283
8678 2401
4560 3276
5819 6593
7006 3628
4981 2141
2805 644
4460 7233
6668 833
1249 5575
669 7996
2677 5755
7282 7362
6438 5815
8631 5720
139 5953
4807 5382
7498 3671
8427 8815
8743 4570
1638 3868
5437 862
8984 6888
7816 681
3542 3068
5053 5618
2168 4425
3360 5459
8415 7358
2437 1343
6001 683
3707 7323
4988 1054
7867 1542
7900 4544
5054 6035
4140 7585
8804 5102
7011 2370
3114 2819
4260 4153
4508 7736
3950 1165
5137 2822
1125 5573
4870 27
4575 7076
4665 3630
1743 8363
822 637
8889 7242
7444 2891
4270 2881
1180 4514
6384 6770
5795 88
22 6526
8512 3682
5472 7041
1335 3570
1802 1207
8503 2086
6789 7938
4925 4878
6660 216
624 2785
5827 7164
2532 1419
8668 7636
7923 6422
307 8791
3392 8260
8330 6724
7286 7297
7989 5869
6965 3537
816 8808
8676 3250
2807 8774
6312 1064
8084 7519
1867 6947
6662 340
2549 6664
7679 2048
8579 4591
41 3094
6735 4372
4015 4719
5238 125
5348 4751
7553 2177
5701 421
5393 6062
3858 1709
4134 6367
7629 247
189 6120
1836 3532
6551 3860
3823 2976
7915 4385
7580 1271
4630 3176
5180 3316
202 1588
8452 3210
5767 5961
6205 177
3091 3908
6266 4876
2718 4135
7687 1910
8735 1254
8858 7282
3056 1428
7345 7693
608 7532
2268 7445
5368 5034
8764 1608
3996 1541
1967 366
13 8239
6967 55
5617 1414
1370 4742
4380 892
4165 19
980 2772
2077 2007
6869 1978
4654 7982
8281 998
5079 4224
659 679
5603 4481
2014 5377
5857 5061
7882 286
5383 1288
1015 721
1172 5030
6638 4422
1616 4981
761 3074
1202 5287
1061 5973
1541 7956
8814 2450
2556 1447
5732 4844
2150 1513
7082 7572
8793 4577
2492 6812
6805 2477
2961 2821
4087 4688
8521 986
4386 2132
71 3168
2658 3963
1007 4399
5115 3998
1963 5872
1077 7720
7355 410
5851 1141
8699 8259
4487 1487
2596 1707
3373 5352
3827 1494
4167 1727
1984 3660
1661 6826
8108 6238
7059 2323
3651 6791
2818 7886
2588 527
6944 6165
8898 5045
3978 6618
7016 1001
7185 8647
8689 1913
3381 3834
6022 1257
1254 7824
1547 2297
7841 2729
910 1863
1605 5729
2000 4070
2481 6436
8230 8423
7391 7403
1837 5276
1222 5707
6036 7471
6582 8049
3860 1210
205 4087
3934 5421
495 3107
5063 3884
2457 8467
6235 3909
7105 7411
2434 4304
1969 2750
4814 5781
358 952
6826 600
6222 7733
150 6463
6870 1625
5562 7458
2792 3004
55 8240
7263 3990
8127 7178
6383 7436
4294 7727
7988 2753
412 8967
3971 5635
3603 623
7168 4889
4587 7781
5956 3987
5124 8586
1866 3135
2953 4406
6253 6396
7918 2356
4477 5384
572 4886
4258 6447
6259 2095
1642 797
5643 4312
7686 741
6969 5520
8567 3525
1646 4322
2201 1450
7984 871
4000 7569
3439 8996
1599 6297
2462 8396
2992 5107
5943 5175
4078 4718
5458 900
6498 6746
6625 5676
637 6207
5753 2575
6233 1295
2867 6819
6329 3349
4489 6093
3121 7415
6210 6473
4431 3751
4619 3127
2796 4427
1584 2972
6653 6976
28 6645
668 616
3903 5494
3009 5206
4171 513
1354 617
4308 7815
5704 6488
3653 7885
200 7461
2943 8616
1832 3723
6822 8849
10 5126
3504 3939
4278 5174
3927 1854
3775 5302
4160 1888
2797 752
2330 8038
7943 7728
2627 8944
8118 2377
7325 8692
5519 5325
2008 8862
6491 3355
6359 7437
5499 8469
3233 3215
7603 7004
6272 3105
3187 1923
1932 7872
6038 2634
4330 7435
1081 6430
4650 759
2047 6801
6255 5946
5252 7788
3661 101
3502 662
8482 7353
6657 5639
8876 4523
6568 7477
201 5376
5105 250
6593 2172
1719 2454
4637 8005
6719 6236
6521 4984
5524 2582
3526 7451
4378 6658
6766 763
128 5024
7409 8685
7413 1503
414 279
6269 105
7358 5581
4957 5392
7056 4347
7914 224
4130 4238
2616 1571
278 938
4958 4956
7452 6525
6048 5336
276 4276
3061 1564
5394 1552
1035 8648
8760 4730
1496 5711
2294 2102
431 7227
1944 8596
8080 1448
3475 3688
5181 5484
7540 2092
6608 4633
2086 3058
6923 614
8598 7912
511 6681
5488 5099
4393 5653
843 2249
922 3759
8060 5863
4976 5386
317 6351
1968 1901
8451 3365
7315 2948
5104 4737
3659 2243
763 6352
864 7122
6374 5813
7456 1486
4202 3872
8213 6014
7293 7074
5748 4619
7323 2037
958 2797
4669 6641
7013 1065
5811 1227
8100 1449
5666 4502
2108 72
4135 6841
4705 6566
8471 3430
1080 8531
4010 8769
2575 528
5606 3938
2879 4026
7693 7522
8341 7130
3010 8027
5217 7792
3173 3512
2102 3967
5618 7790
8361 8812
66 3665
3342 8837
7366 3922
7394 4829
6084 4257
3188 3499
5548 1307
6560 4454
1822 8463
3865 3882
3579 904
1307 478
5208 159
5657 981
2 3984
7768 6580
6991 240
5942 6523
7585 7248
1336 1799
1200 2966
952 2265
1142 2447
528 3414
8616 548
7038 5255
3271 5627
4947 6747
900 5828
1852 4504
2678 8564
784 6229
2599 5037
7333 36
199 5736
6142 4449
5275 6122
4211 6630
740 6013
3186 2193
7481 1113
212 5797
1615 8936
2176 6979
8719 4112
4050 8020
8445 7566
7840 6344
965 4311
5542 4760
8913 8328
1408 7919
368 7908
7617 6074
151 5020
8089 5323
117 3970
3604 1657
3683 4663
7626 4270
6454 5677
604 4894
237 290
6245 7927
479 150
2069 707
7733 7093
6429 3500
7118 1446
3692 4919
1622 1260
8552 7493
7015 4436
5571 199
1380 7072
8199 8248
2180 545
5552 4927
1220 2371
3306 6980
1317 1102
8435 57
2634 259
2223 3859
469 8582
8871 5100
6807 8789
3751 729
4312 4415
5372 2018
8120 6199
7813 1027
7122 8637
8662 8330
4168 3520
1159 4160
8896 3409
3648 5549
3251 8508
8022 6119
1394 2057
8434 5289
3723 8572
4820 5533
1878 711
8965 4700
4445 8208
2186 4750
5478 3468
6630 2804
8634 3755
27 2110
3276 6209
3718 4336
5103 4934
2442 6995
5609 1783
5343 8718
7425 7483
4136 35
8064 8724
259 4268
2006 5216
6161 7111
3726 315
3236 610
5205 5171
2980 2343
3835 7012
5608 8630
687 7618
2909 5922
769 3687
3081 622
6234 8605
1183 3910
6750 7432
6872 8916
8053 4538
273 4022
8852 3769
2951 5871
8753 1744
8238 8017
6058 2550
6519 3610
1237 7419
570 2436
1089 4048
2068 7901
3779 941
8770 395
4494 2123
8972 4647
8292 3178
1005 3600
3514 5271
6812 1043
130 3413
5607 2942
86 1354
4233 2579
1554 6929
5740 1312
7513 4856
6620 4081
8686 6647
8073 8538
5757 995
3434 1082
5299 745
1838 468
6978 1482
1175 7860
3753 7448
600 2210
4864 664
1134 5766
1814 1163
2695 902
5775 8078
7992 5125
1568 6510
1147 2650
6169 5936
3322 3947
8373 5089
3019 3335
6005 4104
1050 7542
6577 1053
1928 5786
8756 8988
7584 5584
1583 724
711 2662
3733 8398
2445 4420
5037 5426
1233 6892
3134 2433
8328 4740
1101 3359
5713 2687
8325 5011
8486 572
3152 4150
5669 6042
3834 4916
8665 6787
7407 8778
7163 4191
7106 5319
4453 3712
402 8418
7174 5642
1412 8534
6681 4299
3390 1617
4426 1828
4708 3161
78 2526
37 4234
6237 6361
2241 8023
4060 2770
5148 5571
4891 8296
8348 6900
3416 1807
5311 7079
5189 2195
6162 1613
3334 1959
6144 2169
2034 6515
4721 7823
8344 3364
2753 6868
5481 5419
8693 385
2902 1070
4553 6339
5300 1251
6414 7893
2781 4189
8441 6365
6627 5517
2273 7073
1236 1760
896 2790
737 3436
3169 5728
6046 1504
2327 3701
1563 8083
8384 1610
4666 3226
4006 3732
372 2116
6643 4287
1948 8210
741 5481
5364 8079
352 304
7299 4974
1669 5588
2783 2925
3363 655
2089 6836
416 4095
6714 8297
5926 8942
7581 4848
1971 4792
2135 2457
2407 1730
3625 8164
7116 3481
5716 2559
8990 293
3706 4632
1098 8034
5130 3143
3832 8918
410 4852
7582 8432
4483 82
8069 6803
3494 1368
6711 4810
3388 8128
8176 811
3564 1983
798 6157
5996 7315
6443 8454
8351 7472
5855 1192
8580 8675
63 2150
186 1814
1402 3326
649 7523
3740 7145
4748 8325
6505 3821
851 8963
5803 2792
8353 7639
7894 8712
1495 38
2163 5773
4342 2751
3666 7440
6501 3599
8647 612
6030 7428
5893 4833
2311 8874
8987 8235
4013 4403
2784 6213
4126 4444
810 4588
438 8478
4392 420
4749 3464
2820 2846
2509 7627
2169 4686
1327 3988
8979 5367
7053 59
6200 2304
4854 7253
5689 6529
3496 6083
4527 2077
8413 2686
4054 1006
4521 4825
5829 3073
3936 5699
3863 1074
2539 2355
1741 7540
1555 3471
5294 5541
8072 2901
2475 7546
2383 3462
884 5559
1935 8887
8728 3057
860 6795
6091 7328
2125 7923
7321 3450
4368 5283
3277 1019
547 7304
8702 5048
4059 4875
3368 4042
4394 3423
1612 6520
1604 1129
1456 3248
7680 262
5867 1944
1764 5999
4869 4211
3240 2764
2173 6438
4562 81
3068 2813
967 8254
4216 4838
6632 384
3505 4970
6168 6125
62 7375
2639 2017
3701 6850
5243 66
620 5619
538 5064
5895 5320
2680 2541
122 7561
4510 5993
5232 6766
7654 6155
6682 6737
5692 2699
6458 5256
5905 2143
3947 6424
5892 7695
5018 2522
7994 2180
7880 6998
7997 1224
8349 8048
5849 2887
6747 2935
2056 4749
8985 7691
5176 4383
5075 4102
7155 2657
5847 472
3690 6960
477 1996
6539 5335
556 4608
4633 8507
7403 7189
1579 8133
3616 6105
8237 716
6248 2868
4530 2181
174 1838
1514 954
3512 3883
4162 5096
7602 581
2895 6335
8245 1577
6335 8460
5088 3726
8462 398
4601 2754
7596 7942
2418 6252
1013 494
2978 2098
5071 2918
7728 2783
8506 364
6554 2553
2688 4169
8047 6779
1817 6926
1213 5822
6446 3398
3264 6805
4187 4877
3220 8580
8209 2221
8175 6152
6816 3964
6981 1689
6558 6319
8626 455
4341 4996
5482 4289
3484 6080
4734 1895
5906 7680
3842 4043
940 8346
343 5007
6803 1045
905 5388
7012 309
4651 1384
3258 7538
8615 5165
4574 1138
7831 2327
1473 1300
4438 5032
4991 3791
2212 1940
272 7620
7370 1272
1518 424
3601 7085
1647 2639
5837 7422
7170 5991
5547 706
7931 1566
3806 6840
7150 8653
6018 3037
8324 4313
3104 4094
5719 7161
7077 4643
3826 4421
4329 3104
4305 1658
4325 113
8286 257
7464 955
4217 3813
4104 5804
2004 6701
8819 2936
1073 7623
7643 2693
5353 6847
4758 2587
466 7104
2802 8137
2730 4866
184 861
6769 8413
6933 7254
5125 8129
2737 1986
7340 5489
2157 1171
6086 3559
8620 2716
7933 8880
5051 4872
1717 7994
1227 7271
7583 4223
6820 2666
3097 5119
8478 3306
6265 7475
5253 4308
8909 3853
8798 906
770 6180
8548 3521
424 4524
206 2695
4515 4251
614 2442
8779 1498
5352 163
4157 3579
8958 6006
3745 7044
4411 8211
4598 5926
617 7769
6594 8375
3545 3607
3915 1399
8454 5674
7254 6203
5626 7051
689 1899
2054 7049
8188 722
360 4498
5735 7952
3521 728
4792 5000
2641 8753
5594 7638
4898 7855
6737 4396
5801 794
3600 3873
5988 8555
904 5607
4576 8641
6616 4120
666 577
2207 8547
185 6562
5010 2059
2019 5898
777 1394
4188 7193
5516 7613
7414 3242
7338 561
6063 8481
2699 2414
5446 5590
7284 5079
3944 4942
2271 4841
3795 7380
6739 2487
8528 2674
7107 3334
558 4777
2931 2267
8189 2878
5342 6271
1585 4057
7261 2225
1056 3934
1258 12
581 2253
7311 6126
695 3503
316 4480
2070 1495
8044 7107
1670 8642
7662 1267
4573 5547
1036 738
536 8170
7253 8693
995 8434
3597 3951
7247 559
5679 4803
7310 4409
6590 6394
3560 7383
5873 427
471 6660
8715 2796
7469 2607
3151 8009
7238 8092
2729 8952
6543 8796
4039 820
4350 5193
4479 4516
7993 260
8820 7488
2613 3078
1469 7450
7460 4580
1815 4398
4800 4158
2193 8186
3712 2787
5530 5717
5566 4692
8139 3571
4929 3153
4511 5637
6413 2420
4832 1266
2454 5708
6047 4837
8430 6695
5426 4787
2538 4807
4296 1914
6545 993
4018 6503
1067 1344
5131 4679
5555 5423
2017 8658
4964 5752
6045 5018
136 5019
2317 1743
4940 4790
6663 2189
5354 3577
991 6718
7940 6065
1516 2191
8381 3594
2875 1050
6793 6719
759 5501
26 2493
2027 1706
1238 912
296 2303
112 6381
4459 7
3546 3332
4677 6567
5297 890
3046 1790
1875 4075
510 3307
436 4401
795 6851
7573 7237
5662 2941
8855 269
287 4892
4737 7993
2073 288
4867 1798
1143 8859
1581 6519
6775 1992
2256 4168
5766 484
8405 605
1284 2219
6090 5329
4222 3482
734 4290
4182 1195
7482 1289
5412 8124
6209 6059
3674 1387
8203 7863
4892 919
244 3812
8868 1955
3211 6802
4744 856
2586 7816
299 626
2476 1507
2787 4702
7369 3438
612 5903
7376 845
1385 7948
6589 7589
1109 7795
8944 8541
6847 1872
6705 8319
5754 4163
5682 3835
6076 4822
4129 595
5044 4053
6088 3965
885 7595
271 2876
2058 3983
5769 6257
1026 8946
8968 1683
4037 4325
4634 8349
1331 818
4644 211
313 1623
3210 1741
7682 5785
4352 8160
6311 5585
8429 3788
7745 8567
1782 6131
6102 646
4307 2321
1343 8743
6796 8171
1192 6260
2149 5982
8493 1788
2095 4201
3328 7075
5729 2004
457 1493
5121 3842
5786 8833
6405 1824
6920 1143
7108 6174
2732 2481
7459 7019
5981 6715
5490 6239
485 7749
676 2996
3961 3551
4344 7302
1418 4002
8908 3758
6176 4924
7526 3059
4882 6216
771 5430
8956 8268
3676 6997
7217 6379
1274 6725
7936 3672
7432 8825
5846 4261
8103 965
2535 5209
6129 503
7335 7778
4873 1468
6009 3942
163 2781
8739 1463
2548 2593
8479 86
6183 6972
1796 633
1976 235
6285 4394
3845 988
5235 1673
4846 256
6892 7371
2300 4332
268 8588
3920 620
8196 1392
2382 3614
7509 5609
6584 4811
6470 3239
7392 4090
3175 1097
4879 2616
2757 8998
2231 5166
8215 2642
3577 7703
3357 6899
7001 7094
4678 7018
5952 5022
633 8114
3291 491
4983 2490
3417 8501
2814 6431
6143 8958
7410 3031
3262 1926
5576 5412
2203 7717
4914 2782
4599 1347
2748 4839
594 8608
5774 4574
757 7871
8477 7009
8577 5848
7113 208
3256 8980
6351 8540
7297 1059
2139 4621
4097 1822
7530 5050
6762 6113
349 6025
535 6133
7542 6226
5602 5552
1592 7252
8186 4073
3756 6897
5763 597
6191 5842
7227 3367
2811 535
5915 7864
5852 1575
2901 7470
4115 6948
2096 6350
8165 4143
8582 7096
3025 4441
8747 3567
4765 1066
2724 8788
1927 5772
377 4334
8212 8369
943 3287
7764 5073
1688 5438
4173 828
5884 8509
5793 7743
6650 6419
2663 2354
5424 2513
449 4932
5427 1033
7205 5682
986 3959
4480 3541
6919 33
5854 7057
8303 5901
764 6691
2564 5810
20 1500
8154 7195
1126 7705
172 1570
2896 3511
3868 751
4552 7390
7788 6338
870 1911
8559 5071
585 5294
4740 7678
1504 5526
6251 3501
3739 8440
5102 1696
938 140
1933 4295
4580 7230
5508 7576
5706 921
2666 8890
8591 96
4204 565
2413 7309
2205 932
8600 594
4724 3282
2104 4413
452 2957
3344 6269
5287 3582
7440 4186
6262 5948
8223 1222
4595 7011
2998 2523
3553 4716
7172 5204
7660 4249
1397 2164
5670 7881
1917 4834
6297 1905
8128 5837
8257 5790
5714 3378
7097 4088
1201 691
2216 560
4834 2207
8088 1371
3594 1365
4499 2291
4788 6057
5744 2362
8576 7135
2113 4994
8024 6982
5074 5768
5495 1194
6882 1386
2129 7692
49 4653
53 987
5450 2260
7527 6866
8509 2328
7165 2325
3148 5434
4074 4326
1897 1809
23 1874
8151 739
1991 7555
2880 6729
8350 305
5747 2229
7545 2637
4831 5433
6052 4071
7713 6824
7396 2448
2754 5009
8265 5515
6310 6921
2775 5892
3084 4058
2650 7905
6386 1972
2693 2384
1304 6918
1986 4092
4289 6285
3004 6615
8425 2638
7495 5483
3817 5911
6629 3995
6314 1336
4255 5014
7287 2856
2182 5139
3612 7537
4500 6274
1419 6052
5470 3836
4871 2855
2914 6534
8248 2872
3359 2705
3185 1313
6648 5954
6390 2382
5504 991
490 5431
4198 2507
3124 3889
4971 7920
8776 4465
5844 4940
4011 2272
2675 7050
1136 3253
6817 3837
7289 5383
4088 1919
1270 1220
959 228
8695 5994
6368 671
4200 6050
7871 2568
4058 8189
6250 7278
8397 5208
4681 375
4016 8530
8575 2747
4248 3466
3801 8187
7474 2069
2966 1404
6486 5084
240 5929
2229 2146
4159 6104
3231 4530
3635 667
2208 8703
4118 8090
3315 5259
8697 5080
5390 5633
1601 7180
5644 2076
8354 3531
5020 6930
7964 4111
6844 2322
3308 8207
4283 1008
6401 3151
792 8039
1375 2537
6956 6302
7064 3633
3982 2006
7645 8779
8687 1108
1614 3898
6360 7719
2342 1855
403 7543
4277 6378
4578 2580
6367 4220
8948 6680
7344 4637
177 6283
8922 3291
4718 5429
8408 8256
4192 3350
5236 8368
8589 6712
103 3695
4760 4781
1512 7697
5525 200
2106 5317
4790 984
8138 5743
7792 8433
5975 6601
4132 6676
7144 6966
984 3219
4818 7209
7475 3771
8547 1105
2099 2968
5830 8109
1405 2952
4902 5782
8642 8773
243 5879
8459 2469
5318 4840
5175 3896
2357 1467
618 1231
828 5372
6848 7583
3122 2081
39 8052
1053 1145
8536 1606
626 8764
5047 3236
3432 4815
5114 3285
7517 2653
4045 7932
6256 772
3424 5186
3912 4024
370 448
384 7628
6730 6796
4789 6898
606 443
3253 7883
5506 1627
8255 1558
1530 6669
8527 377
5170 3535
7860 4813
844 4609
6325 5532
5265 2992
5283 8112
6761 8871
8807 8043
5019 930
214 3554
8340 6895
3908 2152
6728 1134
3789 6891
3524 4205
3189 6324
6430 3469
3053 2940
7158 7316
2239 5770
5214 7713
3984 5270
6166 5868
4691 8579
6481 1237
1759 1924
8063 2555
4955 5746
3221 3697
7670 2005
4468 100
678 8022
4974 8527
391 2383
1330 5727
657 2106
2522 6699
4918 1242
486 3830
7753 7023
1272 7070
5815 7830
1611 2595
1800 5969
6006 3249
3382 8036
1261 3256
1709 6977
6987 6354
6453 790
1359 46
4179 363
866 2669
5133 3823
1462 5866
1044 7438
8155 6405
8925 5906
1260 7548
6402 6623
7599 4512
3309 5121
1936 583
5320 5364
3031 3093
3911 6875
3557 7553
5359 4646
7664 7369
7917 5543
8484 6037
7500 8772
6852 2360
6471 8926
8731 4804
3518 7287
2954 6053
7476 6860
6959 6532
1208 5284
5865 7280
2769 5260
8601 6843
3266 3624
1954 512
6472 5188
2982 8284
1099 7185
1687 4269
7329 4968
1900 6382
8711 3820
2051 945
2260 47
7798 267
7506 4946
6441 8848
4236 2441
5462 1205
8086 5199
1701 3557
1285 5086
7630 8399
7598 3380
8122 863
1398 7737
6500 3050
6066 586
8239 5154
2761 4423
3396 324
8107 8646
5918 4428
4709 8839
628 8517
3975 5555
7741 1103
2971 598
1999 8573
6763 5046
6656 8695
2081 3595
957 8897
3972 2596
880 1110
7101 2336
7555 4165
3311 3507
3318 277
6260 3008
2409 8097
7566 3974
3228 1443
5118 2776
3748 412
4007 3647
1827 5745
4570 8060
5379 6509
2471 1000
5259 2223
2671 5545
2371 2668
2625 4179
1784 7852
4220 913
8290 7042
1022 2432
5306 4271
3323 8421
5291 7332
4589 2305
8539 1471
4816 352
7935 7552
7243 3828
183 8720
2897 6182
4648 7716
5126 7373
853 4845
7565 8269
7707 6144
4109 8818
472 5349
8440 7514
8433 8881
8555 8488
6344 7605
1247 5512
254 5152
5385 7080
521 4306
1953 3209
2581 4800
2365 5602
2415 233
8974 6070
1226 1601
2763 8997
7450 10
3283 2567
2299 696
3383 8470
8025 798
4963 2744
5067 2192
6473 894
8149 5886
3181 2636
7529 5968
3580 5980
5239 8736
789 1656
2630 8959
8174 359
3015 3638
2530 2583
1908 1086
3428 8108
8015 7934
171 4861
8316 8886
1740 7381
3507 5678
437 2391
5840 4528
8927 4995
8217 8640
7288 7378
6392 2158
7616 6984
85 3015
4122 7384
395 1649
6609 7859
1029 5360
2527 111
5172 1857
2315 8383
3070 8173
3478 7062
3108 775
5742 6284
8383 1903
2979 4579
6257 5026
2164 2399
546 3098
8869 7513
6448 2632
8336 709
3565 5466
1861 4947
993 167
5826 3717
6112 5295
8469 1908
7332 7679
4303 523
6227 8464
4388 4129
751 4957
2354 3870
5528 1012
5414 7036
5087 120
8599 3560
5016 1007
7934 2719
6659 5801
6372 6922
7463 6575
3737 8792
4345 5155
6547 1011
5406 5176
6271 5150
7522 7936
2853 4060
6182 8645
2206 7862
4546 8747
8399 2971
6462 6564
8280 2205
1329 7710
1993 6158
7071 5990
2479 6654
2021 1076
8313 4124
147 6924
1362 7459
1235 22
7039 2282
7658 3780
7832 5964
1199 7580
328 6581
5473 4774
8144 1378
6306 2108
8950 1136
7624 4181
6482 8893
5447 3656
2727 7397
4065 4617
7592 7658
4324 5254
3055 3140
6537 3530
5578 1932
2977 456
2915 7579
3544 1452
5262 3415
1879 4121
390 6340
3688 3514
6740 834
7905 4363
5816 8984
640 1328
6388 573
4968 2024
6074 7868
2071 3173
5813 4390
6054 7747
6031 950
1884 530
1177 7851
4309 982
3083 2746
2101 1437
1308 1020
4797 7700
6110 933
8388 5816
6576 7298
690 6091
2065 8393
700 5564
8836 5179
74 4222
3463 4771
526 23
1219 962
8802 1560
1756 7181
2985 7619
5309 3814
6475 6852
3607 4611
5422 4204
3662 4229
7443 7037
698 289
3002 2847
6633 4089
7783 4758
4250 5312
595 2415
7883 8047
5728 1057
6304 7921
5537 6148
8800 6594
7382 1397
5489 5236
6878 8494
2940 1309
3895 8416
5153 1684
6922 4691
8691 7840
1996 4557
988 6061
7689 8515
6085 4154
132 1305
5720 3330
1679 4236
4635 3440
1714 230
5946 5941
8864 1497
6016 3370
894 3444
7473 391
6377 6456
3119 32
8610 440
2793 2993
2226 5230
1951 4626
3772 4812
2597 1758
8030 5251
4034 4908
4428 2647
6845 1967
6889 3416
1975 6069
5411 6602
4750 5247
1898 2795
7343 3384
2537 380
6357 4518
7294 2284
6298 4755
2633 712
4503 6058
1367 6492
7250 6962
2066 3424
8046 7132
717 8571
2010 7501
1772 2780
7230 7083
4984 734
6947 5905
5509 4987
8812 661
5962 8353
1424 5476
977 8722
2602 132
4616 6953
1444 6015
5109 1124
1265 8850
6337 7817
7669 6227
2296 6864
3802 6970
8335 1075
8020 6776
7941 7839
8395 6237
1003 6482
4166 1326
7961 2563
4412 2945
2582 1457
8523 3379
3341 5456
1384 3200
3049 1539
7919 6356
6420 1238
7269 4865
3356 3620
1924 3357
8905 8135
8538 7762
6302 6606
3532 732
4098 7086
720 5876
3959 6560
6150 8006
7454 2712
8065 1263
8648 8338
5496 7533
7744 8201
6435 4460
2804 482
8262 7346
294 4762
7576 1047
354 471
776 7573
5015 1668
8659 7065
3297 1779
5717 6000
306 2969
8475 225
3810 3720
5518 1519
2697 7474
4859 2599
5376 4177
5545 7922
4114 97
5777 4310
1914 5113
5234 506
187 5860
6434 6414
134 6862
3590 7163
872 6045
1426 7322
1131 242
3819 8224
5737 48
1925 8358
781 389
8568 1524
5360 2922
4935 1742
650 3490
8894 3141
3846 90
1858 6965
992 6137
2836 2934
2195 8184
567 6085
8969 4763
4926 332
5035 8350
4538 6323
4745 7780
7186 6373
4880 8855
5597 191
7739 5847
89 7326
2683 5297
3355 5833
850 7190
413 1521
6918 1729
575 1702
8644 5756
3702 5769
6734 3899
4261 5097
1152 6115
2032 138
4387 5411
3021 3351
1482 311
7138 7950
6858 516
6489 3888
353 1512
160 3556
7176 2385
4142 4182
7995 4180
2635 3331
648 5530
1225 4364
5485 7802
3881 7970
5301 4997
1415 2739
3477 8293
3709 5141
3588 1722
481 549
2801 3700
7886 4884
6908 7843
8906 7624
5064 2981
5476 8827
8422 7377
7091 3668
2209 6190
1492 1293
6595 3388
2554 1804
7395 6527
7054 2094
2488 5568
5134 8371
889 1711
8964 839
7232 5594
8531 7534
7569 378
7702 6206
8071 4370
3305 4414
8466 296
1973 7734
662 5927
701 4389
5049 3371
7684 492
4922 2
6861 192
5833 155
1686 7033
4402 3171
5113 7577
222 7771
6569 8557
2624 7293
5062 6668
2887 4673
327 7652
5925 4808
2440 8327
68 2419
3016 6756
7625 6140
5419 4148
6451 2060
3491 765
6019 4203
6914 8136
5768 3318
468 587
8162 7257
3147 3111
4962 1982
841 8064
4485 241
7774 4985
8251 8783
3038 5668
5699 5277
3380 8529
5638 870
7244 5145
3127 1768
5634 7352
7627 4039
6469 5762
7722 8972
5013 7791
8874 8503
4143 3539
5731 1373
4610 1950
8200 2230
5339 1776
829 5902
8572 8920
7833 3727
4395 2020
8007 8729
3435 8840
6883 5327
5026 5366
2367 2721
3725 6445
2899 4704
2285 487
127 7865
3062 7899
4120 8760
337 8680
7184 7283
8837 7046
4073 3824
3205 5299
7846 8551
6600 1223
8310 6282
4225 3904
4719 8220
24 7118
4903 4868
8636 4082
8549 8966
7424 3622
1149 6763
2553 4010
6014 1918
8566 6932
8113 5
2708 5181
8677 6863
5471 6292
2707 6910
7586 4151
8655 5834
2685 6678
818 2831
4184 1112
8070 5589
7501 3092
8363 2455
5921 3382
1977 4433
6105 7314
8540 4130
7047 7454
4401 1341
1841 184
5870 8854
3793 2745
6532 1320
2645 4649
7141 7631
1865 1218
2987 7224
7657 314
5619 1247
2888 3750
1711 1068
223 8045
886 1241
2140 2510
7822 2660
2491 6191
6661 3604
1940 5340
1110 3165
2690 6625
1071 1553
8952 3768
1610 999
4145 5435
7927 1179
7351 3513
52 6857
2088 5686
315 5133
2262 5779
2025 4531
8231 5538
4603 3046
4125 8291
7068 329
4653 4529
6171 485
3892 8118
2691 8302
1221 3678
4839 5357
5256 2810
1093 498
7700 8939
3289 1733
8166 4144
5100 1287
108 3045
8583 3544
3045 3399
8449 460
8822 6636
4241 401
8720 5424
6742 8777
1313 5314
7519 5835
1127 7782
5551 407
382 8727
8992 7673
5408 2127
1151 474
3844 3333
1299 7478
4012 6187
289 8313
8124 8206
3696 4955
5231 6010
7237 5955
5370 1286
489 1583
8603 3911
936 5820
7365 1551
4049 5664
2838 2495
1406 2240
1034 3314
1588 5298
2091 3693
5845 2603
6224 1280
7790 3124
2078 1991
7945 135
1631 5579
3273 2791
2829 3134
2303 1489
7398 6408
867 2119
8126 2372
1723 6357
7793 8889
3367 507
8225 3014
8008 5358
7809 3502
5564 6455
6427 414
6445 4618
4466 4282
2236 8804
2200 4117
1058 6493
8380 2353
4641 5015
4941 7641
7222 5479
4993 3710
1630 5122
5998 7405
3401 6169
2555 4084
684 4659
2930 6644
161 4291
375 8449
5034 3879
4776 8951
6330 4400
1115 4456
5890 3563
7271 8857
8951 978
6130 7221
3628 222
6838 4563
3918 7142
7204 908
4405 7245
8558 6326
718 6450
46 3912
4916 43
4906 8519
4889 6597
6365 6789
6301 6031
308 7291
1012 889
2275 3393
5770 7176
1863 7616
5198 541
1640 1775
3098 5487
4585 550
2594 6620
8732 7944
7356 2161
1539 8969
6109 1974
3476 264
1345 8734
8079 7750
1950 6818
4937 6656
7331 5068
6966 7288
3193 1436
2959 6175
577 5977
8121 831
4067 6524
3563 4616
3449 4174
8491 1523
5963 5669
2005 3467
6158 717
1407 3858
2447 3232
3443 6108
767 496
4186 7874
8302 5058
8376 5831
3146 5846
2810 6404
8208 1736
3874 2482
118 4247
5441 7208
1851 8594
2232 6711
3523 1177
857 2345
8785 6592
3060 6082
7895 2576
3378 4772
4883 606
4509 8226
970 4387
1386 585
5577 5916
7987 6731
4091 1018
7411 5136
7636 1937
4028 2045
7836 6371
5985 2527
3836 4069
5538 5509
5677 2883
5128 1176
1104 1739
135 3676
3729 3924
5160 3958
7096 3366
3202 579
8352 3706
2259 5359
1818 4352
6718 693
6603 3919
4972 3348
985 1465
7404 867
2436 8669
5094 1202
928 4817
3398 2840
8713 4462
7736 4625
1133 5636
7690 6
3877 3880
2083 413
8514 2530
4390 6749
137 5978
5853 3670
3645 2022
7990 5979
6787 2131
8519 8864
8513 6655
1463 8448
5484 7721
6672 3240
5178 3218
6244 271
3634 7146
4180 2991
7423 7449
6862 3611
5604 6465
4805 8699
7892 98
964 3993
8877 697
5917 3498
5579 7099
2461 8609
7716 1825
124 4217
8092 3515
5899 1403
5409 2767
8125 3891
625 234
2652 2927
3853 2220
978 5793
7149 2967
6497 6833
3404 8526
6178 463
7246 2630
7281 1316
7952 1681
2136 3404
1349 3596
1246 294
6693 6170
8220 5197
5807 2118
7305 8415
2660 6809
824 2889
1859 7998
2565 8286
3566 3585
7076 6370
5856 2411
6544 4864
2197 1095
8593 6576
4103 7136
3320 3855
4664 676
4254 1106
5163 8190
808 5800
7430 2016
4358 8876
5042 4119
7799 26
6948 7200
4881 4384
5169 3096
3161 8125
7623 1591
5363 1090
8059 386
1292 6388
8544 2556
3735 8700
1155 7194
2500 4501
895 4361
2451 673
5708 1525
133 2913
369 5985
7131 8262
3536 851
8526 750
3200 6417
4522 3087
7839 1026
543 2830
5610 7210
7240 8141
3195 4216
8204 7162
8018 2622
3453 2212
5330 8992
4044 8617
7718 6533
1760 1127
8447 3643
1648 1282
3244 5721
6512 1785
5817 7439
8641 643
4660 480
3763 1885
42 1517
8443 6005
5200 8986
796 8985
3698 20
5443 323
64 4442
7761 151
2233 2061
5295 6504
274 5795
4416 2320
2692 1154
2518 3026
5028 571
3020 6954
6147 6933
6221 7265
4921 7800
235 8869
7216 5458
7612 6110
8364 7238
3780 2002
1065 891
1057 8625
1617 3000
3869 2519
6946 3764
4190 1544
6607 5629
1762 356
8076 5467
2591 3626
7959 3237
7504 2215
3964 3106
5281 964
5052 6288
443 1734
312 6670
1546 5531
782 6931
5213 452
5633 7756
1536 6846
3353 8781
1805 189
3011 8019
7556 1069
2237 7990
6583 361
5144 8250
7734 8978
1912 682
2681 7184
326 1478
2605 7571
8517 6353
3609 8457
338 7333
1559 1802
4101 4778
2277 3402
4458 7637
5902 2213
6013 4146
4811 6837
4856 3217
7480 4548
1520 8698
1862 5106
839 3195
8001 8922
6282 534
3935 3852
1548 4705
7890 7192
749 7826
4985 5391
1988 5473
8813 1622
8470 3962
5526 2395
6403 6975
809 6494
208 8458
4288 2072
4433 517
88 8618
3414 5081
3234 8894
2460 730
1768 689
8003 2139
5808 847
8983 5881
4124 5385
4434 2894
4526 7684
592 8786
837 7382
7515 1612
350 1938
6829 3304
591 7600
7402 5486
1144 123
5083 2295
8727 5194
4313 1713
7009 8585
7426 8156
6190 2749
2713 4624
4287 1963
5930 4315
7229 2155
444 3361
1090 5215
6299 7465
236 8033
2846 5051
1524 6084
3979 1721
760 7360
4876 5734
1602 5606
6808 7016
8404 8636
6756 2939
129 4263
1790 3900
5282 24
4228 5404
3743 4482
704 8795
7363 3877
7785 6811
7872 7563
651 6253
8902 2906
4907 4340
373 1703
7730 1061
8957 3175
498 1930
1716 3793
7564 8785
6690 3802
3487 4858
445 3578
4095 103
6836 8182
2154 7249
8342 160
4874 1055
8931 4773
589 2486
3529 3375
3093 6064
7851 7516
6755 2083
8993 5957
1046 5981
4123 8185
2862 907
996 8042
1234 8287
7085 4359
6873 3201
1403 1122
7146 2697
7143 4323
6488 8631
7525 3091
1734 2649
2904 6259
6095 1816
7491 1375
1417 434
4845 4286
2776 6834
927 8425
2269 2451
8311 3244
7045 4349
5632 7320
7272 785
6378 1298
4850 7300
3963 7711
7043 4715
4083 16
2993 0
758 2147
4080 1774
4275 1969
7235 1148
5173 1725
5451 4913
7642 128
7696 4697
4803 8979
7124 1700
5945 3342
514 5808
1000 4713
1985 8158
7036 2829
6581 1311
923 2387
6788 6894
3602 8492
3578 4230
6932 369
2878 2848
8847 2798
8938 7206
6202 2003
8882 4346
6597 1980
3724 8218
3281 5787
4297 6160
7023 1794
6642 4341
8975 1752
1346 1101
3630 6162
2414 8110
2726 3798
3732 5379
5143 7250
6348 7668
966 7653
8740 7669
6452 5103
5866 6121
5024 2594
2859 1200
7330 7187
3969 4585
239 4701
7100 3080
6626 8341
1278 3509
7639 7008
7930 7729
5328 924
1244 7481
3452 4809
2837 310
6777 6621
2722 8479
7461 6736
8489 3651
5438 7529
1353 4197
5810 7775
284 1317
5267 1325
266 7078
3992 6881
6866 1970
47 6693
5405 8159
7568 4369
773 6477
656 7244
8283 1669
5237 5671
2973 2333
7171 3213
6697 2201
6989 4188
153 7197
6884 6761
2286 7342
5033 6768
7650 5286
3626 4546
8766 8784
2313 2573
3730 670
5119 2232
6327 8563
3675 4455
8824 3645
5186 678
930 3588
4866 873
3889 8344
4893 849
5920 2664
1399 176
1085 903
8002 5603
1088 5237
907 2427
5781 5109
7789 1659
5164 8809
1549 2406
6 8101
4024 3568
3479 7608
2766 3839
6824 7214
2589 7926
5557 4495
3131 7128
5536 4526
6010 5867
1169 5551
5081 4630
806 8146
8437 3429
4128 3807
1338 7000
5257 2843
3099 2577
5002 3428
2601 1180
8067 6440
8182 3369
6189 3800
5225 806
5673 4410
6194 6587
8744 7757
696 1209
1063 2286
5369 6310
4478 3587
7715 7903
458 2266
8267 2206
2651 2874
7248 2655
1478 8395
5147 2808
4799 3023
6195 4748
8421 5672
6741 5570
3582 8466
5293 4049
465 1219
6511 6950
398 8776
2629 1661
7717 4739
8991 1543
672 6435
3067 4126
8825 529
426 4720
4554 85
2368 408
104 5250
1532 7003
3425 8525
3993 5263
8780 4294
2464 6876
3216 888
5922 5095
916 2087
2531 7575
6148 7761
8082 4709
3728 270
5080 3374
2274 4248
1241 4992
2825 6748
1887 5817
2067 2349
3441 5496
4777 3976
5520 6376
7587 2237
332 4926
2466 6360
6411 5362
1842 6327
4771 148
4457 4025
2308 2980
1033 8093
4409 1370
7306 8354
5351 958
7145 544
1453 7260
4730 937
3263 832
8256 5612
6893 5049
2835 690
7721 5536
1173 1738
1 8732
8849 2836
2389 7345
8112 1746
4994 2461
3977 6985
3985 2564
642 6021
3717 3533
8947 5029
2075 6627
3466 966
4628 1458
3632 821
8546 4551
1811 5705
8055 8965
3966 7986
7354 5272
5886 7796
7484 8690
5250 6389
6536 8762
4219 3345
8032 5490
8888 5673
891 17
7224 205
6111 4567
7701 2727
3325 3437
7400 1604
6353 533
5417 6498
2112 5757
6345 129
8806 6661
5864 1359
1618 2983
4153 7880
4813 3455
2328 2396
2657 7829
3786 5044
1850 4066
3991 3728
5423 7804
3163 7731
1326 499
3197 2453
6184 3794
8318 6628
7550 7644
3987 5504
7977 3407
6782 7340
7419 5910
1737 6147
1334 8417
3014 1230
7548 6916
2041 5076
630 2503
2162 1335
4924 8559
2370 5074
2674 1637
4470 166
7759 4097
8618 6235
7159 1469
3252 1735
442 6650
4183 7873
2777 972
1280 7635
2495 8574
5461 3890
8473 6830
1888 5634
8300 1249
7710 7467
8143 7324
2957 7645
7153 1674
5911 7567
874 6547
6177 5001
5630 5577
3034 3293
2700 8704
5881 6550
1575 497
6132 1921
6971 3527
3608 7416
4699 2114
4661 1181
639 2013
2016 5082
8367 7741
4928 1763
5336 8386
8777 3315
3041 4435
196 4241
3000 2955
4398 5087
238 6273
7058 1155
8587 3385
8789 435
3162 8957
3155 6992
1678 49
5418 7204
4586 669
5835 4486
7449 7431
5445 6151
8168 7517
446 4537
8045 1717
793 52
7493 7299
3078 7649
1947 4931
8976 1388
2738 6605
645 5452
3894 3208
8331 6172
1744 3280
5924 1847
7928 4521
2227 1351
6856 4272
7060 2937
5649 3278
1538 6301
2918 341
3986 4283
6494 5550
583 7643
5123 920
4779 2315
6079 2296
8999 8790
6768 2334
8774 1060
3576 4584
2515 4959
2049 8852
5014 146
348 2276
4263 8000
1519 7898
5302 599
8703 2236
934 4953
2490 5443
6349 6665
2755 5655
6996 29
7852 6817
7270 7935
8412 2156
8622 4891
2138 432
7955 4835
1694 4487
7401 2801
7755 983
6708 1025
1570 8820
7611 4417
3708 8523
5891 147
3293 5944
6794 3294
719 8126
2541 5318
4282 3885
6393 2914
2234 7593
6394 6499
3371 1383
8483 3915
8613 8535
524 6640
3805 8904
7436 8103
8995 7957
5512 7430
6220 3590
3332 647
7814 7655
3668 3170
4218 4443
2745 8913
7255 2135
35 5650
6167 2870
7010 6276
1396 2518
878 7999
5944 7123
5007 67
5950 3190
4364 3231
3385 7338
5224 4256
8899 4171
7219 6584
1895 536
394 7640
1096 8713
3154 2501
756 8227
6464 8565
3642 2042
7142 7614
7080 7586
1727 2324
1508 1973
6973 7270
4357 5129
1633 1114
255 2867
7805 5173
2939 5177
2869 4061
1091 3327
6601 852
2007 15
680 4550
2664 4615
3120 2547
6206 3245
3765 5748
6396 8671
2716 7198
2421 7329
1203 7159
2508 3838
116 6333
302 4547
568 2990
7295 8452
1972 2140
4332 8562
4795 6989
3943 7281
6421 3411
7336 4708
170 3110
5240 3317
269 7091
4239 2815
6995 6517
1534 1198
6219 2774
6818 956
7771 2620
602 2468
7033 7487
2552 1810
1871 7129
6136 2154
1168 5915
7601 99
3899 6722
6173 104
4519 4418
7151 7160
582 519
7683 5605
8135 7295
3462 6309
8943 8380
2507 5819
7187 4689
3057 3708
3808 8459
2573 7857
2224 7264
2015 4545
2053 4690
7559 3028
3812 3819
4314 727
8594 3389
3750 985
8241 7112
8525 4155
981 589
2719 3484
4862 2064
2505 5798
248 7511
4550 4494
3471 905
8520 3164
590 6885
699 5378
8114 882
7537 1533
3198 658
4119 7545
1755 3090
4505 737
6404 6707
2243 2885
6570 7228
5307 51
8234 2418
1795 2899
2640 784
2087 4267
1059 5056
3389 3566
1632 1098
1491 1598
7421 2198
1356 1413
4848 5003
6504 3116
1137 5518
3326 3921
2925 6653
7061 7665
8725 743
6408 5361
8078 5862
7694 940
2614 7985
3825 841
5397 4607
8911 6036
7748 3526
8420 428
8023 8925
4133 6457
7514 2814
5947 6548
138 3805
3170 2357
5573 2049
3849 4789
4769 520
258 2663
2131 5567
5842 8245
8498 5613
6784 4890
2419 6735
7494 6200
8932 7633
4731 3783
1255 4612
1557 1125
2439 1232
2817 7466
7427 5422
6180 1466
2325 601
7853 1499
4932 3188
5284 7183
3792 3065
2040 3547
7373 8632
5415 5939
4953 4843
2130 3907
8619 1878
263 4776
5575 8717
1994 194
7534 338
747 5539
5381 8599
8684 6287
791 3505
6806 514
7807 5604
5039 2670
8967 7105
303 6624
6974 6675
4729 6508
1658 5851
920 1409
5749 8323
4927 6114
3354 2246
8808 5702
7179 3675
4823 6146
5586 6565
2905 1654
8379 2121
8884 2231
4987 2788
653 8144
962 63
6216 1417
5888 6098
1118 5387
2063 8512
8841 5706
1448 5322
7447 7894
5112 2757
6318 1348
2715 3144
3886 2053
2815 1537
5261 2943
7502 3067
2892 7937
101 975
3074 3394
4798 4859
2590 7095
7549 2379
4071 4355
911 79
3952 4746
6546 8242
4043 3022
7843 7410
3633 2497
4825 4373
4982 1259
6811 3425
1468 553
2145 7748
2345 220
6970 659
8258 8306
2183 5062
7606 1866
1018 1868
8191 542
4537 1337
5556 5454
1373 5477
8633 1353
1123 1092
1624 3166
2493 8411
2477 4432
8276 5760
7663 5238
8148 5455
2085 7335
6964 5369
1100 3082
371 285
5365 6267
692 8867
2874 2886
4767 6577
1103 2557
2375 7029
8357 1943
2158 7366
820 2144
6362 8566
3533 2871
4877 5170
3407 1226
4266 7420
593 2148
6286 4467
8611 108
7925 2307
8096 1376
2636 4731
1749 6249
6181 6149
7497 6016
4064 1579
2950 2873
188 3581
5465 8976
3939 2426
1901 5698
2504 7100
8308 1462
6293 7367
2184 793
2449 5333
5142 6855
2619 929
165 8232
736 2478
5872 2954
2694 4785
5558 7347
2712 809
4351 7031
5722 6444
2306 7689
5116 3312
7953 3320
7868 5226
8667 1585
1577 2708
3818 4998
2009 1407
1014 60
30 3010
3307 8601
5288 8793
298 1233
5999 6028
6834 4485
5585 8177
8977 1614
5712 7014
8834 4747
1303 7753
7877 1346
1008 8107
7037 8437
6083 3419
6231 631
1128 8537
6039 5025
8923 7482
7200 2789
5970 2974
7189 6012
5260 3486
5718 5839
6887 7457
1032 8194
507 5407
6828 2679
322 4744
1141 3019
974 7850
4951 7368
4475 3740
3268 5117
3032 2845
4851 5805
2159 7261
3994 7125
2668 6141
4960 4055
7665 8662
6815 6804
91 8761
5082 2961
1489 3623
5521 8339
3365 7131
5161 4606
3884 8706
2181 6772
6972 2302
7130 6849
2412 8949
8717 1966
3172 3212
230 1037
1171 7984
7699 1582
3914 8217
3082 7813
1522 3733
7316 1405
4181 4107
8643 3043
5090 367
949 2775
1185 118
7932 7139
8675 5854
6725 6307
5097 4319
732 4503
3769 636
8274 7334
3859 789
6428 8084
3561 6614
1594 1420
523 6020
1692 6727
4063 1705
6710 5398
3682 7928
7416 3085
6106 34
3670 8394
6952 3797
7615 306
4936 1338
2309 3214
96 8581
3337 429
8442 7777
1240 7877
6117 4935
636 7651
8508 6328
1364 6331
7313 3955
2821 84
6810 3861
1287 8295
5958 3368
2938 399
703 2170
5191 2508
304 5647
6506 8241
6954 6890
6525 8334
3581 2509
1674 5016
4242 4079
2266 3390
5440 5178
1283 2400
4284 6943
681 1235
5863 3353
2794 1304
5805 4870
1845 6949
6241 4823
8712 4176
144 3719
4268 5690
6331 2862
4264 6466
5955 4799
2295 2352
5331 8119
5120 3131
6813 6537
8700 6423
8439 5740
8704 6487
2547 2056
6975 7349
2780 2044
4606 2479
8297 928
8177 8364
4422 8340
3246 3586
4075 1174
5442 1048
2031 7768
5428 8356
2393 3709
2831 2117
6156 6609
4849 1071
6412 7867
2870 1811
1079 8214
3174 4832
4842 5882
7937 2226
4815 1747
3319 3658
1634 2551
8809 2786
5377 2919
318 6634
2198 6097
2759 6941
5483 8438
1889 6299
5098 526
7199 4020
1360 39
5751 3115
1698 816
6447 372
7782 4828
8159 735
6193 3897
6982 2849
3285 4161
6358 303
8261 3592
2055 8077
8857 5718
7078 2285
3731 8687
868 8738
7708 6713
2545 7241
5539 6823
4486 7170
1765 5091
5894 5146
4742 3625
227 7973
3942 7765
2845 114
5727 836
3369 3565
8222 6659
3857 3470
5572 8898
1204 7574
4441 8511
3387 1213
6526 8765
2631 4083
7490 133
1799 4583
4715 3558
8034 3718
2435 1945
417 8506
4620 4440
3483 505
8043 8370
1819 3629
615 5021
7837 1611
3249 8813
2840 7140
2046 3810
1393 3803
6160 5267
4913 102
4844 7528
4116 8374
1728 3202
7156 1275
2857 7498
578 4536
334 5890
8994 1548
56 4939
6591 7738
8666 7848
2542 4367
4177 6689
8627 6167
470 4296
6764 6075
4435 2998
7221 5778
6732 7059
901 886
7982 1931
6204 6616
4195 5190
31 8203
7966 6123
7655 3631
8863 1953
5510 3286
5382 6240
3554 3373
1676 7758
3752 3142
3815 7144
7439 7597
7276 6882
8959 3867
204 3310
1685 825
1371 6392
6727 1592
2334 7584
2374 5224
2890 8814
2646 6572
8960 6421
5527 3449
249 4920
6779 193
5249 4331
5868 2293
5635 7933
2819 4354
3429 30
4176 6959
1807 5601
1391 7022
3677 6754
6516 4819
6685 8424
4915 1030
2039 4883
1049 5600
2165 726
845 1149
106 3747
8392 6245
2302 4902
2513 3635
2093 3843
2885 5984
4240 674
5734 4722
1421 1642
8494 8707
1157 8061
5084 6364
179 7510
4040 6219
6916 7866
1282 5661
7341 4756
7912 8167
3980 5417
8560 1340
4600 1897
1808 6218
7939 488
2669 2615
8786 4922
1298 2677
6120 5085
8294 6896
6717 2133
6924 1965
8701 5342
2767 5565
4191 5622
2399 7979
6790 8674
2498 7312
3850 7910
6212 8504
5995 6320
8410 6056
5156 3663
6772 5159
1459 6150
7412 2151
7418 6277
4053 6585
5448 6303
1513 7006
5197 438
8710 5047
7778 8257
8607 5235
309 2261
4265 5525
8878 1522
3087 3931
8284 2084
3799 2035
1684 6716
7999 3126
1890 8247
4452 8359
6611 4986
2044 5894
4207 2652
2622 6934
534 7677
587 5836
5122 5614
1526 628
2320 8856
4931 3694
3094 698
6912 3102
7879 2070
4997 8701
1055 4999
8966 453
6941 4227
8640 2310
7032 3576
2222 3714
7327 2979
5908 4572
6778 4631
7110 8314
3890 1887
8116 7966
3393 7274
1683 4793
2765 5213
3636 197
3543 4568
1350 1352
6738 6705
1485 5701
2524 6178
3831 7344
1232 656
3669 7165
5678 8258
2218 1934
506 3613
1531 319
6061 2875
7802 2145
6748 8197
2860 618
5452 2254
8815 1024
1870 3677
8709 14
2214 4393
7652 8955
4911 5156
6925 7825
935 5587
474 7527
6586 1647
7754 8921
7944 6179
1170 4869
3299 880
6437 6358
8314 1593
7303 1529
8052 687
707 5792
1672 5651
3883 6002
5046 5949
6389 4941
3923 4899
1358 6116
3400 5965
833 502
8581 8626
7536 3021
5151 3192
5965 2654
6188 8426
4697 5730
4061 5493
3527 7021
6508 6589
1906 5850
7811 8568
4082 1215
1243 5413
975 6750
574 2617
2061 5500
4251 1051
1840 922
8194 2412
3559 6255
7120 7650
7962 8945
251 6829
6849 5324
622 6714
6252 1306
6287 2904
1853 6913
1918 8436
7647 996
5809 5252
1916 749
513 5988
7007 4990
7874 2422
2768 639
6363 210
4861 3666
8955 2765
4400 3238
8818 3871
7803 621
552 1864
5431 6622
6943 4157
1732 1844
6654 2511
6065 2101
728 6773
8117 1339
5246 5962
5358 8943
385 251
2960 6011
2369 8819
8692 8040
2050 8288
2604 2769
2458 7647
5885 3051
1869 4395
5693 1434
2035 5195
5778 1308
3654 2299
3313 1506
5698 1629
3474 73
58 1817
7434 5688
5554 4634
3115 1827
5969 1062
4507 5586
7551 5691
2314 3639
3347 5281
8797 3492
126 4329
2798 1265
2333 515
4819 8298
5135 5187
1831 7625
2228 1856
7083 8032
912 5439
5540 1290
8356 2460
7772 8180
8358 1142
3828 8600
525 8737
1939 4912
8371 5104
7922 692
6891 1216
3813 2678
7259 2733
8901 7844
5515 7591
3841 6355
8914 7229
4397 4064
16 8111
3445 3056
7111 3309
6958 5681
3259 1621
2003 5196
2661 7175
6716 4732
8757 2850
359 8676
3171 675
2482 5400
7974 5970
8738 582
7458 2959
2253 8505
5596 4982
3391 6088
7027 5028
7066 3035
1671 8121
323 5856
1413 3434
8401 3472
1665 1
8005 2973
1792 4794
8110 5005
1731 1379
2833 4842
7855 1692
2137 8029
2350 5523
1620 6063
2742 2691
415 8610
7888 1682
1567 5818
1066 6769
7477 645
670 1618
8614 8055
1027 2404
8275 5397
3364 5556
6174 7447
831 6797
6324 7779
1309 4255
4828 5460
6886 677
5344 5249
504 6536
346 301
2996 2926
3555 7657
3660 3262
7521 8412
8170 4796
3448 7900
5696 5921
8653 1156
5467 3442
4210 7592
2525 188
7161 1791
1257 4314
3631 6544
8093 8553
5337 3580
2064 8799
7641 2538
1781 4127
4602 1470
8574 7090
5861 2227
5269 2392
7668 7385
8507 92
7909 1438
7861 7311
2360 3495
8838 8155
647 6856
1106 5183
6890 4726
7824 2736
5129 814
807 4209
6907 4472
5219 3691
8389 6513
3012 7770
5057 6734
5226 3473
192 8775
7976 3377
3224 8221
3938 7308
1266 5553
5436 3397
7478 75
1256 8903
7980 5694
8879 4225
5860 119
8333 5595
2199 3169
6157 1084
4952 7916
8796 2376
6317 3160
4326 3945
6449 7001
4657 7939
3374 441
5971 6215
674 3703
8632 7615
8773 6034
3528 2915
5266 5763
6261 8122
4908 244
2749 6744
3250 7363
1952 1960
4783 6570
4399 6426
4149 979
727 8657
5048 1719
7022 2248
882 2528
420 6561
7557 5495
8178 7025
2332 4933
8530 1187
2261 7463
6773 1882
7304 3930
5929 8549
314 4262
2429 2375
7609 1476
5798 1912
6379 2908
6053 7038
2773 2499
6542 6434
8259 8044
8334 141
4796 134
357 6458
8516 2779
7703 6032
5350 4426
3574 1146
8129 6033
5582 8546
6888 6755
6729 6413
5733 934
499 2153
8467 6798
5794 3589
4371 1615
5994 4847
330 40
2246 8682
6855 2882
3141 770
7818 7882
8534 4078
4215 8085
2974 450
950 6412
5792 2300
3621 3980
2485 1421
1729 8400
2963 8835
376 8243
3143 8162
5280 3387
4998 7259
8629 774
3140 4273
3548 4099
3178 5274
4912 9
6618 915
1820 7819
1828 8089
7899 7172
473 2625
5622 3018
4027 4897
6296 6842
2497 8721
4827 6706
994 1520
2583 802
1458 1422
8749 2574
2114 433
8250 7020
270 5498
6571 2956
6134 590
5595 2294
5843 5615
5773 5569
6731 5753
1267 4900
6902 221
6316 3659
4036 3528
1205 5638
2557 3007
6208 5017
7575 1185
4107 2584
4447 4001
3867 8307
7969 7243
2341 6792
4917 1077
2011 3986
277 2380
5703 6246
787 5234
1383 5035
5951 1848
6011 7350
8670 2009
2076 8294
3105 6400
6361 1712
8228 7842
2731 6369
7188 6106
4262 6212
6211 333
8270 2703
7095 5210
3287 957
8271 5505
6026 2763
4317 6869
6541 7847
7408 4948
7561 1701
1700 5485
5076 1951
6689 4885
2696 6822
8219 61
4020 3966
2322 1481
2679 4666
3394 808
5762 3281
1217 1212
2595 3933
6354 7968
1165 156
7128 3961
3182 161
1556 1162
168 5138
4592 5806
4203 7724
8035 7838
5167 5646
5641 6090
6474 4298
2018 7418
3830 6071
1381 7289
2812 2068
2235 6767
8953 715
1500 2612
2344 6927
5672 3403
5386 1456
7479 2896
566 4566
1833 708
7435 8888
4440 6177
2348 1526
5085 7398
7972 990
5038 7699
6172 4353
859 8521
588 1356
4391 2544
598 3086
1341 42
709 1173
7651 1036
8936 2105
2335 4318
2026 3032
4172 4500
8606 7486
1300 8561
5203 2517
8978 8684
5278 239
3906 4721
7704 6873
3901 6272
1598 7745
2628 1044
865 3937
3768 4011
5312 5827
1062 2160
8197 5432
1279 2895
3956 4468
453 1087
6145 4979
557 4542
4354 4973
8934 4600
766 7564
3837 2216
6455 2520
500 149
7864 1650
7499 5461
3223 7331
1718 3632
1578 2471
7457 2204
3719 6416
4403 1441
2584 3448
3611 8132
3064 2129
2705 3223
7220 753
4482 8073
2172 4589
4673 7776
5388 5191
7574 1250
3598 1358
5289 7395
4310 3752
7210 564
7121 5814
6983 2369
6082 8385
6953 1749
3926 1715
713 6608
4759 1922
1210 7911
8542 5143
6640 124
3351 3358
2672 2760
5523 3042
2428 5580
2830 5341
1839 4766
1117 4137
6406 7394
5091 6753
6041 8510
1112 5557
1480 5468
4785 6783
1893 4954
5248 827
7094 4569
3930 4797
1873 3792
2670 910
2020 1139
3472 6429
733 1723
2866 7520
532 1632
6997 4975
8829 8081
8996 4559
7547 8343
2417 3328
5001 5231
3973 1584
6308 1786
3776 3583
7773 1968
5580 8117
6338 1123
3573 8001
1060 7402
3593 1596
4501 1638
8910 1676
5338 1836
2292 6234
1580 5731
6116 2269
80 5928
2038 4951
4761 7854
3203 4989
774 1694
3168 5405
1613 136
7796 1418
6442 4183
8551 1166
4335 7496
1275 5065
1626 2428
4029 350
5391 411
2864 2529
4569 8937
8312 4474
8716 8365
7360 4898
6759 8919
527 7153
8385 8152
1909 6073
3059 3881
4726 8878
3820 8497
1472 7473
396 7277
955 7787
242 7960
2121 6018
3587 7752
2852 3506
6097 1248
1982 6043
50 653
2536 3123
1454 6107
8832 1234
3076 5895
7242 4338
529 1116
1644 1389
8609 2386
3410 8209
8041 3683
2770 3729
6757 7456
951 1842
5145 8407
7178 397
491 778
3418 3108
8811 3574
3960 5657
5780 3227
3136 6739
4860 6469
8828 6505
6418 6726
7300 3941
3022 575
3852 3324
2929 1806
8971 8238
6089 112
5671 6909
548 7550
2118 4280
2673 339
7367 3846
3469 5767
722 6631
6957 4652
3904 5282
2472 4128
5286 8749
7175 28
1273 1690
430 1128
301 8094
7817 1635
3791 1534
7307 5544
5356 7879
233 6129
6801 1374
8066 7054
2255 804
2431 3902
5838 6887
1414 2488
2948 1502
4959 80
4244 2449
7862 7822
1919 1080
1641 1595
423 6096
4279 4297
6336 5273
6400 8908
3225 8836
7857 7674
7746 5497
7970 182
19 8104
5960 8805
4514 1826
7374 6402
1045 2361
7875 7766
2120 6914
7826 7760
6917 1274
4741 4769
5910 1573
1269 5649
3647 6397
7070 1480
6833 3808
3346 4978
1960 6184
3298 6603
2092 7321
4292 7102
1748 469
7314 7811
4299 1276
5055 4667
4404 7081
7859 4680
8207 8181
7604 1714
750 4488
8192 3849
708 788
7589 7056
1474 5791
5695 5218
1757 3893
4857 6522
715 3918
59 5592
3028 5158
6028 4448
6863 3480
8867 2010
5591 1184
1903 5077
6380 959
364 5789
539 2473
2721 4906
7808 4613
2934 1900
783 1514
3784 4114
6938 7676
8244 8554
4513 7114
3139 8575
3339 2725
3637 3644
1680 7995
3376 6336
4055 3790
3377 7423
4629 6308
3558 2279
4543 3795
3968 7494
6303 6952
2600 5131
3572 2912
2012 4960
2523 4714
8423 3634
7996 2239
2450 4242
5931 165
4476 4463
5789 6986
6320 1408
3145 4032
6060 3054
6588 6698
4700 7992
3024 1662
2459 6265
544 5457
1431 4237
3614 7276
3403 8062
3990 2183
4561 4302
4694 4599
2944 6740
4558 3994
1158 2839
2965 3927
4245 1925
5273 4068
8288 4863
4490 5522
4056 4246
8432 8275
463 3040
8835 5889
1824 7117
3870 6251
2122 3475
739 801
7505 4592
162 4091
2506 6211
4858 8802
530 4586
4214 5852
5802 2826
7735 4175
149 3381
8130 6038
8886 8041
6926 2331
8205 5093
2400 3097
7194 6311
5990 1831
5614 1569
5980 8225
7350 6859
665 317
8396 6208
1922 7656
8173 3488
725 8726
8359 1451
8485 4540
105 328
5099 1840
8163 423
6686 3284
2577 3044
869 7793
6976 3738
4684 6696
8893 4170
8741 7609
1296 1475
7119 4405
8495 8355
3695 2884
2188 115
484 3997
3509 936
7339 5205
5726 4492
6553 6598
2609 8249
2698 7664
6509 6907
340 1393
4375 70
8553 1753
5373 8403
7873 1664
6758 5291
3455 6757
5587 343
1664 7810
3824 2332
4023 8830
1011 5918
2410 7391
3111 6613
8465 5006
1447 7805
267 2472
5413 8548
6478 458
7075 78
2551 1442
1223 3745
3412 462
632 400
6670 7559
1095 2571
7384 5599
4121 8087
4249 7524
6854 89
7073 2929
7046 1787
5919 5931
3272 6784
8754 7219
5323 8629
8306 1261
8746 8771
1607 4342
1593 4034
5650 7604
6424 3268
3761 6879
2280 6049
1856 8828
1589 5167
1576 8823
1794 6189
1024 6066
342 8995
4022 1349
4659 5305
4793 5092
7302 3453
3490 611
848 5631
1379 1859
6751 508
714 4535
4900 2211
4939 6814
4047 6040
6783 4105
8406 6030
8492 198
5752 887
569 3075
6897 6346
3301 6957
3481 3234
2304 2250
8011 8230
6229 3815
8414 4683
6695 5956
7087 3960
6988 7845
3100 8681
8718 8634
2353 8558
8102 8058
5212 8941
2642 3627
3330 3186
2788 5067
1461 4063
5004 8348
4079 1270
8094 2407
6644 5648
2919 8950
2276 4909
1031 8741
7524 4672
366 3778
5534 4639
4954 6815
380 2644
5513 1330
295 1784
6450 5148
320 245
4163 4477
7571 2752
7591 4911
4853 8513
2844 1852
7963 2287
1214 7040
166 6159
1001 6671
5310 4696
3921 1667
3241 8670
7889 6880
2057 710
6213 7455
2991 2257
3423 7317
3413 5563
8840 747
1720 5996
1860 5943
5668 8428
8897 6920
5654 5675
1558 2187
7190 6777
4704 6765
2514 6839
646 5326
2848 3146
3809 122
5588 4660
7697 8611
5987 1797
6457 1782
3214 2405
5961 1538
8805 3845
8752 625
3794 5008
6185 5771
178 4193
3738 5304
8004 1178
6416 2440
3348 2126
1738 3344
3710 6571
5332 387
4685 8486
34 4327
1529 6514
6698 5066
8026 1881
8051 1565
3522 4945
1276 8745
1826 4457
6580 7755
4343 1952
7192 1228
4300 660
6649 4362
6300 252
5416 1484
2740 2907
8745 6029
6131 6955
799 7682
2465 5201
5166 6298
7021 1871
4199 5072
2956 6738
5934 3259
2072 8098
3192 2688
3288 2560
1332 5546
4582 8166
6032 2768
5210 8219
5560 879
4643 4438
7916 4783
6885 8251
2250 3992
5533 6176
7902 7216
2167 8120
5655 8977
5605 830
2196 632
3235 7490
3811 5724
5959 6406
2148 5157
4339 5033
1540 3038
1636 8212
7388 4820
4429 3302
5656 3781
6218 1104
6651 6186
5628 1858
1992 2740
5914 3363
1763 3674
447 5591
3129 4836
7228 6651
2567 8536
4946 1281
4450 2348
2175 481
4052 8622
1551 8490
228 4275
3243 4596
7750 5371
565 7891
8390 5932
2394 4085
7640 1680
746 137
4238 5611
1907 8751
8243 4027
3610 8934
5362 1372
7827 8528
5444 2071
8374 4118
8187 764
7191 6391
1230 68
8843 7239
3531 853
3843 6591
2771 947
4540 3725
3568 8863
1503 2008
3958 8236
8900 6345
7428 8080
6726 2034
730 7433
2248 5744
5480 7434
4253 1942
181 875
4714 7442
6192 4231
4735 2040
7422 638
4872 4515
6770 3027
4031 1835
6258 6938
8533 4767
8496 4356
2002 1977
4427 1496
4875 1023
3678 7310
3592 2466
1105 8624
3535 5023
4693 8982
6614 8991
4417 4344
175 1853
4656 3641
7052 109
455 3555
6915 8719
5319 6454
140 6306
8681 2113
8650 5914
7511 896
2655 7365
2355 1876
4273 2525
7878 7712
12 4375
4212 2723
4899 3264
671 4507
2935 431
6484 1880
7751 1017
5258 829
8827 2000
8597 5180
6440 4284
3480 1862
5615 4977
8890 3487
5008 4496
7025 5189
7041 2368
8561 446
3427 154
2084 6807
1314 7273
3304 881
7202 5507
654 7017
4596 2339
6688 6315
1659 777
4243 8414
5211 1559
1009 2330
1271 8544
6277 4397
7570 94
5651 8175
881 6204
8375 786
2704 3089
7644 6254
1295 3275
7929 4642
4361 3655
712 1602
1902 8810
3981 5667
7757 2258
3451 357
2881 5229
1365 5258
8181 5381
7035 4562
4334 7746
5680 2464
1068 5069
1457 3077
1667 3929
4702 1956
6851 8524
8229 6626
8097 6582
7337 2439
84 848
3358 8592
7946 1081
3405 8620
1048 2217
8734 7077
3089 2953
5822 1412
6874 4142
4467 3553
5800 6051
8505 897
5874 4324
8158 8015
145 6385
7429 5703
7835 3458
3839 2898
4884 1679
3932 2572
3092 313
7251 6055
6381 4221
4323 6017
8646 3926
6752 1342
6247 6595
6334 824
5940 4052
1306 3949
494 5395
2823 2820
8226 8401
6804 3685
4764 3731
4072 3739
451 500
6994 3762
2676 7708
2453 6225
8564 943
2119 7508
862 3220
3525 2292
4347 5427
1193 268
623 869
6528 8444
7607 4943
7433 7531
2686 3221
4622 8782
8058 6685
6881 3435
5659 2055
6819 7808
1355 1603
6733 3796
2291 1137
1443 6760
8637 3009
3970 6142
3951 4862
2941 8933
1844 2476
194 495
7834 6774
3177 6332
2607 4555
3847 5875
3426 3271
2483 2475
4304 334
6702 7698
5041 5855
4756 6026
7063 1360
3335 1907
2739 7236
7280 8439
143 7929
2422 791
285 7103
1401 3673
7005 3946
3406 1049
7472 3776
7098 6374
4237 6470
3054 2916
5522 226
6101 3041
8917 8649
4627 64
5230 8485
2964 8770
5821 6194
3650 1605
794 4918
123 554
1886 5888
4226 1764
1961 4806
2579 6708
7209 2162
8998 7702
1420 7820
852 2373
4498 1041
2898 7954
8664 2982
2033 2036
6460 3743
4035 6677
3697 2015
1040 7941
976 2614
1028 569
2151 282
1347 1837
6677 3935
1460 3325
6754 2238
8679 379
7740 2812
1039 1812
1363 2773
7649 5198
6073 608
5581 899
7749 2367
519 4655
6962 4519
7239 2931
969 4301
60 1671
7971 1685
6896 2222
7348 3052
1510 5516
6503 6291
576 454
6515 3840
1047 5401
8645 1460
5869 8495
710 8816
3807 342
8844 4745
2278 8987
1848 5735
6126 1119
155 1545
6533 7551
8554 4736
8394 8628
1319 6275
4739 4780
947 3831
5043 3122
433 8591
5201 2762
6364 4650
1533 8472
1804 6322
8652 8233
5639 624
6291 2784
5315 7634
7488 2731
3303 1133
1352 7152
779 8948
1130 3982
3379 1292
903 3130
448 5628
3672 5784
1699 2078
1505 8619
6366 6453
3940 6130
7262 2938
2060 4014
4337 116
4817 1636
8791 1850
1357 511
7017 7218
5898 2977
7706 8059
1119 6531
3088 8453
3338 1954
7725 3690
2215 382
5367 1643
5977 876
6900 1183
8562 4378
3207 701
3421 1056
8319 7426
1937 1362
7062 4991
8772 7751
1586 8025
4794 8377
1758 3206
7049 6928
1938 2924
932 7767
3142 3048
1752 5315
6093 1425
6029 6118
1639 2613
6623 4513
5932 2038
1625 5132
7558 5257
3116 6490
4413 3561
7979 3669
8315 6127
5058 2052
2347 2252
2117 942
8988 5900
92 2214
619 8514
5782 566
4743 2858
2402 7444
3673 5738
7973 232
1167 635
6906 5406
5612 8728
2263 5666
6159 8691
4826 6403
7397 1083
3450 6366
2430 7330
4093 1633
8426 6349
1843 3816
6228 1490
2809 8404
5371 3456
3771 4670
2363 1883
8970 850
8305 3850
5933 776
6246 7055
3520 4641
5889 6067
4919 4914
542 6009
2562 939
3953 2251
5093 365
5229 4113
6003 3030
7160 7169
1263 7972
8816 6963
1537 1935
1372 969
48 7642
2728 1355
7653 2268
4267 3347
3026 6027
4701 6710
7274 6925
6850 2737
8573 5339
694 665
5157 1894
1038 4190
2764 3072
5255 3765
4821 5373
483 872
367 4853
6133 7507
1311 3650
3468 2581
3838 7505
3239 6759
4904 8030
877 1567
8924 3433
8875 2608
5272 3189
8586 8989
4676 2641
180 640
503 4300
1829 6967
4824 4904
5251 1191
7608 8246
1857 5630
2521 5043
6199 1697
374 5930
7562 6437
7092 5840
4784 6471
2894 8311
8929 2340
6557 1318
4746 6023
2142 5796
195 6556
6114 214
4367 973
3770 8070
1965 7266
2861 6232
7103 8480
2972 354
8698 8326
7256 7955
3605 1091
6023 6546
6175 8095
1791 6793
6556 3985
1770 4019
1881 1832
4584 8733
4524 6672
3787 4738
5271 5288
3506 8165
7139 4173
5772 7341
3442 4434
6326 4293
6373 344
8826 4602
3492 8882
8883 4733
4331 7603
4456 3847
999 1400
5188 7392
7148 4219
953 1021
3215 6871
7695 7696
2520 8312
3893 5683
6215 4056
8461 8803
450 6683
7632 6449
6355 5644
6409 2459
982 392
6549 8261
5824 5947
1377 6304
7776 8589
990 5502
8529 5864
6744 3003
3511 4534
4169 2534
2877 7599
2743 312
4146 714
5710 7361
989 2335
8152 3308
5625 7621
921 2185
2882 927
3974 8255
8854 4379
7167 6552
4396 2107
7618 6732
3814 524
5174 6418
6280 6300
7136 755
7264 3408
4493 459
2834 3775
5623 7876
6104 5134
8236 8990
7266 6495
1344 3767
280 6825
2621 5933
5009 1773
4502 1594
4948 5374
6960 3001
7152 2835
3440 3181
5948 1350
2403 4814
6604 7549
3664 4391
462 6662
4896 8905
300 7806
6087 4576
549 8930
1416 3443
3937 7812
3361 5935
7720 6399
4113 4036
8345 3811
6615 6387
2001 3689
8660 170
429 3483
7634 7400
90 5408
1481 248
3222 3543
1821 3679
8722 3605
6487 5118
234 800
2502 3789
946 6128
2103 4661
6276 7853
7777 3036
7081 8858
1107 196
5025 8539
107 2880
5325 6541
7780 8067
5221 8382
4645 3653
3840 4100
2615 8884
3080 7831
54 8891
1163 6321
5006 5560
2257 1485
1724 2944
1148 1221
914 5142
4529 5812
4089 3288
1445 2604
8584 4950
2134 4712
3500 1877
7884 5268
3902 4333
6980 4581
3955 2347
4518 6198
6056 7594
8748 7772
2376 2656
7898 6758
4257 5942
4360 4682
3586 5094
6290 4123
8068 295
836 8106
4235 2228
3164 8392
3248 817
2170 3809
111 6433
4092 117
3008 8971
5738 6281
8980 3591
933 4285
4201 7535
876 2271
7518 4096
4809 1589
2946 6410
164 2274
7674 8750
6876 8299
4086 7469
6696 976
3362 121
5705 1892
3694 169
7380 5012
4385 1939
6522 5351
169 7809
7844 8543
3488 8198
7147 7066
8605 6448
564 8533
1166 4497
8040 6728
113 7964
7712 8643
4336 672
5141 8947
5964 8274
5660 3301
3096 1750
5900 1294
531 504
2283 7225
7577 2933
2606 4527
675 2358
944 3100
3284 1040
2416 5354
5159 3177
2425 5332
5066 5656
5454 8912
6877 8752
948 1646
4090 7491
4640 253
4682 2089
7133 7975
4302 2626
2110 842
1122 6730
6341 5713
3160 7207
8216 4265
854 3903
3550 4147
6050 8
4111 4015
555 7166
4127 1164
5709 762
8287 5078
5245 1870
8105 4431
1801 8157
3954 6573
1224 7460
8444 2802
363 7386
5974 3491
197 8223
8021 7296
5978 6919
7441 8956
6024 5038
3194 6134
4151 4553
5730 5696
6137 1324
3804 7671
8895 1117
7470 1153
6655 2247
937 8697
8417 2631
7283 4386
2733 13
7030 1182
6103 6690
6592 4445
1374 5945
3274 6192
3050 8195
365 4827
1140 7723
8027 5597
4611 5758
8790 578
6780 6003
2343 3461
1479 5409
7738 4541
93 7307
1322 2298
8157 4560
3486 8798
5503 2589
7086 5952
4732 5503
1465 2548
755 62
4961 5010
1847 6329
1475 7953
765 7399
7672 5747
1703 5909
7467 436
4942 6500
1891 6443
2359 2558
3375 6733
5321 1366
3218 7974
5298 1474
7028 4196
8366 6060
924 439
2496 1917
1464 5995
8398 1609
1114 558
245 2470
7849 6578
971 1772
6905 6341
2744 2381
3941 3139
5207 209
2741 8265
4662 1208
6712 6173
8268 7714
6895 5463
409 6785
5574 3773
6706 1152
7678 1327
5177 6702
8490 8163
8683 4000
6071 1630
745 4656
4473 7659
2533 345
1528 7706
2028 649
4117 6220
545 2403
4492 4476
5832 3892
7051 331
69 6936
6099 7709
4888 3060
635 2629
4534 5643
379 4791
3023 7389
4106 7364
6624 4539
7389 8811
8307 580
8137 3603
7291 7544
4389 3261
1161 2337
4607 3006
2141 4184
6239 1516
1315 7290
1942 8468
7489 6781
4810 3925
3584 5987
6621 8822
1333 7417
5676 521
5493 1472
3109 3427
4423 5105
7784 1214
7691 6558
2124 1777
6139 3289
780 5345
2290 8730
8115 7409
2177 1869
8377 3064
7520 522
909 479
931 5732
1726 3829
1281 5913
1627 6958
4194 6293
1987 416
6476 5330
5204 596
21 6973
32 7536
6977 3247
6802 6022
1849 1540
2808 1902
2249 7997
4975 7213
2760 1995
286 74
1606 6139
3117 7660
803 8860
6785 1528
5296 3372
1652 7404
4281 5355
7277 2803
4923 77
2267 5583
743 651
4497 7828
4293 1078
4231 3421
5 3736
5487 685
4675 1511
6398 8983
4451 7889
1507 6981
335 7870
6596 4582
1197 6694
6164 5279
1905 4614
8273 8872
3538 5777
4147 2667
1707 5923
4382 5428
5463 971
6637 3241
1682 3290
2667 4330
4365 5598
4536 4724
5814 1299
2822 3777
8279 7764
6080 8228
2381 3648
7503 4376
5799 4489
4465 415
3995 6279
4996 5640
4096 5350
6913 8787
827 1641
5326 8305
8195 1770
6399 8639
1629 3642
6683 3196
6356 5917
2572 2306
5647 7596
4481 7212
1392 5689
7193 483
1277 6646
5501 1361
8799 2684
729 5453
8132 1728
813 2928
3255 5232
1187 4258
4855 6161
8690 8329
888 1561
7114 1073
224 50
2720 815
5396 5958
3219 5380
7446 1556
3657 7612
2501 8279
4004 8361
1958 444
8202 2281
518 1891
4437 3841
2750 4062
7756 2474
5199 195
5784 4041
3257 5321
2839 4466
2213 8938
2772 2200
2703 8491
2468 4007
1597 3011
6154 1846
4189 8650
4256 7587
987 1381
1102 3684
432 2841
3585 3103
683 5307
3431 4244
3888 5052
3473 5248
2942 8130
8750 893
4021 5662
4076 3770
4901 7452
3058 2665
6207 7759
8242 2505
8260 2409
5029 8191
5456 855
8185 7492
1019 8843
7681 8656
3226 742
1318 4447
1995 8046
1488 5002
5938 4801
4934 6241
6055 2794
8468 8336
6765 4971
8775 1927
4496 6912
8179 8321
1959 3352
2123 7119
6529 6154
7578 5212
883 5998
1798 3029
5065 281
939 1099
8198 4517
3778 3216
3798 6143
7762 1029
193 1710
5061 3313
3596 4059
6121 179
2933 7327
7117 6516
913 8935
8419 4464
8372 7687
5216 2818
6760 8406
4836 2738
5264 8756
4581 948
682 178
3872 4139
6514 7479
7347 7120
7371 3619
7349 8473
7881 7601
5068 8879
7226 3804
3191 2130
8036 3454
2526 1515
8378 5223
5185 547
6217 1987
4933 4818
2238 2082
1164 8838
562 1406
6929 7694
5549 5764
7731 977
4695 4093
2478 1009
5357 8068
3796 2366
7903 592
5449 1989
4247 4798
8472 1488
3075 2923
2782 4741
6992 3878
6340 5063
154 840
4455 2590
1305 8011
2587 2946
5871 7355
8393 2398
3821 3906
2037 6969
8726 1833
8424 5168
1733 5726
6092 2421
5599 3991
6691 6223
5631 6372
5875 3550
797 8550
3773 3914
5928 8602
6898 4450
2611 7002
5190 8520
6968 1648
8291 694
7823 6821
4373 1410
3007 1645
6666 3856
215 2869
3349 280
5392 6971
2366 393
5550 4651
1075 3477
3623 3061
6485 5582
693 5491
3788 756
1545 7339
3386 989
1494 1204
6049 2175
8050 5873
5517 1805
5324 4552
4105 5519
2986 419
8557 6377
8446 6551
840 263
3095 3799
3102 6145
1466 3517
814 8516
5927 4508
7492 6479
3551 6222
5389 2700
3422 201
2983 7052
2873 5857
2202 6813
1596 2280
4139 7387
1810 3417
5973 3156
5069 7963
6641 1628
2578 2661
2656 7082
5410 8915
6069 630
4158 1686
8810 237
7763 8388
8224 7582
4583 1860
8140 2735
3132 4321
6774 5540
6664 1508
2351 1732
7026 2986
5685 8320
5136 6939
6278 4021
3204 4757
768 8973
5111 2800
7279 1175
3691 4710
7760 1186
8136 699
5879 7134
3540 5123
6319 8381
3006 1423
522 6183
6857 2344
4384 1795
2147 877
8142 5356
7214 7832
7794 3163
6998 8142
1565 3875
6467 4453
6658 1778
3130 5652
2100 7097
4144 5261
6839 2715
7157 8767
2307 3049
2876 476
6868 5365
6865 642
5725 2854
4025 883
241 8143
2569 7058
1340 1188
2945 8283
5913 2351
325 7306
5675 3864
3372 2592
2346 4895
2264 7476
641 860
1609 3277
7724 1626
2937 8351
7781 3088
439 7539
2240 8430
2284 4645
3916 275
8518 2174
1921 1252
2758 6337
2968 8742
1946 782
8418 2043
2854 1546
3176 7199
1499 4988
7951 4657
8109 8593
6343 3593
8263 6231
1211 6100
4555 4076
4720 475
7088 5963
8767 5959
7309 2702
4647 7234
3856 2623
4152 7150
1913 6384
8708 2947
2803 6512
5997 3070
7921 6686
4170 4074
1084 1147
6279 5151
8253 8532
6037 700
1854 3101
5514 4604
2872 2540
1435 4292
3875 6506
5568 5829
97 7013
4246 8018
7377 3787
1590 2435
2824 2621
5983 5776
8954 1440
7019 4475
8724 2416
8596 4678
5017 5737
5511 8723
6527 2309
8885 3063
6534 5245
5168 4929
3103 8024
8119 1644
8326 8451
899 7220
4374 2342
6436 8999
613 736
4551 7351
3722 2364
167 2861
67 3996
6081 3686
7069 1161
5345 4195
1773 6135
8602 8063
8915 758
3286 3542
1574 2516
4471 1120
8502 5447
8235 2837
3764 7089
3282 7318
7981 8500
2411 1297
264 7707
3300 6243
2219 868
1439 6666
4895 3818
3029 1536
1956 5088
4736 8635
4995 4782
4852 6794
4462 6786
3329 4687
8892 6484
6963 6334
260 537
6767 1756
5923 7849
2612 4936
6990 442
8617 4469
142 8615
8091 8627
8765 8379
5954 2350
1990 5578
6062 3954
6631 1554
2922 4917
5329 3662
401 2032
7180 3266
6021 4044
4448 6586
5050 2903
8730 980
1064 1431
1325 4233
7656 3584
3495 3187
3150 3952
3350 4849
7597 5111
6671 4408
8997 5975
4100 8899
5355 7648
4812 3779
5629 6530
1955 6611
3497 1382
1725 8875
5967 4598
6288 8273
8926 490
954 6799
419 3034
6628 757
5877 3704
4042 5228
3232 1998
4945 4133
2444 3702
5474 864
279 8560
8054 3133
7856 4677
7132 6874
2648 6442
664 4266
541 7588
4155 2671
5455 54
8585 773
6197 6485
8382 8075
1777 4065
6307 6086
4504 5865
4420 7226
6645 1301
2563 1424
5187 1586
1094 6703
281 8461
6949 2058
2469 7742
7312 7774
7359 6095
3599 5370
3945 3311
6786 1672
906 6771
2711 1813
2856 1849
6606 4172
7770 2905
6122 1332
832 5225
1423 95
3878 2920
2097 3025
4271 8435
5158 2834
3716 2485
6598 6451
2863 7141
1290 8826
8630 3292
4696 8127
5507 8824
7093 3405
1154 5723
7673 1993
973 1169
114 4693
7829 858
3149 1961
6017 8832
2456 1893
3613 486
7948 3602
8736 4506
5681 5265
6113 3154
7904 8008
5976 2811
788 3081
5227 2514
4535 1015
8038 4788
3213 4706
1160 8556
5584 2761
1835 168
508 4734
40 8345
100 8623
2851 5548
3700 4166
4327 4928
2329 2029
8782 1022
1409 509
51 4850
7986 3297
8476 2326
6242 3552
4989 3510
8474 3254
2662 8552
7779 6261
7719 1109
8778 6401
7241 6478
6179 1310
3758 376
209 2218
1289 457
2452 4047
4272 6861
1116 7502
3345 7726
983 5788
6864 4549
3106 8821
8098 3978
1813 4281
226 1550
4541 6649
8254 1695
7729 2186
5694 6555
5598 2545
1449 2480
7406 4795
8386 4605
2337 2951
8673 327
7893 5874
3862 7201
6432 7098
5460 5971
1736 316
7560 4903
3073 6951
7385 5363
2361 5742
4112 634
5341 3099
2643 3894
5403 4033
1470 3615
351 7683
3663 3572
8623 5904
8624 1624
1745 5149
331 2985
5723 8389
8295 6224
3292 1607
3861 2825
6444 6318
1628 255
5387 6629
4419 7084
2438 4402
210 56
3118 7319
7129 1781
835 6228
2889 7834
7203 1439
7838 284
2090 4831
7162 6497
2903 7672
4710 4958
7057 3754
3539 8390
5790 7301
3135 7374
6425 6853
2245 8484
7726 219
7014 768
3949 4235
4002 2888
8232 8234
4733 7069
1437 2190
5022 5124
6934 4478
2388 8324
7998 7946
2516 5348
8758 3222
691 8974
7766 6604
8487 8780
7911 6878
7507 1789
464 4905
3714 3522
435 2689
5500 8584
4711 543
3556 6054
5636 7500
3101 3825
2153 4416
2441 3707
1846 6432
5831 1691
4905 4635
790 2176
8918 3618
7044 7292
4517 274
3018 8829
898 4232
393 2842
7417 7690
81 6990
7579 8037
6550 3508
4970 7988
742 2690
855 3329
8010 6679
8751 1971
7676 843
1410 302
5263 3305
5907 5861
2272 6296
8339 3079
3112 5858
4890 7388
7896 6501
475 3383
6999 2259
1552 574
7420 4253
7797 8739
5702 3943
1929 4167
1785 4080
4193 8954
6315 1619
1779 7034
1184 7856
1543 1532
5683 139
3734 2694
4533 3746
2665 6230
6107 2085
3703 7630
4259 6642
4512 7951
6842 5832
3296 8253
812 5053
4269 1984
6410 6089
4346 4371
5783 2949
6910 6583
2324 1800
2373 5950
3157 3338
5290 8391
4594 4260
1650 5313
4808 1322
685 1759
5648 4694
7659 5114
7528 5535
8448 2388
6040 4213
5715 725
5270 8870
6077 6832
533 8193
8680 3420
571 7977
8817 8603
4547 1464
1502 2554
6617 4636
2080 7965
8481 7504
1747 781
7791 4345
4944 2600
8784 403
487 8179
4671 1896
8031 7895
7552 8028
5366 5306
1390 4764
1083 3848
2850 3193
4774 394
1242 7783
4461 7126
8981 1034
863 3203
3783 3152
3317 1063
7273 7396
7290 5425
229 8266
2270 5040
1649 5826
3833 5394
4110 4532
3655 1834
2593 1377
6985 5239
4565 6109
7318 1829
6821 4187
2865 6893
3384 203
4057 6068
3399 8667
8156 7794
540 7027
5882 212
584 5292
5107 3999
4782 2778
8037 602
7901 1303
3456 3020
7732 2157
478 7913
6575 91
5117 3721
5209 2168
6284 7171
8278 1196
3072 8665
724 2793
3489 1597
8872 8178
4328 6393
3370 1296
7947 748
738 2075
3036 6348
3278 1279
4150 3573
7646 2134
7181 4317
1139 909
3438 308
5741 5513
6339 7068
6249 6398
6004 5940
4604 3953
1198 4013
5761 7987
2816 7313
1378 8244
3534 4381
2832 4484
3885 8570
800 8686
6749 4671
6538 4005
5139 3822
8880 8806
3290 5610
8532 7958
972 2463
5101 3598
310 5478
6928 2402
1653 4343
817 4675
7134 3735
7328 1762
686 8100
1712 796
7135 2256
5110 8911
8183 7526
6283 6827
381 5311
8604 1587
7399 6446
5327 7670
6376 1999
4837 7701
7848 1229
3782 6831
2847 335
7801 8831
7610 5843
5333 7915
7381 3715
4632 4879
3816 6132
3822 663
4349 2128
752 1079
3165 8545
1812 6788
658 6076
8057 8222
2924 3722
1156 6688
2225 6844
6333 8597
7723 2188
3671 5036
4572 1429
3467 5853
1323 8953
2424 6480
1511 7943
7876 2728
73 6643
2558 4735
157 2683
6135 2962
8246 2619
5616 1291
61 8708
7863 3782
6792 2491
8524 2853
8014 1718
5691 5415
1321 2566
5796 3516
6468 1319
3433 25
5497 7028
99 3362
1681 4944
5502 2624
7215 1574
5904 6008
5764 2028
5645 4983
6295 3497
2947 3474
6187 4086
4131 3159
2574 1094
3086 5290
497 2805
173 2033
6709 8901
2969 5184
2128 8431
7177 1031
4658 3763
4556 5227
3265 1160
5439 6648
3085 3518
6043 3928
3183 3265
3803 183
8962 7909
7737 7279
2174 657
5374 4018
6518 8923
3044 5115
3260 8405
1910 3182
5486 7560
6322 8278
1989 6256
3880 2203
8563 4307
6513 1867
6305 6317
8111 8450
8321 157
4838 2424
748 8205
1069 1046
1923 2494
2984 570
8355 1430
3201 5693
5561 2673
998 8483
3420 126
3640 381
6387 1823
5031 8994
4338 5475
7285 360
7638 3680
383 6314
102 6181
4014 186
3689 2374
1430 2988
8123 6461
217 1578
2392 2987
4408 8360
3269 1256
5030 4654
2210 8975
1883 2112
6186 5446
4615 8940
4833 326
834 2777
5308 666
3295 8702
3781 854
8266 4320
3279 3636
7298 7211
6332 5144
8543 5524
4322 8290
5937 4784
838 2879
1191 3936
1181 7157
3929 6079
1789 1426
6986 1315
7000 7981
275 187
7126 5185
6096 5715
509 2999
8982 723
3077 181
2702 4162
8721 4490
3459 997
2364 65
3644 5709
399 5266
6585 1284
6232 1189
1894 5877
7858 953
8033 7547
8095 7971
2194 8968
1697 4252
2709 2184
3549 792
5806 1461
6499 540
8402 3138
3229 5883
7769 18
516 1158
1930 7424
550 8134
4577 1003
4886 8678
159 4140
3123 5368
6153 2393
1515 276
6715 8496
405 1909
8285 1981
879 2633
3721 2413
5739 4228
3713 2930
2684 8285
5653 4575
8184 3459
8612 8014
3665 402
2855 3274
4197 2167
7405 7325
8211 291
6268 5714
2420 2609
2281 2233
580 7154
1945 7497
1092 337
6035 8577
6602 8892
573 6041
198 7914
1041 961
1086 1821
1351 5974
6375 258
4208 7484
9 4595
4986 7061
7628 3716
2397 5521
2297 7453
4038 2021
6419 4699
4544 2125
915 4365
4689 652
7442 8315
2550 8748
7869 3095
256 4328
1076 110
7820 8342
908 8057
4363 6905
7453 1159
723 911
2511 5529
1690 6721
8282 604
7897 8446
826 5303
7508 3969
1931 4212
6832 4603
2230 2041
1980 7962
6548 1572
4617 5625
2689 2504
4623 2019
1774 7740
6417 8113
2561 4309
1751 7462
3267 2709
1455 6168
5839 5488
1021 3183
4725 5112
6875 2730
643 3136
7357 3198
3760 3640
1742 3339
8821 1243
4631 4459
2958 1751
8986 4348
8150 4106
8742 3147
1730 5733
4474 7735
1268 7030
1696 7067
4005 3696
8362 3562
6008 7275
8937 5896
1389 8914
8861 8758
2404 5986
6479 3854
8147 5269
2955 1724
2962 5542
1302 5574
7810 2863
2920 1599
8989 1432
1129 1168
2473 322
3720 8766
2706 3157
1706 1052
6622 1547
4752 8378
6578 1369
2995 2194
7372 813
5292 4821
1206 641
158 283
3052 704
4484 8522
6118 4881
1010 3211
5600 4374
8000 4471
5887 878
8933 6884
2144 3129
6713 6072
5078 525
2390 1492
5045 5912
3071 7032
8062 2681
8656 916
5759 584
4285 7337
1786 3319
7486 409
3499 6674
3618 7010
2059 3233
4359 1088
2022 7662
802 2242
6579 6046
8973 3
560 5300
8522 4316
2997 1765
4568 2235
7361 6968
3321 2909
4306 3114
1892 538
5241 5140
1337 5972
1264 1415
6700 3263
6809 3862
8343 5402
1787 6632
1253 5697
1979 6347
1771 3279
1262 6441
6165 1035
5658 3617
4227 4259
2608 5870
4321 6375
6830 1687
2568 8846
3962 7138
7431 6637
4672 3194
4430 2090
8928 8289
5346 6635
2024 8638
1934 819
744 2197
4234 4149
2503 7113
3465 3017
586 5160
8550 7821
7685 4288
5162 4775
3217 1653
8621 7947
8762 3071
5378 556
1087 107
7084 8408
8320 7688
3591 2932
2221 2531
397 7443
8537 346
492 2601
388 5445
1793 1398
8504 7896
1874 3303
6646 1761
7842 4965
2432 1929
1316 2635
207 1890
57 8012
6860 8652
4315 8763
4223 7045
1571 769
6721 603
5569 8834
6930 6579
5972 4136
4609 8441
1637 5844
3797 6528
1162 3806
677 4525
842 4483
1259 7267
6573 8422
6984 2050
4295 5576
3047 2964
4716 8716
5432 8282
821 2122
8729 4115
6942 6138
1218 4202
4046 4949
2990 4194
7115 7730
8056 6835
1691 8082
5228 3005
4885 8896
1713 5859
1877 8333
4563 8932
2379 3833
8930 1962
5027 8759
655 7530
8061 3013
6564 5997
7031 4658
7483 8883
7926 4243
8218 5027
7415 6112
3999 8331
6955 2462
2911 371
3619 6663
4185 5884
8428 3975
2107 8902
5140 7722
3898 3608
1016 2308
702 7681
3552 5309
7487 718
4727 5783
4868 7798
131 8252
631 8696
7908 2434
7465 5222
2318 3257
8916 3756
8649 6942
7206 1640
4443 8633
8842 7060
7671 171
4353 8499
2098 8231
4472 2676
1179 4040
4221 7718
7196 7918
6704 4969
3649 8705
4291 6278
297 8281
219 8427
3027 8655
705 2743
8823 2273
1560 2698
2921 4907
673 3711
6254 2171
5276 4601
480 8419
4686 3757
1052 8598
4754 1255
3209 555
7533 1244
4491 6266
5776 1754
5531 7235
411 766
4 6103
3327 6775
1523 3109
2187 4565
5637 238
2654 3270
1348 8308
7048 8376
1753 2241
5092 3432
4894 4388
3766 7215
2529 8420
2178 3117
115 3322
4668 629
4636 7182
3583 2091
45 5700
8499 6248
7050 6667
8783 3905
6397 3476
3501 7370
4298 731
2179 1677
2849 8754
4520 3536
2036 8272
6108 3866
706 2163
7438 3549
4019 1581
8919 2142
3079 4077
7546 3252
2789 6904
1654 4554
5400 2645
3757 5710
4804 5375
216 5558
2570 6197
8400 1140
4439 4753
3741 3069
856 1704
3156 6474
6979 6935
8133 2696
1823 3661
1904 6099
1382 4277
1025 1453
1816 2099
2618 5465
7125 609
601 1957
5032 5616
6123 8192
1564 3761
8180 4901
4369 7149
356 3016
2828 5537
4786 5722
6015 4627
5916 688
1452 5334
2989 6330
679 1665
8787 4698
75 418
6012 5750
6781 6999
4348 404
70 3452
3280 1708
7249 4479
3749 754
7225 7137
6619 4779
3402 3742
8870 8196
3199 6511
4588 1130
5982 4882
3866 6974
5592 6163
7201 6427
1864 5221
4009 7127
7885 5679
5935 6607
2406 358
7386 7509
1595 7425
3686 7556
76 7858
7378 5821
5953 8542
4138 3917
7334 1792
3017 6865
6100 5137
5687 1518
4070 3564
7830 8140
7020 5389
7532 3354
4196 127
1312 6244
7109 844
5756 445
2981 477
293 7168
4692 44
6678 7247
341 5464
1429 3827
5883 7294
6490 5182
726 7026
6352 5687
3667 8347
72 3699
6230 4499
213 5741
8705 1699
4605 613
7362 6475
1043 266
3035 8148
5247 2685
5457 8229
4528 6380
3891 7356
4618 5444
5787 8677
5684 8853
8009 5934
1677 2245
5183 7907
8338 1367
2626 8744
8945 2828
6456 8202
4356 719
8663 627
4069 7495
5688 7945
4978 1416
2043 3950
5823 2365
8768 4623
8141 4770
6894 6940
8016 3299
4863 1321
3639 3612
7018 5670
8839 1331
5223 4437
2352 8172
3917 1039
5818 3230
6771 1253
290 8301
6753 5474
2546 7554
7714 2585
2927 5908
2289 2890
918 2138
1178 5280
7065 8123
1432 325
8240 857
1885 2423
65 7357
109 5632
1376 473
2251 1206
5697 1916
5590 5296
7870 8065
6746 1557
4232 2025
1715 4669
7055 2408
7455 2023
3048 4178
8221 4493
3575 2958
2932 336
8017 1600
8853 4966
8411 1479
252 3401
8769 6386
2893 7622
1251 153
87 8841
3138 3118
3179 8873
6610 720
265 7931
43 2911
4707 1151
6635 1865
4670 846
2401 7878
3646 5163
8682 6994
4137 1793
7593 963
3681 3548
3464 3150
7042 7268
7462 5712
7089 6270
7379 5572
6951 8714
6078 2542
211 7284
5912 1936
1775 2410
5876 6553
4642 619
505 8683
1550 5824
2398 6816
1121 4761
2310 4768
4608 3137
3436 4110
421 2096
5721 812
979 417
7727 532
551 8931
2638 1698
8856 2065
2191 7861
7183 5499
7213 2137
3876 3400
5897 6486
7910 204
389 8161
5841 5593
8588 5449
1483 6195
3415 8303
1517 6185
2736 3225
3333 8317
6371 4980
3855 1928
7795 5880
5901 6723
5745 1906
1941 4564
6064 5233
3627 6540
6369 58
1248 2833
5758 923
4366 6820
7666 1527
1097 2104
2146 2446
1239 3886
8500 8310
7938 7262
1834 5716
6927 6752
6901 8102
8830 6193
8696 8768
5349 8489
1750 1455
2906 1172
8077 76
3736 5469
2433 3396
2710 8215
4806 6166
4755 5704
3485 5135
4772 2196
5402 4446
8920 7888
6940 2182
3767 5754
5652 5645
1600 5153
2358 2532
7567 2672
4318 2817
8723 7108
7301 3940
8556 8621
2301 6872
8771 4239
4969 8337
5690 6709
459 7024
4802 3128
1920 1329
5535 5211
4943 7590
5505 5098
4048 1096
609 703
515 6316
1190 4962
8214 8367
3270 8731
942 6901
6827 884
4713 3083
8638 6409
4319 3179
7123 2610
597 5680
8210 7147
3065 1655
5903 7803
7913 5041
8081 2438
6674 236
8592 4717
6243 7925
7268 5075
6128 7303
3777 5338
2734 7807
6507 733
6523 3386
5152 5393
929 1170
4638 6810
6495 4681
8903 7174
7197 944
6236 6569
3411 7961
2116 7047
772 1364
5765 1433
512 5751
5498 5887
3641 190
4663 1740
2926 5562
1780 8725
8145 7902
4495 7251
7594 1190
1209 5719
8688 2159
3854 5561
3687 3047
7390 2264
3896 5264
6275 4031
2446 6808
3516 1716
6350 6652
1020 4411
3039 6467
6530 2054
7140 3977
6423 426
5850 2079
5642 3391
482 7663
6496 4368
1428 4976
6170 4860
8272 2960
5640 5420
119 8199
231 3224
339 761
5836 5164
5968 1555
6634 5482
4781 8237
5274 3460
3742 7890
6477 8139
7342 2975
8795 7978
6904 3744
5583 2726
1708 4279
5421 3199
1645 7256
3340 2506
963 4725
3679 6263
3461 2429
79 7869
1301 6439
1288 300
6140 2759
4990 4816
6138 4200
1082 7967
3493 2707
1320 2417
3622 1889
1215 5128
4909 1390
4646 1843
408 5448
1433 5658
1120 4972
762 6459
4174 8861
2426 1236
1146 347
7208 1483
6502 231
94 4051
2623 7892
6152 7421
4068 8456
847 5101
596 7240
6565 4439
621 8397
6846 8204
4340 2318
6263 1334
1542 5418
1404 2166
3879 2120
8733 7930
7675 6024
2647 767
2152 5353
283 4250
4276 7167
8488 6549
8706 5620
2976 2578
8515 8072
2774 3422
945 1818
4175 3493
8685 3076
3547 3300
8101 1757
2252 3844
4698 1660
4787 6790
4017 8607
4830 7715
392 4752
8862 349
3997 174
8511 4594
1702 7186
2356 8074
6313 5920
2349 914
579 7940
1660 272
8907 6483
2190 45
5380 6039
7236 4009
2166 6535
3113 1285
775 568
148 8071
1446 3341
8227 799
2029 7071
8264 7480
5543 2771
3704 779
7112 1726
4178 5083
8873 2311
926 2543
8545 8366
3144 6854
3069 5310
7531 2521
2936 7427
7688 6741
1525 1089
8763 2965
8161 5399
6439 3149
8831 5243
6225 4597
4032 8151
4230 4016
1769 7269
3957 8267
6407 2389
3409 8069
5184 5202
6510 4451
8535 2865
8370 8906
3395 3465
6555 7205
1983 8276
8578 5203
1113 3155
2474 4198
1527 4830
3437 3451
652 6342
4436 6001
2319 6087
4557 388
7099 4587
1250 1766
7850 1225
5277 3251
5771 7827
7958 3447
5095 2492
7620 8797
336 5960
1655 164
3503 21
5812 7976
3617 5090
7 3204
8042 4254
6321 2443
361 1841
2653 6945
8090 8026
1911 552
7090 6568
4444 780
182 6460
2813 3360
5475 2627
5989 5057
6051 4382
7920 501
1054 3113
3800 7704
6676 8054
6911 6489
110 4628
1387 6684
3762 8475
5242 6944
218 1111
4156 2430
1509 6476
3922 803
1981 213
2913 2718
2841 6312
6391 406
2714 368
17 7412
4164 2823
6517 7568
1566 2437
5492 8498
6493 6563
4488 3125
2928 4505
660 353
4593 3336
2598 5897
2242 5060
1603 5641
887 3923
6795 2136
4591 1277
98 5451
5663 8169
4625 3205
7173 1949
8891 2255
2326 3269
4723 895
8167 8316
2592 531
7218 370
4753 2314
5707 3246
1656 7087
4084 8927
8672 2892
5070 1032
5023 8053
4418 6268
1746 5220
5627 2445
7752 6742
5992 925
5620 974
1111 4303
3882 4923
8941 4684
5755 7598
