9500 5500
4915 3181
9373 5605
9491 4499
3376 1893
7221 6095
8981 8136
181 2115
6462 3474
696 3186
3222 2404
4070 4885
1086 965
6546 4547
7864 3521
801 213
1934 605
1445 397
1162 8114
1900 4851
4053 7577
2091 4905
6416 2323
3027 5625
3777 7828
7475 29
9471 6752
2984 8969
8956 8787
2647 8932
3448 6549
6131 2285
998 4189
146 4559
7930 6854
4156 7191
3134 1824
4945 8827
4976 7869
8023 6537
7153 6361
7207 6132
8413 3163
7512 687
3970 2982
3145 7371
8649 4228
5564 656
4430 5774
9155 9216
2035 2999
8944 1407
5804 4106
8293 613
4747 6953
1350 7723
5316 6528
4368 6322
6986 6208
4379 2767
1700 1013
3843 13
1010 1677
6530 3681
3948 7678
3284 308
6407 5476
4681 5110
6383 6653
3000 9184
5001 1343
8671 8150
3684 4989
4761 5176
4019 1334
6095 4462
7675 4789
8522 7416
2943 2899
7048 2735
3504 2927
9178 2229
8880 2265
4015 5946
2700 181
2995 4476
9081 7059
928 3190
427 5763
6897 1993
5082 2391
4620 4914
7367 688
8086 9495
5845 246
8769 7947
7541 753
1048 7529
5290 9070
6330 985
6843 6948
4722 842
7074 1309
8310 2981
8861 4675
3056 4002
6773 1335
3410 6045
2012 4398
7594 2484
4530 4881
4911 3501
578 4941
159 5106
3832 8988
1629 1377
8223 4860
2750 5026
1754 658
9494 2482
2095 8714
8715 2335
8741 5360
6268 819
9165 1449
3863 1292
7904 4415
2256 4728
3881 5596
1002 5828
9300 1141
9416 6857
4637 7482
1932 5108
7180 3801
2298 4723
6163 6634
7452 8843
9490 5215
2939 4899
5229 7815
616 2174
4304 6933
7898 4138
6246 478
783 7692
3743 5972
8137 2834
3999 4368
4531 2773
7250 244
2391 4000
3573 2624
6454 5609
8478 4744
6393 7523
516 5121
4576 7969
3185 1964
2507 4659
5129 4752
5104 8446
6807 1241
8122 5848
6679 8747
2009 458
7249 4208
5288 125
6924 9455
8244 2671
6507 1949
2365 8486
4011 1376
4607 4073
3154 1584
7792 8792
8133 2081
4435 8956
4556 5807
4719 2585
2424 4814
4785 2468
6385 7323
5660 8940
1371 8475
7232 4837
1702 9014
551 1899
8887 5576
2058 1760
6306 3478
5384 1202
5819 2992
7485 476
6719 5529
6289 4811
7041 1100
1956 6419
5559 5471
4604 6508
7461 4455
3205 1598
6134 8123
8422 7528
6008 6717
2665 4282
6675 2381
3759 2311
8003 1960
4024 8590
6371 6782
2840 1776
9096 8112
5945 5698
885 6563
1027 3384
1134 6974
5472 1025
3991 7048
2618 7821
277 180
3647 6533
2972 4154
339 4069
1764 4444
3650 4448
6867 5385
5012 8568
8752 3734
3084 2553
1871 139
7597 7818
2081 7865
7822 4663
2788 8801
2433 8145
4706 5989
8217 6491
5779 6120
5890 1810
6053 5689
1229 6483
6939 3995
7705 7198
2553 8561
107 4437
7094 3117
619 5676
3211 6136
8084 7527
6423 3353
9438 2655
6411 6926
1311 1931
563 5830
6694 7142
2947 5309
7346 7647
1168 4482
931 4858
3757 9446
4320 177
8095 5556
6834 7635
330 5867
7089 1370
1065 7791
4335 4292
3662 1629
2197 6442
8407 1983
830 966
8744 5367
7596 7214
6176 6826
2572 210
808 121
7670 2149
6214 7916
7060 9384
2642 3867
1441 4375
2268 1650
3915 2534
6865 2437
1697 8637
4384 4635
4096 708
8785 8057
936 1902
8169 6748
3606 2448
7302 7764
62 7383
1237 5613
5572 8394
3129 9297
1337 5604
4560 5216
9486 306
3563 2739
2568 3317
3001 9086
6324 9232
1822 8281
2615 5874
6672 945
1414 4766
5208 8689
368 2889
4162 8733
1543 7265
3010 4221
4867 7687
9118 2201
4564 6470
8238 1550
7886 4589
7270 3606
7676 3409
2646 2392
8118 1879
2082 6296
8463 8431
4767 1536
7731 7632
3062 6770
7479 8868
1258 7060
6162 9065
3192 4533
7545 6800
5624 1296
4793 7662
8105 8099
4639 1431
4480 5644
2182 6289
46 6148
5235 4361
2179 2846
2738 6504
8588 541
913 8262
8508 7763
6349 5805
4456 2615
804 1880
3158 6642
1820 1682
4161 9467
1067 9361
4907 7329
4513 2799
6281 9469
8905 7353
216 2488
751 4907
3941 8372
8410 3559
5852 7556
8505 7123
1741 8319
7476 4813
4428 2295
9428 6645
6759 9374
3013 2794
9229 1852
9209 1058
4629 8876
1929 6151
2818 7455
5620 1761
221 9437
428 9092
8632 6124
8320 9188
538 5390
357 6050
4396 1938
8624 2785
2655 3026
7780 7064
706 9390
269 7083
1948 7206
7418 8339
3195 3667
5214 7091
9279 2685
8930 6217
3665 8011
9421 8560
9110 1508
502 7502
8523 5268
8635 2139
151 4509
5411 536
2785 8291
3728 7396
7997 8786
4214 7888
5561 6940
3450 2747
1935 8476
7120 1596
3526 7807
8965 4934
9399 3145
7845 1948
7654 1641
6487 8854
6619 2376
3674 4103
943 1055
9418 4638
3687 4007
8590 8053
6687 6017
8518 4393
3053 8176
6604 9362
5416 2009
3011 3472
6004 1257
8760 2026
5960 1973
6382 848
1608 7190
924 4037
3862 8922
6100 9040
5751 9247
5577 5882
7488 3031
3441 6929
985 3590
3846 7617
263 3704
32 7760
4729 6817
3502 8530
9263 5659
6692 9227
3588 5653
7170 4929
4812 2301
2110 6439
9241 7819
5840 1192
3760 1653
3742 4780
5650 1607
8111 2344
29 533
6974 1969
789 5185
2330 1191
8891 7795
8608 7752
1694 7810
7627 4481
5188 7979
1549 7643
8692 6126
657 2362
6502 2177
3399 5945
4844 8545
290 8834
7392 8527
3386 7724
7526 280
4499 1359
5099 8963
3373 3399
6790 1034
5926 6201
8537 8823
8345 7137
4312 1990
534 1570
4852 8445
7935 1356
1536 2421
886 5239
3696 8393
8772 3615
9134 4565
9067 487
4553 8006
1111 8077
6900 3919
8802 5250
5996 2870
9325 4081
1481 9253
3957 4134
4665 8656
6651 8638
5482 6174
5946 8174
4939 36
6370 6636
8740 8504
1351 3118
3583 7420
5555 2557
8804 277
6952 5588
6516 4018
6840 5098
2032 5182
3705 5934
4755 7146
5509 5878
3550 3677
1266 6273
1509 8201
7635 307
1955 5326
1862 2970
1519 1713
7299 3553
7574 1820
1654 2565
2971 4951
4315 6534
1762 4132
464 5858
5349 3257
7494 1069
7713 100
3156 3433
4854 1748
3377 4170
7031 9302
6152 1441
1210 3662
3096 6381
1251 3157
5457 3489
8058 3015
4356 4269
8018 6890
4944 5813
7162 859
4579 7579
1925 5937
1145 7989
2580 1461
2010 9296
1199 2377
9371 3670
4712 7711
4972 5344
6989 3366
6037 7785
4481 689
8854 151
7352 4924
6322 3149
4877 298
2119 8018
7402 8021
4352 650
5886 7348
5088 3
3721 6291
3338 7622
4021 6030
2480 6580
8833 4980
7101 7816
7332 5478
7228 5706
4687 7202
5985 7780
4028 8816
3216 1811
3725 564
3753 219
2309 187
1854 903
4465 2522
7741 8766
903 645
1501 5453
743 4105
8874 3095
6183 969
9039 963
7396 3419
5846 7570
3287 5797
8680 1064
2683 3285
7799 8806
7658 8295
2213 8820
3639 5550
5301 4238
5159 6360
8708 2533
2351 7669
4446 7005
642 7001
1280 9487
2040 2166
9189 826
2393 7127
4181 3900
3788 9102
1507 722
3537 1275
6707 1937
4037 7652
6373 3534
461 1939
8634 7254
6889 4729
4572 3796
5794 5300
4071 344
6575 8303
1339 636
4202 357
9370 8949
5634 3342
1557 4036
3648 7020
9476 4407
1261 1325
6185 4
9313 4788
8910 5504
3904 7872
202 798
2200 8068
1655 9215
995 718
238 942
2252 5495
1268 4650
2209 6679
1559 9210
8319 281
2828 5248
8208 1743
6994 3716
4255 1839
2099 8026
3090 8007
8755 749
8339 3550
7771 9276
3928 3029
6665 4493
2839 8732
4889 5985
8545 8276
734 6257
6877 6997
7611 135
5391 6656
8811 2716
268 3469
8672 7394
8055 7306
3150 1590
3464 8390
1051 9281
1338 55
2541 3246
4588 2766
5176 4697
284 5423
229 7560
679 1741
6928 3915
3208 2205
70 9016
6730 2466
3024 4284
7431 8380
617 816
944 1657
6479 1464
3626 7160
6792 4828
5372 8277
722 7775
9404 3912
6972 6566
3431 3989
3191 5543
3596 2673
120 7665
5786 6730
906 1528
2069 2186
1580 9090
960 4679
7323 1673
5900 4432
3688 4631
2877 2733
1377 7867
1321 952
2851 4603
6535 3807
5315 521
2734 5318
3679 7639
5425 4971
4655 8478
3924 7429
5451 1062
5148 7355
4868 8106
184 6078
1893 769
20 2198
9306 8406
1396 7069
6270 7583
7956 7929
9156 2456
3037 7767
7498 2012
1411 8172
367 4942
2578 436
5888 119
2640 7314
2625 8877
6916 2345
4741 3628
5274 6638
6586 8847
2751 2837
9213 2537
6041 1667
6981 6225
982 3568
193 6465
4020 9389
1999 484
7553 3213
4429 7883
1783 702
3451 236
2122 2856
975 4961
2242 32
6768 4596
3457 8759
7682 6091
545 2243
5771 1315
1555 379
4720 7159
2003 5222
9390 3944
201 711
5041 2
7010 8746
5089 1381
5232 2583
477 8583
1628 7474
4026 1066
4839 361
2723 1208
7534 2913
9282 6223
9201 8503
2272 6543
7358 1791
6044 3637
3929 8107
4909 8251
8513 3176
2131 1338
7827 2827
1868 6977
669 4510
6868 4379
5537 9356
1993 659
979 1003
2077 2672
6237 3155
684 884
5454 9466
4996 67
4734 6325
7325 3965
9381 6493
6174 8261
5780 4230
4209 8108
2196 5674
6320 1020
3188 461
2007 7587
6272 1586
2412 8926
3108 8493
2702 4491
2260 5645
5802 5753
85 5662
1450 6475
2699 7672
3724 698
2929 8936
4718 5547
2503 8322
6377 6842
3891 2546
8150 9490
9377 7227
7200 8691
1620 2060
7633 9160
4516 2020
8767 1764
6624 4425
5110 8270
7905 3816
1957 7290
3268 8620
254 5198
5560 5834
8858 47
295 7884
6465 443
8091 9005
307 395
559 5707
1488 2634
7934 4116
2181 7494
605 6578
485 3332
2630 8668
5592 7072
7395 556
5170 7058
3754 8412
4866 3644
9285 5916
2210 7693
3918 6886
6760 3907
9393 4861
3569 5901
2475 696
7380 7334
1812 9403
713 8885
7495 703
4266 2306
966 7326
3997 1029
430 7531
8907 6719
539 3200
7155 7423
7724 3492
556 6840
8724 4167
9317 8330
9338 3527
6397 7922
977 7751
8807 5163
2154 5790
8659 8074
9387 9324
2494 8273
5694 5860
7528 195
1660 6389
5280 917
8771 3038
8327 5819
3734 2715
8117 8279
1149 3693
240 3046
6243 295
2974 8884
9166 1151
6345 6685
3700 6427
4254 968
5105 4681
7646 5467
7264 4005
6418 5460
3913 5412
2832 4967
4595 5990
8270 2830
993 1458
4049 5149
2791 2805
8249 2550
3965 8352
18 1448
5038 5657
1648 5021
8899 4537
4772 5844
6155 6142
79 6786
2460 1321
4979 6911
1707 248
7110 2262
3586 8856
2220 6535
4083 3056
419 2721
4892 7844
5788 781
3592 3998
3510 4880
1059 8879
645 4158
7809 2743
4398 282
8412 8430
7595 9152
6153 3603
4842 4028
3659 4458
6713 292
4151 9159
3963 9097
6248 6454
3693 1595
6491 5133
3666 335
4575 9287
3213 796
8717 2894
8549 7937
3681 3565
4230 755
4263 3244
9321 516
7364 6093
3656 1251
5018 5600
8873 2515
3266 2991
5713 944
9129 5237
6561 7210
7891 4551
7186 4608
9383 2584
4048 326
7082 3158
4237 7896
7039 2998
7188 6452
6552 3787
6613 2469
5525 3616
7915 394
5025 9119
2977 1136
7439 982
4551 5142
2187 2048
3973 2372
7638 2759
1418 239
9303 7997
3793 8943
7351 2031
8846 3497
2885 5694
1852 8105
4372 2566
8993 5927
1971 4731
8581 1883
6193 5438
6936 7133
9194 1463
2966 5955
2819 601
7116 2604
1421 8618
4437 843
8832 1221
273 1801
1217 339
918 5335
6669 6661
5677 8800
398 2307
9198 3921
2054 4593
366 2684
3730 6199
7399 9322
270 7553
1257 6986
1483 1368
467 2226
9200 8158
4303 3174
88 1007
9408 3283
1391 7966
5533 579
3880 2082
4088 661
6157 7851
1315 8829
989 5253
1239 9241
3354 7308
2301 6330
4873 322
5149 9168
230 1477
3402 4423
8826 3621
8622 5492
2932 6505
156 1391
4565 8184
4289 4054
5404 3110
6392 6668
3811 6996
2106 8159
6705 6156
875 2576
6480 8398
6128 3525
3645 5115
6359 9393
3640 5768
3021 5719
4599 3079
846 1045
5721 9108
7557 1415
2809 7158
8844 3028
8682 1282
349 5690
5375 1457
3736 1284
4377 3954
1709 2717
8181 2072
8285 1611
2429 3755
3420 4693
7266 8070
5213 6240
978 846
674 2382
8088 1486
7012 8516
579 3161
3366 1090
7580 5938
1156 209
4696 8017
7963 4149
6269 3710
5017 7722
3964 6213
5987 7078
89 5514
3193 9402
2238 5910
7033 2447
7572 1402
4349 900
5759 4896
6432 8697
5655 5025
6831 8803
8165 8081
3751 6244
8914 8100
5132 1484
681 9321
3474 1287
5368 5102
8326 4153
1937 2388
4953 8386
5077 5114
1395 5359
9493 548
2707 8780
4886 3398
9125 6277
980 80
1401 2996
2814 6606
6299 1053
9446 390
3107 1779
7727 624
2275 7296
2705 7217
186 2806
1841 2597
7726 1648
4841 1048
1081 8462
4486 3925
3983 4378
3714 2118
4592 9430
5956 1878
2135 4376
2304 2813
1399 2610
8864 2656
3610 8455
8504 3112
997 3777
1011 6012
6389 7451
2226 9284
6718 5997
3094 4087
6548 8045
5279 4503
5394 1060
6937 3308
7030 4010
1873 7709
7195 6086
2711 6654
1650 6074
1710 1951
5239 2194
5874 2840
8605 7651
652 4187
3869 3098
3224 5330
3938 5040
4206 9337
8971 4127
297 6524
375 7278
2396 1226
5701 330
4614 6456
1766 3422
2193 5665
7117 97
9185 7690
5695 1327
1950 8869
9354 9282
7717 866
251 1597
8284 4474
4605 3185
5134 631
1169 6935
1130 4866
1732 3838
8472 6527
4973 286
5323 1030
1202 9103
704 2407
6781 829
4403 802
5903 8673
4025 6915
6313 5518
4910 8572
9361 6684
7329 1422
5573 8457
2654 5207
4317 4399
3769 6207
99 9470
8247 6756
1758 5395
2264 1995
6786 1965
4956 5394
5766 285
5379 4202
4694 5244
5568 5936
241 8870
5957 2989
211 7757
8776 1778
776 1624
7290 2563
3022 1766
4425 9015
7894 5904
1181 4239
2950 3760
1017 3135
3638 5907
693 5745
6796 6539
2392 7436
1711 5011
3893 2171
5878 8864
3367 7229
7189 1881
9398 1406
3396 4577
6683 1289
5008 980
6523 8471
5783 4193
3729 6490
9272 4614
4597 1111
2402 7864
2862 9491
8148 3170
6838 5626
4193 4341
2841 6319
6164 7912
8669 1118
482 427
2466 1509
9009 5490
4995 3739
9048 4232
2959 37
3868 2146
8604 2490
7793 4763
2896 6641
4084 7608
3416 9133
1454 4820
8066 1231
293 18
6308 8594
4069 5789
4044 6222
4851 7230
2337 5835
2753 1312
1592 3578
8120 5362
881 6586
7472 1851
6846 3572
8805 8664
2501 9365
2080 3877
4014 6433
1459 725
4217 6218
418 1469
8243 3030
6060 1976
2922 6588
8452 7183
694 2234
4544 4323
4879 3396
5 384
2002 2556
341 8092
6584 1403
850 5355
5902 6662
8481 3641
2403 8957
728 6102
6158 7457
3430 2843
5974 6474
4631 745
6444 9141
9278 5166
8613 7508
4123 1955
4763 7959
767 881
149 3122
8662 5328
8587 927
6242 8562
8515 1919
4023 7385
6941 8097
4952 8981
5428 9343
6293 6272
2254 7037
2319 2042
1075 7432
4252 1210
2372 301
2274 1246
5413 1516
4916 1450
1300 1179
1038 1954
6625 839
6910 3144
5386 920
7980 7163
8851 7766
8425 9067
8007 3039
1832 4754
3236 7919
1367 1238
575 2804
3927 2699
5641 975
4163 511
2623 6473
1791 3435
197 7032
3865 3749
4052 8048
8172 3251
6776 8168
343 6052
697 3447
6560 508
8689 7382
8469 7071
1813 6921
5107 5715
4815 7747
3961 5919
8934 894
6494 732
9149 4733
5124 3863
976 7696
6809 6249
7217 4294
8067 9363
106 8950
3362 1609
1767 827
2222 8935
4385 5920
6880 4209
8231 2055
1753 7993
2489 5439
4012 4531
725 7788
567 4120
8801 4646
3127 6287
2552 7179
8702 6375
5712 38
5720 7992
2165 9196
311 2284
9206 8010
3910 1204
1675 2090
170 7345
7933 7581
5546 6626
6161 4807
4898 8086
3015 1135
8457 3254
7080 4381
688 1632
1666 2326
6636 581
720 6885
5193 4879
2687 1530
602 9203
7532 5213
8043 7754
641 5545
6173 7184
874 8617
449 7211
6177 8207
2703 7050
5716 1774
8404 3194
7382 3202
3892 619
2070 8202
2044 997
6195 1822
6333 6270
4885 5522
4258 7409
2367 8646
1361 4104
4187 148
2311 2693
2676 5564
4205 912
1776 1187
7652 3264
4391 8395
5128 3043
5171 4163
2442 9167
2353 1654
3424 8452
7320 8259
8747 6824
8532 1823
2 6823
822 2866
6400 7739
8927 341
5075 5095
6476 4925
5217 4214
2046 8190
4917 8221
7887 3702
7365 2695
0 1749
4950 544
8005 1591
7665 5540
7141 8680
5223 188
8069 2718
8498 5765
3332 7675
1837 6479
1969 3081
6572 3523
6933 2013
3277 9310
2924 5442
2461 1562
3012 3061
3086 5342
7467 33
5055 633
1728 8212
3133 6855
5936 8162
4611 4545
6429 3684
8677 1222
7814 6821
5412 1483
8383 4090
4454 3700
6763 9237
390 5900
2025 5578
2688 9257
8947 8111
4386 4741
4248 911
5367 964
6350 2968
4122 7084
1968 1185
2113 3685
765 7761
2509 9129
56 470
4608 6729
1256 3904
4059 2670
1789 4255
5791 740
2008 2133
4102 4053
1752 3083
4418 2642
3226 932
1094 2964
6599 3936
5047 8247
5906 4637
8695 1348
7108 8779
3344 4655
6855 9029
739 7223
1982 5065
2449 5350
7493 7234
3473 3539
8507 5515
7445 7512
9171 3737
8571 5214
2989 157
6498 1828
9367 2035
5044 6071
1769 5218
600 9447
2643 5779
3503 4834
7393 6851
9210 3206
2074 7881
7328 7589
9136 7015
6908 6954
3060 7925
1869 7052
7471 7270
8115 5566
9070 6164
3321 7412
5145 1863
3343 2731
1682 5376
7869 3297
5640 7359
9307 8249
9423 2207
8385 747
9094 7642
5670 4061
9029 3159
196 8770
4107 6084
6147 9265
3299 6643
4940 5925
6171 1485
7156 1500
4463 2384
3320 2213
31 5290
6621 6592
7957 8117
7135 4275
7159 7414
3810 3604
4648 7641
2078 3310
3372 6735
9266 2594
3542 5587
5777 2005
2613 6666
1567 6163
7648 9413
1451 8076
1491 6541
9219 1619
7178 8701
8188 6584
929 173
2781 5275
4971 6047
7558 8093
8210 2008
2985 5951
1148 3658
4711 1692
5928 3938
3111 8080
7941 4639
1243 8289
3587 8230
9172 3742
9374 8748
4414 679
6436 5525
3951 1024
2601 7830
8260 5023
296 8404
8037 2859
2158 2902
9488 4868
7069 2444
2344 9117
7448 5883
4285 2363
9218 2823
3934 7533
6585 2979
494 3222
6506 2191
5164 8968
5556 5400
6055 7320
6201 7085
7651 5486
8406 8544
6820 5616
7416 4864
1473 8837
7224 1567
1973 1254
4131 2887
2875 2011
3091 5956
382 4784
380 3226
6449 9317
1634 3664
5848 2475
5096 6275
5837 3319
8572 2953
338 6783
6422 7462
4981 7898
7384 7445
1087 8258
6536 1160
4612 3415
8211 6774
2718 4328
8451 2233
3110 4097
4458 5112
5715 5
5050 1681
1195 1578
6815 3230
3557 9071
4268 1563
2059 9037
651 8523
5651 7135
7090 4410
5823 6284
5317 616
2290 7245
8614 465
2533 454
5273 8494
3384 6138
6978 152
2668 1492
7513 1730
6660 3119
7598 4414
1963 3289
1472 4903
348 7388
5402 8122
3835 1680
8866 5650
8233 4066
3055 818
659 2826
9369 8882
5240 159
4702 5392
4380 2778
1125 2765
7707 2451
8963 362
6946 7694
1006 3711
1382 1244
4796 513
5179 3404
8653 7584
6774 2108
1748 9474
9132 4390
2628 5560
6160 9417
4291 4327
7565 1080
2128 7706
7970 1188
1803 8203
4007 7044
5755 5849
9308 7990
5258 4236
5449 5477
6212 1057
2997 8556
1624 179
2776 8285
7984 4913
9434 4751
3290 5685
7950 10
7849 3373
6047 4816
9322 6594
3285 559
5065 5905
7157 2249
1939 6943
4762 1733
2975 8373
4283 1482
7602 6989
3128 3576
7847 6495
2759 5033
6112 205
1020 1265
8595 9383
8706 519
4272 6215
3995 7712
762 6605
1352 6113
1201 4461
661 4984
1613 2701
894 9093
1349 5632
8925 5161
4448 420
1344 5981
4820 7963
4367 4279
3655 1540
7454 9028
1331 196
9385 8636
5575 2463
8264 4674
2457 4600
3325 9142
1713 7962
7626 2920
3876 2113
2156 3556
2754 3833
9245 9069
4651 1076
5227 8253
8381 8602
3848 7467
5778 3564
49 3416
716 9404
4794 5832
2100 8119
1591 7269
9100 787
9078 2038
2166 7458
7833 9148
69 2918
7961 1890
7239 4562
2752 7461
8214 2147
171 5559
3044 8688
1119 8236
7881 8379
6168 6398
8046 4289
148 5408
2103 9050
8182 6073
3534 53
6286 4278
8344 1145
1363 3451
6341 7773
5061 5473
7623 4815
2175 2088
3500 1137
7261 6665
5272 6021
1151 1946
1177 938
2889 2159
837 7375
4524 3496
6471 8871
2577 1079
8314 6344
1573 8804
5256 6195
2369 1283
7538 1746
5681 5970
5453 5474
1004 6253
7310 2900
6115 8756
1571 7832
6826 9364
1981 314
8703 4418
2225 1182
5396 3992
6921 2729
3805 5231
5138 1209
1695 2278
4327 8798
155 885
2619 7022
5741 4316
5521 8477
9319 1510
1497 6569
3885 8520
1093 4296
1150 3987
1989 6238
8357 6795
5365 4026
7256 736
1097 124
3845 3913
8470 7205
2789 8083
7125 8283
9261 910
5169 5405
4756 3087
4933 3357
5029 6498
3654 6105
6048 551
8575 238
3162 4216
4441 3449
2307 1924
984 2004
5004 483
4514 654
9220 4403
9368 2789
3748 8923
7279 9295
8160 3375
1847 3538
9026 4553
5040 2723
5726 3607
9441 7853
7790 257
4775 6793
8798 6520
5769 933
9065 6577
2467 2122
6227 6766
8242 8895
1730 2777
4127 2433
9250 8948
1205 1041
1544 6394
7908 9339
5233 2780
7690 5356
8753 4557
8259 4473
8292 983
2724 6482
8797 3355
8961 6777
5383 5428
1208 4102
1610 7026
4470 3943
1872 4095
2232 5918
9344 2419
7481 6804
5995 5147
1005 5338
9417 8410
1686 5820
8414 2500
456 1311
8839 4362
1984 6900
5542 8953
2855 6742
6794 1674
1118 5454
7859 5431
2405 8434
1259 5519
8980 9330
4977 8928
570 2957
199 4218
675 9056
6113 5069
1470 4213
7321 5415
6016 5167
275 4618
9372 6676
1750 1014
5048 6949
2487 6901
8732 6412
9283 1247
9230 9083
203 6545
5818 1988
1875 5289
8064 3466
3228 6747
3854 6263
2582 1474
4086 6387
420 1522
6000 943
2951 6536
2892 2945
522 7390
5899 4795
3889 1967
5526 8324
8276 5235
3670 8535
709 8304
8491 8022
5854 6448
4393 9073
1978 8506
1405 807
6356 1846
483 1273
1278 2791
1585 3932
280 3351
3875 3479
2695 7782
1922 5057
8501 3600
4774 3881
3067 4130
1919 3259
1920 967
5984 3051
9258 421
1228 6521
285 8961
8815 5370
1340 9233
8255 7497
7674 6041
185 9121
6589 8670
6059 2103
3408 4203
4998 867
6200 1016
8332 6841
9190 4636
6884 1656
2854 7823
1992 7813
8806 3311
5940 6247
888 4206
800 7934
4695 8023
5962 9189
2029 4182
781 459
6458 6891
5770 2795
852 6014
2207 8459
7444 5260
3476 40
8258 9175
4550 1869
8376 1174
7295 582
8957 5053
7163 3003
5192 8411
1192 3232
305 4779
961 3793
2722 8500
5518 8298
1818 1886
2407 9484
9159 5619
8197 5833
7009 6568
2436 4243
8871 7543
2366 5826
6023 5824
3143 73
8429 7049
1288 2080
9484 8505
1189 7408
9485 3349
360 5007
5174 5127
7688 924
2060 4445
3733 6707
5698 5232
6805 5775
5889 3348
2116 4666
1180 6144
5156 4584
406 3228
7366 657
8418 7926
1466 5852
7587 3790
6806 766
4672 9169
7998 3446
6873 4049
9003 7221
4409 5966
6579 5926
650 6261
2374 7285
2291 5143
2036 2727
7698 8124
4624 240
334 7477
6235 4869
7805 8147
5803 3979
3326 8423
2332 479
403 1364
542 3102
4622 2188
6075 1183
7556 5224
3184 4096
3637 7453
4496 9225
1720 6380
2557 5175
791 5012
5364 8723
891 1936
4716 2173
2463 4805
5185 1958
7621 4307
8800 921
610 2595
4609 5678
3458 1229
1782 2882
9400 6883
4859 6514
784 2645
246 3265
5548 4492
2556 5388
7942 8333
463 5921
2852 3424
949 9027
820 5731
2360 5922
4459 1691
5220 254
4723 9314
8475 3335
6603 6724
2177 4435
4984 3439
6035 9298
3710 7131
4130 926
4568 7892
4766 3945
4581 2353
3466 603
2434 7983
8563 773
204 3322
2591 6713
1293 5973
2764 3444
5310 7555
9126 8091
1175 849
4017 1991
3494 5396
7093 8916
8699 4587
7121 2375
6254 4726
1647 2462
6085 1262
1416 8716
7463 7653
7318 3204
5297 2489
8924 3506
3194 5384
6568 8649
4431 8266
1231 9320
3161 9201
6103 6604
253 81
6637 5319
1786 4772
6767 8813
5831 6571
4997 8046
2473 8323
5073 599
2866 1054
379 3507
9082 7755
4593 2505
2979 5202
6842 7509
4957 2184
6754 5158
6726 4188
639 9166
1317 3224
432 1198
417 329
6742 836
5465 852
4235 7225
6761 8019
3257 6807
7752 2076
2612 3239
3426 108
9042 7212
4170 1471
6596 9440
2075 8612
323 5242
4871 2019
3866 2851
4570 1826
7277 5508
5302 1558
6980 5091
8487 2057
4519 5891
1008 439
7804 3413
8670 9123
7699 1909
1000 1412
927 7686
2827 617
7986 7716
7764 4347
1182 5347
5736 3487
3782 2984
5081 9492
8728 433
7900 7659
226 1049
7525 6188
2098 8008
4257 414
2446 8185
8042 2349
289 6944
2843 6601
9286 8808
6595 9445
962 6620
192 709
3365 4686
4251 418
8346 8892
8676 2636
5885 4489
1273 5041
5053 5960
5685 4592
4883 1001
946 5378
5917 8866
6129 9357
4632 7698
2259 3450
4080 5800
2428 7365
8511 1901
5268 6970
1784 3647
7291 3570
1136 2338
3106 3880
4951 5721
6249 28
4066 8029
5522 586
8519 6382
2992 7861
8205 7655
6493 7705
4613 5329
2379 2334
718 6515
2136 8601
3840 4253
5925 7590
7086 8173
7892 5377
1277 8894
5271 3511
5186 107
1881 114
4040 7473
473 4126
44 2429
9254 1634
3070 9355
6118 4139
205 5842
6017 5913
842 3508
5805 6487
492 909
3540 8229
351 2944
5151 1349
8862 9034
8660 5070
4219 4900
2811 2304
2055 4750
744 7213
3966 7882
2324 3964
8954 2772
6862 1696
3235 1735
1740 3978
4869 4466
4334 468
1360 8970
6482 2531
8745 9164
1385 9494
2523 1355
6945 6780
8845 6852
8161 7645
274 3940
3142 2678
6459 3949
51 1390
7182 445
2510 7468
2531 7600
9395 7829
6799 2158
9138 5959
5230 6768
917 2292
3898 5554
2547 6875
9055 6393
2499 5661
2037 3973
7695 1307
1408 1974
4249 8812
9169 783
7127 6904
3038 4093
901 4365
8173 1758
6007 7088
786 3950
1379 2754
3393 382
4602 1754
4903 305
4840 3923
5935 3001
3874 8630
5821 7165
3296 4274
2575 8755
2340 1372
2120 3387
2223 6871
2521 7128
7401 2280
4752 6663
3949 2342
2725 77
5198 5210
9474 4032
2658 9300
4365 7483
9461 1454
8189 8509
5656 1098
6386 234
8267 5030
9059 721
8847 3774
9034 4713
5035 4605
6982 4197
6879 2439
136 8113
434 2479
3264 9240
4737 1505
3487 7774
7609 8699
1493 1264
7317 632
4537 3962
813 5445
4710 345
2085 6055
6793 5738
6442 1162
3697 4715
1561 4011
2111 5551
5488 3237
4811 758
6738 1865
2336 4756
3350 3825
7606 555
5827 3785
2585 8669
3083 7843
6137 3082
9160 142
7338 730
2682 6773
9320 595
5337 3481
487 1577
3379 5047
8903 1686
2125 4688
4357 2403
3981 1439
9143 4588
5844 5964
7429 3613
4975 7361
6801 312
1777 6258
3071 5737
1578 8570
1079 6286
8142 1148
2381 4534
4799 6902
6958 664
2422 5836
5312 3729
5833 4024
9202 5457
7158 2990
3351 642
5353 6446
9346 5083
3355 9207
2890 2430
1541 8872
1046 8164
1107 1825
7390 7777
5485 6968
1078 2544
933 2483
3307 6794
8030 6274
760 7794
8828 6704
4311 9410
3599 5870
6028 342
1291 7956
2798 7175
8667 7546
3403 1720
6104 3432
8001 8200
4656 1290
9384 646
4225 1723
1597 334
4690 6648
3750 2527
1359 6969
2652 2963
9294 7168
6241 8407
2243 6869
9008 6677
825 4986
2955 3126
8921 186
4925 8790
5798 1929
4378 4360
1152 1379
3312 9126
5659 4336
2013 5425
8453 2016
2357 1755
1987 7814
8913 2140
4169 8090
8693 6227
3380 1389
5858 6042
2338 4320
2609 6245
5530 160
1196 6315
6438 2141
9433 3515
3634 6712
1552 1205
2769 3631
6138 7784
6727 493
910 4983
5355 1928
7684 5194
8781 2192
7522 3718
8529 3771
7778 9151
3925 1430
7424 6422
4645 652
7928 2136
782 8449
4397 9243
5447 6682
5177 2416
2920 7765
8789 4433
5842 3937
2452 6417
4155 8933
3701 8479
779 3770
4724 8907
8557 1581
1877 2176
3383 6388
3484 751
2927 1223
8126 1968
1023 2592
6110 1071
8269 3767
6833 2554
8886 6973
6895 1274
3114 1259
5792 3517
3894 3874
6652 9479
2559 7630
4487 1119
941 318
1727 4524
3469 5988
3033 4894
9144 5402
1510 8867
3641 4168
5022 7466
3946 2373
4063 3183
2639 4581
6435 9059
8158 8426
4296 4692
4978 8817
4133 4887
9445 7971
5495 8226
6472 2289
6005 2142
6716 1700
5734 3514
9495 2294
7489 5193
6139 5327
3657 7515
2561 8355
8898 206
3149 3762
6484 118
5097 1708
5266 8997
4618 1882
8628 4747
2535 8288
1354 4402
5508 317
7888 6599
3672 5363
1930 5483
3486 7526
6079 7638
3756 6369
3519 8166
6082 2692
4302 7596
7964 3303
9152 954
606 5705
400 1956
4835 5072
2524 5585
174 2221
7053 2327
5210 2017
6034 7089
7668 7679
4736 999
8434 4371
3879 3364
2465 364
1638 6889
2061 4809
541 2668
873 6118
3597 4122
6143 2120
7046 5039
6323 3471
9355 7277
2846 9274
7828 5139
9052 2938
1172 2050
4904 2619
6099 996
1297 1751
3172 4225
3337 2464
3954 8495
3627 3738
5007 2096
4406 2605
2361 76
437 2227
5691 5563
5161 472
6899 3509
4061 8225
5432 4387
4087 1697
2362 3211
6042 2874
1040 5322
5923 4136
4442 4505
7104 6858
5809 4787
9228 5321
7747 6320
1980 5728
1452 1218
5847 87
512 6002
4748 4801
6301 7683
5707 2458
7308 5243
5876 8208
527 9488
6756 1132
5826 7023
7255 1523
919 9273
6878 3899
2721 876
2115 9235
6351 4310
3095 6317
5046 731
304 3817
9186 2667
3275 4643
7533 407
859 5046
8970 2815
3849 7373
6204 6750
6116 6489
3692 1040
3135 5863
4804 8228
5475 5501
8274 4401
103 2745
147 6056
9109 5479
3544 2148
1198 388
5115 6939
2554 6585
8916 3253
5799 844
5897 1146
8092 2792
5611 5276
6661 2110
7013 2494
8139 9394
5184 8582
2388 1587
9357 7852
2386 1328
1640 5150
160 4070
9392 2319
6015 1006
3594 8012
7527 7286
5859 91
7578 2617
4627 8925
7071 7425
3394 6033
5296 3059
4616 5940
4212 9173
3794 4372
6627 1731
756 2369
4338 8435
4176 1088
8762 3127
6202 6413
3274 3362
7795 851
2517 527
7835 3113
4119 24
3200 1170
3298 5089
7907 8180
9422 432
8377 554
7427 6089
4739 8051
2404 4704
6298 4591
6428 4827
7313 3324
8279 6510
7746 6658
7843 4366
3778 8066
1057 3124
172 9158
2878 7667
3016 6397
6362 2786
4999 480
6412 779
5338 8387
8460 4571
413 825
9123 6003
6957 8402
1345 1971
654 552
5983 8232
2479 8513
2114 356
4521 3012
5789 8032
8192 8768
2691 7092
3686 6775
3901 3125
1085 655
753 3977
6949 8
8373 2852
6391 3933
3548 7920
5893 3560
3118 9379
4140 6721
4003 8741
6550 8978
4432 1092
1302 4568
4693 3441
8629 692
3567 6172
2313 5954
7855 3020
3819 7569
2088 1357
1736 7517
3763 8831
6231 2395
7751 4645
2771 992
3870 7404
637 7237
6626 3394
6733 4765
9427 3649
7233 8910
6495 4569
7073 2755
7193 3802
647 2218
3462 2045
7926 7053
237 4342
1021 1342
7335 717
8309 6153
3223 1874
438 1094
7808 8183
1853 667
7434 6540
166 370
3955 8614
3722 5238
7146 5611
6311 4812
6531 5577
7824 396
7783 8121
2511 9414
3302 792
3069 7603
1785 6385
7615 7218
3776 5942
3427 3756
7762 1411
5305 185
6562 2807
7716 1260
8374 5898
1227 5998
2476 3407
8129 4248
780 8467
7296 1373
2679 735
2228 2730
7634 5673
5824 7275
9038 1699
4498 1401
2694 5246
4808 4617
2917 855
210 9228
758 5081
663 3930
1600 8965
3175 7776
6073 7448
6338 2832
3270 377
8335 6990
2964 1239
4401 9306
7943 833
7604 130
9107 2663
8190 9081
6850 2299
4676 122
5793 6085
4563 2835
407 2238
80 823
1397 4833
6470 1799
6784 7593
5270 1698
4668 3872
8143 3757
8894 5188
8435 7040
8220 879
2327 9478
7353 3852
5395 3906
6985 1408
9135 7155
5857 2251
814 4446
4016 6678
8032 6043
983 6532
7866 3369
8857 1442
8627 9283
7551 6146
1772 1771
6266 7030
8241 538
6740 7591
4216 5055
1821 9450
3034 3510
2825 3629
9328 1361
5376 9472
319 5229
2495 5259
1007 7572
630 9033
1824 5032
9066 5419
4192 7109
1246 1139
3989 9261
8375 7152
6061 2928
7430 9249
9463 6214
8625 9244
2661 8042
37 8819
714 4304
1165 3518
7520 8777
5054 404
9302 1470
5879 2074
1662 6076
7649 4064
6076 2317
8428 1232
5063 3651
1878 6882
7575 5154
7687 9109
5787 1847
1590 7921
517 2802
6011 2169
57 1747
8226 637
6062 3887
4093 7273
8253 3713
6990 4100
934 6488
5841 2449
8799 6090
2716 8902
612 8013
4194 2980
2837 1732
882 627
8860 6182
9223 3480
6849 8727
7451 9085
2072 4762
4507 9280
3359 4295
1667 5612
6223 3243
6366 7874
9006 3002
4905 3786
4362 355
914 9312
1270 6368
1708 3271
7619 8058
4525 8911
1733 2598
896 1552
972 5511
4806 1519
1373 7564
4887 8384
6588 9099
8560 9195
4963 9347
6904 3792
4578 2396
5325 4285
1792 4260
1265 3268
1236 8496
2310 3218
2780 3363
7901 19
1994 437
613 1233
3621 4452
5958 3648
7091 4237
8073 3395
4483 4076
5714 4526
2605 2844
2813 7825
3646 6825
7176 685
9035 7607
5085 4734
7680 2230
6 3160
1225 1808
6146 4196
4707 2457
4658 6046
6288 1308
8416 7010
2246 6331
8207 514
5977 48
9291 4023
2522 8915
1460 4033
4606 7187
7508 1840
231 3341
2650 3100
6859 7981
6052 3494
2944 6546
7911 7504
2513 5572
5692 5671
4773 7377
448 7310
7613 7007
1143 7688
5421 501
267 681
1780 7379
6964 8490
9168 7933
8788 6579
8872 5894
278 4735
7502 6760
394 5340
4825 951
1636 3884
2191 9449
3969 6359
3932 4471
6528 7087
7212 3986
871 2099
7359 8734
2610 1891
4455 3379
1252 9408
2770 3598
6437 7750
2956 2940
8531 9154
9289 7968
6789 9191
475 4112
9420 1108
4750 8318
2859 4672
5335 2417
7057 3301
9063 5902
968 8363
8209 1688
3821 3354
8318 7298
644 3740
8958 2208
1643 8215
8321 7974
9360 8631
9115 8767
769 6057
6490 9315
6425 6561
4856 9087
1672 146
117 3105
3197 4271
1183 3715
1426 4817
7119 1220
5674 3134
1053 2976
1392 2690
8527 3569
141 8653
9340 66
9146 6531
7126 4960
7477 5786
8673 2134
971 2523
4829 3524
6872 786
393 198
1272 4997
250 8181
2147 3512
8688 4649
2803 6481
2512 8135
5339 6922
7703 3256
5137 486
1283 1513
7914 3528
5291 3234
763 1858
5511 3178
5668 8089
1404 572
8464 2247
2564 145
8277 8342
911 4895
7806 3460
3007 169
3773 9258
1374 6466
3452 2906
6574 3106
8124 8195
7647 8888
6787 58
3552 4709
7966 8547
6605 4699
5257 6013
5419 8453
7496 9307
6700 1052
8441 320
9191 7991
2867 915
2410 1736
9018 7573
7440 6908
2904 4484
6469 809
3571 5780
4085 724
8107 2365
1224 6625
2806 2573
3058 1465
3488 5642
9406 4549
8198 563
1605 6893
9033 6836
3976 3841
9262 2547
7330 8286
8141 3639
1423 7519
2017 7220
7287 1532
1566 4651
7282 3575
2614 3482
8992 644
7798 4974
9016 733
8467 5044
4477 727
9444 14
5746 7499
4055 720
60 5251
6704 6733
7903 759
7643 1258
108 2025
4858 5406
3960 6598
1933 5475
8322 6799
3703 4797
5060 3101
8704 1787
2741 2824
6602 7293
8340 1871
7738 7434
7873 127
7681 4224
5982 6732
3860 2219
7772 5615
4809 6523
239 647
6547 260
521 6496
749 5571
8684 3905
2907 3646
6101 16
5135 6797
8867 8977
6343 2058
4371 5696
6999 5366
9305 8761
1944 6701
1884 5929
4791 26
9483 2164
2891 8422
3237 8587
5175 6512
1857 9329
1714 5432
4200 9381
5118 8540
8444 2157
3463 2380
2565 7042
5322 6956
1320 3150
3157 9143
7897 8439
2519 5714
1187 8539
1135 1525
4443 4884
3088 23
7788 8175
7973 3091
7625 6180
5861 9326
4404 3212
1635 901
5484 5766
3252 7130
7879 6838
7470 2543
3218 3203
4635 6744
8268 3673
8514 1279
8718 3229
4351 2401
3392 8846
8786 5507
7426 7149
8245 247
3799 4035
4468 5664
8750 419
3585 5052
5473 5271
8960 6099
4634 9352
2440 9062
2005 4098
5817 850
4075 176
524 6337
9022 4306
8458 8337
737 5908
4771 2172
2356 5153
7478 6667
2853 7093
1372 8696
7537 4472
7016 5491
5648 9380
1366 4012
3719 990
9431 8082
7750 3888
495 5100
6818 8719
8720 3006
7061 2368
5532 9075
2584 6403
6336 8743
8823 3968
724 8745
3671 8437
2994 3025
1387 4736
7072 3605
9345 9229
7529 7744
8349 90
4827 6115
5369 6243
1164 6961
5916 3032
8600 2255
189 7811
4234 1392
2648 953
6984 1566
7179 5999
9364 6746
6172 2912
1214 1300
7862 6434
1026 5499
7631 6311
5614 1600
7931 2661
2903 30
591 6161
6486 4564
245 1341
4411 8299
8631 6106
8044 9429
5431 466
8641 8374
8808 9032
4269 7384
1928 1950
6524 2873
8630 7890
4046 3839
2448 8730
2767 6334
1671 3876
1876 25
3988 4001
6606 200
5607 5654
3045 6767
6526 6328
2456 4370
9247 2588
2664 7025
533 6250
4654 7181
8431 1671
5189 7806
1688 7918
677 6987
5813 7024
2067 2339
4819 8647
2219 782
7800 6660
4833 1659
6752 5649
3766 5429
3706 5310
7509 4180
2649 8913
7562 172
1443 592
1637 4680
8401 7495
1598 4935
1949 2751
3787 9111
3025 981
7344 3688
3568 7941
5580 2872
1806 5718
4642 2644
7265 2819
9496 2602
3559 4647
3643 5893
5092 166
8437 4514
7605 4619
6291 456
1490 1866
656 9068
4036 7249
2536 1885
8935 6895
6419 1023
5949 8781
7466 5369
8013 5334
5748 1911
4374 8622
9103 3019
3468 2215
5849 3258
7406 8179
4000 369
3937 8941
397 4291
3064 5582
7718 5240
1147 9078
3595 712
2341 5681
2211 8151
8536 2202
8681 4247
3385 6694
8582 7875
2308 7257
1807 8899
1076 5228
2342 8292
6551 5838
5531 1340
2300 6947
8426 208
8579 2259
7210 3975
2221 8132
5168 2607
1166 5265
2050 4034
405 5851
6189 4684
5814 3044
6858 3836
562 5723
6496 2618
8836 1551
2227 686
8570 3961
8417 2796
6057 1689
1632 1953
414 4055
244 434
4569 1021
1547 8533
9464 3179
7812 5725
5657 1984
8774 7243
2784 8219
3651 6517
1533 4604
87 5948
7630 5593
1334 4338
7819 9336
7518 8157
7584 403
7786 1490
6861 7447
8409 9411
8174 4009
9450 2390
7853 7833
4339 1913
7729 3783
5873 2491
3516 6035
6170 2568
5241 1930
9183 8809
6038 228
6565 3562
1108 6576
3419 7297
2590 5672
1221 7288
8081 784
4159 6981
547 3490
9407 2104
6553 2651
3926 8852
1747 7344
2431 8679
2537 2590
8525 1981
7742 3192
9481 6778
6698 3857
5405 9217
4305 6499
5354 293
3498 3470
9044 5018
6374 5168
7421 3483
1069 9426
6953 8919
4278 2052
1024 1305
8328 6279
2419 8461
7011 1121
1083 3626
1186 2750
5363 259
3442 1994
4628 6256
4603 7047
5385 6354
2560 9434
2097 6423
2317 4377
8353 5930
3374 8865
503 4739
2276 4606
3370 1860
4264 5704
4422 9051
8352 3894
1475 9096
8311 4113
4837 8238
581 6792
1179 2308
7208 8665
5497 2316
5326 5138
8911 6672
3125 1252
8490 6203
5829 8293
8341 6366
4363 5538
5704 3011
2255 4609
7878 853
2383 302
2815 2825
1863 7576
5357 8591
689 6616
812 7339
6869 8265
4601 5917
552 3344
9163 3832
4064 5520
7951 265
9049 3672
8848 4867
1036 2839
7422 5219
5309 4177
94 4683
715 6358
2991 3431
2053 1829
634 2352
8313 2348
5864 9475
8968 3086
1664 764
3387 203
9162 6776
1734 1036
6092 3609
9487 6860
1756 6639
5863 6564
6077 7850
2408 2260
5247 5579
5603 2559
6556 6157
5534 7442
359 7909
4295 65
3923 5184
8499 6079
9347 5810
6029 2068
2355 3892
7100 3537
3116 3077
6892 6492
1808 7745
2414 8531
3165 182
7946 5843
7813 2163
777 8346
1909 4870
4966 5523
1866 7718
6803 1798
4849 5279
5100 6343
3074 5974
247 71
3139 7098
7939 6224
122 7417
635 2010
5505 6435
455 7510
1298 3191
5329 863
5095 4125
8061 7456
2123 2888
6098 2077
315 21
327 4853
2486 8432
8083 311
439 7086
8897 2637
2363 8555
3940 7204
3132 8125
8153 5252
956 5308
9264 1646
3066 5109
8184 6809
7745 2508
2600 8067
628 3270
8229 5651
1542 9409
4058 8312
2171 6978
6457 5255
8280 4406
459 8987
200 609
999 3645
4970 8822
2838 9319
1001 4832
3817 3557
4301 6503
7065 2719
2677 6081
5948 7043
6948 386
1089 1103
8094 9264
8929 1662
1899 3947
3625 7392
7257 8170
7837 7783
6998 4144
2382 6197
8271 8428
9309 8773
6883 9354
9412 1548
4175 1714
1072 9177
105 6771
7130 9135
4725 1263
7794 5814
2942 5324
4541 4155
5581 1032
3602 9163
856 94
227 8371
7051 6705
5952 5278
2595 7835
5975 8937
6929 35
5399 977
509 3151
2684 1905
3082 7906
7480 3675
7885 1716
755 7157
9040 8552
520 6611
346 2101
9440 9127
695 7478
138 6202
1190 2116
4929 584
7003 1
6380 3661
4882 8771
7692 5530
2411 8964
54 75
4962 2125
8178 2379
8637 3133
9256 9239
316 935
6325 3448
5723 8510
5178 6697
3554 6316
5190 2196
8791 1418
700 331
6184 8878
4167 4623
342 7328
5882 2868
6764 6547
3019 313
3375 1553
7035 2878
1907 8063
8356 2898
2203 9023
3283 5314
7769 8690
1296 7031
474 8811
2965 4502
7437 2579
7563 7793
3971 7532
8438 3835
1398 5982
5424 4725
4423 7657
7996 8354
3607 7707
5643 3548
3582 2926
5757 9049
4299 8904
2016 8061
9199 6637
5165 1199
6920 529
9265 662
5087 7097
3233 7182
9167 5221
574 3378
180 2925
5669 7422
5474 9120
8650 5159
4451 4317
1743 618
373 7426
6527 5348
2477 6959
7143 7554
6001 6529
772 5450
5278 7946
5618 7079
5953 4667
2755 4818
3495 1626
2686 635
3100 2044
5194 7620
3061 6019
6211 1166
1739 5670
5275 6123
2371 8802
8130 5581
7616 5965
6233 2628
5733 9382
1941 7838
4974 9084
9318 9079
6045 3434
3461 9024
8697 543
9236 8538
1232 218
2089 875
1071 1643
5231 7592
6440 8797
248 5332
7743 1752
631 3982
2236 7673
22 5812
5583 6468
787 678
691 9496
592 4442
9114 6424
8593 1618
3065 3065
6091 625
8074 3692
6785 2788
2478 3136
1867 1440
3242 6964
8710 4043
3492 7621
2385 5345
1262 8775
5978 7680
2378 338
3652 808
8447 1460
5761 78
28 5691
6426 7927
4630 1547
6514 7894
7539 5424
154 8641
5157 2071
252 4211
1496 1728
1790 374
7102 8842
1285 294
6220 7046
3694 5126
5030 4677
3368 3689
5074 497
3230 8751
4717 7074
6297 957
3566 7964
8876 4405
640 7637
7412 8529
5036 6632
9054 2276
6304 1234
431 256
3622 2223
2359 9055
6870 6597
5058 405
7829 822
7719 4150
3453 5411
8408 7511
7995 8142
6845 1575
5406 5845
4111 4512
1924 3005
7432 3659
1988 7612
352 5422
164 3292
8674 2706
1895 5796
7097 6228
4068 5889
6191 4133
7450 2440
8038 1920
8939 300
7446 1529
2999 1834
8623 365
4452 4480
2783 7369
2865 8062
1508 2290
7708 1877
1819 5648
7811 3821
8810 6255
6175 7231
6682 3456
4074 4919
2112 7704
480 4350
6890 4848
3097 4412
3935 7016
5913 6930
1940 1330
5154 9115
2534 6991
6404 9018
4888 2065
3980 7561
4154 4438
1487 7758
2587 2847
2787 1795
6520 1534
6827 6267
3720 7741
6206 8144
7354 2001
217 4039
5500 5618
4136 3284
2879 761
8638 2212
4547 9435
9239 6101
1160 6583
4988 4836
6087 8245
7593 7799
9316 5994
5150 8836
3529 7000
5877 4897
4518 925
3028 8684
2468 4668
235 8382
569 5323
4529 2322
1848 1466
2231 3532
1061 9294
370 6898
7535 7719
2073 2506
3612 2160
2023 4389
1865 1345
1356 3476
7570 6864
2624 4963
2387 6813
4520 2189
161 1979
2459 3298
313 109
8062 1887
7276 1594
5064 7019
6321 4181
299 5105
5539 7287
4144 7402
1289 8104
7992 643
5456 9197
3746 4313
4001 3579
1436 3593
5440 2094
2121 7490
7374 614
9451 2609
6780 6449
7161 2975
4222 2287
1295 4774
2745 5526
6205 2570
7300 4044
5321 9309
4158 6053
8288 6134
6590 2441
6715 8682
3761 993
2607 2271
363 9082
6918 6613
9470 974
1687 2713
7768 9064
2282 4205
7650 976
8694 7536
5806 4776
5003 6914
5409 4710
3371 8248
8991 3586
7810 4965
2758 4687
3288 5293
922 6764
8121 1421
3339 6868
513 6437
7319 4981
5298 929
6287 291
5742 8654
3614 4841
1719 6686
5909 8451
3301 835
27 2397
8368 8945
4959 5561
259 2267
3341 290
5834 2069
4901 4326
1381 6110
9310 8683
1484 3016
3190 3452
8803 1934
8002 6916
4679 1638
1336 6181
6253 3948
9311 4769
4621 2921
4543 4124
4663 1894
4688 7472
3292 5267
5057 4695
4110 4280
1778 3928
8072 4918
6441 9155
4697 5451
897 5594
8041 8095
2401 2710
6970 3988
8945 79
3871 4319
1294 9106
6631 9030
5221 5203
3280 2197
5260 5829
1409 8979
1859 4244
3691 4808
6819 2007
3124 7240
214 1181
8606 4268
8524 6342
8784 8579
7076 2492
2597 216
970 3241
7297 3280
8831 4859
8012 1651
4894 5573
1589 8331
1424 6788
6344 5808
4897 482
4051 201
4242 6575
577 6205
6612 6336
6065 549
6778 99
7715 9161
8766 526
620 2414
5146 4656
4686 4783
8097 1767
3789 5015
2277 3686
8734 4926
6302 4421
5289 5410
3173 6066
45 5776
1413 906
504 5896
1095 9098
2140 6436
1523 5822
8116 7161
3293 6209
5158 7994
5216 241
9244 4165
6120 9107
7922 268
6488 5873
1802 5171
3465 7370
526 5643
5924 5480
6111 4607
2742 1726
8468 6010
6711 7399
8054 2501
7858 2300
2763 3724
1394 3889
4057 1189
4390 7233
6108 9221
6439 128
4875 2067
5324 3805
3259 8508
6847 2180
4281 1012
9352 4930
1575 5684
1114 7132
6221 4108
1692 6820
2160 7787
3887 512
6741 9236
594 4431
5460 7540
7867 7247
7965 3294
8164 3535
9150 4426
308 7192
3545 9442
622 8581
1879 6234
5388 5656
3711 675
7802 1039
6570 3828
1043 890
2267 2880
9336 5750
6863 8621
7112 2127
3279 7985
5627 7650
5605 1134
6332 8497
8125 3543
6197 7367
1301 4706
7958 267
3470 400
615 1128
8036 6899
7959 5179
5236 2024
6450 9255
2127 9211
6638 7415
4682 1498
1665 4467
9045 8301
110 6619
3238 1358
5690 797
5461 1797
6358 6407
9333 6301
4139 7885
7579 3153
6394 4305
7510 7826
5094 3426
1779 8650
2670 8037
761 4117
9413 3830
1223 4955
8727 8214
1247 922
3239 50
9085 7700
1216 5059
4415 9424
5966 8052
6503 1351
2397 7073
3619 8685
766 1644
876 4970
4731 3574
3331 3914
5042 5771
2756 7077
9363 5637
8256 2969
3931 6356
3217 2066
7085 950
8140 4802
1358 4624
8580 4716
4826 6178
5513 3388
9435 4115
7640 5798
2934 5602
4184 4470
8569 7017
1996 5038
5068 9275
6533 1011
4421 2509
3807 4912
3201 4022
1894 9416
5027 5933
5439 4183
1723 447
1715 8149
4089 3530
7260 3347
6084 2525
9205 9344
8751 8840
3381 3860
6250 4267
8731 6538
6906 4578
4527 4299
1029 3931
5422 9238
3517 9002
2812 7948
4923 1237
7337 9061
5912 2325
4626 5489
2726 3712
5205 2828
8931 7902
3841 12
3324 6743
9472 746
6199 8624
4598 4916
3023 352
4185 9368
8027 8886
5676 4145
858 3377
1599 8729
2515 7954
550 7697
1517 7330
7678 3123
1690 6058
7214 2412
2239 948
3872 4261
1281 3382
4677 4101
6310 1404
6500 9346
4685 2422
4347 3459
4469 5093
2199 2175
557 4004
5471 864
6932 3141
2902 2612
4539 2018
2596 1794
1514 8589
9133 7634
130 5311
8390 6664
2638 8416
3014 1496
3996 3336
7025 6725
9424 6951
7781 5629
8546 4950
2502 4771
8966 8760
7305 6872
2283 4640
7516 1501
7955 2526
7464 2779
7460 8308
2842 1859
2778 8317
5835 6530
1362 7446
2583 5880
5006 4318
4512 2620
8584 450
4350 3879
8995 4793
5883 734
6923 9035
7154 1123
490 3209
5790 363
6857 4068
6515 2858
2184 6633
9312 2258
7893 7116
810 1999
6630 4615
8564 6160
2680 1622
4173 8338
4501 3261
5019 6612
5346 3592
7371 3064
2729 3886
4862 5029
2773 8263
9260 4791
1307 8211
7419 3585
1539 4219
6670 2688
260 4099
5593 3035
2302 6590
8201 1898
3936 2700
6188 3580
6033 8060
6580 430
3717 8016
4471 3023
5219 2871
2736 3156
3539 1896
4333 489
662 1472
4647 7144
1115 8566
4434 4386
1461 5116
1763 8903
7636 3195
9092 3504
872 9372
6844 5010
8812 8004
4884 3210
6067 4634
8749 3891
6943 9047
8816 7770
1170 3400
568 2677
6635 8634
7671 3736
1722 5037
2779 3577
6991 2252
3364 5743
5662 155
2021 204
179 1753
7298 754
8640 3427
433 2952
7657 3279
6413 8889
3395 1647
4031 3663
1368 6415
1173 5465
3962 3544
7689 7186
4253 61
4902 158
1109 5087
3229 7450
8479 7733
102 693
8646 7525
1028 7018
2376 7842
9019 9397
8742 1658
7133 5668
8559 2586
3824 4082
5209 575
746 5897
2180 6304
3040 4838
3523 4778
2894 278
1120 8860
7760 7931
9000 7691
6887 9369
1365 8835
8078 8396
5828 7837
5950 5054
6043 3741
3591 3196
168 5258
6467 452
5910 7951
5724 5197
8656 8492
3319 6128
3699 4487
2592 52
2540 3519
8338 7980
1284 1717
5708 431
7571 8986
435 6843
1233 7521
5591 9332
8583 3903
7459 2203
7022 7284
4652 8678
7144 8632
1131 6401
2594 9194
3611 7910
6328 6772
5503 5016
8176 5256
162 7995
5121 4040
4172 1371
2033 5697
2286 6338
5141 4857
5470 4159
7361 2200
8162 4067
3243 7808
566 2520
731 7351
9099 585
665 6060
3115 620
3593 6271
43 8752
4983 9256
992 249
4065 8233
9012 694
5680 9291
3745 9288
8540 110
2269 4148
854 343
1260 1026
6871 9451
325 2152
6832 7252
7106 905
9251 2512
7883 5734
3057 2803
8315 5603
7761 5071
9142 6349
5997 7619
1952 136
9329 6975
2757 1215
7372 7443
292 4143
2911 6432
5737 5847
5204 4755
4416 2800
9447 5440
3421 332
3075 8519
8281 8754
5765 2589
7666 1129
4186 5088
8399 716
5578 6992
9151 1072
7573 3223
6463 7259
8433 3291
6628 3068
8566 7261
7921 4308
1299 1125
7293 6819
8666 7598
5160 8036
9411 1982
604 6876
2237 371
8239 3488
5585 5266
71 477
7952 8874
8528 3717
3079 7674
9259 9146
6006 6994
1022 7266
7974 6269
5390 8853
4039 9391
90 3654
7755 6548
1478 34
5111 8534
2064 4469
8658 7614
7773 3499
11 7534
7830 757
1154 8726
549 7542
5366 2812
3146 5957
1506 1416
5062 596
9235 6409
6960 3873
2506 425
1679 2973
7846 7276
9326 6691
3305 3412
9164 7162
8011 7940
8009 7636
7895 2781
9415 7459
7960 3386
6186 2861
2848 4220
8021 3657
9335 4031
378 7893
5638 8883
4985 8501
8303 5365
1582 5357
2278 8250
8782 2465
2258 930
9005 9461
8363 1836
7577 1493
2041 8472
152 8397
7220 1082
3433 243
3555 1190
4921 9022
6009 770
6597 576
125 1446
8331 1615
1447 5472
4388 5726
9116 6749
7303 2593
7465 3942
5147 1385
213 488
2490 2503
6430 4038
8998 8960
6689 9476
1446 1845
4196 4610
7201 3421
5843 6191
687 1367
4495 7368
4577 2062
3605 429
6475 1884
1888 8512
5667 6242
3358 4450
9425 5336
1898 2424
1669 1873
4828 1793
840 6268
5943 6194
4641 3089
7624 9009
7590 4898
78 523
1113 39
1626 7171
1917 778
8224 8628
2066 3325
303 2220
195 2753
2321 2305
3834 6486
5415 7281
6399 4998
8380 3147
2993 504
7774 7421
1712 4014
3289 9285
7531 2632
5294 8272
1540 6364
3031 2106
2042 6670
5665 4552
6284 230
7737 3869
588 7547
1153 3062
6798 2630
7842 2478
6107 7219
6690 325
4567 622
4683 1038
2805 6048
9378 7953
8711 5885
7644 2697
5565 3420
5652 221
6725 8989
4913 7407
4938 7972
8562 9316
907 1694
9270 5199
719 3996
4355 4703
6688 2337
7546 1010
2644 7681
4738 6332
4591 5092
1458 1554
8473 144
7348 5005
5776 9091
1918 6919
5566 1521
5693 4819
7435 6408
5418 7779
6353 6511
3911 7465
726 4468
8440 5693
1064 3990
460 8550
5254 1142
9443 4056
4491 7272
4846 6011
3174 6075
1383 1780
5933 535
9439 3581
1309 8334
5423 8799
6329 251
6398 726
3796 5313
8236 6133
3282 8383
300 7805
2627 2297
981 518
6198 9418
2620 986
7340 3008
7953 5941
8090 8651
7226 3859
3767 9250
8820 60
7919 2904
3130 2030
2279 3813
8394 89
5187 4920
5361 2291
1440 9110
4969 5177
4478 1413
2898 8873
2998 4356
8698 6998
3269 7262
6331 2385
6478 6292
6816 1004
8294 7530
6944 6241
7230 9181
8202 3861
8719 7068
990 5546
1531 5744
1976 4114
9074 4601
7168 7470
3445 5772
811 515
5595 6988
8100 813
4394 105
9111 3221
2159 2034
4177 1476
9095 4871
4670 4722
7916 9252
4319 5598
5808 6029
8541 1133
828 4642
8114 8444
92 1150
5455 6100
6614 5817
3689 4119
6648 1212
7136 3050
8474 4329
8516 597
4461 3437
847 9353
314 8897
2453 715
2765 1424
5005 3385
3797 324
584 8454
7880 5782
8488 409
8849 8087
1788 3587
4164 8237
4453 1095
3294 2978
208 743
9176 7095
969 5505
6903 3766
7856 4303
6907 2054
5915 9003
904 1701
9001 5839
5420 5700
6309 8421
1553 6674
4474 4952
8533 5506
4121 3703
2173 5868
95 7207
5731 1425
7568 191
6236 1777
8920 7350
8020 4223
7145 5784
2551 4527
5887 6193
829 2190
3917 4652
5327 337
133 1156
5436 6522
1630 9234
3603 1491
1526 6169
8351 5049
5524 1737
7254 1414
3306 528
721 6310
6854 8465
6424 440
2901 2281
4870 366
183 8739
525 9149
5510 202
2555 4629
742 4273
2508 7984
8443 2535
2215 2246
8633 5686
4782 7248
8601 5448
4138 5794
7785 9054
4436 3779
47 9172
2413 2548
3231 6909
81 6365
8302 7364
4134 2783
8739 3130
7686 2955
7229 2564
2675 1324
1850 6600
3900 1109
5853 6162
1583 2236
1140 1800
7991 6859
6824 1250
4298 7559
8901 763
1468 6309
3137 2222
8882 4664
6739 4160
3398 4030
3423 5767
6031 4394
6701 6608
4994 1705
7679 5804
2794 891
7902 6828
1066 6293
8922 6210
9187 8188
8822 8930
6408 1631
7994 8693
97 9348
9233 8858
4860 4272
2034 9259
7034 1722
5269 3829
2153 8194
5206 5151
7642 2296
5730 9489
5684 2423
3677 6373
7735 893
2162 737
6151 6741
2188 8420
3316 4873
6069 473
7196 2521
4450 8419
741 3392
4030 6140
3050 1804
1469 7568
4726 6378
1161 6565
2685 4690
7721 3428
2574 571
6993 994
5352 8763
9242 7602
6347 6211
805 1601
7245 6184
4400 1436
4473 5622
8746 5713
8626 7471
6483 1065
3847 5580
1560 9220
111 8154
5086 5389
7492 7041
8420 7789
2545 4215
7861 8098
224 8341
1915 970
8022 4233
7174 5196
7259 4460
7014 9305
2212 7013
8123 5647
5448 3958
7789 562
7610 8795
2678 5346
7148 9458
3499 7726
1726 6628
7506 2774
5642 3266
1435 8120
6720 1533
1442 4345
6650 1346
1833 9206
3851 2095
5998 6463
7803 9482
6405 2722
8446 8588
2667 2742
2030 2119
6772 7012
4863 3242
4097 3199
1511 1830
6913 4773
5429 6219
4076 3847
6576 1499
6019 2518
6995 6689
5553 8470
8942 1106
1856 9036
5382 3653
9027 5711
8712 5008
529 6297
3286 4850
8200 5586
532 8567
1830 7802
6071 3599
3739 7848
2926 959
8136 3318
6633 3709
5516 1393
7940 9101
6917 6480
815 8351
5988 156
2474 3612
2990 1821
6639 4628
2206 3811
5774 3640
4183 3687
7603 7613
8948 8983
8134 3751
4341 2364
6976 5056
3026 9122
9069 7516
8979 5795
7122 6485
2441 6557
8448 2358
2697 4339
4382 5288
8039 6560
329 5160
1230 7197
778 2950
5127 7299
5303 3457
4104 6154
6492 5803
7826 9269
7758 971
1333 558
6445 1678
8077 3142
7536 9198
987 7616
5167 3368
7336 6165
5795 6031
8145 1864
3615 5461
7312 2332
8113 7668
2980 4045
8156 8724
9140 4490
8765 264
7913 5485
2921 7548
9298 3315
3861 8783
1126 832
4589 9415
2949 4982
2876 5825
8093 3819
8024 7124
3267 8605
8263 3391
4992 4084
8763 1070
3784 2569
8008 4555
7042 704
3698 949
3708 2841
82 7325
8978 6170
7079 9308
9301 6917
6988 7903
402 7194
870 1867
1912 3733
2928 6353
4848 5414
4942 7317
1467 3180
1456 7200
6525 5119
6466 1517
5242 7051
5750 2892
1434 4654
4366 7586
6352 587
5576 2954
6893 940
9137 2100
7142 1762
3986 4222
4090 6913
7978 6295
4640 676
4753 3464
3140 7232
2777 847
2539 68
1953 310
2287 5230
2281 1636
2020 8084
824 6198
1905 3442
3388 6082
1923 5646
1742 5283
4727 566
7243 2006
732 8000
9089 4507
5855 350
6886 3870
5894 3827
6216 3090
399 3231
8000 1487
1286 4235
6182 6141
7483 2387
3826 3789
8915 4453
8462 5152
3030 6139
262 2875
6898 6264
3713 220
6027 4727
5442 4520
3429 2485
2712 7413
6251 6299
1594 5987
5211 5778
5255 2167
5249 5372
6317 4164
8543 7503
9031 474
3215 2665
6975 3708
3340 6467
5989 2328
3636 2497
5252 7689
3804 7873
7559 4874
7357 5225
362 5063
4680 3865
3183 2616
6342 6785
127 6972
3570 9192
5307 3436
8648 4720
8246 6669
4533 8264
3273 8469
5051 4411
2599 183
9358 3277
2774 8671
950 2728
8289 5200
3254 6867
8104 3340
6410 5303
1091 7847
84 2471
5250 1765
7586 3069
2641 8728
1621 4992
8449 9433
5898 2959
4814 5136
5536 3868
5358 5013
839 3458
6559 2960
9145 1711
9084 426
792 8855
2935 8025
5277 3146
8885 2744
5433 8473
6135 1269
1347 3138
4226 4937
8365 9174
7734 7268
1092 9208
2049 6894
7078 2657
8442 6652
4967 1783
2145 4519
7342 451
2417 2956
3077 3985
4965 2652
1197 6158
6274 2820
7447 4622
264 1807
4764 3109
7241 2603
6369 3383
6290 719
6303 640
9014 4265
1787 5496
833 6278
9391 7120
3726 7151
2437 7008
1716 1253
4545 1306
7663 897
225 4094
7442 492
391 3121
1685 56
8818 1122
8283 1331
7653 701
4277 5381
6609 6196
8016 7322
1132 4513
775 6693
2631 1504
5830 6112
9025 6062
5602 7671
2550 3656
7820 1332
9232 7228
9341 190
7006 6302
8336 8468
1757 7156
9253 5939
2598 5759
4523 315
6056 6844
5768 464
1535 6734
4991 3171
1645 1576
863 8137
853 1113
354 3172
6693 2354
7032 5583
2249 672
5480 8348
7589 5558
7362 3529
4562 1383
3352 8370
7420 4297
996 6477
1082 2666
3221 8085
2797 327
3624 3273
7543 4322
1462 5548
4410 2528
7389 6501
291 8115
7917 1214
256 5241
2139 6414
6611 5391
68 8065
3823 4185
703 2183
5764 8350
3858 5935
2208 6849
261 8782
3506 6173
1335 2161
7058 8487
8881 2124
1056 7411
4872 9125
1106 8818
5340 3423
2567 5947
6427 6635
4557 3583
3572 2329
7909 2725
2027 7575
7505 3417
5401 6801
4669 1515
7068 6137
5371 3393
6620 3321
4732 1201
7884 8005
8946 1161
142 6831
1794 3208
2306 9423
7443 5978
6070 8458
587 2043
3265 2769
1755 2849
163 1603
4503 1337
4013 5463
6024 9371
8974 6950
3262 6108
389 7518
3984 1932
4413 4369
7288 5295
1889 6235
3551 4367
548 6865
4890 3286
7777 3624
3092 8502
6114 5484
2280 2977
7047 2206
7766 2514
470 7824
2068 4384
1042 6109
6396 7036
6632 3764
1795 8793
2400 6816
540 6879
2963 2028
7840 3623
7027 8982
6721 6260
8888 3698
729 184
1520 2965
1908 904
445 3902
8830 2051
4344 2411
5980 5655
4273 1286
7185 660
1122 5971
7008 1910
5199 5872
1858 5130
1966 2698
8031 8403
6779 5628
4359 7820
4528 7654
8049 2078
938 2932
7274 6421
4125 3782
63 3723
116 9270
9047 5387
5630 7003
6955 6640
173 255
629 1068
597 1734
5921 7067
157 1434
5810 2831
6132 3358
5483 2683
5702 5101
4954 6384
132 3864
1836 7437
5571 3323
1325 6555
410 8381
4171 5413
1431 8315
8664 5195
8591 2530
609 3248
8076 1140
2713 979
3483 5401
595 7406
4056 641
6064 2155
1537 6152
5647 372
4644 354
4041 8623
5541 3084
5646 7307
5598 607
699 8711
7206 2555
3853 7489
6549 668
9226 3187
1474 2232
8780 7004
8778 1683
8878 5075
3281 6740
1534 1975
9153 6127
6406 4644
6828 9412
9375 4940
2681 6692
7860 9080
2749 1740
1593 1043
3616 3326
1465 4496
1513 3753
9037 5277
3101 812
849 1203
2715 1339
3348 6070
4657 4430
5930 8958
3072 1489
5905 5815
3322 2250
5710 2993
8155 1363
5688 6177
4699 2225
7823 5859
8230 5145
3446 7729
9051 6335
1602 3139
3895 2356
3059 2611
4132 9341
4433 231
7519 4332
395 162
3942 4753
6283 869
6021 6374
3584 7148
4912 4685
2451 4400
6072 4525
8994 2350
6282 6416
6782 8274
1402 598
7852 7398
5944 3438
6852 2153
7219 6681
6848 3732
6447 6572
2986 7082
453 2951
7542 1952
2708 8848
3186 8343
6927 9263
1112 3831
3039 7905
113 2131
3558 2640
7923 3000
7504 3799
8824 794
1959 7209
5066 2275
1211 3765
7177 5436
4552 9323
4653 5339
6618 5383
7691 3824
4261 2561
3820 6367
2799 5020
1494 140
7857 6941
7052 5792
5011 4006
6190 2409
2380 7147
843 8156
3952 1280
1633 2686
8305 2073
3522 8484
4280 3834
4949 8275
1577 3748
8006 1268
135 3882
7238 5606
6885 5823
4586 7960
590 741
6264 1447
9497 2355
1696 857
2438 1817
8455 3361
26 8297
4534 17
5992 1028
6731 1288
8859 2811
8918 4226
1032 2105
340 9439
7693 8758
8028 2128
8819 5317
7043 424
8743 5285
8227 4337
1874 5892
6319 7975
2576 5732
9225 2680
4584 4831
1680 9031
3006 8360
5259 92
8700 9254
8333 7316
2996 534
8424 7666
5938 8558
9337 9441
165 8593
1055 6808
9076 6077
6902 7973
5091 4748
6259 7615
5816 7292
2906 1455
3982 2669
937 9399
9020 1572
1318 3695
1306 3164
3884 1380
7929 3956
3882 4351
835 728
3508 540
1947 7762
3844 4259
8534 4312
6931 7938
3738 6651
8421 2049
5782 8321
7015 8254
5973 2114
143 4987
3919 340
1090 1917
4116 4085
5293 4759
1158 6587
6540 6559
7294 8311
3547 4701
7075 2720
2133 568
4650 6781
6363 506
964 2571
2201 2675
8551 5871
9376 441
1745 6615
9064 8998
1828 3999
5850 5968
797 2454
50 5717
8248 8709
3346 8440
4348 6833
6542 3468
1267 7648
40 6957
932 4901
9349 1996
9147 4171
5931 6018
3042 4890
8687 5533
8388 7625
7664 6829
2335 2574
6656 8034
4078 2682
6663 237
5622 840
3276 8138
4768 1272
2168 5009
1644 3826
1105 9066
4505 7105
7278 5911
6088 7304
8759 5333
3890 4694
558 5890
5875 5595
9148 4515
258 225
1370 883
1563 3305
5512 1115
187 4300
158 6784
4276 7418
7124 4770
48 4993
4497 6028
1310 1789
2421 1266
3311 1763
4675 2770
6036 4740
2739 7117
2514 5783
2730 6984
5251 2703
6947 7976
3658 8595
5224 7998
1550 2517
2493 5669
2138 2272
1761 6574
6666 707
124 7743
627 2949
1480 4286
9231 3730
3653 2324
5446 8002
9499 3272
83 9349
4462 2244
1942 41
9452 5539
3985 7253
2886 615
2732 4156
6130 7389
1652 8735
9462 2286
3855 8102
3683 5639
5613 5286
2464 6647
6894 5349
5979 1027
4221 134
2636 1050
7067 1921
5832 8345
7487 6233
7070 4419
2748 1409
7796 8542
4617 2577
5551 7312
8852 8975
8354 5004
5306 500
7360 5493
6835 4660
8225 4939
2621 3791
2418 790
8025 3359
7588 7336
5120 525
1124 4257
4198 9245
7834 8392
3993 6850
6387 5298
4861 4700
8300 8485
8955 189
1432 6815
1222 3168
7985 9088
723 2696
6856 5284
1127 5906
8483 5103
1622 5351
7029 665
5991 1514
6736 2143
5144 3131
3018 5909
955 1507
6853 5124
2983 9222
5869 8518
1476 8526
372 4334
4704 2303
9243 3761
3930 297
2261 3701
4073 1399
5469 5641
1870 1352
6456 7215
4395 2539
7045 2600
1063 252
7618 193
2762 9057
6557 4088
6150 2428
4816 4911
4908 5249
8171 8044
4559 8924
9170 8033
3131 3491
5632 8931
5820 8828
4540 9145
6096 2359
6262 111
1407 4477
954 4041
6403 5914
8287 27
2786 5169
3246 1158
994 872
5506 154
7983 6761
4227 7628
3715 7057
1253 1314
5679 972
8696 6610
673 3295
1815 9100
2860 2481
7149 8220
1324 7849
6443 4708
2804 7143
646 3037
4326 2452
6280 8966
3412 7028
5200 8217
3749 1564
5932 5549
4836 8413
2562 6341
1142 1668
2395 4995
889 2890
8228 2923
9184 5254
7028 8695
306 6650
2744 9486
6677 6763
8621 8160
1346 8627
2793 3021
1329 4669
5489 8003
6080 9325
6646 2400
8119 8399
8792 7772
7269 1360
167 3071
5941 1194
9492 6438
7547 4943
5588 3953
3334 5967
8875 5854
8471 2015
912 861
7404 3803
8068 5181
8480 5034
1977 7768
7227 6714
472 1061
5499 9171
2864 7126
7521 2648
586 2137
4788 8246
9212 7727
9426 8606
1653 5710
3565 762
2775 3313
7639 1443
4546 7103
2022 1083
1892 3403
9334 266
4874 5781
1209 3632
655 771
4370 3699
3618 1606
7252 2450
3141 7759
128 3287
6645 5281
4233 1573
6610 5042
6746 5555
7910 7391
6094 1589
1554 4516
5487 117
8082 1326
973 4057
2346 9338
4649 5488
5865 4845
1886 3078
890 8332
3126 9013
8364 413
6230 7381
6240 517
4986 8054
2398 9124
1735 4281
76 1067
1378 2732
5195 2903
6684 3743
4117 955
5567 9218
7394 1096
8400 3862
8949 8368
7184 8532
940 8993
2807 6861
3378 6519
8456 1527
2443 7863
1207 2277
298 5764
2024 2181
8053 2360
7005 8615
7173 1097
1998 6985
4982 7118
6196 2551
6804 5315
3744 1729
2660 3307
7632 2905
5014 4696
1244 8553
5410 6484
658 6405
9359 7166
8651 7544
6578 6971
1855 5048
2011 2633
8445 375
9130 9370
1796 2029
9061 8153
6732 2629
232 5816
6166 2154
1103 5735
7167 2144
7096 8129
7968 3381
347 3823
7756 6282
1765 2460
1845 4129
958 6789
5079 8001
8050 1907
7863 3445
5133 9004
3712 9230
6755 7464
8997 5078
2482 6306
2198 6037
6714 777
6455 1915
7213 4958
426 8859
7129 7354
3017 6281
3347 8645
496 3728
5098 3720
6026 7574
9158 4953
1290 8703
4845 417
4243 3152
3411 2056
6734 7129
879 1063
223 7
3153 1703
6837 674
2150 4876
6829 4161
7411 780
6180 6189
9342 8127
4223 1809
7962 7663
7720 7374
3972 6232
8535 7167
2118 7880
8378 3316
8636 85
2224 1167
3680 8438
6753 346
8643 6618
6121 3104
7612 3725
974 2860
8295 1592
7099 2367
8856 1526
5362 1617
4392 8841
4412 1959
4698 3240
4585 1481
4960 8356
6616 8204
7370 8027
8654 2366
7722 3934
5626 1116
855 8239
3401 4364
6702 5446
3482 2293
7677 2477
8568 2241
8131 5736
4714 8962
926 9266
8191 194
7561 2768
4354 4186
2824 4500
6294 2047
4103 5740
5744 3842
2329 6754
7491 8938
2968 1175
9332 3302
2882 9212
2174 7566
1699 7282
1565 5692
3838 4166
4329 9179
1353 3910
7218 4540
2377 1675
887 3309
5797 9156
8578 5077
3151 5570
1500 168
8988 7936
6522 9026
986 1438
3732 5895
8135 102
6881 8240
3119 8559
528 4200
5636 8163
9120 1228
2518 1120
6814 2864
8936 7366
5261 1876
1308 7387
1279 8717
1618 9187
6909 973
953 2581
1074 1017
7132 8367
5267 5500
1623 5316
6735 2033
5682 918
6695 1947
1213 5080
9274 7626
2960 1217
1403 3683
7391 7395
8108 2587
1770 7640
5348 6167
1438 5494
9257 3410
6594 5630
5314 6907
1304 2061
4149 217
3704 3495
6817 5189
6513 2389
8573 9116
8219 1608
2390 4804
6966 8731
2415 8171
7139 547
9173 2413
2006 3088
5927 606
2148 877
4165 3414
3812 9095
6643 8573
5569 7378
5760 3346
5113 7484
8195 6617
8035 2809
1904 5227
1704 7331
2868 1933
7622 8698
6954 5165
1674 4314
8615 4948
4919 4050
8909 6216
2444 4657
5356 6887
7292 2707
3581 5976
36 6708
6003 5760
8619 1718
3921 9025
6541 5186
7757 7061
1840 7537
1014 6955
9296 9359
5070 491
1327 1318
5604 9077
6685 4079
7473 4080
1569 7877
3800 8576
7714 3182
3105 3691
7896 4908
500 274
7560 9020
5628 1298
3959 5535
7199 8116
750 8592
7147 7140
2472 3890
8166 7749
6686 3198
2900 4852
6930 9460
1809 4597
2626 5209
5895 5730
3169 569
9036 1197
5745 1105
3180 8750
3505 7096
730 5675
131 4529
4968 1888
7258 98
8398 7982
4467 5516
4292 4191
8403 1560
7637 3236
2262 3498
7851 7476
5637 5864
8240 6866
5377 174
8454 988
5610 6644
4210 3804
771 5155
5392 7176
4420 1112
5673 7891
6769 5785
3883 4194
3896 8596
1215 164
1159 4277
8489 3014
7436 5903
1588 610
3046 3851
9348 9375
5020 7169
5856 739
9079 9335
7322 1602
118 5569
1945 5818
8485 283
3163 3293
1749 6117
6312 1637
4713 2347
6265 9293
1627 5617
4340 8210
1943 7737
2334 8625
6032 3960
2520 3463
4342 4923
3428 3333
900 4768
2637 8796
2161 1261
7979 3053
42 9462
951 9485
3032 7021
1967 7713
649 831
8506 4999
2423 3627
320 7196
1489 4290
8096 8109
55 141
2426 3262
6822 6814
5801 3788
3047 1009
7363 499
4659 8290
6215 270
4199 5302
5103 1435
3590 7552
5740 4964
5631 522
1926 7075
7386 2473
923 2562
3740 4147
9366 9
1801 9313
7311 5568
6238 2036
618 2398
948 7199
4895 1862
6979 1518
668 9021
1738 3505
7376 648
5119 2264
7115 4883
5056 8231
1303 1256
1844 4324
8051 4782
9479 2623
676 4258
667 6103
8723 1944
869 4705
1455 2756
8199 3571
2218 2383
8834 3169
91 871
1018 6655
6276 8101
1825 2591
4318 4321
2566 4892
1412 899
9331 3129
2350 546
7549 7965
2880 4262
8716 837
5639 6687
607 2816
1030 767
7455 7347
2542 639
7566 4566
4092 991
7484 59
8951 7827
6758 7251
4213 7730
7608 5575
3623 6363
5773 2901
129 3103
4744 2961
3920 2939
5993 2121
4109 4761
8685 7878
8187 9438
5203 8243
4314 8629
759 6425
865 9420
7453 1814
4522 4996
4743 1294
4032 539
8838 2235
5520 5443
8906 2370
8813 6104
2836 6379
2909 4975
6825 7260
4625 8199
1254 8424
823 2472
5212 1539
2189 2039
9181 5097
7378 2877
8686 3636
3360 2937
5000 4786
8517 3967
358 299
6315 4354
565 4991
2746 5426
5102 4972
5162 1739
5389 1853
6728 6550
3479 1702
8261 7604
5609 7324
8060 6912
3166 8347
803 348
457 8409
8617 5534
8395 946
1263 683
1529 115
8213 5562
5579 6924
8530 1503
369 4550
7128 3010
8370 8491
6327 4395
5093 8585
5538 2529
7585 706
1831 2654
3437 6429
7409 57
1047 5509
8273 9299
5491 8405
915 4790
8509 8712
9290 1495
1138 5118
5069 8996
4218 3554
5032 4078
8982 6745
6813 132
4526 7836
1200 8740
9401 4051
7683 3247
3690 4495
2204 2884
1485 1670
3556 4594
3828 1537
8040 15
5225 6513
7235 3024
3455 5306
7749 5031
2416 8681
364 1159
6607 3922
4660 3099
1843 537
1823 3275
4118 5801
9087 8738
9386 2107
6453 6040
1512 5104
4022 8300
7456 7121
4050 9193
5600 862
8737 7180
883 3380
4309 6702
8386 6739
9192 463
7059 1785
52 6176
2065 1451
3198 7801
6314 4392
2152 8660
1744 9052
2504 2708
4364 3193
5743 8483
1034 845
8869 3602
3214 3260
8144 7769
2874 7460
8794 9213
6797 6064
5253 1394
9288 4451
2425 567
7285 4718
6140 6168
182 3620
7417 5663
8392 1633
4964 7054
7938 2476
7064 4048
5318 3063
3974 167
409 6796
6279 8565
7838 4854
7954 8224
114 2330
5244 6376
4881 3939
8609 4962
3477 2165
6830 1649
5010 3040
7341 2738
6680 453
2195 3690
3839 856
5152 3750
8503 262
4146 5156
4079 6690
8977 7279
1282 2917
5972 5861
8589 4543
3182 2749
2292 3638
6537 6736
2881 5024
2967 7900
4506 9477
2835 4175
7889 1738
8770 5099
6334 4576
2471 8586
5942 2195
621 6751
8827 3080
7667 406
3255 6327
6896 8260
821 2736
8757 3330
6555 8417
9246 8126
7906 4242
4180 4488
2822 7070
5182 4210
4215 3781
3147 6846
4247 1427
6142 1423
2611 5459
1616 3843
8814 7250
957 2883
3068 6845
8014 3485
764 1245
5226 9105
7324 7327
6615 7360
1826 8325
6226 7463
489 6179
9314 4091
3553 1008
3644 5148
4148 6418
6915 7520
4532 2185
1983 7491
2569 273
4143 626
4002 3674
3176 3513
8186 7267
2186 8725
4035 2129
4447 7879
5507 8687
6649 6646
13 3546
9071 9136
7831 7335
5467 496
6192 7492
7105 531
4583 7720
5671 4994
7982 5433
8933 2459
5426 6623
7787 1384
6337 211
2500 8141
9097 2734
8151 7153
8059 8778
1025 5234
3609 3680
7056 336
1380 8443
6222 3376
3575 2351
6123 805
2930 4938
4337 8658
1505 415
9124 7841
5717 3350
8607 9104
3785 3473
1691 1782
6875 8909
832 3555
3827 2162
1003 6246
5398 4536
1911 6925
2093 1621
5705 411
834 6280
2543 3850
1234 7393
3837 5280
8071 5544
9010 4382
4009 1301
543 2340
4805 2495
3589 3034
9104 7734
7281 1333
1532 5066
7171 1240
3409 9176
209 7854
7023 2268
1946 8887
2821 7949
140 5084
4091 3337
8889 1419
8415 7684
12 2256
5285 8791
4746 3055
2656 8161
4407 376
1705 5666
6159 1642
5767 6323
2134 6709
3480 1033
9315 5113
5013 3669
2634 275
7874 695
1203 5086
1163 1942
7993 4842
6519 3926
5963 1803
7825 2614
2015 7797
1804 1019
7205 4266
5024 5621
3113 2443
4190 5123
3327 7580
3397 4504
2931 5541
3382 7141
1551 858
8159 5174
4250 8985
2526 2558
3460 2408
7507 7208
5021 5282
4990 7424
58 1303
7138 7876
1342 1099
3795 4276
9480 2929
554 5502
798 6022
2326 4146
3953 423
4935 7333
1088 9183
5891 2022
3490 7238
7150 9162
7140 7294
9024 1473
8109 1410
9388 6024
2445 7340
2079 5658
5153 3952
6187 4546
5397 6313
8089 3714
7972 6036
7236 2248
4946 690
7924 6171
3660 4252
6046 6166
3 2910
5117 1555
5528 1374
2532 6558
361 3822
4147 1168
9216 2063
5408 8165
9072 1645
4931 7309
3825 6798
7817 2771
6263 199
96 6251
3747 2867
4987 3878
8599 303
9197 9042
4784 1568
8729 8578
2233 4199
4208 2075
1369 8309
4936 7778
8855 2908
134 1813
9323 5809
9478 6266
5143 9019
4896 1639
4287 4946
9119 3797
1096 6068
4810 8569
790 6345
8215 7403
5955 9452
3909 5633
5443 5120
8348 7792
7576 6155
3806 3352
5466 6966
7848 7362
6228 7485
4930 1462
8389 1961
3345 4075
1415 4932
9287 2536
1964 7624
1312 1838
5181 8536
2847 276
7765 8608
7501 2782
488 7677
6969 984
6125 4436
4667 5272
2888 9182
4062 9008
5494 4662
7482 3595
2948 5135
8730 6372
61 7428
376 8244
8817 7419
6851 775
2028 5680
6136 271
469 7562
1330 8824
8329 6303
2358 4517
1139 6204
2747 4123
6086 3070
4381 8448
8576 1479
9343 9431
2155 6518
4324 8073
6539 8769
7183 6874
411 9007
6696 2504
7673 4586
2635 2023
9011 2000
3561 6265
1045 8642
7988 699
5112 623
4297 4353
8777 1661
6194 2309
3578 2217
2717 6451
6210 3752
2299 8110
65 412
6090 6121
6260 3493
3755 7313
1099 8433
6229 6710
2039 7904
4878 589
880 8344
1274 4152
4373 1940
7036 1271
7077 3371
333 2746
7369 2282
3485 2946
3178 4042
2869 2519
5016 6007
2706 9000
1121 8302
2247 3846
9297 2857
6273 6005
1906 2467
1101 1426
4204 70
8299 772
515 5589
6390 5178
7449 4506
6748 7943
7990 3425
3318 7104
1901 7222
4989 1970
5072 3245
4494 1757
6401 6441
8938 1546
5549 2897
1343 560
2653 3969
5623 960
4426 8216
484 3898
2265 444
3809 2092
5599 4521
6316 3643
4590 6092
3873 801
8705 4821
8397 4486
301 2507
8004 4151
1737 7549
9468 8474
5728 6410
1425 4283
6724 4583
4740 197
5341 8528
6673 7303
2689 9089
19 5601
175 2876
4029 1297
396 3727
5914 2578
7672 3875
2690 9134
228 5068
98 6229
2217 3897
72 4928
8057 9137
799 9456
7709 4052
2571 7006
3258 7756
93 9112
6812 1459
1068 5257
5540 7731
7020 5437
2588 6962
1406 6063
768 937
2873 398
3432 583
7775 7027
112 4957
8154 3041
5009 3167
868 7597
7381 5512
5407 9463
9280 6853
774 7315
6914 8463
3308 7812
6757 6928
544 6231
194 1669
4792 882
7818 3635
3532 8155
2696 4494
7083 8441
8065 263
1184 5036
4596 1488
9002 2879
959 5875
5333 8241
331 774
7841 2757
1793 455
506 6175
916 5397
1102 6094
9394 3320
441 2321
7779 5211
3467 6818
9141 3402
5430 4865
24 1561
7373 8639
8908 5073
4246 2639
4757 7771
5919 5899
5552 1833
1891 7790
6267 3981
9098 4560
6074 3017
1146 6688
4439 1130
796 7595
4482 4029
9304 738
8738 6400
1979 4511
3080 4806
3943 7682
381 2659
8272 3927
481 9432
5862 3443
3992 2436
7377 7535
1322 31
9214 4799
385 4063
6296 1388
5892 5754
8384 9190
9062 5527
1718 2580
39 3484
1678 865
5080 224
5514 96
2216 3454
5901 2231
7081 7565
7854 279
2525 3235
5238 5287
7280 6877
6662 2974
3333 175
1080 6000
6473 3092
4067 8187
6901 4111
1255 373
104 4008
2657 9459
1116 6460
666 8603
2603 7895
2462 545
3196 5751
8773 3849
6169 7081
6642 6122
632 4240
8565 2967
908 4824
5283 9407
5836 4949
5999 4373
9295 5212
1386 2240
7063 3707
1684 5524
2981 611
4476 700
8098 2288
614 5320
2795 4579
4142 8522
5295 5343
2720 2193
1292 6143
1376 5793
388 2681
7169 3885
4189 253
7981 4931
3317 5019
9389 3726
2124 6395
6020 995
2831 2942
9403 289
4489 4554
1477 7551
6384 8401
5139 961
5308 8050
6723 4580
7977 1059
9482 5950
3560 1684
1276 6016
222 7857
9195 1997
2234 742
7315 8662
9108 8713
404 3858
8216 6125
4306 8674
3723 5727
8793 6888
243 4343
794 3201
6571 2631
8010 8857
7564 7318
4801 821
8312 232
3668 7999
4758 1044
7209 4287
64 7386
3434 2245
8642 9044
3675 222
3109 8549
1128 1225
7114 4548
302 9271
4893 5458
3422 1812
2447 9144
6657 2493
7190 316
682 4173
1332 3971
7088 1478
877 7796
826 6186
2096 3520
8045 6731
5615 6149
1706 3679
519 5045
5971 7108
860 8613
8821 2848
712 4886
3478 8031
8987 8364
2004 4457
4157 4670
3415 4025
7368 1397
3210 3140
4027 4359
2019 4059
1176 8278
446 2854
7160 5962
8923 385
2322 3597
816 6960
7712 1200
1031 1870
5343 1545
8796 4682
4511 4298
7355 1270
3004 3941
3247 460
4824 1695
8722 1353
6712 8296
4566 4843
3155 1147
2608 1149
3199 4902
4853 4745
6261 8898
3206 8845
5043 8934
6567 7967
4790 351
14 2622
3790 8148
8714 6098
7098 1248
6126 5722
4914 2027
1570 7631
8787 3812
5286 319
1921 5051
3103 8722
5547 1569
3104 6248
3950 8607
3617 2762
4786 9186
5071 3594
2339 814
6054 2626
1883 7114
1985 3547
3081 1676
707 4456
4042 8447
6678 4724
6791 5374
8343 6937
6271 2357
321 192
4733 5806
4865 7405
8393 4174
9419 1935
1663 3611
7701 5000
8307 123
4207 2079
3120 1709
9475 4234
3764 2150
6318 8929
1479 7978
5023 4933
5417 7301
1348 8554
745 2310
6577 258
9128 6420
6747 2694
3425 178
1316 520
3051 7063
440 1313
5563 868
6068 1623
6278 7507
686 3300
3520 5634
572 9436
3225 8146
942 4539
1574 3622
8726 4823
9017 760
6378 4798
8969 8805
8928 3249
2297 5361
6573 8917
7736 838
6348 457
7882 9345
212 2737
1326 6326
795 9277
6766 8736
1155 6862
468 1706
9122 9342
4231 629
5986 1906
7007 3759
6305 392
4582 261
1328 7800
4072 8900
8620 7834
6421 8861
608 8616
3867 5624
7002 84
1658 4302
611 9063
6002 5205
3994 6440
6935 2269
2214 7728
945 4131
5142 5420
344 6765
1444 9351
5654 1574
8301 5677
3112 8256
3678 8704
1492 5172
1864 505
2450 7588
7331 5375
5517 5085
8639 3238
8618 3365
2043 2253
4383 8946
1041 1502
6668 799
702 408
7936 6630
6919 9392
7044 5022
5459 6837
507 3329
2760 6695
5109 8720
4345 6494
5481 5180
6950 4698
8439 4241
5090 6607
198 9468
582 1819
2820 8633
6788 6812
3313 3980
5735 1354
3272 947
4120 8088
589 9401
1516 8832
9013 5840
8079 8328
3509 4702
276 368
2250 3074
7181 8269
5502 602
7462 7271
444 6450
3406 3633
8212 2130
9268 1176
2094 8035
2288 6934
7458 5364
4419 6023
8902 962
7969 5773
6367 3453
7821 8366
9221 9378
7438 6803
1133 8821
6346 919
3475 6185
7248 8242
4479 9499
5584 1196
5202 5137
3907 5353
583 5398
5589 4803
9467 2170
1033 2418
6339 7119
3967 3963
2325 3619
8890 9147
2076 3175
286 2814
2107 9483
6018 2151
271 6404
9050 8564
283 7216
2470 8764
9093 4060
3762 4749
8308 3809
1829 7961
6593 1235
1502 7923
8177 1089
6622 1456
4703 6020
9121 6130
3414 20
2632 9444
9429 1843
3856 3094
4955 1559
7247 8991
421 4331
8396 2480
5699 3111
6710 8543
7515 7239
7087 6478
6647 8525
5492 8762
1137 3107
3737 1914
8959 8644
1659 5014
9053 5620
4308 4141
7425 9427
3709 129
8926 2438
7037 6461
2982 8192
1453 6722
2549 381
9131 1117
3521 6428
8953 5131
1410 931
2149 6805
4310 1323
7503 5301
6534 2102
447 45
2856 1605
6122 7939
1157 4625
593 8863
7334 669
2673 42
7871 874
3144 4417
4408 3929
6244 5695
6729 2542
5907 1093
8912 2179
5550 7899
6300 9333
9086 6333
8596 6892
5762 2985
6340 2446
1775 149
3048 5028
2294 9231
190 6044
2761 7571
8282 3810
5359 7110
6771 4204
4145 9262
6543 4947
5557 4612
1178 8482
416 1628
7267 7009
5234 3920
7251 8772
5123 7513
3489 4891
9437 4231
3085 7748
8713 4910
9409 9204
6213 2740
1962 6008
6674 6237
6081 677
7166 4288
8645 8024
1701 4567
1545 9358
6133 5226
5870 5857
9379 5983
3418 8609
8366 7646
4880 5470
9402 8901
1464 2425
3329 8320
4106 442
2945 4355
7725 3430
4906 1543
3456 3596
5951 7585
4033 6847
3138 1837
374 8686
23 1923
4490 4764
8138 5358
1245 5082
7989 5466
9157 9304
5990 8599
8668 8571
678 1831
3735 6802
8278 2741
8128 5537
8678 8515
15 7558
4493 7871
6148 328
6508 7173
5228 8389
5114 4633
2368 3054
9255 6392
1849 7033
401 4627
7730 8130
7242 2320
8756 4678
3933 6839
5562 3731
8163 6952
8895 7454
9248 3747
9175 3205
2270 6927
6357 494
8829 223
8063 928
2800 131
123 6827
3436 4777
8146 5380
6623 5204
4857 7831
3099 7505
5719 6999
8655 7610
7407 8079
2347 4246
3117 2156
3076 8072
511 3618
4475 4558
5313 4501
4150 6946
1615 7224
4780 4483
336 1710
2284 5591
5594 8666
9227 4020
3530 5757
8853 1665
6326 3370
2293 6329
2663 2003
4535 8329
809 8282
4405 7846
1364 2109
8896 6755
5427 8040
8112 5746
8482 2204
5633 1195
4238 4137
2970 9046
4008 3338
2701 1805
4797 811
5479 389
3818 2931
1811 7094
1482 6727
1238 1497
2606 5464
4005 9219
1781 3994
1902 1745
7084 2336
4918 4758
4294 9010
553 6718
2719 7924
6145 3299
7111 2936
9211 3154
9489 5236
8206 2123
8085 1074
4203 2461
5754 74
7702 7300
3438 791
8476 8794
1639 7845
7223 1524
4484 6476
5709 6444
4847 4019
5501 2625
4444 6526
530 4840
8019 9334
3916 4201
281 3132
4220 7803
9083 4532
5373 8305
491 5869
3633 7742
892 6340
6569 8521
5197 9464
6474 2664
4211 6391
1548 3917
3511 22
2915 2041
4795 8951
7865 7627
4115 9039
8502 723
1449 2199
3801 4016
3604 3217
8183 3255
7723 1277
698 6936
4783 8718
8790 5597
5644 435
4485 621
412 7452
7284 1980
8 4936
5947 6447
3669 288
6659 3526
867 5758
3707 5855
6365 5963
9240 4671
561 5720
735 8028
5838 8267
9477 4447
242 5292
3899 8597
8764 3794
4751 2997
1427 7256
8735 3389
7004 8307
3164 309
7216 1400
1951 8177
1617 103
3447 6464
6654 284
2953 5931
1606 3974
4279 2775
2057 4391
2849 1184
5867 3066
67 2070
5140 1171
6987 6135
4082 9132
5597 8009
9203 2962
4445 6976
6926 9038
3642 6822
6355 1927
857 3735
493 1588
3204 3558
3440 5441
7544 7154
1799 4027
3775 1480
8218 8481
384 6054
8152 215
2141 817
5463 6285
2167 2279
5954 6192
2170 5090
7583 3067
8539 1042
2172 171
505 5932
5045 6262
6117 1152
3491 2702
7524 1127
6499 6516
7021 3769
4438 5206
309 4691
6510 4518
4515 941
6335 828
3791 6072
6703 7145
3209 6723
7474 3397
8185 5986
1965 4428
601 5995
7872 5371
4241 6220
2331 5977
3702 6390
2364 3045
4105 6283
7836 4775
3580 9017
7413 8287
7744 93
2484 729
1486 7410
3342 5117
1564 44
6012 233
9460 6581
1429 1786
8989 5076
332 8049
8411 1031
1972 4541
2743 7567
5612 6525
7304 2674
6922 3282
5490 9130
1677 2541
4361 6657
6942 7177
4174 768
322 3976
1077 1868
6860 1317
1834 1908
963 1599
6066 4621
7468 5043
2084 9251
4389 5749
2923 9153
4615 9185
8602 3500
9292 8209
7198 5631
5596 7957
1039 1724
4742 7112
8972 3901
3220 7501
2052 6038
2622 2763
5747 7341
1218 5791
6956 6065
1212 2431
5961 628
6512 69
9217 5887
1890 3678
2816 8271
1174 7062
9105 785
5374 7866
8610 4856
5703 8213
5444 5373
4823 1818
236 2374
3300 1322
6105 8584
5264 5462
7388 6352
806 3312
4822 7809
4759 3845
3527 1219
5002 2691
2527 3563
7629 3665
2026 8742
1954 5067
9275 7928
9 8708
1546 4978
8577 1347
1171 8600
6433 2432
2105 3052
6581 7486
6538 7870
7194 3768
415 8721
7875 5417
2271 2502
1185 1565
4838 5157
1927 5701
7237 469
1725 4465
2375 5094
1897 3911
831 1841
7244 9448
7314 8222
899 7930
5486 7311
1651 9045
7345 1206
1129 2572
4244 1084
6219 6357
3253 7550
4038 6502
6097 2415
2589 9180
3160 7332
3459 4632
101 7014
2370 1892
5729 3966
1269 6027
8850 1420
2178 3022
2908 3871
2202 2891
425 6067
3886 3866
3078 2922
8721 4595
4666 6190
9091 8336
6811 7076
2244 9140
4922 2420
3979 8973
356 5164
2581 7582
6364 1432
6968 8980
7645 4443
4332 7661
5108 9457
7685 6544
1191 612
8465 1856
7113 2909
3227 1816
1731 6832
1975 5747
3219 82
683 5876
2491 3682
6745 5354
1249 1943
7379 1635
9458 1177
3353 830
4832 7496
1471 7735
2263 4611
2728 5623
4728 1375
8325 3116
5287 4439
3203 3800
8017 8774
3356 6080
3676 1663
1584 6726
4375 7563
939 1164
705 750
4587 3281
988 1186
1774 8920
8611 6145
4228 6339
16 907
8964 7955
2497 1153
233 5129
9043 2810
7414 1784
1842 3049
2651 4348
1271 542
2083 1154
8597 7798
6224 3207
8870 3114
7511 3405
2303 7479
9350 6787
952 1291
9267 3058
5434 88
2285 7958
9080 6183
215 5607
7740 3754
1661 2182
3531 1815
2248 1583
4715 9301
9277 630
2108 3694
6545 5220
471 1302
476 9292
7569 2752
2895 6896
7600 8918
2957 6039
2014 870
2978 6720
4330 5542
7165 3540
8132 7113
3541 3924
7055 5382
1498 2266
1995 9473
4466 978
1586 8429
3833 3566
9032 9340
8234 7859
2766 7541
4502 7481
497 3588
5076 1193
9077 2312
355 3820
3878 4872
5527 7107
4776 8131
7500 1395
4045 6769
2253 2862
5344 7102
2000 3815
1323 8757
2782 4959
6402 272
8952 6863
7197 2091
1098 2855
8985 1627
748 8939
4619 3706
3336 8415
1313 5996
4336 4822
8492 5969
1721 8984
7581 8976
6124 2924
7816 4346
3249 101
2295 9267
3152 3263
7109 7283
4600 54
5908 2941
2563 4198
6252 446
3002 5769
7656 634
5772 5435
3315 4250
6039 8676
8542 7291
6582 5291
537 7358
9113 2865
9046 4602
4749 3390
7669 1781
2439 5481
7326 6025
9101 8460
8877 3108
4689 8078
1110 9327
8725 4416
219 2836
4168 3997
17 4626
5700 7952
4671 9157
3888 6212
4943 2822
1141 1386
1305 6923
53 958
1054 4528
2496 1897
7347 5173
6102 2833
3968 3418
7704 3642
8598 7337
8526 6931
7385 4538
6676 9048
5243 448
5959 2776
7457 1295
5706 5096
1100 6614
5237 402
7271 1987
7776 2214
9448 3666
2912 6673
4924 5503
6765 7080
3005 3267
3444 9060
2817 3671
4488 2662
5172 6905
8984 4844
2137 8881
7240 1018
1194 6806
4353 6472
4623 3778
8232 1875
9351 5912
596 7578
8652 7045
4508 4184
1724 1163
9028 5748
3538 5756
3990 5060
5812 2983
2740 8896
2420 4676
7123 5888
7137 5418
1885 8152
4850 7226
6106 2393
8099 2059
3731 6362
2645 7740
710 5307
1204 349
9457 347
4864 2132
7697 46
3314 2801
1717 1582
7925 5799
660 2966
7540 1535
2373 1620
5191 7029
2735 4988
4821 8182
8180 6918
479 1037
4709 8710
7739 3561
8512 8999
4160 5865
8835 3795
7920 3076
7620 5469
3877 3668
6119 6107
4661 8677
4789 4358
8999 8284
7423 8134
4108 8672
8561 4785
2662 3166
9455 5532
8252 3367
4610 1989
4735 8139
7567 1579
2047 8128
585 5866
4760 8361
1058 590
3029 8133
7164 7302
9269 6083
3251 5837
770 3589
902 3908
7870 5702
2962 2263
1013 3763
6823 7858
3413 3784
7662 4737
6181 5923
1997 2915
7784 5141
3518 5482
2427 4523
5028 1687
9068 6226
672 9350
3497 4254
3471 8967
1528 8235
6777 4721
3546 5513
6461 4990
4538 604
8943 1157
8316 4743
8423 1788
8496 3895
5248 2274
8350 8507
2737 3883
8106 242
1015 2935
3771 2209
1827 684
4112 1211
3629 1242
7614 4169
4260 6308
4472 490
2988 3233
6608 8990
841 5312
287 1857
1049 9041
4313 7599
4201 3177
3786 2273
7770 5403
7191 8047
4947 880
1439 86
5462 8640
4684 7242
1851 6431
2792 2850
9004 5269
2674 5434
9139 6009
4646 475
6864 6920
1144 6239
6977 5487
3291 9094
7945 803
8510 3650
9075 3440
6963 5610
8382 7935
740 1544
9456 5599
3635 7357
8304 8055
8493 8178
8500 9318
3170 1169
802 7817
8665 8694
4920 5409
1558 3477
8461 8675
844 4561
6178 3916
5558 2818
5218 387
5201 2498
8222 8020
2925 7363
3167 214
2914 2086
5498 1180
3260 5881
5380 2224
3234 4478
8430 4190
5393 2987
5452 8652
536 7349
2883 8807
2129 5146
2872 2943
6014 810
8825 9331
1938 3837
6587 4046
7999 4915
310 1792
9215 5064
2666 1165
5965 4673
7415 9400
546 7658
2454 4424
3772 6700
7748 6406
4464 7695
272 1278
5370 5862
7204 3660
8291 2784
9449 6703
4191 2621
6996 2613
2455 8197
4948 3722
9410 1827
2345 3957
793 1640
1437 7346
9090 5399
864 6350
6839 3655
3245 3462
5276 1855
8585 8577
1703 2643
6448 8388
5292 4846
1319 939
335 3461
206 4086
3501 574
8795 8313
8986 4263
7175 989
893 5787
5015 2089
2937 7721
8265 5567
3493 4719
9436 2434
7582 3036
9021 8257
807 1744
8330 7498
8070 5739
3244 8705
5918 6711
7976 8450
353 2575
9249 4574
9180 793
4549 4107
4010 2842
8419 7609
920 1802
4152 6396
3391 2764
2092 1468
9382 5742
5299 4083
4781 1329
2801 7111
3159 6596
7408 9268
8372 2331
4558 3955
3598 651
4316 7914
4708 8598
7203 7101
5523 9200
2435 5924
4270 3918
4006 9138
4843 6096
191 137
1248 8193
6156 7945
1642 6716
1463 9303
9365 6445
3813 2994
8983 7649
3404 5305
3906 8947
6049 1366
1958 916
1797 6622
7356 3676
4554 8995
7711 5468
6451 8839
2899 6993
1631 4862
1538 3048
3781 5841
2305 9272
4817 3719
7049 1769
2714 1557
773 7164
7306 3290
4286 4396
2913 3250
5378 8914
6671 5660
3256 7400
1393 5430
5800 4849
6050 553
2672 7264
9102 892
7333 1790
7343 3288
3620 5128
7428 5325
5067 7699
4643 2601
3148 3798
2318 6683
2790 1986
6361 9072
664 3697
1009 1768
1689 7746
5675 898
7172 4829
6667 7913
288 5944
2910 9396
6634 7656
3770 163
5116 9498
3207 2582
7782 5002
5911 6675
935 7601
7066 1719
4224 7352
6600 1138
8574 5993
6795 3120
2192 2499
1419 3744
3417 1861
2586 8480
3752 6542
3718 410
3661 7338
6431 9043
3815 7435
3087 5635
8555 9454
4831 9443
1596 2658
2273 8456
2918 3411
3121 6758
5781 2948
625 7942
1422 3536
1595 112
6564 7860
4800 2402
3481 7539
5360 5125
6209 6259
3562 1051
571 4742
8355 4434
7118 321
3202 878
5078 153
7555 2552
9380 4760
1503 4653
119 6221
5496 789
5263 6457
6722 7427
8052 820
4460 4251
8990 2914
8736 9398
7268 8971
6653 7380
4830 4977
1117 8075
4094 3007
6821 8619
2481 2679
3405 3189
6709 6779
6783 1015
6256 9471
7659 4135
7660 5337
2916 9058
7801 2112
2893 3115
2733 1378
6938 2210
1037 5636
7944 5001
1646 5688
8768 4956
279 4374
5351 1664
1530 1775
9432 6097
4346 8425
8179 7538
4323 6624
8047 744
6203 1854
1729 2261
8369 5294
8477 6500
3908 3848
7398 6061
3741 8942
8459 8489
6434 358
884 4475
827 6015
8497 666
8168 4176
5884 7441
8586 106
5964 1452
2546 8912
1693 8626
523 9279
2051 8096
9060 6903
1240 6004
6255 1387
6379 4922
8779 1101
6395 7099
5839 5856
6655 5811
2183 6980
2176 383
2038 5528
5083 8400
8976 4404
6417 8610
2548 2821
4188 1660
7899 2237
6063 5557
9498 2405
2593 1773
7753 7203
1607 43
8237 914
4081 4648
4934 3625
6089 1299
429 1085
8102 1604
6912 1437
5519 3970
1220 2254
5336 5421
3250 4335
5815 2895
3792 5608
7327 4707
2352 748
838 4440
967 8059
2544 4311
3912 1889
2296 4464
3168 4227
757 7125
7628 5741
2498 9205
2830 1369
4509 7193
6959 7703
6905 6753
2384 391
4259 7438
7202 4732
2669 6963
4376 5027
9430 5821
5320 5190
2530 2863
4457 4590
3248 2386
5678 5877
6529 9012
1846 4349
5543 5584
7617 2660
6511 8825
318 2371
4240 2646
9414 3033
6247 6982
1676 7862
7754 502
5458 8789
4548 591
9182 1925
8841 8196
717 5006
8748 2538
345 3608
6699 7524
8101 4535
2698 714
3535 530
486 8692
7694 495
898 3909
7655 64
5851 1541
7375 5729
2529 8830
6940 8365
7339 697
144 8408
7592 2687
9208 5915
8520 9053
3803 3758
7309 7725
7554 4142
3357 1102
4328 5709
4834 1086
4004 9076
573 4380
8323 4429
5033 6471
4778 5777
3309 2445
9252 8427
2768 4454
8367 3227
817 5058
3295 1616
3903 3328
6141 9006
7273 998
5811 5712
6154 565
8196 682
4417 8118
1839 7241
2772 6810
150 577
8358 4498
2863 161
2823 3306
3859 3935
8193 4497
5544 756
8758 2797
7797 5979
7316 7606
2409 5274
905 3406
3576 4293
6354 4738
6010 8039
2604 3184
6420 7034
1035 4420
4594 95
9454 2649
8879 1124
7932 1428
450 806
9023 3844
6388 2216
66 7594
9281 1842
2958 2838
3389 2474
6876 9366
680 5183
6179 4904
2348 7804
866 5975
5687 5716
5822 1571
4813 5061
3944 287
2796 1549
5173 6873
5968 2886
6521 1144
8048 5427
6505 6757
4018 5386
4399 7011
8167 8385
365 1236
1 5201
4232 4968
4678 4325
9007 9377
8883 8103
6658 3173
2063 5961
3533 9428
8029 1806
5183 1429
6414 8056
965 8700
6836 5498
4300 7618
1896 4792
603 5953
4100 7178
727 4711
4932 7633
7947 6983
4961 5144
2102 3018
1388 2064
8362 8952
3361 4413
3513 9289
1931 2567
4580 3220
8110 7090
5871 5827
3608 7342
8690 4192
3630 8205
3978 5831
7050 1918
4542 8218
3528 6411
7530 1916
4517 6932
6866 3276
6962 3215
4500 8362
2808 8340
1916 9139
5574 1078
1641 1110
6750 5928
4236 104
8250 3467
3063 4973
9276 6
7599 6762
7441 705
4101 7915
5515 4906
1751 6236
851 9011
8556 399
1341 2971
8865 7856
4128 8737
6640 3545
350 2808
1556 8326
6882 212
6368 6945
8900 2907
1576 143
4899 7911
5601 5299
3232 4796
4769 9114
6446 3137
9459 0
2048 7263
4322 8749
3798 3896
836 4542
6083 5724
8296 1531
4802 8575
1433 8702
3613 2934
580 4839
4662 9386
5476 7255
6697 7738
7263 7115
4137 6509
2709 8706
257 2343
1524 4157
2573 9199
8203 5297
6025 5407
7850 8369
4427 2302
4265 4128
6737 2442
2492 4556
4271 6348
3177 2513
5101 902
6617 7786
41 532
5775 8064
4369 6459
2897 3013
30 2986
387 8198
7040 8191
6810 5958
2289 1690
5207 7066
6874 5074
2031 4661
1123 1002
2312 4427
4571 4344
3449 6680
2399 8038
3041 2470
5332 9150
3536 6430
7387 5449
6598 1850
5663 4179
2969 4249
7876 5762
8840 1285
3897 8358
626 2911
1668 8659
466 1143
6460 5850
137 1844
4178 8893
2132 4598
7092 3401
5929 2496
9088 2014
6452 1433
1683 7996
535 3630
3852 1848
1746 1382
4141 4212
4054 2845
925 6069
4900 3475
1420 2037
3685 8043
5758 713
9356 8169
6717 7781
282 5991
8149 5379
4440 8557
4673 841
3049 3296
3631 6298
5262 2758
692 7134
4321 4530
501 1320
3443 873
6468 1941
1428 4888
2952 5886
5664 4966
8553 1542
7497 7122
6485 7397
3663 573
9284 9481
1581 1625
145 2790
1384 3610
3435 2947
3549 2032
7000 1091
324 6159
1400 2511
4765 1963
7001 3085
5994 1770
4928 6573
733 8094
8863 4357
4274 2361
1814 3042
1771 269
377 8140
8975 3408
5784 7660
5881 561
1522 578
4555 6910
7499 378
6762 9226
9041 360
2731 5992
8204 7055
5166 5565
8257 1304
1657 8306
9073 6200
5785 51
328 1685
2570 6967
9466 2040
878 8030
4449 8488
33 5062
3830 6455
8663 3893
7767 776
9030 4944
5582 1756
3783 1213
177 5223
9353 2524
3278 4383
6925 5079
7272 9388
1603 7172
895 7195
5052 7950
3864 7138
9273 4658
5493 4689
4124 9113
1219 2724
3496 8890
5608 1316
5981 6715
2483 393
6951 5853
9117 8908
9196 7431
6360 2510
1044 2798
518 422
1913 1131
1880 4572
5438 765
3768 7732
7987 5122
2858 8143
1611 83
312 886
139 113
5661 1614
623 8959
6591 2608
6489 2829
5666 2021
5586 4340
3822 3806
8221 1207
2251 8375
4510 4585
5970 6738
408 3541
3102 1178
266 7002
8775 9493
5683 4714
6518 3314
6285 6507
7024 2053
752 5640
2940 6878
3831 923
5616 2426
1625 9278
5215 3047
1974 2228
9330 6554
7151 8316
624 6032
3902 4830
3008 670
2976 4195
6544 2930
633 3984
7187 1721
862 1444
7349 1652
7405 1957
5868 2085
6983 4178
8494 9480
7095 2455
9154 4882
7791 9286
3171 4301
3808 2885
4777 7056
3577 1126
6058 8353
738 4800
1991 5952
3947 7356
255 600
9405 1453
1495 1362
8427 2394
4926 6119
909 6088
265 3776
1430 5703
2488 896
8679 4522
6022 8071
1060 2270
7523 5296
8842 7244
818 5755
1515 1506
8919 8548
2086 7522
9234 608
3977 7839
8235 815
4633 8765
8157 5134
6225 3584
1448 380
9057 9165
701 6187
3073 3951
75 8234
4343 6462
2194 7376
8194 2709
599 3360
508 5352
2316 5261
2871 6300
2314 4172
2936 9373
9224 6629
3574 8357
9397 934
462 2298
9396 6318
6997 7440
7591 7988
3564 5444
2579 3780
59 8167
2235 4385
6093 5638
1612 8537
8937 8707
7222 3216
3472 4810
5478 1593
2633 8927
3035 6026
3525 1610
4179 1612
1241 6314
8644 4071
7948 4072
1961 3429
5281 3093
1016 8499
6967 7444
4891 4388
4282 7258
8466 1520
653 4459
9453 7449
4674 2138
7971 4717
3514 4616
8932 800
38 2893
5330 4463
9174 2084
3390 1107
6208 1047
5282 1715
8691 6811
4855 471
5311 6938
9237 4917
5649 7715
4636 7372
8275 8436
6971 8186
7107 6453
5939 6087
510 8875
1990 4746
3328 8784
5245 4599
109 7433
8391 7855
2485 5590
7211 4065
220 2187
2919 5263
3052 2315
234 6305
5126 8974
2146 6942
2126 7605
8592 5456
5122 580
1601 6497
2946 5536
4730 333
7283 3745
8175 7736
2143 2145
1226 4889
1619 3705
6770 7907
5155 8635
4927 1712
2205 6880
9473 9223
424 2111
3189 7100
8552 467
8940 5368
1527 4409
3814 9248
8973 4613
5400 8815
8324 2453
8967 8994
1235 936
8495 2653
5125 6443
3774 6570
4692 7714
991 6131
3136 7886
2117 6603
451 5447
34 9425
386 8498
5049 1727
8904 3552
4803 5247
4135 7545
1587 1396
5403 5497
4387 5614
6973 4270
74 323
8056 8377
73 2532
9238 1772
9193 7170
6481 7150
4166 804
2727 2399
1390 3345
2857 1155
5896 120
1355 6147
5570 3854
5722 5683
4701 6958
3181 1081
5319 7840
5672 3522
1960 5521
5866 1046
2850 1073
7967 4875
6464 2760
6888 147
8558 570
7403 1035
1193 4330
3407 2239
8033 2881
1656 6552
8996 6856
2230 3573
8262 1977
337 6370
1568 710
2505 1398
1062 9421
3454 854
6563 6150
6644 8862
176 1350
3241 6402
1050 6995
5606 2958
7234 1249
8594 3073
6245 1742
3400 3278
7307 4767
4126 1922
7038 4021
6744 4985
3515 8227
6751 6355
648 5752
1104 3096
9207 8015
9465 4333
2190 6252
8567 2314
8616 4954
8603 8955
3054 2540
1816 8551
4573 6591
5696 235
3987 6649
2163 7188
8103 8349
2266 5667
6292 7487
5697 4893
5535 3652
6641 5393
5590 7430
8254 5687
5464 2283
1798 9074
8251 359
9179 3004
685 6627
3579 226
3779 895
1562 1998
5031 8466
4256 5162
77 1227
4876 7557
1773 7629
4153 3188
2693 6371
7733 6737
4779 8580
7763 6399
5545 9367
4262 4422
6708 1666
3716 6347
5807 1872
2905 3072
5920 1835
5904 1022
5039 5879
4958 663
2430 9419
1914 7710
3507 6602
5350 3991
514 4140
848 8524
8733 7280
5387 1075
3123 6562
5265 6881
3956 1475
6127 1796
8317 6288
3093 3775
4664 4508
4275 3486
1357 3549
1457 8838
5756 8849
7253 8850
3009 4712
4047 3143
8893 7236
2558 5111
2101 1344
3363 1992
5034 401
1936 7139
442 7500
1275 485
5059 9242
7017 9214
4034 4945
2538 4256
2151 1972
2001 5341
2954 2168
2829 4855
2257 6699
249 227
6934 2117
1887 6294
9469 1912
3187 4109
4941 2650
5441 5035
5727 2787
7832 8906
1242 824
2056 416
1084 7897
7018 9422
711 1849
6749 4794
4229 8810
2323 6254
3998 3331
7918 1832
1903 8223
7400 7701
4197 1512
8360 2126
5529 795
422 6759
2987 8788
6372 62
1206 1319
8761 5107
930 1900
478 5682
4980 7469
6239 7189
6275 8541
1073 5761
3122 1759
5131 2896
6477 6621
5084 5679
7054 8335
6030 2606
5725 1613
6743 8992
3850 449
452 2516
8297 5733
4424 638
5136 7480
2157 5270
3816 4315
8359 5233
8843 6206
6517 2995
8868 3551
1835 3128
747 72
3089 481
2241 353
1287 7708
3649 8814
8127 7987
4099 4092
3512 1945
8486 2135
4754 4781
7383 8891
2045 4352
4114 4207
3958 150
7019 2705
7732 4077
7641 6589
4095 6706
2671 1087
4798 1693
8675 170
3695 8648
3836 7908
2018 7039
8783 3983
670 8604
4745 3567
7890 9328
5752 2098
3632 6351
1614 1630
9058 2641
6592 245
5037 593
3667 1417
317 3853
4492 8359
6566 367
3664 3372
7 8378
2240 9170
2692 2748
3369 8391
121 1281
5738 524
8754 7174
1861 5980
2229 3582
8436 2704
5554 4570
8080 4573
4098 503
1314 4485
5934 6383
326 2635
3673 510
7225 3214
5414 1467
4561 1172
6841 8844
4700 9395
8484 5553
947 2627
2469 2676
2320 6906
6376 2242
7215 2793
454 8753
7490 6386
1698 6006
2333 6324
5300 3840
6629 8643
7661 889
4195 8785
3802 207
5246 2313
2941 908
1375 7889
6532 887
5629 3252
8170 4877
3439 6595
5334 4826
3829 138
1609 6835
4638 6469
4504 673
4043 6790
188 3818
6965 8563
6415 8667
7759 498
8554 9118
6992 3746
371 4544
169 3601
8334 1114
2109 7185
3922 7611
6375 3060
7469 5627
1910 6059
6109 3027
5445 5191
1670 6307
1525 3696
1673 2435
8290 1679
638 6834
531 8833
5180 8661
6558 126
2528 4575
8075 5050
8026 6276
207 6696
3330 4582
1052 7235
4077 8574
7275 4563
5106 8189
5617 9360
6961 557
4307 8944
2142 8744
3543 7702
7246 1655
1019 2178
1167 4110
9177 6870
4536 3856
1518 3162
3261 7319
8337 4863
9442 2211
7710 116
392 1104
5718 3946
5645 6553
8892 5699
8379 4217
2458 1224
564 8255
4 5846
5976 4162
7706 250
5619 2596
6013 133
4574 5304
560 4479
7927 8252
845 6659
636 8611
6295 1580
8683 7475
2973 509
5967 2378
5689 5262
3914 7343
690 6426
1572 1077
7601 6698
3304 5770
7877 7321
1805 4245
8371 7670
6664 8418
4245 7944
4284 9202
3310 9290
4267 7439
7350 7488
1504 7274
2802 1056
7975 7676
819 3274
4358 1255
5435 6116
2616 6884
7912 3808
6497 987
498 7644
383 1985
6307 2817
5937 2087
2659 860
4129 1230
6381 4015
2844 8826
5732 5949
6232 7623
5347 1903
1389 11
4691 4620
5026 2689
5437 9311
6706 8314
7607 7664
5130 1494
3765 2427
2130 8880
6051 3542
7397 5510
9327 2093
115 8546
465 507
5860 7901
2090 3327
7514 3503
2704 5017
6257 6848
6165 3773
6501 3304
1759 2726
1860 1216
7868 5788
4360 2714
9112 8294
8544 4047
3857 8414
1681 1904
86 8280
1800 8657
5825 5452
8361 6551
6800 8954
5711 5574
8950 6567
5328 7887
5381 6631
2185 6582
4787 8921
1012 4927
8266 3197
8707 7977
2826 5331
7807 4921
1250 8776
4182 2406
6409 5708
4937 8514
1521 7401
643 3772
8962 2919
4993 6034
294 7289
3240 1556
7131 649
2861 3356
4770 5170
736 5984
2516 6728
9204 5404
8087 3614
8647 5943
3271 6965
7949 7065
6891 7932
7062 4397
2087 6506
8034 7295
576 3972
5753 8655
9271 1707
8015 3057
7231 3075
6258 4449
8521 956
218 6129
5635 3516
6078 2341
8347 3533
6775 2972
7103 4730
7517 3097
2617 6114
5284 8310
2432 1336
3939 3721
2710 462
2245 550
436 9376
2810 2002
3758 2046
8538 49
3842 5592
2933 165
8342 8206
7286 1365
6601 4878
8306 5273
9362 8715
8917 5003
3263 7038
2164 6593
2938 6051
7937 4089
9293 3591
423 4058
8387 2346
4331 4264
3297 6049
5163 4825
5749 3959
3335 4441
3905 4630
7433 2410
4239 5416
3601 9246
2884 6346
6040 4017
2328 2333
1817 2486
6207 3531
7552 653
5504 4118
3975 5217
7486 1704
7301 752
8548 8442
9339 7035
3628 9224
5922 8905
2349 7685
1579 3165
2315 4847
4402 4976
3727 7106
6144 8327
3349 5531
8837 3634
9222 594
8701 3465
6808 6001
4060 7201
5880 9131
5796 4121
21 3617
2389 3334
7262 6609
8661 7136
1970 9001
5653 6979
5969 5802
6217 4979
785 2097
3003 6312
1768 8511
5621 7822
4113 229
2961 9128
1070 3993
5222 2933
3043 588
8298 7246
8884 5455
708 5264
3945 6111
6234 4969
598 9453
5468 3219
6509 2545
9324 1276
9056 9178
921 3343
8612 6556
8286 1511
4721 8464
2071 4835
6277 3502
8405 2083
5625 1000
7152 9406
9161 8663
2144 6897
35 680
8432 2853
153 1750
2870 1405
7548 9497
1264 5187
754 1538
7844 6230
861 5132
8147 7493
458 6791
2406 2638
6691 3225
6149 9209
1810 6830
1838 1672
4807 7868
5686 2711
100 2560
4705 2988
4818 3148
2104 913
6167 4074
5331 3855
7815 691
6504 7970
555 3455
2602 2712
8402 438
25 2318
1760 1725
10 834
5872 888
6583 1926
7192 1445
499 8517
3524 8268
7696 3374
3020 4309
4293 671
2394 4408
7700 8851
2343 6671
7728 6458
3036 1978
5739 4909
9188 4062
7026 4363
3780 5517
9127 5208
126 1173
7289 8376
8657 8041
2354 5245
3303 3814
1604 2599
9299 7506
5196 7986
5304 9385
3098 8069
788 428
1986 1962
5763 5192
671 4229
2169 2257
6218 2761
178 2869
5450 1585
5658 1267
3212 9465
9015 4641
2834 9260
2629 3009
8450 7917
3179 2549
1649 9387
5345 1310
2887 63
8809 5652
7550 7305
1417 1293
8547 5884
4290 1005
1188 7514
7410 6290
1882 2487
9106 5140
3323 8972
1499 1895
7134 4757
3600 7717
5342 7753
6681 304
5477 6377
8941 1243
3682 2647
443 2916
6802 3269
2833 1966
2845 296
8709 4013
7839 5552
2062 8014
4288 788
5587 4665
4325 9405
6911 3339
8550 6321
6554 4003
