9000 4500
1953 3125
5179 2145
3688 1857
6666 5029
2710 1323
1685 251
1533 5640
793 5417
2363 5430
2379 5022
3015 7201
5860 7337
8491 65
4516 7944
965 5993
8199 3788
7348 2769
2860 2926
8634 1776
7460 6423
7722 5268
2802 2585
8367 3209
2904 1421
1746 2603
5167 3990
4198 2798
5027 7206
1038 2710
4705 1887
8845 7585
6775 7109
4074 1161
4252 7244
8794 1012
7869 8169
8704 4238
3564 5059
7754 2997
6285 6406
6952 6351
5002 6934
5571 759
5253 5861
5870 3722
6188 3229
5499 4531
4730 5321
211 6502
8219 3346
2564 8402
604 4943
3059 2174
2957 489
6806 107
850 1016
1034 8703
8576 615
8858 1177
3339 7134
4993 3280
6525 2401
4418 7009
2506 6839
3163 1219
7208 5445
7200 3123
4119 8652
3434 1749
4816 5383
5269 6846
2834 5206
991 1060
327 875
8297 1154
3407 4227
1427 3836
2653 3872
7999 727
7500 8355
2319 2164
4419 716
3175 3875
3415 5285
1180 7627
7323 6318
1480 1982
5314 1329
1162 4153
2245 4115
4493 2126
3468 5842
352 3012
2721 8115
3101 903
1504 3182
192 11
6139 8334
7574 5233
4280 5639
5380 3589
7566 5493
7895 1188
6585 6953
732 2276
3208 5246
933 614
3993 6146
1410 7883
1804 6865
614 6161
7266 1005
4852 3952
5018 7143
1111 6105
2457 5245
6830 8725
1930 3749
1032 8587
4338 416
3218 8258
7870 5773
5088 1321
413 7862
747 2000
6081 4200
4932 5951
4534 6239
7698 4965
8127 1958
8474 1137
7310 1013
7684 120
6320 4808
8935 2663
8712 2792
3225 4919
2284 7578
106 8742
8274 3100
1728 4933
1044 1377
7655 3770
5206 5050
7798 2327
8494 4061
2912 7692
95 4278
6767 129
1405 5327
1570 4535
168 2596
355 4677
5341 8294
5237 3482
3927 1287
1869 6891
5188 6412
4417 2378
8227 6063
7412 1380
2072 6808
6005 7695
4055 4690
3179 6633
7527 7599
6499 492
8107 5077
1916 1886
5932 8204
5428 661
7911 4516
2902 7340
5786 1601
7505 8597
1630 4051
3645 2227
4908 4872
7132 6303
1310 8706
466 787
4414 2131
1384 7735
579 7283
8565 237
8532 6995
5895 4966
8027 1597
4407 889
5702 6727
5224 8485
7788 6884
345 8095
1780 1805
735 4644
4127 6622
4400 4177
3997 4192
4215 5930
4133 5395
6226 5857
1593 2430
3359 7531
164 6450
5591 3104
840 4838
5412 1811
5426 2355
8318 7068
849 3426
7851 7597
5023 7729
7363 3267
6276 4955
556 3513
3088 7138
2795 4126
4429 2146
484 6616
6106 5418
6371 4291
8246 6924
4855 6503
5181 2979
8302 8849
2898 805
7172 5717
5620 4323
7043 8163
8454 5563
6856 472
7512 7298
2607 7979
566 2856
181 2802
241 7220
4214 6458
7700 5822
1417 7745
4402 2708
5498 1409
5782 6352
7658 5890
2943 5844
6494 3576
1754 599
2660 420
4769 3393
5975 6368
2202 6652
2929 7851
1740 2868
3713 2569
2220 3729
5893 2163
8231 3805
2047 5898
6418 2991
1329 7357
4101 5467
480 3583
4691 3255
8002 4167
531 5965
2022 5568
7199 203
4636 4117
5425 942
6594 7829
73 6230
1250 4022
4601 8696
5800 3854
8820 7868
2522 2284
8530 1733
683 4255
3311 541
137 5112
1624 1097
8080 3066
7185 2980
6961 5304
4302 2588
2884 5526
3717 1144
2783 4009
6725 3504
8320 6295
8650 2720
1595 4045
8838 4987
8912 6864
6004 7454
7454 213
5236 7789
2809 5665
1225 4118
1432 5351
153 825
1821 3166
7365 2274
1026 1677
1950 5954
2794 8861
2826 5768
1317 347
7926 2172
3241 5723
1108 2003
1003 3472
2458 5819
5584 5655
1938 157
1825 7814
113 7416
335 2915
7989 7181
6462 2107
217 3534
5486 4771
3428 1178
3181 2776
788 6955
8897 6248
6977 7527
6167 6959
7299 6103
253 8661
1715 5696
6425 5482
7229 8867
5451 5875
1742 8128
5899 3786
2054 8687
6885 4913
2326 1516
8874 4941
4632 8793
3383 3557
3090 199
5656 5602
8938 1233
8943 5143
8608 4624
819 6939
2725 7336
4391 4402
8264 2995
5208 1199
48 3051
8593 1230
3065 1303
6593 5536
8883 763
6879 7219
7962 7195
4376 483
3598 7942
1154 4868
1193 2738
8580 6675
2556 2723
2448 7927
1713 1690
227 8764
1636 7853
4646 1939
1660 4562
2647 3216
6928 2020
2778 8729
1145 5970
7928 5762
5519 5111
6987 37
7734 5959
5598 6173
4770 3553
6704 5661
2201 998
2122 925
1503 3835
8386 3094
2685 6238
1694 1997
4546 6364
270 2082
500 2104
5387 1652
4241 662
59 2049
4994 6526
2030 7430
202 3052
7994 545
4596 2259
8416 405
1716 5934
4722 2824
3194 912
6012 3452
4425 4159
423 5473
8347 997
1911 3048
7396 1046
4739 4682
8477 1935
1833 424
2748 1224
2490 3560
1009 1509
6339 8967
6095 7238
7649 979
1163 5300
5484 4186
7416 421
3812 4450
4134 3403
3549 6057
7228 7992
6548 4111
8914 8385
3056 8665
4245 268
6264 3649
7900 8637
7354 2755
517 1150
2700 8568
8798 6082
1353 512
1768 3839
6059 4296
5358 4380
1772 6267
8125 2796
3974 7024
8719 5350
5824 736
6722 5595
1912 7508
3108 5488
8727 7447
7843 5992
7746 2244
2166 474
6379 1743
8836 453
22 3275
7769 7187
7193 291
7244 3481
671 293
3349 4375
8281 1112
4492 1317
1455 2440
2580 2825
5052 1483
6581 3880
6064 3427
1382 1434
7873 962
2914 6472
1883 8002
8205 4718
267 7239
625 13
4587 4272
627 5432
2481 5952
2286 860
4389 5153
8345 8779
7284 1727
7511 8206
8997 548
2683 5006
2974 6209
4346 3669
612 3183
6284 1599
5757 5448
4718 6747
6545 5753
6028 6274
3221 2953
2172 5256
4878 697
1510 7674
6910 679
6562 7174
1188 869
1848 6672
864 5331
1476 7147
8321 8557
4975 4996
7466 7910
3528 2721
3042 3937
6057 6961
8803 1835
1895 8331
4259 6921
6480 7391
5611 3702
4279 2067
2823 8122
4430 6070
171 7941
3440 4175
5916 1693
1846 5936
1541 2831
8657 7013
2554 7044
6661 3535
8522 7477
8362 6453
2404 3075
1011 5902
4140 2
5342 5543
2351 3902
7319 5274
1831 6040
7049 1633
2905 6471
8843 2734
5037 2839
6714 3464
6561 6984
7933 7152
1288 2692
701 3930
1836 8202
2273 3386
2616 816
475 3598
5839 6562
3258 5823
2149 4901
3761 491
3700 5785
2168 2897
814 5739
7303 6354
8182 4634
5371 5540
1886 2912
2969 5044
36 2222
5629 2786
7723 5064
5001 932
326 8050
4290 1611
6200 5191
3193 6972
174 4307
4986 5134
1726 6201
7081 7560
8338 6973
5689 2509
3239 957
3823 5716
8602 3847
8507 7731
2728 2351
6713 3772
5050 7924
6556 7114
6909 1147
8058 4119
3675 6602
1071 7658
8570 1793
7150 2426
30 2577
3448 3986
836 665
514 730
3538 5664
1815 7372
431 2379
5260 2497
4420 5651
7186 205
1378 5168
7214 2990
5364 3179
8508 5270
1130 858
4188 8788
7462 61
6121 4561
132 3281
7374 1426
1472 2248
6135 5981
3508 1665
3165 3639
7861 4935
8665 1622
2953 795
4737 7885
5994 1818
7187 5261
8408 8483
952 7321
4123 4577
2907 3931
5032 2898
8747 6545
5194 3108
3865 4982
4177 5697
7849 4254
8839 2538
8784 972
4562 2487
1159 1594
6685 1555
3306 1295
3864 604
5935 8493
8964 1869
1515 2404
474 8567
675 7819
7175 831
4028 3882
2123 3072
5259 1929
5187 8078
1652 1072
8015 6800
1620 3907
5536 2495
595 8040
986 7898
8813 7886
4810 1799
6394 4887
5597 339
4673 4142
6126 2774
3994 2770
664 7612
2960 1338
8886 1376
6865 6177
6620 6298
97 4226
7948 2169
5055 383
2335 976
4334 6645
2995 8347
8755 3696
8328 3997
4869 8473
3204 3555
3512 5381
4592 3970
5430 1410
4332 3159
4022 6142
145 2751
6807 5370
8586 7614
4651 1328
7751 3415
194 371
7046 2516
1208 4093
4905 498
8533 4819
5756 3666
6122 5705
2380 1036
3058 6194
4862 6679
5929 3420
4724 910
2711 1558
4679 1567
3449 4861
5370 5495
7514 1449
2082 6554
2545 6355
1943 3538
5985 8897
8147 1821
7651 7764
6982 5712
5391 1548
1962 1176
729 5908
723 905
3365 5880
1829 1660
2769 7479
6216 6223
5376 5909
3586 622
2592 6272
1561 1903
2610 4932
3858 6911
6044 5895
3455 2780
5600 6707
3721 2496
104 660
5098 8306
2467 2106
6094 8342
1052 4530
165 7224
3473 626
7579 4957
491 324
1313 2192
4196 8734
2967 3827
8961 5427
4727 7154
7473 3551
938 150
7060 6639
4408 6166
4843 3261
8687 1011
8852 3820
3984 4417
3860 3762
5060 2392
5980 8586
8607 5794
4539 8428
5327 5623
1061 752
7131 4055
7000 4409
990 7034
348 7946
7936 7312
6927 2957
4952 1560
8850 4840
8154 1711
4204 2559
239 777
206 5348
7786 5622
4501 5371
781 4229
3793 3174
2226 4096
7680 7668
3550 7289
1456 5210
240 6162
8663 2882
893 2859
4978 2062
6377 8125
6843 6783
3911 5002
3008 6715
5025 712
7174 8612
7508 8553
8856 5067
6118 3916
5630 3773
218 6427
1818 3633
8599 1024
307 1855
6014 467
3987 8215
3601 867
257 1352
999 7903
6901 3230
1210 8573
4738 5200
3684 6441
8370 4109
407 3600
4667 3709
31 7074
421 5411
828 3315
7391 778
6233 7093
2496 8351
8871 5853
2417 2010
376 3110
7380 7804
2275 3483
4736 8190
7910 1659
52 7067
5827 482
2268 6118
1008 3345
1147 6204
7154 8797
9 5650
5594 8058
2447 1704
121 2890
7234 934
8598 277
8975 7250
5564 8922
8947 1539
5542 973
6903 1845
4906 8978
4336 3768
4031 7861
5503 3734
1800 1922
704 1638
1016 2530
4552 3251
1935 5374
8133 1040
25 7755
1525 7728
4195 3199
6199 1455
4347 8182
4963 5180
6128 4721
6644 8588
6048 8383
7750 3518
2147 5472
4041 70
8484 1534
3337 1852
2645 900
2328 884
2511 8814
3748 748
374 2531
6752 2123
1273 2332
1217 4415
3232 4774
7492 3372
6563 1340
1414 5743
8061 5503
6410 6159
1040 8934
5271 7190
908 2673
7719 3446
4569 4745
8654 4374
8637 3848
2026 6558
3899 4154
1084 3945
8336 7472
935 5518
6694 2399
8976 16
5473 6978
8873 4667
8204 1435
1324 8098
318 1871
444 5164
7551 3717
6729 3449
452 8776
4625 3964
6010 4863
3920 8436
7387 4376
4585 6095
2751 7673
5857 6504
2460 7245
1628 3053
551 7918
129 2608
8203 1999
3362 573
7755 3009
5579 7633
4471 2154
4542 4305
8102 8853
2643 999
8088 2719
8235 1670
8196 7541
7402 3866
8788 7000
2611 4234
8428 8756
6468 5533
6208 5820
2014 7105
2896 6025
3883 2117
3635 3949
1083 4161
2116 4964
6888 5069
6266 1152
8851 3328
4192 5023
4017 5320
6911 7660
2001 2032
6357 3965
7640 2922
4276 8501
2493 5849
7859 636
2058 3142
5948 1050
5644 7928
888 4391
7892 3665
7709 3828
6324 8962
7779 3980
6834 1365
7785 7128
1361 2243
7006 7724
1118 7766
7014 7518
8353 5408
8971 2375
1330 6519
3521 4579
6618 6398
3354 6553
6727 773
7364 5154
3381 7018
5130 8369
2034 4903
2499 4282
3763 1963
7968 865
8378 4581
6493 3791
3286 6851
1211 8718
777 8708
1104 8593
4281 74
607 4616
1509 8615
2049 1946
2364 6026
3233 5594
8924 5735
493 2525
5293 264
3246 3710
3979 1319
7252 78
334 2582
1452 8839
62 4396
2468 2209
2590 8564
4026 1650
761 1571
4951 532
8366 7449
455 6585
7810 6053
7912 1447
7646 6899
3680 5114
1203 5641
6761 5669
7241 6847
201 387
6018 3017
3459 843
7906 1579
755 3259
5255 6393
8072 4701
7664 5629
6751 8046
7042 7443
6406 6522
2674 1988
2614 7769
1984 971
6201 1179
1977 1766
3317 7182
3947 128
7855 1080
6102 5027
2399 1383
1430 3758
2093 4350
7231 3591
3604 7460
7140 6550
5967 2865
1001 5513
894 7259
601 1994
3969 8851
3584 1666
6173 8833
5251 6424
4108 6960
5413 7582
3437 6963
4565 1925
143 1102
5329 6148
8696 4971
1733 7151
825 6051
3367 3385
2456 6020
16 3298
1048 8608
4054 1416
8796 5719
8538 1297
5751 7292
6914 6895
7498 6266
4535 6825
4977 8515
4387 7818
6105 5284
4307 8556
3536 2143
2398 7083
4159 7715
5635 3855
6056 4223
1251 6833
6730 1862
8292 2729
2222 4504
2041 7540
3425 6044
4169 1763
5724 4406
1010 1952
3535 6045
2440 6457
6611 5989
7672 6301
2965 7956
7217 2037
8099 8895
746 5269
6673 5060
287 1477
7673 1363
1838 4992
2276 1565
8825 8346
750 8336
7037 2407
5636 6363
5829 3543
135 6187
3115 4368
1371 3860
2516 4510
6870 6477
2375 939
3758 5056
792 4931
3956 2778
2091 3690
1171 3991
7011 212
8499 1679
2120 6281
8498 3302
1148 820
123 1277
148 1978
1865 4948
2746 8655
2693 6914
5991 6410
188 4777
3248 1248
237 2597
5013 546
839 6751
3155 3747
1112 6909
8360 7869
585 7504
5622 6145
3719 3127
7517 3509
1458 6482
3 326
677 8322
7626 7087
2382 4383
848 1554
3877 1783
8811 4123
7523 6463
3912 508
7867 8668
2464 4885
642 7433
7712 6964
926 3003
7725 1570
7441 8859
6029 1213
1619 5257
3379 81
2745 8298
7525 664
2415 7932
580 5208
7048 7459
6349 7880
5144 3068
1855 5146
2502 8477
7340 7857
2679 1041
6269 8109
3496 7512
4211 7899
6165 3688
111 4769
8756 6252
8048 519
8713 576
634 4013
8323 7450
4364 1523
6768 5943
4397 8840
5435 7269
8973 5554
2631 4807
8711 7933
2078 6669
1322 7999
878 1747
4678 2493
2817 3636
5973 4293
1363 3194
7585 8276
7370 7606
6765 5459
4483 5979
7834 2976
8158 3470
3387 2121
7344 426
2963 938
5847 4449
2260 5055
7 936
3644 5961
7497 4104
6140 2840
923 2764
2293 4637
5292 2861
6862 7352
6829 6627
3737 7462
5533 8801
8889 5428
4638 3824
2596 4507
7280 8375
3982 7183
3532 4488
2389 7371
1131 2152
7381 7164
3150 6819
3816 7912
8153 6568
180 1026
5464 1476
6989 2158
3119 833
6298 5763
6737 7053
5548 3972
3144 625
161 6725
7213 8599
3829 8600
3873 3115
4057 4505
7891 529
4627 5973
3048 7877
5421 5273
6013 5100
7987 3034
2142 3634
8632 851
4443 6135
1761 3422
2602 7759
717 1463
3924 7086
8334 7317
3500 8149
8792 5074
7924 8279
7258 4107
446 2141
1577 7349
2218 1125
670 5087
3794 8319
2285 302
7946 7330
2880 4605
4676 8017
5279 3349
390 1153
8932 5118
1939 5173
7254 6621
6828 8071
4837 8196
6396 4213
1980 6460
4591 1315
7350 6245
2408 582
2682 1640
5492 7145
8176 4753
2279 4347
8377 6202
522 1490
3770 1515
4484 6207
4538 1830
4662 1373
3801 3893
909 5342
1388 2893
7075 3044
3622 4604
2141 6956
7239 6036
285 8324
2441 8218
3791 4465
6717 8368
5470 8784
1683 7365
8225 6030
5510 3347
2688 6765
4525 5378
8064 5740
8730 8751
2761 4468
4396 1232
1057 7487
2243 3794
2767 399
7571 5709
1170 7926
1985 3459
6273 5858
2106 1672
1598 6198
8526 354
4359 4594
8693 929
4706 1784
853 2838
4357 6210
3135 523
2426 5306
8630 123
8473 215
7963 3373
5110 6375
877 6787
6813 1932
7970 5797
600 1090
2138 21
4514 211
5867 8739
5154 7232
2194 7078
3014 5080
3560 6024
8531 1209
8940 5507
2597 2311
7298 7110
4794 1792
1747 1631
7941 6085
4164 2917
3729 8465
4433 6561
4640 1359
7638 2499
8629 8244
2492 2038
8259 5953
8551 396
5195 6158
875 8242
3134 5386
5776 1576
2981 1992
3886 5975
3130 1436
5184 5215
6805 2566
4735 7329
4883 8131
3395 634
4489 846
8283 7335
8145 4817
6515 370
4474 3295
1018 7882
2180 8505
4340 5512
1141 2542
5474 3565
6008 814
5911 4006
6351 790
2510 4267
1990 6264
1522 3781
2521 2194
7170 949
5080 8724
1220 1511
7329 5581
6304 4625
6597 4259
2680 2594
51 4493
6382 7777
6937 408
2265 5492
7221 5940
4716 696
8490 8639
646 7894
2558 4077
1127 1712
6076 7470
5670 5825
1998 2978
429 2537
4016 5099
7904 2622
5515 7101
974 1241
7128 363
3019 7242
554 6660
2322 3380
6108 4138
255 8821
4666 2988
2387 6484
663 7324
3281 4220
5003 1519
6889 587
1543 4494
8146 4938
1364 1399
2987 2015
89 5248
4251 4548
8093 1914
1671 7236
640 6521
6777 8186
3295 2086
8073 3861
6573 7559
2983 2508
7407 7233
8293 8370
6183 2087
6940 3294
4965 2114
2525 7544
7478 1812
5945 4842
1801 8348
254 5726
7189 6415
8524 2958
6577 3289
2847 7202
6307 3716
3772 2330
6506 7322
4806 6129
6546 2803
5741 4646
6956 3539
2676 2285
2411 7776
7164 2099
1709 8035
6509 1162
7894 3343
2291 2381
6305 3647
2784 5630
3922 7581
2837 5429
3691 5140
5328 6464
2354 2383
4633 5345
8457 5267
7601 3699
358 775
7153 2349
7730 5466
5266 5929
6373 751
159 1271
6267 104
1419 7428
99 7309
2117 986
8957 608
3931 8466
8043 1651
2692 2007
6466 7547
583 183
8128 1215
6690 1294
4137 3571
2622 2344
1312 6191
303 7649
4000 397
7054 3795
2928 3224
4677 158
1734 6109
2839 8969
508 7881
3301 7359
1524 3548
219 1345
485 4980
8646 116
620 8494
7510 6093
18 2501
1971 4942
120 3913
0 8349
3516 7552
4181 1314
8404 4587
3360 7197
8480 3963
8082 6876
7753 927
7666 8918
6916 5772
8175 6324
80 8207
1439 5960
5478 1212
7997 6099
6953 4633
8400 2739
4873 3484
3117 1950
2374 451
5350 3095
5453 4733
1253 3966
8549 6788
3266 2507
8876 2630
5491 3837
4582 5238
5959 1322
4282 8311
7260 8372
6918 5721
7812 3219
6538 4655
2487 2923
8684 6626
5792 5182
6412 7165
4586 1703
6535 8008
8848 3002
1578 8576
809 5596
4059 2377
2874 6359
3126 5803
3114 4438
6414 2376
6039 4336
3310 4566
5714 3187
739 7923
6931 756
2609 5588
1887 1908
1474 8461
1805 1719
3010 4801
7806 1530
6818 1056
6874 6802
4595 8762
3113 4284
3276 8197
5263 2806
404 862
3995 8009
5704 7080
5558 8192
6715 8769
5833 7831
7586 1960
6871 3154
530 574
3524 1850
8835 138
8986 688
3857 1972
1696 6265
2668 854
6404 5990
2295 2168
3891 845
1151 1974
8256 2647
2151 181
2865 4157
4205 6913
2612 2418
3203 5759
3936 5476
2932 5144
3563 4735
3889 1210
1178 8628
3173 6605
3430 4785
1255 8542
7897 872
3933 1420
3482 673
705 3139
122 7004
5313 5307
1021 1802
6011 434
2486 8405
7100 270
7015 2652
3093 6811
8157 1695
1813 2564
922 6218
5864 8286
1099 2584
1991 6031
1648 8730
7578 4069
4201 6386
4002 2479
624 5927
3345 6753
2409 4416
6827 3926
2706 8786
3977 1221
292 3162
2175 218
7874 1093
5441 6951
2734 3531
3304 6898
5305 6617
2812 2581
2621 2480
2059 505
7333 535
7238 4905
6528 7665
7281 1931
4989 920
5677 7497
2055 1782
5730 744
7670 4401
8989 8641
5858 8826
795 4592
7868 735
3230 4098
2455 1032
8303 4208
3342 6625
8233 4806
2043 1979
4850 1538
2233 8843
1830 5700
3782 7712
8230 2586
7171 2177
1283 1292
6219 7775
4125 2648
8855 6009
5092 7175
5659 3662
6323 8536
3136 1498
8786 7666
1947 2281
6485 959
1655 3554
8155 6076
6684 3659
6359 6998
5190 761
5707 4241
169 8957
4530 5616
589 8951
6107 2903
2542 5855
337 1596
8933 6402
5375 8354
5706 4321
2999 5730
8455 4803
5278 7293
1194 6212
8388 8946
4689 1956
5817 1658
2462 7045
2532 2561
8633 8646
2431 1949
1722 3892
3716 513
2070 7986
7860 6341
4938 8390
3446 5119
6565 3566
7385 6325
6021 6342
1447 668
6490 4519
8044 3775
5505 464
6645 4250
6643 4235
6958 5963
7526 1204
2067 4030
198 4809
1350 4495
5472 2442
527 692
8138 4441
275 1391
5164 6586
8808 7573
1589 4322
2717 6974
3491 1030
5690 2567
674 3061
4249 5915
268 5560
5657 3556
7766 6000
372 1402
5203 5553
728 7180
7930 6343
5789 7733
1231 8373
8700 8541
3302 2970
584 8246
5978 3844
7743 861
3837 552
2221 4867
2183 388
610 4491
5550 7198
7821 4534
5674 4010
7756 5517
3896 6729
4903 316
5476 928
290 4451
467 2689
4999 41
5647 3107
8562 8320
7922 7092
7931 6501
6354 7940
4880 8235
6849 1575
2330 2565
1889 4423
5780 1577
4579 988
6734 5509
7663 8471
7793 8289
388 2651
2442 7153
733 1202
5422 5011
8395 8713
1291 7502
7087 2578
2697 393
5131 225
2280 4572
2714 7884
3418 6912
8872 4170
6555 94
4929 7488
5072 8437
811 7717
7675 303
7210 4005
7169 7569
4721 2657
5768 5733
1710 2750
6998 2849
379 670
4271 704
8463 563
21 8177
6633 3456
1471 75
8907 1563
5520 685
3752 3822
1274 7028
6542 561
2378 7090
5007 355
2114 2942
2017 3614
6518 495
4917 8394
3649 4430
6196 7902
6811 7557
6467 7615
5506 4664
3783 5225
1803 8848
2384 2433
6231 4770
4256 233
3962 7991
6342 4103
1816 5030
5649 5446
863 6175
1809 5805
8676 479
2774 8507
1810 8519
8412 2874
8222 6560
7865 511
3866 7328
4316 5883
1129 674
5511 7008
8682 6618
7197 2505
3314 1324
7903 8503
8529 337
8028 8941
4328 8283
8614 4184
1258 943
4412 7762
2780 83
8181 8686
6398 4537
5475 3180
2851 4754
3282 5463
4052 1724
1218 6465
7109 1451
3157 7753
4717 8267
354 1879
1485 3215
1497 2767
2311 3852
6522 7960
2557 4135
3722 5998
5902 7445
7588 1408
2599 6637
4189 4780
3489 618
5326 5845
3985 1089
1438 2390
4210 1135
1714 5185
1650 1667
5114 4880
6887 3826
1245 6149
1029 6016
7476 8360
1467 3155
4238 2863
8468 5756
2131 8669
5067 3036
7643 2279
5151 7288
786 3303
7090 1803
3525 4039
2881 8972
5793 887
6025 1825
4232 3220
2575 7623
1811 8059
3973 2909
5919 7951
4131 8924
1814 5525
1183 4665
7324 8525
4284 3697
2230 7590
2539 3024
6908 7646
2207 2380
5039 6826
5384 5367
5233 4549
156 1362
4987 2186
7220 2413
4330 8054
6716 1392
5029 5917
6709 1229
1464 1384
5920 7639
1055 47
6479 6555
5497 4601
1067 1831
8189 5201
3618 6042
1227 8151
8018 7062
7040 558
2941 3429
1966 2998
5863 4716
2312 459
4092 3883
511 1884
8108 55
6591 2334
8722 2460
6696 3648
7561 8883
7485 6319
1074 7950
8751 4462
2946 4071
7411 3706
5040 6068
8229 6282
4933 4723
8236 826
7840 7783
8103 4540
558 6663
8282 8475
4505 5980
2163 168
4065 6992
2062 4520
170 1847
5830 444
8999 7343
8714 5294
1782 6227
3372 2339
2858 5388
172 8872
8301 6288
984 8241
3600 2307
3615 1289
3420 6320
1518 1273
6605 3874
5715 2860
1373 4513
5612 6329
2581 3246
8729 2602
4884 334
1689 2645
2065 5687
2436 7602
4438 7654
7676 1017
2698 2080
6512 2713
3861 4370
5531 4826
4183 1004
1 4611
5288 3195
8828 1737
5389 6573
7835 6883
5487 7270
2753 115
5747 1983
3013 8964
6133 7537
8359 4814
8987 3250
3426 2093
8720 4732
4531 2870
2430 4649
1444 6922
5740 7260
918 8325
1698 373
759 6944
4431 1047
5218 6571
4693 1790
2099 441
3404 2200
6817 1349
3371 1561
662 8780
8869 7672
1532 243
8351 8314
7532 5309
7914 2753
754 1432
450 7341
1959 6114
907 8596
5662 7678
6926 6676
5319 6200
6189 5037
921 1206
6782 7864
8148 6938
3443 5761
3683 6677
1566 5031
8365 5295
8857 2590
2186 6069
7204 5838
2672 1535
7969 7878
8673 8226
722 3621
5992 2920
8689 7967
4777 7726
277 165
7530 6778
7445 8571
887 4485
5070 3175
5809 8958
5681 1332
4618 1875
2076 4121
5718 4762
5239 4654
163 2184
7724 3886
7805 8508
3453 798
398 1527
3095 6948
7979 4199
4310 4037
7552 7376
8904 2735
5823 8404
3898 4715
6157 6717
3300 7172
7708 6575
2662 3843
1552 6885
2842 5170
4394 7308
3219 2357
7263 1475
2883 7039
4390 1987
5852 1244
2223 940
1095 250
4158 8589
8819 4563
463 1270
2340 182
5675 6290
8640 1721
2759 7659
4020 6229
7982 3807
2173 304
406 4128
1365 718
5210 6680
7642 7564
1155 6828
630 4525
8114 3389
4009 3918
3506 7231
5894 4870
3321 2356
8959 1431
684 6088
2434 857
7888 1129
4966 3800
297 3054
5988 4776
3326 7976
3318 1827
1904 7657
3487 8187
4296 5487
1622 8569
1558 4586
2744 5850
5936 4595
4187 499
1246 5361
1406 3701
2773 1413
6239 6817
1420 2672
5454 5779
7661 4004
5449 8468
7774 6244
2579 4523
2789 1729
6132 8601
738 3404
1921 6213
8626 2615
2594 5552
5289 1018
3900 4099
3731 8309
296 659
8534 5769
3701 2841
2512 2862
8723 4997
3037 367
4224 5078
2266 8421
771 5462
1359 1227
2565 8709
1937 2908
2673 3396
3333 4335
537 271
3104 4386
8512 53
903 5968
1315 1335
6222 2197
4266 550
3621 946
2727 4952
199 8043
2100 8753
71 2148
7741 4084
6163 8610
4622 2679
7029 7939
2063 6289
2537 8796
7474 8335
1548 6657
5115 965
6974 2411
720 3887
4247 525
5374 184
4545 7425
7831 1378
1872 5317
6966 230
5701 7596
6755 4100
8518 178
3988 1657
1931 1678
598 2935
2277 8203
3590 1003
6533 5750
7778 818
3195 1713
3038 1252
8965 7370
992 2605
4594 1360
2924 1714
6978 4565
6586 8947
4988 2262
4494 2185
602 7484
2225 2305
8805 6474
3788 3950
3493 2716
2879 3798
5901 6967
4349 1662
5226 3778
8690 7263
3288 6339
5093 401
1421 7929
138 4796
1915 1007
4953 1936
961 1731
8009 4660
2257 1419
5482 1942
8780 2879
8006 5224
8515 2784
4720 4185
6027 4652
13 4496
6613 2175
5496 1100
8177 2386
4242 689
657 7587
7735 429
1932 247
8083 3443
4674 6421
8439 342
1918 2042
2422 783
1286 3757
7797 8875
2796 7104
4383 3350
2982 8683
1063 2878
7027 3178
3955 2314
3960 4564
7893 3922
3869 430
1596 31
4515 579
8450 1698
6259 2373
2850 2452
4557 2467
1771 6759
8785 86
5752 4869
1079 5635
2937 7741
685 6740
3786 5249
876 2280
3714 143
5541 7524
7639 5691
3566 7417
8214 8767
4227 5804
2216 7299
6281 3335
2248 2195
2294 5082
1594 5589
2381 606
2934 4651
4304 7971
6819 8808
2489 1608
3046 5095
5928 4930
8651 6691
2518 5354
2320 4144
5005 2071
4053 3062
5631 5722
8686 4131
6420 161
6893 901
7542 1267
5113 1739
2296 4373
2577 6132
2371 6043
6364 7826
4658 4044
794 4522
6524 7915
4991 6470
6438 4689
1868 6061
8451 6719
6042 7756
7113 3167
703 6033
7609 6920
8884 7130
4733 4397
209 2208
4820 1106
4652 8105
5176 7638
8837 4088
8677 8003
5946 3049
7353 3687
2626 3527
2762 6083
6764 7489
3958 2397
3813 5042
69 771
6478 828
6241 7943
4219 1971
5136 8953
7951 623
1631 4381
3971 1499
7023 5451
5250 5913
3663 8677
2656 6763
3247 8653
1470 1846
1173 6991
5215 8516
321 3171
6065 7771
210 4951
4445 4303
1615 4024
5400 2919
3250 8959
6968 84
7880 2187
5368 4365
7265 4663
342 4784
1346 800
8697 4198
1826 4222
6701 7629
4581 7834
1284 6389
4958 8422
3020 8184
7592 4707
2339 4318
1236 5253
1307 5106
4091 2623
5087 6365
1302 8123
2913 2748
6763 5790
2350 6153
824 1957
7490 1361
5969 359
6912 3231
7467 7100
6448 4547
3887 8268
1093 6741
3707 2269
7451 3042
3405 5364
5198 4849
8900 22
5117 7249
4686 8931
471 715
6370 2543
191 2478
6419 8146
2033 3736
4038 8995
4444 915
8804 3118
428 175
208 7671
50 4691
26 914
8240 2223
1425 4518
5075 1520
3895 259
6236 4456
6134 1864
7773 7014
5352 528
8186 7697
7342 4475
3043 6735
3633 3105
7832 2833
6483 4643
1542 4648
107 6438
94 3030
5082 2257
1819 7464
2052 5453
1979 4026
5625 6906
760 1062
438 4668
3127 2757
5137 653
1675 3019
2623 1075
430 4292
3921 6862
4617 1149
3565 1276
2357 4559
6123 3136
5466 3453
3431 4418
4584 8885
136 2409
8151 6941
8787 1207
8652 2830
3091 7106
332 2058
7697 881
298 460
4081 6850
4859 2701
2437 8339
6174 1545
1390 7171
8988 2793
2352 5736
762 2484
2707 4795
4024 4954
6345 4617
7706 610
5569 5025
2833 126
5149 7410
4891 7651
5209 5654
3945 6774
7464 3660
5219 5041
6053 4332
149 2439
4491 1813
2278 7809
6353 2924
1160 5264
6227 687
7795 6425
4778 6330
7290 2951
4623 4413
118 7711
621 1568
3486 6793
4541 657
284 8073
5147 2560
8470 1510
1164 1126
3868 5742
3164 4792
1375 3806
4439 5279
1736 6221
478 8341
1777 217
1757 8548
1902 4924
932 7985
4112 2289
6612 5338
526 4764
3551 1919
2720 3522
6302 3617
2639 3383
5009 6752
6381 2083
8269 1343
2473 6256
1763 8161
5148 4285
7195 25
3168 6251
5698 1541
3029 8472
8207 7575
5801 1694
7567 4392
8929 3131
4350 4571
4044 1506
4740 1208
1827 6254
6670 306
7250 2880
3777 2540
2094 1785
5733 945
8070 4811
2251 2817
3673 760
2300 3823
8588 3165
7126 617
8994 8561
3650 4619
6681 3314
8038 6520
6077 4750
2831 8891
1294 873
4141 2529
7198 2464
4699 8353
3546 8398
3699 3198
8132 7754
8046 3406
4700 3948
2644 263
6626 8936
4768 4168
5697 6549
6742 5385
3627 3658
1305 6867
1212 2940
1492 2519
4780 7344
8071 6275
1031 1728
3775 153
3561 2218
6657 6789
2559 3304
4324 8837
4315 3133
4957 8021
7942 3628
5886 2072
2309 3236
6634 6730
5873 5587
8247 1553
8648 285
336 5971
1972 3081
4036 5161
6745 1482
8583 375
8642 6414
8171 4991
801 314
2541 5872
5077 4569
2942 6294
8460 8270
162 2350
6995 5948
3205 3668
2799 7981
6034 7189
3646 3138
8096 6684
6758 223
7845 7845
4130 7019
2469 8935
2016 5156
5128 4073
5962 6262
6967 4040
6944 8657
3099 7139
6915 2973
196 1114
6087 7474
3999 1595
7562 3615
1653 8457
2044 6378
4520 2848
6495 6377
3105 457
8769 955
873 7073
5615 7318
4620 7356
6766 7378
5953 2137
8243 8823
8879 2273
3419 3463
2219 6523
6424 547
417 7765
6769 3901
7331 6205
1189 8795
3638 6126
7262 2726
37 8642
1360 5670
6746 5203
5887 2812
499 4398
2191 7752
8017 2348
8854 2987
8585 7047
862 5311
7351 2206
696 1819
2938 6047
5097 1300
6328 2604
3592 2503
647 4749
5700 7786
4907 7360
4647 703
414 2906
341 6001
5734 3905
8211 571
1460 6509
7909 2027
4435 5996
2540 2873
4648 1253
4004 2534
1252 1107
7528 7530
2916 643
160 1706
7018 2296
8725 6816
314 6409
4190 6299
3078 827
279 1508
606 3192
6636 2913
5596 5007
7479 6773
394 5571
1367 7490
4318 6496
3611 5205
3544 726
6718 2655
3153 7955
5140 4356
7301 2829
7576 3733
4543 6736
2007 4480
3843 3809
2020 5558
8314 853
4194 8547
3726 3910
6983 7800
1404 6931
4919 6666
3938 8660
3609 4573
4254 3492
6799 1087
5353 6297
5554 6448
2890 6721
5576 6930
8618 2631
5216 770
4931 147
7744 8531
3402 6897
969 1851
8620 6287
465 1894
23 989
6159 6486
247 8715
4064 1487
3292 8620
842 3462
3573 1249
5439 2324
3031 6485
1268 6113
7494 4328
4765 1083
7580 3181
8357 1291
1635 2814
7899 6542
1242 3262
8250 2522
590 286
1468 8916
5913 3718
2598 522
6477 8174
7425 6592
7041 4824
4857 4311
1841 8865
6038 4815
46 8367
7458 4541
197 8633
4669 2938
653 1755
8169 7620
3353 8761
5043 7653
7509 8684
2659 8251
2283 3124
1592 476
3001 1167
7317 3318
7635 5008
5723 105
8902 3358
3795 5767
8527 4922
7547 8230
7251 1070
4360 8987
8014 6106
4163 5484
2119 2128
6773 5991
1135 4805
2160 7399
3271 5868
6600 376
1999 4593
5759 5707
5603 6993
6886 284
8007 1264
2620 5409
4548 1996
3004 3172
6073 2241
3612 1800
187 3050
7144 7215
4939 1518
2271 2224
2242 7977
6809 6940
1498 234
2529 1370
1749 8919
2097 5591
5334 5045
7813 2249
8922 6887
7106 100
542 4469
3847 5672
3767 7070
8597 4215
5736 516
361 4772
304 1726
6032 2625
2578 1217
3710 2572
914 1444
8810 8733
1982 4290
1669 8253
7918 7394
7589 6889
8105 4615
525 3541
6710 1173
7764 1748
4793 2601
7678 4859
996 6461
4469 7222
6863 6556
7332 8811
5174 5151
2333 3414
264 944
6068 605
2032 4337
2263 4002
4168 1339
7056 7604
5160 8496
981 6065
6523 7300
796 6687
4416 3787
5302 6733
6000 3168
8591 1609
3222 6670
4792 1796
2438 2662
3981 6979
4701 6237
656 6131
1448 7893
2200 8607
5059 554
3874 2934
2782 8350
3243 8522
5402 6844
1196 44
7685 7358
6749 5337
6705 6497
3822 2693
8101 1298
1557 1643
6979 7108
2344 4062
6114 4558
8391 3708
7264 4419
6217 2202
582 6073
4710 694
415 1636
5773 2403
4381 5828
547 3999
6797 917
7762 5039
5221 628
158 743
1963 5474
7596 8414
2249 4351
7667 2599
2704 722
6547 2043
291 5614
2975 5887
7209 7874
424 3705
4896 297
7399 8448
8141 3582
5917 3858
1500 3960
7002 8866
299 3243
8085 58
2939 6640
2876 6518
7974 7947
4008 5400
4293 5260
4605 2627
5035 1023
5249 8971
7701 2795
983 87
3647 584
482 5613
2951 7706
6125 941
5267 710
378 5275
8936 190
5525 8798
3732 3924
2811 5291
592 7271
2986 8486
4979 981
4203 3891
2589 594
8209 5326
6510 4023
4818 8544
8824 5607
3572 4978
8405 5782
718 1503
5272 8524
8421 2115
3067 141
5038 1891
7424 5091
5109 4574
8718 6250
5639 4058
1192 645
572 2205
8008 5376
2316 6578
1328 7191
3267 5886
673 8391
2050 2536
399 5549
7346 7345
6390 2461
4291 4642
3475 480
1741 5416
4540 7426
603 8100
7215 6982
55 5393
3231 4628
6692 1025
4621 2189
1880 4674
2888 768
3149 7538
8252 207
529 6574
1919 1181
4849 1122
6923 8952
8343 8770
6832 395
1237 8882
5983 5373
8774 7761
5563 8560
2849 2364
7901 6310
6058 8944
4657 5932
4527 3078
3907 1587
6574 6881
469 2347
4234 4188
4663 5410
1845 5569
8888 1610
1033 8889
6274 6348
2383 7402
5878 3448
2360 7364
8368 478
8425 82
6045 6744
2562 780
2628 4551
2978 8352
800 2674
5049 6316
6693 848
1986 7900
1663 3425
8187 7305
8244 4149
5000 8107
256 5715
3184 3711
4653 6547
8744 8178
495 4326
7352 5662
40 924
1068 6041
8514 6257
7224 2294
8817 8410
4921 4961
5621 2232
4240 2133
8953 7626
4170 4679
3361 4489
8004 4696
4547 1975
397 4728
2396 3307
8695 8789
8295 6631
2857 6097
954 7255
1002 1797
2830 5323
8749 219
5925 5841
1475 4695
5207 747
2989 3020
109 8290
5388 8393
5283 504
4961 5340
4379 189
128 7803
2348 8328
541 7832
5071 8036
5433 101
8309 767
4926 7919
3626 3546
7059 1445
7688 4178
7960 3498
4593 8868
7436 2235
8619 8654
3028 2108
5193 1505
6672 2247
1519 6845
964 8994
8882 2746
8748 6492
8552 1465
4549 2076
8160 1386
8081 4850
3178 3074
8509 5479
4018 4070
6880 4203
1520 4892
1240 2563
1550 494
5407 2888
2836 3878
2342 8645
4553 4827
2454 2317
7019 6890
2689 1900
7021 8688
6986 5234
8795 6857
7628 4432
5396 7325
2749 6878
2503 6206
3469 7937
4528 2573
117 709
2814 6283
2250 8817
4580 7302
5831 5240
1873 6767
5811 3487
8979 954
8327 1681
4894 575
4937 2069
1692 6544
8668 8898
7469 4231
7247 7865
306 6529
3755 5457
1082 3903
344 5638
5373 7499
629 98
4680 3411
4960 4405
3200 1753
5607 8458
7222 1493
3245 6311
5246 5166
35 5546
8104 1223
1527 4338
2669 3520
7152 6644
350 1096
6141 1744
956 5618
5653 6350
3358 6270
4619 1019
3410 3670
313 8382
6312 539
1323 667
5394 7584
5011 1771
8703 4289
5345 8921
3815 7225
1967 7230
7279 7562
1774 7438
8925 7663
1876 5939
6062 4483
3161 6947
14 8950
8290 5564
4948 7958
7519 6863
4287 7369
3272 4492
902 5559
7613 3672
7423 5923
997 764
2112 8910
44 3000
7518 3923
5813 3245
5651 8609
889 7381
827 5615
2819 2081
1531 7135
4097 1034
8213 3083
3756 4950
5721 1390
114 978
5626 3689
7857 1468
3523 2443
1041 749
229 6217
1730 3265
2618 4334
6664 2711
5169 4059
7105 3488
6085 4909
5460 394
3655 7973
8566 4279
3124 5674
4711 1715
8013 3609
4901 1001
6708 3746
8497 6515
5471 450
4372 1723
4690 3141
5257 1174
441 4425
6422 7284
1426 484
7068 6632
4354 7442
7232 2925
6360 3352
2895 750
847 6528
691 6780
1153 5565
7245 6903
779 590
8520 7411
4916 5609
5381 7970
7546 3499
8790 3394
3805 6654
5318 8736
570 7710
2338 3026
1941 6739
8503 281
6747 5394
6386 349
7061 229
1955 3412
3007 1513
7147 8757
749 835
42 4672
7139 7456
2356 5711
2498 4915
5094 1838
4274 8387
2646 2884
5155 6588
8271 1316
7033 3400
5641 8275
6452 4466
4773 3334
4871 7962
4437 8205
5526 5183
4452 4969
8165 2079
8097 6005
8993 5771
1391 5519
785 7555
4650 4276
6447 5821
8478 3784
3450 1467
5019 4260
5112 7501
1070 6888
2801 4221
6136 3290
4729 7339
8592 8746
8005 4018
1672 4440
8335 2396
1785 1756
7648 4944
8609 8550
1058 3271
2601 8449
5481 2318
3661 7017
2891 6134
8390 5235
780 5455
2719 2402
4405 5774
1275 1808
2155 7966
4470 4434
7983 2388
822 7703
3785 2686
4299 4756
6069 2170
5211 5656
8434 3785
3376 2638
4927 4878
1228 5532
3501 3376
5316 8292
6702 918
6530 7787
4162 59
4184 2728
1202 7533
7347 4998
3290 1074
5880 2242
5855 5520
4588 8960
3061 5121
3320 2771
5419 4306
173 2731
2971 553
6619 6002
1720 8674
3316 2533
6043 4273
8643 8497
7371 7542
3957 409
4824 1532
4544 4958
3485 8245
8764 3572
4230 2500
3416 1033
540 2473
1478 5619
8170 5352
8906 2023
3106 5884
3925 7727
1019 2941
4659 849
4116 3510
7710 8624
7418 8222
5321 3951
2174 3941
5693 8165
8452 7212
3846 7227
1085 1175
1625 3434
7099 1740
2757 3865
830 8180
2365 8526
1618 6211
2800 6507
1756 6052
8659 8211
3576 6308
5547 5247
8249 2412
8144 4626
3139 7311
2573 4274
2154 3361
988 2725
4467 7963
2980 6312
7715 6428
5212 5379
6606 5710
8505 140
3935 3351
5562 4133
331 6986
1776 1374
6798 3311
5069 5324
7689 2096
8644 311
2642 7794
2670 6269
6337 5195
4080 8297
401 4086
4047 654
6245 7911
2666 5414
967 1760
7972 8511
8094 2805
1408 3491
7582 8272
177 902
649 4968
5754 1607
8628 4990
4613 2237
8248 3603
1822 5176
392 6356
2549 448
8192 4688
6975 2881
6292 2045
6744 2161
8456 5157
8775 7022
6299 2210
2893 8371
812 2551
6340 4151
5145 4410
3445 6271
6355 2482
2633 2091
6675 4751
1320 255
856 5353
435 5582
5161 132
3583 2791
7289 7383
4898 3496
2234 4014
3375 4614
5851 8680
140 8006
8492 6597
7827 252
6300 406
8905 540
767 2945
6445 1779
1724 3093
5480 8152
5214 8996
57 6524
1706 8805
2786 785
1711 121
5796 2207
3679 6604
1632 7685
5968 7149
8139 1076
5957 631
7194 7342
3616 7550
8554 2267
8475 2014
5312 2337
3983 1533
751 8060
7796 3953
6935 5999
4482 5490
4095 7157
2608 3293
7274 6704
8410 4812
2996 2846
1207 5289
8284 2270
7627 5807
7654 3157
2908 5079
7192 5987
905 4487
4941 6170
4897 6098
1139 5020
6434 6958
5650 3817
5168 3675
7320 8488
3804 7141
7005 5009
4061 7993
7404 1741
6899 4778
3602 299
6688 3070
8536 4829
7134 2575
6481 5608
7879 5014
6504 8154
7237 5755
5834 6328
5162 4034
6890 7689
4309 2744
7428 438
1703 7131
3463 2013
7854 2165
971 7429
2903 5048
2835 1309
1248 6167
3408 1859
3662 7136
8294 8857
364 1191
3210 14
8056 7066
1599 2937
6407 1644
8495 6006
2650 6314
692 7491
8277 5649
1166 6240
6007 290
4529 8890
4856 5292
7781 2948
1138 200
8296 4556
698 5207
7886 7142
1195 3862
4537 5089
5816 5316
7742 5116
6823 5104
4325 6139
1861 4064
8983 1623
6047 7806
2927 841
4218 8302
7248 8765
4352 423
5638 7719
6695 8120
75 3625
8739 3983
4923 6094
2838 1798
8849 7088
8379 7801
1824 34
7338 2203
6293 3190
6748 6072
4136 2063
2818 612
2641 2315
5559 4447
1591 7050
4795 2944
2550 5047
2572 4065
7408 1354
4342 8176
8156 4134
8832 1496
1913 5090
1175 6988
366 990
699 1258
7748 2151
8862 8189
2886 2111
64 3365
6815 4515
2882 3521
2334 2521
6929 20
4511 4388
4365 4910
5227 1077
2538 6079
2964 4704
6491 6226
8112 6595
756 4554
7422 2835
4093 8954
6970 188
6845 1890
4237 8785
7981 3741
628 5833
7758 2481
2567 4543
8442 8380
8304 1895
1386 4348
1501 5219
4115 3269
4597 5314
4649 8523
871 3577
8119 8479
4067 5132
6329 2387
3064 844
4032 3588
5868 1262
4628 5937
3191 2717
1847 1196
245 3460
3764 6396
3054 3596
3570 6117
5905 3523
2188 6829
7095 502
4519 4949
2039 8980
7012 1127
8523 509
1555 2477
3366 3802
4149 4230
5420 7207
6131 5179
1327 1448
4216 114
6074 4904
5129 5831
7682 2737
7647 8555
8877 6089
2792 568
3116 8323
8079 4763
8738 4112
5414 7624
3881 4399
8721 7879
8931 2847
4063 2949
1901 8179
7070 6732
4132 8068
6145 8824
7102 531
3774 8856
8799 5660
3996 7644
7799 6164
7631 3503
3743 415
1823 3235
3018 8148
549 8440
5710 8894
2765 5764
2314 5382
5244 8755
8962 6929
7549 6797
6046 1832
2182 2844
6844 1353
6152 6985
1279 180
3940 8879
6166 8079
2625 8332
2107 7700
4069 7681
2483 38
857 8520
3809 1250
6659 3559
5483 3239
6078 985
1513 5501
3557 7812
2080 204
3312 4298
8310 5912
737 49
4964 7353
7156 1054
6409 5916
6852 2217
8982 3691
7429 6754
3094 6821
6656 7510
5159 4710
6384 2782
6322 5982
5265 7094
3049 3249
7862 4270
7923 1918
1013 5578
2299 2230
3082 5375
7432 7891
1234 4216
4151 3221
5573 2896
6790 2612
3527 287
2086 2302
7163 7813
3776 6125
3723 3022
5431 5497
6663 6115
2961 8063
3519 6971
3909 2415
8653 8774
2523 4567
5997 1495
6180 2075
1700 1218
6423 7749
7372 5962
5343 8822
1751 8133
382 1128
311 3144
6531 6003
2917 154
3220 8976
4156 1836
1097 1529
359 6360
5572 8942
6691 8381
3703 8013
3063 8691
2028 5508
695 8845
1753 5524
2484 5105
5217 4568
8398 3253
1206 6397
2548 6157
6897 838
4144 4019
8645 6989
7314 4333
8831 134
2804 5918
3629 7837
7358 2703
4466 4671
6877 996
1608 3834
5954 4195
2514 7840
3919 7517
2343 8871
2705 8702
1306 5671
3503 26
6787 8038
7783 6062
519 4673
272 6596
2040 412
7728 578
7376 3954
8710 5684
769 1472
2533 3276
38 5692
3606 3917
7763 8220
4139 1282
5258 5685
1137 8594
3932 6127
4385 1645
3882 4473
5577 1073
6789 5305
7459 1649
6603 1686
2321 4363
2388 1804
5277 4136
1060 6154
6848 6192
4366 4970
2056 6607
4292 1795
2349 2568
5560 7577
4728 433
3121 8749
7390 2420
4507 6599
5111 8626
479 2955
1667 1385
7565 2105
3943 5856
8411 2382
1392 3580
4914 7388
1106 3375
5311 1617
4990 4079
76 6779
1102 2088
816 3067
5303 6151
7553 5346
5297 3021
1799 6564
5970 5033
179 6055
2699 7058
5717 1497
1168 1635
3327 5817
5665 3327
1793 3920
496 2300
4506 6702
8266 8719
5346 3723
8616 6548
2109 3730
7360 3397
6437 2309
5640 8042
3757 5174
1142 2180
4351 890
3599 4630
6160 1134
3481 5760
1249 6977
1755 301
2821 7059
5282 1709
3186 4300
1641 560
3040 5573
6938 7645
1298 797
8815 3968
4373 7290
6112 8070
5799 6772
5942 4740
8691 4916
1422 7594
4472 2025
6093 8623
6330 6185
5922 6405
3017 4860
2136 2639
7733 935
3206 1620
418 4478
6291 5725
6698 3069
1483 8763
6358 4832
6840 1911
443 3170
4099 6334
6551 1405
2862 1091
3479 6641
707 6601
8167 224
982 2712
7964 7005
686 4499
2756 6916
7731 5298
2130 588
5680 5555
3293 3097
5937 6566
2146 15
2775 4983
6786 5301
6846 5212
4246 4583
8010 3486
7067 1547
8163 633
7184 4542
891 170
7833 187
2395 3015
338 5786
2568 3935
8604 5366
6679 144
6724 7634
2048 7890
726 8249
5462 108
6050 6516
1748 3515
8763 2098
1646 4422
569 2360
7598 3756
6500 8020
5804 1164
5976 4444
520 2682
3867 3868
3848 7361
5220 5272
3072 3418
7752 3234
3196 4856
8944 3671
4642 3640
2476 3291
3855 593
5737 1781
8537 5398
1882 33
5192 8304
8333 4236
3540 4436
2729 236
3060 6184
4084 142
6006 2886
7453 7630
619 1632
7446 4666
6861 4352
447 7773
395 1136
3897 7637
5815 8442
2766 5004
1506 3381
19 3889
340 2947
7657 5424
4337 3160
510 6487
4088 8613
5720 4977
7072 29
1265 5086
5634 4341
5494 5221
8535 5862
8446 4076
4094 4678
5178 4320
462 3163
3034 329
4753 1718
3488 6447
4436 6743
3749 2483
5367 8456
1233 109
8846 8181
6954 7825
2990 3511
5672 2904
3530 8735
3080 3116
1435 1627
2177 6572
3433 8108
3492 1619
6534 5142
7225 7930
4100 3599
1442 6462
855 2694
2306 2933
2199 4275
58 8636
7481 4585
3630 7896
1575 6996
3806 5527
8090 3776
250 19
7919 2705
665 4145
3582 5243
1342 8096
2791 640
6280 7023
817 135
3187 283
2046 8103
5586 4976
4398 6489
3859 1933
4750 1239
3513 6015
7483 5124
1729 4021
1428 117
1289 6886
6795 4532
4305 4775
11 4884
3641 8012
8513 5734
2806 3760
5366 7511
1994 6532
4486 4371
3244 4218
8893 947
7410 5413
3624 7797
7288 5177
2477 4946
7235 2684
2878 3317
8136 6029
3152 669
6994 1494
5762 6530
1521 8150
6309 7709
3077 6840
7475 1861
4813 1540
654 3101
1198 675
1769 5747
4833 8443
6629 5994
7325 4765
765 4252
4702 2811
7604 361
6580 1981
6803 6258
6103 2554
687 6313
4885 3378
8464 7887
577 7843
5355 4722
4900 980
4802 1333
8782 2574
5182 8089
5788 2290
8683 4038
5432 455
524 4607
460 8807
6255 1008
7533 2395
3696 3584
87 8790
5242 7972
3725 5486
7625 2221
2210 6647
4319 8662
2064 6682
3214 534
4789 5494
1573 3432
7337 6807
1036 5956
2013 7057
1563 6836
1446 4758
7593 2661
3158 8093
3197 2245
985 2619
3000 7393
1221 6123
83 1039
6427 1334
5616 446
8681 5801
7291 7458
2125 5452
380 4443
6883 5399
5632 5925
3594 282
7927 6784
5623 6333
8262 2475
3562 3915
2152 5938
1750 5017
3968 2520
4003 4529
7141 64
5585 8076
7306 52
2497 3035
8556 4743
1604 6071
1839 465
3545 2255
4255 1330
6334 2740
1209 8016
6124 1841
2803 5818
2011 8846
3133 3193
5964 2592
3603 6806
7300 5072
6459 5814
690 6510
6461 6646
4904 2727
7800 8327
4945 3683
8740 8409
7115 411
7887 8155
1113 7303
7151 6165
727 4339
2630 4683
2435 7788
545 706
5138 8221
6341 2041
2855 3102
4703 6738
1376 812
3915 6910
3643 8929
4864 2438
6639 3134
92 3641
2407 265
1945 8648
2930 7452
7732 3816
1125 3158
1643 772
5806 2035
8050 8129
6557 7833
5850 5085
3720 1504
2019 8032
7677 436
861 8640
1264 1531
8275 344
243 2498
5745 7737
7876 5441
1614 96
4974 7375
4570 7075
6376 4264
6249 3808
6554 7098
7240 2632
426 6954
3012 2864
5545 3590
1190 7954
3480 3630
3495 6994
3132 6583
110 567
3092 332
1629 4591
4473 4179
1301 1120
1878 198
533 1603
995 5220
1066 8695
4685 5196
1523 830
5229 2872
2936 124
2143 8768
5561 2513
1374 5812
7825 4001
550 2405
5731 8039
8218 8676
7771 8827
6925 7866
4629 1730
1278 8116
1701 2239
7202 8
7055 5978
858 1569
8459 3196
4656 7091
2077 2820
4943 806
6272 7246
7393 42
5410 4212
7803 4621
631 5879
6116 5165
5362 2201
3287 310
4447 8723
8289 7521
3613 5475
1389 6384
1132 2804
6366 6182
6277 3339
7545 870
7790 1441
4103 8549
6268 1031
3730 8816
1366 8726
4143 4429
6601 3894
843 8527
7660 5184
2327 4461
5931 2547
4609 2799
6061 3011
7149 1396
3634 8083
1584 6638
7362 6649
4102 1341
2634 1121
8671 907
8623 2532
8063 7871
882 536
3039 3374
3518 6997
1909 7252
1000 269
5713 2549
7420 4063
1670 2393
3340 2251
7065 3405
8594 3799
2925 4060
3417 7465
5872 4620
8178 2901
4821 7873
453 3947
6816 2733
8238 3581
1851 1964
4967 8981
2763 3561
7932 4623
5910 4639
5593 2698
521 8499
4079 8743
7864 6028
2877 5522
6567 7193
1484 8997
4749 909
8911 4189
958 5360
4696 1290
2867 1055
7929 1286
400 8621
5031 5729
1874 248
4807 7113
6408 5642
2968 7367
7057 2214
1423 8034
6671 2768
6687 6087
7285 4233
1205 7453
1964 6761
7515 4148
4922 5362
3009 2425
4454 6338
3159 7595
574 4163
3617 3416
5048 6919
4333 8638
6680 1226
6792 5460
3554 3064
6665 235
4401 4180
5619 5244
2029 7228
1197 56
4481 3601
8539 8490
4630 6268
2480 4925
1905 8783
2015 2016
7767 8423
1230 6445
4300 652
393 4508
6564 1901
1765 8965
2003 7680
8679 5357
8234 7424
708 4608
5934 1717
1564 1786
3842 916
4875 5049
929 3085
5539 3090
8853 8359
1368 8250
150 3650
5552 262
3787 2800
4643 8451
3198 7855
6532 3379
7507 4734
6498 1691
2793 3606
4832 3958
6589 1085
7183 8400
7286 6242
1528 4262
477 5402
2105 6443
8829 8248
5546 4833
5523 4379
1473 6506
4461 2936
5678 2408
3766 2340
6130 7870
8760 8321
3447 5846
1853 6879
8420 4747
7335 5534
3558 2457
994 7543
8406 1656
4128 8974
5315 7031
8210 3495
8517 5748
6369 601
8995 1641
4075 1414
5014 5958
8638 3210
6016 8243
8635 7003
3323 3348
1581 8055
7817 1403
716 3366
308 2669
8547 1991
1024 1464
3827 8748
8122 7767
5489 8233
8847 1480
2397 3939
7535 1525
8917 2807
6443 3080
2081 8775
5444 8649
3373 1048
4258 4897
2779 253
5836 209
5170 921
2708 8672
2868 4719
4096 6345
1088 3956
8701 1615
5395 8277
8781 5689
8806 6038
316 2342
6486 7978
1215 8792
5335 8318
8435 3354
8098 8023
5427 5115
6155 2761
7704 2885
1296 7799
8374 1526
2716 3898
4603 4618
2738 1064
7522 7525
8511 2877
3145 8313
5270 3550
5676 6433
5008 5920
2162 6327
4902 7732
1875 4853
8389 4974
7599 7892
4005 864
6474 1551
7878 276
807 4967
523 3769
4842 8296
3348 7592
6186 3635
2984 6049
8584 1765
8981 732
6220 7355
5225 4047
7967 6932
6683 5604
3324 4194
8569 4027
4983 2361
5146 7054
7544 5092
5411 804
3435 5698
6875 1200
8427 148
2509 3370
8952 4242
3587 7664
6229 4658
5124 378
3819 5318
7838 4898
2452 136
910 6598
3264 8966
1087 4781
2935 1088
8733 1707
1454 1945
7367 194
8743 1930
5805 8144
4229 1272
5490 691
5930 1442
2722 8392
8613 5836
425 1251
1642 753
8023 5312
4451 4844
5056 5515
7986 1098
2686 597
1053 776
6263 5239
4626 3103
3309 2308
6497 2971
8745 8312
2069 54
7777 7690
2176 2370
2479 611
7759 721
1731 5599
2805 4888
7079 555
4263 4709
3851 5967
4322 2558
8110 4387
4959 4197
3166 1853
8130 3442
439 5296
79 8758
1957 964
1792 6144
2153 1976
8258 4699
1199 7600
8376 5228
4567 8345
3472 3099
623 2963
5340 6186
4911 5122
5153 8088
5045 3325
7484 3164
2777 5837
6957 4207
1479 5263
3876 6119
3937 5293
4285 4598
3023 4947
416 3047
6969 3045
1393 2624
1424 977
5590 8720
8678 8074
4798 8000
8885 3985
5716 2055
5248 793
5324 4866
4076 1111
7116 1586
7433 8880
1370 4714
838 1299
1004 139
5180 2385
4175 3292
5841 2085
1712 8185
3760 4854
2508 6196
5201 4497
4179 5262
6741 5126
2450 8316
6649 4744
7440 3324
2528 1140
1981 2850
205 318
142 6255
6365 1155
4046 3368
966 2427
2405 4176
1973 3169
1276 4204
1267 119
6933 3618
5719 1612
8342 4972
6401 191
8466 152
4086 3674
2832 7475
4775 7150
4930 2231
4744 4979
1797 5456
4590 7535
8116 3929
189 5073
6864 2788
6374 2301
4228 1524
4607 5158
1214 5226
1666 6866
2588 6901
4698 6611
6625 6822
6455 6111
4682 3530
6172 1049
7136 5749
4877 7481
1705 3896
5401 1882
804 3914
3050 542
3274 4174
6484 6276
8639 620
5628 6559
8706 786
7720 3331
5166 8225
1090 3004
1120 2116
901 1606
6842 5434
6242 3410
835 7846
317 8581
4248 8463
4791 7277
7792 6659
1766 3098
7937 7295
1948 7063
6511 8858
3669 4713
4421 5109
5323 5481
4815 1288
2600 6361
3579 6508
3953 683
947 8377
3254 7199
3188 762
459 7382
6905 8357
2133 8698
1331 5070
119 5889
3294 8159
6003 2972
3916 5001
7223 5511
5726 3579
2755 8860
666 4152
4683 871
4787 5310
5512 8478
1293 3367
1743 7656
5589 5882
65 8160
8197 2144
5058 3338
636 5229
7634 3782
5041 3129
503 7693
6900 6481
3664 7576
6959 1502
605 5469
1098 6141
8656 4603
6757 729
8216 1395
6784 2264
12 2801
7166 7603
3162 3273
8789 5242
295 8551
1786 6388
8750 2031
1676 8492
8688 335
2712 2842
5241 5005
787 7268
7123 5339
1260 1404
7188 8635
2229 4874
752 8577
5095 3084
5761 6326
596 2368
8548 3357
8479 6224
3708 8239
8870 598
5909 2634
3745 315
1767 911
8195 8415
5143 6745
8573 6235
3169 4486
1146 5995
5337 5731
6873 5147
5308 7121
389 2428
6153 7125
8844 2765
4153 3973
1762 1457
328 5601
2781 6416
6290 4160
960 1873
5655 2400
4253 3578
3319 1746
6913 5699
6804 8510
4944 782
82 5108
844 3297
4298 2607
2657 1151
725 2352
5054 3519
7179 2147
5684 2219
5309 600
6759 5957
5553 1883
2952 6827
4550 769
5881 3320
7711 267
641 307
4098 705
2841 904
1281 6337
3668 245
4741 5051
2267 6172
2889 3088
5290 6138
1187 386
8757 6027
7311 8413
6779 3184
8413 7407
248 8836
7448 4127
3762 345
8954 7237
6301 4164
4892 602
7681 6488
8311 3981
2640 8487
4734 3911
8415 3006
8958 1629
6753 7315
4239 71
2690 7563
5301 8728
4781 1954
7882 5944
445 7677
2368 8570
637 3060
6540 7957
236 8238
4665 2465
1451 5942
2031 4936
5500 1043
1045 8126
3790 4471
8716 5783
2184 6665
6295 7386
7881 1214
1732 5877
7211 1661
3170 4407
2165 2837
322 6514
8483 364
6946 7867
2808 514
1030 8670
5119 7265
2060 562
2451 3173
8152 7278
7255 1582
1725 7821
6689 3909
1075 2557
2115 8326
6115 473
2385 8986
1568 566
5608 1061
432 3058
8267 7406
6070 3713
8991 5288
644 7850
562 4662
5840 1326
1936 8365
1299 7162
5442 308
6426 7480
6519 2894
4563 2790
8471 8873
4799 4404
1025 6263
6949 2642
6520 7156
3648 879
74 8097
216 2039
3574 6446
7093 8388
6204 4846
4954 2515
2998 4926
1649 1146
5544 3119
2703 2310
5682 524
4007 6011
98 6505
7127 6664
451 171
3207 5645
7226 5776
5234 4319
7615 2103
6253 1968
4985 4622
5803 8799
8662 6077
6541 8744
616 641
175 4265
5300 8287
2187 7747
815 8077
7455 6557
7538 166
2037 8467
3086 392
7863 8534
4314 7446
5175 7816
408 3801
5601 8219
4235 1265
2217 6078
3818 8052
6224 5422
4624 5046
5064 8102
1752 8583
8407 8310
5513 3676
489 8048
7117 5128
883 3312
4509 3191
2027 7607
5844 5926
968 5737
1494 2258
1337 5198
7270 1364
6965 1187
5543 2541
6721 7763
6442 3831
4161 5765
2108 4382
8715 6543
1914 5867
6311 3607
4861 4539
5459 4889
6178 6304
6400 2384
626 2969
5261 6017
7388 4570
6111 8172
2012 5751
7980 948
7356 8912
8913 5624
2036 8663
6964 5415
721 6785
7644 5893
1789 6546
8667 6749
919 6536
1978 7605
2159 6300
4504 319
2087 1962
8709 7218
3779 8970
6948 8134
4295 2077
5443 1430
3870 7166
4339 728
4510 6260
4459 8658
2057 390
8242 4907
7858 3904
1717 6478
3036 3789
2206 246
6482 3027
4779 5636
4556 6714
8349 7052
6667 5038
4122 707
6920 8389
4614 6143
4233 5332
7230 3205
3942 173
5163 1356
2140 3023
2785 6231
2658 7648
1512 4237
5996 8603
4712 4455
709 8301
3261 3558
3022 3859
6697 1977
6002 6900
28 3763
2994 4012
6338 7872
2664 7096
5448 4847
7009 5052
6035 4420
693 8305
224 352
7085 2456
7341 4798
810 6737
898 7463
3681 4191
778 1549
5950 8825
2337 7027
7823 221
2307 8014
8350 5271
8272 90
784 5997
6206 3593
8669 1163
3285 3440
2852 6724
8841 7037
4868 7409
5743 6371
7889 2489
7401 7667
3269 7413
6892 3739
1571 1589
3351 7061
8909 8005
8778 475
5325 5851
7856 7327
7097 7002
5795 1184
7366 5461
3593 7178
1654 1654
1993 5322
2919 2506
3547 6965
1688 5644
1708 3638
3585 580
6225 8284
8251 1824
8445 2092
7791 1522
2198 856
7016 1245
8039 4457
3914 7338
7966 5620
4152 2391
3659 6467
4155 2526
8087 6007
2113 8830
419 2019
6537 68
8382 2183
4370 1557
155 8231
309 8104
6256 8426
1461 8217
5488 7418
6403 4453
507 7077
5938 8937
7491 1095
8298 8528
1778 8278
3270 745
5264 8010
6896 8084
8062 331
7392 2434
7438 7908
6375 7158
8963 3313
3690 4895
4928 1492
4369 6367
2856 2277
5268 3622
4521 3890
2075 7026
4764 7611
7844 5286
7590 1138
1718 7586
6851 439
8305 1336
8220 2299
6092 1984
1633 6112
3068 556
5338 5308
806 8876
7431 1915
3021 8650
8344 4657
4406 7173
8322 5946
6517 4424
2695 1131
2274 5401
5369 4879
5605 6116
518 4746
697 4156
6117 4514
8263 8489
7757 2816
5310 1940
4424 6249
6235 3732
7421 837
8100 4544
2544 2494
4574 6695
3704 720
8611 8905
7010 193
2547 6379
2827 2954
2000 4755
2009 1247
8089 6565
1600 4378
1482 1866
4062 7561
8313 3871
6286 4975
8118 6512
5238 6748
6582 5444
7975 4268
3396 6614
998 5506
3541 8992
230 1397
3781 6859
7103 4741
2269 1058
6891 5034
5820 133
3543 130
6261 4835
5977 8794
6587 4367
3738 8819
1610 2073
8776 1829
682 8340
3614 4460
931 2628
2213 3867
3753 6408
39 682
2507 501
1952 3643
6579 6674
6460 7802
1077 5167
7727 6535
1588 3856
5903 7287
1491 6980
5392 327
7848 4036
4 863
7952 4501
7871 3984
3689 6511
7665 5621
1126 5204
2920 5864
6850 5192
6326 8072
4811 3936
7573 7888
6878 5528
2788 7539
3477 7688
8930 538
2632 4929
1681 6908
8190 8956
4661 7734
3502 2654
3341 6060
3631 7478
220 6180
559 2696
2926 7965
7039 7506
3534 1773
1906 3013
7470 5738
1514 2173
1958 1255
7125 3818
1271 7790
3845 7642
3189 63
7908 650
2828 3616
7168 8183
1344 3680
6778 4280
7905 5280
7236 8940
7078 913
8732 6894
8660 6253
7950 5043
6171 4773
7064 7545
2869 6540
7583 656
4037 3041
8166 6321
8431 874
7714 1143
1379 4989
7718 3587
6489 7519
72 1917
3085 1874
1241 5315
3172 1965
632 7876
7662 7071
3930 4730
225 1394
617 3502
5999 1865
4829 4105
4450 6163
5807 2236
5284 3296
2158 1401
8372 7076
5463 700
8890 3684
2400 8685
2482 3455
2261 5187
5772 4091
3682 357
8724 7029
7355 809
3746 176
6756 1243
4746 1411
5578 3384
4207 1201
5468 5194
8273 2367
8025 7432
5854 3377
7201 4802
1381 4448
7815 8939
1951 8216
3739 8344
8968 951
5033 1591
6719 1959
278 1913
4812 613
2825 5024
5518 7526
5132 4
3257 7687
7110 5598
4386 4141
6440 6896
4294 4538
8217 7137
231 5830
1538 518
7939 4882
6378 8430
1849 7751
4845 5380
5892 8460
3296 5397
310 7989
1122 6804
5966 5222
369 8447
8827 4205
1017 4995
5645 4090
7394 6768
2956 6671
8173 5018
2010 8506
8685 4894
347 80
3834 2966
7472 8232
6835 69
6707 7679
6622 2659
4508 4928
5017 4580
3917 7815
5633 6291
2332 5949
7022 2021
8124 6322
5832 6809
506 7272
115 4706
4395 8854
3256 6022
977 3731
5423 5529
3277 279
6825 462
1735 5947
7375 6122
8926 5682
3466 1473
6723 3300
7957 4183
2635 162
8206 6469
3695 5083
5943 5681
5990 2065
5445 3975
5357 3038
7409 5188
6516 1375
2859 4256
7570 6498
3660 7374
5299 3029
6971 1379
4612 4092
4495 958
4713 6150
5652 3489
8601 5752
4745 7641
745 1775
3234 6525
3640 7738
688 1109
939 5693
4555 3122
4380 678
6632 1844
6740 3204
5885 2775
8894 6232
6205 1794
7729 7640
4185 4190
6771 5480
6814 1398
3670 7205
17 7811
6104 7041
5294 1927
5121 3242
7162 4301
7135 4075
1609 309
1165 6208
2560 3121
7025 8482
5076 1754
5599 5950
2002 1461
7776 630
6033 73
854 7226
8142 6189
7872 6949
100 2050
6919 1868
8891 3398
3923 8809
5222 6892
7176 8384
2760 6966
4303 7848
2170 621
1546 1637
1259 8061
2246 6872
3182 8554
6252 5333
8896 6490
6973 2345
2305 3033
1354 8532
5281 3611
8921 5076
4785 995
8363 1628
5042 6756
4410 2927
8057 695
3884 2424
4129 3644
4462 4986
4602 6220
3803 1443
3202 4606
4760 7251
448 5600
487 3213
8115 3681
141 8266
3505 5148
2068 3323
4440 3568
7435 2225
3515 6868
3335 6552
5825 8820
3456 6091
2519 6306
5604 7746
262 2685
5995 3545
3076 6179
5871 4912
3706 6933
3406 4369
5063 2741
1326 1010
5778 1308
940 5054
591 6701
3100 1928
4936 7505
4995 637
1399 3821
7775 72
1583 6668
2264 1573
3605 7368
8717 5548
5766 5964
3291 1283
714 3569
6149 2353
6676 7427
3062 6577
8316 2699
2587 8273
3047 4653
7587 3727
2488 2511
3377 2895
1862 8711
6352 7778
4697 1588
4145 461
3357 3438
8036 868
7760 4294
505 7401
3284 8274
1968 2101
8448 1687
5099 784
1043 340
845 6587
7713 7419
4320 8771
6137 28
5979 8888
942 3780
353 3091
8578 891
1954 6904
6791 3853
1863 6856
944 581
8106 280
381 5703
3820 7889
512 8747
4456 4345
5849 6241
1537 8690
1073 8015
5663 2930
1867 8480
1101 4959
6179 3151
6079 3993
7167 481
3083 1697
897 275
4518 3431
2949 3529
4468 385
1637 6662
3483 2171
6894 1169
8260 2756
6552 1450
2366 4546
1611 824
1347 7953
535 2900
103 5150
808 3433
4344 642
8188 102
1682 79
1191 5754
7992 5746
91 3086
6669 4813
6854 6246
1377 5
1413 2135
638 1139
6184 8512
6678 260
2678 4476
4743 8081
1926 8844
6590 4599
1507 6362
2331 4988
271 2252
8939 967
4826 466
6473 3849
3879 7350
3902 5217
4272 5329
4411 4355
6191 5701
7318 3113
3507 537
302 6798
5015 8911
4631 1387
4441 4287
8437 312
1677 876
970 5611
3201 8855
1150 961
8908 6925
8587 5969
8045 137
6539 1307
269 1906
8268 322
3715 3864
6794 7020
5404 6434
2810 5972
7086 2992
8814 4650
1828 6648
7378 5796
6185 8647
4066 458
8708 1103
362 8300
3237 1437
1944 1071
6641 2054
1308 2316
7784 3869
5286 8004
7249 3516
5974 4612
3986 3912
7173 510
2649 8558
4209 3574
4671 5657
2561 1758
1842 3642
4786 559
3411 10
4577 3391
1554 3792
8223 8295
2325 418
2972 4114
3033 8955
1837 585
5646 5577
1764 4196
5642 5358
5083 164
8201 1284
260 2051
6331 6440
7161 4217
7377 2034
2768 8307
1235 6803
4011 2985
3990 2268
324 2836
8355 7808
4465 490
8255 2018
6781 3279
323 2220
4014 5058
6063 2435
1773 8552
7092 8659
2390 2389
8232 6225
5926 8892
5372 231
7687 4670
4502 6284
6703 2611
4348 6612
6501 1470
8021 3247
4608 1745
534 4324
1989 3257
7045 3032
5972 8631
5949 8027
6049 8099
8984 6346
650 1312
3280 7622
8759 5901
8600 4314
4308 6968
5158 8915
879 4094
973 3117
6939 3077
6417 3704
4165 1948
4157 6431
980 8989
6559 3451
2420 882
1621 6643
6553 202
377 8606
7563 1211
8698 3811
660 5389
7965 3387
7137 6950
3718 4791
3567 3008
2758 2468
3677 3130
8417 4394
5924 6374
3672 5678
396 5575
4375 8815
4120 2891
6544 2110
1920 1750
4568 3764
1684 3445
6238 3145
3338 4357
6347 8999
27 7532
6397 2579
2190 3712
3438 5125
886 1466
2892 5000
719 4246
1559 3870
1602 8732
7327 6449
4889 1822
2323 7112
8768 8214
5802 45
3901 8540
2310 781
1623 4315
2418 5859
4114 5426
1219 4439
7159 7987
860 1028
6441 6832
3315 1180
1784 2122
3212 1186
8550 5646
544 1893
5405 3337
948 1133
2677 7276
639 1735
5467 1839
6638 414
3736 1970
7629 2883
6243 2763
5034 5789
4058 8057
8202 4851
7398 821
1562 792
851 4711
4409 112
1835 5190
3242 2084
5777 5666
5694 3474
6653 6693
4865 1446
6526 1689
8868 3536
1429 960
7243 6681
7961 1195
6099 7740
4754 496
6608 1810
8624 7042
6313 6054
3946 1427
5446 1182
4250 5695
3369 3206
4708 7079
6960 5135
2089 6383
3432 7997
8867 4536
2071 1702
4111 7961
2772 1985
8134 4299
2224 1801
7560 7235
8801 4016
8579 5454
2613 6791
7017 1117
7581 8901
3075 6171
1892 7528
24 3694
5252 7570
2552 3341
8842 1909
6098 7385
7630 2486
5232 565
900 5550
1056 8618
8860 3225
7122 2297
5582 8543
5307 859
2829 3256
1987 8585
7326 5878
7605 5061
4790 895
6677 7948
3122 2470
1949 6926
5779 4760
4423 6331
3980 3266
1995 7362
2947 7901
7524 8330
4446 5653
7699 7935
1640 2432
34 3014
146 5663
4118 6219
1336 7229
3171 4862
343 6923
5785 1892
6142 2999
1143 7536
2088 4641
6788 381
979 6247
6774 6459
4639 8121
2651 8616
7312 7286
1727 6722
8664 3908
7747 530
1080 4891
2262 8643
7632 3028
7608 6834
7550 402
5927 4708
5530 4528
4920 4484
1089 4202
6251 5127
7275 3392
4955 8717
5047 2732
3652 1486
7721 8434
7488 2253
6214 8201
3388 2139
4001 3316
7145 8900
4684 7707
4675 5057
2394 4917
5365 5420
8424 8439
3084 2198
5061 7120
1341 7702
6344 4685
5437 2431
7142 7905
6615 362
6187 6830
4117 3214
2701 6277
1580 5870
1934 1544
2449 4700
4935 8262
4804 1688
782 6634
679 5485
7907 8991
2654 7945
1072 6394
5984 3363
8352 4527
7316 1787
2401 3720
7669 4263
1645 7906
4013 6174
8095 7389
3215 6039
360 1725
1103 1980
3051 7516
4748 7844
4992 1507
282 897
976 6382
6942 3664
8762 6838
5012 7254
1884 8575
8496 5727
5763 7089
5191 1256
8525 5053
7787 6527
7287 2338
1172 4810
7397 1423
5765 7412
1402 4247
4836 6483
7112 6056
7406 2451
5493 5863
7108 1038
5231 4330
7315 6579
6319 2591
4893 4729
655 6902
5126 2410
6930 5881
3769 5231
2126 7968
4460 4828
2021 7988
7302 698
2739 4787
8557 1469
4564 2447
978 5579
4213 7065
5073 7795
7991 7572
3705 2535
7020 7670
4637 296
3862 356
1870 1789
2718 7676
7620 5236
6306 8173
3110 5214
5356 8710
8752 2488
1239 3288
497 7451
1859 7836
5727 741
41 2956
8054 2466
3885 4804
3849 8945
4604 2614
5748 4206
4839 8338
7804 7
3863 2068
4823 8090
3596 3700
7457 8539
3478 1614
7934 7085
2991 1067
837 2100
2816 3825
1579 1172
5904 6792
1605 6651
8779 8452
2992 185
7383 8887
3167 6439
8915 4082
3637 5186
1721 5787
7024 1878
818 6417
8053 6943
6566 3549
7073 4225
2236 2977
1997 5425
5026 2335
2412 2070
6215 8834
2731 8943
5306 1732
6350 1296
3839 4165
259 350
7321 1006
8041 5551
182 8366
5540 257
4071 208
4217 8614
6387 1400
5477 7179
7180 6762
8670 5745
7257 2455
5846 2678
8735 6983
1300 2109
4848 7520
252 3478
3003 6372
3961 5330
1128 8530
509 2265
7529 2341
8011 8140
1295 1639
1109 3493
4578 4984
7368 6286
7603 5510
3671 8802
6720 3150
1534 6713
8728 5169
3836 23
3226 2328
2619 5133
244 1572
63 487
7993 5873
2750 1877
101 4155
3657 5679
6647 7323
494 2193
6084 8754
7739 7208
8361 4500
3016 680
3303 8315
5538 6854
6487 6703
6265 2089
8161 8317
8812 6228
8226 7565
61 5852
2993 1358
3754 8782
4551 8484
5883 8333
2196 7217
4664 2633
6450 1479
4819 543
8488 1094
4082 6473
5606 3631
8183 4377
5006 1029
5837 2261
2526 4896
504 5016
1182 8963
84 6962
8553 629
8865 1259
7036 8481
552 2346
5879 5935
770 4431
2092 755
5509 4914
1069 6152
3177 4458
6867 325
5339 1938
6921 5435
4858 8080
3871 1393
214 1816
3854 8697
2079 7914
3140 5406
6411 5561
190 3976
4023 7170
689 2199
3531 419
6154 374
4571 2366
4500 7176
4277 8766
3467 2593
4105 2028
5708 7310
586 4122
1544 6582
8461 8584
6275 6615
5456 963
2393 8529
7047 8810
3217 5688
1059 3537
2 2905
4070 8282
7227 7514
2289 3283
972 8752
5418 3753
1247 4366
8278 6976
1222 6869
3390 7725
4782 6853
6508 8143
6839 5892
195 3830
5848 6451
5933 2759
515 966
8241 407
1656 4452
652 503
1035 2527
2530 5869
4286 8026
4876 3996
8707 8930
4464 3065
242 7934
3678 3497
7328 3468
7468 4557
2073 4726
1339 3619
1047 300
7555 8590
6824 1521
3608 6907
7921 4609
7339 3382
2185 4210
6446 5806
4742 2709
5247 43
3694 3176
5403 2204
2702 3698
6772 4697
6712 7513
565 4470
8540 1580
7138 3306
7959 3938
8980 8476
8501 1347
1270 4393
5908 2809
4345 5369
1477 5634
1856 4783
2416 6137
4822 4308
2944 3450
546 4953
1988 1068
4882 5458
4572 5871
8500 1881
5602 5175
4321 4490
5010 1966
772 288
8996 6875
5580 8166
6527 4687
3439 6712
1613 2095
571 4900
8198 1708
3071 5071
1759 803
2474 7494
3828 8157
154 1618
8521 3355
6881 4725
6572 4240
852 7396
7506 7686
4480 6593
1176 2783
7447 2690
1397 4041
6592 4354
3421 216
1582 2229
3011 8803
7877 4560
622 3928
3571 2459
8694 3248
1758 3439
1590 3508
3581 1306
4432 7798
8753 7713
2730 5907
803 6728
3055 5319
4029 6766
6658 906
3125 1302
1149 4446
4725 6418
1857 2060
5555 3309
3081 5584
3693 422
223 5894
5107 1542
6472 2598
468 6860
4872 8619
4841 2928
567 1311
4068 8705
870 5683
226 5282
5914 2676
1680 1428
371 4042
2921 5131
3892 5899
3343 8675
8761 5355
7415 6801
3461 549
6726 7262
6432 7760
1898 6193
2735 7684
370 5334
8920 1458
6052 4825
1601 4310
8150 1418
456 60
5874 2914
3129 7285
3279 5391
4261 2852
7069 4636
1333 2983
3910 5465
5669 1263
2129 1460
3733 437
2127 192
440 2046
6192 1738
6859 7184
7111 1325
1976 2140
3141 4576
734 8308
2139 6080
6549 2822
7124 8591
7591 4053
5452 5570
3462 7730
8022 4261
5781 3714
8502 5093
6583 2528
8339 3461
4831 4271
6240 6381
4193 5063
7267 3371
3032 7015
7686 1141
8117 7588
4559 5254
1407 3766
6997 7422
7349 179
8194 2061
1495 3761
3192 1566
993 2650
8972 4793
3107 3987
8519 3282
5457 7437
5877 4253
6091 85
4382 5702
7292 3715
7205 5574
7297 4816
8184 2687
1539 4313
5758 2570
8373 3679
706 3703
1144 3428
6838 663
8024 3570
5256 2421
4830 3771
1133 1613
1659 885
8641 5802
4615 4940
4980 1488
4485 8438
2466 95
8895 6500
1434 7214
2164 8124
2005 8884
6161 169
8049 506
85 4837
6991 118
8042 8694
3325 443
7696 8625
286 5035
6833 4739
1412 3188
167 2293
7444 6181
4915 6216
8399 7722
7120 3043
3784 2422
6796 7421
5958 3435
8409 4482
920 779
6207 6610
5485 2583
2402 2240
2569 4140
560 1118
3798 1275
6072 1301
6735 1422
742 7807
2465 802
1415 8419
1695 2749
7143 8256
4273 7669
5688 6285
4968 5107
5703 1655
1802 6140
3223 3111
6335 2609
6015 3046
6514 1021
4331 8153
4415 131
8332 5514
134 7830
2084 1941
5504 2959
3454 3626
6650 5407
5204 7186
3386 5412
7913 4937
3103 5538
2228 6358
6211 6726
221 801
2355 6305
7502 8303
7818 6401
3904 7827
3939 6513
4801 1216
4413 7123
5784 2118
1105 4575
676 151
1894 3441
4367 6495
4573 2968
280 757
1119 8737
6992 12
4838 2576
7272 5816
906 8998
8077 3475
1232 3477
797 5255
1441 8927
7780 8533
7119 456
7405 6429
8149 7213
5062 4187
2104 6606
1788 346
7382 6580
4403 4818
8990 6014
3875 7146
1686 3212
6802 4325
4757 4312
1051 7534
831 8990
8306 8386
5528 398
8582 5040
6866 607
8287 8406
5213 7723
7811 2363
6754 3332
1174 470
2742 8598
1161 4545
4970 3564
6505 4779
6147 5276
7268 5505
144 3842
5624 6841
3026 3473
3109 796
7807 2216
5020 6340
7307 1257
5507 3685
1348 3018
2287 7377
2429 4871
3817 2008
8705 1863
4363 3466
3429 6385
5750 5251
6001 616
265 7823
7091 1767
1781 5628
8736 7860
2386 880
4825 5012
6760 4737
8003 6750
6628 1885
880 328
3213 3039
5465 7297
4353 5713
2471 7959
1457 4788
3002 4288
2617 8914
116 2818
8702 3586
2736 8852
281 4512
8307 7257
911 4211
4874 1989
7465 2758
5668 515
7645 7055
5424 3743
1134 8791
7053 6222
3385 8495
1545 5984
5882 8264
8560 8412
2256 6880
7094 2617
1396 4521
859 7996
1634 8212
8341 3106
7361 2322
799 6795
7098 4509
4866 3409
5298 3982
2843 2823
7477 6690
8486 7553
561 8502
8504 7431
593 8200
3041 18
5409 3663
928 7038
1092 3977
3052 3407
126 7380
2603 5612
3802 7701
4973 7168
1311 2153
3894 2887
915 1699
67 1459
2648 5896
3364 5539
4208 4939
4288 2120
7160 3605
5660 8106
4497 3237
1983 3575
5185 2819
3399 5885
6558 4277
4476 365
608 206
6604 3833
5581 5088
2824 8902
6770 3447
1587 6723
989 1168
3209 8450
6413 794
4560 5757
1380 1425
4361 8566
5775 5250
5696 5478
5729 3436
5790 7216
3370 6567
4077 2167
6023 7240
5065 4767
1560 3678
2203 6630
4072 2636
8783 1156
3347 177
8059 8701
949 6942
6617 3998
7705 758
2006 8025
2864 227
1023 7185
8481 6873
8649 5694
5235 5945
8558 8156
1453 2789
2181 2871
8069 7643
6502 1086
6090 6799
8589 2454
6031 6444
2424 5911
538 3742
1181 5955
7196 3500
5749 8580
6009 834
528 8773
2570 1454
7277 4435
2543 4876
405 8806
1697 1280
4561 2610
5869 2635
7949 3740
3814 46
6169 336
8791 1564
7822 7461
5120 7495
60 497
953 7904
4704 8961
8208 2417
2754 3419
2341 1837
2110 3934
2240 6335
1094 3274
2593 1500
78 7529
8636 5690
249 8474
1516 3005
6020 2462
1572 8704
3400 766
6988 2587
6336 7398
1744 1653
33 672
7947 6673
5004 3156
2362 7625
325 2359
6127 1042
3529 7994
3759 8926
3185 4385
4135 3927
6348 6837
6945 2414
7443 2524
2899 8228
3533 6178
6168 8673
899 8019
6550 417
8605 4552
8051 3620
1078 7507
3073 5784
1280 1170
3949 1888
3137 1671
1794 7387
7026 6831
1903 3846
957 6987
7772 6871
3906 7736
4670 8572
7988 1668
5711 5437
2128 4893
6430 6936
3070 2491
1858 8933
8978 2680
1678 8411
5100 5718
1463 7266
6821 6771
3398 3841
1200 3888
8974 272
4426 8559
7480 1424
7990 7636
2144 899
2098 950
4805 4295
633 4302
6686 6927
4222 1854
934 1809
2684 3759
6289 6946
5575 8067
4311 5036
6743 1092
5592 4464
7157 8145
4182 3592
2318 589
4709 3423
668 1826
3494 1828
6456 92
2918 6656
3856 564
2911 638
375 5442
8047 2130
3260 5556
7259 4463
1459 7279
2752 1491
4976 2640
8159 3677
8923 1304
3514 3790
8075 2714
963 7035
4236 4742
8878 5976
66 244
8030 1998
6060 2681
133 2453
5941 1433
2453 4960
5089 832
1662 1584
7740 7307
6972 3755
1739 6066
6616 4095
7852 5933
5223 403
4751 1066
1627 1246
15 7699
8797 7952
2863 8337
2815 8299
1244 2155
4912 1205
5196 7301
6237 2658
2661 7210
8348 1052
5135 8029
5348 8141
6571 5537
3118 8033
711 3946
1243 7610
5377 5028
3111 3967
7617 922
7619 4248
4982 7081
6831 5900
6310 3673
4343 6814
3832 4590
6037 8907
6471 3310
2709 658
3597 3469
102 7661
2713 7591
8076 517
7794 1274
5986 7546
5557 3369
3006 7757
3653 7982
823 1764
1443 2629
6872 572
8060 8787
4106 6395
3559 1369
6990 2620
3800 1791
147 1417
1529 6399
7030 2047
6655 2006
7295 2215
4692 6108
77 7133
6182 4823
2195 5673
6623 4717
5081 256
1928 7907
6444 3745
4393 4359
2954 196
391 1924
3569 2722
2038 294
5291 2752
1081 6273
1469 2313
3380 3978
1665 317
1946 4193
8193 4400
8766 8656
7008 3573
2137 8446
3391 2011
7035 5919
2871 2182
4758 5547
1167 4727
8037 7267
3142 249
5090 7650
2615 2643
4329 2181
8542 3457
7158 8379
2853 348
5383 360
8555 544
7577 1528
4034 261
53 7466
4803 2450
3378 5377
3928 7234
2302 3838
8777 4588
4399 6600
2102 1022
2922 8399
3888 8973
185 5084
7282 2097
8734 1240
488 1452
4723 2056
1287 2797
8001 186
5417 4074
2121 3120
4289 400
4073 952
3796 1342
294 7414
2372 5647
2915 1045
962 7282
6884 1648
5046 8841
4172 7099
6388 1574
4090 2826
3620 3233
1798 4390
4890 2233
2237 377
289 2875
4107 452
1843 2562
6036 463
1086 3900
4317 3430
2353 7420
6981 4899
4635 5808
3952 886
130 7750
8453 305
6801 2066
8140 2129
2675 8065
4934 6999
4453 7415
6449 956
8998 4147
2566 4906
6327 1183
1505 8291
4124 7784
4148 4973
3382 4852
8800 3779
7536 2866
7104 7782
4267 1583
1487 3254
7618 278
1304 3319
410 3594
8977 48
7330 970
7345 6008
6399 5714
946 5843
4015 1943
5686 1969
2524 5706
6454 520
2872 8376
2531 351
6162 7608
5106 3627
2425 2331
5826 6700
1493 7155
288 3203
5066 3994
6150 3796
2161 4821
8577 1124
7611 6426
2807 4694
5157 4731
6022 6475
2443 8700
5566 5826
1488 289
2303 3695
5351 2704
7954 5365
1760 1228
1885 2989
1647 6624
1956 57
2627 77
5537 5502
1626 2441
8822 4445
5053 974
5508 1484
5685 829
8179 7718
7357 4681
422 2656
5150 5592
1499 1489
7034 6147
4909 2159
1907 8835
8172 3485
3698 8722
8617 3208
215 7748
5086 1761
4427 6430
4851 5372
6955 2026
2209 8664
5767 5633
8346 2358
5074 7849
8666 4692
5 3512
4566 2250
4772 984
5907 4362
951 232
930 5189
6904 1673
5982 3959
5770 7805
4404 7441
3414 5172
7531 2892
433 1951
6100 2033
7564 6442
2446 8627
2846 8518
2894 2166
2638 5983
5399 8909
8074 4782
4554 2448
1272 3624
3138 2149
1707 6541
7513 4020
2875 8293
5105 2813
7130 1995
7543 7696
8380 5129
8818 8418
4025 2932
2292 651
8239 7247
7044 7436
1820 1132
4374 425
4840 4182
1028 731
8299 5265
5108 6100
7496 7319
3143 627
7935 1069
5971 8864
6932 3340
2004 527
251 6760
8559 1923
8772 7485
4715 2234
3831 3417
5896 3667
1431 7261
1840 4427
1536 3480
1050 1759
3044 7333
3966 5504
1046 3851
7434 7598
6210 8117
1644 931
2313 7169
3460 2618
8443 4883
1864 8138
6458 6746
5889 3612
1303 6493
1261 5141
1201 3076
8564 5032
2239 5815
4173 8229
1535 6709
5866 6075
8396 8018
7614 3919
643 2303
3948 5631
8137 7403
5189 2869
8680 6121
3436 2362
6598 5359
2045 1772
6395 1234
8364 3268
4694 5677
7096 5120
7890 7523
4761 4162
8401 2040
763 5440
8403 3744
7313 67
8369 699
7801 8257
867 3857
3905 5667
8375 4768
5254 2191
4774 1858
2439 4137
3112 6757
4879 6432
5104 3724
420 5516
2494 3544
2513 7351
1651 4353
131 8044
5683 6019
6254 3940
4221 2962
7885 1269
6120 2213
7051 1065
5228 5136
2367 4602
1888 1123
1808 953
2973 122
6194 8469
4335 8062
866 2754
7636 6233
2178 8605
6820 8101
3810 7716
6858 8164
618 603
3123 6685
3740 5281
7308 8829
2373 4433
5637 3840
892 7522
2247 8135
3685 3783
2606 3135
3154 3751
6492 6084
2270 1710
872 369
1277 3149
8123 6315
5415 1684
4019 17
8955 6199
6317 8842
1674 3514
6367 201
3789 2695
2715 3774
7830 1355
4146 220
90 1705
3442 1921
7471 5477
4392 2552
8859 471
6637 4640
1489 1898
5438 2112
4060 5788
4536 7434
7653 5941
8887 6034
2940 7097
5812 5924
7177 4698
2584 8167
3553 6805
3128 6081
7768 8692
1891 2150
3724 8259
5876 5824
8032 5597
884 4116
4687 7566
6129 4083
8946 1101
1433 3728
1893 2808
3030 8092
6951 746
1511 50
2470 7743
8034 930
8432 2004
1325 1279
4611 644
1216 4266
384 8812
768 5658
4110 5914
6088 8358
7062 823
4010 2834
4078 4081
6674 813
449 7496
2252 8509
1616 8617
5078 1235
8574 3719
6576 908
3313 2510
4200 431
5679 66
3728 8546
5455 427
3045 266
3240 6818
881 6476
5695 6391
2576 6935
5379 5562
5532 1350
386 4799
936 3506
3350 5013
6836 4789
7782 6176
434 894
5742 4317
4312 4080
1897 7275
7449 2156
8793 7379
7296 2518
661 717
2231 2649
2798 6336
4969 8075
6170 5384
5406 4845
8325 1331
4257 477
6651 2048
7984 3971
6837 5974
6810 6032
3024 1944
6257 1159
1612 1955
2244 6812
3471 6390
1114 6708
7610 3845
3393 1440
8324 4908
8758 3424
7679 2996
7253 6882
2505 4442
8065 5113
320 7167
1547 5287
7828 5586
712 2668
5469 6050
481 1481
8180 7616
5141 8191
1817 4757
2665 8193
5127 5163
1362 1820
5103 2736
8627 8538
4422 6013
1110 6706
7309 3906
3830 4344
3771 1736
1179 6777
2885 4219
5322 7304
6668 5770
6356 2472
5022 2052
8658 3803
4160 4864
3610 7571
8631 7931
5738 5572
5330 1834
4176 3305
3978 5605
8426 4029
3744 127
7624 2745
710 7675
7417 5521
1387 3240
125 6981
204 3238
1567 2398
3352 2333
6607 3277
2148 5498
5722 3632
6800 1953
8595 5213
3607 8881
5845 619
3591 5758
7920 6835
669 3810
4113 5531
207 4761
6228 4340
3636 6128
8308 8869
5998 3989
3511 6710
5614 1683
5627 2981
6361 5062
4788 7103
7146 2012
7695 8064
4827 991
6318 3735
4895 5848
6402 1371
2288 2463
2637 2406
3299 2504
4030 8537
3089 4032
8384 7683
1012 4675
5240 4106
7917 4479
7703 5777
178 8158
4301 1415
6193 7817
4956 8401
563 5211
8942 258
3151 5626
594 3344
4368 3040
8516 4766
1639 1104
454 1833
4262 8170
5177 4454
8773 595
8418 789
1169 4364
2208 6692
3619 7119
4490 2319
6146 4629
7181 6952
4940 8408
6363 5066
8317 738
4783 3126
8449 3360
7641 4173
5044 8420
8937 6874
490 3479
232 298
713 2211
2985 4414
4517 2476
1014 6650
5923 5840
3227 5433
4186 2271
1121 1543
7616 2772
4138 4881
3097 8500
6209 1429
1357 7363
7652 6307
32 4087
1037 2743
6415 1113
2169 819
8340 145
6984 3408
6055 8444
4755 5297
6097 2226
5551 5368
8026 6655
2205 8679
5617 3260
373 5344
7395 7223
2845 7828
412 6037
2585 2815
3334 226
4362 7148
8143 7647
7606 8666
5079 239
5556 8913
2463 3897
6711 6064
6428 7916
2193 8091
1462 2160
2866 1293
1693 4790
4600 5283
8967 5010
312 1160
4458 3562
3853 8923
2854 3137
4355 3969
29 1642
3074 5906
6699 8047
6738 8604
166 3
6278 591
3457 7549
6190 6190
2290 3146
6732 3693
8066 8772
5331 2762
6941 8271
6895 3284
3412 8049
56 7346
5705 4927
5771 51
5728 3879
8970 8227
300 8630
7452 1774
6383 6770
8692 8818
7694 1537
387 6419
470 6781
7883 4680
5021 7714
5024 2256
8381 3567
8674 2517
6080 7390
105 4956
7716 3258
8901 89
7600 6619
4660 7118
7896 6400
8903 2706
895 195
5821 1910
6780 2282
3575 6563
4045 8629
6662 3655
8469 8361
3490 7609
2500 7493
680 719
6464 2616
1352 8111
8899 7273
3808 8671
6203 8435
7602 1084
8465 7132
5819 8045
7430 4309
1877 2474
5906 6293
5385 3401
1929 7852
2359 4703
1403 35
5436 6790
2135 3767
4610 3362
3355 6594
1917 2444
3283 8403
555 2024
6234 7030
6476 4150
8300 6776
4997 7011
1481 7662
1923 3528
7216 3228
7294 888
1309 6628
7334 2544
868 596
8084 8681
7976 447
3709 2858
5618 1198
2336 2961
1123 5839
8129 1552
3005 3148
5171 3884
8672 2946
3413 4533
5853 4015
234 1348
4726 3308
8068 1720
6287 2853
2024 1266
5495 1020
7271 5675
1664 4166
7427 7392
1996 7476
4503 1009
2414 2855
2095 3330
7066 5230
3778 8459
3120 6454
6258 1225
1844 8908
124 5447
5613 1237
5888 1367
3330 1000
8164 4800
1933 2556
8561 6357
7693 5096
8441 8240
6463 7160
6202 7095
5658 3321
2970 632
3087 5876
5993 5159
2421 5436
4313 4839
775 4555
6503 2670
2074 2595
611 8210
8086 5523
4341 1616
6648 242
6569 3494
5861 2571
385 6046
5810 8364
6030 693
2167 4120
7269 1624
3441 6734
790 5791
5939 4517
3098 449
7501 6569
8212 3037
7958 333
5822 2094
5398 1920
6213 866
5522 7012
5361 6480
943 5103
457 5659
4323 6636
3066 3444
4043 3153
6457 4181
6847 933
1974 6203
7233 7366
1223 6581
1834 4836
3389 7964
2376 1986
6469 5252
7001 6584
1334 2320
3963 1231
2272 8760
5764 2810
6250 468
4475 4752
513 6012
5739 6183
8174 4007
3750 8130
8487 2982
3967 3286
1783 3356
7971 1145
2369 2188
1076 5535
6175 1236
368 5866
5921 6155
2258 3010
3394 5922
950 2691
4220 6823
8741 1590
5118 7995
7439 5199
6614 3270
573 4358
6783 4830
7623 2325
2204 2688
6294 3109
3623 3202
7839 4389
4533 7632
4121 3653
8254 2555
7575 7483
2997 7332
5648 5860
3821 3388
6391 2176
3236 3342
1416 8424
548 1967
1039 8329
6917 7316
1961 1937
8111 6591
8438 163
7902 739
7691 4858
293 8265
7493 2365
536 8878
498 883
4434 2707
1319 1546
3589 7785
5116 2298
6431 500
4442 2329
1369 3056
5609 2423
5774 40
4378 3637
127 624
8257 4412
8429 6608
5755 5178
4828 4372
6221 7704
8109 7140
4860 5464
7004 1002
7003 5450
6389 5026
4206 5775
846 4158
8830 569
2403 1814
6621 2238
2958 8001
3712 4676
4012 5544
6017 7473
3965 8363
7101 3885
4260 3793
5725 3161
6439 7258
1866 1368
5036 8416
7956 7404
8563 5910
4599 2022
5091 7921
5521 4865
7621 8917
5125 6629
6436 8175
7088 2275
4147 6613
4265 8085
1100 6353
8823 1166
2134 2854
841 6407
5440 5810
4042 7203
6841 4600
8918 1700
6138 6120
7487 808
8135 2017
4199 27
4971 4089
2574 5216
4225 5905
6906 8813
1526 1108
8040 4684
532 6086
6728 4048
2410 4843
3156 7691
2790 2993
7829 1556
4478 8432
7996 3995
5382 3071
6392 8445
4771 5500
8358 1600
2959 8874
402 6764
4867 2613
7826 3073
4526 1630
7548 8374
1922 1320
1107 7010
2501 4421
3298 7126
112 2621
5102 3218
3658 1807
5172 2523
2427 1222
6642 3992
8834 7949
3556 791
6308 5313
3497 2994
8807 4349
3403 4143
7052 2429
4888 2545
924 5576
7520 6323
5363 1351
5202 3542
1177 8028
4984 7313
8315 3399
4498 8932
8934 2832
6435 4993
6248 8056
2324 8870
8948 6296
568 2449
4522 5766
7118 2283
4283 93
3384 7294
4817 7448
3262 174
86 919
5900 2295
4027 8906
3252 7455
139 4686
4887 7580
2370 1406
8615 7742
4972 2939
2553 7468
3964 2697
6976 3988
829 1722
7842 6236
1854 1190
2591 2030
3176 8247
1927 358
702 4035
7083 6160
8383 5637
3464 723
6736 1261
8528 1559
5567 5610
2820 6843
7850 6957
5875 8545
5565 5443
3711 840
3792 4258
789 4054
7866 5809
1064 2683
6109 3961
7637 6782
7692 8982
8661 5241
1440 6422
5568 6786
4223 570
4021 7408
1852 7043
5273 5218
4981 6332
6588 7791
1238 1105
7246 4720
2361 4097
4142 7655
8092 1057
3844 4994
5838 2002
8544 5468
6584 4269
2315 8712
2909 6937
7572 2502
8091 8086
4846 3244
6739 4877
5808 839
1152 7397
6543 7348
45 4110
7584 2127
7534 8745
1569 8738
7076 3211
7940 1142
6700 5110
1449 8535
5952 5081
8329 8234
3926 2102
3880 4408
4800 2142
6822 485
2419 7796
1890 4224
7853 7435
700 292
6898 8574
186 2929
1007 4645
5673 4669
4881 5137
5197 1254
681 7354
8881 3944
3651 5098
3555 1037
8927 3813
6089 6048
4104 2288
3332 3610
1355 4056
6595 4963
1940 3096
7540 7326
2025 2975
1812 8425
4645 5567
476 4342
1321 5652
3751 2512
8861 8136
1496 6642
4040 8199
7569 2445
635 724
7212 5854
3069 5566
93 4855
833 3197
213 2664
7978 2492
557 6452
2227 1079
3368 1701
4910 6435
2189 3645
885 435
3959 2931
1992 6570
2979 5094
3580 3132
1335 6413
8919 7621
2945 7863
7802 4050
613 8252
741 8707
659 2773
4488 1621
3509 1664
543 7177
7915 6848
238 6653
4171 5834
3096 5197
3259 7551
7437 6292
8572 3264
1779 1313
8414 440
5912 1517
3147 975
4719 1912
8288 5019
658 6259
6812 4589
6640 507
7028 8828
7674 2132
8928 1063
2053 3128
4946 8850
305 3272
3998 4078
3374 1119
7938 3025
8949 7682
8330 3899
319 8007
4051 1278
5450 5680
2124 3326
1574 2911
8603 4511
2629 4724
3322 4638
8568 6531
5712 8030
3768 8838
2740 1081
2042 6990
3444 2943
258 5643
1832 1990
4479 6102
8371 655
20 7574
8402 4705
3727 733
2906 7124
7594 8343
5390 2700
7389 7405
3180 3087
564 6609
7082 3359
1617 1562
7898 8188
667 592
4606 5966
5416 149
8419 7060
8270 1899
7403 8521
1091 740
6513 5299
5333 1592
1900 850
1436 2514
2281 3465
3934 4232
4924 725
5865 5258
3263 5138
3331 5931
6750 3777
365 8127
5588 3814
7736 5302
941 2266
1062 6678
4996 454
6316 4031
7058 7280
6177 4343
6924 799
108 5470
346 3933
5501 7200
2555 6349
6416 428
1140 6694
7738 2626
2771 7209
3522 1823
3941 6576
5165 7264
5666 3656
7489 3057
442 7161
2870 4214
8276 445
3548 1110
4087 1934
8285 5744
2008 8455
2171 36
5798 2354
8113 4239
4668 8397
578 6376
2743 113
2687 7469
1687 3517
7206 7969
8590 2458
6733 4890
1027 4244
5610 5780
3465 877
8821 7990
4377 3552
2723 3364
5818 2437
757 8804
6288 7854
2298 7548
3799 1751
1006 6456
5787 274
5783 2730
8444 3007
4899 5724
8731 6169
7557 6130
4913 4797
5016 1456
3537 7211
8356 2306
6996 3750
2966 3329
6421 847
2282 1870
5516 2321
6578 91
3992 7895
4766 3353
2776 7558
351 5792
1770 2490
7707 3112
4033 7503
8078 2546
5940 8682
2515 8877
7343 5800
6882 5015
7650 384
7336 4129
2241 1780
7182 5160
2663 341
2897 8118
4949 8224
193 4428
4275 3454
2214 5590
1691 5686
3666 4327
3474 1148
5965 8985
6869 2312
1445 1605
6575 8925
437 7780
758 4794
8430 742
4197 2369
6315 2787
6040 7046
43 855
1796 5471
8261 1692
7322 7021
8472 1115
5794 7922
2423 5606
7916 2292
791 8903
6232 8110
49 5155
8567 4886
539 7509
5243 3661
3268 4985
8067 5363
1899 3252
744 3055
7442 8896
1508 6059
3667 2138
2977 3797
615 7163
2563 1769
1213 5977
235 7708
1586 2760
8622 6018
5122 3490
8031 5491
3190 5290
3835 5421
2595 3059
1437 4286
1576 1849
1465 8209
7955 7117
184 1598
8436 1806
4083 2162
3913 1268
8447 2777
6857 4046
7612 1478
7789 5123
5955 5325
731 8263
2347 3547
1466 3524
4499 5835
458 5303
1690 2644
1924 7144
349 5439
5458 7583
6343 1889
276 6058
4477 649
7203 7909
5744 6537
6270 878
3773 8195
330 2287
3951 88
5527 1536
6860 1337
3780 7306
4796 7016
8833 6945
2517 836
7559 241
3510 8592
1871 815
6368 5545
1349 7241
2605 2794
2861 3301
2238 4920
7074 2436
8131 2876
1607 5827
2103 968
1015 7256
5304 7779
3552 3402
5699 6861
869 7082
1266 1896
6627 321
3542 2845
200 5541
8545 4550
6706 5065
3734 3092
8433 7032
6993 382
798 4702
7276 368
8331 5278
7765 6214
2910 2053
8771 666
6936 7579
3392 6661
516 1203
1054 8863
7207 2469
1157 8462
6113 1676
403 8255
1229 1817
7668 1876
2301 2246
6947 7770
2962 1647
8945 2589
5828 5347
8541 1634
2090 8651
4870 6436
5186 8119
502 6
8960 4169
6101 2550
5285 2907
6922 5732
1269 4498
203 3278
1226 8699
6283 2394
7495 4426
6271 4610
2377 1604
5152 5625
1314 3114
8767 379
945 5171
6333 7774
2485 3657
6380 1916
3409 1372
7261 62
3976 6302
7841 2718
6470 6278
233 2974
47 6635
6051 7064
6260 987
2655 4125
8319 7515
5514 5139
4056 7589
912 2254
176 4361
8467 7810
3833 8198
7089 1310
4854 1856
5671 7859
4767 8831
5359 8427
7504 2921
5859 8993
4269 7913
7737 3505
3328 4437
6962 4875
2018 7720
2478 3336
4583 737
1530 4738
5951 1366
7400 3942
4270 2641
6144 5259
472 6387
2061 5986
6488 4656
5275 2212
1910 5795
3424 2057
4644 1973
2694 8137
4784 125
2304 24
7305 8968
3498 372
5583 5277
937 4596
3458 3604
3838 8899
3702 4102
5769 4999
694 366
4942 5741
7808 5438
8326 1757
1395 2419
3697 7400
8265 4251
6475 1281
5534 8395
7456 486
6776 469
436 7069
8354 1165
4496 6716
7486 3754
7953 1381
2504 6309
3654 586
1356 2326
6086 1550
975 2157
151 6136
2472 1220
820 822
7080 3147
4358 7758
3079 4582
2976 3819
1850 3602
4006 3413
1673 8622
8742 2702
3452 2653
1745 7613
5397 1192
5956 1158
81 5449
3238 4921
7503 5431
6963 2446
8286 3185
874 4831
2495 1902
645 7698
2787 5632
5842 551
96 9
4714 3651
1117 3532
8393 4033
2254 4395
7450 3227
1116 7033
274 6718
3451 8716
8826 2374
8422 6067
3228 4759
7995 2196
1517 1197
483 690
2955 5708
5280 817
8055 4981
1156 7792
7537 1905
3199 4918
1657 6539
2732 4848
5134 1285
5051 4085
5947 7593
4174 6243
7943 4923
8200 6538
1316 8920
2145 7619
3146 30
70 5580
2461 4647
8581 4384
3224 8113
2491 8132
6026 3646
5961 8237
2741 3200
8625 8407
4844 3063
4695 2009
6521 8678
6826 2902
8543 3322
2551 3738
3401 1674
5643 6620
3903 7983
678 6849
2797 3613
3216 1035
3687 6104
6907 2984
4109 526
1925 1116
7816 7281
1549 3654
4641 3979
5199 7618
5205 3804
2329 7221
4231 7628
6652 7384
5963 2539
8770 7856
10 5404
8575 7274
4384 6705
1318 7192
5595 1848
4762 8565
8610 2113
6529 6686
6868 1843
5987 8024
5517 6720
5862 937
8941 1904
3305 3682
7114 1716
7597 7975
1585 1
3297 8087
6610 3829
5856 4003
6560 6893
5028 7858
588 5874
6297 4113
7985 6855
7242 2779
6096 4132
927 3079
7278 1734
5133 7007
5447 210
5139 6689
8476 8714
273 1474
7521 4584
5360 3707
609 7296
2475 353
2051 295
7190 2667
3970 8260
743 5988
1970 4172
1658 3467
2933 2553
8966 2371
3539 1130
2192 5396
1385 5728
2931 4481
2157 7601
427 7492
3476 4524
3825 1768
4576 1260
2255 8147
1340 2724
8012 8893
6303 2372
4589 7652
8892 238
8910 8261
8737 2263
2085 5149
3595 4467
2083 5904
5295 648
8510 713
4853 6517
4809 5390
5276 926
5709 6870
6143 5813
1257 7556
2764 1880
7063 7847
1881 8171
6176 5985
3741 6918
6943 3016
2433 2190
7373 7768
3686 3652
8985 106
329 2785
7539 6124
5479 3765
3346 7127
1394 6810
5890 6491
6246 6215
8612 6905
8016 1682
5096 3333
1606 391
925 3721
1292 6711
4268 635
2150 3089
5884 110
7607 5209
2737 810
8185 788
7071 677
1418 6366
6682 8778
1185 4578
7595 676
4998 5496
4835 6023
959 5162
3427 3471
2604 1238
3954 4067
7414 5237
263 6794
2428 1327
4950 8254
5915 7102
6631 1471
3027 7291
805 3395
7749 684
5230 432
5354 222
904 4411
8489 32
411 1015
246 2747
5173 3525
7191 6534
261 6820
8802 5356
736 1685
6660 1157
492 533
5664 5891
8754 2715
1486 7984
8215 6380
7013 1815
2624 7049
5981 1593
6282 4506
6247 7839
4226 6074
3255 7188
776 8094
6230 5392
4756 5335
7973 7423
222 3299
7379 5798
3344 4281
1661 3031
6071 4297
8019 6373
6075 3222
5535 5349
2724 8362
339 7331
3797 6697
5918 7116
6496 5793
3826 2964
2840 1646
5461 1439
1398 8431
4326 8562
748 734
5347 5328
3422 5336
3397 6392
2681 5499
6195 8750
1807 6970
8392 3921
7998 7486
7038 330
3356 8429
7875 3217
2671 4459
3665 3974
363 7793
6321 2677
5835 8977
3950 842
826 155
6024 3881
8245 8031
6465 7568
1791 1778
7745 774
8228 5799
766 2134
212 2304
6731 7457
5574 5928
2901 1412
7847 7111
473 8114
1450 577
1738 8578
3656 6842
4558 3263
3275 3507
88 7467
6433 1626
3893 7705
3211 8579
2023 5068
3273 2821
2212 708
6602 6280
5101 2291
1065 4635
4847 2090
7516 4659
1115 8862
4049 8595
4918 2960
3307 1082
2413 3877
7304 1585
5843 4503
68 3957
3423 6234
266 7129
5797 5676
5897 1501
6902 982
730 1185
7031 6347
1372 7897
3470 6090
6451 5075
7836 1860
1597 1625
5183 8800
5692 4632
315 6494
6405 2965
7463 1752
802 6796
7032 2119
6314 8904
8191 4171
6223 3850
183 5266
2459 6623
6158 8433
6950 8975
7133 4472
4962 8938
6808 7373
4327 2899
2535 4283
6119 6466
6164 6344
1290 3692
3229 3863
576 7744
1969 6667
2253 214
1184 3563
6218 8213
2444 5704
916 6404
599 1788
724 8777
2358 2059
1553 4902
4797 2967
3765 671
8571 646
917 4130
2900 6411
3517 389
4202 3962
587 2827
8462 4101
8675 2064
3944 5341
5735 3748
7556 6824
8 7040
3747 6499
1297 5720
813 3955
2179 2074
7761 1051
4035 4316
2118 5405
3265 6197
3852 2278
7656 6915
7413 1099
1942 1438
2345 7554
5386 5423
8280 8517
3174 8491
4463 3241
1975 146
1502 7739
3908 1189
3991 992
7219 5585
7359 6369
581 969
464 6168
2950 6156
1879 983
3632 6188
2391 4146
1358 3873
8898 3421
1565 7115
3577 6975
6244 5668
7107 3533
7558 1382
5502 6403
1551 2857
2747 8693
2111 2660
7293 8069
3975 2781
6 6092
1124 7938
4050 6742
774 1171
6198 4962
7659 228
2066 7822
3057 5542
7050 8514
3520 2671
6082 6699
913 6928
3251 3895
5245 811
6054 2675
2308 1389
4532 3726
1719 6731
1409 7772
8035 320
2726 647
5085 898
1096 6758
5296 7347
8458 1357
4039 3608
1049 7820
3811 639
157 2044
4180 4108
8866 7917
333 404
5336 1194
2527 5403
5434 6917
7568 8453
2923 2637
7824 4477
5378 6468
2445 7159
3025 4934
5746 3223
5760 6755
4947 5781
8875 5617
8052 39
6325 2766
7814 8727
8956 2124
2770 1872
4672 3390
2691 1602
7541 160
228 3189
2317 5888
4278 7925
8809 5865
2432 1961
7702 6279
4513 1663
3929 2485
5274 2828
6393 3737
1345 1344
8816 1840
7218 6815
8647 8611
865 7875
3807 6589
6346 5003
6181 8979
5320 5152
283 323
7671 896
5814 7824
5332 2918
4616 7841
3249 6813
715 7444
2696 8832
5570 343
3742 8208
2948 2125
896 2272
5753 8288
3676 3925
2887 8162
4428 7196
2211 3152
8621 1696
3824 2228
2215 197
8485 6769
7726 8168
7820 8644
8387 2471
5393 5603
753 8139
3890 4000
6980 1078
2813 493
890 4360
6279 3437
3235 7974
2546 8928
7121 7980
8120 3458
7273 7001
2235 8504
152 7498
7633 1462
8394 8731
5654 4857
3363 3725
5667 4736
4834 1388
2232 3201
7837 5648
7977 4068
8863 4066
7809 1193
6067 4072
7077 8037
6362 7635
5989 1742
6596 852
1603 1897
8337 172
7925 8983
7283 2843
3253 99
8726 7395
4759 8721
5898 6688
6570 5593
3336 4124
6083 3232
2571 5627
4212 313
3329 2179
4264 1027
2197 7248
501 3943
2667 2646
4763 156
8546 7781
1282 1867
2156 7025
5791 6021
4886 993
4356 8667
6453 2416
7007 8513
8126 7694
6630 3876
2035 3140
4167 3143
4808 5130
773 4597
5732 8740
1556 7998
3526 4228
3692 4631
6110 8285
54 8886
7554 4873
1737 4841
2844 3226
3035 5778
7165 2742
4634 5145
8864 6590
6066 6658
1704 4304
6599 4526
6934 8563
8916 5530
4243 8112
3183 3285
2873 4245
7084 8051
5068 8847
2582 714
1158 3752
7945 8280
8224 5387
6332 4139
4150 240
3588 111
4166 6698
6609 3207
5156 3932
2406 6261
1254 5583
8840 7036
5287 3287
8440 6455
7482 5343
7717 5903
7683 5227
4814 8281
6385 1242
8482 3501
5262 1305
357 2343
4306 4786
1806 0
8237 3832
5944 5811
955 1453
7426 6877
6507 6010
8162 1044
7461 1514
1262 4249
6855 711
5529 8634
648 5483
2392 6775
575 7006
5030 6370
1005 6317
553 807
1775 8582
6429 8689
1965 8066
2586 2910
5317 2600
8655 8781
1351 5897
7690 8082
7148 7439
8312 2606
4126 5101
5960 8759
8951 2260
4655 5181
3053 4052
5661 4613
5057 2889
8992 5102
5344 7084
740 4403
1668 8441
1204 6110
8121 1053
1790 4820
7386 1680
2652 338
2259 8632
2536 557
1343 6479
3568 4346
1699 2952
4732 3540
3578 4257
2096 8142
5200 7243
461 5117
2297 3597
5891 4243
1332 1578
4512 702
987 2178
6635 7440
4297 7835
7384 4017
6197 8223
4449 1346
4747 6195
4598 7482
4863 7056
6876 1770
8969 2665
821 7617
6985 893
2636 8470
8291 7567
1702 6852
8699 4693
7884 583
7499 273
6624 4553
2583 6969
6999 103
1896 5232
4178 8236
8033 1407
3972 4822
1022 1762
5349 7051
8253 7253
7846 6004
7770 681
5587 2666
832 3526
409 6420
1411 3686
2822 7920
1042 7314
8950 2323
3872 754
6019 4057
5408 159
4707 8022
3148 2336
4457 3623
3625 7334
783 3815
3841 7471
4244 5021
6262 7500
3850 2986
7819 4661
367 3595
3308 3629
8168 1014
5524 8949
6296 442
6151 2851
3840 2580
5123 4748
764 2286
672 3186
6762 8464
8000 4043
4523 8498
1490 8948
4388 6101
2101 1993
7944 4008
597 8269
1908 76
8880 4945
1540 2005
1723 6683
4524 8984
1400 686
6853 923
8020 5921
4575 8988
1795 5223
4487 2036
2346 7721
1224 7048
2132 488
356 2029
3918 413
3131 4911
3735 7122
4681 6696
5429 2001
8221 1318
7622 4049
3484 5847
6793 2916
6156 8011
5691 7107
4085 3082
3160 1059
8279 5097
4191 5193
5549 6035
4154 1842
3102 7204
6654 410
6148 7320
8029 8053
486 3001
1285 3476
8746 2078
8765 8396
1136 8602
8397 1675
4752 609
6646 380
4448 2867
7178 8356
4371 4201
651 4011
2520 7194
4048 521
7369 701
4654 4834
2988 3585
301 6551
8493 2548
3628 7631
2733 1907
1787 5202
1263 8741
1256 3177
4925 5829
3642 6107
8506 5419
7256 6437
5142 4331
7155 7936
3278 1777
6568 1947
8596 4025
4776 8417
3989 4028
4688 4474
1383 2136
2848 1926
3639 5557
7419 3812
3878 4329
1401 994
5084 8454
6372 97
3289 7838
5687 7072
6536 4502
3674 5832
1679 4712
8423 1512
834 6533
6785 167
7129 1485
1860 5489
383 8194
1020 8041
8606 6096
2534 4627
6041 7842
1338 2950
4089 892
4455 765
4731 1669
8385 6858
3499 254
1638 6133
3504 4209
1960 8378
6212 6603
1186 1581
