9000 7500
4897 1027
2053 4338
83 7254
2785 6735
626 6452
2657 7319
6174 6727
7805 3033
3502 2946
3573 2788
7705 6967
5768 7576
5070 519
8552 8366
8466 427
2034 6750
2096 3306
5996 1042
1693 5646
4956 2403
2961 8696
3385 7605
1212 1162
8495 5135
1284 4115
4431 5797
2239 5823
8986 2413
2033 6786
5789 7832
937 4882
4342 2067
1005 1383
4546 1620
2495 8031
3800 4471
3125 1487
7474 2184
3396 882
791 8986
2698 1579
2952 3324
7631 5630
6558 367
7513 3730
617 1390
4811 4016
7986 4852
1423 3668
2928 2955
4614 6093
3728 3426
6281 7814
1476 1200
7355 2163
5275 7762
793 2886
5695 702
7437 2250
477 7156
7150 2485
7963 1101
155 6268
3516 4981
2911 5770
8209 2505
1779 6219
7365 1262
6175 4914
7989 7910
2561 2406
5888 765
5304 2019
3633 113
8599 3053
6492 8324
7536 5537
5566 6411
7309 454
1795 2338
8233 4108
8983 2620
7269 8984
6097 353
7129 6250
6788 1827
8262 795
7052 850
1662 3921
2691 1841
7638 5005
949 2070
2824 5434
1822 3674
2635 3615
2210 1538
8324 2932
8702 4419
7825 4585
3364 5619
7609 7215
4946 5144
6098 6044
2733 7841
5136 8670
2473 2658
3974 3838
4381 1302
5217 6811
6977 4490
8201 5587
6538 853
6263 2633
8505 3587
147 5685
6254 1736
2457 2820
6777 7594
22 1443
5815 7846
843 2926
2903 2407
5236 810
7247 2325
1745 4889
7639 1907
3321 6389
8116 3383
7299 4768
1517 827
8211 6628
6900 5374
1877 333
8732 8852
3124 2902
7537 3432
7624 41
7432 190
557 3704
5954 8430
842 5451
2287 525
2700 8502
5179 8824
5010 3508
7742 6458
5625 1601
5255 5071
7621 8475
4127 1490
5445 2429
3379 80
899 8901
1803 6569
7371 1268
6673 4427
5864 1666
5940 1696
5476 8562
5534 130
8346 291
7201 3106
362 2835
4198 3474
6564 4327
596 1230
8637 974
953 8513
8735 8020
152 3948
4800 1994
7835 1682
3283 5561
6986 7062
320 7423
194 5628
2052 6306
5314 7400
4536 4205
8737 3594
769 2101
637 2139
4985 8960
4494 3872
4529 6067
3966 2238
7992 1058
6181 5336
7580 659
6855 6580
6358 5356
3647 1413
2185 8348
5190 6383
1434 6229
1588 4039
1941 8406
5463 217
6949 8895
8813 7774
4818 2958
6515 246
4115 6836
7334 6914
1701 993
6318 463
8205 4695
1041 8489
5416 8450
4042 2642
7085 7621
8879 7655
735 2128
3198 1362
4195 518
4746 777
8487 4380
2072 6739
7166 4871
2023 8748
4266 4867
295 6489
2401 4214
398 7422
4005 2490
3658 3973
3207 8478
5750 6447
6880 4602
4437 1634
3314 2366
7067 3857
8610 2786
6065 7038
691 4759
3431 4123
381 6790
7445 3300
7147 8524
835 5361
7894 8908
5876 5804
8537 6295
2554 2893
715 1221
2374 6230
132 8265
8571 8822
2400 7829
8183 6758
7587 428
7719 7110
1130 1842
1025 5149
8514 4030
244 1605
7948 7256
4515 3419
5300 4397
1895 1091
1033 2145
8367 5535
5879 2845
6252 3666
4296 7189
2848 1304
2262 4940
602 7826
5507 5279
2689 6984
924 1978
3629 3559
6806 1218
660 6675
1493 81
1007 2605
8082 2896
2531 1100
6805 51
5873 2984
2220 6218
99 1431
5781 8947
3708 7390
8109 1148
8554 7410
1815 5268
5807 3046
8074 8700
14 5239
1154 6045
6607 8978
5684 688
4219 5151
5860 7518
4336 1036
7698 8401
2876 6212
209 4247
2260 2096
6676 5246
1352 1076
8780 25
605 4423
3341 3165
7328 1169
8390 8327
2987 1463
1369 5288
5837 2217
7136 7777
5412 286
4229 8146
8630 45
6040 99
4017 4491
4905 8567
8993 5254
6662 1755
5355 2822
7585 2302
2188 7445
5090 3409
5600 5067
1406 4610
6691 5558
3555 571
5799 5366
6685 2804
6770 6899
8673 4029
8297 6904
3374 4924
3847 5761
8956 3285
3705 8201
2712 4008
2198 2856
8455 4904
258 5425
4283 3612
8141 8104
1429 3273
6035 8079
6916 3368
4628 157
7746 8151
5388 269
3883 1877
5581 2290
2106 6446
5780 7704
7163 8763
8826 1181
1863 1104
5074 2435
5772 2647
3571 2645
6824 5154
1089 8772
2623 178
613 7861
487 3149
8733 4872
7316 7891
4898 3227
4292 2012
6873 641
8646 1449
171 1762
5364 4447
7820 7271
64 1019
3986 2347
2746 4731
5950 2144
2654 2908
6390 2863
3391 7112
720 578
91 5841
8638 8172
8215 509
7130 1711
6115 5846
4182 3011
3776 3226
1142 2579
3530 6911
7455 5292
2056 4832
663 5844
2897 1087
6272 371
4269 2884
2986 1955
27 1770
5971 4921
3145 7141
1143 4172
7788 337
7404 8498
1962 8195
855 3131
6220 3778
6867 4682
1814 58
3279 49
910 7554
7530 8402
3084 3222
1232 7123
6635 4005
6503 8622
3521 3996
614 4278
4976 3871
3542 6000
3018 3575
7381 3543
7815 1990
3327 368
1783 8114
5867 917
553 3920
8953 3495
2036 298
3909 2136
8207 1190
497 1387
3631 3943
1381 8860
2247 8699
8268 1522
4407 7709
5266 16
2648 1385
1678 4763
2591 4842
1797 2470
1438 4330
5414 3969
8819 7895
3262 8218
2051 808
7934 3682
4312 5766
5558 3217
7266 2150
4949 3006
8075 2657
2792 3647
5085 3850
6295 6023
4681 3757
3098 1236
4704 982
5573 4795
5562 4171
2707 5753
867 6508
4375 2734
8112 8786
590 2724
8276 1697
5620 7710
3272 3455
402 7499
3724 3086
965 6907
6051 7247
1676 6472
4398 7288
6571 7654
2309 914
2655 6073
1506 1965
5974 3267
2404 4663
3709 7468
5708 3717
444 271
6578 2677
5649 5270
3968 7175
3744 8523
4960 5828
1028 943
1727 4325
3950 3516
2521 3465
6454 1369
2489 6096
8752 2010
7702 6085
4341 5128
2282 3339
4429 6311
5835 6208
386 1300
6541 5963
8198 4455
173 1886
6842 4505
5969 7415
1265 7695
8101 244
8965 489
4938 4945
2680 7017
2496 4501
970 6712
7226 4127
7722 8839
6208 8037
3878 5599
597 5696
7797 4550
5638 5634
3293 3852
1310 7661
8581 5417
7964 8964
7137 1881
5701 7786
7304 5635
5286 8698
5204 7424
4044 1381
4103 8338
8654 1975
1246 2154
3459 4652
1591 4193
642 2132
6833 6463
7693 8601
5964 8416
1362 7520
7549 1174
5367 3142
4750 6819
7649 342
4427 4706
3740 4290
4132 3210
6496 3932
2779 6849
2977 2710
8033 4700
3162 6294
220 2172
6704 4809
31 2521
5717 4329
5903 4299
7739 1617
6372 2334
2159 3439
2253 8747
357 2354
1916 444
6686 4796
8835 686
8830 5130
7507 6482
5790 3591
3413 2304
5759 581
8899 630
7023 5095
7209 15
7480 5786
3935 6495
4774 921
8123 5481
2551 5394
46 2630
5075 4440
6952 832
3192 1356
5709 366
3821 5989
2838 3534
3527 3724
5380 961
5359 6252
3851 4507
4306 430
8037 859
7142 2517
2030 830
3917 1029
2348 3185
6189 7929
4934 387
5746 5771
2748 2871
3481 3545
526 2251
3665 4486
1703 2549
6634 6540
4957 4426
2890 6871
1780 736
4148 304
5166 8339
4936 5349
8809 2857
2337 6241
4004 8762
1419 558
669 3981
711 4837
1050 1146
6749 5167
8858 6669
2937 1092
7043 8337
6719 4403
8507 5563
2574 8263
2341 5343
2548 4060
4698 5053
7524 3450
5655 1216
6563 7065
5454 5993
1904 6005
2126 2869
6074 6187
5484 1959
758 8314
7170 2109
1491 1084
4959 5444
6392 8936
8447 403
2513 5175
3868 2478
1496 6297
511 7585
7369 5048
447 7352
6539 4441
4601 4446
4354 2242
1655 2454
2632 1408
3219 6668
1176 1808
7235 3003
3220 1260
128 2775
6109 5282
5296 7636
7819 4298
7690 5799
4687 8819
6714 776
2581 7758
890 8684
7351 1556
4665 7923
3089 2053
7367 229
3091 5569
7772 491
8526 5327
232 1591
8497 493
995 1317
8536 8919
1956 3020
7868 8333
4055 8831
5055 6262
5047 2257
2753 1985
8171 8129
1113 7385
7917 7944
5238 1433
3778 3896
3881 6313
1323 6670
167 5910
7073 863
8723 2819
7953 4983
7875 640
2957 2854
528 6025
5256 2305
4798 5668
666 3719
8590 3031
8435 958
4803 2041
5045 586
3372 8378
3875 5908
7673 4728
2850 8137
8990 473
8716 2499
6548 3329
2047 8653
1189 7624
6813 8157
6697 973
5543 3017
2346 8612
2339 8209
7456 2399
3122 163
620 7289
2823 8071
3316 2791
3487 2859
6639 611
7420 6117
6359 6944
2007 8705
1288 981
864 6233
8611 2641
3745 240
7473 1315
3876 4576
4088 1225
3441 174
112 5812
2764 6757
169 3018
1510 7548
1891 1375
7237 7878
7326 7543
7386 4604
1755 3901
8105 2976
3827 8398
3268 5580
7974 1626
44 7582
7322 6801
2326 1804
5369 7733
8606 735
8113 504
7392 318
5470 8703
7103 8292
1404 5662
8966 6895
5397 4567
4125 3463
2994 2461
8364 7959
915 5522
1230 8083
8080 2014
4308 6753
1457 5816
3504 3601
2849 5903
6934 4206
1422 4451
3755 5712
1580 97
7672 1783
5764 5120
7106 6324
5868 4442
1989 5840
6707 4248
7441 6269
2063 911
8769 5519
5131 3004
5852 1147
3215 7556
5347 7336
2073 96
1024 8774
5185 5638
3403 1499
2004 6865
8323 6497
2300 6539
5833 7467
2349 5308
5979 3243
6369 2625
3432 4840
8959 7844
8754 8813
693 5470
2009 5817
8330 1653
2985 1127
1194 297
4640 625
7212 7348
6266 3677
5670 116
7622 3740
5120 6711
7664 1801
3954 4918
4280 1720
5592 7213
58 5302
7962 8329
644 7686
861 8685
516 6402
2466 5174
2271 7498
8124 5595
5264 3469
3119 758
3579 1505
35 3103
991 2659
8764 5370
1833 8759
2540 2176
7458 4897
3129 2431
8197 6770
7058 546
479 2204
5887 23
1061 7534
8648 779
4778 8388
427 50
4623 3805
7863 6592
821 2508
2487 53
7429 8618
361 1926
5008 5348
5142 570
8506 997
4271 4430
4167 2947
3951 4757
8190 1113
3642 978
6326 7388
6338 3489
5673 3738
421 7135
8365 5792
1228 7912
5828 1074
3544 1802
2929 3628
4873 8882
3389 6626
2964 1030
1837 3735
7745 1198
4162 1194
2598 2376
6367 3767
6134 8357
2784 4125
200 3626
5063 3765
564 4948
4925 599
5995 414
2536 6284
4773 4269
1663 7369
8272 531
2184 6501
2925 142
2038 6176
4841 6403
6236 5013
1597 4126
6751 168
2076 1039
242 2826
4829 5187
5293 321
618 941
657 412
231 5114
8012 7899
5154 1086
4900 6637
7928 2972
2258 7155
8094 8666
6322 1839
4318 8055
6179 7759
5667 7437
1883 7699
540 8641
3928 8435
4439 6321
6573 6006
3543 1222
5639 5549
7842 1767
586 7401
2414 3638
4507 2998
2312 3453
8543 8284
7848 4208
2811 5054
2164 8091
4246 7067
1758 4068
8452 7949
1850 1874
7747 1178
1549 1407
5588 5744
3196 717
5966 5028
7855 8235
7248 952
2904 5119
6752 2589
5147 5264
1627 8413
3645 8624
3194 3239
6755 828
8920 5399
7627 2227
1784 1854
8441 4136
8085 5081
5983 2709
1239 1864
7584 5950
4908 21
1065 2631
7662 826
696 4905
8337 694
8481 6677
5692 5562
6624 6738
2475 8965
5676 7885
5688 2011
2111 4197
5982 799
6629 8881
5843 7179
5126 5871
6337 7810
6592 562
3539 3635
1077 2239
1984 6573
1987 3900
8557 3623
5520 4212
5459 2868
1454 4164
6117 3451
4765 3629
976 5202
425 4738
385 7527
7098 2771
6980 5164
500 8043
7981 5718
792 7323
7451 855
184 2216
1982 7639
6857 7456
820 2420
4611 3506
389 8111
2334 4400
3123 2167
7823 8737
1978 8272
4827 2675
2389 8379
579 4379
1596 8345
3576 2270
2214 8780
1503 314
881 5681
8431 2723
1450 4184
4488 4437
8445 2569
8456 4422
6458 5236
122 1144
6012 2496
8477 5564
3040 656
7341 4396
372 4848
5776 4827
1335 7700
5760 3107
4149 3971
7068 8674
47 3655
3212 2329
6931 6476
1420 6854
4582 378
1316 7764
5737 884
4558 1010
3484 1829
237 5893
1035 7089
2409 2852
2683 6390
8864 7945
6798 4357
8713 4339
8742 3586
5432 8760
6114 2973
3595 8826
4263 5654
2948 2729
5637 6543
7703 180
6887 8202
2437 514
3225 661
2187 3670
2877 8695
1641 5322
7319 8058
2311 3360
8531 1363
4854 1281
8320 8123
461 3592
5550 3510
1869 8543
6991 4703
8851 7898
4166 991
5959 528
3370 809
6493 4824
2110 3484
7230 8095
2431 6308
4598 8313
7905 603
3178 7789
8118 3211
7888 360
5000 5652
8805 5412
2801 846
8288 6104
6510 5390
754 1866
8067 1416
3454 2482
6815 8584
6521 5382
3772 3380
2837 5042
4464 6933
370 394
3202 453
1286 4236
6414 3364
1768 5723
6180 488
7881 1366
2738 3116
753 892
1875 7690
665 8927
5034 839
1111 4064
972 4811
2571 3084
3734 6614
6953 7474
7663 7428
2277 6565
8166 548
7976 7218
6998 602
2203 3242
714 5835
3470 6684
297 4651
3700 4456
7794 8793
6357 2938
926 5735
1192 5323
4276 8954
6801 6087
6810 6257
683 156
5953 563
7814 6959
7079 1962
2705 3139
6226 6957
6499 3291
1762 4506
3764 6641
463 2043
6448 3192
2991 1246
3437 2428
7951 7086
4075 398
6188 2937
8202 5097
3557 175
4801 4708
3305 2964
1440 335
3804 1951
3097 821
7295 7480
964 6172
2802 4153
2293 8445
4901 7845
4552 4386
5191 8176
6882 535
3232 8173
5261 8723
6851 2111
7965 8403
3464 1327
8267 2405
3758 6516
7543 8344
1730 7171
302 2252
2299 1685
1384 6812
2736 4927
6121 6992
5269 1834
6854 3101
204 7126
3803 2583
345 1983
1726 6433
2254 7469
4630 5075
2617 3882
4761 239
3285 166
6438 8956
198 3235
8253 4072
2344 1043
6928 7237
8228 8407
1855 4802
139 8326
3761 6723
2692 4545
1955 7173
6306 6851
4923 4187
6731 5781
6146 6119
1949 1832
4359 4877
5783 3723
5844 5296
6763 6585
4154 7553
1360 7682
1851 7109
1059 392
560 1456
5086 8088
8525 185
34 8302
807 7775
7532 7649
2006 2694
4786 1130
2565 3783
5108 3160
4300 6033
4391 5487
6173 7612
2583 8323
7523 7232
8052 4697
8329 6222
3931 1515
2659 5286
727 8751
7725 1704
503 4067
5381 3218
8264 6523
2412 6563
3710 8147
7434 6938
288 322
6066 2669
1651 5262
1902 1508
7659 197
5031 2392
4383 6903
4700 7306
1403 2363
7485 3743
2204 6746
7122 793
7364 6809
8303 6594
7333 2961
1540 2035
1218 4510
4672 5345
3017 7391
3181 780
1534 1533
4945 2274
4344 8484
2138 6356
6199 4676
7151 1402
6727 5677
7852 3487
7233 8988
6678 2002
3195 860
6470 3269
8150 3535
4213 7194
7489 5827
5145 4432
8319 7632
7526 5872
4016 307
1453 3082
5284 2400
5210 791
8910 3883
7331 3685
7734 7719
1832 6350
6465 6225
5237 1618
6240 2004
5169 5743
6162 2797
5263 7335
7460 235
4155 8983
5230 8310
7925 8501
3248 5450
5648 4340
6569 4416
751 6384
580 2161
5542 8204
3596 8025
3888 6710
522 4449
3854 2941
5965 6388
4676 829
6812 2991
3274 7078
6674 1339
5730 3049
3760 6040
7177 1168
4446 6955
8235 3858
6057 84
3046 8108
794 2443
8084 6354
4988 2656
857 1826
3663 6624
8317 1599
4320 5834
2478 6760
1385 64
5324 5152
7491 7212
8468 3529
2922 1698
4157 5657
2017 6467
6335 4259
7790 868
8960 2931
8852 5539
671 6065
4111 3232
5005 2183
4174 8788
8707 5016
2019 6505
141 5949
2193 7223
3230 5554
4535 739
4346 8285
4440 8844
1177 4587
986 3978
1638 8884
4082 4372
8882 4198
1621 632
4721 4460
7975 618
1431 3338
2256 7259
464 6749
7707 1811
5088 3354
8352 1970
2228 616
1541 3147
229 2599
1732 5347
5121 766
6197 2357
6428 5484
327 265
4234 4210
7957 7822
6509 7741
4806 4215
4406 339
4615 8535
787 7080
6058 5032
3426 397
176 3523
4084 8658
80 2036
900 3820
2686 8697
2984 7863
3501 2103
6853 8858
8548 1229
6419 5222
7896 1580
638 3256
3247 7225
7807 2279
3698 1001
4742 2266
1769 969
3908 8758
4059 7751
341 8835
1309 5958
1636 5615
6328 6625
8238 5645
4843 5542
5155 1343
2499 8073
3071 6834
1558 8931
7632 5171
1677 7125
2272 7792
1821 1184
5808 3800
6122 3444
3751 7378
5469 1746
7730 2577
8003 7770
4309 4666
3752 5362
7931 2539
3399 3931
4217 4001
3997 7916
3111 4033
2855 5259
2049 7221
4363 408
4339 7708
2 5295
8275 6705
6511 673
491 440
2104 5798
1206 6231
4944 1639
8020 638
2276 2979
4285 1560
1536 5439
7615 5801
3423 8843
6261 7901
7811 4783
3298 4065
1375 738
7650 162
3570 3588
6547 3947
3087 2414
901 3672
6837 8061
6661 5697
7545 5311
6637 4817
3452 1752
5406 7927
5225 2874
5863 4120
6769 1321
6827 3938
1778 7831
4734 8396
5061 2394
1766 6932
5363 6948
3957 945
846 6929
662 6267
8231 8572
1317 8946
3109 1071
5265 2954
7256 3863
6381 10
6435 373
349 432
4732 1674
452 3336
6932 5249
7555 1397
8781 8845
76 1492
3927 8171
3257 1619
6587 7599
8556 6234
3597 5314
1718 727
4079 3632
2042 7224
1740 4103
1704 2092
4330 6606
3147 119
4092 3915
5511 5861
5866 5176
5725 8701
1408 6827
6804 2673
3335 3897
5587 8428
4677 8387
5999 3519
2789 5884
1923 8643
549 2234
7436 3170
3075 2978
2553 1459
1238 553
1473 8588
1876 3561
94 5892
8675 1346
8227 3275
5105 7982
2055 2887
5003 3691
827 3933
1820 2323
922 6031
7862 4100
1032 4949
456 8470
5806 2538
2790 5229
7340 406
7817 196
6596 5692
8922 6226
3606 4902
7837 8208
365 6925
7611 1374
5704 6365
6382 1421
3159 3173
6866 8358
8167 2228
3102 2173
5642 2003
5936 475
238 8383
7055 5547
6206 122
4805 410
3561 4109
2775 4622
7792 4537
1359 3413
368 199
5621 5100
7357 8102
4130 2515
4596 8742
6251 4349
3193 5570
8641 5160
5900 4776
304 4694
7352 807
6229 7990
1400 2162
5970 5358
8682 2738
4662 447
8665 7702
8165 2057
5958 7610
5103 757
805 5489
725 3272
4998 4559
6803 1750
3035 5854
2912 2903
7886 5624
7306 7463
3165 7063
146 6748
3419 7120
8422 2236
4560 1590
4259 3488
6890 4847
4828 1729
3238 2588
2723 2532
1690 7277
7184 3104
4001 5982
5606 8148
7447 889
1451 4723
5706 6703
5143 1185
4602 2529
8818 4428
6600 183
5250 724
7861 2892
4188 8989
1873 657
1396 1724
159 4879
2370 7186
2459 6822
3405 8485
4496 3097
8790 852
5624 8080
724 5134
6351 223
183 582
6645 1235
3365 3397
1231 7209
2990 7088
5330 3415
5052 8764
2252 2858
8857 4633
1341 2506
573 1347
1380 1320
1992 7286
1565 4950
2971 6490
8161 1879
6895 4424
6245 1378
600 4855
4482 6184
4190 8734
30 7559
4963 2272
8229 966
1935 5606
236 6649
2989 7447
8887 4805
6467 5080
7027 3902
7438 4873
434 4887
5270 3266
250 6078
5158 7628
3236 326
3377 3022
4180 7894
3267 1897
377 8968
4922 7747
5234 6443
5340 1900
8612 2708
7356 6240
7502 8795
5878 3835
510 6804
3655 7505
4347 8160
4992 6330
4211 7228
5952 4500
7857 4583
845 5428
1365 6062
1988 4083
6908 1520
390 7055
3093 696
5616 7328
4592 5049
2909 2261
7870 3554
8522 490
1772 3428
7042 1361
3932 1451
8069 3652
6659 7811
7729 7313
7218 869
6439 8749
1006 1996
4378 5465
7363 6347
8753 7034
2244 790
5342 7366
4233 7239
2162 3598
8875 723
8685 5424
7937 4677
6169 1539
5002 5991
759 3681
4409 8808
1180 6149
7883 5641
8927 1643
856 1569
8996 1844
5902 2295
4679 4517
2153 2831
7605 6732
457 3482
5659 6369
515 5971
2451 3521
5399 8900
2806 7495
3130 3461
2943 6966
7499 6577
1658 4862
3601 6282
7567 4165
1642 6507
2958 7464
5501 5923
3777 3191
2405 5701
4326 1377
6925 242
5829 8693
5333 713
5694 2453
4789 3052
7880 8343
8366 1450
8734 216
4477 4048
667 3073
1272 3297
3615 8309
8126 5047
8040 3569
7005 8245
5450 1333
6734 6765
7712 2614
6706 2516
4056 3734
6007 2559
7124 8072
144 6905
5431 7760
8474 8516
858 3249
8151 4352
1101 5778
2874 4745
3002 1596
1155 8997
3750 2284
6230 631
1016 6473
2842 767
6848 7152
4790 7597
8335 3720
3453 6935
1095 3091
8625 2114
3239 1589
5485 3979
7448 495
7669 250
62 4012
1601 5705
2820 3385
2818 330
5500 1352
7288 8950
8002 8090
3515 1024
3707 2801
1495 8222
273 8190
6883 8081
3863 3547
1980 894
1668 2990
4098 4998
1026 3361
291 4211
193 8646
5274 480
3357 5410
1200 3706
6961 313
954 1266
2249 5231
417 5551
3531 110
581 1136
6360 994
2232 3019
3995 1598
1292 2142
3858 8207
3568 5953
6278 5431
1106 7669
8598 4648
4272 1993
7919 6663
5666 3806
1505 5978
45 6207
904 3288
6643 2093
3547 4664
509 2844
2810 6766
3730 986
5344 3437
226 6601
6107 6776
2831 8276
6387 2596
1764 8056
7521 3512
7069 3924
6779 6020
7954 5849
5496 8864
6702 4343
574 2452
6682 1453
3296 1716
1908 2225
2741 5521
8712 1271
8902 4931
7774 1754
990 948
7892 932
8703 905
797 7305
6091 6976
7327 1143
2933 4395
2436 8140
96 8980
7932 5966
3166 7129
3884 7650
5195 4668
2926 2753
7271 76
1043 636
186 4091
7958 8332
6327 6170
6321 2126
8459 4201
1859 2222
3912 1932
8831 7210
7036 5807
4539 7094
6394 8770
7749 4099
1528 2349
7426 2398
6610 2055
6048 2920
640 8317
8832 7240
607 1103
433 6165
8877 1813
8692 3581
4876 2160
7944 679
3216 1032
8656 5784
3169 4294
4982 7705
1261 7389
8457 6936
7648 8319
8283 5929
2888 3367
8159 2395
3266 2321
1088 7311
7464 8959
8353 3595
1355 5683
6767 2243
8687 7157
8462 3908
1448 3991
4349 7299
3796 8974
3174 5460
1686 6882
8382 1788
3810 6658
4955 6130
1632 8606
1244 818
131 1432
1247 2754
1702 4113
3896 7670
8194 6742
2546 6820
5349 7180
7088 3425
513 43
415 844
7972 466
7267 1688
5516 2664
7802 5068
7997 3644
6700 8443
1707 5920
473 6425
7589 5682
1149 55
1599 4991
8388 3289
4104 2974
8913 6213
8729 6574
7531 5795
8006 5747
6716 499
8812 7279
8659 2492
1507 3311
1191 6873
5865 1188
8535 5952
2671 3759
1871 8975
7011 5894
3825 6514
6473 8135
3355 6837
2502 1212
3448 3617
2742 7118
7804 7316
5577 1334
1479 511
2031 6524
6584 4535
7286 6157
1657 4654
533 3602
5044 5534
920 1150
4357 8953
603 5014
3049 363
5850 8634
3739 1672
7405 7752
7205 3125
4705 8985
7740 5084
440 7487
2622 6400
708 6803
1533 8740
2330 985
5393 848
6457 6968
547 1504
5460 3643
3330 7085
6495 5809
7985 4468
4061 5520
8257 146
8049 1624
5301 5157
6862 5116
809 1435
8629 6908
655 7432
6796 5637
3942 1122
8359 7238
2091 2024
5032 929
1351 5968
7119 1972
681 7233
5153 4678
7490 4002
4454 4106
4356 5375
1634 4815
2205 5579
4227 3961
1504 2442
1314 3246
748 1913
7399 5320
7914 8810
5613 8604
2364 1635
2043 1119
7070 7516
98 7882
5173 8966
8108 4411
2060 79
4619 837
3094 1574
1241 6918
2601 8639
7612 6057
4404 3865
8634 7813
1103 5627
3657 4516
536 2065
17 3903
4170 5457
4481 2254
3838 2682
5318 6391
685 5585
5372 4170
6384 4228
1717 4599
4177 591
8508 555
5679 4176
6549 8911
3287 6061
3528 6470
1981 7781
785 1920
7406 1379
2288 4736
2447 7344
5323 6426
2274 2901
7033 2910
4178 3564
5546 3727
7225 4989
1395 1737
1566 324
7375 6183
1810 6491
719 7571
3549 6557
775 507
4966 8668
7065 2016
7470 7908
2938 5000
2416 7018
7467 3036
7121 3678
1999 8930
6615 6135
914 5122
8143 4467
5168 7304
3435 3174
1042 2885
833 8386
5880 5658
3172 901
7227 7530
4260 4220
6839 1254
2709 8552
4981 4528
4864 5919
5439 3331
2956 4111
7983 583
4100 5922
6699 5009
1092 141
8063 2192
326 888
7938 7494
267 6406
4080 2140
2613 737
5246 3205
3976 3233
4586 7484
2793 4665
7803 5342
7618 8527
2307 2692
6491 6415
3620 7795
6176 7458
5384 4292
8210 5111
3713 8520
5377 3728
5241 4782
3163 4174
4253 1536
6474 7938
8881 4022
1131 5916
208 5278
8907 8131
4860 8551
6186 6103
4740 6419
420 2900
3252 2523
3627 8893
6116 8251
1901 8384
7592 1005
999 3405
2714 8724
4928 561
3311 1410
6270 6245
4572 8023
7263 3345
7751 2727
6276 5359
3946 2697
5707 6595
7988 7414
1226 8906
8383 5269
8024 4077
2863 7750
3347 3881
6750 5219
4007 6346
6528 3514
1461 1329
5099 5419
1307 6375
7560 106
765 8242
3329 4374
3443 1912
8632 4870
6846 3424
2807 2100
7388 6008
6760 3747
909 8851
2833 1563
7345 8234
551 5107
1518 5385
6249 774
3336 3254
4987 3785
4319 4979
5081 144
114 5620
6838 338
5984 4564
682 551
4815 7504
7090 7199
6790 4309
1008 7341
6852 6999
4498 7204
4902 3258
7330 7405
3077 650
493 998
66 4159
6302 5805
4051 1341
2963 2929
4463 2280
6149 1615
1547 1311
6376 382
313 3697
329 4843
4531 3144
4247 6471
676 8779
3310 2770
2083 6168
5972 3047
1234 5873
4856 8236
957 6260
2011 951
3425 8341
4358 380
4049 2362
8946 7444
3691 6210
8047 8371
6762 1502
5464 2430
4840 6660
7001 1177
7899 6246
5072 4457
1628 6007
1633 5182
4203 8045
4160 8010
1086 458
1118 5274
7280 8996
6436 1344
1666 6529
8987 1884
6343 5622
4284 127
2900 5263
3246 4195
6446 3639
8978 3470
6648 4746
2835 8832
2182 7799
6068 5898
7461 3403
5478 1156
3152 759
8547 8364
3731 2758
7479 3494
8891 6512
6303 2851
1760 7011
5913 237
7527 5601
3010 4262
7361 915
2146 5395
2392 182
6050 4787
3949 8548
6227 2494
8189 6890
7169 7703
3363 8473
4882 3976
4106 1026
4414 4734
3183 7031
1313 8915
2407 4384
4492 6316
8220 3172
8421 306
26 1578
8917 5221
6315 7665
2914 1671
6816 7791
7538 6054
4605 6792
8884 1947
107 7029
1064 3207
2628 5072
8736 5026
3765 6814
1470 3618
3793 5024
8464 7969
2439 2255
230 1059
4222 3967
1153 1949
788 3293
3286 8328
8046 4196
7483 6333
2626 6286
8773 150
6432 1638
5134 8014
8501 4271
6167 6970
7028 6161
3926 5037
8223 6556
10 6258
7281 1981
3309 5210
2057 7766
350 281
713 7545
6258 3213
7939 1846
1168 2624
5801 6953
3493 5959
2615 1179
2729 4216
1386 690
8061 2097
4118 396
2206 1613
6743 5437
1545 805
189 7888
4834 3394
8444 290
3180 7134
6312 8089
3795 2629
4456 7748
4797 8912
688 4382
5011 3577
306 5935
7041 5105
6595 7785
1512 4043
4779 6274
3048 4693
8772 8194
5827 5729
2367 4414
8979 4144
6859 5146
6759 5749
2786 7768
3551 3919
3451 6648
2213 7145
4912 7244
6022 5970
7660 6912
5180 3112
3886 8805
5754 1717
4807 2556
1915 8677
5079 2617
544 1287
1333 7603
5589 6461
2917 5706
2697 566
7476 4404
6297 506
6819 6190
7200 5550
4146 1007
8373 5200
7081 2411
3349 7925
8405 5574
3015 7737
3288 3193
6288 8590
636 7909
8245 8421
3144 1404
3563 871
501 7187
8278 2022
1263 5329
5291 7552
3879 67
8186 7948
7495 5291
7952 19
2090 2715
5722 4912
4018 1138
6617 5925
8766 1519
6551 6275
5362 5876
1765 1871
3263 7773
4489 5015
1328 1306
4943 6685
955 59
8029 5478
1107 8868
7721 753
7878 3760
6791 6683
201 8065
1615 1700
8241 3481
7296 8722
5870 8794
6118 8768
1986 4452
939 5335
319 4527
8969 1207
5682 8739
8147 4410
6479 8119
290 4680
5382 8823
4952 3145
5604 5791
3673 5108
7086 3411
7099 6066
7257 8086
2664 6221
6 423
2251 6519
6724 4488
7695 7326
6784 8781
6194 1861
8894 7107
3264 1514
3978 6431
254 7072
8482 5869
3156 5667
4067 5070
8415 5363
3918 32
2474 851
790 8051
8486 4561
7757 697
4814 6858
7100 3448
6904 7420
2653 6487
38 8150
6150 8087
5976 4821
3577 5340
1225 4946
5527 6360
3062 8041
5967 2214
1474 8122
3013 8169
435 6248
6628 8790
2155 6381
8287 2031
5022 964
837 7272
3024 8035
3394 6796
1216 4853
2472 2371
5831 1217
5037 1134
5024 5909
6979 6445
4424 8481
8744 1812
3807 4312
5935 8918
1281 7003
8583 4088
7228 3673
7689 4965
6426 1950
6675 8662
8363 3645
101 1491
8328 3958
1250 8253
8666 7740
3334 8686
8015 5245
8748 4119
3697 8053
6112 5477
4443 6781
6299 8342
1590 3092
182 7907
4989 6880
2134 3292
649 8044
7359 4707
1075 3830
8081 5851
7994 3888
7031 6249
7382 3098
8947 7208
3732 6726
6223 7533
8493 4772
1645 1031
8504 4954
8623 3936
8433 3378
4204 4175
5980 4348
5303 38
2088 5161
8302 29
5563 6049
8369 7507
1082 5159
5993 3802
2993 6270
3086 7219
6906 2380
3034 5271
4543 460
74 2740
7113 3169
4152 17
1344 2308
6976 5079
4661 4607
6556 8525
5231 3365
5415 4285
2772 508
498 6427
451 5121
5633 5506
6996 3929
8663 7551
4072 1675
6193 1037
502 5684
6709 413
4212 1785
8164 2988
7610 6191
7887 8191
2498 6780
8256 3447
8345 5546
6782 628
8316 5273
7158 8578
7907 8619
2305 4674
7787 3550
7554 2207
984 796
3228 5632
1407 8127
4926 6010
5514 3513
1723 2913
7752 8904
7759 6186
5946 1969
2526 2369
3401 8778
1339 4223
3999 4331
1741 1645
7806 2472
7481 4629
5605 8736
7864 7281
8828 3568
799 4874
803 7201
5426 1342
6914 2434
2543 6522
646 7968
3173 1008
3242 663
1342 2962
6935 13
931 2287
2097 8224
4279 8789
5956 5543
3614 4560
5891 4816
3478 7828
3237 5004
8539 1398
3360 6450
1140 2766
4175 6094
4091 4549
7629 4492
6271 4735
6339 5404
761 524
5598 70
7383 1348
8949 4972
7946 8796
3590 924
518 1668
285 2481
7134 6866
755 6893
1925 1753
8653 5691
2752 4186
6123 4553
4785 5511
289 184
3251 1438
3813 8776
3361 8571
8294 4614
4163 7282
8083 8133
7077 1848
2641 4021
4551 2531
4013 1391
1402 7738
5744 1732
4205 3395
2363 6203
7332 4399
8806 7542
4235 2331
8596 6972
7416 1889
241 6131
8494 4899
1124 666
5691 579
6884 2783
1190 3504
61 5510
5137 847
8423 3856
6941 2705
6640 6255
6905 8569
6971 8294
3422 1584
6285 2021
5315 7716
944 3080
5182 7367
4825 6720
2218 6745
6424 131
8310 6584
3271 6378
2415 1908
3969 1247
6015 2143
459 4315
8341 6704
1303 1231
6618 5614
7655 5512
1475 2640
2575 4919
4587 7153
822 6301
5239 1999
7786 7835
1695 1561
3249 5275
6056 7411
4555 4257
5538 301
2044 8869
7396 6672
6922 5687
1654 5775
4373 8117
8374 3994
8059 6404
4994 6220
414 4353
2604 7096
2740 5503
1022 3824
5465 5208
7232 6579
2516 1105
3200 6296
1256 2195
4053 7843
7272 7202
2997 3175
4388 1442
4120 6171
5665 3563
8387 8773
6970 1878
828 6188
3302 161
8861 3792
6658 3613
6621 6846
1643 8661
2417 8250
8565 8847
7711 8099
4590 8586
29 3066
2108 2332
8545 5133
5561 2153
3485 7043
5858 2749
7198 8412
4940 4300
7173 4727
5471 572
1969 5141
4107 6265
7694 7083
5889 6053
4267 6266
4298 2546
7541 7842
7255 7683
7625 3341
8998 6951
4868 4572
4563 8381
8791 1609
160 2567
7911 2247
3318 1107
7344 3043
3938 4351
8309 7749
7679 836
4343 6201
1222 2415
6080 4968
7602 8454
3117 5096
2411 8636
963 5094
490 3315
6480 3662
1952 4009
6705 8144
4138 7904
2406 8101
6060 6600
3619 3927
1171 7997
8786 7053
3824 2805
6094 957
1786 8491
5297 668
6385 1308
2735 4858
891 5945
1675 8126
8298 8939
227 817
6527 7951
1858 2063
5019 2807
3903 8891
6092 5758
39 4571
4830 4773
6981 7035
2413 6115
622 2574
8684 5326
4793 6874
5102 5338
8476 2455
878 7314
4577 3985
6445 5984
3582 6329
2747 7725
5033 2049
2868 7263
7903 5829
745 2993
7009 4093
6546 7174
2881 7854
2264 5843
3763 2037
4470 4114
6601 3669
466 4168
3812 8464
6323 7721
7552 3382
3826 3212
6001 3530
2376 678
8281 3648
7379 3466
1347 4133
485 241
3972 4321
270 5113
1209 4439
1696 8154
5098 4146
6809 7635
1995 8018
8804 2584
595 234
4297 987
8236 1393
8254 1044
6200 2240
8810 383
8721 5880
1870 3402
4128 5341
5130 7365
2643 1020
1805 5494
568 5995
8357 8545
4014 3497
4462 3928
5056 2361
5848 4098
5930 8613
8182 6134
5378 6744
4965 4162
7252 1991
601 8511
5731 6351
2695 3517
7188 8377
2661 3870
4102 980
1775 6847
3859 3524
5939 4752
3787 4420
7243 2785
2703 3152
7050 8729
1398 2540
8343 4515
7950 6392
7199 622
548 672
7314 568
947 7815
7335 6435
6355 1106
6423 523
6417 1859
7012 5740
116 5726
4332 8205
2396 8629
7980 1282
1072 3025
4823 3733
3964 2942
542 443
1330 6089
6679 1253
7613 7847
7338 5058
5472 3122
8739 4148
5026 8483
5252 3750
5941 7679
2759 4200
1516 2602
3322 5609
2861 5333
4052 3997
8570 1067
6365 4169
8410 4986
2352 5640
902 1272
8470 6821
763 88
2003 682
6557 5043
8939 5788
5671 5608
5541 7439
1432 7889
6411 4999
5290 351
3727 2246
4697 361
5448 4027
8230 5863
4074 5350
4039 3384
5308 2052
2275 7258
7425 5143
5560 1503
4670 3952
2537 8193
2754 4229
5299 6305
5294 1269
1426 8353
3839 2224
5444 8494
2979 7657
4209 1004
5901 5688
4109 1680
8518 3837
4758 6193
4894 2716
336 5577
8853 7926
2950 4623
8785 7092
2829 3216
8885 2127
6681 4483
3685 8306
4544 8239
1444 701
8593 7903
4759 6633
3721 1324
1394 5576
1998 7993
2066 3946
298 1248
1953 6393
2327 2761
195 4487
738 1870
7979 6091
8430 4684
7410 4376
971 4225
8585 3533
627 910
732 317
5499 6518
3191 7867
5898 3941
6725 3556
5419 4190
1186 4818
4401 6965
5371 1478
3112 3204
6217 8203
7046 8004
3366 5877
342 8910
1841 327
6715 3214
4837 4138
6907 2081
7784 6923
5894 1368
6901 3283
6300 5717
483 6581
8224 2199
3588 4402
2107 3421
7503 7668
747 3100
4399 5110
4701 6214
5009 4047
3203 8522
5071 4722
3371 2745
1456 401
8417 2688
8402 1022
2121 3603
1714 5027
7590 3234
2217 4910
7781 8861
6158 7340
7102 4017
680 5793
2757 5936
2464 8231
6362 8863
8350 4367
225 3472
5462 7776
7949 8506
4340 1646
8412 5066
1173 5573
8451 2782
2463 7540
5232 3133
2425 4646
5710 6124
7025 1135
2461 7154
2268 7539
4647 7500
5407 1446
296 6423
7595 6576
8356 605
8145 8
1128 2241
4730 4407
6082 5826
5599 5447
3594 1760
8728 8391
2230 3752
6666 6605
3882 1650
7841 1622
4493 5769
1612 3619
3872 407
6255 5596
3475 1805
2616 7235
6909 2707
5697 8380
5428 8935
1053 1714
1622 7090
1708 7010
4252 3794
3748 7834
4612 6256
7519 3532
4907 3132
2360 5517
8982 8917
3736 8530
7093 814
8686 6560
3943 967
5262 7327
351 2919
575 6441
4621 8837
6456 8829
1835 195
6248 3622
3779 7261
2444 2341
8718 5225
7512 3138
6834 2989
7463 5050
185 4158
7890 1245
2962 8645
6748 6629
3612 6533
5551 8394
4777 4393
7583 4982
6076 5012
6256 6401
1501 8853
2071 400
8372 8283
1630 2106
2462 1164
2310 1278
7115 5435
6061 2412
571 7139
20 8500
8420 8024
525 5272
4307 2393
8327 5177
4029 1517
4724 6513
3319 8714
2676 2237
2045 3694
6019 7871
1793 2823
8644 8952
5144 7757
3400 2377
1716 139
86 6996
1960 6531
4090 5479
1774 2056
1233 8447
5601 7937
5162 2850
3653 472
2599 75
124 1663
4853 5673
1044 6105
239 5531
1376 1501
6071 8579
8869 1444
7973 5178
8906 2196
6409 4037
5680 6397
8601 3620
3622 4606
4021 4156
2867 2112
2528 1637
3682 2256
2860 2474
2443 349
199 8597
5405 2130
4688 3732
7439 1814
3312 1684
859 1215
6780 2601
3073 3392
8389 4613
4702 2134
6620 3814
852 3228
8368 2312
6525 3819
8823 7185
4145 2970
1694 8726
5338 1824
4567 3699
6163 245
6420 3609
5583 4691
1057 1782
621 6068
848 8033
731 5527
4268 3741
3513 8256
3537 8003
6542 629
1181 4333
3446 4908
4891 4134
3922 1771
3538 8672
8293 6153
2631 3344
5279 4861
5569 5699
5491 5586
2999 4557
4574 842
2397 2504
8572 6842
967 1097
2241 4472
7118 8883
2289 4105
4608 8419
4642 5346
6586 5900
4207 7452
6773 8887
7856 3576
4206 36
1100 7920
5743 3763
218 6366
7801 3178
4453 7325
1809 7955
1264 1242
3850 6063
4046 2317
3045 8340
1770 8499
8284 2147
4693 8162
3962 7293
1170 8262
6081 6422
7423 5693
8863 2591
3757 103
951 1160
4329 3188
8992 344
6689 3874
8379 8267
7818 5377
5681 1224
5994 7142
8688 8713
448 6806
7594 676
8975 2177
1482 3906
3393 3399
401 3711
6737 2582
5627 5055
5990 1971
471 5600
6534 4856
5370 8282
8489 8125
2639 1665
8349 8097
8860 3855
4666 7620
1463 1899
2520 4282
2945 3028
1886 1313
8767 2292
8774 2223
535 2509
6508 3714
7428 2213
1799 8134
8336 2005
3652 988
4583 5821
8213 5540
1204 6532
135 5415
8950 3083
8199 1575
3723 2609
5557 2535
7045 2006
6487 5218
5257 6332
5006 4084
3635 8293
6145 4185
4002 1927
1550 6380
4722 4244
7107 2108
4143 4387
301 726
659 783
7127 2446
2426 7167
8563 5441
2982 95
3160 2159
4228 2997
3001 2023
7154 4605
8603 1011
1746 2404
8997 6341
8676 5088
3714 1493
6102 1973
8520 4131
6244 3070
3526 8504
1002 5165
5923 3009
7453 7696
5164 6747
8142 6440
2142 8580
7202 1142
2476 208
5487 6477
4885 637
4727 4502
4250 4319
480 1193
1617 2860
5391 7855
8156 34
2677 2906
2224 5756
4639 6405
5360 8834
7510 8248
6191 5629
873 3810
1709 5927
2336 8268
4877 8632
3900 6709
6575 942
3083 1611
8000 485
6597 8969
6671 6428
960 895
318 3155
2209 7151
6722 148
1165 3876
2183 207
5001 1756
645 3965
3994 1472
3767 2336
2803 6870
1122 6371
1854 7837
358 7048
4783 4203
7933 1547
2366 7659
2915 5532
3005 8084
998 7137
5118 8715
2585 5099
28 7803
4770 1828
3737 960
4445 3621
3185 5438
8787 8599
8277 6917
7873 7558
376 7407
3187 4565
5101 2963
6160 8521
4249 585
6555 3712
8217 1815
6693 1430
8821 132
5292 8898
4241 4941
8406 498
870 8625
6026 1594
2619 2828
504 8623
8296 6211
656 6372
6554 8363
4968 2483
4904 8534
4438 4391
5206 3410
223 7023
407 4429
8360 3002
3818 6022
5205 7557
2678 5860
6129 4129
5038 3656
8026 7730
113 3493
2627 5977
6795 7524
1683 6714
7362 6317
1414 2725
4696 3892
4050 1982
2059 2612
2621 5538
5104 946
256 4792
3774 391
6717 3909
570 8727
1735 4675
2901 874
5240 8709
3592 4188
7160 6120
6383 446
1270 2616
123 8673
8475 3015
5410 1888
3061 188
1123 2456
2988 4860
3814 6437
4684 7479
4353 3804
8924 4616
8628 6808
5531 4657
5769 4361
7096 311
1898 7429
7831 2587
388 745
2292 2267
90 6180
830 3077
6536 3388
1759 2050
2745 3140
5715 1541
6460 6591
8304 4638
6086 1018
2085 5933
8816 4375
4327 4003
6373 8807
529 8465
2932 3599
3445 6541
8579 3590
264 576
2706 5155
8300 5220
4564 6457
5245 6813
8697 1102
4659 6273
6067 5783
8768 3769
5216 4495
8661 2525
7408 5235
6657 4928
6954 2149
5353 8923
3258 6661
411 1273
7054 2518
7547 1095
1098 4370
6346 608
8928 7755
4782 2603
1350 6924
5846 2526
8564 2390
3815 3229
4505 7190
7207 3427
7282 843
4396 6609
8120 2994
6550 1082
6817 2401
6881 2212
2879 6943
2576 4499
5747 559
165 4465
8212 664
356 6278
4126 2794
6301 4789
4164 411
4651 3055
1167 3327
8709 4797
8568 8540
2567 1477
8722 1473
5481 606
443 2833
8569 5045
8727 8444
7224 8299
6911 8446
1468 621
2102 4230
7017 4238
3105 1485
6241 8431
7315 3754
423 6612
5782 1176
1626 1295
2791 573
3037 8627
6349 4323
3303 2299
8679 1038
5054 7276
8912 3393
2246 6621
5287 2670
8929 7897
2898 6019
3880 4365
8846 2888
3472 8564
5332 7989
3941 645
5422 8546
8839 976
6933 1661
1252 6451
4635 2215
5529 1532
1548 4128
5196 4866
5408 4092
3480 5238
5985 1232
7653 5986
8868 4733
7777 4038
4161 6414
2440 954
7407 42
550 1048
4428 2744
3613 6118
3783 1944
5554 385
4538 2524
70 1686
2637 5987
4632 8075
7492 1527
8060 293
4216 1542
8789 8418
4503 1849
1729 8615
3067 1564
2340 3541
3306 3389
3022 6892
882 1070
903 7392
4355 7013
7222 7351
7006 5979
1214 2615
5713 7515
1538 3464
8849 1747
8801 4709
3199 7816
2672 5393
4447 117
6406 1566
2651 2867
1542 4696
445 8115
8361 8015
4728 7567
8567 4857
1754 8482
1719 3359
1713 1625
120 2943
3332 1471
235 1214
1014 1265
700 7426
3116 7974
8529 8587
8551 4730
4251 3350
6650 2674
8758 3124
7213 7404
7514 4475
8214 510
8595 5755
3982 3665
3368 4846
3113 3988
8926 6106
8408 6784
5114 2348
4511 214
3870 8411
6182 6358
1424 6285
4410 532
8154 3442
8921 4812
4895 7172
7771 6818
7999 6291
5434 5924
191 5678
3667 834
400 6160
8263 445
4441 1768
697 1734
7741 7166
3534 1025
527 8315
18 4625
7300 8741
1067 5365
8909 6737
5060 6197
2156 4485
1052 1559
558 7824
6014 7541
1134 2218
8974 7731
4087 6164
7683 7798
619 98
773 7819
4461 4478
2618 1904
315 128
6464 5911
3179 7000
6703 228
1515 7723
1937 3030
5595 8159
1148 5228
4920 8060
2081 564
6623 7678
3072 8679
1343 6162
8681 2333
1049 2924
7966 3624
4201 8067
8286 2188
1371 2466
7015 1394
8775 7347
1560 4143
5329 5472
1289 3744
6403 2565
4787 1554
8900 5492
8798 7226
3944 3377
7215 4737
5607 2898
4121 2779
5229 2085
7120 1199
6282 4742
3250 4671
5350 3625
8515 2286
3157 7056
6616 6555
8510 8487
7623 2438
6902 102
3961 2263
1102 2244
1637 7646
8305 2418
4467 8074
7556 5703
7290 278
6437 8007
149 7532
8344 2034
7906 2436
4510 5277
4991 1465
429 4522
1062 3721
347 8183
1114 2995
7293 4360
5227 7466
8972 1922
4159 7744
5793 4785
3154 6762
4863 4767
2512 3374
6142 2315
7996 7170
271 8197
7641 8474
5784 8815
4420 1420
2263 4497
7459 1987
3662 6840
3585 2530
8588 1152
1224 4373
6598 1509
4980 6887
5773 4056
7413 8280
4871 7128
7859 2275
408 2600
3608 5396
2313 4046
8196 2437
3811 2619
4542 8404
375 2447
4657 5400
2192 5525
1968 4045
3462 529
2549 5498
2054 8322
5761 4277
8307 4040
5095 3485
6371 5480
5111 5597
2490 995
3569 7529
4532 2009
8836 7451
6005 6060
140 1885
3206 935
8511 610
1405 517
7736 8425
3339 8158
3670 8432
6688 1172
213 8279
5335 3108
2449 7797
2041 8732
5440 2462
1819 2273
3567 8120
5310 3042
7572 8066
6072 8874
6368 2701
5036 2956
1537 2873
5018 900
6950 5947
1119 7248
2381 243
4421 862
2525 5808
3806 751
5628 4823
7696 1125
3378 7852
7400 2881
4144 8879
413 3905
4485 2611
1753 768
7180 819
3649 7514
8643 5700
8782 7381
2696 3401
6045 7486
3354 1133
4066 6459
1258 5109
4024 1080
749 8200
872 470
1257 6177
8680 7820
4070 7985
224 4302
3706 8817
5174 2752
6889 6048
668 3565
7477 3318
2079 5101
6427 60
2298 6785
5910 2045
5881 769
3337 4090
4597 6290
293 4995
3916 8743
1579 8385
5544 2129
6849 1895
687 7562
426 3279
7208 3518
7221 7114
7056 4221
3572 5594
4861 5034
137 4192
1554 8665
2675 933
8650 5076
2668 6798
6070 4726
7535 1943
1345 7900
3648 8420
1383 7962
2226 1851
3348 3807
148 2916
3686 8630
221 1988
7756 2808
6395 959
7472 8103
412 1259
2506 2986
7733 4600
4654 8237
2048 4801
2148 7236
2719 3443
6946 8480
1852 1581
4491 8057
3482 85
2542 1337
810 61
6416 4434
6680 2493
4123 5530
1421 4804
8054 4760
936 4570
1639 1240
5289 2643
7847 4394
4302 2755
8691 1292
151 2914
7374 6845
5802 8296
202 6139
5125 341
1492 569
5259 4155
4254 7564
4644 950
2826 4342
4345 1338
4703 170
5559 1730
488 2719
7078 534
5479 744
2846 5265
4887 1918
1 6205
8491 6599
2195 6077
1933 3600
2642 3201
1771 3333
8152 6454
5298 7290
726 3816
2532 2488
7071 8607
4969 1654
6565 4089
8963 8174
7210 2194
4715 7117
432 1576
7832 6382
8749 5411
7140 3631
3623 4786
6247 6939
8115 3503
1894 1703
928 7368
1724 303
7766 8922
3134 2364
88 1712
1879 4906
1689 7967
5218 7492
895 3693
1667 123
1179 8888
2572 6736
4656 2205
4026 2880
6997 794
766 8141
3805 2865
6783 1803
1570 145
2732 202
6622 3975
8053 8556
205 2326
6820 8719
8553 52
8559 8539
537 7806
3395 6859
519 5964
5811 5767
1311 5430
7442 7333
4903 2464
7040 5299
7061 8143
5585 5091
110 5942
2844 8246
7095 6960
8589 2952
6218 2098
7038 3253
8720 594
5540 4524
5093 2774
887 1898
3133 6900
6110 6279
1889 3584
6442 7024
3693 6086
1305 3158
8127 4413
437 3774
7800 1725
6860 5414
1401 6700
1737 4245
1285 7203
1021 1322
8048 7879
2859 1117
1373 1664
1939 1679
8458 5069
757 1759
57 4662
190 4971
280 7531
7283 6413
3559 8536
2180 1931
7500 7132
1334 896
3140 1857
7279 4306
4554 5334
943 8994
8808 1691
1498 3262
5857 1963
2177 4177
7501 2944
5331 8558
1736 4142
6968 5948
283 1868
2587 3713
994 856
3634 319
3345 7001
6745 1417
2015 2171
2202 7475
1198 8682
8562 8479
7597 1275
4093 593
8642 3505
41 4819
1920 7493
3621 3951
4506 8124
2555 609
1777 3387
5418 4718
2578 1093
1650 2684
6421 4960
446 5831
410 6778
2285 7111
4122 6448
3894 3462
5498 8600
7509 1209
6141 3241
4620 2648
8640 6368
6232 6502
8760 8078
8289 1731
3836 5475
2910 752
5049 222
4850 3537
6225 4308
5528 7101
2558 2345
7007 6981
1301 7732
5373 8318
1116 1809
3412 8505
632 711
3844 5192
6478 1088
7993 370
5197 4034
4335 5633
2893 6152
89 8667
7019 8517
8796 8054
4835 8577
7889 2444
8800 2918
6224 6466
4065 3923
865 3803
1074 5387
6366 2541
1705 8549
8014 956
8397 3356
3060 6216
5492 487
4929 2080
8471 3942
6313 8417
3799 1550
2450 1386
8608 6032
6574 7652
1866 2626
7764 6511
6100 5217
6429 3993
5035 3252
2682 1640
1158 8092
3434 4104
179 1412
8746 3161
5084 5188
985 7042
6823 2396
2039 6498
3260 8437
6611 7066
3447 8469
2718 8307
2816 3574
5859 8308
8428 7579
744 8518
3741 1798
4886 8320
1499 5017
4970 1202
4315 1325
6540 112
4476 3817
5309 8660
2454 6261
2266 1567
2067 5825
5192 2667
4321 4828
1105 2733
1660 5459
7191 7339
392 8941
5944 6546
5786 2695
8865 6178
6032 1701
6139 7995
2026 1466
7037 4242
4579 4463
8237 8331
2388 4798
1652 6810
1120 3271
272 1506
6172 5802
4820 6483
4585 2046
7156 6974
1972 3197
5176 1953
650 7892
6775 6919
1137 8496
1332 8112
5955 3634
7824 3452
5788 4251
5937 623
3498 7322
3020 8093
8354 6897
5593 5242
196 5864
56 3671
6947 2912
6993 6521
2361 3407
406 6343
4032 7684
7034 879
1478 47
4826 5762
6485 5724
5254 3912
608 6526
5161 7906
2012 703
1619 5482
2872 8098
7105 8359
6280 8998
3789 4667
7343 3296
8651 5992
3507 2638
6316 1775
1905 4909
5283 2423
2470 3029
6843 8977
314 2939
989 615
1329 355
6753 315
623 4997
8945 3818
5663 4504
438 2484
4678 7020
3517 7357
5736 4237
8222 5364
762 2847
8958 3187
4047 6510
5504 4301
3208 82
2234 2568
8177 455
3148 5453
6613 8614
673 4461
1578 7745
8 1774
4683 8846
60 4970
566 7320
1836 5267
7395 1817
4996 434
4484 8995
6046 2999
8575 8929
4338 2288
4487 3808
7084 189
1546 1992
3947 5041
733 3614
4085 5698
4077 6235
252 3343
4275 1976
71 5328
7397 6617
6203 6276
764 2071
2951 8149
6201 1264
102 5044
5644 409
3956 754
1513 8555
3106 922
4173 331
7904 3680
897 6838
5765 5057
366 7051
2181 4649
1325 8258
8244 8872
72 5588
6304 1651
1646 5142
279 3406
905 6828
3768 6018
6305 8113
4465 2598
4278 4462
7959 2387
5281 5875
3054 31
2144 883
5960 2996
395 4116
1428 292
1950 1423
7614 2776
1087 5427
6047 5611
6865 5886
203 7309
6656 5907
1416 3093
1785 6097
4986 8528
3864 1742
3503 760
1776 3963
3910 5321
8488 6444
4838 272
1728 5247
7833 671
3687 8503
1715 2168
7895 7694
5386 7191
3132 4069
3041 3151
795 8414
1940 7588
6482 2076
8743 1208
3801 4911
7135 3358
409 5145
7677 1967
2658 7193
6695 5610
6292 5469
1900 4433
3088 6370
3350 4079
7111 5852
5392 8605
12 5648
2375 2449
84 8894
4685 2554
5510 4791
7505 8708
2515 3698
1812 2713
4068 6271
5823 2934
2690 8755
5057 198
2269 5416
3906 1455
5735 1331
1569 8710
1138 5814
8028 1616
6155 1693
4637 6166
2161 6003
3032 1457
6228 3054
5163 881
2693 6698
6677 8628
4191 7946
8290 7406
8450 6645
3581 7268
4744 3309
7020 4692
1881 8241
8181 4539
8717 3627
4027 653
1484 4961
5524 6
8541 3689
695 2681
1084 5938
1971 3321
1099 4581
8527 840
7337 4967
4069 2038
5295 7490
180 1116
521 264
3535 2311
6711 5422
4221 369
2024 6654
8226 1863
768 2792
7780 7940
5343 6590
5473 4157
266 7656
4475 395
6736 2301
1293 3536
7133 1610
2129 4803
2851 3832
5812 6889
6095 4436
4291 3787
8870 44
1418 3990
8326 7284
6973 6640
982 7278
1055 8616
6212 1415
3065 4780
7779 2300
3025 5690
7259 3962
5317 6816
2577 8046
5127 2578
4129 5446
6936 6439
1544 8408
2563 2465
4692 2971
7910 4028
8039 4388
164 173
921 3325
6069 2512
3373 7462
7064 2843
6943 8791
4230 4459
3057 3041
4527 63
7607 5838
8446 2608
8626 4661
2522 3718
3519 177
1865 3126
4751 7144
6630 4935
3315 1399
4808 8529
2828 6012
7457 3742
3409 4466
8416 8028
884 4010
3398 4669
8407 7012
3096 492
5165 5476
8242 6429
2882 3548
6927 6730
8411 4307
8613 8214
8071 2950
6836 598
5586 1593
5404 7691
7385 2838
7945 6195
4737 3511
2726 5170
2358 1191
5987 1572
5890 4371
7368 815
8097 8657
1015 6962
2169 2422
8500 3970
8160 8568
4831 2623
6334 3312
5908 2137
7003 8877
8820 2711
5156 2373
1561 6399
616 3822
2768 5303
624 8257
4674 8801
2050 231
5325 3918
8355 3925
599 7453
6850 722
5094 5745
4179 7068
4953 2064
7417 5665
4369 2899
2514 5389
5582 1085
1659 1673
3703 3459
1051 4337
7004 8733
5618 7817
2557 5168
55 3141
3217 3198
584 3118
6863 2757
6897 2861
4812 5649
654 74
4720 8899
6293 4013
104 5112
5874 3304
6202 5514
7668 6141
7143 1182
6532 5234
854 7933
339 3538
5537 3913
4915 254
2467 100
1078 40
8058 4947
5149 2489
5119 6309
5968 8799
397 236
7582 6046
8807 1323
3289 1357
933 3076
1219 215
4060 6116
3843 5205
1574 2268
5525 4645
3131 5768
6594 4254
8404 1744
5337 3206
3463 1540
3689 7915
2362 486
8914 2133
7289 503
4078 6042
4512 6112
7008 1721
8376 1354
1338 6725
8110 6027
1295 596
333 8550
5374 1585
2215 71
3414 3725
1991 2264
2843 169
5306 3797
8662 1238
658 6991
303 1165
4311 5505
3696 4173
5267 8297
3254 3796
453 3630
3021 4354
3785 5842
106 3012
541 2318
1564 5007
7897 354
4816 4239
8777 62
2968 1784
6962 1961
5922 5754
1653 984
1543 1183
1196 3604
1674 6554
5961 5018
3624 849
181 8305
1562 1876
4913 2365
7760 2062
1529 6328
952 6363
8312 2088
2133 3196
8172 2346
6178 154
6692 4020
7348 6004
4099 8311
1146 459
6516 4322
5202 916
3871 2458
153 1986
3533 2829
7318 247
3151 4267
2919 111
5795 3182
4802 1469
2699 2949
4526 2652
4474 8955
8157 8052
6537 256
4200 3821
866 6051
2221 3762
4749 3314
7970 4166
4852 8745
6325 4938
2501 8370
5495 7483
5326 6596
1480 5483
8378 8944
3407 3268
8845 7353
3376 587
2970 714
7633 1241
1524 7918
5453 1964
371 1045
5083 4800
8521 2072
6352 7701
6469 1418
2151 4132
8266 5294
393 1401
1091 8982
462 3372
2875 3110
8503 1299
6475 1810
6653 6133
7908 1778
7778 8459
1364 8346
578 7058
7168 5694
2127 4477
5221 3637
8414 6173
2448 6800
1688 7050
3680 381
1346 7307
5435 4062
690 7130
6430 4363
262 8038
3829 7865
3566 8036
2743 6408
1159 5738
4035 7115
8994 2969
4220 4985
3558 6795
717 8981
4847 8000
1466 3809
8315 329
7687 6224
1452 4530
422 8188
7854 6181
8348 3845
8125 1979
2656 7858
1511 8792
8803 8347
6994 143
5160 8011
6732 1277
5749 5089
321 8427
8745 1984
3421 8897
3270 3167
3617 2573
7773 8648
3593 6632
8425 5819
5219 3127
7424 5025
2207 4975
7155 30
585 756
6408 1852
6530 8422
6758 7267
8955 8029
7960 4641
2116 3021
1700 3549
3121 1727
6822 1830
7515 7334
3545 348
331 2661
5798 5115
5141 8013
5810 6110
6269 2450
8542 2923
7214 3889
1251 1875
5824 2124
2229 2735
8540 6192
1882 1205
4295 6835
8538 7954
6518 3531
8854 8221
2607 1718
7982 2743
6948 5258
7419 2628
5845 3984
7157 7765
8499 2644
6024 2417
6582 4536
6526 3869
2727 7720
7617 8836
6340 8738
2605 4770
6642 5885
206 2522
3323 2146
2774 275
8867 627
7014 7440
1684 5474
5756 4574
8995 5337
4313 6028
105 91
4974 1758
6794 2319
5458 6227
5947 3294
1090 1530
938 3705
5611 6666
3970 6318
2870 1656
6171 4618
4999 8735
2694 1614
2420 4814
959 2197
8400 864
7885 5806
2959 3176
2270 8001
1977 6303
6309 8542
418 684
8322 5878
3256 6558
5934 962
2568 7270
1712 2814
850 3528
3324 33
1039 5810
7900 5319
6290 6582
6945 2627
7284 6041
1522 6364
7387 5283
3980 3761
2245 677
8436 2787
7601 5276
6211 4552
3346 8783
8516 461
2662 7804
6213 947
6588 5140
8617 3441
4010 6127
7916 3072
6104 5023
8837 1312
5502 365
6957 464
7915 3745
7321 7853
6034 6154
8429 7302
3646 4538
4708 6721
6185 1289
4197 2424
7039 8325
8394 1549
3064 3369
6899 3987
8904 1623
2756 4720
5376 7922
212 4943
7561 4359
5468 5065
1648 1316
4248 8252
5770 3980
5875 4992
934 3795
7412 552
6488 8533
4606 6885
216 4888
576 1558
3867 7008
4114 1789
2845 6345
3720 4739
3990 7508
6590 6982
819 3154
4950 6121
5089 4124
1531 512
742 1237
92 3290
1788 3966
52 1460
265 3422
3053 7688
4878 968
7866 468
3936 2683
2636 3777
1680 5643
6152 2471
987 1291
7162 2720
2780 2760
2157 5029
8087 4073
3831 7643
6733 8561
1413 1358
8073 1497
8668 2802
2013 7979
3044 7991
5243 1565
2590 3995
4726 3286
7961 6679
5839 2491
7874 7717
4514 4990
1184 4332
1327 6196
5235 8434
718 1911
7132 5763
2115 8271
7799 1765
4851 2987
8532 5073
2069 544
3546 6922
4795 7216
138 2479
8007 2271
4865 7362
7643 2925
7418 4288
1613 6155
4479 7782
3313 4926
4753 1124
5805 6775
7108 4603
2243 3891
2533 8990
7657 3955
6049 4150
5398 8510
3674 5038
7360 5240
8915 4015
5402 4336
8413 6013
8954 7082
5321 4944
3860 4518
3080 7681
3000 747
8179 6292
8043 4532
2316 5824
1679 312
7680 2842
8178 3330
1000 748
5721 8866
7176 8664
4995 7346
8605 845
4142 6830
489 3184
8295 6099
8137 6236
2995 2968
5826 7930
3107 7971
4594 2780
1509 8021
1985 69
5763 219
3269 6623
8128 2170
3164 3686
639 4597
988 1780
3830 3281
8825 2477
6393 2957
4821 73
7700 419
6314 8962
1108 1792
8843 7343
3702 5312
3904 920
6205 6969
8170 2927
5629 476
7238 2768
8261 8136
6720 6937
3664 3045
5942 4980
5272 4923
6147 867
5728 7584
5442 6055
554 6930
3660 3683
5714 7004
7152 2169
2538 352
2082 7743
831 1409
3404 8806
2168 357
6987 1795
911 7127
771 5313
2940 5418
7024 6460
8068 3085
1370 5136
4716 7739
7285 6011
8122 2042
6845 5777
6088 7220
4618 5397
7144 4672
7564 4831
8878 8782
3375 1123
1928 2527
4117 2358
2589 1012
4262 2793
4317 2231
698 8456
7342 4334
5383 213
5564 7052
7647 1002
615 3572
2123 7715
3955 4987
1868 1157
6444 1307
7735 8393
7947 7631
8062 5675
6402 3337
7876 6478
5438 5741
8311 3887
7598 2179
8030 7399
178 6169
4293 3854
7308 6206
4158 8583
1791 8488
5787 7638
782 5750
4110 7754
2002 5304
8942 584
7195 7266
1514 1496
7486 6743
8932 1586
6913 457
2728 8784
5097 789
4208 4608
3500 7712
6566 5083
8814 3195
4931 3849
81 4573
4819 171
3104 5930
8240 4841
4236 5092
3050 1606
4286 3081
4658 7471
4613 6717
5411 6868
8009 652
2934 4590
4881 6492
2608 5002
8095 538
4169 7205
1844 1006
5345 4594
3885 3371
4352 5307
7029 6844
4054 3105
6354 136
7190 3148
2805 6145
5354 4265
2799 2082
7508 3930
5905 2951
7767 3827
211 8040
543 1454
2322 6327
6684 949
679 2078
7186 4556
4675 7380
4176 1072
309 7563
3556 8034
4264 4713
2953 5931
5041 3027
3436 669
2652 7618
3276 1370
4435 7565
1324 4647
2455 7496
1862 708
1743 1948
633 7412
3047 931
781 1621
3602 7403
8871 6856
694 8259
3209 3282
2485 5752
3420 2500
7172 5467
1435 3866
3471 6607
4942 7671
8815 8219
5138 3654
4025 1009
1807 1041
380 4558
6995 4673
3427 4884
6858 7222
705 2511
2078 660
1003 858
6397 6857
2633 3793
4709 5499
7956 78
8248 604
5058 435
1465 7634
8004 426
3115 3496
7941 533
3490 8654
7253 515
2547 6656
961 3099
4513 6881
8162 1429
145 8678
6923 7653
5657 3261
916 3348
5115 4771
813 2654
3794 200
4680 5774
932 259
7619 238
8031 5946
6433 1642
2384 7942
8249 7536
4896 7421
233 1040
1133 4830
3666 1187
721 6175
5358 1145
7666 2501
7414 1129
1472 2095
2505 3935
8132 3758
3636 8948
8274 5811
8041 1738
7 3770
2899 7465
2145 7641
1442 6588
8035 6642
3788 4310
1397 1425
1897 7338
5188 2324
4735 6791
3177 7651
1298 3067
4256 1603
5150 2778
612 225
2765 782
2858 6768
281 2960
6264 4080
5626 6337
8886 972
352 1820
3455 6442
1210 7978
5683 6050
7588 5592
6331 1850
7838 4508
3959 7229
4238 3710
6405 5153
1669 2269
7265 227
808 7214
1551 5212
2453 6198
3509 6264
5977 2718
2318 3471
2744 2553
3100 2058
5132 4018
4504 8557
3808 6608
3136 4058
6740 4454
7466 7884
634 3500
7159 4845
3444 4933
5602 6729
4710 7116
40 4232
7943 1474
2611 7450
664 2291
7435 3162
6785 6410
403 4533
5932 8603
1162 6659
4736 5862
4119 7136
5949 325
245 2685
1592 1968
6638 1464
4095 7416
716 705
5069 7602
6663 6610
7688 3250
382 1479
7229 3478
5351 8153
6609 907
2602 2421
4890 5181
394 4627
5916 1079
918 4547
1337 5664
5327 4110
5135 6071
6498 6129
8103 2352
8829 3642
2353 7057
8655 788
174 7630
5260 3390
1172 187
1927 556
3300 5716
993 635
5017 7859
3781 876
1081 3183
652 2131
3358 3040
8146 7778
8259 885
1521 5062
6543 6202
2061 8228
7032 7511
611 6886
2303 6553
6861 3552
5258 5559
1201 8082
4540 3841
7083 4246
5570 7850
6589 1171
4917 7459
5455 2528
8260 8354
4794 176
8534 7771
7853 2702
7138 3695
3418 6689
2237 11
2442 2790
6655 7321
5553 1597
8282 6950
7258 2104
3921 3651
2190 8769
2152 2113
5452 4820
6920 5818
7104 7039
4043 2174
7971 1384
1722 5780
8591 2557
8811 287
7493 4744
3923 7262
514 4458
4699 6280
8434 6657
5466 3134
1115 3414
1508 1475
847 2320
4041 7616
3628 4659
6084 6239
4351 3486
8011 5392
2212 6398
2620 1094
3919 5760
4858 4484
1135 1319
1378 6549
1860 3782
8574 5720
323 4275
5608 3417
4469 1132
4270 4498
3965 3862
2356 4412
4466 5616
384 6690
1110 4493
5513 5224
686 5316
6391 2018
4064 5213
1752 2381
8844 806
6701 7022
3294 4255
1001 4620
958 2537
1926 7394
8255 8582
4541 8602
5436 3069
2435 7370
946 3826
2197 2891
6356 2696
5779 5765
192 7642
6627 607
1742 4041
5051 1195
1792 7648
2410 2382
166 6678
7372 5625
1801 5879
1174 5899
5635 977
5814 9
2032 1118
675 39
9 7044
1672 7510
1640 6209
5547 944
3224 3983
1207 5710
1825 282
340 5458
7798 4313
5341 7574
4649 1853
7568 648
156 1121
2771 1340
772 8553
8461 3764
5076 8423
5813 7517
325 7183
8783 4070
8941 2339
8485 501
832 2544
4961 4381
7016 8495
8403 6884
2317 402
8604 4097
5171 3209
7578 8349
4951 590
228 107
8301 1359
1235 8800
4524 7987
7145 1054
8693 7105
7782 5789
7738 4335
6231 2621
1481 6634
4063 8301
806 1660
4599 108
8989 2201
5733 1405
1144 3473
5693 5663
7810 3236
2351 5704
6089 1796
431 6223
3153 8896
3118 3270
8555 7164
8984 5674
5771 37
5129 2372
1367 4235
5441 8466
3351 1553
5822 294
2939 1392
6832 2084
2219 983
6170 4542
2504 7054
7829 153
2717 3861
2248 5243
4368 1887
7013 309
6581 1998
3661 350
6038 4829
2257 6782
4568 1303
8802 4481
8135 267
1919 6199
3340 2032
1500 3276
2644 3007
7706 3507
8827 3527
6764 4939
2603 3347
6027 8633
8799 4850
2357 2040
2597 861
7763 5368
4257 1659
844 4869
2347 2089
2612 7274
4189 1705
8339 1015
8765 5318
87 1678
2760 8316
4809 1427
1849 2495
7642 8298
8961 3491
8032 57
539 5455
6983 7928
5316 2622
4669 7538
2750 6802
2333 5865
6919 1310
6603 1244
5312 8840
5669 6084
6531 155
7685 5486
3474 6719
4832 8775
455 5169
8384 6777
517 2203
5201 6359
5078 4756
520 7839
6042 8281
8057 1486
743 194
1121 773
2025 2966
1631 393
7634 2293
4397 6126
1368 7143
8338 6597
8817 7140
3210 1263
5895 94
5148 8367
825 8687
2160 1110
4648 3026
1967 7159
7116 1860
1199 580
7718 2383
7768 6194
4933 6242
1691 1543
6885 4575
4294 3255
7533 6200
4733 316
8321 2552
1959 347
6990 5589
6159 8486
8386 5501
8597 502
1994 1052
3749 1047
24 2391
6407 377
5945 2604
7646 8094
7686 1741
4975 5496
8880 3
8424 1882
978 6646
1848 3779
6608 2208
5214 732
97 1692
3019 8720
1348 1211
470 8957
8280 5369
589 3024
1568 451
5222 8907
1581 3075
269 8049
6989 6143
1296 2983
4171 1739
6874 4450
8544 4182
1322 1838
869 4880
3692 7002
5400 4000
2749 7796
7277 2259
7573 7615
5641 2764
7010 1919
5523 4075
7626 7059
7534 7893
1441 7169
2460 334
2132 1945
1011 6090
6683 7943
4385 2542
5482 893
348 8608
6872 8477
5403 4762
5322 1482
5661 5162
4889 2230
8448 2759
8180 5495
7394 5686
5087 4350
2140 1929
4303 3136
5723 6665
343 5980
2424 1280
8017 2077
7978 5728
4757 3038
1156 8811
8620 928
5139 2632
8895 6395
4650 4023
5113 3398
5046 2730
4362 6114
2014 7728
8645 3884
8016 1608
8898 7113
4939 3295
6466 6407
4663 2810
5652 7349
2382 3688
2817 1662
3852 7413
4433 4341
2471 8594
2663 1053
8778 2457
5791 3964
276 919
5124 1318
5847 1330
2684 8373
7123 7746
8492 5464
8219 4260
6591 6941
3638 2585
247 6336
7329 4631
109 1793
2315 936
1048 7935
8719 3412
4417 6954
2077 4268
3770 7779
5856 5020
4869 6655
3857 3501
7809 5719
2314 5449
5800 5990
5028 4563
11 5471
5565 811
6311 308
3562 2803
5387 5287
404 8009
4689 4398
2479 2282
3591 4755
4334 2800
3905 7211
2222 2561
4003 762
8602 8164
1942 1658
8088 1924
7517 1167
419 8303
2650 5184
2614 5779
5552 4901
5690 1941
7301 6325
5447 4568
1195 1328
6966 6788
7494 7883
4057 5568
2365 2388
7869 3833
8243 5203
2580 7590
1681 1546
3297 6251
1763 4988
5253 101
7139 963
257 8761
908 7560
5672 3839
1887 1283
8362 3567
8117 7386
2194 1822
7097 7877
2080 2322
6814 5603
6481 5545
3059 2141
4390 3123
7430 8707
6939 1017
1893 4839
6398 3186
4012 6017
4472 4243
6792 4898
2265 6643
5796 1799
6667 4078
1412 7604
4549 4885
3564 614
1117 5583
3384 3690
752 26
3290 462
3920 5064
4113 7436
3937 8335
523 8537
5792 1960
2105 2536
1888 2840
1458 6587
4729 2164
5612 854
19 3299
6412 1434
8175 1189
118 3492
4867 2977
1318 4920
5893 6386
2534 4589
175 6037
2907 7961
1585 1807
8624 1353
3901 3190
5809 6839
6380 4699
941 1901
2308 3926
2114 4207
4725 1131
1790 5782
4089 2691
4413 1856
6113 8273
7278 7077
1080 8138
1583 2676
7569 7163
7816 3959
7635 6961
2137 2298
552 5937
428 2693
7923 2592
7409 5730
7110 4445
6602 5711
8465 299
5178 7983
7726 7482
3082 1867
5506 4256
8380 8949
1647 3130
3416 5290
6912 3551
7082 5689
7060 6102
6497 257
3773 8787
5285 6453
3782 1065
8550 7980
4910 4435
2291 6879
3511 3063
729 7374
3188 2155
117 3157
7551 3065
1936 6988
8607 439
5719 4249
6320 1557
1912 4859
207 1424
6825 5194
3275 8472
6818 4688
439 5331
629 5731
3158 5548
482 7633
5574 5974
2541 7521
2492 755
6514 6862
5117 3922
7539 8019
4150 6764
7402 4276
4331 5855
5247 1389
1687 3328
8524 1677
4243 2148
824 8827
7174 8068
3299 8192
8988 4644
1856 2571
3945 4934
3497 6956
2906 8575
6440 5173
6257 2875
5100 6815
8901 8676
8099 2731
2135 7800
2094 4032
2862 8913
6545 1111
8770 7461
6710 7992
7484 4094
7684 2033
6766 8330
5305 5618
1020 3776
16 417
7566 813
6447 2310
2702 7503
6286 6799
7066 2151
7312 6481
2174 5127
3387 8438
5276 8130
2005 8973
4518 7936
6219 1526
4076 1749
6422 7611
6844 5581
3743 7555
275 4042
4071 3090
4245 5552
5973 6026
4289 7184
7542 7689
6168 6418
5068 6604
1306 3468
7828 8730
2119 8934
2976 5380
6903 7047
7506 4409
5395 3914
1748 3113
3963 3435
3074 6699
6506 8286
5536 903
7656 6559
3204 7957
2770 7158
3985 6902
2143 7707
5572 5961
5509 1285
2973 3115
8903 687
4124 8828
5170 482
3924 1831
8102 6348
5825 7736
3640 5445
7645 7793
1929 2700
75 4286
8140 5301
3390 7300
6363 2877
2955 497
5767 6469
5981 6829
8258 6136
4459 7687
7422 4704
4449 5642
4550 1534
4553 3894
7559 1274
7303 35
6505 6082
6364 6978
1490 8181
5832 7283
5917 2747
7101 7869
545 6901
8991 147
3291 7881
4634 6638
6177 6888
5042 1761
7606 4611
2335 415
2562 4031
3483 7570
2208 6915
774 8689
7571 151
3704 7501
8577 7491
6021 658
7074 7547
2564 4209
3574 4973
63 8958
4600 3119
6052 1203
1083 2848
2588 4689
6064 6688
7918 7626
3823 118
2139 8757
5853 7387
4522 5914
5183 6349
1993 5215
2378 4822
4384 8620
1132 20
4813 3363
2815 8247
5357 3058
5203 4932
3182 1021
840 1997
7665 3799
893 2079
4984 1627
6649 6304
4997 5921
524 2307
923 7350
7709 4304
8334 8560
1273 2762
6992 4690
2101 2232
7498 7433
77 3480
7671 8365
6041 4191
378 3502
6664 4969
8889 1797
4973 4922
6413 4233
8269 7161
6768 2566
2186 7093
3277 2120
8036 4049
3802 3071
7783 5955
4760 7823
6183 1940
7984 6826
2887 3416
1096 3431
115 3640
222 4903
3197 6335
4673 1845
1462 232
8678 1894
6085 746
2122 2138
2027 6542
7640 1921
7808 4679
6131 6647
7346 8916
7697 6485
5575 438
3933 2586
969 6259
3914 3298
2891 880
3676 6691
4274 258
4395 6686
1608 2635
5012 6088
8056 7673
3235 8145
2769 204
8247 6906
6361 1252
4875 7217
3352 2948
7220 431
3816 1916
3295 6396
4048 261
143 692
6443 7522
7141 6424
1353 2342
8193 3460
5603 356
8609 422
5820 3094
2131 4320
5423 6021
5092 1657
974 8490
5646 8433
6955 6977
5896 1228
3540 6151
3583 4601
2730 2123
2223 7706
1125 8170
8292 4095
7728 2904
530 7148
7063 471
4745 7384
5533 720
8393 6355
8216 6237
4633 2816
1806 6940
2535 1016
5924 3352
8933 1336
4570 7838
6721 6687
7574 7580
8418 2235
8139 3578
6972 4740
8840 7477
3170 6973
1842 938
7182 7489
7185 8223
6284 2226
6441 5889
1070 2190
1520 4297
2710 5913
2629 8870
3979 3231
776 4653
8528 3663
7812 5185
1943 4482
2595 1484
3392 3224
7219 6869
133 824
5751 8651
7891 3111
21 6855
5184 2281
6652 741
3397 5566
6915 2864
8155 5837
1379 7924
6128 8085
6969 6545
5288 5293
889 750
7628 7431
1248 6567
3940 5651
7487 2513
5716 2534
150 7376
1009 539
2808 4725
4199 823
6975 5732
5409 7460
7080 5372
2946 5951
2980 7041
4739 3539
3438 4595
4775 2047
7912 2122
3699 4702
2294 4781
4139 4356
4136 897
2089 6741
8483 1284
7827 138
1979 4448
1278 6756
7581 8850
770 7147
5368 6928
210 6283
1914 588
7940 1728
1363 137
3461 5518
4545 3499
4791 3078
4771 1939
892 589
3809 3873
8206 778
3742 5739
478 2193
8399 3476
4215 1480
5579 3475
8467 7168
6896 2545
5862 8179
6449 3153
282 5536
8856 181
778 670
6517 2897
2755 6831
6468 865
7203 1906
2856 7568
6073 336
8392 7523
134 7617
4839 2593
804 6374
6985 7958
6930 8392
6253 8439
647 4579
5914 989
6273 5339
4416 8375
1389 3968
6708 3879
7378 8725
6723 7939
496 3342
1068 8240
860 3215
3643 6707
1203 4775
1034 940
4888 7619
3469 999
3353 6763
997 8166
4624 8987
8892 8368
3058 7372
5830 4443
1811 6509
2665 1723
2281 1314
2894 1077
6984 494
8370 8389
1439 8460
6856 1081
8689 4202
7393 887
4616 3016
3410 5490
4706 1681
4415 7481
255 7488
8859 1790
7591 3823
8683 3749
7131 2503
6389 7383
4948 7441
5818 6755
3780 4328
3149 8275
1331 4849
7291 7265
6593 252
59 8526
4037 8746
6918 2327
3887 6148
6789 8609
7991 5118
5617 8017
3820 8261
1215 1733
4652 3957
5396 1786
4382 6664
2787 6853
5957 2166
1354 2094
1471 4640
2852 2945
2841 5943
3457 7318
7723 6694
2886 5567
8232 7663
2630 700
4105 4071
8578 3200
592 7601
4776 3248
684 4231
8594 3898
305 4137
7785 2039
5907 6535
249 8514
5842 2475
465 8178
1071 4019
7563 5956
1178 2765
4033 3582
316 3977
3280 2721
7244 5232
704 6138
2724 3608
4500 2397
1425 6544
6143 5413
1838 7934
6870 2595
3039 3736
5433 6878
3253 2639
5677 2953
7795 5853
7076 4107
8375 2576
814 8291
8888 3653
6561 8626
2074 3095
3317 6496
1843 2894
8756 930
5112 7425
6670 2425
441 5378
4857 4628
4967 6752
1899 7870
1446 2905
4019 729
6289 1641
5394 2206
1262 3579
4627 3729
8699 8928
4495 5941
3026 8351
5597 2777
5457 8512
4534 7801
4713 4681
7570 4480
3042 6708
2324 4163
5753 5098
8398 2182
1756 2028
7922 164
1773 6338
5430 3247
8131 7860
3036 2
5420 7788
2304 7060
7446 7329
2947 7246
1699 72
3506 2855
5249 5960
3899 6079
1931 7015
8670 5650
8184 7150
2931 8287
5066 1551
3973 7165
5739 6302
6654 6615
4112 1063
583 4270
4810 4227
6298 1462
5490 5524
6425 6875
8573 4355
1990 5214
3656 1880
8850 1186
796 7595
8940 595
3797 7613
1629 3274
7350 6983
7926 5
5840 2285
3754 838
1410 3593
3029 6987
723 2756
1623 4489
4009 3801
5643 5715
4045 4834
6774 3709
849 4593
3853 4596
8066 6942
5615 4496
8023 8938
4305 4580
5187 3944
1217 7724
4101 620
1221 1719
1782 5305
4622 1411
6459 6980
6324 2555
8148 5578
7840 3277
4691 775
6053 3542
7576 8940
8332 7960
8649 4929
6451 5895
1624 1781
1046 4962
1280 1396
3211 1837
3775 8652
3161 803
569 433
5632 5590
1824 3423
3654 7197
3128 7408
4392 1326
6294 6772
6552 1355
5578 6503
6336 8027
6533 3050
8776 2253
3479 4634
7183 953
8351 109
8985 704
1945 5386
2670 2812
344 537
2211 2178
6388 359
2408 5129
4287 4534
8498 8270
4844 5523
4040 3815
3367 2748
8250 6586
1563 7509
6002 4266
5882 8876
6209 358
1572 8069
5080 7485
1489 8972
968 2135
3308 2359
7336 6952
3382 6927
5320 3585
2095 542
3458 5613
1589 6142
2423 5123
8952 4383
5518 1055
7462 6793
8121 4942
2158 5709
6434 5266
7553 4444
7324 3546
2240 1192
4277 5138
7465 1562
1878 4582
2369 3859
261 3737
8943 3135
1976 7192
2125 5046
1907 2459
4978 3748
6632 1974
5653 5905
7475 4715
15 7257
50 6109
8905 1351
1066 5106
355 7443
6133 601
8771 6701
1555 276
6807 5626
1930 699
6741 2655
3733 5248
2354 1628
6878 1607
3143 8167
5897 2636
3525 7280
6418 8128
2216 3553
5244 6480
8619 3379
2788 2959
6020 6697
3971 8189
2093 6934
3070 5030
2323 5660
610 719
4756 8943
630 5332
6262 2117
2445 22
2488 7409
5700 8924
1649 2882
588 886
5401 7718
424 7890
5986 820
1399 4296
1236 167
162 8260
8454 2665
7651 8244
3085 2543
4337 1440
4977 6910
8325 8355
2518 2836
7478 1896
78 5468
240 902
7421 6434
2320 3885
6504 1114
5662 4385
3499 2445
4763 7972
7366 5883
6190 416
1853 3939
1974 8631
7789 4724
4717 802
2189 2563
5065 5466
8169 2594
3625 7371
1611 1632
5029 6789
710 3156
2524 7544
5951 5866
8715 1441
6735 8992
6494 2480
2594 8563
54 1258
330 5981
7317 1154
5623 2030
3819 6947
5975 3353
4754 6263
3578 3039
6013 260
4304 4765
834 1909
1321 7122
4593 6504
2391 5560
8660 7685
1823 6611
6876 5670
2113 4764
6242 8369
1387 7575
8509 1855
7313 3667
4323 4183
2430 2679
7843 1823
2731 2678
2921 873
1300 5736
784 288
3607 8266
5834 7102
7877 3307
7644 1748
4325 6092
1388 5452
919 1946
8381 6499
4517 8175
8761 6716
3439 1751
4571 5008
4556 4813
2010 3238
5962 5867
2716 3263
3101 2385
6238 5975
5545 8767
2458 4074
5443 3351
823 1249
1830 6002
5568 5944
2295 28
7670 8640
1483 6997
5698 1511
4006 4369
1242 296
48 364
7924 1925
4817 4716
7732 7149
7189 1523
572 8405
2584 6323
3056 4844
6030 3370
5674 1891
2175 740
6626 7395
1391 7787
783 3560
8944 5680
6776 66
6087 7046
8560 1137
3856 4584
3222 7526
5548 7950
7109 5669
8371 2025
1957 7014
2634 4656
4377 3877
8874 159
5928 2029
5133 2839
594 1930
310 4978
7264 5488
3988 4514
5517 934
2267 5074
188 6320
3587 2767
1913 787
2301 4401
4694 6361
274 3177
6333 6909
2117 1219
3505 2156
1890 4615
4566 2703
1477 3784
980 3381
7204 1286
5040 3679
1147 8554
7844 7767
7603 6564
6452 3848
3342 7342
2403 483
3003 1140
8841 6244
5726 6998
5385 1364
1319 7036
1390 8109
6374 1078
6835 233
6404 8573
4422 6075
3529 898
5050 5528
3406 7887
5273 4273
1010 7675
1620 1833
3033 1448
359 3520
7901 513
3108 3357
7469 5848
1892 3302
4781 5839
1245 1267
973 7005
2739 5436
7287 2837
7161 4743
2965 7470
1567 8765
1661 8728
1097 4993
8731 253
5209 7726
4921 2017
6006 7181
907 7921
4780 4546
8426 2157
5685 4055
5146 4052
5389 2265
4192 5850
126 5737
442 6167
278 4937
5654 332
4460 362
3984 1726
5925 2736
4707 2152
2446 6872
1656 3664
1818 1155
7087 2460
8951 2827
7167 992
7600 1702
1816 1204
760 8681
1393 5352
3343 3223
838 2343
3205 4152
4629 709
6522 8656
3874 2717
5361 4551
6738 4059
5488 5721
7249 7506
3605 3208
5519 1196
7758 2068
6105 2220
3873 120
6083 5526
7398 7104
6221 1847
2259 7393
4360 2746
3229 8458
5189 6715
6489 2309
1761 728
8615 1426
1040 6287
3792 3659
263 4226
4426 4630
750 6340
197 1120
6130 4057
577 7546
2704 4066
7094 389
2165 6986
33 812
4906 2911
4202 1419
4432 7827
42 743
912 7977
7057 1033
6490 1365
3717 4417
7909 1816
2685 5702
728 1003
4333 279
2242 255
8038 8857
5159 3013
3011 8165
5668 7851
6570 420
4607 6417
1817 925
3190 4167
532 6527
4768 7196
1944 3544
1932 3895
3753 1766
1197 346
7716 3916
722 619
1487 5085
6348 8139
880 1403
886 3768
8473 4474
5539 7868
8443 2666
7427 1649
2359 8753
8847 7976
4210 6288
8409 4612
5181 8848
3244 1372
8788 7435
3320 1773
1464 2054
4919 1014
7444 1535
906 273
4641 8449
4591 2433
8072 6228
981 3260
8273 7255
2836 5137
7245 4036
2338 8132
1275 1108
6660 7245
4135 4425
3675 1633
1018 3753
1600 424
4610 6734
4386 6298
354 7273
1185 8756
5106 5776
780 7160
7770 4509
3798 2409
8549 6571
8842 3945
2456 7664
5199 6583
2385 3060
3630 7577
2983 1251
1254 7364
1582 6319
3494 4635
4695 6797
1486 5082
6501 7956
5242 8509
7370 3308
5336 7911
8078 4326
8076 7830
2778 8566
2284 5858
7548 7434
2892 1516
1607 500
3784 5033
8478 5433
6599 715
1460 8177
2511 3332
1445 3225
2279 681
5619 8461
2372 4087
2942 221
4937 6217
5892 5388
8358 6963
4892 8451
8633 2680
8866 2798
4962 4086
6000 3851
6450 4891
3892 7598
3711 5463
23 4619
3832 2610
6964 5211
7197 5785
7075 7049
4000 6807
4411 3313
8188 1552
2000 6931
1357 8816
3126 3886
1467 2350
8759 5383
7867 7644
7761 2981
7048 7519
4947 8951
1069 5485
3055 5139
4528 5001
871 8361
635 8905
5738 8312
6567 6232
8100 2809
2819 8690
6529 5497
4450 4554
1377 2379
4762 7952
8460 7667
4096 8457
2734 220
4893 6123
7165 6783
3467 89
1126 4
332 8596
7593 1989
1023 7607
3004 7260
5921 4364
1616 4863
1294 1555
364 4632
7762 8717
7175 4291
2306 3096
1163 8077
6507 5582
5215 5324
3167 7033
7836 209
2493 8838
4842 7
3584 6326
476 4878
4516 2704
13 4917
5123 923
4140 2191
2871 5493
1136 8155
2840 5679
1409 1
7528 2935
7339 6353
373 1915
3473 5195
3902 4051
6942 707
136 7231
582 6949
5804 633
2491 2742
2399 2690
1166 3607
2173 2737
3078 1935
1152 5201
5817 7285
562 8372
2762 6456
5200 7417
8977 8593
8144 4252
4483 1772
6063 3650
977 3180
486 274
6184 7251
3186 5957
1789 7502
7193 125
6841 3287
5841 2440
8530 6486
7882 4825
2167 5636
8065 3715
2529 6848
4058 7087
6988 158
3822 8424
7754 6769
4141 522
6195 1710
5727 384
3746 4569
7026 2119
6477 5796
3523 2026
4911 8925
3659 8360
2974 574
6265 8076
826 6034
7053 1376
6375 4305
875 4494
741 4774
5467 450
4237 1648
8391 2649
2596 2832
2494 2653
593 8048
6604 5902
1910 3949
1767 2646
6924 8002
4603 4890
1857 6603
2646 8508
6926 8107
651 5031
3565 6038
5339 1220
2688 685
8627 1709
4258 7025
2486 3159
2099 3109
3690 2813
3771 6990
3669 7308
3837 8105
2761 1933
1845 3032
1315 7550
1297 6475
6341 2384
8051 8532
2062 467
3508 1350
8669 7790
6560 2883
1711 8519
3331 8842
6342 749
5483 1099
6746 5714
3456 990
108 6550
4301 4778
604 2580
2640 1297
5062 6733
7846 725
1027 230
6260 965
2484 7103
4038 1447
4738 8880
4471 206
7030 7009
243 2473
4458 7872
1094 909
4133 6728
6003 2618
6332 5983
4533 2210
1692 7133
4226 8581
5013 5940
1954 5409
5645 3490
8401 8255
4408 4035
3977 3562
8050 5284
6651 8809
8584 5541
7254 1096
672 3056
8700 469
8657 4160
3524 3657
4193 8971
4557 418
6940 3722
3846 7397
5906 3220
3110 481
8439 8878
6583 5454
3554 5199
8937 5223
3975 5575
5048 3775
5758 7476
4743 7674
8045 649
5268 3692
6772 2200
5280 452
8195 5891
1291 3326
8018 6409
6157 3953
4788 135
6039 4833
2037 3558
6694 2467
7022 3746
7562 7596
798 597
3849 7430
8034 8229
3898 5659
7942 8032
3016 8821
3184 1035
2075 4026
1721 2066
2040 3954
4448 683
2380 6568
3722 7206
3 1708
8440 4311
8582 2060
1963 374
4436 4061
5348 224
8976 210
3756 4806
1326 4263
346 7913
4883 1257
79 8350
4846 2834
3891 5376
5220 2175
5535 7729
966 1360
5417 612
416 891
3381 8963
8948 8161
5109 8942
8855 8752
5424 3716
2427 872
2669 654
2713 1980
6108 1000
4367 448
7496 5432
5647 5357
2781 6314
8377 6420
7987 6043
4561 7941
3981 3989
2163 6014
5157 7807
7091 4916
2570 2739
836 7821
369 7625
2721 4295
5594 1175
2853 7497
4508 2258
5861 6083
4964 3062
507 3146
567 3828
6799 2502
1826 4006
3610 3366
1921 878
6960 7698
2566 7697
4584 4512
6279 7084
2319 899
8848 376
5556 179
777 8352
2941 3756
4874 8544
5116 3335
0 6575
956 1367
5803 7019
3476 1806
335 3982
2422 1488
841 5623
7902 8180
1029 7608
3735 7589
3292 8062
5610 2378
3265 6479
3541 8991
5366 3194
5226 6070
4094 3726
2927 8399
625 1699
4880 3860
4653 5757
7117 5666
2342 4293
4151 5189
2814 6722
5365 4984
1274 3934
2171 7234
2751 4779
534 5999
3855 2726
8502 8196
508 6552
5634 7525
8561 8374
4186 83
8936 133
1720 5502
3433 6339
5446 93
1573 2915
7440 1740
874 5344
8967 3404
4288 4951
3759 3280
1744 4130
7720 7382
8270 6843
7715 634
6274 8289
8496 7016
8970 5500
6126 2741
1614 7064
6765 3120
5712 8008
5208 3573
1840 5598
6099 3813
606 3163
6757 3583
556 2248
4979 7640
4022 3880
2582 8243
2795 4324
1150 3240
2434 7581
6235 8254
5877 8441
4848 4141
6379 8462
3840 7512
3135 4956
1227 4766
6319 1476
4239 3676
93 7200
3992 5830
3486 6894
7298 7331
5752 5985
7849 8621
4290 1062
2687 4218
3090 3137
5855 6896
4380 6107
6669 4082
1595 2821
1973 90
8042 8731
5899 1498
294 6052
2510 104
1220 1745
6234 2940
3694 1461
6982 1345
1798 5515
2441 277
3893 7301
2773 2448
1918 691
7217 7880
287 1612
6330 4161
449 689
4405 786
6687 6945
1885 5722
4242 2936
2556 4548
7049 4521
6879 3319
6668 1743
7935 27
2452 6293
4255 8163
3934 1163
405 6100
484 1928
712 3606
6577 3798
2238 8680
6744 6299
3402 4710
3301 3700
1787 3088
3214 8649
7748 647
3139 6667
6075 8096
3791 3836
8779 3114
7522 1261
187 4284
8784 6530
7791 6921
641 8937
4764 105
2517 5962
5375 2219
8705 2853
3450 4362
4581 5426
4804 6376
8005 7026
5797 2751
1076 7253
6216 6850
7872 2597
5151 7592
5497 7119
4480 6247
7276 1545
460 7711
328 3570
7652 3755
8077 48
3333 8059
1948 7600
2086 2660
5991 1647
7851 7672
1523 1495
5004 5063
1494 2090
5082 8390
5027 680
1183 7578
25 3373
3747 8249
2544 4711
8104 1821
945 2784
5926 262
6544 1128
1019 8932
3027 2773
8299 2772
4576 8290
8111 7312
6625 4810
5313 1910
3960 2439
5207 7195
6043 372
4954 8005
8896 6137
6259 2262
677 7947
3465 4826
4402 5509
36 2498
7128 3834
3929 2432
4371 2686
2020 8110
3014 695
1349 655
4859 7753
2949 4405
1997 3707
5053 3316
3429 56
4165 165
7325 1893
1961 5423
4425 8022
6614 3014
6119 5253
3307 7836
7274 8300
4523 4714
6016 4562
8174 5661
6156 8382
6250 5803
322 8063
6078 3434
8265 2165
702 7734
6036 5403
3677 8812
1884 7932
8442 4952
2029 5557
8438 3611
1934 1636
3726 1942
3845 6805
4389 5572
4185 4750
6641 1917
6165 6449
3408 7998
756 3430
8631 8269
2720 7227
2296 3525
2944 8766
5110 733
2345 877
6647 5373
7518 3445
7260 7071
2857 3751
7443 7864
1917 6651
3099 7131
7059 6562
5838 4883
4935 3597
5271 8610
1266 4314
7717 3788
7273 2651
7194 5156
7654 5355
7850 4418
6633 5734
6120 4112
2708 2722
8704 2294
4364 870
1697 4881
4324 8591
2978 2087
3842 7623
4187 5462
6910 7182
6786 3890
6144 3418
8911 8199
7724 1757
1169 4453
5302 2728
8064 7070
494 4784
7968 1149
4015 226
4784 7303
2569 1034
6886 4964
2839 4096
2028 549
1747 399
7092 8804
3226 4777
3715 4875
1139 5309
3326 8711
2421 1371
7955 6525
7358 8683
1030 7535
2913 6639
6054 3408
8533 1309
2124 5742
6378 3264
129 3005
3006 4741
5927 5672
360 7442
7821 289
49 2895
5686 2909
2666 8721
565 7549
6797 4541
73 386
7927 2229
4655 3035
3552 5010
7858 8415
436 1689
7311 8278
2100 6653
2667 5180
563 2370
4941 5442
992 5602
8019 4794
5277 6618
5885 5398
8119 4377
4578 8232
4168 646
5740 1089
5678 7296
5014 4469
6055 456
2297 1068
5849 1676
3030 1512
1725 772
172 2550
8587 1518
3998 6852
8090 4014
1267 3150
8221 6277
4916 6620
6644 4438
8340 8453
2068 5836
701 4287
8918 6861
4036 3864
1269 4930
3626 5078
8973 6430
5486 6385
6713 1595
7482 2181
5929 1141
7294 6537
1965 6300
6283 2360
481 2879
6888 425
4575 4621
7377 6144
5223 4712
2975 5653
6917 8230
3641 651
885 8999
2834 6436
3841 2102
4062 8409
8586 2344
7125 1166
8999 4790
1710 8215
5334 3904
6636 8217
1045 2468
1202 6598
6875 7297
5872 1966
816 4151
1073 3059
8479 8914
1575 970
7250 2091
4502 7876
6585 5939
2236 2562
8225 1298
3520 5565
6800 6174
8089 6412
3550 7561
2873 5751
5762 674
5724 1294
374 7006
3869 2650
3948 6111
927 5256
1361 7176
2880 388
7691 6238
5319 8463
5748 5090
3695 975
3637 617
5650 7566
1004 1630
4626 2083
4444 5556
1260 5353
8519 1791
1618 302
68 7138
7390 8468
3679 6455
4595 2811
1253 2870
2865 8675
158 345
1151 5163
1415 5897
5128 4749
2109 7808
5007 3515
8797 5529
7450 3265
703 1956
5549 7292
6690 2116
2231 6561
1213 1776
2469 2575
6959 2115
817 7587
170 2824
3273 3079
1430 4415
469 6001
7471 6759
2573 2980
2936 1400
3380 4754
2813 8070
4525 8802
1447 5150
5989 3457
3991 5918
3362 6916
7879 2687
3939 1655
6665 2922
5988 212
7468 8212
2864 4851
6347 6035
5282 3829
3817 6891
3639 7528
746 7994
130 6204
4486 2547
7678 2075
119 5571
5522 2558
1996 7693
1794 5241
2766 46
8308 5298
6214 114
7239 3391
3712 4748
1749 4464
8158 2185
5741 1170
5307 6158
6187 792
8980 4617
1058 5901
2878 3940
1682 4476
4322 833
5077 1483
2261 6147
1164 5230
5911 2375
253 6128
8246 8635
692 3646
5449 4886
3338 8750
4137 1787
4822 8541
6090 1592
8313 6462
5699 6069
2681 8873
3325 1571
546 8227
7261 8471
8580 6566
1577 3440
7234 7763
3835 3375
2884 7294
2908 4117
879 5381
6031 8754
6317 1139
3877 8039
6712 3179
7529 6289
2649 913
7323 5906
6472 441
5658 2211
1872 3074
2286 1422
2483 547
472 1382
1947 1226
8251 835
8674 4913
4442 8691
4899 4181
4372 761
2519 7866
6207 6536
5107 2051
7148 7874
4097 800
1255 3831
6830 7356
628 1049
4393 5647
4387 3438
1706 6631
8432 4217
2386 3483
3848 8638
4350 6163
1340 6771
3907 8182
1834 5972
5702 667
2225 5285
4299 2189
5122 4526
2070 7964
6929 1500
4086 8875
5480 7614
6275 4139
1038 1872
6028 4406
7051 3064
7126 7645
5352 8030
8962 8426
7860 7298
4690 3121
8667 8142
3234 1507
2889 706
6210 1064
3175 8493
1012 3844
234 875
5064 149
7310 5790
1054 4836
8134 5040
894 7007
7834 7455
7187 7252
5186 7098
6222 3301
300 7784
929 1840
1527 643
2527 6095
2233 3089
7072 2330
7920 6072
5732 6674
2379 1995
8314 6179
3282 12
8822 6488
2130 6731
2924 6883
2387 7662
2996 449
5489 4179
4131 6056
3913 5997
1031 2469
5016 8321
7546 1573
811 4793
3589 1537
7211 1905
5091 3771
8079 5973
739 530
8795 7856
7796 5533
3344 7537
2960 7572
2508 6342
6192 4974
7884 644
4011 6681
6619 2186
3243 479
5609 4953
5869 5093
2355 4063
2290 5890
2895 7818
1644 3878
5059 5676
1205 1046
2758 6150
4958 1644
4686 1902
6124 4025
5425 7419
4870 1937
8027 8042
7275 2668
8395 5617
648 771
4625 890
779 8585
3031 577
6461 3875
5836 4264
5596 5250
5532 5508
5251 5035
1382 3616
4667 86
1733 5713
6698 4081
6871 5644
2800 6036
4914 7099
8185 7379
3449 5402
3386 7809
6308 6438
1671 3322
1237 2001
8086 8442
4767 6506
3008 4219
8025 3675
6164 8976
2579 8903
5775 730
7297 1695
6101 7583
2008 5874
4365 6616
2022 8885
8741 5926
5379 305
7525 4408
3114 4925
379 7324
82 4389
2481 3355
4862 1735
3681 3696
5505 5870
3952 8592
5660 8211
2930 7230
6345 1293
5675 2015
4468 8100
5152 7457
8239 1525
4609 4729
1287 5708
4244 4588
3786 5912
6103 77
5938 5325
7675 1083
7153 6132
8333 5158
6353 527
4116 4121
4983 6718
7196 781
5172 4838
962 1069
1734 6159
4379 8531
8964 186
4501 3812
5530 134
5794 8064
2609 1629
1839 785
896 8771
2371 3842
7967 2572
2278 5904
1455 6367
6029 2967
8696 4189
800 6767
1625 1510
917 4658
6568 2830
3227 323
1587 7100
730 4650
3137 8226
5140 5896
5421 4705
3146 4864
7246 5832
3518 5021
4081 5060
7577 7250
4772 1531
4755 7242
2647 390
8469 5147
3304 6630
2625 4085
5475 4865
6938 2260
32 5746
1598 3509
6606 8889
337 3641
3560 7448
7998 4543
1249 3245
2809 6833
4631 505
4748 6975
6826 1098
5461 2316
3618 1858
7178 1825
4723 1159
8106 7198
2737 437
6377 825
948 2233
3281 6484
4918 7805
8714 3143
8930 7825
4273 2283
3651 4900
5584 3703
3616 7965
2847 6377
334 1066
311 4936
3233 763
3221 5507
7389 4199
3897 7075
1846 5059
5656 1588
7062 536
396 7692
8098 8334
4366 5407
3012 7848
5177 4344
2777 3773
4478 1090
3076 7833
5311 6548
4430 1234
3911 2799
391 1544
4310 1715
950 8016
8636 6465
5580 3458
308 1276
7753 6724
6344 3708
2560 2514
3718 6779
4548 1583
4214 5448
4924 5969
8107 1494
2509 8814
3127 4519
6520 2510
7114 1173
2497 1112
3383 7996
3987 1470
8873 1890
740 712
3993 5061
3023 5976
5920 6774
7661 3376
1539 7981
4030 266
8044 8865
8449 8595
935 1952
8096 7269
4519 4122
5992 1270
3009 804
7713 3230
3007 2732
6754 4076
3996 2487
1635 2289
4412 1395
5213 8220
2822 1290
2383 4758
260 731
1488 1332
2539 478
6062 8655
5451 5671
338 4274
3553 3790
5998 8859
5851 4154
6974 798
4473 5868
5390 1057
1282 971
4181 4531
839 1582
7305 626
868 2027
2136 6825
6291 4007
3495 7332
251 2221
2393 6373
8724 1707
7898 5260
7708 7622
7871 8185
7565 3129
8916 7473
1593 2846
5021 6494
2178 7975
8070 6971
8923 5857
2827 65
4580 320
5622 5928
2328 1239
7411 211
4849 8694
4824 2706
3678 5631
1211 4366
1924 4591
3095 2975
6572 7727
458 6693
6718 1923
5503 8659
737 6706
4671 4513
643 4698
2001 7030
1161 7027
3953 2069
2321 4421
8862 2367
8133 6059
3284 4194
5512 4147
8968 3323
3255 7040
219 3580
6864 3340
2250 429
7769 5051
6828 6702
2172 5406
5640 6877
1602 6572
1922 3998
4403 7713
7913 5440
1304 295
2419 7177
2923 2671
324 3068
7579 8642
5590 6081
1604 2712
2350 6474
1757 8617
3466 5039
8893 8429
4668 8818
2673 6926
7750 2410
3424 3000
1781 3221
1670 3840
2804 6946
8794 5226
6401 3166
7384 2074
7242 3846
7380 2889
6646 2476
3766 4024
5211 4044
3068 3843
3604 172
1731 5820
5978 8688
2064 4204
8203 4893
8671 6352
5631 4479
6502 8121
7002 7780
3683 1445
4747 822
1188 4473
6831 3008
1906 7243
8419 7769
8711 8798
8726 1934
8463 2825
1750 1548
4073 1683
353 8716
7403 6421
6009 6058
8306 4101
2428 8559
1312 6156
4034 5882
1804 465
5819 7857
2763 3400
5576 4520
3865 6146
7192 8785
7171 1213
6728 4261
5356 3589
6246 6692
4457 2689
8252 6098
6329 2048
7179 205
3650 5300
6756 7569
5025 1568
6576 4178
591 8611
3120 1873
789 6863
3142 7361
3925 1109
8751 3044
475 1296
5755 5197
8480 955
284 1468
103 554
8187 5954
3411 6215
8176 8397
7544 2426
2776 7931
3218 4011
6559 8440
2343 939
8285 3899
2200 912
8001 6047
2150 2313
125 927
8192 5255
7181 8436
2092 3960
6696 7756
3138 4895
3668 5759
6512 540
3051 152
1698 1764
2021 1279
1037 8644
3440 6761
8153 442
2166 7986
7262 6740
2992 3477
7550 2121
69 6578
8652 6696
6877 5190
5212 4753
2084 2118
8658 1197
6811 3001
3430 5022
5030 7666
5515 7028
4909 639
1525 5183
1609 4213
6978 6636
2373 6979
7681 5405
2972 3310
7658 7999
1535 5330
2967 6310
689 906
4588 2416
4020 2328
8136 5354
5278 7178
1739 7121
1283 2564
2674 2519
2600 5207
7433 6344
6523 4054
2725 6787
1093 1126
1911 3057
2046 4996
3488 8830
3644 4687
127 1201
829 5516
7839 8277
1808 1243
1436 1800
4 7677
7347 1439
812 5209
1060 436
5912 4976
3575 1250
6453 24
8957 6898
3038 3540
6004 6074
888 3456
1372 2386
2796 567
940 2441
2825 54
8740 6650
7504 484
4265 7973
1938 2698
1502 4525
1433 3346
6059 7637
2503 4004
7699 5932
898 7988
5745 2606
2592 7966
1279 5280
3580 4368
4731 3048
8897 2202
4643 5148
6455 8198
7727 5967
2586 1819
7558 4660
317 5491
3889 5593
5 1513
2273 1233
674 1305
3671 2000
85 8797
2767 8492
1208 7081
1606 2105
1559 2714
6233 7396
4617 6985
6237 7402
506 6551
8647 6493
8763 7097
7415 784
2368 191
4718 1818
2523 1255
3428 6644
1109 1836
1946 7914
5228 474
6483 6108
3729 7045
7112 6773
3790 6394
6196 5591
3356 263
7637 8448
5816 7472
2087 2374
1302 2806
399 1223
1867 3825
7236 5124
3079 7627
1277 4347
1187 7418
6869 3605
6486 2463
6793 3429
1800 4523
3611 8238
8706 1388
4836 4994
214 3386
5778 6832
67 268
8883 1050
6963 8187
1847 8507
3081 7310
2199 6751
913 3168
4031 192
2332 3999
5904 642
6519 7446
877 6185
8690 4686
6513 3278
8093 3320
5963 2849
7921 8704
1751 4761
2920 8862
678 379
3536 5822
707 496
3586 5815
1829 4670
4766 193
5224 5104
1085 8855
3028 4149
4218 6113
1259 4224
3231 7886
5427 4529
6096 7354
6958 4102
2638 3701
4752 3305
7241 1528
2954 6602
3150 4959
154 3522
5437 8515
4741 4289
2058 6272
3716 343
2118 2581
2885 5847
6965 7660
7674 5196
925 8993
3930 857
7354 1056
4008 1938
4376 8538
3769 140
3442 3202
3245 2297
8437 6613
4108 248
6287 5036
7765 4876
4232 8833
6562 3702
4394 5748
268 1161
6471 5584
8616 3396
8130 8152
7320 2296
6137 5056
8490 2560
7540 6500
7775 5310
3672 2890
95 5401
699 8376
6771 1153
7454 7606
5703 7953
4423 5695
8695 8871
5630 2634
883 5461
6370 3303
2035 6030
3915 0
8022 2419
8614 613
4282 7478
7089 6101
299 8712
996 4643
5742 2335
979 2389
4645 908
5023 5513
6132 7295
4183 2795
2170 4958
3725 4892
653 3571
2711 218
6267 521
8523 816
7520 8650
5020 4345
2201 2548
2018 1777
5734 160
1268 545
5248 8206
8271 2278
670 5391
7977 2613
7251 5725
6612 4303
6018 5420
142 8867
6476 6016
6484 7591
6761 3467
6921 2277
2797 3766
4231 6140
2507 7337
4520 4140
5757 7714
3491 770
1827 4807
7714 1373
1864 698
1017 4957
1983 5198
2255 1256
7223 6593
4682 5764
3833 2607
6415 7984
3603 3781
7865 4701
6166 3454
2103 4808
8698 18
8342 6989
2191 4598
4451 6322
5015 5612
6672 2110
1576 866
5718 7061
6840 2209
7995 5077
3492 2876
2550 4250
4573 2815
163 5833
7630 4592
6310 4719
1571 2013
2679 3257
7557 3956
7353 5360
1796 8671
1336 7722
246 721
7391 8186
5821 1694
8055 1954
4833 5052
7731 5915
2812 2866
4990 5315
2545 3037
6808 6307
4418 2763
8453 1892
3866 7398
1584 7355
248 3649
3043 6964
6726 3610
5705 7783
6898 4578
3189 5193
5918 560
4660 8156
5526 5655
121 5206
111 3791
7452 8921
8218 5297
6277 2180
1526 3061
7616 8803
3468 2985
2645 4915
2500 8647
7216 4637
3261 7073
7021 918
5696 8820
1079 8264
8908 8395
5494 1060
2701 6860
6463 3731
5456 4747
1160 2497
3522 7873
6781 3237
467 8497
5571 2073
5854 8902
6847 4050
2147 2306
5687 8362
3388 1180
7149 6362
7206 1722
8872 3911
8792 6039
2179 1769
2325 2992
8793 1414
661 8452
4879 4907
6127 2637
367 5607
4134 1073
2998 6528
2377 1151
8385 7037
6410 2158
4712 8168
1831 7106
8318 3164
6307 7241
6400 8233
7692 3789
3359 4586
2896 7963
8600 8455
4509 526
2016 2930
7511 3219
6138 662
3066 6331
6579 5204
862 5998
6017 3087
1193 5172
4400 3349
1129 2662
4719 7849
1063 6627
5429 5019
3213 3853
4023 8825
4866 1349
2593 5102
4927 1227
3069 8933
5521 1669
1532 2351
8546 5917
6025 7162
5591 4280
6037 6824
7376 6281
6739 7317
474 4555
6829 2125
5915 557
7743 6994
4314 2107
387 8909
7302 1428
5198 1706
4156 1690
8163 5289
1802 2249
3599 3658
801 4222
2468 6076
8279 6676
312 5553
8710 6517
7893 4894
8592 6673
6956 5443
8938 8547
7240 8702
8013 550
3223 2486
6500 2551
1958 1301
5883 8356
3719 1914
1673 1958
2065 421
561 6009
7969 1481
709 8854
5175 5888
1229 4626
8635 7287
8204 3780
1036 3687
8129 4577
7516 8718
2482 1936
2112 14
2969 7905
7701 5881
4348 6468
4374 5727
3895 4685
4028 4732
5871 4470
4646 4253
3052 2303
2432 8295
8925 3557
6106 5131
6524 129
7755 5421
2141 4053
4799 2059
100 7275
3510 8467
259 7658
7575 5086
4361 2314
7000 5244
7431 1687
307 4963
7620 6570
5909 3128
7704 2862
450 6064
5636 1587
6944 5965
1276 5306
1880 6189
5555 3555
4972 283
6937 831
4316 1335
6778 520
1874 4503
6631 4283
6010 5367
2869 2044
5567 3633
363 7647
4452 801
7164 4721
1141 7249
4769 1467
3168 5251
1374 710
4562 3023
8971 5887
2722 6695
6140 541
2398 2841
1443 2921
8755 6312
7822 7629
2329 4180
4872 1458
1738 7735
2465 2086
3600 2061
3684 7375
2176 6619
7292 3739
2832 3893
492 979
1553 5179
2821 1843
531 1604
6077 6122
4714 3907
8677 4655
8191 592
2480 3660
538 1437
1861 7902
3512 6958
8173 3244
8484 6823
8708 4955
7596 8026
5720 4358
8347 7069
2530 3479
1970 7377
3861 7772
930 4639
4569 5216
6893 1061
7845 405
5233 270
8576 6995
7793 4868
2902 2965
2196 7358
4796 4511
454 3910
8730 7917
2227 4346
4530 2008
8396 4642
4225 8213
1556 8961
5785 5707
7599 2099
1964 6876
5711 7359
3176 1436
4537 8663
53 7079
177 1862
2782 5794
8168 7896
863 6682
2624 310
505 2402
8331 7794
3834 8890
3171 7021
5651 5773
6396 2245
2610 5227
5067 1713
7813 8565
5931 7074
5884 8288
1417 5555
983 8570
6239 3259
8838 5237
3632 8410
3369 6243
6742 4279
2128 6794
2390 201
6386 5117
3103 5125
3828 5845
6008 1763
6204 2507
1828 7862
942 5384
2794 624
6136 3661
4636 2368
7682 6635
5328 1115
8890 3684
6891 3203
1243 2533
3415 7970
2966 5504
7270 7264
6892 2353
383 8216
6431 3974
7047 4566
1665 1051
4224 1158
1299 7315
430 6920
1056 251
2235 5233
802 203
6399 5429
1392 4431
7636 5621
7744 4390
8208 3596
587 8856
3762 4636
4638 6080
4930 937
7710 126
2302 4317
6215 1529
5689 8886
2402 716
1047 6993
4328 6015
6093 7802
8824 4835
3417 5408
1603 2427
7608 4272
1909 6864
65 3317
1449 5166
6730 3937
6198 841
6135 7188
2866 7076
4664 2789
7929 1521
8092 328
157 8669
734 7812
2433 3636
2154 8304
1610 121
6151 8047
8517 8706
8981 375
5167 6589
8931 7919
1813 8744
8149 904
3241 6547
7044 1779
8138 8184
4434 4977
4184 1602
2916 5252
6894 5011
2905 3181
5194 3950
8757 7095
4884 6662
5766 8574
5508 6029
5413 8841
2283 5605
4153 249
8566 2982
7930 3117
8725 3786
4370 5856
468 1288
4559 3334
3328 6379
559 3772
4932 2928
1605 565
7826 1206
37 6671
8834 2198
4547 3199
5073 8225
4589 5126
6729 2796
853 2276
6125 8336
5886 3811
851 1570
51 5772
7936 7573
4194 5371
6868 2818
1552 7513
3489 2451
6605 300
6999 8118
1240 575
5614 516
8664 6125
1104 124
8694 8106
5096 6622
286 6515
8672 5191
499 7609
7737 7146
1366 7875
4261 3051
631 2337
1485 5859
4281 6182
5493 2750
7488 3446
1271 7680
2120 1957
1903 2356
6580 3284
3259 2872
7586 8692
8008 7438
6044 5994
6967 5656
6148 7427
3989 2663
2606 8012
2854 600
7349 2520
3598 1489
8701 3436
6553 5261
8919 4241
3688 6841
1975 5733
1966 2699
1411 3972
4223 2355
1685 2408
7401 4544
6011 4624
1951 1210
4172 8400
217 8576
4499 1013
2098 7593
876 7291
5664 4609
1182 7108
6787 675
4497 5604
1358 996
2715 2020
6296 6680
5729 1631
1664 2917
3063 4392
4855 7586
2395 6652
8234 4316
7830 1577
3890 92
5774 68
2418 5186
5997 6913
2394 8050
8512 665
786 2933
8876 87
8010 8589
1320 6432
8513 4118
5777 1670
1594 8637
1223 797
1356 5379
7018 6334
8621 6534
8762 285
7268 7345
555 3362
8427 5257
4971 4854
5039 5639
7373 8945
7776 734
6023 6538
6747 5087
292 5813
1112 1794
1437 1028
6033 1600
7035 280
3092 2672
6802 7363
1127 4281
3460 8979
4196 8970
5948 340
3958 1652
4521 3986
3141 5103
3496 6867
8021 5934
7676 6357
3532 1380
609 8777
3201 5988
6079 6253
6111 7454
8750 543
767 5544
8091 6754
8935 6024
4419 2340
3240 8274
5933 2907
6154 5006
4565 1452
6350 3251
4083 1903
6153 8926
2429 8476
7231 693
43 284
7667 1524
818 3189
2883 3566
3738 2817
598 4799
736 5996
3548 3917
975 3526
815 3867
4711 4135
6161 4896
6821 4788
7449 5456
1427 1835
8738 742
3609 4540
6243 3498
1145 6254
8291 8006
7604 4717
5474 5473
161 7373
3862 6520
5919 6315
1530 8116
1459 8210
5477 4966
4147 2570
1469 3847
168 2878
2552 3034
8618 764
8639 3449
2331 3420
1290 5132
5043 8849
6535 8892
1519 7124
277 4240
3967 4258
8934 5003
8622 5351
8747 3433
4993 4683
495 5787
8114 7840
8200 5800
4240 1883
3983 7091
1308 6817
4455 6416
8472 7360
2477 4378
2918 1869
5193 4234
1896 1977
215 926
2981 7742
2280 2781
2149 2187
3514 4145
1157 7032
1586 1023
4604 5317
1013 8598
7307 3171
4845 7207
6462 7761
2438 3992
6268 7676
2660 8967
5943 6713
1175 4318
2783 1406
6951 7449
5346 2769
8558 477
7497 8920
2559 3010
512 7330
3477 1667
2935 4769
4792 115
8833 2007
706 4751
1557 718
1497 404
7146 6387
3278 6464
2830 1075
4490 1865
3701 5281
2798 3102
7990 2590
3155 3868
